200
7
48.448496 -84.696743 -21.890752
51.494213 -82.550043 -23.104900
62.077477 -69.461611 -36.352048
59.849545 -66.038015 -45.354300
41.817257 -70.077095 -57.797212
29.206374 -84.484480 -44.825889
30.486859 -87.230571 -38.227986
6
2.719082 -93.281212 35.933580
6.207642 -96.052296 27.118657
-10.396169 -98.873447 10.768526
-28.031653 -95.082645 13.172587
-28.905863 -94.728739 13.817275
-7.082124 -91.967863 38.623254
6
93.920380 30.216075 16.308006
95.478029 29.511251 -3.609984
96.128152 25.737583 -9.846586
97.977399 15.848056 -12.217547
99.881694 3.459698 3.417275
94.876007 26.080656 17.842159
7
-57.429231 -2.068602 -81.838893
-70.462919 -6.120674 -70.693100
-73.279336 -17.849722 -65.662214
-70.725773 -30.783413 -63.641548
-70.317579 -31.158007 -63.911006
-67.391409 -31.288029 -66.928748
-56.865052 -22.765430 -79.044931
5
49.347784 8.985619 86.510432
10.354606 -5.235341 99.324586
1.800938 9.020458 99.576041
12.785981 19.678343 97.207415
51.318100 16.425573 84.241635
6
-10.405378 98.519437 13.625291
-12.890300 97.816865 16.300343
-37.897421 92.405613 4.998820
-36.361783 93.135020 -1.920601
-27.899741 95.175056 -12.779405
-11.116517 99.108759 -7.340087
5
-57.875596 38.150747 72.075904
-64.597700 35.678601 67.484625
-67.695881 55.887514 47.894190
-56.218059 63.217216 53.320854
-45.016895 63.195222 63.085997
5
49.347784 8.985619 86.510432
51.068082 -15.701037 84.531227
30.130222 -22.685810 92.614922
12.994701 -15.778924 97.888525
10.354606 -5.235341 99.324586
7
-18.270595 -75.939421 -62.445093
-23.415745 -74.535385 -62.419383
-41.119528 -80.152139 -43.414502
-28.187350 -89.953582 -33.374037
-16.276986 -93.480901 -31.565501
-13.909380 -92.604800 -35.083902
-8.930972 -86.121037 -50.034035
7
32.117384 -94.221785 9.525167
30.471278 -94.762062 9.573550
6.207642 -96.052296 27.118657
2.719082 -93.281212 35.933580
18.898045 -86.307029 46.839734
19.299040 -86.336678 46.621081
32.631770 -89.584298 30.163241
6
-86.795756 -18.185518 46.214540
-91.375276 -2.117840 40.571835
-88.567051 6.609711 45.958559
-81.143348 5.408889 58.193650
-76.426630 -9.488296 63.788263
-77.620437 -25.674737 57.583640
4
37.169749 24.668773 -89.497829
26.324794 42.661785 -86.527322
3.056984 44.076154 -89.710354
11.759504 21.641000 -96.919457
6
-37.201576 -44.547657 -81.434323
-43.273878 -46.213215 -77.406138
-48.366018 -61.558607 -62.219500
-47.724656 -62.377624 -61.898217
-29.115451 -66.256612 -69.009795
-21.231881 -48.517645 -84.824792
5
-56.865052 -22.765430 -79.044931
-67.391409 -31.288029 -66.928748
-43.273878 -46.213215 -77.406138
-37.201576 -44.547657 -81.434323
-44.299891 -23.112947 -86.621656
7
-4.012765 64.316072 76.467906
-5.898740 62.367183 77.945746
-20.238598 56.946926 79.670865
-37.299681 60.171418 70.626725
-42.047860 63.816360 64.493796
-40.451638 65.860204 63.451545
-9.361352 83.286750 54.549816
6
67.682823 -73.597253 -1.574743
65.455850 -75.427911 5.114865
79.193689 -55.398197 25.678773
80.946899 -53.779601 23.565950
81.209983 -58.314000 -2.101447
78.406314 -61.763466 -6.141998
7
34.596364 -69.433626 63.103591
37.614858 -72.244890 58.015501
36.503517 -77.235407 51.982547
19.299040 -86.336678 46.621081
18.898045 -86.307029 46.839734
17.163705 -84.526490 50.603160
27.223050 -72.498949 63.267749
5
-27.899741 95.175056 -12.779405
-36.361783 93.135020 -1.920601
-48.809537 84.527096 -21.743945
-43.362522 85.705449 -27.825667
-25.769096 93.918662 -22.698868
7
80.567973 1.159561 -59.223789
81.809655 29.659550 -49.269580
81.604853 29.871737 -49.480576
75.044691 30.844302 -58.454455
67.748160 16.123300 -71.765075
67.757315 10.268986 -72.825093
75.084606 -0.846305 -66.042302
7
88.622770 -31.463928 -34.000381
89.073422 -33.983608 -30.183437
93.585614 -33.216315 -11.764745
94.419714 -31.601816 -9.286699
98.779916 -15.539487 1.025901
97.440294 1.093412 -22.454255
91.950439 -8.428256 -38.393766
4
-45.692499 67.441759 -57.998316
-55.163070 60.300878 -57.626728
-52.720186 51.406743 -67.660393
-35.419400 57.390872 -73.835994
5
54.760231 70.661060 44.814415
30.759401 83.170187 46.223147
28.861979 91.499545 28.192542
55.165436 83.040387 7.814652
59.064434 79.986820 10.653697
5
41.241375 41.876540 80.904291
20.699085 35.568251 91.139714
14.900635 43.540245 88.781857
17.319175 55.572459 81.312656
33.976955 56.672593 75.058535
4
6.163676 97.318574 -22.160870
5.248795 93.932523 -33.898839
13.136966 89.618844 -42.377858
25.688445 92.706531 -27.305730
5
-94.325666 22.735997 -24.202130
-93.398113 29.513321 -20.143393
-93.538798 32.734988 13.375868
-93.198887 30.711440 19.255517
-99.726626 7.386388 -0.203491
5
-99.803225 6.261864 0.324635
-99.726626 7.386388 -0.203491
-93.198887 30.711440 19.255517
-92.994553 30.744518 20.168977
-97.070825 -0.621268 24.018095
5
17.433836 65.825843 -73.232641
1.425501 76.812351 -64.014300
-1.209190 76.028464 -64.947752
-6.470952 60.174469 -79.606281
-2.686198 54.003872 -84.121140
6
-6.309682 -61.964001 78.234586
9.236950 -62.273489 77.696147
13.319631 -64.954054 74.856919
12.902767 -68.615953 71.591687
2.510621 -78.075325 62.433488
-15.077032 -69.102706 70.692992
7
20.142550 95.641913 21.140059
28.861979 91.499545 28.192542
30.759401 83.170187 46.223147
22.095420 82.695916 51.702784
-6.294404 88.273537 46.563539
-8.760842 90.519388 41.587114
-8.644473 90.784190 41.030525
4
-92.152797 33.433606 -19.749834
-86.468832 50.225095 0.762204
-93.538798 32.734988 13.375868
-93.398113 29.513321 -20.143393
7
11.296713 -75.418197 -64.687555
36.937734 -67.197830 -64.187658
36.839445 -54.468092 -75.339779
22.881282 -43.609656 -87.032435
19.019679 -42.357094 -88.567084
0.782837 -55.426943 -83.230050
1.801148 -65.393614 -75.633532
6
-47.367533 31.177988 -82.366558
-59.529263 36.795093 -71.431001
-75.976163 29.126757 -58.131357
-78.404621 24.655579 -56.963302
-75.427656 18.231112 -63.073729
-58.774107 9.681237 -80.323583
5
50.250100 86.076982 -8.104352
52.641503 84.928617 4.000267
22.665638 97.294165 4.484903
18.382302 98.226509 -3.693763
26.427925 95.384149 -14.262852
5
-25.768876 88.066728 39.751938
-34.789633 83.405273 42.816374
-50.094165 78.496696 36.453303
-51.623295 79.917136 30.794266
-45.029287 87.970416 15.282974
9
59.064434 79.986820 10.653697
55.165436 83.040387 7.814652
52.641503 84.928617 4.000267
50.250100 86.076982 -8.104352
50.179724 81.438702 -29.150183
71.576396 67.682778 -17.200613
77.646145 62.920188 -3.482250
77.637040 62.934002 -3.435338
69.778595 71.345661 6.383121
5
21.695395 71.472970 66.490033
33.827102 59.676982 72.762525
33.976955 56.672593 75.058535
17.319175 55.572459 81.312656
1.997484 64.740774 76.188203
7
37.770216 60.645671 -69.967946
51.010806 51.465713 -68.914281
58.965626 48.308682 -64.725005
67.331843 56.051040 -48.215183
67.599011 58.729734 -44.510584
47.965291 79.202656 -37.765993
44.859547 78.892400 -41.995361
6
26.385101 -56.653090 78.065702
36.730625 -64.449753 67.060350
34.596364 -69.433626 63.103591
27.223050 -72.498949 63.267749
12.902767 -68.615953 71.591687
13.319631 -64.954054 74.856919
5
-34.173310 -92.512752 16.540123
-60.295066 -77.099825 20.496878
-64.734488 -68.846627 32.704556
-42.052901 -76.127409 49.357584
-35.598613 -85.209302 38.368133
7
-70.317579 -31.158007 -63.911006
-70.725773 -30.783413 -63.641548
-72.594112 -30.803417 -61.491824
-82.479708 -42.227746 -37.602066
-75.123231 -61.727846 -23.370350
-70.230621 -65.232793 -28.501624
-63.735961 -53.244518 -55.702321
8
73.788133 21.713951 63.904739
82.337507 38.076997 42.079415
89.994302 37.494926 22.252105
91.589206 35.389298 18.947692
93.920380 30.216075 16.308006
94.876007 26.080656 17.842159
93.521282 2.942768 35.286114
79.748127 9.001746 59.659071
8
42.533981 11.641806 -89.751484
37.901452 24.118969 -89.340670
37.870963 24.160528 -89.342370
37.169749 24.668773 -89.497829
11.759504 21.641000 -96.919457
6.883955 14.581191 -98.691438
35.073742 -4.745194 -93.527086
37.048486 -3.569997 -92.815219
6
-10.923732 -87.276254 47.576544
2.730940 -78.821687 61.479132
17.163705 -84.526490 50.603160
18.898045 -86.307029 46.839734
2.719082 -93.281212 35.933580
-7.082124 -91.967863 38.623254
8
-62.863401 -71.687057 -30.152257
-70.230621 -65.232793 -28.501624
-75.123231 -61.727846 -23.370350
-77.470497 -60.845039 -17.210559
-75.865320 -64.823918 -6.504832
-67.968950 -73.315727 2.241868
-46.126734 -88.401202 -7.586292
-46.156003 -88.327036 -8.243675
5
6.164004 -99.809833 0.047683
-0.427026 -97.989948 -19.944616
-13.892962 -95.197916 -27.282640
-28.031653 -95.082645 13.172587
-10.396169 -98.873447 10.768526
5
30.130222 -22.685810 92.614922
51.068082 -15.701037 84.531227
62.088310 -22.856145 74.984254
41.336394 -44.615740 79.377190
34.623395 -44.064879 82.822141
8
84.671545 -48.128439 22.680010
80.946899 -53.779601 23.565950
79.193689 -55.398197 25.678773
78.880914 -55.599915 26.200209
76.755591 -55.733110 31.660696
78.290867 -37.794020 49.418136
81.565565 -28.208986 50.510511
87.375960 -25.581646 41.364489
6
78.880914 -55.599915 26.200209
57.708388 -78.884478 21.141929
53.076454 -74.724748 39.988773
59.251231 -65.411290 47.017600
61.057944 -63.228899 47.686831
76.755591 -55.733110 31.660696
7
51.494213 -82.550043 -23.104900
48.448496 -84.696743 -21.890752
37.560678 -92.591882 -3.992346
34.863610 -93.455105 7.118434
54.536654 -82.628126 14.083545
65.455850 -75.427911 5.114865
67.682823 -73.597253 -1.574743
6
-6.294404 88.273537 46.563539
-9.361352 83.286750 54.549816
-40.451638 65.860204 63.451545
-34.789633 83.405273 42.816374
-25.768876 88.066728 39.751938
-8.760842 90.519388 41.587114
5
78.406314 -61.763466 -6.141998
81.209983 -58.314000 -2.101447
93.585614 -33.216315 -11.764745
89.073422 -33.983608 -30.183437
74.632826 -61.077265 -26.448231
7
-88.567051 6.609711 45.958559
-91.375276 -2.117840 40.571835
-96.798348 -1.877028 25.031113
-97.070825 -0.621268 24.018095
-92.994553 30.744518 20.168977
-91.769313 32.340881 23.075107
-85.627543 30.170819 41.924284
4
17.733272 -29.936843 -93.751355
28.195738 -11.793930 -95.215039
-0.963758 3.295194 -99.941047
6.149468 -23.848956 -96.919613
5
-39.044482 32.719751 -86.051998
-14.050660 28.928300 -94.687552
-1.293608 46.284233 -88.634623
-3.329464 50.722360 -86.117111
-31.743692 48.292610 -81.609815
5
62.499135 -22.919657 74.622700
74.032865 -14.403338 65.663374
81.565565 -28.208986 50.510511
78.290867 -37.794020 49.418136
62.014651 -46.788751 62.968212
6
-74.352715 -55.392827 37.460759
-64.734488 -68.846627 32.704556
-60.295066 -77.099825 20.496878
-67.968950 -73.315727 2.241868
-75.865320 -64.823918 -6.504832
-82.488611 -50.022444 26.332189
6
-58.085884 -3.725587 81.315128
-67.682698 -1.691120 73.594785
-74.515722 11.740584 65.647284
-70.566384 22.387294 67.224955
-64.440911 18.944632 74.084209
-57.898204 -2.909752 81.482092
4
-60.201554 59.991968 -52.694750
-62.353985 65.257399 -43.051741
-76.394881 51.485274 -38.898442
-75.110985 37.003104 -54.672756
5
-68.815497 -44.319922 57.447122
-40.568558 -73.453336 54.394849
-42.052901 -76.127409 49.357584
-64.734488 -68.846627 32.704556
-74.352715 -55.392827 37.460759
6
23.964786 65.665260 -71.510577
19.764087 83.160917 -51.900316
13.493593 85.597273 -49.910217
7.295536 84.664670 -52.713080
1.425501 76.812351 -64.014300
17.433836 65.825843 -73.232641
6
6.149468 -23.848956 -96.919613
-18.873365 -20.864461 -95.960775
-21.035862 -48.474155 -84.898462
0.782837 -55.426943 -83.230050
19.019679 -42.357094 -88.567084
17.733272 -29.936843 -93.751355
5
-11.116517 99.108759 -7.340087
-27.899741 95.175056 -12.779405
-25.769096 93.918662 -22.698868
-19.215502 93.212799 -30.694275
0.000177 98.666679 -16.275330
5
44.859547 78.892400 -41.995361
19.764087 83.160917 -51.900316
23.964786 65.665260 -71.510577
32.887861 60.808164 -72.254798
37.770216 60.645671 -69.967946
6
55.821921 68.850068 46.298827
33.827102 59.676982 72.762525
21.695395 71.472970 66.490033
22.095420 82.695916 51.702784
30.759401 83.170187 46.223147
54.760231 70.661060 44.814415
5
71.576396 67.682778 -17.200613
69.596710 58.183570 -42.082897
83.186806 47.702939 -28.361679
83.385485 53.611441 -13.140559
77.646145 62.920188 -3.482250
8
-40.713751 31.305329 -85.804236
-39.044482 32.719751 -86.051998
-31.743692 48.292610 -81.609815
-35.022814 57.350867 -74.055929
-35.419400 57.390872 -73.835994
-52.720186 51.406743 -67.660393
-59.529263 36.795093 -71.431001
-47.367533 31.177988 -82.366558
7
-45.148702 15.013376 87.955632
-48.203736 23.798883 84.320893
-46.426991 32.745124 82.293933
-44.126536 34.780313 82.723507
-31.065758 35.991653 87.974539
-13.185267 10.399953 98.579865
-20.394559 6.975233 97.649414
7
-67.974867 -39.071482 62.071223
-53.288820 -35.164224 76.966090
-35.169545 -51.234108 78.346469
-28.474919 -67.266613 68.296279
-30.002540 -69.386682 65.462478
-40.568558 -73.453336 54.394849
-68.815497 -44.319922 57.447122
6
94.876007 26.080656 17.842159
99.881694 3.459698 3.417275
98.918105 -13.971138 4.473894
97.064429 -14.771870 18.981267
95.365018 -9.805383 28.449390
93.521282 2.942768 35.286114
7
-21.035862 -48.474155 -84.898462
-21.231881 -48.517645 -84.824792
-29.115451 -66.256612 -69.009795
-23.415745 -74.535385 -62.419383
-18.270595 -75.939421 -62.445093
1.801148 -65.393614 -75.633532
0.782837 -55.426943 -83.230050
7
-82.034676 53.629100 19.855267
-91.769313 32.340881 23.075107
-92.994553 30.744518 20.168977
-93.198887 30.711440 19.255517
-93.538798 32.734988 13.375868
-86.468832 50.225095 0.762204
-83.199059 55.446807 1.888934
5
48.448496 -84.696743 -21.890752
30.486859 -87.230571 -38.227986
18.465429 -92.804299 -32.347953
15.258455 -95.563275 -25.196033
37.560678 -92.591882 -3.992346
5
-34.751132 1.021842 -93.762011
-13.552433 26.479102 -95.473498
-14.050660 28.928300 -94.687552
-39.044482 32.719751 -86.051998
-40.713751 31.305329 -85.804236
6
-33.889202 -16.043986 92.704436
-5.092985 -37.732437 92.467966
-6.511795 -39.238295 91.749402
-35.169545 -51.234108 78.346469
-53.288820 -35.164224 76.966090
-50.083517 -23.585959 83.278712
6
-46.426991 32.745124 82.293933
-57.875596 38.150747 72.075904
-45.016895 63.195222 63.085997
-42.047860 63.816360 64.493796
-37.299681 60.171418 70.626725
-44.126536 34.780313 82.723507
7
-18.873365 -20.864461 -95.960775
-26.501535 -8.050680 -96.087747
-31.317343 -5.998556 -94.779963
-44.299891 -23.112947 -86.621656
-37.201576 -44.547657 -81.434323
-21.231881 -48.517645 -84.824792
-21.035862 -48.474155 -84.898462
6
-40.451638 65.860204 63.451545
-42.047860 63.816360 64.493796
-45.016895 63.195222 63.085997
-56.218059 63.217216 53.320854
-50.094165 78.496696 36.453303
-34.789633 83.405273 42.816374
5
27.614989 -51.010072 81.457872
26.385101 -56.653090 78.065702
13.319631 -64.954054 74.856919
9.236950 -62.273489 77.696147
5.250961 -43.013280 90.123721
5
-42.244364 -79.515744 -43.504715
-41.119528 -80.152139 -43.414502
-23.415745 -74.535385 -62.419383
-29.115451 -66.256612 -69.009795
-47.724656 -62.377624 -61.898217
6
-62.863401 -71.687057 -30.152257
-42.244364 -79.515744 -43.504715
-47.724656 -62.377624 -61.898217
-48.366018 -61.558607 -62.219500
-63.735961 -53.244518 -55.702321
-70.230621 -65.232793 -28.501624
4
-76.426630 -9.488296 63.788263
-81.143348 5.408889 58.193650
-74.515722 11.740584 65.647284
-67.682698 -1.691120 73.594785
6
93.585614 -33.216315 -11.764745
81.209983 -58.314000 -2.101447
80.946899 -53.779601 23.565950
84.671545 -48.128439 22.680010
86.052573 -46.178261 21.506345
94.419714 -31.601816 -9.286699
6
-81.053771 53.327789 -24.216382
-70.390131 70.003328 -12.031776
-70.427207 70.079262 -11.353656
-83.199059 55.446807 1.888934
-86.468832 50.225095 0.762204
-92.152797 33.433606 -19.749834
6
12.994701 -15.778924 97.888525
30.130222 -22.685810 92.614922
34.623395 -44.064879 82.822141
27.614989 -51.010072 81.457872
5.250961 -43.013280 90.123721
-0.931515 -36.270534 93.185732
5
-15.077032 -69.102706 70.692992
-28.474919 -67.266613 68.296279
-35.169545 -51.234108 78.346469
-6.511795 -39.238295 91.749402
-6.309682 -61.964001 78.234586
4
30.471278 -94.762062 9.573550
6.164004 -99.809833 0.047683
-10.396169 -98.873447 10.768526
6.207642 -96.052296 27.118657
6
-65.465084 73.074882 -19.349012
-70.390131 70.003328 -12.031776
-81.053771 53.327789 -24.216382
-76.394881 51.485274 -38.898442
-62.353985 65.257399 -43.051741
-60.211536 70.429019 -37.607501
6
-55.169800 0.678668 -83.401634
-57.429231 -2.068602 -81.838893
-56.865052 -22.765430 -79.044931
-44.299891 -23.112947 -86.621656
-31.317343 -5.998556 -94.779963
-34.764027 -1.009851 -93.757360
5
86.052573 -46.178261 21.506345
97.064429 -14.771870 18.981267
98.918105 -13.971138 4.473894
98.779916 -15.539487 1.025901
94.419714 -31.601816 -9.286699
8
26.180706 92.633620 -27.084739
25.688445 92.706531 -27.305730
13.136966 89.618844 -42.377858
13.493593 85.597273 -49.910217
19.764087 83.160917 -51.900316
44.859547 78.892400 -41.995361
47.965291 79.202656 -37.765993
47.822380 80.399594 -35.340136
5
-40.287670 79.464540 -45.412449
-43.362522 85.705449 -27.825667
-48.809537 84.527096 -21.743945
-65.465084 73.074882 -19.349012
-60.211536 70.429019 -37.607501
7
55.821921 68.850068 46.298827
54.760231 70.661060 44.814415
59.064434 79.986820 10.653697
69.778595 71.345661 6.383121
78.701234 56.105545 25.657036
68.984269 59.528957 41.200411
57.676609 66.809858 47.009059
7
-85.328061 30.490931 42.301597
-70.835687 24.814837 66.079719
-70.566384 22.387294 67.224955
-74.515722 11.740584 65.647284
-81.143348 5.408889 58.193650
-88.567051 6.609711 45.958559
-85.627543 30.170819 41.924284
5
69.778595 71.345661 6.383121
77.637040 62.934002 -3.435338
91.589206 35.389298 18.947692
89.994302 37.494926 22.252105
78.701234 56.105545 25.657036
5
65.455850 -75.427911 5.114865
54.536654 -82.628126 14.083545
57.708388 -78.884478 21.141929
78.880914 -55.599915 26.200209
79.193689 -55.398197 25.678773
7
11.759504 21.641000 -96.919457
3.056984 44.076154 -89.710354
-1.293608 46.284233 -88.634623
-14.050660 28.928300 -94.687552
-13.552433 26.479102 -95.473498
-0.843251 10.197234 -99.475149
6.883955 14.581191 -98.691438
6
62.499135 -22.919657 74.622700
62.014651 -46.788751 62.968212
58.306322 -53.453546 61.180808
50.715438 -54.847342 66.480925
41.336394 -44.615740 79.377190
62.088310 -22.856145 74.984254
6
-35.419400 57.390872 -73.835994
-35.022814 57.350867 -74.055929
-23.641301 69.110302 -68.299744
-23.409848 71.557562 -65.814089
-38.914721 76.493245 -51.326679
-45.692499 67.441759 -57.998316
5
67.757315 10.268986 -72.825093
67.748160 16.123300 -71.765075
60.911410 33.311701 -71.973125
37.901452 24.118969 -89.340670
42.533981 11.641806 -89.751484
7
-34.764027 -1.009851 -93.757360
-31.317343 -5.998556 -94.779963
-26.501535 -8.050680 -96.087747
-2.580508 5.327346 -99.824648
-0.843251 10.197234 -99.475149
-13.552433 26.479102 -95.473498
-34.751132 1.021842 -93.762011
6
28.861979 91.499545 28.192542
20.142550 95.641913 21.140059
19.218569 96.977365 15.034533
22.665638 97.294165 4.484903
52.641503 84.928617 4.000267
55.165436 83.040387 7.814652
5
-31.065758 35.991653 87.974539
-21.404207 48.367373 84.867292
-7.072579 32.266923 94.386569
-4.659990 11.278887 99.252563
-13.185267 10.399953 98.579865
6
-96.724081 -24.733899 5.717198
-99.605521 -8.199263 -3.392967
-99.803225 6.261864 0.324635
-97.070825 -0.621268 24.018095
-96.798348 -1.877028 25.031113
-95.670515 -26.743537 11.486328
5
53.076454 -74.724748 39.988773
45.017420 -79.801545 40.064265
36.503517 -77.235407 51.982547
37.614858 -72.244890 58.015501
59.251231 -65.411290 47.017600
6
-3.329464 50.722360 -86.117111
-2.686198 54.003872 -84.121140
-6.470952 60.174469 -79.606281
-23.641301 69.110302 -68.299744
-35.022814 57.350867 -74.055929
-31.743692 48.292610 -81.609815
6
-45.148702 15.013376 87.955632
-20.394559 6.975233 97.649414
-33.889202 -16.043986 92.704436
-50.083517 -23.585959 83.278712
-58.085884 -3.725587 81.315128
-57.898204 -2.909752 81.482092
6
93.521282 2.942768 35.286114
95.365018 -9.805383 28.449390
87.375960 -25.581646 41.364489
81.565565 -28.208986 50.510511
74.032865 -14.403338 65.663374
79.748127 9.001746 59.659071
5
58.965626 48.308682 -64.725005
60.406418 45.138779 -65.677662
75.044691 30.844302 -58.454455
81.604853 29.871737 -49.480576
67.331843 56.051040 -48.215183
7
2.970370 98.634904 -16.196683
6.163676 97.318574 -22.160870
25.688445 92.706531 -27.305730
26.180706 92.633620 -27.084739
26.427925 95.384149 -14.262852
18.382302 98.226509 -3.693763
10.220884 99.237805 -6.884158
5
1.425501 76.812351 -64.014300
7.295536 84.664670 -52.713080
-13.967135 87.952811 -45.488703
-16.022049 76.806340 -62.000646
-1.209190 76.028464 -64.947752
7
-73.042995 62.582936 27.351363
-70.687641 66.500931 24.101526
-51.623295 79.917136 30.794266
-50.094165 78.496696 36.453303
-56.218059 63.217216 53.320854
-67.695881 55.887514 47.894190
-68.853051 55.500266 46.679522
6
10.322397 -80.036299 -59.056236
13.894399 -82.962943 -54.074909
29.206374 -84.484480 -44.825889
41.817257 -70.077095 -57.797212
36.937734 -67.197830 -64.187658
11.296713 -75.418197 -64.687555
7
-16.276986 -93.480901 -31.565501
-13.892962 -95.197916 -27.282640
-0.427026 -97.989948 -19.944616
15.258455 -95.563275 -25.196033
18.465429 -92.804299 -32.347953
9.980852 -90.500872 -41.351841
-13.909380 -92.604800 -35.083902
9
-20.394559 6.975233 97.649414
-13.185267 10.399953 98.579865
-4.659990 11.278887 99.252563
1.800938 9.020458 99.576041
10.354606 -5.235341 99.324586
12.994701 -15.778924 97.888525
-0.931515 -36.270534 93.185732
-5.092985 -37.732437 92.467966
-33.889202 -16.043986 92.704436
8
69.003379 -18.193882 -70.053668
69.421904 -24.930573 -67.520854
79.002163 -35.737591 -49.814484
88.622770 -31.463928 -34.000381
91.950439 -8.428256 -38.393766
88.457165 -2.184795 -46.589234
80.567973 1.159561 -59.223789
75.084606 -0.846305 -66.042302
6
-59.529263 36.795093 -71.431001
-52.720186 51.406743 -67.660393
-55.163070 60.300878 -57.626728
-60.201554 59.991968 -52.694750
-75.110985 37.003104 -54.672756
-75.976163 29.126757 -58.131357
5
-58.774107 9.681237 -80.323583
-75.427656 18.231112 -63.073729
-70.462919 -6.120674 -70.693100
-57.429231 -2.068602 -81.838893
-55.169800 0.678668 -83.401634
5
-70.725773 -30.783413 -63.641548
-73.279336 -17.849722 -65.662214
-90.343432 11.614497 -41.269454
-87.979384 -18.647209 -43.725388
-72.594112 -30.803417 -61.491824
5
78.406314 -61.763466 -6.141998
74.632826 -61.077265 -26.448231
62.077477 -69.461611 -36.352048
51.494213 -82.550043 -23.104900
67.682823 -73.597253 -1.574743
10
-90.442123 13.842761 -40.355921
-78.404621 24.655579 -56.963302
-75.976163 29.126757 -58.131357
-75.110985 37.003104 -54.672756
-76.394881 51.485274 -38.898442
-81.053771 53.327789 -24.216382
-92.152797 33.433606 -19.749834
-93.398113 29.513321 -20.143393
-94.325666 22.735997 -24.202130
-91.494409 14.190534 -37.780972
7
-8.760842 90.519388 41.587114
-25.768876 88.066728 39.751938
-45.029287 87.970416 15.282974
-44.738694 88.898466 9.773028
-37.897421 92.405613 4.998820
-12.890300 97.816865 16.300343
-8.644473 90.784190 41.030525
6
-91.494409 14.190534 -37.780972
-94.325666 22.735997 -24.202130
-99.726626 7.386388 -0.203491
-99.803225 6.261864 0.324635
-99.605521 -8.199263 -3.392967
-97.085006 -9.026663 -22.204077
5
91.950439 -8.428256 -38.393766
97.440294 1.093412 -22.454255
97.537966 3.960179 -21.694751
90.234772 24.020209 -35.787085
88.457165 -2.184795 -46.589234
6
-96.798348 -1.877028 25.031113
-91.375276 -2.117840 40.571835
-86.795756 -18.185518 46.214540
-91.341583 -35.378999 20.125647
-93.781165 -31.491922 14.606571
-95.670515 -26.743537 11.486328
6
-23.409848 71.557562 -65.814089
-16.022049 76.806340 -62.000646
-13.967135 87.952811 -45.488703
-17.973194 90.082286 -39.523994
-39.435091 79.440915 -46.195395
-38.914721 76.493245 -51.326679
5
68.984269 59.528957 41.200411
82.337507 38.076997 42.079415
73.788133 21.713951 63.904739
62.620906 29.294750 72.252611
57.676609 66.809858 47.009059
7
50.715438 -54.847342 66.480925
58.306322 -53.453546 61.180808
61.057944 -63.228899 47.686831
59.251231 -65.411290 47.017600
37.614858 -72.244890 58.015501
34.596364 -69.433626 63.103591
36.730625 -64.449753 67.060350
5
88.457165 -2.184795 -46.589234
90.234772 24.020209 -35.787085
88.532459 29.850248 -35.650616
81.809655 29.659550 -49.269580
80.567973 1.159561 -59.223789
5
-0.963758 3.295194 -99.941047
-2.580508 5.327346 -99.824648
-26.501535 -8.050680 -96.087747
-18.873365 -20.864461 -95.960775
6.149468 -23.848956 -96.919613
7
32.117384 -94.221785 9.525167
34.863610 -93.455105 7.118434
37.560678 -92.591882 -3.992346
15.258455 -95.563275 -25.196033
-0.427026 -97.989948 -19.944616
6.164004 -99.809833 0.047683
30.471278 -94.762062 9.573550
7
-93.970534 -25.493307 -22.795395
-93.930562 -30.548651 -15.615040
-79.847314 -58.009035 -16.104604
-77.470497 -60.845039 -17.210559
-75.123231 -61.727846 -23.370350
-82.479708 -42.227746 -37.602066
-90.579370 -27.302685 -32.402796
5
-85.328061 30.490931 42.301597
-68.853051 55.500266 46.679522
-67.695881 55.887514 47.894190
-64.597700 35.678601 67.484625
-70.835687 24.814837 66.079719
4
78.701234 56.105545 25.657036
89.994302 37.494926 22.252105
82.337507 38.076997 42.079415
68.984269 59.528957 41.200411
5
-37.299681 60.171418 70.626725
-20.238598 56.946926 79.670865
-21.404207 48.367373 84.867292
-31.065758 35.991653 87.974539
-44.126536 34.780313 82.723507
6
22.095420 82.695916 51.702784
21.695395 71.472970 66.490033
1.997484 64.740774 76.188203
-4.012765 64.316072 76.467906
-9.361352 83.286750 54.549816
-6.294404 88.273537 46.563539
7
57.676609 66.809858 47.009059
62.620906 29.294750 72.252611
59.047955 29.024101 75.305648
41.241375 41.876540 80.904291
33.976955 56.672593 75.058535
33.827102 59.676982 72.762525
55.821921 68.850068 46.298827
8
-48.809537 84.527096 -21.743945
-36.361783 93.135020 -1.920601
-37.897421 92.405613 4.998820
-44.738694 88.898466 9.773028
-65.621741 75.455095 0.561889
-70.427207 70.079262 -11.353656
-70.390131 70.003328 -12.031776
-65.465084 73.074882 -19.349012
7
-7.082124 -91.967863 38.623254
-28.905863 -94.728739 13.817275
-32.235871 -93.558441 14.410644
-34.173310 -92.512752 16.540123
-35.598613 -85.209302 38.368133
-14.312709 -86.287470 48.472868
-10.923732 -87.276254 47.576544
5
-8.930972 -86.121037 -50.034035
10.322397 -80.036299 -59.056236
11.296713 -75.418197 -64.687555
1.801148 -65.393614 -75.633532
-18.270595 -75.939421 -62.445093
6
1.997484 64.740774 76.188203
17.319175 55.572459 81.312656
14.900635 43.540245 88.781857
1.054247 48.761460 87.299534
-5.898740 62.367183 77.945746
-4.012765 64.316072 76.467906
6
97.977399 15.848056 -12.217547
96.128152 25.737583 -9.846586
88.873272 32.919536 -31.903694
88.532459 29.850248 -35.650616
90.234772 24.020209 -35.787085
97.537966 3.960179 -21.694751
4
19.299040 -86.336678 46.621081
36.503517 -77.235407 51.982547
45.017420 -79.801545 40.064265
32.631770 -89.584298 30.163241
4
-57.898204 -2.909752 81.482092
-64.440911 18.944632 74.084209
-48.203736 23.798883 84.320893
-45.148702 15.013376 87.955632
7
13.136966 89.618844 -42.377858
5.248795 93.932523 -33.898839
-17.902793 90.232848 -39.211262
-17.973194 90.082286 -39.523994
-13.967135 87.952811 -45.488703
7.295536 84.664670 -52.713080
13.493593 85.597273 -49.910217
6
28.195738 -11.793930 -95.215039
35.073742 -4.745194 -93.527086
6.883955 14.581191 -98.691438
-0.843251 10.197234 -99.475149
-2.580508 5.327346 -99.824648
-0.963758 3.295194 -99.941047
5
-97.085006 -9.026663 -22.204077
-99.605521 -8.199263 -3.392967
-96.724081 -24.733899 5.717198
-93.930562 -30.548651 -15.615040
-93.970534 -25.493307 -22.795395
5
69.003379 -18.193882 -70.053668
51.580564 -16.961395 -83.974737
45.480618 -31.958669 -83.127353
57.670353 -41.581309 -70.321584
69.421904 -24.930573 -67.520854
5
26.180706 92.633620 -27.084739
47.822380 80.399594 -35.340136
50.179724 81.438702 -29.150183
50.250100 86.076982 -8.104352
26.427925 95.384149 -14.262852
6
-6.887459 99.012944 12.206547
19.218569 96.977365 15.034533
20.142550 95.641913 21.140059
-8.644473 90.784190 41.030525
-12.890300 97.816865 16.300343
-10.405378 98.519437 13.625291
5
-20.238598 56.946926 79.670865
-5.898740 62.367183 77.945746
1.054247 48.761460 87.299534
-7.072579 32.266923 94.386569
-21.404207 48.367373 84.867292
7
-97.085006 -9.026663 -22.204077
-93.970534 -25.493307 -22.795395
-90.579370 -27.302685 -32.402796
-87.979384 -18.647209 -43.725388
-90.343432 11.614497 -41.269454
-90.442123 13.842761 -40.355921
-91.494409 14.190534 -37.780972
5
95.478029 29.511251 -3.609984
83.385485 53.611441 -13.140559
83.186806 47.702939 -28.361679
88.873272 32.919536 -31.903694
96.128152 25.737583 -9.846586
5
12.785981 19.678343 97.207415
20.699085 35.568251 91.139714
41.241375 41.876540 80.904291
59.047955 29.024101 75.305648
51.318100 16.425573 84.241635
5
10.220884 99.237805 -6.884158
18.382302 98.226509 -3.693763
22.665638 97.294165 4.484903
19.218569 96.977365 15.034533
-6.887459 99.012944 12.206547
5
-67.968950 -73.315727 2.241868
-60.295066 -77.099825 20.496878
-34.173310 -92.512752 16.540123
-32.235871 -93.558441 14.410644
-46.126734 -88.401202 -7.586292
6
37.870963 24.160528 -89.342370
51.010806 51.465713 -68.914281
37.770216 60.645671 -69.967946
32.887861 60.808164 -72.254798
26.324794 42.661785 -86.527322
37.169749 24.668773 -89.497829
8
23.964786 65.665260 -71.510577
17.433836 65.825843 -73.232641
-2.686198 54.003872 -84.121140
-3.329464 50.722360 -86.117111
-1.293608 46.284233 -88.634623
3.056984 44.076154 -89.710354
26.324794 42.661785 -86.527322
32.887861 60.808164 -72.254798
5
13.894399 -82.962943 -54.074909
9.980852 -90.500872 -41.351841
18.465429 -92.804299 -32.347953
30.486859 -87.230571 -38.227986
29.206374 -84.484480 -44.825889
8
-39.435091 79.440915 -46.195395
-40.287670 79.464540 -45.412449
-60.211536 70.429019 -37.607501
-62.353985 65.257399 -43.051741
-60.201554 59.991968 -52.694750
-55.163070 60.300878 -57.626728
-45.692499 67.441759 -57.998316
-38.914721 76.493245 -51.326679
6
34.623395 -44.064879 82.822141
41.336394 -44.615740 79.377190
50.715438 -54.847342 66.480925
36.730625 -64.449753 67.060350
26.385101 -56.653090 78.065702
27.614989 -51.010072 81.457872
6
67.599011 58.729734 -44.510584
69.596710 58.183570 -42.082897
71.576396 67.682778 -17.200613
50.179724 81.438702 -29.150183
47.822380 80.399594 -35.340136
47.965291 79.202656 -37.765993
7
59.849545 -66.038015 -45.354300
62.077477 -69.461611 -36.352048
74.632826 -61.077265 -26.448231
89.073422 -33.983608 -30.183437
88.622770 -31.463928 -34.000381
79.002163 -35.737591 -49.814484
62.695514 -59.658691 -50.101029
6
-78.404621 24.655579 -56.963302
-90.442123 13.842761 -40.355921
-90.343432 11.614497 -41.269454
-73.279336 -17.849722 -65.662214
-70.462919 -6.120674 -70.693100
-75.427656 18.231112 -63.073729
6
97.977399 15.848056 -12.217547
97.537966 3.960179 -21.694751
97.440294 1.093412 -22.454255
98.779916 -15.539487 1.025901
98.918105 -13.971138 4.473894
99.881694 3.459698 3.417275
6
5.250961 -43.013280 90.123721
9.236950 -62.273489 77.696147
-6.309682 -61.964001 78.234586
-6.511795 -39.238295 91.749402
-5.092985 -37.732437 92.467966
-0.931515 -36.270534 93.185732
8
-46.156003 -88.327036 -8.243675
-46.126734 -88.401202 -7.586292
-32.235871 -93.558441 14.410644
-28.905863 -94.728739 13.817275
-28.031653 -95.082645 13.172587
-13.892962 -95.197916 -27.282640
-16.276986 -93.480901 -31.565501
-28.187350 -89.953582 -33.374037
5
22.881282 -43.609656 -87.032435
36.839445 -54.468092 -75.339779
56.563810 -44.176530 -69.634543
57.670353 -41.581309 -70.321584
45.480618 -31.958669 -83.127353
6
-58.774107 9.681237 -80.323583
-55.169800 0.678668 -83.401634
-34.764027 -1.009851 -93.757360
-34.751132 1.021842 -93.762011
-40.713751 31.305329 -85.804236
-47.367533 31.177988 -82.366558
6
-85.627543 30.170819 41.924284
-91.769313 32.340881 23.075107
-82.034676 53.629100 19.855267
-73.042995 62.582936 27.351363
-68.853051 55.500266 46.679522
-85.328061 30.490931 42.301597
7
1.800938 9.020458 99.576041
-4.659990 11.278887 99.252563
-7.072579 32.266923 94.386569
1.054247 48.761460 87.299534
14.900635 43.540245 88.781857
20.699085 35.568251 91.139714
12.785981 19.678343 97.207415
6
56.563810 -44.176530 -69.634543
36.839445 -54.468092 -75.339779
36.937734 -67.197830 -64.187658
41.817257 -70.077095 -57.797212
59.849545 -66.038015 -45.354300
62.695514 -59.658691 -50.101029
6
51.580564 -16.961395 -83.974737
69.003379 -18.193882 -70.053668
75.084606 -0.846305 -66.042302
67.757315 10.268986 -72.825093
42.533981 11.641806 -89.751484
37.048486 -3.569997 -92.815219
7
-46.426991 32.745124 82.293933
-48.203736 23.798883 84.320893
-64.440911 18.944632 74.084209
-70.566384 22.387294 67.224955
-70.835687 24.814837 66.079719
-64.597700 35.678601 67.484625
-57.875596 38.150747 72.075904
8
67.331843 56.051040 -48.215183
81.604853 29.871737 -49.480576
81.809655 29.659550 -49.269580
88.532459 29.850248 -35.650616
88.873272 32.919536 -31.903694
83.186806 47.702939 -28.361679
69.596710 58.183570 -42.082897
67.599011 58.729734 -44.510584
5
-23.409848 71.557562 -65.814089
-23.641301 69.110302 -68.299744
-6.470952 60.174469 -79.606281
-1.209190 76.028464 -64.947752
-16.022049 76.806340 -62.000646
5
62.014651 -46.788751 62.968212
78.290867 -37.794020 49.418136
76.755591 -55.733110 31.660696
61.057944 -63.228899 47.686831
58.306322 -53.453546 61.180808
5
-48.366018 -61.558607 -62.219500
-43.273878 -46.213215 -77.406138
-67.391409 -31.288029 -66.928748
-70.317579 -31.158007 -63.911006
-63.735961 -53.244518 -55.702321
10
79.748127 9.001746 59.659071
74.032865 -14.403338 65.663374
62.499135 -22.919657 74.622700
62.088310 -22.856145 74.984254
51.068082 -15.701037 84.531227
49.347784 8.985619 86.510432
51.318100 16.425573 84.241635
59.047955 29.024101 75.305648
62.620906 29.294750 72.252611
73.788133 21.713951 63.904739
4
-72.594112 -30.803417 -61.491824
-87.979384 -18.647209 -43.725388
-90.579370 -27.302685 -32.402796
-82.479708 -42.227746 -37.602066
7
-17.973194 90.082286 -39.523994
-17.902793 90.232848 -39.211262
-19.215502 93.212799 -30.694275
-25.769096 93.918662 -22.698868
-43.362522 85.705449 -27.825667
-40.287670 79.464540 -45.412449
-39.435091 79.440915 -46.195395
7
-91.341583 -35.378999 20.125647
-86.795756 -18.185518 46.214540
-77.620437 -25.674737 57.583640
-67.974867 -39.071482 62.071223
-68.815497 -44.319922 57.447122
-74.352715 -55.392827 37.460759
-82.488611 -50.022444 26.332189
7
32.631770 -89.584298 30.163241
45.017420 -79.801545 40.064265
53.076454 -74.724748 39.988773
57.708388 -78.884478 21.141929
54.536654 -82.628126 14.083545
34.863610 -93.455105 7.118434
32.117384 -94.221785 9.525167
8
17.733272 -29.936843 -93.751355
19.019679 -42.357094 -88.567084
22.881282 -43.609656 -87.032435
45.480618 -31.958669 -83.127353
51.580564 -16.961395 -83.974737
37.048486 -3.569997 -92.815219
35.073742 -4.745194 -93.527086
28.195738 -11.793930 -95.215039
6
0.000177 98.666679 -16.275330
-19.215502 93.212799 -30.694275
-17.902793 90.232848 -39.211262
5.248795 93.932523 -33.898839
6.163676 97.318574 -22.160870
2.970370 98.634904 -16.196683
5
84.671545 -48.128439 22.680010
87.375960 -25.581646 41.364489
95.365018 -9.805383 28.449390
97.064429 -14.771870 18.981267
86.052573 -46.178261 21.506345
5
-95.670515 -26.743537 11.486328
-93.781165 -31.491922 14.606571
-79.847314 -58.009035 -16.104604
-93.930562 -30.548651 -15.615040
-96.724081 -24.733899 5.717198
6
37.901452 24.118969 -89.340670
60.911410 33.311701 -71.973125
60.406418 45.138779 -65.677662
58.965626 48.308682 -64.725005
51.010806 51.465713 -68.914281
37.870963 24.160528 -89.342370
6
-82.034676 53.629100 19.855267
-83.199059 55.446807 1.888934
-70.427207 70.079262 -11.353656
-65.621741 75.455095 0.561889
-70.687641 66.500931 24.101526
-73.042995 62.582936 27.351363
7
-50.083517 -23.585959 83.278712
-53.288820 -35.164224 76.966090
-67.974867 -39.071482 62.071223
-77.620437 -25.674737 57.583640
-76.426630 -9.488296 63.788263
-67.682698 -1.691120 73.594785
-58.085884 -3.725587 81.315128
5
-8.930972 -86.121037 -50.034035
-13.909380 -92.604800 -35.083902
9.980852 -90.500872 -41.351841
13.894399 -82.962943 -54.074909
10.322397 -80.036299 -59.056236
6
2.970370 98.634904 -16.196683
10.220884 99.237805 -6.884158
-6.887459 99.012944 12.206547
-10.405378 98.519437 13.625291
-11.116517 99.108759 -7.340087
0.000177 98.666679 -16.275330
7
-10.923732 -87.276254 47.576544
-14.312709 -86.287470 48.472868
-30.002540 -69.386682 65.462478
-28.474919 -67.266613 68.296279
-15.077032 -69.102706 70.692992
2.510621 -78.075325 62.433488
2.730940 -78.821687 61.479132
5
-45.029287 87.970416 15.282974
-51.623295 79.917136 30.794266
-70.687641 66.500931 24.101526
-65.621741 75.455095 0.561889
-44.738694 88.898466 9.773028
5
-35.598613 -85.209302 38.368133
-42.052901 -76.127409 49.357584
-40.568558 -73.453336 54.394849
-30.002540 -69.386682 65.462478
-14.312709 -86.287470 48.472868
5
12.902767 -68.615953 71.591687
27.223050 -72.498949 63.267749
17.163705 -84.526490 50.603160
2.730940 -78.821687 61.479132
2.510621 -78.075325 62.433488
6
77.637040 62.934002 -3.435338
77.646145 62.920188 -3.482250
83.385485 53.611441 -13.140559
95.478029 29.511251 -3.609984
93.920380 30.216075 16.308006
91.589206 35.389298 18.947692
5
-46.156003 -88.327036 -8.243675
-28.187350 -89.953582 -33.374037
-41.119528 -80.152139 -43.414502
-42.244364 -79.515744 -43.504715
-62.863401 -71.687057 -30.152257
5
69.421904 -24.930573 -67.520854
57.670353 -41.581309 -70.321584
56.563810 -44.176530 -69.634543
62.695514 -59.658691 -50.101029
79.002163 -35.737591 -49.814484
4
67.748160 16.123300 -71.765075
75.044691 30.844302 -58.454455
60.406418 45.138779 -65.677662
60.911410 33.311701 -71.973125
6
-93.781165 -31.491922 14.606571
-91.341583 -35.378999 20.125647
-82.488611 -50.022444 26.332189
-75.865320 -64.823918 -6.504832
-77.470497 -60.845039 -17.210559
-79.847314 -58.009035 -16.104604
