200
6
-68.043010 38.015942 62.649318
-67.853762 38.285541 62.690385
-45.896040 51.944116 72.078862
-39.528975 49.217729 77.556916
-39.517403 48.910884 77.756674
-57.132464 22.953836 78.797227
6
-38.122477 -85.756093 34.533596
-42.052747 -86.229642 28.213744
-58.477016 -71.880355 37.598581
-50.694067 -65.277981 56.292955
-50.681253 -65.279091 56.303204
-38.539459 -77.446618 50.167035
4
67.794923 -67.550032 -28.997269
67.412379 -73.429746 -7.977690
82.685639 -55.451041 9.395062
84.541079 -50.044098 -18.665321
6
-38.107278 76.818439 -51.446698
-30.562566 84.936043 -43.032525
-32.564591 88.019222 -34.527728
-44.203117 86.108138 -25.129126
-53.875190 75.821430 -36.722944
-44.072843 74.018560 -50.782254
7
32.459164 -26.828997 90.700648
35.663158 -20.636825 91.116742
62.906811 -9.839839 77.109732
73.289221 -17.266219 65.807049
71.110796 -25.600438 65.481846
60.681625 -38.709241 69.421431
50.657079 -43.271781 74.574883
8
29.228987 -61.738953 73.034020
26.098554 -60.986182 74.830149
22.063224 -57.941806 78.459934
18.968444 -43.987058 87.780048
29.139639 -27.497896 91.622853
32.459164 -26.828997 90.700648
50.657079 -43.271781 74.574883
46.214295 -49.699424 73.445260
6
27.919512 42.744238 85.985062
26.427887 42.388001 86.630388
14.112481 49.047073 85.995480
4.439883 62.774055 77.715542
20.020964 73.869119 64.362367
31.422657 52.190176 79.301968
6
92.584680 -7.802852 36.975566
99.579363 -6.404535 6.552275
97.369345 -22.657174 2.421407
84.999969 -47.394996 22.993902
84.174228 -47.246841 26.123464
90.733759 -10.501323 40.707582
8
84.541079 -50.044098 -18.665321
91.279818 -36.008200 -19.271853
86.799627 -33.256408 -36.875955
81.394538 -36.058174 -45.549285
75.568851 -43.158072 -49.261848
67.280419 -60.500220 -42.580143
66.167169 -67.946015 -31.705596
67.794923 -67.550032 -28.997269
5
57.763576 -28.874799 -76.351917
66.814316 -4.532227 -74.265107
53.145897 1.212308 -84.699728
47.566481 -11.876418 -87.157217
49.735581 -21.655314 -84.008448
5
16.599929 -96.189799 21.724753
25.511874 -96.403630 7.448791
15.251856 -98.418961 -9.004939
-5.921932 -99.794246 2.457466
-5.033501 -98.645685 15.610659
5
-57.733449 81.437763 5.894031
-54.481420 79.160572 27.665480
-63.443227 72.596125 26.547309
-69.371204 71.341744 9.899072
-65.877313 75.044474 5.339148
5
94.864755 25.955848 -18.082375
88.185123 46.808497 -5.687595
82.328231 56.288141 -7.328541
80.556054 51.651529 -29.031738
88.519375 30.569727 -35.068677
7
-65.877313 75.044474 5.339148
-69.371204 71.341744 9.899072
-73.542399 67.098036 9.453522
-79.787981 60.280802 0.320799
-76.052440 62.955734 -15.893458
-70.743055 68.418515 -17.729269
-68.939377 70.817977 -15.237340
6
14.524551 68.571480 -71.323135
-2.649603 86.677645 -49.799252
-12.938976 84.755564 -51.469187
-20.701968 74.355005 -63.582716
-15.626367 62.576215 -76.420115
15.373355 65.837825 -73.682024
5
-50.638629 61.610117 60.331772
-45.896040 51.944116 72.078862
-67.853762 38.285541 62.690385
-63.254060 60.154889 48.788454
-61.223539 61.270116 49.976506
6
37.506410 87.661861 30.144109
17.730927 98.192731 6.618290
50.180886 86.329459 -5.394740
56.423732 82.561208 0.097232
56.451654 80.974479 16.010765
53.884398 81.855183 19.904789
6
-73.826629 2.542995 -67.402982
-78.841010 14.541418 -59.771585
-90.039407 15.891829 -40.501296
-90.458675 15.504465 -39.709440
-85.673502 -12.666376 -49.996140
-77.273154 -12.010677 -62.326586
6
80.679532 55.918066 19.078338
80.769447 58.762038 -4.829008
82.328231 56.288141 -7.328541
88.185123 46.808497 -5.687595
94.275408 32.640099 6.838957
90.617669 35.331488 23.240568
6
64.587319 -58.721355 48.788120
55.479247 -66.611149 49.849855
50.374318 -66.995406 54.534793
46.214295 -49.699424 73.445260
50.657079 -43.271781 74.574883
60.681625 -38.709241 69.421431
6
-11.717956 27.405577 95.454826
-15.257837 30.860499 93.887316
-6.810433 46.379870 88.331906
14.112481 49.047073 85.995480
26.427887 42.388001 86.630388
12.147503 19.832485 97.257959
7
-77.905855 52.928818 33.603839
-73.923848 57.078701 35.739145
-63.254060 60.154889 48.788454
-67.853762 38.285541 62.690385
-68.043010 38.015942 62.649318
-70.615058 36.342497 60.767890
-80.596776 41.020013 42.679249
7
18.565184 21.405709 -95.901666
-23.629992 48.445396 -84.229847
-29.486062 42.772079 -85.446600
-30.599227 37.524402 -87.496323
-8.820575 11.270045 -98.970620
-5.464595 11.344065 -99.204085
18.576204 21.352123 -95.911477
6
-92.632334 -25.407478 27.815656
-86.410362 -30.574246 39.980805
-79.382644 -41.559077 44.398636
-77.935741 -60.670921 15.654378
-83.191522 -54.961586 7.641644
-94.133517 -31.976352 10.788598
5
-54.107076 12.108858 -83.221391
-45.909423 12.271413 -87.987143
-30.599227 37.524402 -87.496323
-29.486062 42.772079 -85.446600
-55.486695 44.431646 -70.335308
6
80.556054 51.651529 -29.031738
72.660189 56.867954 -38.555581
69.827930 54.324936 -46.613963
75.801068 31.435495 -57.148996
87.998922 28.171076 -38.243696
88.519375 30.569727 -35.068677
6
-50.681253 -65.279091 56.303204
-49.726222 -63.973527 58.606235
-46.209598 -63.181630 62.231460
-26.108654 -67.313488 69.189830
-25.382491 -78.526033 56.474696
-38.539459 -77.446618 50.167035
6
-44.072843 74.018560 -50.782254
-53.875190 75.821430 -36.722944
-61.855715 70.736606 -34.208231
-68.952966 54.486473 -47.714911
-65.462365 54.110243 -52.789775
-46.140951 69.409832 -55.256564
6
22.975128 61.816733 -75.172036
15.373355 65.837825 -73.682024
-15.626367 62.576215 -76.420115
-19.042483 59.277435 -78.253240
-23.629992 48.445396 -84.229847
18.565184 21.405709 -95.901666
8
-15.655462 94.530907 -28.614928
-2.459448 95.021279 -31.062962
11.220772 98.333866 -14.301924
9.390448 99.414629 5.343310
1.819532 99.474035 10.079963
-10.319804 99.026079 9.345439
-21.422811 96.307741 -16.305896
-17.392787 94.643068 -27.206261
6
-61.748182 -70.688052 -34.501614
-50.204230 -64.815523 -57.258040
-51.916579 -60.956787 -59.907753
-66.343164 -53.319511 -52.493945
-73.797929 -59.678347 -31.501755
-73.748509 -60.283229 -30.448149
6
-2.894638 -2.231162 99.933193
-19.330853 1.268286 98.105604
-11.717956 27.405577 95.454826
12.147503 19.832485 97.257959
13.684614 10.477060 98.503617
7.820679 0.491337 99.692505
6
-43.368327 -88.923161 -14.555401
-58.467393 -80.982111 -4.843721
-62.916544 -76.578386 13.313876
-42.397971 -87.302289 24.098181
-38.519153 -90.548513 17.811280
-38.784840 -91.658169 -9.721945
6
-19.042483 59.277435 -78.253240
-44.277039 62.934371 -63.865553
-56.435299 45.051302 -69.176855
-55.486695 44.431646 -70.335308
-29.486062 42.772079 -85.446600
-23.629992 48.445396 -84.229847
6
-53.014486 84.769684 1.888098
-32.756537 93.581462 13.019958
-31.057797 93.913506 14.685592
-50.071704 81.092148 30.280160
-54.481420 79.160572 27.665480
-57.733449 81.437763 5.894031
6
-8.820575 11.270045 -98.970620
-32.635193 -1.973088 -94.504239
-31.990683 -17.383531 -93.136508
-5.077114 -26.214314 -96.369252
-3.467472 -25.991500 -96.500873
-5.464595 11.344065 -99.204085
5
64.673389 41.157329 64.213917
70.523136 39.942787 58.575259
84.846466 21.863827 48.198032
77.131397 9.419460 62.944590
60.190375 29.304724 74.285610
6
72.473577 59.624003 34.533445
53.954643 64.806584 53.749448
53.692358 65.147028 53.600331
53.884398 81.855183 19.904789
56.451654 80.974479 16.010765
73.815475 60.730599 29.378053
5
29.596052 -78.858087 -53.902466
12.622697 -90.173331 -41.345348
15.505635 -92.806567 -33.860249
43.637901 -84.429954 -31.101712
46.569509 -81.931746 -33.443532
8
50.708826 -79.831613 32.488898
50.801092 -79.777702 32.477183
57.608290 -76.931290 27.619948
62.571796 -76.689334 14.265916
60.825372 -79.314312 3.084494
49.125124 -87.088358 1.529739
41.180705 -90.927852 6.022898
40.663147 -88.195384 23.834484
7
27.919512 42.744238 85.985062
51.797640 27.191491 81.102573
48.870707 8.462300 86.833424
37.543790 1.301842 92.675612
13.684614 10.477060 98.503617
12.147503 19.832485 97.257959
26.427887 42.388001 86.630388
6
5.101235 -87.178566 -48.722429
-17.318157 -90.347391 -39.210079
-8.489350 -96.562020 -24.570454
13.129087 -94.697332 -29.326481
15.505635 -92.806567 -33.860249
12.622697 -90.173331 -41.345348
6
50.374318 -66.995406 54.534793
55.479247 -66.611149 49.849855
50.801092 -79.777702 32.477183
50.708826 -79.831613 32.488898
27.708764 -79.522281 53.929873
28.247242 -78.748873 54.778721
6
31.422657 52.190176 79.301968
53.986529 63.770972 54.942859
64.673389 41.157329 64.213917
60.190375 29.304724 74.285610
51.797640 27.191491 81.102573
27.919512 42.744238 85.985062
6
-96.079281 -27.446377 3.932963
-86.601598 -43.975472 -23.797500
-91.045077 -22.170603 -34.917880
-91.193304 -21.553277 -34.917583
-98.294984 -10.107460 -15.360185
-98.941069 -10.064400 -10.458145
6
-2.459448 95.021279 -31.062962
1.915259 90.347526 -42.821214
19.104092 88.516780 -42.424207
26.427117 88.979976 -37.204454
24.052320 93.053647 -27.613487
11.220772 98.333866 -14.301924
6
21.546391 -93.146438 29.317129
40.663147 -88.195384 23.834484
41.180705 -90.927852 6.022898
39.079719 -91.895357 5.293285
25.511874 -96.403630 7.448791
16.599929 -96.189799 21.724753
5
99.280129 11.803997 -2.030191
94.275408 32.640099 6.838957
88.185123 46.808497 -5.687595
94.864755 25.955848 -18.082375
97.889049 16.859847 -11.553338
6
-98.941069 -10.064400 -10.458145
-98.294984 -10.107460 -15.360185
-92.338304 16.391144 -34.712650
-91.420466 35.661114 -19.250540
-93.056569 34.133159 -13.243955
-99.801765 -2.714931 -5.677748
4
14.524551 68.571480 -71.323135
19.104092 88.516780 -42.424207
1.915259 90.347526 -42.821214
-2.649603 86.677645 -49.799252
5
-58.025658 44.925505 -67.931745
-56.435299 45.051302 -69.176855
-44.277039 62.934371 -63.865553
-46.140951 69.409832 -55.256564
-65.462365 54.110243 -52.789775
6
-7.186692 -98.054780 18.265038
-9.554685 -97.686620 19.131969
-24.192264 -89.201889 38.180589
-15.401361 -86.318107 48.083078
-4.842628 -89.804748 43.722490
-3.261401 -91.552281 40.094178
6
-2.894638 -2.231162 99.933193
-12.251102 -28.049255 95.200577
-17.491317 -28.884952 94.126051
-23.103633 -0.749478 97.291626
-22.298467 0.142511 97.482091
-19.330853 1.268286 98.105604
5
-41.333071 -29.359981 -86.194946
-17.715107 -47.399090 -86.252543
-5.077114 -26.214314 -96.369252
-31.990683 -17.383531 -93.136508
-41.226139 -28.534979 -86.522601
6
94.356309 4.937042 -32.749236
90.844961 7.114561 -41.189514
85.000820 -3.551526 -52.557085
89.987761 -13.709175 -41.403640
94.452985 -15.136655 -29.146445
96.640801 -4.360728 -25.328632
8
-17.491317 -28.884952 94.126051
-12.251102 -28.049255 95.200577
-2.597592 -30.199014 95.295708
-0.110641 -32.213612 94.669271
3.694267 -44.154550 89.647800
-2.771663 -54.430516 83.842929
-21.160421 -52.485154 82.447227
-32.149868 -38.808347 86.373018
6
63.945955 70.562271 -30.526723
71.731603 69.452727 -5.558412
56.423732 82.561208 0.097232
50.180886 86.329459 -5.394740
50.163087 86.333288 -5.498010
50.718232 82.685715 -24.305008
5
89.475870 26.950440 35.605371
88.754933 23.589490 39.573954
84.846466 21.863827 48.198032
70.523136 39.942787 58.575259
78.567668 44.757539 42.706959
6
-15.655462 94.530907 -28.614928
-18.817136 87.014073 -45.546312
-12.938976 84.755564 -51.469187
-2.649603 86.677645 -49.799252
1.915259 90.347526 -42.821214
-2.459448 95.021279 -31.062962
5
3.694267 -44.154550 89.647800
-0.110641 -32.213612 94.669271
28.264604 -27.152637 91.999166
29.139639 -27.497896 91.622853
18.968444 -43.987058 87.780048
7
88.754933 23.589490 39.573954
89.475870 26.950440 35.605371
90.400328 27.490288 32.742401
99.842123 -1.583469 5.389174
99.740622 -4.388751 5.705014
99.579363 -6.404535 6.552275
92.584680 -7.802852 36.975566
6
53.986529 63.770972 54.942859
53.954643 64.806584 53.749448
72.473577 59.624003 34.533445
78.567668 44.757539 42.706959
70.523136 39.942787 58.575259
64.673389 41.157329 64.213917
6
76.511707 -12.822373 63.099488
77.131397 9.419460 62.944590
84.846466 21.863827 48.198032
88.754933 23.589490 39.573954
92.584680 -7.802852 36.975566
90.733759 -10.501323 40.707582
5
67.412379 -73.429746 -7.977690
60.825372 -79.314312 3.084494
62.571796 -76.689334 14.265916
83.546056 -51.827518 18.274706
82.685639 -55.451041 9.395062
6
-48.457311 79.733909 35.977670
-50.071704 81.092148 30.280160
-31.057797 93.913506 14.685592
-23.502010 95.949777 15.533699
-22.570378 85.756515 46.221188
-39.968757 79.273221 46.024503
6
43.637901 -84.429954 -31.101712
15.505635 -92.806567 -33.860249
13.129087 -94.697332 -29.326481
16.416331 -97.970571 -11.500928
31.480340 -94.147578 -12.050800
42.422239 -87.358175 -23.851686
6
-32.269461 -38.774212 86.343745
-32.149868 -38.808347 86.373018
-21.160421 -52.485154 82.447227
-22.047685 -64.453875 73.209272
-26.108654 -67.313488 69.189830
-46.209598 -63.181630 62.231460
5
90.617669 35.331488 23.240568
94.275408 32.640099 6.838957
99.280129 11.803997 -2.030191
99.842123 -1.583469 5.389174
90.400328 27.490288 32.742401
5
18.831332 -23.277361 -95.412501
23.798875 -29.386208 -92.574642
49.735581 -21.655314 -84.008448
47.566481 -11.876418 -87.157217
23.268806 -9.463313 -96.793638
7
-32.269461 -38.774212 86.343745
-46.209598 -63.181630 62.231460
-49.726222 -63.973527 58.606235
-57.938387 -42.318550 69.658335
-54.063159 -34.747637 76.614467
-47.143207 -34.221231 81.279920
-33.852818 -37.768490 86.183107
7
-43.368327 -88.923161 -14.555401
-43.943793 -86.035224 -25.824083
-61.748182 -70.688052 -34.501614
-73.748509 -60.283229 -30.448149
-77.890808 -58.481304 -22.648599
-78.207331 -60.587772 -14.585450
-58.467393 -80.982111 -4.843721
8
-96.371067 14.421359 22.464235
-92.440157 37.116693 8.784562
-89.831178 42.401910 11.508149
-79.678654 52.514205 29.892647
-77.905855 52.928818 33.603839
-80.596776 41.020013 42.679249
-86.249358 28.903711 41.540627
-96.165815 13.970285 23.600151
4
22.063224 -57.941806 78.459934
26.098554 -60.986182 74.830149
0.868549 -71.696371 69.705639
-0.480840 -56.614322 82.429287
7
14.577702 -59.788092 -78.821791
15.141667 -59.458534 -78.964629
28.409075 -44.389717 -84.985161
23.798875 -29.386208 -92.574642
18.831332 -23.277361 -95.412501
-0.273877 -26.788586 -96.344676
3.112139 -59.416560 -80.374044
6
90.733759 -10.501323 40.707582
84.174228 -47.246841 26.123464
83.011020 -47.927697 28.497482
71.110796 -25.600438 65.481846
73.289221 -17.266219 65.807049
76.511707 -12.822373 63.099488
5
31.480340 -94.147578 -12.050800
39.079719 -91.895357 5.293285
41.180705 -90.927852 6.022898
49.125124 -87.088358 1.529739
42.422239 -87.358175 -23.851686
6
56.451654 80.974479 16.010765
56.423732 82.561208 0.097232
71.731603 69.452727 -5.558412
80.769447 58.762038 -4.829008
80.679532 55.918066 19.078338
73.815475 60.730599 29.378053
4
-58.477016 -71.880355 37.598581
-68.024503 -67.026639 29.666424
-70.776424 -51.067292 48.814234
-50.694067 -65.277981 56.292955
6
-75.823344 0.262840 65.197787
-65.178931 9.483409 75.244746
-50.321484 1.258680 86.406967
-49.344438 -7.372793 86.664689
-52.487071 -11.018256 84.402046
-75.005730 -5.556480 65.903460
6
-56.023199 -17.230229 -81.021728
-56.336011 11.025429 -81.882195
-60.902557 10.576238 -78.606754
-73.826629 2.542995 -67.402982
-77.273154 -12.010677 -62.326586
-75.053077 -16.008139 -64.115327
7
-16.690520 59.399564 78.696368
-6.810433 46.379870 88.331906
-15.257837 30.860499 93.887316
-28.146119 31.936443 90.486793
-39.517403 48.910884 77.756674
-39.528975 49.217729 77.556916
-33.499279 54.083342 77.154329
6
51.780443 -78.351034 -34.349690
66.167169 -67.946015 -31.705596
67.280419 -60.500220 -42.580143
50.744326 -54.737308 -66.549534
41.482844 -64.588812 -64.089461
40.381321 -66.915434 -62.383280
5
-33.499279 54.083342 77.154329
-29.283646 71.702052 63.255702
-9.277346 81.630014 57.012908
-8.821042 66.946257 73.758985
-16.690520 59.399564 78.696368
8
-68.043010 38.015942 62.649318
-57.132464 22.953836 78.797227
-57.212539 21.578862 79.126974
-65.178931 9.483409 75.244746
-75.823344 0.262840 65.197787
-77.110447 1.970815 63.640355
-78.346441 12.315400 60.911133
-70.615058 36.342497 60.767890
8
-98.941069 -10.064400 -10.458145
-99.801765 -2.714931 -5.677748
-96.371067 14.421359 22.464235
-96.165815 13.970285 23.600151
-94.600151 2.465717 32.322309
-92.632334 -25.407478 27.815656
-94.133517 -31.976352 10.788598
-96.079281 -27.446377 3.932963
6
-17.435715 -82.351579 53.983454
-15.401361 -86.318107 48.083078
-24.192264 -89.201889 38.180589
-38.122477 -85.756093 34.533596
-38.539459 -77.446618 50.167035
-25.382491 -78.526033 56.474696
5
-17.392787 94.643068 -27.206261
-32.564591 88.019222 -34.527728
-30.562566 84.936043 -43.032525
-18.817136 87.014073 -45.546312
-15.655462 94.530907 -28.614928
6
-42.223666 -30.948482 -85.201840
-37.820303 -53.789722 -75.341161
-16.004573 -65.536821 -73.815844
-12.810203 -63.000309 -76.595429
-17.715107 -47.399090 -86.252543
-41.333071 -29.359981 -86.194946
5
-22.047685 -64.453875 73.209272
-2.702397 -74.942361 66.153908
-17.435715 -82.351579 53.983454
-25.382491 -78.526033 56.474696
-26.108654 -67.313488 69.189830
5
-61.748182 -70.688052 -34.501614
-43.943793 -86.035224 -25.824083
-38.952065 -86.114862 -32.664463
-41.856784 -71.242952 -56.324519
-50.204230 -64.815523 -57.258040
7
9.390448 99.414629 5.343310
17.730927 98.192731 6.618290
37.506410 87.661861 30.144109
30.765450 81.644233 48.864161
25.155596 82.237493 51.031272
3.604777 97.908704 20.022268
1.819532 99.474035 10.079963
6
-39.968757 79.273221 46.024503
-22.570378 85.756515 46.221188
-9.210944 81.734177 56.874273
-9.277346 81.630014 57.012908
-29.283646 71.702052 63.255702
-41.849265 72.379728 54.861771
6
4.173151 -83.238782 -55.262012
5.101235 -87.178566 -48.722429
12.622697 -90.173331 -41.345348
29.596052 -78.858087 -53.902466
28.698272 -75.966144 -58.357125
18.290631 -74.149842 -64.554270
6
-2.702397 -74.942361 66.153908
-1.303281 -74.841210 66.310593
10.061668 -81.397883 57.211428
-4.842628 -89.804748 43.722490
-15.401361 -86.318107 48.083078
-17.435715 -82.351579 53.983454
8
-38.784840 -91.658169 -9.721945
-15.036722 -98.569542 -7.611986
-8.489350 -96.562020 -24.570454
-17.318157 -90.347391 -39.210079
-22.795499 -88.372886 -40.872952
-38.952065 -86.114862 -32.664463
-43.943793 -86.035224 -25.824083
-43.368327 -88.923161 -14.555401
6
46.211346 59.003602 -66.204883
69.827930 54.324936 -46.613963
72.660189 56.867954 -38.555581
65.450149 67.056894 -34.923501
43.171172 75.217165 -49.785821
40.726834 62.732509 -66.377385
6
-33.499279 54.083342 77.154329
-39.528975 49.217729 77.556916
-45.896040 51.944116 72.078862
-50.638629 61.610117 60.331772
-41.849265 72.379728 54.861771
-29.283646 71.702052 63.255702
7
-0.480840 -56.614322 82.429287
0.868549 -71.696371 69.705639
-1.303281 -74.841210 66.310593
-2.702397 -74.942361 66.153908
-22.047685 -64.453875 73.209272
-21.160421 -52.485154 82.447227
-2.771663 -54.430516 83.842929
7
19.602748 80.622487 55.818875
20.020964 73.869119 64.362367
4.439883 62.774055 77.715542
-8.821042 66.946257 73.758985
-9.277346 81.630014 57.012908
-9.210944 81.734177 56.874273
-8.206823 82.050484 56.571778
4
62.906811 -9.839839 77.109732
35.663158 -20.636825 91.116742
37.543790 1.301842 92.675612
48.870707 8.462300 86.833424
4
11.032022 -9.970993 98.888188
28.264604 -27.152637 91.999166
-0.110641 -32.213612 94.669271
-2.597592 -30.199014 95.295708
7
-38.519153 -90.548513 17.811280
-9.554685 -97.686620 19.131969
-7.186692 -98.054780 18.265038
-5.033501 -98.645685 15.610659
-5.921932 -99.794246 2.457466
-15.036722 -98.569542 -7.611986
-38.784840 -91.658169 -9.721945
6
-10.319804 99.026079 9.345439
-23.502010 95.949777 15.533699
-31.057797 93.913506 14.685592
-32.756537 93.581462 13.019958
-40.685447 89.673902 -17.415103
-21.422811 96.307741 -16.305896
7
-49.726222 -63.973527 58.606235
-50.681253 -65.279091 56.303204
-50.694067 -65.277981 56.292955
-70.776424 -51.067292 48.814234
-73.877655 -45.686250 49.546530
-72.457961 -43.993062 53.051432
-57.938387 -42.318550 69.658335
5
-3.261401 -91.552281 40.094178
-4.842628 -89.804748 43.722490
10.061668 -81.397883 57.211428
24.989399 -81.108725 52.885770
20.452269 -90.511507 37.274277
4
-80.596776 41.020013 42.679249
-70.615058 36.342497 60.767890
-78.346441 12.315400 60.911133
-86.249358 28.903711 41.540627
5
16.416331 -97.970571 -11.500928
15.251856 -98.418961 -9.004939
25.511874 -96.403630 7.448791
39.079719 -91.895357 5.293285
31.480340 -94.147578 -12.050800
5
-57.733449 81.437763 5.894031
-65.877313 75.044474 5.339148
-68.939377 70.817977 -15.237340
-53.068063 84.137621 -10.229442
-53.014486 84.769684 1.888098
7
-56.336011 11.025429 -81.882195
-54.107076 12.108858 -83.221391
-55.486695 44.431646 -70.335308
-56.435299 45.051302 -69.176855
-58.025658 44.925505 -67.931745
-68.681075 32.964007 -64.778733
-60.902557 10.576238 -78.606754
6
-57.132464 22.953836 78.797227
-39.517403 48.910884 77.756674
-28.146119 31.936443 90.486793
-31.999565 25.826641 91.153785
-50.357820 19.230570 84.227520
-57.212539 21.578862 79.126974
4
-99.801765 -2.714931 -5.677748
-93.056569 34.133159 -13.243955
-92.440157 37.116693 8.784562
-96.371067 14.421359 22.464235
4
-8.820575 11.270045 -98.970620
-30.599227 37.524402 -87.496323
-45.909423 12.271413 -87.987143
-32.635193 -1.973088 -94.504239
5
-50.638629 61.610117 60.331772
-61.223539 61.270116 49.976506
-48.457311 79.733909 35.977670
-39.968757 79.273221 46.024503
-41.849265 72.379728 54.861771
6
-17.255482 -70.990645 -68.283063
-19.569553 -72.477918 -66.060457
-22.795499 -88.372886 -40.872952
-17.318157 -90.347391 -39.210079
5.101235 -87.178566 -48.722429
4.173151 -83.238782 -55.262012
6
-86.601598 -43.975472 -23.797500
-77.890808 -58.481304 -22.648599
-73.748509 -60.283229 -30.448149
-73.797929 -59.678347 -31.501755
-79.507975 -39.842327 -45.728228
-91.045077 -22.170603 -34.917880
5
-49.344438 -7.372793 86.664689
-37.268259 -9.843928 92.272281
-33.852818 -37.768490 86.183107
-47.143207 -34.221231 81.279920
-52.487071 -11.018256 84.402046
5
-12.938976 84.755564 -51.469187
-18.817136 87.014073 -45.546312
-30.562566 84.936043 -43.032525
-38.107278 76.818439 -51.446698
-20.701968 74.355005 -63.582716
7
-20.701968 74.355005 -63.582716
-38.107278 76.818439 -51.446698
-44.072843 74.018560 -50.782254
-46.140951 69.409832 -55.256564
-44.277039 62.934371 -63.865553
-19.042483 59.277435 -78.253240
-15.626367 62.576215 -76.420115
9
67.794923 -67.550032 -28.997269
66.167169 -67.946015 -31.705596
51.780443 -78.351034 -34.349690
46.569509 -81.931746 -33.443532
43.637901 -84.429954 -31.101712
42.422239 -87.358175 -23.851686
49.125124 -87.088358 1.529739
60.825372 -79.314312 3.084494
67.412379 -73.429746 -7.977690
7
-75.053077 -16.008139 -64.115327
-69.225720 -34.366961 -63.456376
-60.049506 -38.851170 -69.890224
-42.223666 -30.948482 -85.201840
-41.333071 -29.359981 -86.194946
-41.226139 -28.534979 -86.522601
-56.023199 -17.230229 -81.021728
5
-65.178931 9.483409 75.244746
-57.212539 21.578862 79.126974
-50.357820 19.230570 84.227520
-43.981574 7.383661 89.504763
-50.321484 1.258680 86.406967
4
-89.831178 42.401910 11.508149
-79.787981 60.280802 0.320799
-73.542399 67.098036 9.453522
-79.678654 52.514205 29.892647
5
64.587319 -58.721355 48.788120
60.681625 -38.709241 69.421431
71.110796 -25.600438 65.481846
83.011020 -47.927697 28.497482
72.844520 -57.862236 36.682933
7
-91.420466 35.661114 -19.250540
-85.902268 44.740978 -24.880622
-76.052440 62.955734 -15.893458
-79.787981 60.280802 0.320799
-89.831178 42.401910 11.508149
-92.440157 37.116693 8.784562
-93.056569 34.133159 -13.243955
5
65.450149 67.056894 -34.923501
63.945955 70.562271 -30.526723
50.718232 82.685715 -24.305008
40.169875 81.711599 -41.347259
43.171172 75.217165 -49.785821
4
29.228987 -61.738953 73.034020
46.214295 -49.699424 73.445260
50.374318 -66.995406 54.534793
28.247242 -78.748873 54.778721
6
-76.052440 62.955734 -15.893458
-85.902268 44.740978 -24.880622
-78.090683 45.949854 -42.313782
-68.952966 54.486473 -47.714911
-61.855715 70.736606 -34.208231
-70.743055 68.418515 -17.729269
8
-50.204230 -64.815523 -57.258040
-41.856784 -71.242952 -56.324519
-19.569553 -72.477918 -66.060457
-17.255482 -70.990645 -68.283063
-16.004573 -65.536821 -73.815844
-37.820303 -53.789722 -75.341161
-50.958444 -57.509076 -63.999556
-51.916579 -60.956787 -59.907753
8
28.247242 -78.748873 54.778721
27.708764 -79.522281 53.929873
24.989399 -81.108725 52.885770
10.061668 -81.397883 57.211428
-1.303281 -74.841210 66.310593
0.868549 -71.696371 69.705639
26.098554 -60.986182 74.830149
29.228987 -61.738953 73.034020
6
96.640801 -4.360728 -25.328632
99.740622 -4.388751 5.705014
99.842123 -1.583469 5.389174
99.280129 11.803997 -2.030191
97.889049 16.859847 -11.553338
94.356309 4.937042 -32.749236
7
73.815475 60.730599 29.378053
80.679532 55.918066 19.078338
90.617669 35.331488 23.240568
90.400328 27.490288 32.742401
89.475870 26.950440 35.605371
78.567668 44.757539 42.706959
72.473577 59.624003 34.533445
5
40.169875 81.711599 -41.347259
50.718232 82.685715 -24.305008
50.163087 86.333288 -5.498010
24.052320 93.053647 -27.613487
26.427117 88.979976 -37.204454
5
20.917906 19.359476 -95.852240
23.268806 -9.463313 -96.793638
47.566481 -11.876418 -87.157217
53.145897 1.212308 -84.699728
43.980265 17.634036 -88.061212
6
-79.382644 -41.559077 44.398636
-73.877655 -45.686250 49.546530
-70.776424 -51.067292 48.814234
-68.024503 -67.026639 29.666424
-72.013618 -66.586362 19.501159
-77.935741 -60.670921 15.654378
6
-58.467393 -80.982111 -4.843721
-78.207331 -60.587772 -14.585450
-83.191522 -54.961586 7.641644
-77.935741 -60.670921 15.654378
-72.013618 -66.586362 19.501159
-62.916544 -76.578386 13.313876
6
-79.678654 52.514205 29.892647
-73.542399 67.098036 9.453522
-69.371204 71.341744 9.899072
-63.443227 72.596125 26.547309
-73.923848 57.078701 35.739145
-77.905855 52.928818 33.603839
6
21.546391 -93.146438 29.317129
16.599929 -96.189799 21.724753
-5.033501 -98.645685 15.610659
-7.186692 -98.054780 18.265038
-3.261401 -91.552281 40.094178
20.452269 -90.511507 37.274277
6
40.381321 -66.915434 -62.383280
41.482844 -64.588812 -64.089461
15.141667 -59.458534 -78.964629
14.577702 -59.788092 -78.821791
18.290631 -74.149842 -64.554270
28.698272 -75.966144 -58.357125
5
60.356543 30.569992 -73.638056
70.264284 25.482734 -66.434634
75.801068 31.435495 -57.148996
69.827930 54.324936 -46.613963
46.211346 59.003602 -66.204883
5
7.820679 0.491337 99.692505
11.032022 -9.970993 98.888188
-2.597592 -30.199014 95.295708
-12.251102 -28.049255 95.200577
-2.894638 -2.231162 99.933193
4
81.394538 -36.058174 -45.549285
81.051612 -13.026908 -57.104605
66.724787 -32.859720 -66.843411
75.568851 -43.158072 -49.261848
6
11.220772 98.333866 -14.301924
24.052320 93.053647 -27.613487
50.163087 86.333288 -5.498010
50.180886 86.329459 -5.394740
17.730927 98.192731 6.618290
9.390448 99.414629 5.343310
5
28.409075 -44.389717 -84.985161
15.141667 -59.458534 -78.964629
41.482844 -64.588812 -64.089461
50.744326 -54.737308 -66.549534
49.988599 -45.538877 -73.670555
5
-86.249358 28.903711 41.540627
-78.346441 12.315400 60.911133
-77.110447 1.970815 63.640355
-94.600151 2.465717 32.322309
-96.165815 13.970285 23.600151
7
-73.923848 57.078701 35.739145
-63.443227 72.596125 26.547309
-54.481420 79.160572 27.665480
-50.071704 81.092148 30.280160
-48.457311 79.733909 35.977670
-61.223539 61.270116 49.976506
-63.254060 60.154889 48.788454
7
1.819532 99.474035 10.079963
3.604777 97.908704 20.022268
-8.206823 82.050484 56.571778
-9.210944 81.734177 56.874273
-22.570378 85.756515 46.221188
-23.502010 95.949777 15.533699
-10.319804 99.026079 9.345439
6
13.129087 -94.697332 -29.326481
-8.489350 -96.562020 -24.570454
-15.036722 -98.569542 -7.611986
-5.921932 -99.794246 2.457466
15.251856 -98.418961 -9.004939
16.416331 -97.970571 -11.500928
5
72.844520 -57.862236 36.682933
57.608290 -76.931290 27.619948
50.801092 -79.777702 32.477183
55.479247 -66.611149 49.849855
64.587319 -58.721355 48.788120
6
20.452269 -90.511507 37.274277
24.989399 -81.108725 52.885770
27.708764 -79.522281 53.929873
50.708826 -79.831613 32.488898
40.663147 -88.195384 23.834484
21.546391 -93.146438 29.317129
5
91.279818 -36.008200 -19.271853
93.341279 -32.064896 -16.101183
94.452985 -15.136655 -29.146445
89.987761 -13.709175 -41.403640
86.799627 -33.256408 -36.875955
8
53.954643 64.806584 53.749448
53.986529 63.770972 54.942859
31.422657 52.190176 79.301968
20.020964 73.869119 64.362367
19.602748 80.622487 55.818875
25.155596 82.237493 51.031272
30.765450 81.644233 48.864161
53.692358 65.147028 53.600331
5
-91.193304 -21.553277 -34.917583
-85.673502 -12.666376 -49.996140
-90.458675 15.504465 -39.709440
-92.338304 16.391144 -34.712650
-98.294984 -10.107460 -15.360185
6
66.724787 -32.859720 -66.843411
58.415794 -33.588168 -73.887956
49.988599 -45.538877 -73.670555
50.744326 -54.737308 -66.549534
67.280419 -60.500220 -42.580143
75.568851 -43.158072 -49.261848
5
-53.068063 84.137621 -10.229442
-43.885000 87.699610 -19.567452
-40.685447 89.673902 -17.415103
-32.756537 93.581462 13.019958
-53.014486 84.769684 1.888098
7
83.011020 -47.927697 28.497482
84.174228 -47.246841 26.123464
84.999969 -47.394996 22.993902
83.546056 -51.827518 18.274706
62.571796 -76.689334 14.265916
57.608290 -76.931290 27.619948
72.844520 -57.862236 36.682933
6
-54.063159 -34.747637 76.614467
-70.360994 -18.900277 68.498978
-75.042823 -6.958923 65.727833
-75.005730 -5.556480 65.903460
-52.487071 -11.018256 84.402046
-47.143207 -34.221231 81.279920
8
29.139639 -27.497896 91.622853
28.264604 -27.152637 91.999166
11.032022 -9.970993 98.888188
7.820679 0.491337 99.692505
13.684614 10.477060 98.503617
37.543790 1.301842 92.675612
35.663158 -20.636825 91.116742
32.459164 -26.828997 90.700648
6
-38.122477 -85.756093 34.533596
-24.192264 -89.201889 38.180589
-9.554685 -97.686620 19.131969
-38.519153 -90.548513 17.811280
-42.397971 -87.302289 24.098181
-42.052747 -86.229642 28.213744
7
-94.600151 2.465717 32.322309
-77.110447 1.970815 63.640355
-75.823344 0.262840 65.197787
-75.005730 -5.556480 65.903460
-75.042823 -6.958923 65.727833
-86.410362 -30.574246 39.980805
-92.632334 -25.407478 27.815656
6
-75.042823 -6.958923 65.727833
-70.360994 -18.900277 68.498978
-72.457961 -43.993062 53.051432
-73.877655 -45.686250 49.546530
-79.382644 -41.559077 44.398636
-86.410362 -30.574246 39.980805
4
-60.049506 -38.851170 -69.890224
-50.958444 -57.509076 -63.999556
-37.820303 -53.789722 -75.341161
-42.223666 -30.948482 -85.201840
4
-79.205375 35.757460 -49.476384
-90.039407 15.891829 -40.501296
-78.841010 14.541418 -59.771585
-74.917891 29.953241 -59.077178
7
-68.939377 70.817977 -15.237340
-70.743055 68.418515 -17.729269
-61.855715 70.736606 -34.208231
-53.875190 75.821430 -36.722944
-44.203117 86.108138 -25.129126
-43.885000 87.699610 -19.567452
-53.068063 84.137621 -10.229442
5
-32.615165 -3.743347 94.457601
-42.771121 7.319242 90.094727
-32.789754 18.101763 92.720862
-22.298467 0.142511 97.482091
-23.103633 -0.749478 97.291626
4
-66.343164 -53.319511 -52.493945
-70.789103 -37.948219 -59.572104
-79.507975 -39.842327 -45.728228
-73.797929 -59.678347 -31.501755
6
49.988599 -45.538877 -73.670555
58.415794 -33.588168 -73.887956
57.763576 -28.874799 -76.351917
49.735581 -21.655314 -84.008448
23.798875 -29.386208 -92.574642
28.409075 -44.389717 -84.985161
5
14.112481 49.047073 85.995480
-6.810433 46.379870 88.331906
-16.690520 59.399564 78.696368
-8.821042 66.946257 73.758985
4.439883 62.774055 77.715542
7
72.660189 56.867954 -38.555581
80.556054 51.651529 -29.031738
82.328231 56.288141 -7.328541
80.769447 58.762038 -4.829008
71.731603 69.452727 -5.558412
63.945955 70.562271 -30.526723
65.450149 67.056894 -34.923501
5
-74.917891 29.953241 -59.077178
-78.841010 14.541418 -59.771585
-73.826629 2.542995 -67.402982
-60.902557 10.576238 -78.606754
-68.681075 32.964007 -64.778733
4
25.155596 82.237493 51.031272
19.602748 80.622487 55.818875
-8.206823 82.050484 56.571778
3.604777 97.908704 20.022268
6
-21.422811 96.307741 -16.305896
-40.685447 89.673902 -17.415103
-43.885000 87.699610 -19.567452
-44.203117 86.108138 -25.129126
-32.564591 88.019222 -34.527728
-17.392787 94.643068 -27.206261
6
96.640801 -4.360728 -25.328632
94.452985 -15.136655 -29.146445
93.341279 -32.064896 -16.101183
97.369345 -22.657174 2.421407
99.579363 -6.404535 6.552275
99.740622 -4.388751 5.705014
5
3.694267 -44.154550 89.647800
18.968444 -43.987058 87.780048
22.063224 -57.941806 78.459934
-0.480840 -56.614322 82.429287
-2.771663 -54.430516 83.842929
8
-77.273154 -12.010677 -62.326586
-85.673502 -12.666376 -49.996140
-91.193304 -21.553277 -34.917583
-91.045077 -22.170603 -34.917880
-79.507975 -39.842327 -45.728228
-70.789103 -37.948219 -59.572104
-69.225720 -34.366961 -63.456376
-75.053077 -16.008139 -64.115327
7
-19.330853 1.268286 98.105604
-22.298467 0.142511 97.482091
-32.789754 18.101763 92.720862
-31.999565 25.826641 91.153785
-28.146119 31.936443 90.486793
-15.257837 30.860499 93.887316
-11.717956 27.405577 95.454826
6
97.889049 16.859847 -11.553338
94.864755 25.955848 -18.082375
88.519375 30.569727 -35.068677
87.998922 28.171076 -38.243696
90.844961 7.114561 -41.189514
94.356309 4.937042 -32.749236
7
81.051612 -13.026908 -57.104605
82.563599 -4.315849 -56.255004
76.748308 1.601729 -64.086907
66.814316 -4.532227 -74.265107
57.763576 -28.874799 -76.351917
58.415794 -33.588168 -73.887956
66.724787 -32.859720 -66.843411
6
82.563599 -4.315849 -56.255004
81.051612 -13.026908 -57.104605
81.394538 -36.058174 -45.549285
86.799627 -33.256408 -36.875955
89.987761 -13.709175 -41.403640
85.000820 -3.551526 -52.557085
7
-79.205375 35.757460 -49.476384
-74.917891 29.953241 -59.077178
-68.681075 32.964007 -64.778733
-58.025658 44.925505 -67.931745
-65.462365 54.110243 -52.789775
-68.952966 54.486473 -47.714911
-78.090683 45.949854 -42.313782
5
29.596052 -78.858087 -53.902466
46.569509 -81.931746 -33.443532
51.780443 -78.351034 -34.349690
40.381321 -66.915434 -62.383280
28.698272 -75.966144 -58.357125
6
-37.268259 -9.843928 92.272281
-49.344438 -7.372793 86.664689
-50.321484 1.258680 86.406967
-43.981574 7.383661 89.504763
-42.771121 7.319242 90.094727
-32.615165 -3.743347 94.457601
7
97.369345 -22.657174 2.421407
93.341279 -32.064896 -16.101183
91.279818 -36.008200 -19.271853
84.541079 -50.044098 -18.665321
82.685639 -55.451041 9.395062
83.546056 -51.827518 18.274706
84.999969 -47.394996 22.993902
6
70.264284 25.482734 -66.434634
60.356543 30.569992 -73.638056
43.980265 17.634036 -88.061212
53.145897 1.212308 -84.699728
66.814316 -4.532227 -74.265107
76.748308 1.601729 -64.086907
8
40.726834 62.732509 -66.377385
43.171172 75.217165 -49.785821
40.169875 81.711599 -41.347259
26.427117 88.979976 -37.204454
19.104092 88.516780 -42.424207
14.524551 68.571480 -71.323135
15.373355 65.837825 -73.682024
22.975128 61.816733 -75.172036
6
3.112139 -59.416560 -80.374044
-0.273877 -26.788586 -96.344676
-3.467472 -25.991500 -96.500873
-5.077114 -26.214314 -96.369252
-17.715107 -47.399090 -86.252543
-12.810203 -63.000309 -76.595429
8
40.726834 62.732509 -66.377385
22.975128 61.816733 -75.172036
18.565184 21.405709 -95.901666
18.576204 21.352123 -95.911477
20.917906 19.359476 -95.852240
43.980265 17.634036 -88.061212
60.356543 30.569992 -73.638056
46.211346 59.003602 -66.204883
5
-43.981574 7.383661 89.504763
-50.357820 19.230570 84.227520
-31.999565 25.826641 91.153785
-32.789754 18.101763 92.720862
-42.771121 7.319242 90.094727
6
-94.133517 -31.976352 10.788598
-83.191522 -54.961586 7.641644
-78.207331 -60.587772 -14.585450
-77.890808 -58.481304 -22.648599
-86.601598 -43.975472 -23.797500
-96.079281 -27.446377 3.932963
6
-69.225720 -34.366961 -63.456376
-70.789103 -37.948219 -59.572104
-66.343164 -53.319511 -52.493945
-51.916579 -60.956787 -59.907753
-50.958444 -57.509076 -63.999556
-60.049506 -38.851170 -69.890224
7
-32.149868 -38.808347 86.373018
-32.269461 -38.774212 86.343745
-33.852818 -37.768490 86.183107
-37.268259 -9.843928 92.272281
-32.615165 -3.743347 94.457601
-23.103633 -0.749478 97.291626
-17.491317 -28.884952 94.126051
7
-92.338304 16.391144 -34.712650
-90.458675 15.504465 -39.709440
-90.039407 15.891829 -40.501296
-79.205375 35.757460 -49.476384
-78.090683 45.949854 -42.313782
-85.902268 44.740978 -24.880622
-91.420466 35.661114 -19.250540
7
76.511707 -12.822373 63.099488
73.289221 -17.266219 65.807049
62.906811 -9.839839 77.109732
48.870707 8.462300 86.833424
51.797640 27.191491 81.102573
60.190375 29.304724 74.285610
77.131397 9.419460 62.944590
6
-58.477016 -71.880355 37.598581
-42.052747 -86.229642 28.213744
-42.397971 -87.302289 24.098181
-62.916544 -76.578386 13.313876
-72.013618 -66.586362 19.501159
-68.024503 -67.026639 29.666424
7
-56.023199 -17.230229 -81.021728
-41.226139 -28.534979 -86.522601
-31.990683 -17.383531 -93.136508
-32.635193 -1.973088 -94.504239
-45.909423 12.271413 -87.987143
-54.107076 12.108858 -83.221391
-56.336011 11.025429 -81.882195
4
53.692358 65.147028 53.600331
30.765450 81.644233 48.864161
37.506410 87.661861 30.144109
53.884398 81.855183 19.904789
7
-3.467472 -25.991500 -96.500873
-0.273877 -26.788586 -96.344676
18.831332 -23.277361 -95.412501
23.268806 -9.463313 -96.793638
20.917906 19.359476 -95.852240
18.576204 21.352123 -95.911477
-5.464595 11.344065 -99.204085
7
90.844961 7.114561 -41.189514
87.998922 28.171076 -38.243696
75.801068 31.435495 -57.148996
70.264284 25.482734 -66.434634
76.748308 1.601729 -64.086907
82.563599 -4.315849 -56.255004
85.000820 -3.551526 -52.557085
4
-57.938387 -42.318550 69.658335
-72.457961 -43.993062 53.051432
-70.360994 -18.900277 68.498978
-54.063159 -34.747637 76.614467
4
-22.795499 -88.372886 -40.872952
-19.569553 -72.477918 -66.060457
-41.856784 -71.242952 -56.324519
-38.952065 -86.114862 -32.664463
7
18.290631 -74.149842 -64.554270
14.577702 -59.788092 -78.821791
3.112139 -59.416560 -80.374044
-12.810203 -63.000309 -76.595429
-16.004573 -65.536821 -73.815844
-17.255482 -70.990645 -68.283063
4.173151 -83.238782 -55.262012
