200
7
10.383195 26.049094 95.987676
16.465592 27.644697 94.681862
39.341814 20.574335 89.604232
40.296245 12.232615 90.700473
13.633182 -5.776005 98.897796
11.141217 -5.200576 99.241258
7.943364 -1.755411 99.668558
5
-1.503579 97.405259 -22.582178
-2.060612 96.503646 -26.130445
9.428182 91.254082 -39.797009
34.692331 87.931101 -32.627651
22.104150 95.492158 -19.815510
6
72.753031 -42.554942 53.815178
77.419028 -36.585110 51.650981
89.798372 -38.323236 21.623644
82.032485 -56.029030 11.463819
76.253449 -62.933906 14.991167
71.253602 -46.098621 52.894625
5
-55.175606 75.044983 -36.385478
-55.324692 67.733753 -48.490382
-44.571036 68.034599 -58.178314
-27.350103 86.878640 -41.280428
-39.441957 86.968527 -29.678398
6
62.302661 -4.988469 -78.060833
65.856706 2.676889 -75.204578
50.070470 23.702787 -83.253384
47.540799 21.496573 -85.309846
45.038782 1.798752 -89.265181
49.140558 -7.200989 -86.794881
7
87.852566 -40.132007 -25.910395
90.395582 -42.240010 -6.664860
97.747281 -19.229762 8.699734
98.334399 -16.822417 6.881299
97.327681 -19.419385 -12.256021
90.297208 -34.225668 -25.981105
87.903069 -39.096961 -27.285125
6
-55.262806 -72.994222 -40.222703
-57.196605 -66.349116 -48.232181
-66.297805 -57.453250 -47.997136
-67.787408 -56.397514 -47.161295
-78.935082 -59.308869 -15.865396
-73.454137 -67.086771 -10.190921
7
-92.747562 -21.020742 30.919543
-90.762802 -18.251823 37.801914
-88.019629 -18.911289 43.530542
-83.865207 -24.373061 48.709147
-82.334627 -28.877410 48.858002
-82.855235 -46.197282 31.635758
-89.270082 -39.144843 22.327869
8
77.168878 62.430891 -12.138701
66.014865 74.546085 -9.215138
46.450374 84.327757 -27.040567
43.989221 84.096197 -31.508382
52.521003 73.580546 -42.748654
63.565137 62.209219 -45.710901
76.762585 61.436445 -18.250171
77.223009 62.303961 -12.442803
5
87.835731 -39.126796 -27.458664
83.522494 -26.634776 -48.110100
76.045146 -30.861794 -57.137426
70.342514 -52.839710 -47.538360
74.315597 -51.853616 -42.289415
5
39.134314 -41.485540 -82.142896
18.075140 -30.948400 -93.356767
17.702611 -31.167077 -93.355401
14.849773 -57.783151 -80.253297
34.789340 -51.101958 -78.602110
7
-78.521542 4.802173 -61.735780
-59.346524 14.858719 -79.102519
-56.137064 22.174516 -79.730301
-55.643431 25.358392 -79.124968
-58.882943 30.169436 -74.984026
-64.646959 31.242506 -69.603711
-82.063918 14.996238 -55.141874
5
-19.611114 -71.218827 67.403879
-26.009570 -73.028119 63.169582
-43.884640 -58.437561 68.258258
-42.016535 -52.717725 73.861033
-24.258801 -40.912792 87.963936
7
32.008780 -80.034516 -50.694322
28.368885 -76.606791 -57.676737
10.346830 -69.144301 -71.498313
5.411175 -71.029842 -70.181769
-1.548693 -88.146049 -47.200378
8.678271 -94.406430 -31.813734
26.156125 -86.361750 -43.098784
5
-6.741198 78.400431 -61.708416
-21.957394 81.728974 -53.275207
-27.409689 66.290215 -69.672924
-23.657004 65.747477 -71.537510
-5.176288 75.719583 -65.113369
5
14.333443 -30.854878 -94.034722
-4.745177 -17.268125 -98.383409
-13.382778 -43.128483 -89.223513
-11.669861 -44.601003 -88.738745
-11.601799 -44.616344 -88.739958
6
-9.777430 99.375332 -5.380088
-6.588075 99.472325 -7.864722
13.911008 99.015434 1.558102
8.998668 93.871136 33.275124
8.077939 94.018828 33.093909
-9.743984 97.975807 17.487023
5
-63.632338 58.718659 -50.030438
-77.135283 53.789493 -34.012330
-77.151377 38.551822 -50.610494
-71.623338 39.214586 -57.726196
-63.854360 56.860748 -51.860159
5
92.836308 26.034258 -26.526162
77.223009 62.303961 -12.442803
76.762585 61.436445 -18.250171
81.541878 36.074609 -45.271897
90.514485 25.507562 -34.007240
6
90.297208 -34.225668 -25.981105
92.758788 -6.763085 -36.743270
88.536488 -2.521089 -46.421271
83.522494 -26.634776 -48.110100
87.835731 -39.126796 -27.458664
87.903069 -39.096961 -27.285125
7
89.025729 43.869998 12.241031
91.789433 21.494875 33.356714
89.854176 20.552666 38.779053
82.087542 33.780424 46.049086
80.665171 40.878090 42.686202
83.990946 51.018705 18.509802
86.944244 47.818008 12.415177
5
-30.130006 -79.137296 -53.192774
-52.241771 -66.525358 -53.340173
-57.196605 -66.349116 -48.232181
-55.262806 -72.994222 -40.222703
-40.460322 -87.556538 -26.397255
6
42.076153 -89.009971 -17.516348
49.487996 -85.029910 -17.912361
52.976545 -81.783961 -22.469300
39.178342 -77.982547 -48.823969
32.008780 -80.034516 -50.694322
26.156125 -86.361750 -43.098784
5
40.606942 64.738190 -64.498396
40.582332 68.983291 -59.953148
28.890171 79.704042 -53.034176
18.973105 71.141104 -67.668047
34.017665 58.341893 -73.749725
5
-5.176288 75.719583 -65.113369
-23.657004 65.747477 -71.537510
-13.737846 56.975212 -81.025285
4.259592 66.513437 -74.550778
6.238571 71.498850 -69.634724
6
20.234012 9.933120 -97.426474
27.904438 23.827849 -93.024599
24.243072 37.334747 -89.545464
6.589512 35.756315 -93.156128
2.298899 15.829106 -98.712484
15.997273 7.284559 -98.442991
7
18.555342 -30.247981 -93.492026
14.697840 2.131106 -98.891010
-5.568547 -15.590757 -98.620077
-4.745177 -17.268125 -98.383409
14.333443 -30.854878 -94.034722
17.702611 -31.167077 -93.355401
18.075140 -30.948400 -93.356767
7
21.441162 65.793095 72.191033
28.463728 68.349315 67.217463
46.005014 58.717707 66.601573
50.823987 49.675914 70.350735
42.163842 39.991258 81.381261
27.362375 42.021286 86.518853
20.322510 51.737738 83.127625
5
4.259592 66.513437 -74.550778
-13.737846 56.975212 -81.025285
-13.086220 45.799463 -87.927015
-3.308394 44.757647 -89.363345
11.637507 54.417598 -83.086061
5
-28.362777 26.343582 -92.203951
-17.857905 38.756184 -90.438119
-16.201440 42.979692 -88.827132
-33.676772 47.200129 -81.474062
-51.802527 26.741580 -81.248914
6
-1.548693 -88.146049 -47.200378
5.411175 -71.029842 -70.181769
-3.935476 -71.464980 -69.837444
-21.428988 -77.851673 -58.990809
-21.749142 -78.545163 -57.945079
-17.200765 -83.658212 -52.013817
10
-24.406640 96.760625 -6.457358
-40.086293 90.153994 -16.289458
-39.441957 86.968527 -29.678398
-27.350103 86.878640 -41.280428
-25.516479 87.104426 -41.972947
-19.742427 89.297364 -40.450185
-2.060612 96.503646 -26.130445
-1.503579 97.405259 -22.582178
-6.588075 99.472325 -7.864722
-9.777430 99.375332 -5.380088
7
50.070470 23.702787 -83.253384
52.285362 29.593332 -79.940450
32.091339 50.136050 -80.352489
29.233698 48.706644 -82.298564
24.243072 37.334747 -89.545464
27.904438 23.827849 -93.024599
47.540799 21.496573 -85.309846
6
40.582332 68.983291 -59.953148
52.521003 73.580546 -42.748654
43.989221 84.096197 -31.508382
38.498613 85.950836 -33.620091
28.710403 80.592910 -51.773502
28.890171 79.704042 -53.034176
8
-40.086293 90.153994 -16.289458
-24.406640 96.760625 -6.457358
-41.873624 85.309536 31.126881
-43.082897 84.320120 32.155580
-45.923085 83.158822 31.235885
-51.895590 81.146053 26.873143
-56.502566 80.338016 18.795299
-58.583203 81.027562 1.594538
6
41.173282 -57.407237 -70.775491
34.789340 -51.101958 -78.602110
14.849773 -57.783151 -80.253297
12.138829 -60.464895 -78.718773
10.346830 -69.144301 -71.498313
28.368885 -76.606791 -57.676737
7
-78.578698 -2.829811 -61.784953
-78.521542 4.802173 -61.735780
-82.063918 14.996238 -55.141874
-83.267991 15.478245 -53.168277
-88.486916 10.751957 -45.326164
-87.943165 -19.023582 -43.636030
-87.862662 -19.147529 -43.743854
5
-19.742427 89.297364 -40.450185
-1.662955 85.337130 -52.103828
8.947632 86.616043 -49.169106
9.428182 91.254082 -39.797009
-2.060612 96.503646 -26.130445
7
97.010316 24.164741 -2.250312
89.025729 43.869998 12.241031
86.944244 47.818008 12.415177
77.168878 62.430891 -12.138701
77.223009 62.303961 -12.442803
92.836308 26.034258 -26.526162
95.176601 23.283072 -19.982820
4
65.634533 67.595389 33.510766
83.990946 51.018705 18.509802
80.665171 40.878090 42.686202
71.446782 49.821288 49.124298
5
48.747171 -83.659733 24.995248
58.200972 -66.196567 47.229878
70.692439 -69.189736 14.675131
65.699438 -74.570932 11.079710
50.692479 -83.445062 21.614673
5
16.465592 27.644697 94.681862
27.362375 42.021286 86.518853
42.163842 39.991258 81.381261
41.599607 23.987016 87.715995
39.341814 20.574335 89.604232
5
40.369166 86.306322 30.357029
34.186537 88.557535 31.445885
28.511771 95.849183 0.114139
37.158515 92.758084 -3.896473
52.446035 84.992436 5.069440
6
-28.339920 -37.223889 -88.381169
-13.382778 -43.128483 -89.223513
-4.745177 -17.268125 -98.383409
-5.568547 -15.590757 -98.620077
-21.592917 -8.188836 -97.296911
-28.159857 -18.364381 -94.179467
5
62.497308 78.054128 -1.280478
64.769786 68.371133 33.619383
60.571715 70.912221 36.090501
40.369166 86.306322 30.357029
52.446035 84.992436 5.069440
7
-15.328901 73.253736 66.324316
-22.982486 75.606737 61.281536
-28.159915 82.537321 48.934751
8.077939 94.018828 33.093909
8.998668 93.871136 33.275124
21.466749 89.133788 39.929270
21.227910 88.143284 42.191673
7
77.168878 62.430891 -12.138701
86.944244 47.818008 12.415177
83.990946 51.018705 18.509802
65.634533 67.595389 33.510766
64.769786 68.371133 33.619383
62.497308 78.054128 -1.280478
66.014865 74.546085 -9.215138
7
43.856159 -15.703612 -88.487479
36.665383 -16.985316 -91.472120
18.555342 -30.247981 -93.492026
18.075140 -30.948400 -93.356767
39.134314 -41.485540 -82.142896
45.548251 -36.956861 -80.991032
47.806876 -30.394605 -82.405525
6
-99.665714 -8.091034 -1.131662
-92.747562 -21.020742 30.919543
-89.270082 -39.144843 22.327869
-92.450022 -37.660414 5.889545
-94.178249 -33.610351 -0.895363
-99.492878 -9.706637 -2.635992
8
-18.197624 -60.228916 -77.725956
-11.669861 -44.601003 -88.738745
-13.382778 -43.128483 -89.223513
-28.339920 -37.223889 -88.381169
-29.427884 -37.720554 -87.813208
-39.875315 -57.224962 -71.660750
-39.661943 -57.890941 -71.243029
-34.863898 -60.832106 -71.301918
6
-66.323277 74.547080 -6.629908
-62.140904 72.356761 -30.050078
-55.175606 75.044983 -36.385478
-39.441957 86.968527 -29.678398
-40.086293 90.153994 -16.289458
-58.583203 81.027562 1.594538
6
89.798372 -38.323236 21.623644
96.254894 -22.910999 14.494186
97.747281 -19.229762 8.699734
90.395582 -42.240010 -6.664860
82.701881 -55.496372 8.975056
82.032485 -56.029030 11.463819
6
-71.623338 39.214586 -57.726196
-64.646959 31.242506 -69.603711
-58.882943 30.169436 -74.984026
-54.344787 44.080787 -71.438983
-54.727566 50.602626 -66.665341
-63.854360 56.860748 -51.860159
6
-62.286953 -30.900214 71.871498
-71.115117 -11.390916 69.374975
-58.893893 -0.478691 80.816336
-48.700735 -15.219423 86.003532
-46.037213 -24.888057 85.212438
-52.025206 -29.988187 79.963033
6
67.686340 30.996463 66.766598
62.477347 40.743004 66.607723
71.446782 49.821288 49.124298
80.665171 40.878090 42.686202
82.087542 33.780424 46.049086
69.064186 30.385922 65.626472
5
36.013420 -93.206354 3.950848
54.716375 -83.671174 -2.291934
49.487996 -85.029910 -17.912361
42.076153 -89.009971 -17.516348
35.602051 -92.689923 -11.877377
8
-99.492878 -9.706637 -2.635992
-94.178249 -33.610351 -0.895363
-87.318794 -46.117210 -15.768045
-83.679340 -30.459565 -45.497066
-83.798483 -29.507859 -45.903165
-87.862662 -19.147529 -43.743854
-87.943165 -19.023582 -43.636030
-97.581820 -8.752608 -20.029487
5
-59.063437 -79.708880 12.569995
-66.508905 -70.639716 24.219744
-62.968093 -68.280412 37.051378
-49.571566 -79.063795 35.938505
-49.510457 -79.774984 34.418985
7
-92.016899 24.815728 30.283161
-90.737072 26.653172 32.502187
-87.696851 26.946817 39.788584
-77.074395 17.746382 61.193165
-79.774220 3.481158 60.199297
-87.821090 -1.299994 47.809686
-94.305718 17.630904 28.206077
5
-1.175435 -99.652517 8.245856
10.707816 -94.089640 32.132262
24.076574 -90.083863 36.127775
32.849200 -90.043852 28.513765
23.897244 -96.508547 10.724835
8
95.176601 23.283072 -19.982820
92.836308 26.034258 -26.526162
90.514485 25.507562 -34.007240
88.145663 -1.425133 -47.204990
88.536488 -2.521089 -46.421271
92.758788 -6.763085 -36.743270
96.886846 -4.769122 -24.293919
97.788181 0.140632 -20.915350
6
57.109617 -52.582301 -63.036444
61.684269 -58.746052 -52.382749
70.342514 -52.839710 -47.538360
76.045146 -30.861794 -57.137426
69.399434 -25.551356 -67.311565
57.539299 -47.283998 -66.734194
5
63.565137 62.209219 -45.710901
64.122080 59.395810 -48.584942
76.023285 37.895439 -52.767375
81.541878 36.074609 -45.271897
76.762585 61.436445 -18.250171
6
34.692331 87.931101 -32.627651
9.428182 91.254082 -39.797009
8.947632 86.616043 -49.169106
10.298255 85.628721 -50.612924
28.710403 80.592910 -51.773502
38.498613 85.950836 -33.620091
7
5.411175 -71.029842 -70.181769
10.346830 -69.144301 -71.498313
12.138829 -60.464895 -78.718773
-11.601799 -44.616344 -88.739958
-11.669861 -44.601003 -88.738745
-18.197624 -60.228916 -77.725956
-3.935476 -71.464980 -69.837444
5
-1.662955 85.337130 -52.103828
-19.742427 89.297364 -40.450185
-25.516479 87.104426 -41.972947
-21.957394 81.728974 -53.275207
-6.741198 78.400431 -61.708416
5
91.789433 21.494875 33.356714
89.025729 43.869998 12.241031
97.010316 24.164741 -2.250312
99.645330 2.539179 8.022522
97.697999 6.325653 20.373686
5
-20.067675 -0.149690 97.965637
-26.845263 -29.955511 91.553259
-46.037213 -24.888057 85.212438
-48.700735 -15.219423 86.003532
-26.315044 6.407222 96.262485
5
-52.261885 24.148880 81.765072
-32.530694 18.817018 92.669703
-26.315044 6.407222 96.262485
-48.700735 -15.219423 86.003532
-58.893893 -0.478691 80.816336
6
-28.391826 -95.588078 -7.538147
-17.200765 -83.658212 -52.013817
-21.749142 -78.545163 -57.945079
-30.130006 -79.137296 -53.192774
-40.460322 -87.556538 -26.397255
-30.928204 -94.738885 -8.245598
6
-55.262806 -72.994222 -40.222703
-73.454137 -67.086771 -10.190921
-71.247044 -69.955748 -5.481981
-57.079737 -82.088696 1.830192
-30.928204 -94.738885 -8.245598
-40.460322 -87.556538 -26.397255
6
-58.583203 81.027562 1.594538
-56.502566 80.338016 18.795299
-79.914481 57.805075 16.499969
-83.568359 54.439471 7.257639
-79.084784 60.510063 -9.172200
-66.323277 74.547080 -6.629908
7
63.056969 -3.312025 77.542563
64.305157 20.353034 73.828185
67.686340 30.996463 66.766598
69.064186 30.385922 65.626472
83.344236 11.136277 54.126903
82.502580 4.463741 56.332932
65.129530 -4.047070 75.774439
6
40.296245 12.232615 90.700473
39.341814 20.574335 89.604232
41.599607 23.987016 87.715995
64.305157 20.353034 73.828185
63.056969 -3.312025 77.542563
56.916919 -6.795672 81.940730
6
-57.079737 -82.088696 1.830192
-71.247044 -69.955748 -5.481981
-79.645457 -59.530274 10.618267
-77.658767 -58.361622 23.728400
-66.508905 -70.639716 24.219744
-59.063437 -79.708880 12.569995
5
-8.088928 65.390114 75.224346
-15.328901 73.253736 66.324316
21.227910 88.143284 42.191673
28.463728 68.349315 67.217463
21.441162 65.793095 72.191033
7
-21.957394 81.728974 -53.275207
-25.516479 87.104426 -41.972947
-27.350103 86.878640 -41.280428
-44.571036 68.034599 -58.178314
-43.769992 67.210161 -59.724216
-32.609164 64.632184 -68.987848
-27.409689 66.290215 -69.672924
7
45.038782 1.798752 -89.265181
20.234012 9.933120 -97.426474
15.997273 7.284559 -98.442991
15.784430 4.424103 -98.647246
36.665383 -16.985316 -91.472120
43.856159 -15.703612 -88.487479
49.140558 -7.200989 -86.794881
6
65.856706 2.676889 -75.204578
74.582099 11.747964 -65.570541
71.053241 30.645453 -63.342664
63.407021 33.385393 -69.749303
52.285362 29.593332 -79.940450
50.070470 23.702787 -83.253384
6
-30.130006 -79.137296 -53.192774
-21.749142 -78.545163 -57.945079
-21.428988 -77.851673 -58.990809
-34.863898 -60.832106 -71.301918
-39.661943 -57.890941 -71.243029
-52.241771 -66.525358 -53.340173
6
79.433631 -29.876204 52.893390
87.603004 -13.804943 46.207545
91.093978 -11.257552 39.688220
96.254894 -22.910999 14.494186
89.798372 -38.323236 21.623644
77.419028 -36.585110 51.650981
8
-23.657004 65.747477 -71.537510
-27.409689 66.290215 -69.672924
-32.609164 64.632184 -68.987848
-37.085599 55.628735 -74.364657
-33.676772 47.200129 -81.474062
-16.201440 42.979692 -88.827132
-13.086220 45.799463 -87.927015
-13.737846 56.975212 -81.025285
6
-24.258801 -40.912792 87.963936
-42.016535 -52.717725 73.861033
-52.025206 -29.988187 79.963033
-46.037213 -24.888057 85.212438
-26.845263 -29.955511 91.553259
-21.730544 -36.775855 90.417476
7
-73.454137 -67.086771 -10.190921
-78.935082 -59.308869 -15.865396
-87.318794 -46.117210 -15.768045
-94.178249 -33.610351 -0.895363
-92.450022 -37.660414 5.889545
-79.645457 -59.530274 10.618267
-71.247044 -69.955748 -5.481981
5
-60.773408 -26.360657 -74.911338
-57.891964 -38.593515 -71.826604
-39.875315 -57.224962 -71.660750
-29.427884 -37.720554 -87.813208
-60.300470 -25.371379 -75.631650
4
-3.935476 -71.464980 -69.837444
-18.197624 -60.228916 -77.725956
-34.863898 -60.832106 -71.301918
-21.428988 -77.851673 -58.990809
6
-32.530694 18.817018 92.669703
-52.261885 24.148880 81.765072
-53.177868 25.508046 80.755520
-34.689416 49.772190 79.494487
-11.283885 52.736270 84.211399
-7.783782 40.203539 91.230961
5
-61.113278 47.526473 63.296142
-58.138916 28.804146 76.093283
-77.074395 17.746382 61.193165
-87.696851 26.946817 39.788584
-65.851942 48.602440 57.457154
6
-61.513001 -54.396438 57.071694
-66.644840 -42.395820 61.327479
-62.286953 -30.900214 71.871498
-52.025206 -29.988187 79.963033
-42.016535 -52.717725 73.861033
-43.884640 -58.437561 68.258258
7
90.514485 25.507562 -34.007240
81.541878 36.074609 -45.271897
76.023285 37.895439 -52.767375
71.053241 30.645453 -63.342664
74.582099 11.747964 -65.570541
85.764646 -0.686328 -51.419397
88.145663 -1.425133 -47.204990
6
-38.891699 62.814338 67.392839
-22.982486 75.606737 61.281536
-15.328901 73.253736 66.324316
-8.088928 65.390114 75.224346
-11.283885 52.736270 84.211399
-34.689416 49.772190 79.494487
5
62.302661 -4.988469 -78.060833
69.669826 -21.424437 -68.462463
85.764646 -0.686328 -51.419397
74.582099 11.747964 -65.570541
65.856706 2.676889 -75.204578
9
2.298899 15.829106 -98.712484
1.103057 15.816937 -98.735038
-20.613829 6.494264 -97.636543
-23.410028 -0.795648 -97.217990
-21.592917 -8.188836 -97.296911
-5.568547 -15.590757 -98.620077
14.697840 2.131106 -98.891010
15.784430 4.424103 -98.647246
15.997273 7.284559 -98.442991
6
-66.323277 74.547080 -6.629908
-79.084784 60.510063 -9.172200
-82.763292 52.169032 -20.703372
-82.459329 51.161851 -24.143821
-77.739037 54.093225 -32.102418
-62.140904 72.356761 -30.050078
5
25.395372 -85.176521 45.826142
9.455874 -82.533672 55.666682
9.215465 -75.757294 64.621263
44.178454 -67.529759 59.059257
38.390908 -78.025349 49.377961
7
-96.823571 22.871251 -10.104551
-99.967746 -1.774399 1.816928
-99.665714 -8.091034 -1.131662
-99.492878 -9.706637 -2.635992
-97.581820 -8.752608 -20.029487
-93.022237 15.360907 -33.330256
-92.428521 25.895577 -28.042603
6
-7.783782 40.203539 91.230961
-11.283885 52.736270 84.211399
-8.088928 65.390114 75.224346
21.441162 65.793095 72.191033
20.322510 51.737738 83.127625
-3.014320 38.281411 92.333349
7
-3.014320 38.281411 92.333349
10.383195 26.049094 95.987676
7.943364 -1.755411 99.668558
-20.067675 -0.149690 97.965637
-26.315044 6.407222 96.262485
-32.530694 18.817018 92.669703
-7.783782 40.203539 91.230961
4
-20.613829 6.494264 -97.636543
1.103057 15.816937 -98.735038
-17.857905 38.756184 -90.438119
-28.362777 26.343582 -92.203951
5
14.333443 -30.854878 -94.034722
-11.601799 -44.616344 -88.739958
12.138829 -60.464895 -78.718773
14.849773 -57.783151 -80.253297
17.702611 -31.167077 -93.355401
8
-52.261885 24.148880 81.765072
-58.893893 -0.478691 80.816336
-71.115117 -11.390916 69.374975
-73.856153 -10.397983 66.611941
-79.774220 3.481158 60.199297
-77.074395 17.746382 61.193165
-58.138916 28.804146 76.093283
-53.177868 25.508046 80.755520
6
36.826959 -52.805724 76.520132
5.349402 -60.194227 79.674582
0.115747 -43.941331 89.828425
29.004578 -34.727237 89.178212
30.835610 -35.326750 88.324322
38.047239 -49.014886 78.421608
5
32.849200 -90.043852 28.513765
24.076574 -90.083863 36.127775
25.395372 -85.176521 45.826142
38.390908 -78.025349 49.377961
42.581386 -85.557308 29.441002
5
66.014865 74.546085 -9.215138
62.497308 78.054128 -1.280478
52.446035 84.992436 5.069440
37.158515 92.758084 -3.896473
46.450374 84.327757 -27.040567
5
-73.856153 -10.397983 66.611941
-83.865207 -24.373061 48.709147
-88.019629 -18.911289 43.530542
-87.821090 -1.299994 47.809686
-79.774220 3.481158 60.199297
8
9.455874 -82.533672 55.666682
4.574833 -86.876887 49.310012
-14.138272 -88.619825 44.120697
-27.485769 -78.566666 55.423925
-26.009570 -73.028119 63.169582
-19.611114 -71.218827 67.403879
1.545722 -68.670717 72.676980
9.215465 -75.757294 64.621263
5
4.574833 -86.876887 49.310012
10.707816 -94.089640 32.132262
-1.175435 -99.652517 8.245856
-13.578553 -99.072234 0.561609
-14.138272 -88.619825 44.120697
6
42.163842 39.991258 81.381261
50.823987 49.675914 70.350735
62.477347 40.743004 66.607723
67.686340 30.996463 66.766598
64.305157 20.353034 73.828185
41.599607 23.987016 87.715995
7
56.956628 -63.105540 52.665295
44.323656 -67.387725 59.112672
36.826959 -52.805724 76.520132
38.047239 -49.014886 78.421608
56.518378 -35.255891 74.583478
72.753031 -42.554942 53.815178
71.253602 -46.098621 52.894625
7
46.005014 58.717707 66.601573
28.463728 68.349315 67.217463
21.227910 88.143284 42.191673
21.466749 89.133788 39.929270
34.186537 88.557535 31.445885
40.369166 86.306322 30.357029
60.571715 70.912221 36.090501
5
35.602051 -92.689923 -11.877377
42.076153 -89.009971 -17.516348
26.156125 -86.361750 -43.098784
8.678271 -94.406430 -31.813734
4.722968 -97.241614 -22.842110
4
18.555342 -30.247981 -93.492026
36.665383 -16.985316 -91.472120
15.784430 4.424103 -98.647246
14.697840 2.131106 -98.891010
7
4.722968 -97.241614 -22.842110
8.678271 -94.406430 -31.813734
-1.548693 -88.146049 -47.200378
-17.200765 -83.658212 -52.013817
-28.391826 -95.588078 -7.538147
-17.899187 -98.359361 -2.248393
-15.395421 -98.791599 -1.789116
6
69.159149 -69.594662 -19.328607
64.068064 -73.002956 -23.787634
52.976545 -81.783961 -22.469300
49.487996 -85.029910 -17.912361
54.716375 -83.671174 -2.291934
65.026855 -75.569612 7.793711
5
91.789433 21.494875 33.356714
97.697999 6.325653 20.373686
92.671898 -5.397215 37.185875
89.309204 17.828609 41.303835
89.854176 20.552666 38.779053
6
-91.967084 38.468678 7.887727
-83.568359 54.439471 7.257639
-79.914481 57.805075 16.499969
-80.835918 49.766734 31.445611
-90.737072 26.653172 32.502187
-92.016899 24.815728 30.283161
8
69.281705 -25.075775 -67.611026
69.399434 -25.551356 -67.311565
76.045146 -30.861794 -57.137426
83.522494 -26.634776 -48.110100
88.536488 -2.521089 -46.421271
88.145663 -1.425133 -47.204990
85.764646 -0.686328 -51.419397
69.669826 -21.424437 -68.462463
5
25.395372 -85.176521 45.826142
24.076574 -90.083863 36.127775
10.707816 -94.089640 32.132262
4.574833 -86.876887 49.310012
9.455874 -82.533672 55.666682
6
-79.645457 -59.530274 10.618267
-92.450022 -37.660414 5.889545
-89.270082 -39.144843 22.327869
-82.855235 -46.197282 31.635758
-79.807930 -51.088533 31.947709
-77.658767 -58.361622 23.728400
5
20.322510 51.737738 83.127625
27.362375 42.021286 86.518853
16.465592 27.644697 94.681862
10.383195 26.049094 95.987676
-3.014320 38.281411 92.333349
6
57.539299 -47.283998 -66.734194
45.548251 -36.956861 -80.991032
39.134314 -41.485540 -82.142896
34.789340 -51.101958 -78.602110
41.173282 -57.407237 -70.775491
57.109617 -52.582301 -63.036444
6
-65.851942 48.602440 57.457154
-71.497780 56.863735 40.676567
-51.895590 81.146053 26.873143
-45.923085 83.158822 31.235885
-55.467446 54.885506 62.537539
-61.113278 47.526473 63.296142
6
-92.428521 25.895577 -28.042603
-90.113022 31.033877 -30.274442
-82.459329 51.161851 -24.143821
-82.763292 52.169032 -20.703372
-93.643963 34.946101 -3.094872
-96.823571 22.871251 -10.104551
4
47.540799 21.496573 -85.309846
27.904438 23.827849 -93.024599
20.234012 9.933120 -97.426474
45.038782 1.798752 -89.265181
8
35.815283 -93.264006 4.369278
36.013420 -93.206354 3.950848
35.602051 -92.689923 -11.877377
4.722968 -97.241614 -22.842110
-15.395421 -98.791599 -1.789116
-13.578553 -99.072234 0.561609
-1.175435 -99.652517 8.245856
23.897244 -96.508547 10.724835
5
9.672905 72.570474 -68.117261
18.973105 71.141104 -67.668047
28.890171 79.704042 -53.034176
28.710403 80.592910 -51.773502
10.298255 85.628721 -50.612924
9
69.159149 -69.594662 -19.328607
65.026855 -75.569612 7.793711
65.699438 -74.570932 11.079710
70.692439 -69.189736 14.675131
76.253449 -62.933906 14.991167
82.032485 -56.029030 11.463819
82.701881 -55.496372 8.975056
78.799970 -59.413253 -16.144041
70.850810 -67.780924 -19.644566
6
65.026855 -75.569612 7.793711
54.716375 -83.671174 -2.291934
36.013420 -93.206354 3.950848
35.815283 -93.264006 4.369278
50.692479 -83.445062 21.614673
65.699438 -74.570932 11.079710
6
-45.923085 83.158822 31.235885
-43.082897 84.320120 32.155580
-28.159915 82.537321 48.934751
-22.982486 75.606737 61.281536
-38.891699 62.814338 67.392839
-55.467446 54.885506 62.537539
6
-93.022237 15.360907 -33.330256
-88.486916 10.751957 -45.326164
-83.267991 15.478245 -53.168277
-82.815664 31.340440 -46.468728
-90.113022 31.033877 -30.274442
-92.428521 25.895577 -28.042603
6
-66.644840 -42.395820 61.327479
-82.334627 -28.877410 48.858002
-83.865207 -24.373061 48.709147
-73.856153 -10.397983 66.611941
-71.115117 -11.390916 69.374975
-62.286953 -30.900214 71.871498
5
-96.393300 12.136906 23.686013
-90.762802 -18.251823 37.801914
-92.747562 -21.020742 30.919543
-99.665714 -8.091034 -1.131662
-99.967746 -1.774399 1.816928
6
-62.140904 72.356761 -30.050078
-77.739037 54.093225 -32.102418
-77.135283 53.789493 -34.012330
-63.632338 58.718659 -50.030438
-55.324692 67.733753 -48.490382
-55.175606 75.044983 -36.385478
5
-44.830677 -77.363405 44.778500
-31.495216 -79.428988 51.952740
-34.240621 -90.275335 26.037353
-49.510457 -79.774984 34.418985
-49.571566 -79.063795 35.938505
6
-57.891964 -38.593515 -71.826604
-66.297805 -57.453250 -47.997136
-57.196605 -66.349116 -48.232181
-52.241771 -66.525358 -53.340173
-39.661943 -57.890941 -71.243029
-39.875315 -57.224962 -71.660750
6
7.943364 -1.755411 99.668558
11.141217 -5.200576 99.241258
-3.438193 -40.376742 91.421538
-21.730544 -36.775855 90.417476
-26.845263 -29.955511 91.553259
-20.067675 -0.149690 97.965637
5
53.444282 -12.778670 83.548874
56.518378 -35.255891 74.583478
38.047239 -49.014886 78.421608
30.835610 -35.326750 88.324322
50.008130 -14.215666 85.423075
5
69.399434 -25.551356 -67.311565
69.281705 -25.075775 -67.611026
47.806876 -30.394605 -82.405525
45.548251 -36.956861 -80.991032
57.539299 -47.283998 -66.734194
6
49.140558 -7.200989 -86.794881
43.856159 -15.703612 -88.487479
47.806876 -30.394605 -82.405525
69.281705 -25.075775 -67.611026
69.669826 -21.424437 -68.462463
62.302661 -4.988469 -78.060833
6
-63.854360 56.860748 -51.860159
-54.727566 50.602626 -66.665341
-43.769992 67.210161 -59.724216
-44.571036 68.034599 -58.178314
-55.324692 67.733753 -48.490382
-63.632338 58.718659 -50.030438
5
34.300110 54.979449 -76.162738
32.091339 50.136050 -80.352489
52.285362 29.593332 -79.940450
63.407021 33.385393 -69.749303
54.343994 49.279671 -67.957666
6
29.004578 -34.727237 89.178212
0.115747 -43.941331 89.828425
-3.438193 -40.376742 91.421538
11.141217 -5.200576 99.241258
13.633182 -5.776005 98.897796
16.268909 -7.762930 98.361880
8
91.093978 -11.257552 39.688220
92.671898 -5.397215 37.185875
97.697999 6.325653 20.373686
99.645330 2.539179 8.022522
99.742369 -0.098736 7.172872
98.334399 -16.822417 6.881299
97.747281 -19.229762 8.699734
96.254894 -22.910999 14.494186
7
-13.086220 45.799463 -87.927015
-16.201440 42.979692 -88.827132
-17.857905 38.756184 -90.438119
1.103057 15.816937 -98.735038
2.298899 15.829106 -98.712484
6.589512 35.756315 -93.156128
-3.308394 44.757647 -89.363345
6
-90.113022 31.033877 -30.274442
-82.815664 31.340440 -46.468728
-77.151377 38.551822 -50.610494
-77.135283 53.789493 -34.012330
-77.739037 54.093225 -32.102418
-82.459329 51.161851 -24.143821
6
-55.467446 54.885506 62.537539
-38.891699 62.814338 67.392839
-34.689416 49.772190 79.494487
-53.177868 25.508046 80.755520
-58.138916 28.804146 76.093283
-61.113278 47.526473 63.296142
6
-60.300470 -25.371379 -75.631650
-29.427884 -37.720554 -87.813208
-28.339920 -37.223889 -88.381169
-28.159857 -18.364381 -94.179467
-56.155732 -15.316656 -81.313798
-59.628378 -16.308426 -78.603383
7
-60.300470 -25.371379 -75.631650
-59.628378 -16.308426 -78.603383
-60.506022 -14.236412 -78.334832
-78.578698 -2.829811 -61.784953
-87.862662 -19.147529 -43.743854
-83.798483 -29.507859 -45.903165
-60.773408 -26.360657 -74.911338
4
-41.873624 85.309536 31.126881
-24.406640 96.760625 -6.457358
-9.777430 99.375332 -5.380088
-9.743984 97.975807 17.487023
4
82.701881 -55.496372 8.975056
90.395582 -42.240010 -6.664860
87.852566 -40.132007 -25.910395
78.799970 -59.413253 -16.144041
5
-94.305718 17.630904 28.206077
-87.821090 -1.299994 47.809686
-88.019629 -18.911289 43.530542
-90.762802 -18.251823 37.801914
-96.393300 12.136906 23.686013
4
57.929731 -64.866560 -49.360669
39.178342 -77.982547 -48.823969
52.976545 -81.783961 -22.469300
64.068064 -73.002956 -23.787634
5
-71.497780 56.863735 40.676567
-80.835918 49.766734 31.445611
-79.914481 57.805075 16.499969
-56.502566 80.338016 18.795299
-51.895590 81.146053 26.873143
6
16.268909 -7.762930 98.361880
13.633182 -5.776005 98.897796
40.296245 12.232615 90.700473
56.916919 -6.795672 81.940730
53.444282 -12.778670 83.548874
50.008130 -14.215666 85.423075
4
-87.318794 -46.117210 -15.768045
-78.935082 -59.308869 -15.865396
-67.787408 -56.397514 -47.161295
-83.679340 -30.459565 -45.497066
6
-77.151377 38.551822 -50.610494
-82.815664 31.340440 -46.468728
-83.267991 15.478245 -53.168277
-82.063918 14.996238 -55.141874
-64.646959 31.242506 -69.603711
-71.623338 39.214586 -57.726196
7
-15.395421 -98.791599 -1.789116
-17.899187 -98.359361 -2.248393
-34.240621 -90.275335 26.037353
-31.495216 -79.428988 51.952740
-27.485769 -78.566666 55.423925
-14.138272 -88.619825 44.120697
-13.578553 -99.072234 0.561609
5
11.637507 54.417598 -83.086061
-3.308394 44.757647 -89.363345
6.589512 35.756315 -93.156128
24.243072 37.334747 -89.545464
29.233698 48.706644 -82.298564
5
71.253602 -46.098621 52.894625
76.253449 -62.933906 14.991167
70.692439 -69.189736 14.675131
58.200972 -66.196567 47.229878
56.956628 -63.105540 52.665295
5
-1.503579 97.405259 -22.582178
22.104150 95.492158 -19.815510
26.970368 96.292340 -0.620093
13.911008 99.015434 1.558102
-6.588075 99.472325 -7.864722
5
-82.763292 52.169032 -20.703372
-79.084784 60.510063 -9.172200
-83.568359 54.439471 7.257639
-91.967084 38.468678 7.887727
-93.643963 34.946101 -3.094872
7
-56.137064 22.174516 -79.730301
-37.590327 1.588477 -92.652275
-23.410028 -0.795648 -97.217990
-20.613829 6.494264 -97.636543
-28.362777 26.343582 -92.203951
-51.802527 26.741580 -81.248914
-55.643431 25.358392 -79.124968
5
-71.497780 56.863735 40.676567
-65.851942 48.602440 57.457154
-87.696851 26.946817 39.788584
-90.737072 26.653172 32.502187
-80.835918 49.766734 31.445611
5
97.788181 0.140632 -20.915350
99.742369 -0.098736 7.172872
99.645330 2.539179 8.022522
97.010316 24.164741 -2.250312
95.176601 23.283072 -19.982820
7
-96.823571 22.871251 -10.104551
-93.643963 34.946101 -3.094872
-91.967084 38.468678 7.887727
-92.016899 24.815728 30.283161
-94.305718 17.630904 28.206077
-96.393300 12.136906 23.686013
-99.967746 -1.774399 1.816928
6
-54.344787 44.080787 -71.438983
-58.882943 30.169436 -74.984026
-55.643431 25.358392 -79.124968
-51.802527 26.741580 -81.248914
-33.676772 47.200129 -81.474062
-37.085599 55.628735 -74.364657
5
-37.590327 1.588477 -92.652275
-56.155732 -15.316656 -81.313798
-28.159857 -18.364381 -94.179467
-21.592917 -8.188836 -97.296911
-23.410028 -0.795648 -97.217990
7
57.109617 -52.582301 -63.036444
41.173282 -57.407237 -70.775491
28.368885 -76.606791 -57.676737
32.008780 -80.034516 -50.694322
39.178342 -77.982547 -48.823969
57.929731 -64.866560 -49.360669
61.684269 -58.746052 -52.382749
5
89.309204 17.828609 41.303835
83.344236 11.136277 54.126903
69.064186 30.385922 65.626472
82.087542 33.780424 46.049086
89.854176 20.552666 38.779053
8
46.450374 84.327757 -27.040567
37.158515 92.758084 -3.896473
28.511771 95.849183 0.114139
26.970368 96.292340 -0.620093
22.104150 95.492158 -19.815510
34.692331 87.931101 -32.627651
38.498613 85.950836 -33.620091
43.989221 84.096197 -31.508382
7
-27.485769 -78.566666 55.423925
-31.495216 -79.428988 51.952740
-44.830677 -77.363405 44.778500
-62.325791 -56.211388 54.367045
-61.513001 -54.396438 57.071694
-43.884640 -58.437561 68.258258
-26.009570 -73.028119 63.169582
5
-44.830677 -77.363405 44.778500
-49.571566 -79.063795 35.938505
-62.968093 -68.280412 37.051378
-65.674542 -57.970008 48.232071
-62.325791 -56.211388 54.367045
5
34.300110 54.979449 -76.162738
54.343994 49.279671 -67.957666
57.688521 58.255513 -57.256700
40.606942 64.738190 -64.498396
34.017665 58.341893 -73.749725
4
65.129530 -4.047070 75.774439
82.502580 4.463741 56.332932
87.603004 -13.804943 46.207545
79.433631 -29.876204 52.893390
7
38.390908 -78.025349 49.377961
44.178454 -67.529759 59.059257
44.323656 -67.387725 59.112672
56.956628 -63.105540 52.665295
58.200972 -66.196567 47.229878
48.747171 -83.659733 24.995248
42.581386 -85.557308 29.441002
5
-9.743984 97.975807 17.487023
8.077939 94.018828 33.093909
-28.159915 82.537321 48.934751
-43.082897 84.320120 32.155580
-41.873624 85.309536 31.126881
6
87.603004 -13.804943 46.207545
82.502580 4.463741 56.332932
83.344236 11.136277 54.126903
89.309204 17.828609 41.303835
92.671898 -5.397215 37.185875
91.093978 -11.257552 39.688220
5
-66.508905 -70.639716 24.219744
-77.658767 -58.361622 23.728400
-79.807930 -51.088533 31.947709
-65.674542 -57.970008 48.232071
-62.968093 -68.280412 37.051378
7
-65.674542 -57.970008 48.232071
-79.807930 -51.088533 31.947709
-82.855235 -46.197282 31.635758
-82.334627 -28.877410 48.858002
-66.644840 -42.395820 61.327479
-61.513001 -54.396438 57.071694
-62.325791 -56.211388 54.367045
7
-19.611114 -71.218827 67.403879
-24.258801 -40.912792 87.963936
-21.730544 -36.775855 90.417476
-3.438193 -40.376742 91.421538
0.115747 -43.941331 89.828425
5.349402 -60.194227 79.674582
1.545722 -68.670717 72.676980
4
-60.506022 -14.236412 -78.334832
-59.346524 14.858719 -79.102519
-78.521542 4.802173 -61.735780
-78.578698 -2.829811 -61.784953
8
56.518378 -35.255891 74.583478
53.444282 -12.778670 83.548874
56.916919 -6.795672 81.940730
63.056969 -3.312025 77.542563
65.129530 -4.047070 75.774439
79.433631 -29.876204 52.893390
77.419028 -36.585110 51.650981
72.753031 -42.554942 53.815178
7
70.850810 -67.780924 -19.644566
74.315597 -51.853616 -42.289415
70.342514 -52.839710 -47.538360
61.684269 -58.746052 -52.382749
57.929731 -64.866560 -49.360669
64.068064 -73.002956 -23.787634
69.159149 -69.594662 -19.328607
6
57.688521 58.255513 -57.256700
64.122080 59.395810 -48.584942
63.565137 62.209219 -45.710901
52.521003 73.580546 -42.748654
40.582332 68.983291 -59.953148
40.606942 64.738190 -64.498396
6
-56.137064 22.174516 -79.730301
-59.346524 14.858719 -79.102519
-60.506022 -14.236412 -78.334832
-59.628378 -16.308426 -78.603383
-56.155732 -15.316656 -81.313798
-37.590327 1.588477 -92.652275
5
97.788181 0.140632 -20.915350
96.886846 -4.769122 -24.293919
97.327681 -19.419385 -12.256021
98.334399 -16.822417 6.881299
99.742369 -0.098736 7.172872
4
50.008130 -14.215666 85.423075
30.835610 -35.326750 88.324322
29.004578 -34.727237 89.178212
16.268909 -7.762930 98.361880
6
71.053241 30.645453 -63.342664
76.023285 37.895439 -52.767375
64.122080 59.395810 -48.584942
57.688521 58.255513 -57.256700
54.343994 49.279671 -67.957666
63.407021 33.385393 -69.749303
6
44.323656 -67.387725 59.112672
44.178454 -67.529759 59.059257
9.215465 -75.757294 64.621263
1.545722 -68.670717 72.676980
5.349402 -60.194227 79.674582
36.826959 -52.805724 76.520132
7
9.672905 72.570474 -68.117261
10.298255 85.628721 -50.612924
8.947632 86.616043 -49.169106
-1.662955 85.337130 -52.103828
-6.741198 78.400431 -61.708416
-5.176288 75.719583 -65.113369
6.238571 71.498850 -69.634724
6
78.799970 -59.413253 -16.144041
87.852566 -40.132007 -25.910395
87.903069 -39.096961 -27.285125
87.835731 -39.126796 -27.458664
74.315597 -51.853616 -42.289415
70.850810 -67.780924 -19.644566
4
-97.581820 -8.752608 -20.029487
-87.943165 -19.023582 -43.636030
-88.486916 10.751957 -45.326164
-93.022237 15.360907 -33.330256
6
-83.798483 -29.507859 -45.903165
-83.679340 -30.459565 -45.497066
-67.787408 -56.397514 -47.161295
-66.297805 -57.453250 -47.997136
-57.891964 -38.593515 -71.826604
-60.773408 -26.360657 -74.911338
9
6.238571 71.498850 -69.634724
4.259592 66.513437 -74.550778
11.637507 54.417598 -83.086061
29.233698 48.706644 -82.298564
32.091339 50.136050 -80.352489
34.300110 54.979449 -76.162738
34.017665 58.341893 -73.749725
18.973105 71.141104 -67.668047
9.672905 72.570474 -68.117261
7
-28.391826 -95.588078 -7.538147
-30.928204 -94.738885 -8.245598
-57.079737 -82.088696 1.830192
-59.063437 -79.708880 12.569995
-49.510457 -79.774984 34.418985
-34.240621 -90.275335 26.037353
-17.899187 -98.359361 -2.248393
6
21.466749 89.133788 39.929270
8.998668 93.871136 33.275124
13.911008 99.015434 1.558102
26.970368 96.292340 -0.620093
28.511771 95.849183 0.114139
34.186537 88.557535 31.445885
4
97.327681 -19.419385 -12.256021
96.886846 -4.769122 -24.293919
92.758788 -6.763085 -36.743270
90.297208 -34.225668 -25.981105
6
23.897244 -96.508547 10.724835
32.849200 -90.043852 28.513765
42.581386 -85.557308 29.441002
48.747171 -83.659733 24.995248
50.692479 -83.445062 21.614673
35.815283 -93.264006 4.369278
7
64.769786 68.371133 33.619383
65.634533 67.595389 33.510766
71.446782 49.821288 49.124298
62.477347 40.743004 66.607723
50.823987 49.675914 70.350735
46.005014 58.717707 66.601573
60.571715 70.912221 36.090501
5
-54.727566 50.602626 -66.665341
-54.344787 44.080787 -71.438983
-37.085599 55.628735 -74.364657
-32.609164 64.632184 -68.987848
-43.769992 67.210161 -59.724216
