200
6
24.677835 85.235553 46.107537
7.594037 86.687080 49.271501
15.108539 97.996292 12.979169
20.779464 97.315272 9.897056
34.782711 89.924725 26.527474
32.748905 85.846630 39.469802
8
23.742632 97.065085 3.828410
38.416726 92.279330 -2.946253
59.183975 80.431575 5.293284
60.426620 78.936123 10.849523
60.055031 78.436035 15.530026
52.896580 81.680535 23.026985
34.782711 89.924725 26.527474
20.779464 97.315272 9.897056
6
52.832698 18.231281 82.923618
50.194802 15.856735 85.023795
42.090809 17.009089 89.101373
27.977687 27.971110 91.841527
39.421942 45.406682 79.900837
52.741060 31.728823 78.814100
4
72.795060 8.942375 67.977299
84.203329 21.866079 49.312006
89.884448 3.907843 43.652203
74.056629 2.061941 67.166689
5
-84.394630 -25.071125 -47.423466
-70.551868 -46.609015 -53.385706
-66.924070 -48.696518 -56.123240
-63.421534 -41.481332 -65.245752
-78.881609 -19.689685 -58.223776
7
-69.318820 -67.708096 -24.708601
-64.062760 -76.429111 7.386052
-56.723381 -82.218480 4.751791
-41.933161 -89.651862 -14.288234
-42.571065 -86.778250 -25.636688
-51.119890 -78.037903 -36.011700
-59.529010 -71.994365 -35.680643
7
-33.656973 53.171029 -77.717758
-28.223891 48.317650 -82.878325
-8.696049 52.269627 -84.807221
-1.757834 58.585685 -81.022389
-14.851814 74.136970 -65.445651
-20.914231 73.043428 -65.017325
-31.326360 64.342103 -69.848071
6
-29.644782 -20.610463 -93.254468
-47.123929 -17.848324 -86.375764
-57.820163 -31.218495 -75.380596
-57.340466 -37.709805 -72.732672
-39.873258 -47.078426 -78.700350
-29.465441 -21.755238 -93.051047
6
-3.257226 85.479264 51.794651
-5.133318 86.998440 49.039989
-5.801739 99.076645 12.253906
15.108539 97.996292 12.979169
7.594037 86.687080 49.271501
2.684890 84.946114 52.696765
3
-72.261367 21.672020 65.640067
-87.634303 36.986243 30.858496
-68.097752 52.085588 51.476090
5
-46.538135 87.260604 14.825280
-19.917740 96.569830 16.659879
-22.955990 91.701262 32.617497
-52.113784 75.284055 40.205280
-53.889453 76.917640 34.345355
6
-52.263250 -69.349975 49.589653
-42.658456 -73.689093 52.442098
-39.676439 -84.078132 36.832701
-45.380082 -83.925763 29.951870
-50.479528 -80.945344 29.994474
-57.054845 -69.437721 43.853707
6
-84.385448 26.469008 -46.674273
-98.125492 7.703378 -17.664819
-98.153856 7.069804 -17.771844
-91.525981 -4.284622 -40.057917
-85.238345 6.511058 -51.884782
-83.788520 24.576350 -48.738968
5
99.852704 4.533803 -2.980292
98.941438 14.511598 -0.072668
91.274269 29.700194 -28.051850
91.550400 17.392283 -36.277166
98.959459 -2.781544 -14.116957
5
79.303772 -51.920124 31.862400
66.796601 -72.733281 15.750683
54.685524 -78.484869 29.148222
54.733704 -77.842412 30.737281
64.667666 -58.475049 48.977154
6
-29.644782 -20.610463 -93.254468
-21.313393 -6.881771 -97.459635
-27.351486 14.791650 -95.042639
-43.823956 8.582838 -89.475112
-51.848177 -4.735762 -85.377626
-47.123929 -17.848324 -86.375764
5
83.709029 -43.048353 -33.758522
96.154814 -20.561351 -18.206661
96.436277 -17.595438 -19.759685
92.257764 -15.309821 -35.413478
81.970851 -36.346071 -44.268981
5
2.967600 78.549180 -61.816014
4.798650 79.221874 -60.834757
3.024583 91.831698 -39.468864
-12.019754 87.963301 -46.021552
-5.904821 78.231839 -62.007358
6
-11.617689 -37.495056 -91.973638
0.091347 -41.538080 -90.964716
5.915242 -35.432826 -93.324835
1.729554 -14.775286 -98.887307
0.055697 -13.919238 -99.026520
-0.142211 -13.924928 -99.025634
7
-61.789334 54.798517 -56.384401
-84.365963 31.393718 -43.552483
-84.385448 26.469008 -46.674273
-83.788520 24.576350 -48.738968
-63.774687 29.769548 -71.039167
-61.949332 32.407793 -71.498358
-56.369930 45.110950 -69.191280
7
-55.605285 -52.586318 64.364054
-52.263250 -69.349975 49.589653
-57.054845 -69.437721 43.853707
-72.449287 -59.444203 34.892514
-77.043036 -50.254055 39.228823
-70.169321 -36.152408 61.394379
-66.102980 -39.348789 63.891070
6
42.437194 38.745976 -81.840295
49.824191 29.349535 -81.585261
53.293556 28.718366 -79.593042
66.809107 42.022435 -61.405686
60.903426 55.082458 -57.067464
50.466639 52.965119 -68.174882
5
-39.873258 -47.078426 -78.700350
-38.357126 -48.783487 -78.414937
-20.704246 -49.293902 -84.507074
-14.329813 -37.902697 -91.422328
-29.465441 -21.755238 -93.051047
5
-30.543130 -45.457206 83.670542
-26.872955 -45.539307 84.876474
-32.488198 -66.481964 67.265634
-35.756121 -66.890572 65.170171
-48.471483 -54.964148 68.040119
8
85.156896 -0.266105 -52.423584
85.118511 8.424545 -51.806044
77.645373 18.530471 -60.231368
68.452136 16.571726 -70.990725
58.749076 -0.919970 -80.917858
59.776535 -9.720041 -79.575666
61.989986 -11.419518 -77.632701
77.805725 -13.304857 -61.394217
6
0.405529 -77.786267 62.842121
15.828365 -84.749174 50.665969
-14.437650 -90.289639 40.488706
-15.087565 -90.197089 40.458009
-15.199294 -90.029070 40.789068
-6.535932 -78.947716 61.029008
6
-51.119890 -78.037903 -36.011700
-42.571065 -86.778250 -25.636688
-17.077824 -93.338568 -31.563580
-10.083296 -89.504560 -43.442616
-15.425340 -81.965135 -55.170423
-42.488562 -77.557084 -46.686409
5
62.384060 -29.531987 72.360837
72.220704 -19.249842 66.435032
84.540283 -22.214931 48.574040
85.513126 -26.925802 44.300186
63.302144 -55.624834 53.839729
7
5.464846 81.132141 58.204048
-7.245891 61.385803 78.608398
-15.124772 58.057033 80.003888
-16.852083 59.674890 78.453265
-19.722745 78.621412 58.563529
-3.257226 85.479264 51.794651
2.684890 84.946114 52.696765
9
40.381352 -77.408493 48.757272
54.733704 -77.842412 30.737281
54.685524 -78.484869 29.148222
39.866103 -89.301559 20.878827
31.278539 -91.096500 26.890160
21.967648 -89.614739 38.556725
19.126358 -84.359994 50.175431
19.506269 -84.073255 50.509338
27.022532 -81.096464 51.895532
6
7.061518 24.822012 96.612643
14.927783 30.088071 94.190601
18.882518 30.010262 93.503127
22.465609 28.355696 93.226879
19.787443 -3.983741 97.941753
10.647812 -0.432523 99.430564
5
21.967648 -89.614739 38.556725
6.604759 -95.876373 27.642329
-14.437650 -90.289639 40.488706
15.828365 -84.749174 50.665969
19.126358 -84.359994 50.175431
7
84.540283 -22.214931 48.574040
91.232952 0.177935 40.945291
96.495024 -2.662596 26.107872
97.911350 -11.888175 16.493601
92.239590 -35.562946 15.070996
89.717387 -37.271503 23.698639
85.513126 -26.925802 44.300186
7
74.056629 2.061941 67.166689
89.884448 3.907843 43.652203
90.905670 1.811164 41.627861
91.232952 0.177935 40.945291
84.540283 -22.214931 48.574040
72.220704 -19.249842 66.435032
72.225053 -9.209331 68.547283
8
-63.421534 -41.481332 -65.245752
-66.924070 -48.696518 -56.123240
-64.284407 -55.522711 -52.770671
-38.291144 -63.218350 -67.358952
-36.468304 -61.889178 -69.568617
-38.357126 -48.783487 -78.414937
-39.873258 -47.078426 -78.700350
-57.340466 -37.709805 -72.732672
6
75.926311 38.457862 52.499411
82.636878 32.219337 46.185070
84.203329 21.866079 49.312006
72.795060 8.942375 67.977299
68.532392 14.812220 71.301538
70.340504 31.017344 63.954186
6
30.616827 61.116362 72.989042
38.687826 67.665532 62.646851
51.173080 68.745465 51.530349
62.823575 51.032314 58.727347
57.764145 47.971297 66.045880
36.635984 54.503226 75.413547
5
81.970851 -36.346071 -44.268981
92.257764 -15.309821 -35.413478
85.156896 -0.266105 -52.423584
77.805725 -13.304857 -61.394217
74.982609 -35.153066 -56.052389
8
44.825115 11.262824 -88.678396
49.824191 29.349535 -81.585261
42.437194 38.745976 -81.840295
36.576442 39.983964 -84.044313
22.319283 34.320418 -91.235731
21.775645 31.839574 -92.260841
29.190845 8.050498 -95.305215
30.513663 6.750367 -94.991310
4
-81.398964 -57.808557 5.690293
-84.453028 -53.226347 -5.885754
-90.319301 -42.638671 -4.936361
-90.404942 -36.553972 22.152959
7
-61.949332 32.407793 -71.498358
-63.774687 29.769548 -71.039167
-62.938044 17.949153 -75.608403
-43.823956 8.582838 -89.475112
-27.351486 14.791650 -95.042639
-26.494796 16.925621 -94.929180
-28.259827 22.126624 -93.336995
6
-84.365963 31.393718 -43.552483
-85.661205 42.116946 -29.804713
-96.451622 25.601427 -6.453796
-97.122155 22.631277 -7.423759
-98.125492 7.703378 -17.664819
-84.385448 26.469008 -46.674273
7
-47.415792 71.774614 -50.991641
-57.712019 69.968411 -42.115844
-59.206525 68.817493 -41.937335
-61.789334 54.798517 -56.384401
-56.369930 45.110950 -69.191280
-33.656973 53.171029 -77.717758
-31.326360 64.342103 -69.848071
7
80.383544 -52.993763 -27.021232
83.709029 -43.048353 -33.758522
81.970851 -36.346071 -44.268981
74.982609 -35.153066 -56.052389
60.705823 -48.733186 -62.768461
57.203054 -55.029813 -60.823765
67.965963 -63.822921 -36.156087
5
-39.014798 10.367199 91.489708
-38.652175 0.112755 92.227960
-60.031891 -13.594704 78.812157
-66.694217 -12.446094 73.464114
-69.835933 14.845236 70.018294
7
36.310481 -24.280823 -89.955492
59.776535 -9.720041 -79.575666
58.749076 -0.919970 -80.917858
44.825115 11.262824 -88.678396
30.513663 6.750367 -94.991310
28.695784 -16.025245 -94.444394
34.264659 -24.404074 -90.721411
7
-60.031891 -13.594704 78.812157
-47.748733 -22.754235 84.866385
-48.622355 -36.766815 79.272113
-66.102980 -39.348789 63.891070
-70.169321 -36.152408 61.394379
-71.944859 -30.366462 62.464511
-66.694217 -12.446094 73.464114
9
46.345557 -61.675611 -63.625532
57.203054 -55.029813 -60.823765
60.705823 -48.733186 -62.768461
58.571749 -41.891745 -69.386107
36.310481 -24.280823 -89.955492
34.264659 -24.404074 -90.721411
28.872670 -35.368306 -88.968825
27.752823 -43.500926 -85.658918
38.748099 -61.200559 -68.942559
5
80.383544 -52.993763 -27.021232
84.834788 -52.854140 -3.081979
91.773226 -39.328522 5.562583
96.154814 -20.561351 -18.206661
83.709029 -43.048353 -33.758522
6
-20.914231 73.043428 -65.017325
-14.851814 74.136970 -65.445651
-5.904821 78.231839 -62.007358
-12.019754 87.963301 -46.021552
-23.813340 87.325562 -42.510834
-26.356981 82.629576 -49.776127
6
24.192179 84.160443 -48.288283
8.914113 94.858877 -30.369920
3.024583 91.831698 -39.468864
4.798650 79.221874 -60.834757
17.542379 78.310250 -59.663806
22.300479 80.051313 -55.628013
6
-27.233526 -94.007739 20.515362
-37.710829 -91.013153 17.160984
-38.417335 -90.682482 17.343465
-45.380082 -83.925763 29.951870
-39.676439 -84.078132 36.832701
-16.034625 -90.505017 39.392038
6
-97.394334 3.070481 22.470334
-98.379872 -7.258561 16.392503
-97.122155 22.631277 -7.423759
-96.451622 25.601427 -6.453796
-93.770352 33.356623 9.718884
-93.263595 33.385435 13.686292
5
-17.077824 -93.338568 -31.563580
-7.365005 -98.905897 -12.782028
15.175165 -95.489678 -25.523240
13.984908 -90.682086 -39.764076
-10.083296 -89.504560 -43.442616
6
-69.835933 14.845236 70.018294
-71.695747 18.808143 67.126549
-36.018999 37.251296 85.527614
-30.907620 34.706153 88.544915
-32.946603 17.637032 92.754819
-39.014798 10.367199 91.489708
6
98.959459 -2.781544 -14.116957
91.550400 17.392283 -36.277166
85.118511 8.424545 -51.806044
85.156896 -0.266105 -52.423584
92.257764 -15.309821 -35.413478
96.436277 -17.595438 -19.759685
4
-38.652175 0.112755 92.227960
-28.580144 -18.306858 94.063991
-47.748733 -22.754235 84.866385
-60.031891 -13.594704 78.812157
6
30.513663 6.750367 -94.991310
29.190845 8.050498 -95.305215
7.676464 8.125025 -99.373316
0.055697 -13.919238 -99.026520
1.729554 -14.775286 -98.887307
28.695784 -16.025245 -94.444394
5
-16.034625 -90.505017 39.392038
-15.737481 -90.461542 39.611123
-4.669114 -99.005669 13.269400
-11.510114 -99.334422 -0.435759
-27.233526 -94.007739 20.515362
8
-26.893601 -19.450134 94.331471
-28.580144 -18.306858 94.063991
-38.652175 0.112755 92.227960
-39.014798 10.367199 91.489708
-32.946603 17.637032 92.754819
-11.927523 10.412423 98.738623
-6.454425 -1.745487 99.776218
-9.813969 -7.685340 99.220066
5
93.754603 20.961195 27.761533
97.242415 12.412348 19.744526
96.495024 -2.662596 26.107872
91.232952 0.177935 40.945291
90.905670 1.811164 41.627861
7
52.547167 -83.153125 -18.009807
50.913238 -84.422531 -16.753461
37.399402 -92.688282 3.188583
39.866103 -89.301559 20.878827
54.685524 -78.484869 29.148222
66.796601 -72.733281 15.750683
70.766629 -70.610364 2.502135
6
-1.980190 23.863813 97.090665
-18.664683 42.394031 88.624916
-15.969587 46.139962 87.270134
3.465806 44.770074 89.351153
14.927783 30.088071 94.190601
7.061518 24.822012 96.612643
7
-32.488198 -66.481964 67.265634
-26.872955 -45.539307 84.876474
-19.795676 -42.674577 88.244046
-10.192322 -46.563313 87.908899
-4.549145 -58.352337 81.082119
-17.720574 -71.597672 67.525956
-19.613641 -71.920906 66.653495
5
-47.123929 -17.848324 -86.375764
-51.848177 -4.735762 -85.377626
-70.550493 -4.338483 -70.737582
-70.912417 -4.761232 -70.347422
-57.820163 -31.218495 -75.380596
5
27.752823 -43.500926 -85.658918
28.872670 -35.368306 -88.968825
5.915242 -35.432826 -93.324835
0.091347 -41.538080 -90.964716
4.923026 -54.744507 -83.539229
5
-59.529010 -71.994365 -35.680643
-51.119890 -78.037903 -36.011700
-42.488562 -77.557084 -46.686409
-38.291144 -63.218350 -67.358952
-64.284407 -55.522711 -52.770671
4
52.896580 81.680535 23.026985
48.598706 74.950950 44.950204
32.748905 85.846630 39.469802
34.782711 89.924725 26.527474
5
-56.685506 82.195104 -5.542414
-42.692201 85.620641 -29.094362
-30.437622 91.242800 -27.355119
-22.075841 96.275608 -15.609756
-47.509972 87.866640 4.717633
5
-32.488198 -66.481964 67.265634
-19.613641 -71.920906 66.653495
-23.757970 -82.536675 51.217733
-41.090105 -73.766661 53.573156
-35.756121 -66.890572 65.170171
5
-96.451622 25.601427 -6.453796
-85.661205 42.116946 -29.804713
-75.297119 61.566495 -23.235976
-75.075447 64.799386 -12.834203
-93.770352 33.356623 9.718884
6
3.918040 -63.353337 77.272270
16.686208 -64.521924 74.555294
19.506269 -84.073255 50.509338
19.126358 -84.359994 50.175431
15.828365 -84.749174 50.665969
0.405529 -77.786267 62.842121
6
51.464136 69.280394 50.514055
70.502341 63.450657 31.677028
70.989017 62.893040 31.702130
72.377015 44.568258 52.680529
62.823575 51.032314 58.727347
51.173080 68.745465 51.530349
7
-5.267527 -43.735602 89.774441
28.985651 -36.509541 88.469687
26.662179 -59.567908 75.768018
16.686208 -64.521924 74.555294
3.918040 -63.353337 77.272270
-4.549145 -58.352337 81.082119
-10.192322 -46.563313 87.908899
7
10.510931 -72.028195 -68.567189
-0.806095 -68.822379 -72.545368
-10.977946 -73.929640 -66.437136
-15.425340 -81.965135 -55.170423
-10.083296 -89.504560 -43.442616
13.984908 -90.682086 -39.764076
19.156405 -87.349175 -44.756605
7
-73.297619 67.509967 -8.358435
-75.075447 64.799386 -12.834203
-75.297119 61.566495 -23.235976
-59.206525 68.817493 -41.937335
-57.712019 69.968411 -42.115844
-42.692201 85.620641 -29.094362
-56.685506 82.195104 -5.542414
5
31.930707 62.956846 -70.829835
21.451383 68.984335 -69.144773
7.892587 60.462388 -79.259111
13.208122 56.347450 -81.550661
28.632853 55.903384 -77.813696
6
97.911350 -11.888175 16.493601
96.495024 -2.662596 26.107872
97.242415 12.412348 19.744526
98.831912 15.224815 0.676910
98.941438 14.511598 -0.072668
99.852704 4.533803 -2.980292
5
27.977687 27.971110 91.841527
42.090809 17.009089 89.101373
22.476999 -6.392422 97.231278
19.787443 -3.983741 97.941753
22.465609 28.355696 93.226879
5
-36.468304 -61.889178 -69.568617
-38.291144 -63.218350 -67.358952
-42.488562 -77.557084 -46.686409
-15.425340 -81.965135 -55.170423
-10.977946 -73.929640 -66.437136
7
51.724448 1.609804 85.568628
39.285230 -25.488958 88.357137
36.953446 -25.762261 89.279050
25.390026 -13.805918 95.732665
22.476999 -6.392422 97.231278
42.090809 17.009089 89.101373
50.194802 15.856735 85.023795
6
-90.376295 37.274740 21.040892
-83.051146 51.516615 21.178892
-63.505467 59.122962 49.714496
-68.097752 52.085588 51.476090
-87.634303 36.986243 30.858496
-89.522248 36.048934 26.196211
6
-71.944859 -30.366462 62.464511
-70.169321 -36.152408 61.394379
-77.043036 -50.254055 39.228823
-90.474064 -35.620528 23.358548
-94.711995 -22.758519 22.620518
-87.171565 -15.130834 46.606611
7
-75.385827 -5.130888 -65.503062
-70.912417 -4.761232 -70.347422
-70.550493 -4.338483 -70.737582
-62.938044 17.949153 -75.608403
-63.774687 29.769548 -71.039167
-83.788520 24.576350 -48.738968
-85.238345 6.511058 -51.884782
6
22.321284 -97.476178 -0.393641
15.635926 -95.533670 -25.076599
15.175165 -95.489678 -25.523240
-7.365005 -98.905897 -12.782028
-9.293350 -99.485478 -4.034008
17.709169 -98.402004 1.852296
7
20.779464 97.315272 9.897056
15.108539 97.996292 12.979169
-5.801739 99.076645 12.253906
-12.111177 98.770530 9.884418
-20.606324 96.709955 -14.918576
8.224168 95.976438 -26.849327
23.742632 97.065085 3.828410
7
17.709169 -98.402004 1.852296
-9.293350 -99.485478 -4.034008
-11.442698 -99.330851 -1.564200
-11.510114 -99.334422 -0.435759
-4.669114 -99.005669 13.269400
7.108185 -97.782090 19.701182
12.366549 -97.867961 16.399109
7
-53.889453 76.917640 34.345355
-52.113784 75.284055 40.205280
-51.835512 70.660907 48.167582
-52.529079 69.440809 49.179975
-63.505467 59.122962 49.714496
-83.051146 51.516615 21.178892
-73.541619 66.576472 12.617593
6
-47.509972 87.866640 4.717633
-46.538135 87.260604 14.825280
-53.889453 76.917640 34.345355
-73.541619 66.576472 12.617593
-73.297619 67.509967 -8.358435
-56.685506 82.195104 -5.542414
7
-0.345111 41.444760 -91.006663
16.776537 39.626453 -90.267890
13.208122 56.347450 -81.550661
7.892587 60.462388 -79.259111
6.596244 60.743463 -79.162625
-1.757834 58.585685 -81.022389
-8.696049 52.269627 -84.807221
6
-72.449287 -59.444203 34.892514
-70.841224 -69.019487 14.759116
-81.398964 -57.808557 5.690293
-90.404942 -36.553972 22.152959
-90.474064 -35.620528 23.358548
-77.043036 -50.254055 39.228823
7
-9.813969 -7.685340 99.220066
-6.454425 -1.745487 99.776218
10.647812 -0.432523 99.430564
19.787443 -3.983741 97.941753
22.476999 -6.392422 97.231278
25.390026 -13.805918 95.732665
3.216846 -23.668816 97.105299
6
38.748099 -61.200559 -68.942559
27.752823 -43.500926 -85.658918
4.923026 -54.744507 -83.539229
-1.166243 -65.257242 -75.763661
-0.806095 -68.822379 -72.545368
10.510931 -72.028195 -68.567189
5
26.662179 -59.567908 75.768018
37.390949 -61.877234 69.087806
27.022532 -81.096464 51.895532
19.506269 -84.073255 50.509338
16.686208 -64.521924 74.555294
5
-12.111177 98.770530 9.884418
-5.801739 99.076645 12.253906
-5.133318 86.998440 49.039989
-22.955990 91.701262 32.617497
-19.917740 96.569830 16.659879
7
70.989017 62.893040 31.702130
84.317746 49.911114 19.984957
85.305879 48.225767 19.929437
89.083602 35.000070 28.967343
82.636878 32.219337 46.185070
75.926311 38.457862 52.499411
72.377015 44.568258 52.680529
5
5.464846 81.132141 58.204048
24.822175 61.988933 74.439450
22.730921 60.770449 76.093743
17.548717 59.598943 78.358207
-7.245891 61.385803 78.608398
7
-89.907029 -23.080940 -37.202103
-84.394630 -25.071125 -47.423466
-78.881609 -19.689685 -58.223776
-75.385827 -5.130888 -65.503062
-85.238345 6.511058 -51.884782
-91.525981 -4.284622 -40.057917
-90.404496 -22.298302 -36.466598
8
52.604925 -83.000100 -18.539289
37.489751 -81.508362 -44.169057
19.156405 -87.349175 -44.756605
13.984908 -90.682086 -39.764076
15.175165 -95.489678 -25.523240
15.635926 -95.533670 -25.076599
50.913238 -84.422531 -16.753461
52.547167 -83.153125 -18.009807
4
58.571749 -41.891745 -69.386107
61.989986 -11.419518 -77.632701
59.776535 -9.720041 -79.575666
36.310481 -24.280823 -89.955492
7
50.466639 52.965119 -68.174882
60.903426 55.082458 -57.067464
61.670551 59.323115 -51.744672
59.156910 64.620157 -48.215095
47.748841 71.123648 -51.589484
37.523175 71.672013 -58.780387
33.769624 63.198251 -69.753807
6
63.302144 -55.624834 53.839729
63.192736 -55.914668 53.667756
48.220015 -61.951887 61.941858
42.219255 -60.836103 67.204933
50.686663 -29.891237 80.854042
62.384060 -29.531987 72.360837
5
18.882518 30.010262 93.503127
14.927783 30.088071 94.190601
3.465806 44.770074 89.351153
17.548717 59.598943 78.358207
22.730921 60.770449 76.093743
5
12.366549 -97.867961 16.399109
7.108185 -97.782090 19.701182
6.604759 -95.876373 27.642329
21.967648 -89.614739 38.556725
31.278539 -91.096500 26.890160
5
-56.369930 45.110950 -69.191280
-61.949332 32.407793 -71.498358
-28.259827 22.126624 -93.336995
-28.223891 48.317650 -82.878325
-33.656973 53.171029 -77.717758
4
-31.326360 64.342103 -69.848071
-20.914231 73.043428 -65.017325
-26.356981 82.629576 -49.776127
-47.415792 71.774614 -50.991641
6
-82.834344 -43.770201 -34.966283
-89.907029 -23.080940 -37.202103
-90.404496 -22.298302 -36.466598
-94.385444 -23.742347 -22.971480
-93.101465 -32.537126 -16.536403
-82.538534 -49.424470 -27.287583
5
35.297970 83.352102 -42.502710
40.613289 87.146085 -27.497649
8.958135 95.438237 -28.483237
8.914113 94.858877 -30.369920
24.192179 84.160443 -48.288283
5
-1.757834 58.585685 -81.022389
6.596244 60.743463 -79.162625
2.967600 78.549180 -61.816014
-5.904821 78.231839 -62.007358
-14.851814 74.136970 -65.445651
7
-97.909519 -14.212219 14.551250
-94.711995 -22.758519 22.620518
-90.474064 -35.620528 23.358548
-90.404942 -36.553972 22.152959
-90.319301 -42.638671 -4.936361
-92.812223 -36.284612 -8.325753
-98.067849 -14.371151 13.272789
5
48.220015 -61.951887 61.941858
63.192736 -55.914668 53.667756
64.667666 -58.475049 48.977154
54.733704 -77.842412 30.737281
40.381352 -77.408493 48.757272
6
72.225053 -9.209331 68.547283
72.220704 -19.249842 66.435032
62.384060 -29.531987 72.360837
50.686663 -29.891237 80.854042
39.285230 -25.488958 88.357137
51.724448 1.609804 85.568628
6
28.632853 55.903384 -77.813696
36.576442 39.983964 -84.044313
42.437194 38.745976 -81.840295
50.466639 52.965119 -68.174882
33.769624 63.198251 -69.753807
31.930707 62.956846 -70.829835
5
34.264659 -24.404074 -90.721411
28.695784 -16.025245 -94.444394
1.729554 -14.775286 -98.887307
5.915242 -35.432826 -93.324835
28.872670 -35.368306 -88.968825
5
57.203054 -55.029813 -60.823765
46.345557 -61.675611 -63.625532
37.489751 -81.508362 -44.169057
52.604925 -83.000100 -18.539289
67.965963 -63.822921 -36.156087
7
-70.841224 -69.019487 14.759116
-65.867208 -74.446249 10.920936
-64.062760 -76.429111 7.386052
-69.318820 -67.708096 -24.708601
-78.226538 -58.544607 -21.287032
-84.453028 -53.226347 -5.885754
-81.398964 -57.808557 5.690293
5
-59.206525 68.817493 -41.937335
-75.297119 61.566495 -23.235976
-85.661205 42.116946 -29.804713
-84.365963 31.393718 -43.552483
-61.789334 54.798517 -56.384401
9
-23.813340 87.325562 -42.510834
-12.019754 87.963301 -46.021552
3.024583 91.831698 -39.468864
8.914113 94.858877 -30.369920
8.958135 95.438237 -28.483237
8.224168 95.976438 -26.849327
-20.606324 96.709955 -14.918576
-22.075841 96.275608 -15.609756
-30.437622 91.242800 -27.355119
6
-15.737481 -90.461542 39.611123
-15.087565 -90.197089 40.458009
-14.437650 -90.289639 40.488706
6.604759 -95.876373 27.642329
7.108185 -97.782090 19.701182
-4.669114 -99.005669 13.269400
5
-89.522248 36.048934 26.196211
-89.320842 9.542523 43.940044
-97.394334 3.070481 22.470334
-93.263595 33.385435 13.686292
-90.376295 37.274740 21.040892
5
97.520265 21.938441 2.915931
89.130416 34.917647 28.922773
89.083602 35.000070 28.967343
85.305879 48.225767 19.929437
91.099351 41.202379 -1.808923
6
17.709169 -98.402004 1.852296
12.366549 -97.867961 16.399109
31.278539 -91.096500 26.890160
39.866103 -89.301559 20.878827
37.399402 -92.688282 3.188583
22.321284 -97.476178 -0.393641
7
-19.795676 -42.674577 88.244046
-26.872955 -45.539307 84.876474
-30.543130 -45.457206 83.670542
-48.622355 -36.766815 79.272113
-47.748733 -22.754235 84.866385
-28.580144 -18.306858 94.063991
-26.893601 -19.450134 94.331471
6
67.965963 -63.822921 -36.156087
52.604925 -83.000100 -18.539289
52.547167 -83.153125 -18.009807
70.766629 -70.610364 2.502135
84.834788 -52.854140 -3.081979
80.383544 -52.993763 -27.021232
7
85.305879 48.225767 19.929437
84.317746 49.911114 19.984957
79.596045 60.065957 7.520000
79.180716 60.591488 -7.686724
80.697787 56.875361 -15.907874
86.222750 46.866182 -19.214534
91.099351 41.202379 -1.808923
6
-26.893601 -19.450134 94.331471
-9.813969 -7.685340 99.220066
3.216846 -23.668816 97.105299
-5.267527 -43.735602 89.774441
-10.192322 -46.563313 87.908899
-19.795676 -42.674577 88.244046
4
79.180716 60.591488 -7.686724
59.767627 80.070631 4.065081
62.395384 73.560654 -26.375107
80.697787 56.875361 -15.907874
6
42.275188 86.803210 -26.038649
40.613289 87.146085 -27.497649
35.297970 83.352102 -42.502710
47.748841 71.123648 -51.589484
59.156910 64.620157 -48.215095
60.738370 74.015790 -28.853305
8
-45.778660 58.836120 66.653021
-16.852083 59.674890 78.453265
-15.124772 58.057033 80.003888
-15.969587 46.139962 87.270134
-18.664683 42.394031 88.624916
-30.907620 34.706153 88.544915
-36.018999 37.251296 85.527614
-45.948610 49.981426 73.420585
4
37.399402 -92.688282 3.188583
50.913238 -84.422531 -16.753461
15.635926 -95.533670 -25.076599
22.321284 -97.476178 -0.393641
5
38.748099 -61.200559 -68.942559
10.510931 -72.028195 -68.567189
19.156405 -87.349175 -44.756605
37.489751 -81.508362 -44.169057
46.345557 -61.675611 -63.625532
6
38.416726 92.279330 -2.946253
42.275188 86.803210 -26.038649
60.738370 74.015790 -28.853305
62.395384 73.560654 -26.375107
59.767627 80.070631 4.065081
59.183975 80.431575 5.293284
5
59.767627 80.070631 4.065081
79.180716 60.591488 -7.686724
79.596045 60.065957 7.520000
60.426620 78.936123 10.849523
59.183975 80.431575 5.293284
7
-93.263595 33.385435 13.686292
-93.770352 33.356623 9.718884
-75.075447 64.799386 -12.834203
-73.297619 67.509967 -8.358435
-73.541619 66.576472 12.617593
-83.051146 51.516615 21.178892
-90.376295 37.274740 21.040892
5
-52.529079 69.440809 49.179975
-51.835512 70.660907 48.167582
-19.722745 78.621412 58.563529
-16.852083 59.674890 78.453265
-45.778660 58.836120 66.653021
5
-98.067849 -14.371151 13.272789
-92.812223 -36.284612 -8.325753
-93.101465 -32.537126 -16.536403
-94.385444 -23.742347 -22.971480
-99.120212 -8.683129 -9.989333
6
31.930707 62.956846 -70.829835
33.769624 63.198251 -69.753807
37.523175 71.672013 -58.780387
22.300479 80.051313 -55.628013
17.542379 78.310250 -59.663806
21.451383 68.984335 -69.144773
5
-30.907620 34.706153 88.544915
-18.664683 42.394031 88.624916
-1.980190 23.863813 97.090665
-11.927523 10.412423 98.738623
-32.946603 17.637032 92.754819
6
17.542379 78.310250 -59.663806
4.798650 79.221874 -60.834757
2.967600 78.549180 -61.816014
6.596244 60.743463 -79.162625
7.892587 60.462388 -79.259111
21.451383 68.984335 -69.144773
5
28.632853 55.903384 -77.813696
13.208122 56.347450 -81.550661
16.776537 39.626453 -90.267890
22.319283 34.320418 -91.235731
36.576442 39.983964 -84.044313
5
-6.535932 -78.947716 61.029008
-15.199294 -90.029070 40.789068
-23.757970 -82.536675 51.217733
-19.613641 -71.920906 66.653495
-17.720574 -71.597672 67.525956
5
3.216846 -23.668816 97.105299
25.390026 -13.805918 95.732665
36.953446 -25.762261 89.279050
28.985651 -36.509541 88.469687
-5.267527 -43.735602 89.774441
5
-90.404496 -22.298302 -36.466598
-91.525981 -4.284622 -40.057917
-98.153856 7.069804 -17.771844
-99.120212 -8.683129 -9.989333
-94.385444 -23.742347 -22.971480
4
-43.823956 8.582838 -89.475112
-62.938044 17.949153 -75.608403
-70.550493 -4.338483 -70.737582
-51.848177 -4.735762 -85.377626
6
-64.062760 -76.429111 7.386052
-65.867208 -74.446249 10.920936
-50.479528 -80.945344 29.994474
-45.380082 -83.925763 29.951870
-38.417335 -90.682482 17.343465
-56.723381 -82.218480 4.751791
7
50.194802 15.856735 85.023795
52.832698 18.231281 82.923618
68.532392 14.812220 71.301538
72.795060 8.942375 67.977299
74.056629 2.061941 67.166689
72.225053 -9.209331 68.547283
51.724448 1.609804 85.568628
5
70.340504 31.017344 63.954186
68.532392 14.812220 71.301538
52.832698 18.231281 82.923618
52.741060 31.728823 78.814100
57.914911 36.579748 72.854548
6
-82.538534 -49.424470 -27.287583
-93.101465 -32.537126 -16.536403
-92.812223 -36.284612 -8.325753
-90.319301 -42.638671 -4.936361
-84.453028 -53.226347 -5.885754
-78.226538 -58.544607 -21.287032
7
70.766629 -70.610364 2.502135
66.796601 -72.733281 15.750683
79.303772 -51.920124 31.862400
89.717387 -37.271503 23.698639
92.239590 -35.562946 15.070996
91.773226 -39.328522 5.562583
84.834788 -52.854140 -3.081979
7
-89.320842 9.542523 43.940044
-86.805619 7.831434 49.025026
-87.171565 -15.130834 46.606611
-94.711995 -22.758519 22.620518
-97.909519 -14.212219 14.551250
-98.379872 -7.258561 16.392503
-97.394334 3.070481 22.470334
5
60.055031 78.436035 15.530026
70.502341 63.450657 31.677028
51.464136 69.280394 50.514055
48.598706 74.950950 44.950204
52.896580 81.680535 23.026985
5
10.647812 -0.432523 99.430564
-6.454425 -1.745487 99.776218
-11.927523 10.412423 98.738623
-1.980190 23.863813 97.090665
7.061518 24.822012 96.612643
7
-42.571065 -86.778250 -25.636688
-41.933161 -89.651862 -14.288234
-33.845968 -93.872125 -6.517247
-11.442698 -99.330851 -1.564200
-9.293350 -99.485478 -4.034008
-7.365005 -98.905897 -12.782028
-17.077824 -93.338568 -31.563580
6
-47.509972 87.866640 4.717633
-22.075841 96.275608 -15.609756
-20.606324 96.709955 -14.918576
-12.111177 98.770530 9.884418
-19.917740 96.569830 16.659879
-46.538135 87.260604 14.825280
5
-57.054845 -69.437721 43.853707
-50.479528 -80.945344 29.994474
-65.867208 -74.446249 10.920936
-70.841224 -69.019487 14.759116
-72.449287 -59.444203 34.892514
7
96.436277 -17.595438 -19.759685
96.154814 -20.561351 -18.206661
91.773226 -39.328522 5.562583
92.239590 -35.562946 15.070996
97.911350 -11.888175 16.493601
99.852704 4.533803 -2.980292
98.959459 -2.781544 -14.116957
6
-42.692201 85.620641 -29.094362
-57.712019 69.968411 -42.115844
-47.415792 71.774614 -50.991641
-26.356981 82.629576 -49.776127
-23.813340 87.325562 -42.510834
-30.437622 91.242800 -27.355119
7
91.550400 17.392283 -36.277166
91.274269 29.700194 -28.051850
86.971118 42.074404 -25.802502
82.077475 44.916821 -35.295429
75.509317 28.316441 -59.131397
77.645373 18.530471 -60.231368
85.118511 8.424545 -51.806044
5
74.982609 -35.153066 -56.052389
77.805725 -13.304857 -61.394217
61.989986 -11.419518 -77.632701
58.571749 -41.891745 -69.386107
60.705823 -48.733186 -62.768461
7
2.684890 84.946114 52.696765
7.594037 86.687080 49.271501
24.677835 85.235553 46.107537
38.687826 67.665532 62.646851
30.616827 61.116362 72.989042
24.822175 61.988933 74.439450
5.464846 81.132141 58.204048
7
42.219255 -60.836103 67.204933
37.390949 -61.877234 69.087806
26.662179 -59.567908 75.768018
28.985651 -36.509541 88.469687
36.953446 -25.762261 89.279050
39.285230 -25.488958 88.357137
50.686663 -29.891237 80.854042
6
-41.090105 -73.766661 53.573156
-42.658456 -73.689093 52.442098
-52.263250 -69.349975 49.589653
-55.605285 -52.586318 64.364054
-48.471483 -54.964148 68.040119
-35.756121 -66.890572 65.170171
5
-45.948610 49.981426 73.420585
-36.018999 37.251296 85.527614
-71.695747 18.808143 67.126549
-71.882574 19.041006 66.860568
-71.890981 19.896489 66.601926
6
-8.678465 21.250941 -97.329758
-0.345111 41.444760 -91.006663
-8.696049 52.269627 -84.807221
-28.223891 48.317650 -82.878325
-28.259827 22.126624 -93.336995
-26.494796 16.925621 -94.929180
6
8.224168 95.976438 -26.849327
8.958135 95.438237 -28.483237
40.613289 87.146085 -27.497649
42.275188 86.803210 -26.038649
38.416726 92.279330 -2.946253
23.742632 97.065085 3.828410
6
-78.881609 -19.689685 -58.223776
-63.421534 -41.481332 -65.245752
-57.340466 -37.709805 -72.732672
-57.820163 -31.218495 -75.380596
-70.912417 -4.761232 -70.347422
-75.385827 -5.130888 -65.503062
5
44.825115 11.262824 -88.678396
58.749076 -0.919970 -80.917858
68.452136 16.571726 -70.990725
53.293556 28.718366 -79.593042
49.824191 29.349535 -81.585261
5
66.809107 42.022435 -61.405686
53.293556 28.718366 -79.593042
68.452136 16.571726 -70.990725
77.645373 18.530471 -60.231368
75.509317 28.316441 -59.131397
6
72.377015 44.568258 52.680529
75.926311 38.457862 52.499411
70.340504 31.017344 63.954186
57.914911 36.579748 72.854548
57.764145 47.971297 66.045880
62.823575 51.032314 58.727347
5
48.220015 -61.951887 61.941858
40.381352 -77.408493 48.757272
27.022532 -81.096464 51.895532
37.390949 -61.877234 69.087806
42.219255 -60.836103 67.204933
5
97.520265 21.938441 2.915931
98.831912 15.224815 0.676910
97.242415 12.412348 19.744526
93.754603 20.961195 27.761533
89.130416 34.917647 28.922773
6
-1.166243 -65.257242 -75.763661
4.923026 -54.744507 -83.539229
0.091347 -41.538080 -90.964716
-11.617689 -37.495056 -91.973638
-14.329813 -37.902697 -91.422328
-20.704246 -49.293902 -84.507074
4
-70.551868 -46.609015 -53.385706
-84.394630 -25.071125 -47.423466
-89.907029 -23.080940 -37.202103
-82.834344 -43.770201 -34.966283
5
61.670551 59.323115 -51.744672
60.903426 55.082458 -57.067464
66.809107 42.022435 -61.405686
75.509317 28.316441 -59.131397
82.077475 44.916821 -35.295429
8
-82.538534 -49.424470 -27.287583
-78.226538 -58.544607 -21.287032
-69.318820 -67.708096 -24.708601
-59.529010 -71.994365 -35.680643
-64.284407 -55.522711 -52.770671
-66.924070 -48.696518 -56.123240
-70.551868 -46.609015 -53.385706
-82.834344 -43.770201 -34.966283
5
-37.710829 -91.013153 17.160984
-33.845968 -93.872125 -6.517247
-41.933161 -89.651862 -14.288234
-56.723381 -82.218480 4.751791
-38.417335 -90.682482 17.343465
7
-66.694217 -12.446094 73.464114
-71.944859 -30.366462 62.464511
-87.171565 -15.130834 46.606611
-86.805619 7.831434 49.025026
-71.882574 19.041006 66.860568
-71.695747 18.808143 67.126549
-69.835933 14.845236 70.018294
5
24.192179 84.160443 -48.288283
22.300479 80.051313 -55.628013
37.523175 71.672013 -58.780387
47.748841 71.123648 -51.589484
35.297970 83.352102 -42.502710
6
51.173080 68.745465 51.530349
38.687826 67.665532 62.646851
24.677835 85.235553 46.107537
32.748905 85.846630 39.469802
48.598706 74.950950 44.950204
51.464136 69.280394 50.514055
5
-15.969587 46.139962 87.270134
-15.124772 58.057033 80.003888
-7.245891 61.385803 78.608398
17.548717 59.598943 78.358207
3.465806 44.770074 89.351153
7
91.099351 41.202379 -1.808923
86.222750 46.866182 -19.214534
86.971118 42.074404 -25.802502
91.274269 29.700194 -28.051850
98.941438 14.511598 -0.072668
98.831912 15.224815 0.676910
97.520265 21.938441 2.915931
8
86.222750 46.866182 -19.214534
80.697787 56.875361 -15.907874
62.395384 73.560654 -26.375107
60.738370 74.015790 -28.853305
59.156910 64.620157 -48.215095
61.670551 59.323115 -51.744672
82.077475 44.916821 -35.295429
86.971118 42.074404 -25.802502
6
-19.722745 78.621412 58.563529
-51.835512 70.660907 48.167582
-52.113784 75.284055 40.205280
-22.955990 91.701262 32.617497
-5.133318 86.998440 49.039989
-3.257226 85.479264 51.794651
7
-98.379872 -7.258561 16.392503
-97.909519 -14.212219 14.551250
-98.067849 -14.371151 13.272789
-99.120212 -8.683129 -9.989333
-98.153856 7.069804 -17.771844
-98.125492 7.703378 -17.664819
-97.122155 22.631277 -7.423759
5
-30.543130 -45.457206 83.670542
-48.471483 -54.964148 68.040119
-55.605285 -52.586318 64.364054
-66.102980 -39.348789 63.891070
-48.622355 -36.766815 79.272113
5
3.918040 -63.353337 77.272270
0.405529 -77.786267 62.842121
-6.535932 -78.947716 61.029008
-17.720574 -71.597672 67.525956
-4.549145 -58.352337 81.082119
5
-11.510114 -99.334422 -0.435759
-11.442698 -99.330851 -1.564200
-33.845968 -93.872125 -6.517247
-37.710829 -91.013153 17.160984
-27.233526 -94.007739 20.515362
8
-39.676439 -84.078132 36.832701
-42.658456 -73.689093 52.442098
-41.090105 -73.766661 53.573156
-23.757970 -82.536675 51.217733
-15.199294 -90.029070 40.789068
-15.087565 -90.197089 40.458009
-15.737481 -90.461542 39.611123
-16.034625 -90.505017 39.392038
8
18.882518 30.010262 93.503127
22.730921 60.770449 76.093743
24.822175 61.988933 74.439450
30.616827 61.116362 72.989042
36.635984 54.503226 75.413547
39.421942 45.406682 79.900837
27.977687 27.971110 91.841527
22.465609 28.355696 93.226879
6
-29.465441 -21.755238 -93.051047
-14.329813 -37.902697 -91.422328
-11.617689 -37.495056 -91.973638
-0.142211 -13.924928 -99.025634
-21.313393 -6.881771 -97.459635
-29.644782 -20.610463 -93.254468
6
63.302144 -55.624834 53.839729
85.513126 -26.925802 44.300186
89.717387 -37.271503 23.698639
79.303772 -51.920124 31.862400
64.667666 -58.475049 48.977154
63.192736 -55.914668 53.667756
7
-63.505467 59.122962 49.714496
-52.529079 69.440809 49.179975
-45.778660 58.836120 66.653021
-45.948610 49.981426 73.420585
-71.890981 19.896489 66.601926
-72.261367 21.672020 65.640067
-68.097752 52.085588 51.476090
6
60.426620 78.936123 10.849523
79.596045 60.065957 7.520000
84.317746 49.911114 19.984957
70.989017 62.893040 31.702130
70.502341 63.450657 31.677028
60.055031 78.436035 15.530026
6
-2.002579 19.560947 -98.047738
21.775645 31.839574 -92.260841
22.319283 34.320418 -91.235731
16.776537 39.626453 -90.267890
-0.345111 41.444760 -91.006663
-8.678465 21.250941 -97.329758
7
89.130416 34.917647 28.922773
93.754603 20.961195 27.761533
90.905670 1.811164 41.627861
89.884448 3.907843 43.652203
84.203329 21.866079 49.312006
82.636878 32.219337 46.185070
89.083602 35.000070 28.967343
7
-89.522248 36.048934 26.196211
-87.634303 36.986243 30.858496
-72.261367 21.672020 65.640067
-71.890981 19.896489 66.601926
-71.882574 19.041006 66.860568
-86.805619 7.831434 49.025026
-89.320842 9.542523 43.940044
5
57.914911 36.579748 72.854548
52.741060 31.728823 78.814100
39.421942 45.406682 79.900837
36.635984 54.503226 75.413547
57.764145 47.971297 66.045880
6
-1.166243 -65.257242 -75.763661
-20.704246 -49.293902 -84.507074
-38.357126 -48.783487 -78.414937
-36.468304 -61.889178 -69.568617
-10.977946 -73.929640 -66.437136
-0.806095 -68.822379 -72.545368
4
-2.002579 19.560947 -98.047738
7.676464 8.125025 -99.373316
29.190845 8.050498 -95.305215
21.775645 31.839574 -92.260841
8
-26.494796 16.925621 -94.929180
-27.351486 14.791650 -95.042639
-21.313393 -6.881771 -97.459635
-0.142211 -13.924928 -99.025634
0.055697 -13.919238 -99.026520
7.676464 8.125025 -99.373316
-2.002579 19.560947 -98.047738
-8.678465 21.250941 -97.329758
