425
6
-0.399850 0.791053 0.462984
-0.314921 0.858883 0.403912
-0.233156 0.868532 0.437368
-0.199758 0.823513 0.530964
-0.285770 0.756269 0.588551
-0.380579 0.750885 0.539751
6
-0.000651 0.514481 0.857501
-0.038972 0.609653 0.791710
0.045217 0.669847 0.741121
0.124158 0.650490 0.749298
0.166141 0.558098 0.812973
0.111881 0.503469 0.856739
6
0.891619 -0.303345 0.336150
0.848527 -0.363271 0.384755
0.805832 -0.338718 0.485701
0.822453 -0.223907 0.522911
0.860676 -0.169744 0.480025
0.908276 -0.189804 0.372838
6
0.938012 -0.228317 -0.260777
0.946072 -0.113518 -0.303415
0.916945 -0.092559 -0.388129
0.873540 -0.170815 -0.455795
0.868098 -0.279187 -0.410439
0.905245 -0.291727 -0.308912
6
0.624105 -0.777816 -0.074134
0.626497 -0.778947 0.027256
0.690900 -0.718210 0.082655
0.761348 -0.647905 0.023823
0.753565 -0.651326 -0.088964
0.700266 -0.701889 -0.130305
6
-0.882798 -0.435884 0.175136
-0.854720 -0.454446 0.250862
-0.788403 -0.551773 0.271970
-0.766360 -0.616621 0.180194
-0.801379 -0.590686 0.094239
-0.859668 -0.505310 0.075047
6
0.302445 -0.902204 -0.307499
0.230277 -0.933346 -0.275387
0.223233 -0.962934 -0.151410
0.301967 -0.948351 -0.097195
0.389290 -0.911118 -0.135340
0.393814 -0.883555 -0.253458
6
0.139081 0.235524 0.961865
0.063505 0.155078 0.985859
-0.024221 0.175244 0.984227
-0.066307 0.288969 0.955040
-0.014973 0.349371 0.936865
0.100628 0.340685 0.934777
6
-0.636732 -0.142051 0.757888
-0.719075 -0.058798 0.692440
-0.714878 0.024354 0.698825
-0.630606 0.070892 0.772859
-0.561928 -0.014863 0.827052
-0.593283 -0.125188 0.795200
6
-0.941516 0.333656 0.047133
-0.947354 0.281185 0.153154
-0.966740 0.198691 0.161043
-0.988078 0.129236 0.083667
-0.986889 0.160392 -0.017995
-0.965971 0.255017 -0.043197
5
-0.322849 -0.517084 0.792712
-0.311769 -0.399886 0.861912
-0.175677 -0.402652 0.898337
-0.143325 -0.527009 0.837687
-0.227086 -0.569828 0.789764
6
0.045217 0.669847 0.741121
0.006801 0.747011 0.664777
0.092936 0.795735 0.598472
0.206169 0.752795 0.625135
0.213878 0.700030 0.681332
0.124158 0.650490 0.749298
6
-0.986338 -0.144791 0.078566
-0.997693 -0.040606 0.054403
-0.993897 0.022438 0.108010
-0.972441 0.002073 0.233141
-0.961663 -0.064546 0.266531
-0.966155 -0.167752 0.195969
6
-0.962000 0.026675 -0.271742
-0.924845 0.057649 -0.375949
-0.907220 0.139722 -0.396775
-0.920549 0.231100 -0.314933
-0.952665 0.205727 -0.223842
-0.974606 0.107095 -0.196655
5
-0.812554 0.078060 0.577635
-0.844147 -0.043499 0.534344
-0.906163 -0.015917 0.422629
-0.910342 0.101187 0.401297
-0.853221 0.157517 0.497194
6
-0.766360 -0.616621 0.180194
-0.788403 -0.551773 0.271970
-0.744854 -0.564792 0.355250
-0.668008 -0.647144 0.367382
-0.645802 -0.710522 0.279459
-0.695590 -0.692468 0.191423
6
0.682199 -0.503911 -0.529790
0.710111 -0.529197 -0.464428
0.797560 -0.445601 -0.406617
0.816381 -0.350386 -0.459076
0.767820 -0.332937 -0.547362
0.706813 -0.394288 -0.587326
6
0.134932 -0.446918 -0.884340
0.137804 -0.525318 -0.839673
0.227832 -0.563456 -0.794109
0.326136 -0.497171 -0.804025
0.327693 -0.423301 -0.844650
0.234642 -0.375825 -0.896492
6
-0.410875 -0.190398 -0.891589
-0.497547 -0.224745 -0.837817
-0.507636 -0.308638 -0.804393
-0.419384 -0.390393 -0.819579
-0.335354 -0.358863 -0.871065
-0.326725 -0.258483 -0.909086
6
-0.354769 0.921432 -0.158434
-0.458497 0.872829 -0.167181
-0.488926 0.841323 -0.230494
-0.428122 0.837170 -0.340380
-0.321070 0.887773 -0.329809
-0.292117 0.925742 -0.240143
6
-0.181093 0.289572 0.939869
-0.218185 0.401865 0.889325
-0.170193 0.459630 0.871651
-0.054400 0.457555 0.887515
-0.014973 0.349371 0.936865
-0.066307 0.288969 0.955040
6
-0.471466 -0.018915 -0.881682
-0.399003 -0.082242 -0.913254
-0.312037 -0.048891 -0.948811
-0.293645 0.072148 -0.953188
-0.357507 0.127720 -0.925136
-0.457627 0.094767 -0.884079
6
-0.087018 0.371890 -0.924189
-0.156150 0.427205 -0.890569
-0.252683 0.400345 -0.880838
-0.283548 0.279951 -0.917185
-0.165807 0.225629 -0.960000
-0.116668 0.250562 -0.961045
6
-0.050305 -0.138277 -0.989115
-0.067486 -0.252199 -0.965319
0.035883 -0.313989 -0.948748
0.131235 -0.246123 -0.960313
0.127875 -0.167938 -0.977469
0.022583 -0.106521 -0.994054
5
-0.972441 0.002073 0.233141
-0.993897 0.022438 0.108010
-0.988078 0.129236 0.083667
-0.966740 0.198691 0.161043
-0.947713 0.131625 0.290713
6
-0.054400 0.457555 0.887515
-0.170193 0.459630 0.871651
-0.203789 0.554559 0.806805
-0.131085 0.621545 0.772333
-0.038972 0.609653 0.791710
-0.000651 0.514481 0.857501
6
0.385397 0.897539 0.214227
0.366915 0.921543 0.127014
0.431886 0.900673 0.047574
0.541530 0.837151 0.076961
0.557919 0.819701 0.129679
0.493693 0.834652 0.244181
6
0.461622 0.497282 -0.734585
0.525381 0.391304 -0.755550
0.613697 0.377676 -0.693352
0.639919 0.440939 -0.629346
0.578433 0.540536 -0.610931
0.483448 0.548764 -0.682009
5
0.124158 0.650490 0.749298
0.213878 0.700030 0.681332
0.332024 0.624949 0.706540
0.271417 0.538973 0.797396
0.166141 0.558098 0.812973
6
0.570701 -0.297065 0.765541
0.631264 -0.238943 0.737843
0.705813 -0.262905 0.657807
0.697524 -0.366757 0.615588
0.591088 -0.446387 0.671829
0.566444 -0.428146 0.704153
6
0.420389 -0.788915 -0.448203
0.303019 -0.854607 -0.421695
0.302445 -0.902204 -0.307499
0.393814 -0.883555 -0.253458
0.461809 -0.840109 -0.284515
0.455483 -0.787031 -0.416074
6
0.934466 -0.341001 -0.102432
0.939049 -0.343436 0.015411
0.967878 -0.242962 0.064669
0.985129 -0.171379 0.012269
0.980241 -0.169968 -0.101184
0.960460 -0.235479 -0.148547
6
-0.437278 -0.880201 -0.184481
-0.403082 -0.910365 -0.093598
-0.271256 -0.959041 -0.081609
-0.237405 -0.959423 -0.152142
-0.293652 -0.916957 -0.270110
-0.360015 -0.891452 -0.275140
6
0.679752 0.384607 0.624511
0.723118 0.291359 0.626267
0.681299 0.213997 0.700026
0.595759 0.246047 0.764547
0.560198 0.327536 0.760854
0.601307 0.410036 0.685785
6
0.053396 0.213730 -0.975432
0.079293 0.338317 -0.937686
0.017914 0.394164 -0.918865
-0.087018 0.371890 -0.924189
-0.116668 0.250562 -0.961045
0.011533 0.190967 -0.981529
6
-0.321070 0.887773 -0.329809
-0.428122 0.837170 -0.340380
-0.451742 0.796820 -0.401256
-0.382416 0.776755 -0.500409
-0.281533 0.821633 -0.495639
-0.252098 0.875243 -0.412791
6
-0.112633 0.817893 -0.564238
-0.036440 0.776433 -0.629146
0.055854 0.787816 -0.613373
0.096013 0.847399 -0.522204
0.014612 0.890103 -0.455526
-0.076728 0.878371 -0.471782
6
-0.685004 -0.615265 -0.390152
-0.635607 -0.666222 -0.390066
-0.549579 -0.681343 -0.483462
-0.569840 -0.593504 -0.568362
-0.646927 -0.526188 -0.551916
-0.702529 -0.531536 -0.473203
6
-0.660167 0.234686 0.713514
-0.725248 0.213918 0.654411
-0.765166 0.285552 0.577045
-0.727479 0.379868 0.571380
-0.646110 0.410113 0.643699
-0.611928 0.344858 0.711770
6
-0.079377 -0.977401 0.195925
0.029728 -0.985761 0.165506
0.045234 -0.998179 0.039901
-0.068076 -0.997538 -0.016830
-0.125708 -0.991896 0.018460
-0.137704 -0.979337 0.148109
6
-0.222171 -0.871625 -0.436932
-0.308560 -0.830148 -0.464376
-0.404588 -0.832077 -0.379415
-0.360015 -0.891452 -0.275140
-0.293652 -0.916957 -0.270110
-0.209336 -0.913515 -0.348811
6
0.911442 0.189823 -0.365023
0.921088 0.277208 -0.273411
0.893477 0.349817 -0.281649
0.839718 0.391269 -0.376541
0.830335 0.306835 -0.465183
0.864838 0.219788 -0.451385
5
0.515335 -0.679048 0.522803
0.488931 -0.606401 0.627076
0.585848 -0.513140 0.627272
0.656551 -0.545806 0.520611
0.610658 -0.637818 0.469345
6
0.483448 0.548764 -0.682009
0.407911 0.647165 -0.644039
0.307465 0.645225 -0.699393
0.284134 0.593637 -0.752903
0.359033 0.495559 -0.790896
0.461622 0.497282 -0.734585
6
-0.855231 -0.213278 -0.472327
-0.850966 -0.293774 -0.435378
-0.788299 -0.381808 -0.482501
-0.732731 -0.351249 -0.582863
-0.735318 -0.280526 -0.616939
-0.801895 -0.183882 -0.568464
6
-0.527324 0.361517 0.768918
-0.469912 0.464123 0.750848
-0.371505 0.472148 0.799413
-0.334633 0.394719 0.855697
-0.382329 0.310397 0.870332
-0.485384 0.293165 0.823685
6
0.678424 0.569391 -0.464258
0.672713 0.638381 -0.374068
0.609943 0.701169 -0.369231
0.528905 0.720587 -0.448345
0.519369 0.681984 -0.514931
0.592421 0.589989 -0.548589
6
0.366915 0.921543 0.127014
0.263898 0.959443 0.099130
0.237473 0.971377 -0.005726
0.303704 0.949755 -0.075699
0.408532 0.911324 -0.050900
0.431886 0.900673 0.047574
6
0.224773 0.729125 -0.646416
0.307465 0.645225 -0.699393
0.407911 0.647165 -0.644039
0.426019 0.690950 -0.584034
0.340056 0.775682 -0.531676
0.264762 0.783950 -0.561536
6
0.779284 0.419888 0.465199
0.708090 0.458611 0.536921
0.662203 0.534776 0.524883
0.676363 0.601085 0.425711
0.741483 0.569671 0.354511
0.793793 0.486292 0.365259
6
0.720668 0.419545 -0.551923
0.639919 0.440939 -0.629346
0.613697 0.377676 -0.693352
0.662420 0.274952 -0.696851
0.740430 0.253534 -0.622482
0.765879 0.334656 -0.549030
6
0.224067 0.427462 -0.875825
0.331851 0.437248 -0.835876
0.359033 0.495559 -0.790896
0.284134 0.593637 -0.752903
0.177881 0.581740 -0.793686
0.151363 0.515125 -0.843644
6
-0.645924 0.716650 0.263050
-0.590809 0.768476 0.245742
-0.502098 0.803539 0.319722
-0.492934 0.772047 0.401198
-0.564201 0.695865 0.444352
-0.653067 0.661559 0.368569
6
-0.215620 -0.653208 0.725829
-0.227086 -0.569828 0.789764
-0.143325 -0.527009 0.837687
-0.062574 -0.550768 0.832309
-0.031246 -0.645274 0.763312
-0.109915 -0.694440 0.711106
6
-0.279227 0.949422 0.143629
-0.204233 0.976337 0.071098
-0.113450 0.988909 0.095858
-0.078671 0.975495 0.205475
-0.166514 0.945775 0.278897
-0.265623 0.934985 0.235047
6
0.236358 -0.608924 0.757196
0.138516 -0.605573 0.783642
0.102126 -0.507037 0.855853
0.190712 -0.436801 0.879110
0.257653 -0.443165 0.858615
0.299572 -0.542351 0.784928
6
-0.888249 -0.314060 -0.335230
-0.850966 -0.293774 -0.435378
-0.855231 -0.213278 -0.472327
-0.902756 -0.120057 -0.413060
-0.939975 -0.145431 -0.308701
-0.929423 -0.245701 -0.275327
6
-0.855231 -0.213278 -0.472327
-0.801895 -0.183882 -0.568464
-0.794775 -0.108237 -0.597175
-0.844877 -0.009652 -0.534874
-0.894995 -0.033519 -0.444815
-0.902756 -0.120057 -0.413060
6
0.836314 0.510706 -0.199394
0.883569 0.430395 -0.184570
0.912374 0.397494 -0.097843
0.882051 0.471128 0.004962
0.830663 0.556542 -0.016138
0.807165 0.582884 -0.093443
6
0.303019 -0.854607 -0.421695
0.230666 -0.849978 -0.473636
0.138746 -0.885413 -0.443615
0.130902 -0.936371 -0.325690
0.230277 -0.933346 -0.275387
0.302445 -0.902204 -0.307499
5
0.998472 0.024937 -0.049318
0.987854 -0.057279 -0.144444
0.980241 -0.169968 -0.101184
0.985129 -0.171379 0.012269
0.996675 -0.051239 0.063350
6
0.879143 -0.398921 -0.260711
0.829139 -0.464660 -0.310838
0.789007 -0.556417 -0.260516
0.813281 -0.564021 -0.143020
0.857955 -0.503759 -0.100697
0.900230 -0.408613 -0.150405
6
0.784756 0.614127 0.083698
0.830663 0.556542 -0.016138
0.882051 0.471128 0.004962
0.897238 0.431704 0.092714
0.850436 0.491501 0.187578
0.798015 0.577724 0.171484
6
-0.165723 0.677797 -0.716329
-0.073600 0.699985 -0.710355
-0.036440 0.776433 -0.629146
-0.112633 0.817893 -0.564238
-0.208486 0.792823 -0.572683
-0.241977 0.719893 -0.650539
6
-0.927319 -0.349141 -0.134832
-0.872291 -0.442677 -0.207715
-0.852927 -0.440464 -0.280190
-0.888249 -0.314060 -0.335230
-0.929423 -0.245701 -0.275327
-0.947862 -0.270451 -0.168563
6
-0.405235 -0.909776 0.089959
-0.314548 -0.944913 0.090546
-0.253127 -0.966929 -0.031227
-0.271256 -0.959041 -0.081609
-0.403082 -0.910365 -0.093598
-0.455026 -0.890477 0.001291
6
-0.419384 -0.390393 -0.819579
-0.424456 -0.475323 -0.770653
-0.329532 -0.546401 -0.769970
-0.247271 -0.516832 -0.819599
-0.241608 -0.425851 -0.871938
-0.335354 -0.358863 -0.871065
6
-0.609498 -0.651380 0.451903
-0.668008 -0.647144 0.367382
-0.744854 -0.564792 0.355250
-0.752597 -0.493352 0.436120
-0.696853 -0.497193 0.516908
-0.617885 -0.583921 0.526549
6
-0.910563 -0.272028 0.311249
-0.939842 -0.254744 0.227603
-0.966155 -0.167752 0.195969
-0.961663 -0.064546 0.266531
-0.928630 -0.081680 0.361906
-0.898086 -0.197230 0.393117
6
-0.414460 0.909011 0.043845
-0.320087 0.945431 -0.060866
-0.236162 0.970958 -0.038322
-0.204233 0.976337 0.071098
-0.279227 0.949422 0.143629
-0.412374 0.907360 0.081516
6
0.894229 -0.409898 0.179826
0.920295 -0.319665 0.225548
0.956704 -0.236202 0.170077
0.967878 -0.242962 0.064669
0.939049 -0.343436 0.015411
0.906848 -0.416625 0.063640
7
0.206009 0.098050 -0.973625
0.187433 0.158974 -0.969328
0.053396 0.213730 -0.975432
0.011533 0.190967 -0.981529
-0.011999 0.072657 -0.997285
0.045977 0.013981 -0.998845
0.169691 0.034498 -0.984893
6
-0.645802 -0.710522 0.279459
-0.565288 -0.774725 0.283288
-0.530293 -0.826323 0.189685
-0.592090 -0.800660 0.091498
-0.657531 -0.747646 0.093158
-0.695590 -0.692468 0.191423
6
0.132416 -0.770932 -0.623001
0.135983 -0.693378 -0.707627
0.042334 -0.659409 -0.750592
-0.048580 -0.700573 -0.711925
-0.047216 -0.771074 -0.634992
0.056037 -0.803687 -0.592407
6
-0.757475 -0.652790 -0.009857
-0.713052 -0.701030 -0.010677
-0.657391 -0.745818 -0.107672
-0.680883 -0.705201 -0.197709
-0.751501 -0.624323 -0.213230
-0.804901 -0.581756 -0.117023
6
-0.907220 0.139722 -0.396775
-0.924845 0.057649 -0.375949
-0.894995 -0.033519 -0.444815
-0.844877 -0.009652 -0.534874
-0.821597 0.080424 -0.564367
-0.852673 0.173093 -0.492938
6
-0.404588 -0.832077 -0.379415
-0.308560 -0.830148 -0.464376
-0.322212 -0.772017 -0.547877
-0.401578 -0.721671 -0.563850
-0.494729 -0.723243 -0.481834
-0.461433 -0.799165 -0.385246
6
-0.550165 0.651175 0.522772
-0.564201 0.695865 0.444352
-0.492934 0.772047 0.401198
-0.399850 0.791053 0.462984
-0.380579 0.750885 0.539751
-0.457445 0.668407 0.586495
6
-0.630935 0.036957 -0.774955
-0.609679 0.109540 -0.785043
-0.656847 0.204926 -0.725643
-0.721076 0.197299 -0.664170
-0.763125 0.098601 -0.638685
-0.711855 0.000530 -0.702326
6
0.083311 -0.939172 0.333190
-0.027801 -0.930577 0.365038
-0.042137 -0.881707 0.469913
0.026870 -0.852925 0.521341
0.133143 -0.861541 0.489918
0.151688 -0.910828 0.383904
6
0.965107 -0.148026 0.216004
0.990202 -0.029003 0.136598
0.996675 -0.051239 0.063350
0.985129 -0.171379 0.012269
0.967878 -0.242962 0.064669
0.956704 -0.236202 0.170077
6
0.758866 -0.201522 0.619283
0.755614 -0.088041 0.649074
0.797532 -0.025663 0.602731
0.860587 -0.049716 0.506872
0.860676 -0.169744 0.480025
0.822453 -0.223907 0.522911
6
-0.252098 0.875243 -0.412791
-0.152095 0.903778 -0.400065
-0.118483 0.947432 -0.297210
-0.190125 0.955463 -0.225705
-0.292117 0.925742 -0.240143
-0.321070 0.887773 -0.329809
6
-0.593766 0.506861 0.624927
-0.646110 0.410113 0.643699
-0.727479 0.379868 0.571380
-0.749815 0.444494 0.490105
-0.696201 0.534041 0.479692
-0.615229 0.561278 0.553589
6
-0.991991 0.080978 -0.096933
-0.986889 0.160392 -0.017995
-0.988078 0.129236 0.083667
-0.993897 0.022438 0.108010
-0.997693 -0.040606 0.054403
-0.997542 -0.018261 -0.067652
6
-0.812554 0.078060 0.577635
-0.853221 0.157517 0.497194
-0.832336 0.244040 0.497656
-0.765166 0.285552 0.577045
-0.725248 0.213918 0.654411
-0.764673 0.093340 0.637623
6
0.764362 -0.519505 0.381923
0.715444 -0.497591 0.490452
0.745257 -0.398261 0.534771
0.805832 -0.338718 0.485701
0.848527 -0.363271 0.384755
0.816195 -0.465626 0.342078
6
0.555000 -0.172487 -0.813771
0.630035 -0.084136 -0.771996
0.604179 0.015339 -0.796701
0.527338 0.036617 -0.848866
0.455299 -0.048349 -0.889025
0.480793 -0.146842 -0.864451
6
0.836314 0.510706 -0.199394
0.807165 0.582884 -0.093443
0.734786 0.667719 -0.119334
0.708330 0.682085 -0.181739
0.734524 0.612961 -0.291124
0.791536 0.540827 -0.284564
6
-0.898086 -0.197230 0.393117
-0.928630 -0.081680 0.361906
-0.906163 -0.015917 0.422629
-0.844147 -0.043499 0.534344
-0.822447 -0.107327 0.558625
-0.859238 -0.213459 0.464915
6
0.206169 0.752795 0.625135
0.092936 0.795735 0.598472
0.075166 0.847780 0.524994
0.159484 0.877656 0.451978
0.242107 0.852537 0.463212
0.280373 0.782488 0.555970
6
0.737367 -0.633246 0.235139
0.805120 -0.565734 0.178120
0.813636 -0.576999 0.071191
0.761348 -0.647905 0.023823
0.690900 -0.718210 0.082655
0.683425 -0.707327 0.180605
6
-0.609498 -0.651380 0.451903
-0.617885 -0.583921 0.526549
-0.548758 -0.577567 0.604385
-0.462075 -0.645242 0.608398
-0.452164 -0.717394 0.529994
-0.520317 -0.724272 0.452439
6
0.318624 0.462620 0.827322
0.271417 0.538973 0.797396
0.332024 0.624949 0.706540
0.375956 0.624308 0.684760
0.463666 0.511445 0.723490
0.419657 0.442082 0.792749
6
-0.828876 0.490130 -0.269697
-0.879603 0.405057 -0.249455
-0.884452 0.320242 -0.339397
-0.840024 0.340821 -0.422138
-0.787185 0.429910 -0.442174
-0.784557 0.508307 -0.355098
6
-0.276958 -0.924933 0.260373
-0.381467 -0.881142 0.279414
-0.404947 -0.839799 0.361600
-0.335506 -0.831009 0.443688
-0.226293 -0.876106 0.425710
-0.207078 -0.917393 0.339867
6
-0.552048 -0.489842 0.674758
-0.620331 -0.420178 0.662299
-0.612734 -0.319350 0.722892
-0.509083 -0.317402 0.800057
-0.470879 -0.360107 0.805355
-0.472343 -0.477748 0.740708
6
0.061400 0.997148 0.043885
0.092196 0.984244 0.150875
0.004522 0.973348 0.229287
-0.078671 0.975495 0.205475
-0.113450 0.988909 0.095858
-0.032416 0.999268 0.020300
6
0.092936 0.795735 0.598472
0.006801 0.747011 0.664777
-0.079225 0.759820 0.645288
-0.114588 0.820902 0.559454
-0.026404 0.869482 0.493258
0.075166 0.847780 0.524994
6
0.257653 -0.443165 0.858615
0.346077 -0.361786 0.865645
0.407323 -0.365475 0.836968
0.448353 -0.463438 0.764333
0.403072 -0.530551 0.745686
0.299572 -0.542351 0.784928
6
-0.548758 -0.577567 0.604385
-0.552048 -0.489842 0.674758
-0.472343 -0.477748 0.740708
-0.393665 -0.534794 0.747678
-0.391469 -0.629736 0.670958
-0.462075 -0.645242 0.608398
6
-0.399850 0.791053 0.462984
-0.492934 0.772047 0.401198
-0.502098 0.803539 0.319722
-0.422980 0.866046 0.266556
-0.346476 0.889213 0.298755
-0.314921 0.858883 0.403912
6
-0.281533 0.821633 -0.495639
-0.208486 0.792823 -0.572683
-0.112633 0.817893 -0.564238
-0.076728 0.878371 -0.471782
-0.152095 0.903778 -0.400065
-0.252098 0.875243 -0.412791
6
0.022583 -0.106521 -0.994054
0.045977 0.013981 -0.998845
-0.011999 0.072657 -0.997285
-0.126206 0.044765 -0.990994
-0.145031 -0.077580 -0.986381
-0.050305 -0.138277 -0.989115
6
0.639919 0.440939 -0.629346
0.720668 0.419545 -0.551923
0.730940 0.495882 -0.468859
0.678424 0.569391 -0.464258
0.592421 0.589989 -0.548589
0.578433 0.540536 -0.610931
6
-0.714878 0.024354 0.698825
-0.764673 0.093340 0.637623
-0.725248 0.213918 0.654411
-0.660167 0.234686 0.713514
-0.608613 0.161246 0.776911
-0.630606 0.070892 0.772859
6
0.985417 0.166124 0.036827
0.961538 0.274550 0.008201
0.948899 0.306176 -0.076458
0.958708 0.226722 -0.171684
0.974341 0.154599 -0.163578
0.994300 0.092880 -0.052357
7
-0.056035 -0.989597 -0.132504
-0.116867 -0.976148 -0.182967
-0.237405 -0.959423 -0.152142
-0.271256 -0.959041 -0.081609
-0.253127 -0.966929 -0.031227
-0.125708 -0.991896 0.018460
-0.068076 -0.997538 -0.016830
6
-0.577206 -0.133591 -0.805597
-0.497547 -0.224745 -0.837817
-0.410875 -0.190398 -0.891589
-0.399003 -0.082242 -0.913254
-0.471466 -0.018915 -0.881682
-0.564691 -0.059283 -0.823171
6
0.717212 -0.613924 0.329703
0.764362 -0.519505 0.381923
0.816195 -0.465626 0.342078
0.846912 -0.480776 0.227143
0.805120 -0.565734 0.178120
0.737367 -0.633246 0.235139
6
0.104044 0.984041 -0.144354
0.174393 0.961936 -0.210396
0.271630 0.943435 -0.190126
0.303704 0.949755 -0.075699
0.237473 0.971377 -0.005726
0.137552 0.990053 -0.029558
6
0.864838 0.219788 -0.451385
0.830335 0.306835 -0.465183
0.765879 0.334656 -0.549030
0.740430 0.253534 -0.622482
0.775981 0.159976 -0.610133
0.837681 0.134392 -0.529367
6
0.974194 -0.035361 -0.222926
0.964358 0.068492 -0.255583
0.934738 0.096713 -0.341924
0.906601 0.011901 -0.421821
0.916945 -0.092559 -0.388129
0.946072 -0.113518 -0.303415
6
0.900230 -0.408613 -0.150405
0.857955 -0.503759 -0.100697
0.864601 -0.502183 0.016676
0.906848 -0.416625 0.063640
0.939049 -0.343436 0.015411
0.934466 -0.341001 -0.102432
6
0.571833 0.073294 0.817089
0.659926 0.042977 0.750101
0.677372 -0.063311 0.732911
0.625936 -0.127954 0.769306
0.533131 -0.102166 0.839841
0.511845 -0.013936 0.858965
6
-0.561928 -0.014863 0.827052
-0.490392 0.006465 0.871478
-0.416626 -0.076027 0.905893
-0.429253 -0.171984 0.886658
-0.500006 -0.205107 0.841383
-0.593283 -0.125188 0.795200
6
-0.763125 0.098601 -0.638685
-0.821597 0.080424 -0.564367
-0.844877 -0.009652 -0.534874
-0.794775 -0.108237 -0.597175
-0.727610 -0.074181 -0.681969
-0.711855 0.000530 -0.702326
6
-0.032416 0.999268 0.020300
-0.113450 0.988909 0.095858
-0.204233 0.976337 0.071098
-0.236162 0.970958 -0.038322
-0.156801 0.981138 -0.113056
-0.066561 0.993449 -0.092896
6
0.131235 -0.246123 -0.960313
0.035883 -0.313989 -0.948748
0.036699 -0.394983 -0.917955
0.134932 -0.446918 -0.884340
0.234642 -0.375825 -0.896492
0.230941 -0.301449 -0.925092
6
0.247699 -0.056042 0.967215
0.169827 -0.144925 0.974759
0.084552 -0.130641 0.987818
0.041492 -0.021347 0.998911
0.099965 0.056817 0.993367
0.212450 0.038865 0.976399
6
0.864601 -0.502183 0.016676
0.813636 -0.576999 0.071191
0.805120 -0.565734 0.178120
0.846912 -0.480776 0.227143
0.894229 -0.409898 0.179826
0.906848 -0.416625 0.063640
5
0.220006 -0.092159 -0.971135
0.169691 0.034498 -0.984893
0.045977 0.013981 -0.998845
0.022583 -0.106521 -0.994054
0.127875 -0.167938 -0.977469
6
-0.586117 0.775872 -0.233429
-0.612198 0.732775 -0.297075
-0.551424 0.729361 -0.404925
-0.451742 0.796820 -0.401256
-0.428122 0.837170 -0.340380
-0.488926 0.841323 -0.230494
5
0.574071 -0.709393 -0.408905
0.455483 -0.787031 -0.416074
0.461809 -0.840109 -0.284515
0.545040 -0.805659 -0.232043
0.615737 -0.735408 -0.282918
6
0.186072 0.966362 0.177545
0.210678 0.938846 0.272365
0.123507 0.927111 0.353851
0.040333 0.941696 0.334040
0.004522 0.973348 0.229287
0.092196 0.984244 0.150875
6
0.597643 -0.765303 0.239028
0.535008 -0.824812 0.182897
0.437552 -0.867705 0.235874
0.426004 -0.835600 0.346834
0.482877 -0.785881 0.386292
0.581514 -0.743043 0.331252
6
0.573069 0.568423 0.590329
0.662203 0.534776 0.524883
0.708090 0.458611 0.536921
0.679752 0.384607 0.624511
0.601307 0.410036 0.685785
0.546043 0.497640 0.673937
6
0.094073 -0.742138 0.663612
0.008665 -0.789209 0.614063
-0.092212 -0.762502 0.640380
-0.109915 -0.694440 0.711106
-0.031246 -0.645274 0.763312
0.065977 -0.662923 0.745774
6
-0.252683 0.400345 -0.880838
-0.156150 0.427205 -0.890569
-0.122868 0.534237 -0.836358
-0.201376 0.585582 -0.785202
-0.286368 0.556001 -0.780292
-0.318702 0.450692 -0.833850
6
0.230277 -0.933346 -0.275387
0.130902 -0.936371 -0.325690
0.064048 -0.953439 -0.294708
0.053387 -0.984240 -0.168585
0.127485 -0.985082 -0.115592
0.223233 -0.962934 -0.151410
6
0.987433 0.010258 0.157707
0.990202 -0.029003 0.136598
0.965107 -0.148026 0.216004
0.937780 -0.129457 0.322195
0.936617 -0.014863 0.350039
0.954326 0.044351 0.295456
6
0.643570 -0.371889 -0.668966
0.638776 -0.290047 -0.712627
0.571195 -0.264922 -0.776887
0.477751 -0.354083 -0.803977
0.509307 -0.461881 -0.726135
0.552767 -0.463697 -0.692411
7
-0.928630 -0.081680 0.361906
-0.961663 -0.064546 0.266531
-0.972441 0.002073 0.233141
-0.947713 0.131625 0.290713
-0.936015 0.142719 0.321724
-0.910342 0.101187 0.401297
-0.906163 -0.015917 0.422629
6
-0.306152 0.557460 0.771693
-0.371505 0.472148 0.799413
-0.469912 0.464123 0.750848
-0.500413 0.525073 0.688393
-0.434739 0.617589 0.655428
-0.335176 0.623640 0.706209
6
-0.630606 0.070892 0.772859
-0.608613 0.161246 0.776911
-0.523921 0.193424 0.829515
-0.452840 0.109574 0.884833
-0.490392 0.006465 0.871478
-0.561928 -0.014863 0.827052
6
-0.852927 -0.440464 -0.280190
-0.822695 -0.474095 -0.313697
-0.774299 -0.450623 -0.444297
-0.788299 -0.381808 -0.482501
-0.850966 -0.293774 -0.435378
-0.888249 -0.314060 -0.335230
6
0.585848 -0.513140 0.627272
0.591088 -0.446387 0.671829
0.697524 -0.366757 0.615588
0.745257 -0.398261 0.534771
0.715444 -0.497591 0.490452
0.656551 -0.545806 0.520611
5
0.310256 -0.667001 -0.677385
0.310146 -0.740203 -0.596581
0.407012 -0.742564 -0.531922
0.501181 -0.640203 -0.582201
0.406468 -0.602014 -0.687286
6
0.413213 0.014242 0.910523
0.343410 -0.077263 0.936002
0.247699 -0.056042 0.967215
0.212450 0.038865 0.976399
0.275615 0.126118 0.952959
0.384475 0.099853 0.917719
7
0.407012 -0.742564 -0.531922
0.420389 -0.788915 -0.448203
0.455483 -0.787031 -0.416074
0.574071 -0.709393 -0.408905
0.591548 -0.675129 -0.440763
0.527656 -0.628382 -0.571590
0.501181 -0.640203 -0.582201
6
0.346297 0.254752 -0.902873
0.394401 0.155305 -0.905720
0.488774 0.141392 -0.860876
0.537965 0.218085 -0.814268
0.487587 0.324014 -0.810724
0.396063 0.332941 -0.855736
6
0.056037 -0.803687 -0.592407
0.048555 -0.868544 -0.493228
0.138746 -0.885413 -0.443615
0.230666 -0.849978 -0.473636
0.233392 -0.787645 -0.570214
0.132416 -0.770932 -0.623001
6
-0.226293 -0.876106 0.425710
-0.335506 -0.831009 0.443688
-0.352464 -0.776614 0.522150
-0.278115 -0.754700 0.594205
-0.172272 -0.798663 0.576594
-0.154984 -0.854558 0.495692
6
-0.832336 0.244040 0.497656
-0.856213 0.311274 0.412320
-0.810514 0.413237 0.415093
-0.749815 0.444494 0.490105
-0.727479 0.379868 0.571380
-0.765166 0.285552 0.577045
6
0.960460 -0.235479 -0.148547
0.980241 -0.169968 -0.101184
0.987854 -0.057279 -0.144444
0.974194 -0.035361 -0.222926
0.946072 -0.113518 -0.303415
0.938012 -0.228317 -0.260777
6
0.480793 -0.146842 -0.864451
0.390529 -0.234148 -0.890316
0.425816 -0.344382 -0.836709
0.477751 -0.354083 -0.803977
0.571195 -0.264922 -0.776887
0.555000 -0.172487 -0.813771
6
0.545040 -0.805659 -0.232043
0.461809 -0.840109 -0.284515
0.393814 -0.883555 -0.253458
0.389290 -0.911118 -0.135340
0.469186 -0.879825 -0.075978
0.554808 -0.822032 -0.128261
6
0.410159 0.272560 0.870334
0.444219 0.188682 0.875825
0.384475 0.099853 0.917719
0.275615 0.126118 0.952959
0.242598 0.211534 0.946784
0.307191 0.298278 0.903695
6
0.659926 0.042977 0.750101
0.710159 0.116602 0.694318
0.779904 0.086086 0.619951
0.797532 -0.025663 0.602731
0.755614 -0.088041 0.649074
0.677372 -0.063311 0.732911
6
-0.997542 -0.018261 -0.067652
-0.986642 -0.096823 -0.131010
-0.966746 -0.070052 -0.245959
-0.962000 0.026675 -0.271742
-0.974606 0.107095 -0.196655
-0.991991 0.080978 -0.096933
6
-0.462075 -0.645242 0.608398
-0.391469 -0.629736 0.670958
-0.291155 -0.686196 0.666606
-0.278115 -0.754700 0.594205
-0.352464 -0.776614 0.522150
-0.452164 -0.717394 0.529994
6
0.882051 0.471128 0.004962
0.912374 0.397494 -0.097843
0.948899 0.306176 -0.076458
0.961538 0.274550 0.008201
0.931642 0.346955 0.108011
0.897238 0.431704 0.092714
6
0.938012 -0.228317 -0.260777
0.905245 -0.291727 -0.308912
0.879143 -0.398921 -0.260711
0.900230 -0.408613 -0.150405
0.934466 -0.341001 -0.102432
0.960460 -0.235479 -0.148547
6
0.758155 -0.020925 -0.651738
0.734056 0.074994 -0.674935
0.661251 0.097909 -0.743748
0.604179 0.015339 -0.796701
0.630035 -0.084136 -0.771996
0.700073 -0.108910 -0.705717
6
-0.997693 -0.040606 0.054403
-0.986338 -0.144791 0.078566
-0.977151 -0.211730 0.018621
-0.977294 -0.185240 -0.102870
-0.986642 -0.096823 -0.131010
-0.997542 -0.018261 -0.067652
7
-0.348044 -0.359792 0.865688
-0.331727 -0.244943 0.911021
-0.268702 -0.219088 0.937976
-0.163764 -0.275113 0.947362
-0.146444 -0.369049 0.917800
-0.175677 -0.402652 0.898337
-0.311769 -0.399886 0.861912
6
-0.334905 0.226133 0.914714
-0.382329 0.310397 0.870332
-0.334633 0.394719 0.855697
-0.218185 0.401865 0.889325
-0.181093 0.289572 0.939869
-0.225122 0.233786 0.945867
6
0.271630 0.943435 -0.190126
0.174393 0.961936 -0.210396
0.135119 0.934503 -0.329312
0.221407 0.892179 -0.393695
0.291635 0.881871 -0.370477
0.331771 0.909363 -0.250972
6
0.555000 -0.172487 -0.813771
0.571195 -0.264922 -0.776887
0.638776 -0.290047 -0.712627
0.712958 -0.200415 -0.671956
0.700073 -0.108910 -0.705717
0.630035 -0.084136 -0.771996
6
-0.126206 0.044765 -0.990994
-0.190836 0.101411 -0.976370
-0.293645 0.072148 -0.953188
-0.312037 -0.048891 -0.948811
-0.227857 -0.110136 -0.967446
-0.145031 -0.077580 -0.986381
6
0.083311 -0.939172 0.333190
0.099116 -0.971081 0.217205
0.029728 -0.985761 0.165506
-0.079377 -0.977401 0.195925
-0.091681 -0.945382 0.312806
-0.027801 -0.930577 0.365038
5
0.535699 0.697158 0.476442
0.524460 0.634157 0.568143
0.407430 0.660494 0.630673
0.359478 0.752085 0.552398
0.441468 0.773508 0.454742
6
0.135119 0.934503 -0.329312
0.174393 0.961936 -0.210396
0.104044 0.984041 -0.144354
0.010435 0.986428 -0.163864
-0.026626 0.959554 -0.280264
0.053880 0.935545 -0.349074
6
-0.062574 -0.550768 0.832309
-0.143325 -0.527009 0.837687
-0.175677 -0.402652 0.898337
-0.146444 -0.369049 0.917800
-0.012129 -0.386408 0.922248
0.023249 -0.492279 0.870127
6
-0.659570 -0.173923 -0.731244
-0.665834 -0.244130 -0.705029
-0.584746 -0.337495 -0.737679
-0.507636 -0.308638 -0.804393
-0.497547 -0.224745 -0.837817
-0.577206 -0.133591 -0.805597
5
-0.137704 -0.979337 0.148109
-0.125708 -0.991896 0.018460
-0.253127 -0.966929 -0.031227
-0.314548 -0.944913 0.090546
-0.252291 -0.952138 0.172576
5
0.187433 0.158974 -0.969328
0.253342 0.264047 -0.930643
0.193207 0.352991 -0.915461
0.079293 0.338317 -0.937686
0.053396 0.213730 -0.975432
6
0.328814 -0.219628 -0.918501
0.390529 -0.234148 -0.890316
0.480793 -0.146842 -0.864451
0.455299 -0.048349 -0.889025
0.370181 -0.022994 -0.928675
0.287563 -0.106075 -0.951870
6
0.169827 -0.144925 0.974759
0.247699 -0.056042 0.967215
0.343410 -0.077263 0.936002
0.373335 -0.167332 0.912481
0.300211 -0.256012 0.918875
0.214070 -0.248918 0.944571
6
0.837681 0.134392 -0.529367
0.775981 0.159976 -0.610133
0.734056 0.074994 -0.674935
0.758155 -0.020925 -0.651738
0.818780 -0.045298 -0.572318
0.861566 0.036857 -0.506306
6
-0.043413 -0.939056 -0.341012
0.064048 -0.953439 -0.294708
0.130902 -0.936371 -0.325690
0.138746 -0.885413 -0.443615
0.048555 -0.868544 -0.493228
-0.031110 -0.888123 -0.458552
6
0.625936 -0.127954 0.769306
0.677372 -0.063311 0.732911
0.755614 -0.088041 0.649074
0.758866 -0.201522 0.619283
0.705813 -0.262905 0.657807
0.631264 -0.238943 0.737843
6
0.464313 0.355922 0.811007
0.560198 0.327536 0.760854
0.595759 0.246047 0.764547
0.544530 0.158765 0.823578
0.444219 0.188682 0.875825
0.410159 0.272560 0.870334
6
-0.201376 0.585582 -0.785202
-0.122868 0.534237 -0.836358
-0.031298 0.555972 -0.830611
0.003113 0.645940 -0.763382
-0.073600 0.699985 -0.710355
-0.165723 0.677797 -0.716329
6
0.580967 -0.553675 -0.596591
0.527656 -0.628382 -0.571590
0.591548 -0.675129 -0.440763
0.690185 -0.588504 -0.421078
0.710111 -0.529197 -0.464428
0.682199 -0.503911 -0.529790
6
-0.948331 0.285839 -0.137708
-0.911428 0.378944 -0.160314
-0.889584 0.451501 -0.069188
-0.911850 0.409130 0.033783
-0.941516 0.333656 0.047133
-0.965971 0.255017 -0.043197
6
0.939854 0.151475 0.306152
0.954326 0.044351 0.295456
0.936617 -0.014863 0.350039
0.890381 0.007856 0.455148
0.872318 0.125722 0.472498
0.901121 0.191661 0.388905
6
0.773934 -0.224359 -0.592190
0.767820 -0.332937 -0.547362
0.816381 -0.350386 -0.459076
0.868098 -0.279187 -0.410439
0.873540 -0.170815 -0.455795
0.829151 -0.150286 -0.538445
6
-0.804901 -0.581756 -0.117023
-0.836718 -0.536164 -0.111493
-0.879060 -0.476710 -0.001042
-0.859668 -0.505310 0.075047
-0.801379 -0.590686 0.094239
-0.757475 -0.652790 -0.009857
5
0.643570 -0.371889 -0.668966
0.552767 -0.463697 -0.692411
0.580967 -0.553675 -0.596591
0.682199 -0.503911 -0.529790
0.706813 -0.394288 -0.587326
6
-0.576014 0.816646 -0.036024
-0.634973 0.762899 -0.121634
-0.586117 0.775872 -0.233429
-0.488926 0.841323 -0.230494
-0.458497 0.872829 -0.167181
-0.508219 0.859514 -0.054308
7
-0.844147 -0.043499 0.534344
-0.812554 0.078060 0.577635
-0.764673 0.093340 0.637623
-0.714878 0.024354 0.698825
-0.719075 -0.058798 0.692440
-0.786122 -0.126029 0.605086
-0.822447 -0.107327 0.558625
6
-0.588832 -0.419725 -0.690730
-0.653211 -0.438828 -0.617045
-0.646927 -0.526188 -0.551916
-0.569840 -0.593504 -0.568362
-0.497967 -0.581736 -0.643127
-0.501137 -0.499224 -0.706851
6
-0.047216 -0.771074 -0.634992
-0.134182 -0.800219 -0.584504
-0.130366 -0.854858 -0.502218
-0.031110 -0.888123 -0.458552
0.048555 -0.868544 -0.493228
0.056037 -0.803687 -0.592407
6
0.045234 -0.998179 0.039901
0.029728 -0.985761 0.165506
0.099116 -0.971081 0.217205
0.200704 -0.962617 0.181899
0.214691 -0.974836 0.060015
0.115434 -0.993308 0.003883
6
0.933963 0.294238 0.202822
0.931642 0.346955 0.108011
0.961538 0.274550 0.008201
0.985417 0.166124 0.036827
0.983175 0.142080 0.114803
0.953539 0.214667 0.211381
6
-0.203789 0.554559 0.806805
-0.170193 0.459630 0.871651
-0.218185 0.401865 0.889325
-0.334633 0.394719 0.855697
-0.371505 0.472148 0.799413
-0.306152 0.557460 0.771693
6
0.132416 -0.770932 -0.623001
0.233392 -0.787645 -0.570214
0.310146 -0.740203 -0.596581
0.310256 -0.667001 -0.677385
0.228670 -0.644228 -0.729850
0.135983 -0.693378 -0.707627
6
0.578433 0.540536 -0.610931
0.592421 0.589989 -0.548589
0.519369 0.681984 -0.514931
0.426019 0.690950 -0.584034
0.407911 0.647165 -0.644039
0.483448 0.548764 -0.682009
6
-0.471193 0.457692 -0.753986
-0.446278 0.556304 -0.700972
-0.520661 0.586342 -0.620576
-0.599973 0.523734 -0.604761
-0.603328 0.396207 -0.692109
-0.599567 0.393456 -0.696930
6
0.271630 0.943435 -0.190126
0.331771 0.909363 -0.250972
0.432850 0.872029 -0.228485
0.462868 0.878252 -0.120108
0.408532 0.911324 -0.050900
0.303704 0.949755 -0.075699
6
-0.145031 -0.077580 -0.986381
-0.227857 -0.110136 -0.967446
-0.242173 -0.224592 -0.943881
-0.147436 -0.288289 -0.946125
-0.067486 -0.252199 -0.965319
-0.050305 -0.138277 -0.989115
6
0.921088 0.277208 -0.273411
0.958708 0.226722 -0.171684
0.948899 0.306176 -0.076458
0.912374 0.397494 -0.097843
0.883569 0.430395 -0.184570
0.893477 0.349817 -0.281649
6
-0.490392 0.006465 0.871478
-0.452840 0.109574 0.884833
-0.382164 0.130206 0.914875
-0.289688 0.030870 0.956623
-0.295316 -0.028848 0.954964
-0.416626 -0.076027 0.905893
6
-0.696358 0.655166 -0.292990
-0.744811 0.638910 -0.192486
-0.806093 0.564442 -0.177819
-0.828876 0.490130 -0.269697
-0.784557 0.508307 -0.355098
-0.714353 0.595050 -0.368259
6
-0.825832 0.249642 -0.505648
-0.840024 0.340821 -0.422138
-0.884452 0.320242 -0.339397
-0.920549 0.231100 -0.314933
-0.907220 0.139722 -0.396775
-0.852673 0.173093 -0.492938
6
0.554808 -0.822032 -0.128261
0.469186 -0.879825 -0.075978
0.466598 -0.884127 0.024608
0.543182 -0.835390 0.084123
0.626497 -0.778947 0.027256
0.624105 -0.777816 -0.074134
6
0.807165 0.582884 -0.093443
0.830663 0.556542 -0.016138
0.784756 0.614127 0.083698
0.711462 0.700110 0.060570
0.691800 0.721998 -0.011502
0.734786 0.667719 -0.119334
5
-0.636732 -0.142051 0.757888
-0.659559 -0.252783 0.707872
-0.736696 -0.249091 0.628676
-0.786122 -0.126029 0.605086
-0.719075 -0.058798 0.692440
6
0.406468 -0.602014 -0.687286
0.416135 -0.537700 -0.733287
0.326136 -0.497171 -0.804025
0.227832 -0.563456 -0.794109
0.228670 -0.644228 -0.729850
0.310256 -0.667001 -0.677385
6
0.043725 0.495404 -0.867562
-0.031298 0.555972 -0.830611
-0.122868 0.534237 -0.836358
-0.156150 0.427205 -0.890569
-0.087018 0.371890 -0.924189
0.017914 0.394164 -0.918865
7
0.990202 -0.029003 0.136598
0.987433 0.010258 0.157707
0.983175 0.142080 0.114803
0.985417 0.166124 0.036827
0.994300 0.092880 -0.052357
0.998472 0.024937 -0.049318
0.996675 -0.051239 0.063350
6
0.133143 -0.861541 0.489918
0.203805 -0.819240 0.536012
0.302837 -0.811219 0.500213
0.323239 -0.861239 0.392153
0.257331 -0.902240 0.346039
0.151688 -0.910828 0.383904
6
0.230941 -0.301449 -0.925092
0.234642 -0.375825 -0.896492
0.327693 -0.423301 -0.844650
0.425816 -0.344382 -0.836709
0.390529 -0.234148 -0.890316
0.328814 -0.219628 -0.918501
6
0.441143 0.803013 -0.400703
0.381595 0.818907 -0.428691
0.340056 0.775682 -0.531676
0.426019 0.690950 -0.584034
0.519369 0.681984 -0.514931
0.528905 0.720587 -0.448345
6
-0.854720 -0.454446 0.250862
-0.858603 -0.383989 0.339637
-0.819126 -0.396065 0.414929
-0.752597 -0.493352 0.436120
-0.744854 -0.564792 0.355250
-0.788403 -0.551773 0.271970
6
0.269097 -0.688344 0.673624
0.236358 -0.608924 0.757196
0.299572 -0.542351 0.784928
0.403072 -0.530551 0.745686
0.435135 -0.607904 0.664161
0.337839 -0.689477 0.640692
6
0.624097 0.201916 -0.754806
0.537965 0.218085 -0.814268
0.488774 0.141392 -0.860876
0.527338 0.036617 -0.848866
0.604179 0.015339 -0.796701
0.661251 0.097909 -0.743748
6
-0.704379 0.596127 0.385335
-0.696201 0.534041 0.479692
-0.749815 0.444494 0.490105
-0.810514 0.413237 0.415093
-0.819421 0.478870 0.315013
-0.777462 0.550086 0.304890
6
-0.911850 0.409130 0.033783
-0.868880 0.479415 0.123322
-0.875992 0.423432 0.230960
-0.908018 0.344098 0.238958
-0.947354 0.281185 0.153154
-0.941516 0.333656 0.047133
6
0.741483 0.569671 0.354511
0.740871 0.620251 0.257682
0.798015 0.577724 0.171484
0.850436 0.491501 0.187578
0.851962 0.439449 0.284684
0.793793 0.486292 0.365259
6
-0.455026 -0.890477 0.001291
-0.403082 -0.910365 -0.093598
-0.437278 -0.880201 -0.184481
-0.514468 -0.835099 -0.194762
-0.584101 -0.805901 -0.096693
-0.544865 -0.838520 -0.002581
6
0.212450 0.038865 0.976399
0.099965 0.056817 0.993367
0.063505 0.155078 0.985859
0.139081 0.235524 0.961865
0.242598 0.211534 0.946784
0.275615 0.126118 0.952959
6
0.437552 -0.867705 0.235874
0.372115 -0.908767 0.188874
0.272177 -0.933682 0.232719
0.257331 -0.902240 0.346039
0.323239 -0.861239 0.392153
0.426004 -0.835600 0.346834
6
0.096013 0.847399 -0.522204
0.055854 0.787816 -0.613373
0.136161 0.727081 -0.672914
0.224773 0.729125 -0.646416
0.264762 0.783950 -0.561536
0.178921 0.847129 -0.500360
6
-0.856213 0.311274 0.412320
-0.896794 0.282955 0.340143
-0.908018 0.344098 0.238958
-0.875992 0.423432 0.230960
-0.819421 0.478870 0.315013
-0.810514 0.413237 0.415093
6
0.287563 -0.106075 -0.951870
0.370181 -0.022994 -0.928675
0.340529 0.075103 -0.937230
0.206009 0.098050 -0.973625
0.169691 0.034498 -0.984893
0.220006 -0.092159 -0.971135
7
-0.452651 0.881306 0.135673
-0.568958 0.811586 0.132720
-0.607785 0.791354 0.066004
-0.576014 0.816646 -0.036024
-0.508219 0.859514 -0.054308
-0.414460 0.909011 0.043845
-0.412374 0.907360 0.081516
6
0.053880 0.935545 -0.349074
-0.026626 0.959554 -0.280264
-0.118483 0.947432 -0.297210
-0.152095 0.903778 -0.400065
-0.076728 0.878371 -0.471782
0.014612 0.890103 -0.455526
6
0.916945 -0.092559 -0.388129
0.906601 0.011901 -0.421821
0.861566 0.036857 -0.506306
0.818780 -0.045298 -0.572318
0.829151 -0.150286 -0.538445
0.873540 -0.170815 -0.455795
6
0.293140 -0.955851 0.020462
0.379888 -0.921957 0.075363
0.466598 -0.884127 0.024608
0.469186 -0.879825 -0.075978
0.389290 -0.911118 -0.135340
0.301967 -0.948351 -0.097195
6
-0.326725 -0.258483 -0.909086
-0.335354 -0.358863 -0.871065
-0.241608 -0.425851 -0.871938
-0.158404 -0.390621 -0.906820
-0.147436 -0.288289 -0.946125
-0.242173 -0.224592 -0.943881
6
0.431886 0.900673 0.047574
0.408532 0.911324 -0.050900
0.462868 0.878252 -0.120108
0.573037 0.814413 -0.091432
0.593593 0.803746 -0.040491
0.541530 0.837151 0.076961
6
-0.450014 -0.873474 0.185823
-0.530293 -0.826323 0.189685
-0.565288 -0.774725 0.283288
-0.502817 -0.780935 0.370561
-0.404947 -0.839799 0.361600
-0.381467 -0.881142 0.279414
6
-0.757475 -0.652790 -0.009857
-0.801379 -0.590686 0.094239
-0.766360 -0.616621 0.180194
-0.695590 -0.692468 0.191423
-0.657531 -0.747646 0.093158
-0.713052 -0.701030 -0.010677
6
-0.443978 0.301246 -0.843881
-0.490167 0.268587 -0.829215
-0.510946 0.146324 -0.847068
-0.457627 0.094767 -0.884079
-0.357507 0.127720 -0.925136
-0.332660 0.252911 -0.908501
6
0.272177 -0.933682 0.232719
0.372115 -0.908767 0.188874
0.379888 -0.921957 0.075363
0.293140 -0.955851 0.020462
0.214691 -0.974836 0.060015
0.200704 -0.962617 0.181899
6
-0.615229 0.561278 0.553589
-0.696201 0.534041 0.479692
-0.704379 0.596127 0.385335
-0.653067 0.661559 0.368569
-0.564201 0.695865 0.444352
-0.550165 0.651175 0.522772
6
0.493693 0.834652 0.244181
0.557919 0.819701 0.129679
0.656230 0.738076 0.156863
0.667730 0.705077 0.238755
0.603898 0.729680 0.320739
0.506271 0.810141 0.295569
6
-0.713052 -0.701030 -0.010677
-0.657531 -0.747646 0.093158
-0.592090 -0.800660 0.091498
-0.544865 -0.838520 -0.002581
-0.584101 -0.805901 -0.096693
-0.657391 -0.745818 -0.107672
6
-0.832336 0.244040 0.497656
-0.853221 0.157517 0.497194
-0.910342 0.101187 0.401297
-0.936015 0.142719 0.321724
-0.896794 0.282955 0.340143
-0.856213 0.311274 0.412320
6
0.042334 -0.659409 -0.750592
0.041145 -0.581479 -0.812520
-0.057226 -0.532633 -0.844409
-0.147707 -0.576505 -0.803632
-0.146717 -0.654229 -0.741929
-0.048580 -0.700573 -0.711925
6
-0.859238 -0.213459 0.464915
-0.822447 -0.107327 0.558625
-0.786122 -0.126029 0.605086
-0.736696 -0.249091 0.628676
-0.758050 -0.322346 0.566969
-0.809263 -0.315309 0.495654
6
0.712958 -0.200415 -0.671956
0.638776 -0.290047 -0.712627
0.643570 -0.371889 -0.668966
0.706813 -0.394288 -0.587326
0.767820 -0.332937 -0.547362
0.773934 -0.224359 -0.592190
6
0.662203 0.534776 0.524883
0.573069 0.568423 0.590329
0.524460 0.634157 0.568143
0.535699 0.697158 0.476442
0.604831 0.682249 0.410751
0.676363 0.601085 0.425711
6
-0.721076 0.197299 -0.664170
-0.750738 0.284421 -0.596236
-0.825832 0.249642 -0.505648
-0.852673 0.173093 -0.492938
-0.821597 0.080424 -0.564367
-0.763125 0.098601 -0.638685
6
0.887173 0.356137 0.293411
0.933963 0.294238 0.202822
0.953539 0.214667 0.211381
0.939854 0.151475 0.306152
0.901121 0.191661 0.388905
0.872512 0.291210 0.392326
6
0.135983 -0.693378 -0.707627
0.228670 -0.644228 -0.729850
0.227832 -0.563456 -0.794109
0.137804 -0.525318 -0.839673
0.041145 -0.581479 -0.812520
0.042334 -0.659409 -0.750592
6
-0.241977 0.719893 -0.650539
-0.208486 0.792823 -0.572683
-0.281533 0.821633 -0.495639
-0.382416 0.776755 -0.500409
-0.408522 0.716879 -0.564972
-0.333354 0.683929 -0.648935
6
0.224067 0.427462 -0.875825
0.151363 0.515125 -0.843644
0.043725 0.495404 -0.867562
0.017914 0.394164 -0.918865
0.079293 0.338317 -0.937686
0.193207 0.352991 -0.915461
6
0.987854 -0.057279 -0.144444
0.998472 0.024937 -0.049318
0.994300 0.092880 -0.052357
0.974341 0.154599 -0.163578
0.964358 0.068492 -0.255583
0.974194 -0.035361 -0.222926
7
-0.593310 0.305687 -0.744673
-0.599567 0.393456 -0.696930
-0.603328 0.396207 -0.692109
-0.720222 0.352366 -0.597594
-0.750738 0.284421 -0.596236
-0.721076 0.197299 -0.664170
-0.656847 0.204926 -0.725643
6
-0.825832 0.249642 -0.505648
-0.750738 0.284421 -0.596236
-0.720222 0.352366 -0.597594
-0.734732 0.441726 -0.514827
-0.787185 0.429910 -0.442174
-0.840024 0.340821 -0.422138
6
0.920295 -0.319665 0.225548
0.891619 -0.303345 0.336150
0.908276 -0.189804 0.372838
0.937780 -0.129457 0.322195
0.965107 -0.148026 0.216004
0.956704 -0.236202 0.170077
6
0.210678 0.938846 0.272365
0.309282 0.902327 0.300252
0.326516 0.866161 0.378354
0.242107 0.852537 0.463212
0.159484 0.877656 0.451978
0.123507 0.927111 0.353851
6
0.137552 0.990053 -0.029558
0.237473 0.971377 -0.005726
0.263898 0.959443 0.099130
0.186072 0.966362 0.177545
0.092196 0.984244 0.150875
0.061400 0.997148 0.043885
5
-0.452651 0.881306 0.135673
-0.422980 0.866046 0.266556
-0.502098 0.803539 0.319722
-0.590809 0.768476 0.245742
-0.568958 0.811586 0.132720
6
-0.611928 0.344858 0.711770
-0.646110 0.410113 0.643699
-0.593766 0.506861 0.624927
-0.500413 0.525073 0.688393
-0.469912 0.464123 0.750848
-0.527324 0.361517 0.768918
6
0.829151 -0.150286 -0.538445
0.818780 -0.045298 -0.572318
0.758155 -0.020925 -0.651738
0.700073 -0.108910 -0.705717
0.712958 -0.200415 -0.671956
0.773934 -0.224359 -0.592190
6
0.535008 -0.824812 0.182897
0.543182 -0.835390 0.084123
0.466598 -0.884127 0.024608
0.379888 -0.921957 0.075363
0.372115 -0.908767 0.188874
0.437552 -0.867705 0.235874
6
0.775981 0.159976 -0.610133
0.740430 0.253534 -0.622482
0.662420 0.274952 -0.696851
0.624097 0.201916 -0.754806
0.661251 0.097909 -0.743748
0.734056 0.074994 -0.674935
6
-0.929423 -0.245701 -0.275327
-0.939975 -0.145431 -0.308701
-0.966746 -0.070052 -0.245959
-0.986642 -0.096823 -0.131010
-0.977294 -0.185240 -0.102870
-0.947862 -0.270451 -0.168563
6
0.307465 0.645225 -0.699393
0.224773 0.729125 -0.646416
0.136161 0.727081 -0.672914
0.098749 0.659193 -0.745462
0.177881 0.581740 -0.793686
0.284134 0.593637 -0.752903
6
-0.074733 -0.196436 0.977664
-0.123122 -0.083196 0.988898
-0.076861 -0.012625 0.996962
0.041492 -0.021347 0.998911
0.084552 -0.130641 0.987818
0.002055 -0.212357 0.977190
6
-0.806093 0.564442 -0.177819
-0.840724 0.535117 -0.082667
-0.889584 0.451501 -0.069188
-0.911428 0.378944 -0.160314
-0.879603 0.405057 -0.249455
-0.828876 0.490130 -0.269697
6
0.872512 0.291210 0.392326
0.818169 0.332359 0.469188
0.779284 0.419888 0.465199
0.793793 0.486292 0.365259
0.851962 0.439449 0.284684
0.887173 0.356137 0.293411
5
-0.702529 -0.531536 -0.473203
-0.774299 -0.450623 -0.444297
-0.822695 -0.474095 -0.313697
-0.757183 -0.585096 -0.290408
-0.685004 -0.615265 -0.390152
6
0.461622 0.497282 -0.734585
0.359033 0.495559 -0.790896
0.331851 0.437248 -0.835876
0.396063 0.332941 -0.855736
0.487587 0.324014 -0.810724
0.525381 0.391304 -0.755550
6
-0.500110 0.660405 -0.560138
-0.408522 0.716879 -0.564972
-0.382416 0.776755 -0.500409
-0.451742 0.796820 -0.401256
-0.551424 0.729361 -0.404925
-0.569561 0.678710 -0.463630
6
-0.868880 0.479415 0.123322
-0.828516 0.548811 0.111210
-0.769629 0.607510 0.196476
-0.777462 0.550086 0.304890
-0.819421 0.478870 0.315013
-0.875992 0.423432 0.230960
6
0.426004 -0.835600 0.346834
0.323239 -0.861239 0.392153
0.302837 -0.811219 0.500213
0.366940 -0.758741 0.538207
0.465115 -0.734543 0.494080
0.482877 -0.785881 0.386292
6
-0.027801 -0.930577 0.365038
-0.091681 -0.945382 0.312806
-0.207078 -0.917393 0.339867
-0.226293 -0.876106 0.425710
-0.154984 -0.854558 0.495692
-0.042137 -0.881707 0.469913
5
0.953539 0.214667 0.211381
0.983175 0.142080 0.114803
0.987433 0.010258 0.157707
0.954326 0.044351 0.295456
0.939854 0.151475 0.306152
6
0.236358 -0.608924 0.757196
0.269097 -0.688344 0.673624
0.177296 -0.751807 0.635101
0.094073 -0.742138 0.663612
0.065977 -0.662923 0.745774
0.138516 -0.605573 0.783642
7
-0.183135 0.109943 0.976921
-0.116486 0.090705 0.989042
-0.076861 -0.012625 0.996962
-0.123122 -0.083196 0.988898
-0.246123 -0.086236 0.965395
-0.295316 -0.028848 0.954964
-0.289688 0.030870 0.956623
6
-0.286368 0.556001 -0.780292
-0.201376 0.585582 -0.785202
-0.165723 0.677797 -0.716329
-0.241977 0.719893 -0.650539
-0.333354 0.683929 -0.648935
-0.364948 0.598403 -0.713251
6
-0.630935 0.036957 -0.774955
-0.711855 0.000530 -0.702326
-0.727610 -0.074181 -0.681969
-0.659570 -0.173923 -0.731244
-0.577206 -0.133591 -0.805597
-0.564691 -0.059283 -0.823171
6
-0.320087 0.945431 -0.060866
-0.354769 0.921432 -0.158434
-0.292117 0.925742 -0.240143
-0.190125 0.955463 -0.225705
-0.156801 0.981138 -0.113056
-0.236162 0.970958 -0.038322
6
0.203805 -0.819240 0.536012
0.133143 -0.861541 0.489918
0.026870 -0.852925 0.521341
0.008665 -0.789209 0.614063
0.094073 -0.742138 0.663612
0.177296 -0.751807 0.635101
6
-0.234186 -0.685362 -0.689519
-0.146717 -0.654229 -0.741929
-0.147707 -0.576505 -0.803632
-0.247271 -0.516832 -0.819599
-0.329532 -0.546401 -0.769970
-0.330357 -0.626969 -0.705531
6
0.138516 -0.605573 0.783642
0.065977 -0.662923 0.745774
-0.031246 -0.645274 0.763312
-0.062574 -0.550768 0.832309
0.023249 -0.492279 0.870127
0.102126 -0.507037 0.855853
6
0.659926 0.042977 0.750101
0.571833 0.073294 0.817089
0.544530 0.158765 0.823578
0.595759 0.246047 0.764547
0.681299 0.213997 0.700026
0.710159 0.116602 0.694318
6
-0.391469 -0.629736 0.670958
-0.393665 -0.534794 0.747678
-0.322849 -0.517084 0.792712
-0.227086 -0.569828 0.789764
-0.215620 -0.653208 0.725829
-0.291155 -0.686196 0.666606
6
0.046655 -0.320170 0.946211
0.144226 -0.327578 0.933751
0.190712 -0.436801 0.879110
0.102126 -0.507037 0.855853
0.023249 -0.492279 0.870127
-0.012129 -0.386408 0.922248
6
0.151688 -0.910828 0.383904
0.257331 -0.902240 0.346039
0.272177 -0.933682 0.232719
0.200704 -0.962617 0.181899
0.099116 -0.971081 0.217205
0.083311 -0.939172 0.333190
6
0.310146 -0.740203 -0.596581
0.233392 -0.787645 -0.570214
0.230666 -0.849978 -0.473636
0.303019 -0.854607 -0.421695
0.420389 -0.788915 -0.448203
0.407012 -0.742564 -0.531922
6
-0.241608 -0.425851 -0.871938
-0.247271 -0.516832 -0.819599
-0.147707 -0.576505 -0.803632
-0.057226 -0.532633 -0.844409
-0.057157 -0.451228 -0.890576
-0.158404 -0.390621 -0.906820
6
0.115434 -0.993308 0.003883
0.214691 -0.974836 0.060015
0.293140 -0.955851 0.020462
0.301967 -0.948351 -0.097195
0.223233 -0.962934 -0.151410
0.127485 -0.985082 -0.115592
6
0.905245 -0.291727 -0.308912
0.868098 -0.279187 -0.410439
0.816381 -0.350386 -0.459076
0.797560 -0.445601 -0.406617
0.829139 -0.464660 -0.310838
0.879143 -0.398921 -0.260711
6
-0.404947 -0.839799 0.361600
-0.502817 -0.780935 0.370561
-0.520317 -0.724272 0.452439
-0.452164 -0.717394 0.529994
-0.352464 -0.776614 0.522150
-0.335506 -0.831009 0.443688
6
-0.550165 0.651175 0.522772
-0.457445 0.668407 0.586495
-0.434739 0.617589 0.655428
-0.500413 0.525073 0.688393
-0.593766 0.506861 0.624927
-0.615229 0.561278 0.553589
6
-0.548860 -0.783556 -0.291192
-0.607994 -0.736156 -0.297352
-0.680883 -0.705201 -0.197709
-0.657391 -0.745818 -0.107672
-0.584101 -0.805901 -0.096693
-0.514468 -0.835099 -0.194762
6
0.441468 0.773508 0.454742
0.430490 0.806376 0.405507
0.506271 0.810141 0.295569
0.603898 0.729680 0.320739
0.604831 0.682249 0.410751
0.535699 0.697158 0.476442
6
-0.889584 0.451501 -0.069188
-0.840724 0.535117 -0.082667
-0.805883 0.592058 0.004455
-0.828516 0.548811 0.111210
-0.868880 0.479415 0.123322
-0.911850 0.409130 0.033783
6
0.413213 0.014242 0.910523
0.511845 -0.013936 0.858965
0.533131 -0.102166 0.839841
0.468222 -0.186629 0.863677
0.373335 -0.167332 0.912481
0.343410 -0.077263 0.936002
6
-0.549579 -0.681343 -0.483462
-0.494729 -0.723243 -0.481834
-0.401578 -0.721671 -0.563850
-0.410771 -0.646249 -0.643141
-0.497967 -0.581736 -0.643127
-0.569840 -0.593504 -0.568362
6
-0.101768 -0.945197 -0.310235
-0.116867 -0.976148 -0.182967
-0.056035 -0.989597 -0.132504
0.053387 -0.984240 -0.168585
0.064048 -0.953439 -0.294708
-0.043413 -0.939056 -0.341012
6
-0.952665 0.205727 -0.223842
-0.920549 0.231100 -0.314933
-0.884452 0.320242 -0.339397
-0.879603 0.405057 -0.249455
-0.911428 0.378944 -0.160314
-0.948331 0.285839 -0.137708
6
0.734524 0.612961 -0.291124
0.672713 0.638381 -0.374068
0.678424 0.569391 -0.464258
0.730940 0.495882 -0.468859
0.799888 0.463897 -0.380761
0.791536 0.540827 -0.284564
6
-0.685004 -0.615265 -0.390152
-0.757183 -0.585096 -0.290408
-0.751501 -0.624323 -0.213230
-0.680883 -0.705201 -0.197709
-0.607994 -0.736156 -0.297352
-0.635607 -0.666222 -0.390066
6
-0.702529 -0.531536 -0.473203
-0.646927 -0.526188 -0.551916
-0.653211 -0.438828 -0.617045
-0.732731 -0.351249 -0.582863
-0.788299 -0.381808 -0.482501
-0.774299 -0.450623 -0.444297
6
-0.809263 -0.315309 0.495654
-0.758050 -0.322346 0.566969
-0.692457 -0.423015 0.584433
-0.696853 -0.497193 0.516908
-0.752597 -0.493352 0.436120
-0.819126 -0.396065 0.414929
6
-0.091681 -0.945382 0.312806
-0.079377 -0.977401 0.195925
-0.137704 -0.979337 0.148109
-0.252291 -0.952138 0.172576
-0.276958 -0.924933 0.260373
-0.207078 -0.917393 0.339867
6
0.432850 0.872029 -0.228485
0.479401 0.830068 -0.284889
0.587104 0.767439 -0.257577
0.612031 0.762163 -0.211012
0.573037 0.814413 -0.091432
0.462868 0.878252 -0.120108
6
-0.043413 -0.939056 -0.341012
-0.031110 -0.888123 -0.458552
-0.130366 -0.854858 -0.502218
-0.222171 -0.871625 -0.436932
-0.209336 -0.913515 -0.348811
-0.101768 -0.945197 -0.310235
6
-0.704379 0.596127 0.385335
-0.777462 0.550086 0.304890
-0.769629 0.607510 0.196476
-0.719832 0.669552 0.183144
-0.645924 0.716650 0.263050
-0.653067 0.661559 0.368569
6
0.830335 0.306835 -0.465183
0.839718 0.391269 -0.376541
0.799888 0.463897 -0.380761
0.730940 0.495882 -0.468859
0.720668 0.419545 -0.551923
0.765879 0.334656 -0.549030
6
-0.520661 0.586342 -0.620576
-0.500110 0.660405 -0.560138
-0.569561 0.678710 -0.463630
-0.657095 0.598656 -0.458081
-0.663713 0.528236 -0.529576
-0.599973 0.523734 -0.604761
6
0.740871 0.620251 0.257682
0.741483 0.569671 0.354511
0.676363 0.601085 0.425711
0.604831 0.682249 0.410751
0.603898 0.729680 0.320739
0.667730 0.705077 0.238755
6
0.002055 -0.212357 0.977190
0.046655 -0.320170 0.946211
-0.012129 -0.386408 0.922248
-0.146444 -0.369049 0.917800
-0.163764 -0.275113 0.947362
-0.074733 -0.196436 0.977664
6
-0.246123 -0.086236 0.965395
-0.268702 -0.219088 0.937976
-0.331727 -0.244943 0.911021
-0.429253 -0.171984 0.886658
-0.416626 -0.076027 0.905893
-0.295316 -0.028848 0.954964
6
0.515335 -0.679048 0.522803
0.465115 -0.734543 0.494080
0.366940 -0.758741 0.538207
0.337839 -0.689477 0.640692
0.435135 -0.607904 0.664161
0.488931 -0.606401 0.627076
6
0.597643 -0.765303 0.239028
0.683425 -0.707327 0.180605
0.690900 -0.718210 0.082655
0.626497 -0.778947 0.027256
0.543182 -0.835390 0.084123
0.535008 -0.824812 0.182897
6
-0.026626 0.959554 -0.280264
0.010435 0.986428 -0.163864
-0.066561 0.993449 -0.092896
-0.156801 0.981138 -0.113056
-0.190125 0.955463 -0.225705
-0.118483 0.947432 -0.297210
6
0.416135 -0.537700 -0.733287
0.509307 -0.461881 -0.726135
0.477751 -0.354083 -0.803977
0.425816 -0.344382 -0.836709
0.327693 -0.423301 -0.844650
0.326136 -0.497171 -0.804025
6
0.846912 -0.480776 0.227143
0.816195 -0.465626 0.342078
0.848527 -0.363271 0.384755
0.891619 -0.303345 0.336150
0.920295 -0.319665 0.225548
0.894229 -0.409898 0.179826
6
0.111881 0.503469 0.856739
0.151812 0.400928 0.903443
0.100628 0.340685 0.934777
-0.014973 0.349371 0.936865
-0.054400 0.457555 0.887515
-0.000651 0.514481 0.857501
6
0.111881 0.503469 0.856739
0.166141 0.558098 0.812973
0.271417 0.538973 0.797396
0.318624 0.462620 0.827322
0.266714 0.384444 0.883780
0.151812 0.400928 0.903443
6
-0.455026 -0.890477 0.001291
-0.544865 -0.838520 -0.002581
-0.592090 -0.800660 0.091498
-0.530293 -0.826323 0.189685
-0.450014 -0.873474 0.185823
-0.405235 -0.909776 0.089959
6
-0.930102 -0.336605 0.146995
-0.939842 -0.254744 0.227603
-0.910563 -0.272028 0.311249
-0.858603 -0.383989 0.339637
-0.854720 -0.454446 0.250862
-0.882798 -0.435884 0.175136
6
-0.859238 -0.213459 0.464915
-0.809263 -0.315309 0.495654
-0.819126 -0.396065 0.414929
-0.858603 -0.383989 0.339637
-0.910563 -0.272028 0.311249
-0.898086 -0.197230 0.393117
6
0.206009 0.098050 -0.973625
0.340529 0.075103 -0.937230
0.394401 0.155305 -0.905720
0.346297 0.254752 -0.902873
0.253342 0.264047 -0.930643
0.187433 0.158974 -0.969328
6
-0.634973 0.762899 -0.121634
-0.705109 0.701045 -0.106570
-0.744811 0.638910 -0.192486
-0.696358 0.655166 -0.292990
-0.612198 0.732775 -0.297075
-0.586117 0.775872 -0.233429
6
-0.335176 0.623640 0.706209
-0.259673 0.701866 0.663291
-0.163084 0.697025 0.698255
-0.131085 0.621545 0.772333
-0.203789 0.554559 0.806805
-0.306152 0.557460 0.771693
6
-0.732731 -0.351249 -0.582863
-0.653211 -0.438828 -0.617045
-0.588832 -0.419725 -0.690730
-0.584746 -0.337495 -0.737679
-0.665834 -0.244130 -0.705029
-0.735318 -0.280526 -0.616939
6
0.123507 0.927111 0.353851
0.159484 0.877656 0.451978
0.075166 0.847780 0.524994
-0.026404 0.869482 0.493258
-0.048488 0.911665 0.408064
0.040333 0.941696 0.334040
6
0.488908 -0.278870 0.826559
0.468222 -0.186629 0.863677
0.533131 -0.102166 0.839841
0.625936 -0.127954 0.769306
0.631264 -0.238943 0.737843
0.570701 -0.297065 0.765541
6
0.084552 -0.130641 0.987818
0.169827 -0.144925 0.974759
0.214070 -0.248918 0.944571
0.144226 -0.327578 0.933751
0.046655 -0.320170 0.946211
0.002055 -0.212357 0.977190
7
0.375956 0.624308 0.684760
0.332024 0.624949 0.706540
0.213878 0.700030 0.681332
0.206169 0.752795 0.625135
0.280373 0.782488 0.555970
0.359478 0.752085 0.552398
0.407430 0.660494 0.630673
6
0.700266 -0.701889 -0.130305
0.676495 -0.693284 -0.248417
0.615737 -0.735408 -0.282918
0.545040 -0.805659 -0.232043
0.554808 -0.822032 -0.128261
0.624105 -0.777816 -0.074134
6
-0.607785 0.791354 0.066004
-0.697856 0.712665 0.071460
-0.738560 0.674166 -0.005353
-0.705109 0.701045 -0.106570
-0.634973 0.762899 -0.121634
-0.576014 0.816646 -0.036024
5
0.570701 -0.297065 0.765541
0.566444 -0.428146 0.704153
0.448353 -0.463438 0.764333
0.407323 -0.365475 0.836968
0.488908 -0.278870 0.826559
6
0.396063 0.332941 -0.855736
0.331851 0.437248 -0.835876
0.224067 0.427462 -0.875825
0.193207 0.352991 -0.915461
0.253342 0.264047 -0.930643
0.346297 0.254752 -0.902873
6
0.003113 0.645940 -0.763382
0.098749 0.659193 -0.745462
0.136161 0.727081 -0.672914
0.055854 0.787816 -0.613373
-0.036440 0.776433 -0.629146
-0.073600 0.699985 -0.710355
6
-0.801895 -0.183882 -0.568464
-0.735318 -0.280526 -0.616939
-0.665834 -0.244130 -0.705029
-0.659570 -0.173923 -0.731244
-0.727610 -0.074181 -0.681969
-0.794775 -0.108237 -0.597175
6
0.740871 0.620251 0.257682
0.667730 0.705077 0.238755
0.656230 0.738076 0.156863
0.711462 0.700110 0.060570
0.784756 0.614127 0.083698
0.798015 0.577724 0.171484
6
0.525381 0.391304 -0.755550
0.487587 0.324014 -0.810724
0.537965 0.218085 -0.814268
0.624097 0.201916 -0.754806
0.662420 0.274952 -0.696851
0.613697 0.377676 -0.693352
6
0.574071 -0.709393 -0.408905
0.615737 -0.735408 -0.282918
0.676495 -0.693284 -0.248417
0.732251 -0.612183 -0.298398
0.690185 -0.588504 -0.421078
0.591548 -0.675129 -0.440763
6
0.732251 -0.612183 -0.298398
0.789007 -0.556417 -0.260516
0.829139 -0.464660 -0.310838
0.797560 -0.445601 -0.406617
0.710111 -0.529197 -0.464428
0.690185 -0.588504 -0.421078
6
-0.806093 0.564442 -0.177819
-0.744811 0.638910 -0.192486
-0.705109 0.701045 -0.106570
-0.738560 0.674166 -0.005353
-0.805883 0.592058 0.004455
-0.840724 0.535117 -0.082667
6
-0.404588 -0.832077 -0.379415
-0.461433 -0.799165 -0.385246
-0.548860 -0.783556 -0.291192
-0.514468 -0.835099 -0.194762
-0.437278 -0.880201 -0.184481
-0.360015 -0.891452 -0.275140
6
0.761348 -0.647905 0.023823
0.813636 -0.576999 0.071191
0.864601 -0.502183 0.016676
0.857955 -0.503759 -0.100697
0.813281 -0.564021 -0.143020
0.753565 -0.651326 -0.088964
6
0.430490 0.806376 0.405507
0.326516 0.866161 0.378354
0.309282 0.902327 0.300252
0.385397 0.897539 0.214227
0.493693 0.834652 0.244181
0.506271 0.810141 0.295569
6
-0.593283 -0.125188 0.795200
-0.500006 -0.205107 0.841383
-0.509083 -0.317402 0.800057
-0.612734 -0.319350 0.722892
-0.659559 -0.252783 0.707872
-0.636732 -0.142051 0.757888
6
0.151363 0.515125 -0.843644
0.177881 0.581740 -0.793686
0.098749 0.659193 -0.745462
0.003113 0.645940 -0.763382
-0.031298 0.555972 -0.830611
0.043725 0.495404 -0.867562
6
0.137804 -0.525318 -0.839673
0.134932 -0.446918 -0.884340
0.036699 -0.394983 -0.917955
-0.057157 -0.451228 -0.890576
-0.057226 -0.532633 -0.844409
0.041145 -0.581479 -0.812520
6
-0.225122 0.233786 0.945867
-0.181093 0.289572 0.939869
-0.066307 0.288969 0.955040
-0.024221 0.175244 0.984227
-0.116486 0.090705 0.989042
-0.183135 0.109943 0.976921
6
0.257653 -0.443165 0.858615
0.190712 -0.436801 0.879110
0.144226 -0.327578 0.933751
0.214070 -0.248918 0.944571
0.300211 -0.256012 0.918875
0.346077 -0.361786 0.865645
6
-0.991991 0.080978 -0.096933
-0.974606 0.107095 -0.196655
-0.952665 0.205727 -0.223842
-0.948331 0.285839 -0.137708
-0.965971 0.255017 -0.043197
-0.986889 0.160392 -0.017995
5
-0.720222 0.352366 -0.597594
-0.603328 0.396207 -0.692109
-0.599973 0.523734 -0.604761
-0.663713 0.528236 -0.529576
-0.734732 0.441726 -0.514827
6
0.541530 0.837151 0.076961
0.593593 0.803746 -0.040491
0.691800 0.721998 -0.011502
0.711462 0.700110 0.060570
0.656230 0.738076 0.156863
0.557919 0.819701 0.129679
6
0.482877 -0.785881 0.386292
0.465115 -0.734543 0.494080
0.515335 -0.679048 0.522803
0.610658 -0.637818 0.469345
0.637205 -0.666984 0.386137
0.581514 -0.743043 0.331252
6
-0.199758 0.823513 0.530964
-0.233156 0.868532 0.437368
-0.145430 0.917282 0.370734
-0.048488 0.911665 0.408064
-0.026404 0.869482 0.493258
-0.114588 0.820902 0.559454
6
0.734786 0.667719 -0.119334
0.691800 0.721998 -0.011502
0.593593 0.803746 -0.040491
0.573037 0.814413 -0.091432
0.612031 0.762163 -0.211012
0.708330 0.682085 -0.181739
6
0.264762 0.783950 -0.561536
0.340056 0.775682 -0.531676
0.381595 0.818907 -0.428691
0.291635 0.881871 -0.370477
0.221407 0.892179 -0.393695
0.178921 0.847129 -0.500360
6
-0.011999 0.072657 -0.997285
0.011533 0.190967 -0.981529
-0.116668 0.250562 -0.961045
-0.165807 0.225629 -0.960000
-0.190836 0.101411 -0.976370
-0.126206 0.044765 -0.990994
6
-0.318702 0.450692 -0.833850
-0.286368 0.556001 -0.780292
-0.364948 0.598403 -0.713251
-0.446278 0.556304 -0.700972
-0.471193 0.457692 -0.753986
-0.418030 0.413889 -0.808670
6
0.936617 -0.014863 0.350039
0.937780 -0.129457 0.322195
0.908276 -0.189804 0.372838
0.860676 -0.169744 0.480025
0.860587 -0.049716 0.506872
0.890381 0.007856 0.455148
6
-0.056035 -0.989597 -0.132504
-0.068076 -0.997538 -0.016830
0.045234 -0.998179 0.039901
0.115434 -0.993308 0.003883
0.127485 -0.985082 -0.115592
0.053387 -0.984240 -0.168585
6
0.887173 0.356137 0.293411
0.851962 0.439449 0.284684
0.850436 0.491501 0.187578
0.897238 0.431704 0.092714
0.931642 0.346955 0.108011
0.933963 0.294238 0.202822
6
0.901121 0.191661 0.388905
0.872318 0.125722 0.472498
0.820878 0.156185 0.549332
0.788441 0.260881 0.557047
0.818169 0.332359 0.469188
0.872512 0.291210 0.392326
5
-0.510946 0.146324 -0.847068
-0.490167 0.268587 -0.829215
-0.593310 0.305687 -0.744673
-0.656847 0.204926 -0.725643
-0.609679 0.109540 -0.785043
6
-0.330357 -0.626969 -0.705531
-0.329532 -0.546401 -0.769970
-0.424456 -0.475323 -0.770653
-0.501137 -0.499224 -0.706851
-0.497967 -0.581736 -0.643127
-0.410771 -0.646249 -0.643141
6
-0.507636 -0.308638 -0.804393
-0.584746 -0.337495 -0.737679
-0.588832 -0.419725 -0.690730
-0.501137 -0.499224 -0.706851
-0.424456 -0.475323 -0.770653
-0.419384 -0.390393 -0.819579
6
0.779904 0.086086 0.619951
0.820878 0.156185 0.549332
0.872318 0.125722 0.472498
0.890381 0.007856 0.455148
0.860587 -0.049716 0.506872
0.797532 -0.025663 0.602731
6
-0.635607 -0.666222 -0.390066
-0.607994 -0.736156 -0.297352
-0.548860 -0.783556 -0.291192
-0.461433 -0.799165 -0.385246
-0.494729 -0.723243 -0.481834
-0.549579 -0.681343 -0.483462
6
0.014612 0.890103 -0.455526
0.096013 0.847399 -0.522204
0.178921 0.847129 -0.500360
0.221407 0.892179 -0.393695
0.135119 0.934503 -0.329312
0.053880 0.935545 -0.349074
6
-0.412374 0.907360 0.081516
-0.279227 0.949422 0.143629
-0.265623 0.934985 0.235047
-0.346476 0.889213 0.298755
-0.422980 0.866046 0.266556
-0.452651 0.881306 0.135673
6
-0.520661 0.586342 -0.620576
-0.446278 0.556304 -0.700972
-0.364948 0.598403 -0.713251
-0.333354 0.683929 -0.648935
-0.408522 0.716879 -0.564972
-0.500110 0.660405 -0.560138
5
-0.320087 0.945431 -0.060866
-0.414460 0.909011 0.043845
-0.508219 0.859514 -0.054308
-0.458497 0.872829 -0.167181
-0.354769 0.921432 -0.158434
6
0.061400 0.997148 0.043885
-0.032416 0.999268 0.020300
-0.066561 0.993449 -0.092896
0.010435 0.986428 -0.163864
0.104044 0.984041 -0.144354
0.137552 0.990053 -0.029558
6
0.708330 0.682085 -0.181739
0.612031 0.762163 -0.211012
0.587104 0.767439 -0.257577
0.609943 0.701169 -0.369231
0.672713 0.638381 -0.374068
0.734524 0.612961 -0.291124
6
0.309282 0.902327 0.300252
0.210678 0.938846 0.272365
0.186072 0.966362 0.177545
0.263898 0.959443 0.099130
0.366915 0.921543 0.127014
0.385397 0.897539 0.214227
6
-0.067486 -0.252199 -0.965319
-0.147436 -0.288289 -0.946125
-0.158404 -0.390621 -0.906820
-0.057157 -0.451228 -0.890576
0.036699 -0.394983 -0.917955
0.035883 -0.313989 -0.948748
6
0.131235 -0.246123 -0.960313
0.230941 -0.301449 -0.925092
0.328814 -0.219628 -0.918501
0.287563 -0.106075 -0.951870
0.220006 -0.092159 -0.971135
0.127875 -0.167938 -0.977469
6
-0.130366 -0.854858 -0.502218
-0.134182 -0.800219 -0.584504
-0.229931 -0.754121 -0.615170
-0.322212 -0.772017 -0.547877
-0.308560 -0.830148 -0.464376
-0.222171 -0.871625 -0.436932
7
-0.751501 -0.624323 -0.213230
-0.757183 -0.585096 -0.290408
-0.822695 -0.474095 -0.313697
-0.852927 -0.440464 -0.280190
-0.872291 -0.442677 -0.207715
-0.836718 -0.536164 -0.111493
-0.804901 -0.581756 -0.117023
6
-0.418030 0.413889 -0.808670
-0.471193 0.457692 -0.753986
-0.599567 0.393456 -0.696930
-0.593310 0.305687 -0.744673
-0.490167 0.268587 -0.829215
-0.443978 0.301246 -0.843881
6
-0.948666 -0.313489 0.041925
-0.977151 -0.211730 0.018621
-0.986338 -0.144791 0.078566
-0.966155 -0.167752 0.195969
-0.939842 -0.254744 0.227603
-0.930102 -0.336605 0.146995
6
-0.234186 -0.685362 -0.689519
-0.330357 -0.626969 -0.705531
-0.410771 -0.646249 -0.643141
-0.401578 -0.721671 -0.563850
-0.322212 -0.772017 -0.547877
-0.229931 -0.754121 -0.615170
6
0.958708 0.226722 -0.171684
0.921088 0.277208 -0.273411
0.911442 0.189823 -0.365023
0.934738 0.096713 -0.341924
0.964358 0.068492 -0.255583
0.974341 0.154599 -0.163578
6
-0.332660 0.252911 -0.908501
-0.357507 0.127720 -0.925136
-0.293645 0.072148 -0.953188
-0.190836 0.101411 -0.976370
-0.165807 0.225629 -0.960000
-0.283548 0.279951 -0.917185
6
0.337839 -0.689477 0.640692
0.366940 -0.758741 0.538207
0.302837 -0.811219 0.500213
0.203805 -0.819240 0.536012
0.177296 -0.751807 0.635101
0.269097 -0.688344 0.673624
6
-0.758050 -0.322346 0.566969
-0.736696 -0.249091 0.628676
-0.659559 -0.252783 0.707872
-0.612734 -0.319350 0.722892
-0.620331 -0.420178 0.662299
-0.692457 -0.423015 0.584433
6
0.546043 0.497640 0.673937
0.463666 0.511445 0.723490
0.375956 0.624308 0.684760
0.407430 0.660494 0.630673
0.524460 0.634157 0.568143
0.573069 0.568423 0.590329
6
0.407323 -0.365475 0.836968
0.346077 -0.361786 0.865645
0.300211 -0.256012 0.918875
0.373335 -0.167332 0.912481
0.468222 -0.186629 0.863677
0.488908 -0.278870 0.826559
6
-0.443978 0.301246 -0.843881
-0.332660 0.252911 -0.908501
-0.283548 0.279951 -0.917185
-0.252683 0.400345 -0.880838
-0.318702 0.450692 -0.833850
-0.418030 0.413889 -0.808670
6
0.544530 0.158765 0.823578
0.571833 0.073294 0.817089
0.511845 -0.013936 0.858965
0.413213 0.014242 0.910523
0.384475 0.099853 0.917719
0.444219 0.188682 0.875825
5
-0.927319 -0.349141 -0.134832
-0.926399 -0.375716 -0.024936
-0.879060 -0.476710 -0.001042
-0.836718 -0.536164 -0.111493
-0.872291 -0.442677 -0.207715
6
-0.787185 0.429910 -0.442174
-0.734732 0.441726 -0.514827
-0.663713 0.528236 -0.529576
-0.657095 0.598656 -0.458081
-0.714353 0.595050 -0.368259
-0.784557 0.508307 -0.355098
6
-0.259673 0.701866 0.663291
-0.285770 0.756269 0.588551
-0.199758 0.823513 0.530964
-0.114588 0.820902 0.559454
-0.079225 0.759820 0.645288
-0.163084 0.697025 0.698255
6
-0.564691 -0.059283 -0.823171
-0.471466 -0.018915 -0.881682
-0.457627 0.094767 -0.884079
-0.510946 0.146324 -0.847068
-0.609679 0.109540 -0.785043
-0.630935 0.036957 -0.774955
6
-0.410875 -0.190398 -0.891589
-0.326725 -0.258483 -0.909086
-0.242173 -0.224592 -0.943881
-0.227857 -0.110136 -0.967446
-0.312037 -0.048891 -0.948811
-0.399003 -0.082242 -0.913254
6
0.008665 -0.789209 0.614063
0.026870 -0.852925 0.521341
-0.042137 -0.881707 0.469913
-0.154984 -0.854558 0.495692
-0.172272 -0.798663 0.576594
-0.092212 -0.762502 0.640380
6
-0.076861 -0.012625 0.996962
-0.116486 0.090705 0.989042
-0.024221 0.175244 0.984227
0.063505 0.155078 0.985859
0.099965 0.056817 0.993367
0.041492 -0.021347 0.998911
6
-0.450014 -0.873474 0.185823
-0.381467 -0.881142 0.279414
-0.276958 -0.924933 0.260373
-0.252291 -0.952138 0.172576
-0.314548 -0.944913 0.090546
-0.405235 -0.909776 0.089959
6
-0.485384 0.293165 0.823685
-0.382329 0.310397 0.870332
-0.334905 0.226133 0.914714
-0.382164 0.130206 0.914875
-0.452840 0.109574 0.884833
-0.523921 0.193424 0.829515
6
-0.331727 -0.244943 0.911021
-0.348044 -0.359792 0.865688
-0.470879 -0.360107 0.805355
-0.509083 -0.317402 0.800057
-0.500006 -0.205107 0.841383
-0.429253 -0.171984 0.886658
6
0.779284 0.419888 0.465199
0.818169 0.332359 0.469188
0.788441 0.260881 0.557047
0.723118 0.291359 0.626267
0.679752 0.384607 0.624511
0.708090 0.458611 0.536921
6
-0.660167 0.234686 0.713514
-0.611928 0.344858 0.711770
-0.527324 0.361517 0.768918
-0.485384 0.293165 0.823685
-0.523921 0.193424 0.829515
-0.608613 0.161246 0.776911
5
-0.209336 -0.913515 -0.348811
-0.293652 -0.916957 -0.270110
-0.237405 -0.959423 -0.152142
-0.116867 -0.976148 -0.182967
-0.101768 -0.945197 -0.310235
6
-0.229931 -0.754121 -0.615170
-0.134182 -0.800219 -0.584504
-0.047216 -0.771074 -0.634992
-0.048580 -0.700573 -0.711925
-0.146717 -0.654229 -0.741929
-0.234186 -0.685362 -0.689519
7
0.488931 -0.606401 0.627076
0.435135 -0.607904 0.664161
0.403072 -0.530551 0.745686
0.448353 -0.463438 0.764333
0.566444 -0.428146 0.704153
0.591088 -0.446387 0.671829
0.585848 -0.513140 0.627272
6
-0.936015 0.142719 0.321724
-0.947713 0.131625 0.290713
-0.966740 0.198691 0.161043
-0.947354 0.281185 0.153154
-0.908018 0.344098 0.238958
-0.896794 0.282955 0.340143
6
-0.769629 0.607510 0.196476
-0.828516 0.548811 0.111210
-0.805883 0.592058 0.004455
-0.738560 0.674166 -0.005353
-0.697856 0.712665 0.071460
-0.719832 0.669552 0.183144
6
0.764362 -0.519505 0.381923
0.717212 -0.613924 0.329703
0.637205 -0.666984 0.386137
0.610658 -0.637818 0.469345
0.656551 -0.545806 0.520611
0.715444 -0.497591 0.490452
7
0.406468 -0.602014 -0.687286
0.501181 -0.640203 -0.582201
0.527656 -0.628382 -0.571590
0.580967 -0.553675 -0.596591
0.552767 -0.463697 -0.692411
0.509307 -0.461881 -0.726135
0.416135 -0.537700 -0.733287
6
0.040333 0.941696 0.334040
-0.048488 0.911665 0.408064
-0.145430 0.917282 0.370734
-0.166514 0.945775 0.278897
-0.078671 0.975495 0.205475
0.004522 0.973348 0.229287
6
-0.714353 0.595050 -0.368259
-0.657095 0.598656 -0.458081
-0.569561 0.678710 -0.463630
-0.551424 0.729361 -0.404925
-0.612198 0.732775 -0.297075
-0.696358 0.655166 -0.292990
6
0.242107 0.852537 0.463212
0.326516 0.866161 0.378354
0.430490 0.806376 0.405507
0.441468 0.773508 0.454742
0.359478 0.752085 0.552398
0.280373 0.782488 0.555970
6
-0.668008 -0.647144 0.367382
-0.609498 -0.651380 0.451903
-0.520317 -0.724272 0.452439
-0.502817 -0.780935 0.370561
-0.565288 -0.774725 0.283288
-0.645802 -0.710522 0.279459
6
0.370181 -0.022994 -0.928675
0.455299 -0.048349 -0.889025
0.527338 0.036617 -0.848866
0.488774 0.141392 -0.860876
0.394401 0.155305 -0.905720
0.340529 0.075103 -0.937230
6
0.546043 0.497640 0.673937
0.601307 0.410036 0.685785
0.560198 0.327536 0.760854
0.464313 0.355922 0.811007
0.419657 0.442082 0.792749
0.463666 0.511445 0.723490
6
-0.335176 0.623640 0.706209
-0.434739 0.617589 0.655428
-0.457445 0.668407 0.586495
-0.380579 0.750885 0.539751
-0.285770 0.756269 0.588551
-0.259673 0.701866 0.663291
5
-0.183135 0.109943 0.976921
-0.289688 0.030870 0.956623
-0.382164 0.130206 0.914875
-0.334905 0.226133 0.914714
-0.225122 0.233786 0.945867
6
0.861566 0.036857 -0.506306
0.906601 0.011901 -0.421821
0.934738 0.096713 -0.341924
0.911442 0.189823 -0.365023
0.864838 0.219788 -0.451385
0.837681 0.134392 -0.529367
6
0.581514 -0.743043 0.331252
0.637205 -0.666984 0.386137
0.717212 -0.613924 0.329703
0.737367 -0.633246 0.235139
0.683425 -0.707327 0.180605
0.597643 -0.765303 0.239028
6
-0.692457 -0.423015 0.584433
-0.620331 -0.420178 0.662299
-0.552048 -0.489842 0.674758
-0.548758 -0.577567 0.604385
-0.617885 -0.583921 0.526549
-0.696853 -0.497193 0.516908
6
-0.719832 0.669552 0.183144
-0.697856 0.712665 0.071460
-0.607785 0.791354 0.066004
-0.568958 0.811586 0.132720
-0.590809 0.768476 0.245742
-0.645924 0.716650 0.263050
5
-0.074733 -0.196436 0.977664
-0.163764 -0.275113 0.947362
-0.268702 -0.219088 0.937976
-0.246123 -0.086236 0.965395
-0.123122 -0.083196 0.988898
6
-0.948666 -0.313489 0.041925
-0.930102 -0.336605 0.146995
-0.882798 -0.435884 0.175136
-0.859668 -0.505310 0.075047
-0.879060 -0.476710 -0.001042
-0.926399 -0.375716 -0.024936
6
0.839718 0.391269 -0.376541
0.893477 0.349817 -0.281649
0.883569 0.430395 -0.184570
0.836314 0.510706 -0.199394
0.791536 0.540827 -0.284564
0.799888 0.463897 -0.380761
6
-0.894995 -0.033519 -0.444815
-0.924845 0.057649 -0.375949
-0.962000 0.026675 -0.271742
-0.966746 -0.070052 -0.245959
-0.939975 -0.145431 -0.308701
-0.902756 -0.120057 -0.413060
6
0.479401 0.830068 -0.284889
0.432850 0.872029 -0.228485
0.331771 0.909363 -0.250972
0.291635 0.881871 -0.370477
0.381595 0.818907 -0.428691
0.441143 0.803013 -0.400703
6
-0.265623 0.934985 0.235047
-0.166514 0.945775 0.278897
-0.145430 0.917282 0.370734
-0.233156 0.868532 0.437368
-0.314921 0.858883 0.403912
-0.346476 0.889213 0.298755
6
0.151812 0.400928 0.903443
0.266714 0.384444 0.883780
0.307191 0.298278 0.903695
0.242598 0.211534 0.946784
0.139081 0.235524 0.961865
0.100628 0.340685 0.934777
6
-0.926399 -0.375716 -0.024936
-0.927319 -0.349141 -0.134832
-0.947862 -0.270451 -0.168563
-0.977294 -0.185240 -0.102870
-0.977151 -0.211730 0.018621
-0.948666 -0.313489 0.041925
5
0.441143 0.803013 -0.400703
0.528905 0.720587 -0.448345
0.609943 0.701169 -0.369231
0.587104 0.767439 -0.257577
0.479401 0.830068 -0.284889
6
0.805832 -0.338718 0.485701
0.745257 -0.398261 0.534771
0.697524 -0.366757 0.615588
0.705813 -0.262905 0.657807
0.758866 -0.201522 0.619283
0.822453 -0.223907 0.522911
6
-0.278115 -0.754700 0.594205
-0.291155 -0.686196 0.666606
-0.215620 -0.653208 0.725829
-0.109915 -0.694440 0.711106
-0.092212 -0.762502 0.640380
-0.172272 -0.798663 0.576594
6
-0.472343 -0.477748 0.740708
-0.470879 -0.360107 0.805355
-0.348044 -0.359792 0.865688
-0.311769 -0.399886 0.861912
-0.322849 -0.517084 0.792712
-0.393665 -0.534794 0.747678
6
0.723118 0.291359 0.626267
0.788441 0.260881 0.557047
0.820878 0.156185 0.549332
0.779904 0.086086 0.619951
0.710159 0.116602 0.694318
0.681299 0.213997 0.700026
6
0.700266 -0.701889 -0.130305
0.753565 -0.651326 -0.088964
0.813281 -0.564021 -0.143020
0.789007 -0.556417 -0.260516
0.732251 -0.612183 -0.298398
0.676495 -0.693284 -0.248417
6
0.266714 0.384444 0.883780
0.318624 0.462620 0.827322
0.419657 0.442082 0.792749
0.464313 0.355922 0.811007
0.410159 0.272560 0.870334
0.307191 0.298278 0.903695
6
-0.038972 0.609653 0.791710
-0.131085 0.621545 0.772333
-0.163084 0.697025 0.698255
-0.079225 0.759820 0.645288
0.006801 0.747011 0.664777
0.045217 0.669847 0.741121
