400
6
0.903474 -0.325330 0.279097
0.860703 -0.425619 0.279355
0.814822 -0.461007 0.351480
0.796003 -0.380726 0.470561
0.804978 -0.352527 0.477216
0.881597 -0.254445 0.397548
6
-0.972702 0.076625 0.219040
-0.988477 0.106823 0.107248
-0.970590 0.226106 0.082655
-0.941334 0.289407 0.173591
-0.932520 0.252041 0.258614
-0.947098 0.146383 0.285618
6
-0.920612 -0.368832 0.128206
-0.953731 -0.279728 0.110226
-0.961240 -0.201052 0.188668
-0.923623 -0.234463 0.303228
-0.892932 -0.316252 0.320401
-0.884136 -0.400669 0.240349
6
-0.758058 -0.284102 0.587056
-0.825182 -0.263390 0.499701
-0.858922 -0.171015 0.482708
-0.829663 -0.078565 0.552708
-0.764177 -0.101805 0.636921
-0.726840 -0.198371 0.657535
5
0.118891 0.513929 0.849554
0.116222 0.600344 0.791252
0.225539 0.636824 0.737283
0.323133 0.537851 0.778653
0.235454 0.454766 0.858923
6
-0.557880 0.485662 -0.672981
-0.552368 0.356183 -0.753673
-0.429112 0.380205 -0.819334
-0.378043 0.473849 -0.795330
-0.413774 0.533859 -0.737419
-0.532231 0.515150 -0.671827
6
-0.704658 -0.160451 -0.691168
-0.656367 -0.227604 -0.719291
-0.551998 -0.220366 -0.804200
-0.527885 -0.161463 -0.833827
-0.575756 -0.043989 -0.816438
-0.661793 -0.043051 -0.748449
6
0.184102 0.974907 -0.125148
0.224408 0.974417 -0.012387
0.169138 0.983936 0.057113
0.052035 0.997361 0.050629
0.008645 0.998615 -0.051891
0.060827 0.988984 -0.134948
6
-0.932271 -0.061238 0.356541
-0.969894 -0.028376 0.241869
-0.972702 0.076625 0.219040
-0.947098 0.146383 0.285618
-0.910587 0.115112 0.396965
-0.904221 0.037858 0.425382
5
-0.541760 -0.407572 -0.735106
-0.496476 -0.332470 -0.801858
-0.551998 -0.220366 -0.804200
-0.656367 -0.227604 -0.719291
-0.654618 -0.356191 -0.666786
6
-0.582495 0.085565 0.808318
-0.594748 0.155393 0.788751
-0.513253 0.255947 0.819184
-0.422706 0.225046 0.877880
-0.405284 0.141590 0.903160
-0.484329 0.042297 0.873863
6
0.809175 -0.345737 -0.475080
0.838395 -0.272018 -0.472335
0.811360 -0.182103 -0.555458
0.730772 -0.223629 -0.644951
0.702016 -0.298856 -0.646419
0.728884 -0.389235 -0.563227
6
0.280702 -0.809996 0.514891
0.182101 -0.853166 0.488822
0.095197 -0.827943 0.552673
0.103626 -0.764032 0.636802
0.206583 -0.719903 0.662618
0.293897 -0.744546 0.599396
6
-0.291674 0.791099 -0.537670
-0.398761 0.747876 -0.530727
-0.429628 0.681424 -0.592521
-0.348121 0.636543 -0.688204
-0.294490 0.652177 -0.698528
-0.223882 0.741629 -0.632347
6
0.358650 0.430215 -0.828423
0.478001 0.386357 -0.788824
0.515396 0.412380 -0.751206
0.495178 0.533558 -0.685649
0.375560 0.572530 -0.728810
0.322591 0.503063 -0.801787
6
0.192818 -0.897256 -0.397181
0.114631 -0.858115 -0.500498
0.020369 -0.870486 -0.491771
-0.028023 -0.915076 -0.402307
0.052576 -0.948870 -0.311258
0.165457 -0.927739 -0.334551
6
0.567256 -0.280479 0.774307
0.495121 -0.249231 0.832309
0.485268 -0.144692 0.862310
0.561920 -0.067416 0.824440
0.653165 -0.117688 0.748014
0.650767 -0.200694 0.732273
6
0.894828 -0.437233 0.090056
0.858853 -0.481963 0.173448
0.860703 -0.425619 0.279355
0.903474 -0.325330 0.279097
0.937883 -0.279283 0.205856
0.938151 -0.333159 0.094225
6
-0.583344 0.631352 -0.510984
-0.564870 0.708121 -0.423659
-0.614938 0.709904 -0.343346
-0.704748 0.629862 -0.326503
-0.720803 0.551909 -0.419333
-0.665637 0.558292 -0.495215
6
-0.825182 -0.263390 0.499701
-0.758058 -0.284102 0.587056
-0.704243 -0.386300 0.595662
-0.719046 -0.454964 0.525339
-0.785988 -0.440162 0.434144
-0.837482 -0.342920 0.425475
6
0.901551 0.031613 -0.431516
0.855048 0.114794 -0.505683
0.807938 0.095079 -0.581547
0.789202 -0.012981 -0.613996
0.832077 -0.100737 -0.545436
0.892365 -0.057878 -0.447588
6
-0.034383 -0.440623 -0.897034
-0.088773 -0.534107 -0.840743
-0.020636 -0.608836 -0.793028
0.074463 -0.601729 -0.795222
0.129054 -0.507728 -0.851797
0.073761 -0.437106 -0.896380
6
0.283813 -0.948555 0.140336
0.227841 -0.973105 0.034002
0.113721 -0.992461 0.045702
0.066304 -0.976954 0.202892
0.067432 -0.976609 0.204176
0.224689 -0.948489 0.223344
6
0.093194 0.432451 -0.896828
0.015219 0.325114 -0.945553
0.089705 0.228082 -0.969501
0.169934 0.229985 -0.958243
0.236666 0.334684 -0.912127
0.143327 0.433164 -0.889846
6
-0.857737 0.453115 0.242845
-0.854105 0.367026 0.368505
-0.868808 0.332084 0.367278
-0.932520 0.252041 0.258614
-0.941334 0.289407 0.173591
-0.904525 0.398585 0.151540
5
-0.753486 -0.630173 0.187463
-0.701845 -0.651682 0.287618
-0.617921 -0.734548 0.280381
-0.602838 -0.783144 0.152553
-0.706213 -0.702916 0.084686
7
-0.015959 -0.914027 0.405340
0.063231 -0.929679 0.362904
0.067432 -0.976609 0.204176
0.066304 -0.976954 0.202892
-0.029004 -0.981566 0.188909
-0.124652 -0.953584 0.274117
-0.106722 -0.924974 0.364738
6
-0.612492 0.611385 0.501061
-0.597208 0.689234 0.410242
-0.536082 0.742376 0.401864
-0.439999 0.752338 0.490293
-0.455591 0.674419 0.581030
-0.520281 0.620310 0.586961
6
-0.367447 -0.589212 0.719592
-0.377810 -0.642869 0.666318
-0.473435 -0.651010 0.593335
-0.561268 -0.556403 0.612694
-0.553474 -0.503715 0.663278
-0.455928 -0.488104 0.744234
5
-0.680084 -0.731583 -0.047664
-0.579283 -0.813572 -0.050310
-0.541308 -0.823207 -0.171218
-0.611033 -0.751692 -0.248191
-0.700082 -0.691905 -0.176501
6
0.288436 -0.556335 -0.779292
0.241840 -0.497119 -0.833299
0.129054 -0.507728 -0.851797
0.074463 -0.601729 -0.795222
0.145633 -0.667334 -0.730381
0.233713 -0.650707 -0.722467
6
0.838477 0.499654 -0.217489
0.790208 0.562038 -0.244303
0.747179 0.568140 -0.344876
0.778524 0.455673 -0.431582
0.861285 0.379159 -0.338270
0.872616 0.388951 -0.295394
6
-0.575756 -0.043989 -0.816438
-0.527885 -0.161463 -0.833827
-0.416735 -0.152645 -0.896120
-0.380196 -0.075412 -0.921826
-0.430033 0.025595 -0.902450
-0.537215 0.023777 -0.843110
6
0.280702 -0.809996 0.514891
0.369553 -0.820746 0.435668
0.342562 -0.876122 0.339207
0.254349 -0.911897 0.322104
0.168771 -0.901122 0.399370
0.182101 -0.853166 0.488822
6
-0.892287 -0.219031 -0.394779
-0.941671 -0.147621 -0.302431
-0.959318 -0.184026 -0.214109
-0.940095 -0.284254 -0.188206
-0.889892 -0.361033 -0.278833
-0.873602 -0.324346 -0.362794
6
-0.686253 0.294312 -0.665159
-0.571507 0.327808 -0.752278
-0.552368 0.356183 -0.753673
-0.557880 0.485662 -0.672981
-0.667724 0.457317 -0.587371
-0.702167 0.406360 -0.584665
6
-0.805533 -0.592292 -0.017526
-0.845747 -0.529549 0.065491
-0.812939 -0.556662 0.171046
-0.753486 -0.630173 0.187463
-0.706213 -0.702916 0.084686
-0.717371 -0.696357 0.021585
6
0.650720 0.655308 0.383583
0.569925 0.736095 0.365172
0.560274 0.783187 0.269649
0.627756 0.754942 0.189696
0.709026 0.674218 0.206671
0.711537 0.627963 0.315243
6
0.101876 0.959981 0.260878
0.209451 0.961327 0.178831
0.283174 0.938424 0.197920
0.313385 0.897784 0.309474
0.203487 0.896019 0.394642
0.158550 0.909218 0.384947
6
0.209451 0.961327 0.178831
0.169138 0.983936 0.057113
0.224408 0.974417 -0.012387
0.334586 0.942365 -0.001078
0.369306 0.921546 0.119861
0.283174 0.938424 0.197920
6
0.956440 0.168731 0.238228
0.962034 0.215862 0.167013
0.984380 0.168288 0.051725
0.997345 0.042314 0.059269
0.992283 -0.000192 0.123993
0.970182 0.048231 0.237532
6
-0.629423 -0.395802 0.668706
-0.553474 -0.503715 0.663278
-0.561268 -0.556403 0.612694
-0.644358 -0.559255 0.521571
-0.719046 -0.454964 0.525339
-0.704243 -0.386300 0.595662
6
0.241840 -0.497119 -0.833299
0.289495 -0.398172 -0.870432
0.240564 -0.327611 -0.913674
0.124265 -0.338835 -0.932603
0.073761 -0.437106 -0.896380
0.129054 -0.507728 -0.851797
6
0.206583 -0.719903 0.662618
0.213139 -0.638999 0.739089
0.314441 -0.583363 0.748875
0.393970 -0.609167 0.688261
0.385003 -0.690711 0.612120
0.293897 -0.744546 0.599396
6
-0.966946 0.033993 -0.252706
-0.988883 0.001792 -0.148688
-0.986027 -0.109772 -0.125305
-0.959318 -0.184026 -0.214109
-0.941671 -0.147621 -0.302431
-0.944712 -0.034079 -0.326127
6
0.027572 0.915737 -0.400832
0.072717 0.946882 -0.313252
0.019449 0.973415 -0.228219
-0.109662 0.965707 -0.235338
-0.148345 0.940647 -0.305249
-0.093877 0.909060 -0.405953
6
0.789202 -0.012981 -0.613996
0.807938 0.095079 -0.581547
0.749618 0.174079 -0.638568
0.686823 0.157582 -0.709536
0.667875 0.041855 -0.743096
0.718201 -0.036977 -0.694853
6
0.178653 0.748777 -0.638291
0.081373 0.761657 -0.642850
0.012850 0.690855 -0.722879
0.073815 0.618596 -0.782234
0.164228 0.606630 -0.777836
0.232523 0.677944 -0.697370
7
-0.717371 -0.696357 0.021585
-0.706213 -0.702916 0.084686
-0.602838 -0.783144 0.152553
-0.568997 -0.811319 0.134179
-0.542901 -0.839754 0.008490
-0.579283 -0.813572 -0.050310
-0.680084 -0.731583 -0.047664
6
-0.747325 0.618374 -0.243144
-0.718413 0.679251 -0.150003
-0.751072 0.657394 -0.061030
-0.822875 0.566729 -0.041178
-0.852198 0.504367 -0.139188
-0.821092 0.525333 -0.223232
6
0.741266 0.670898 0.020525
0.661666 0.749781 0.005224
0.628285 0.769930 -0.111649
0.679251 0.709071 -0.189306
0.746031 0.644717 -0.166665
0.779414 0.624715 -0.047383
6
-0.603864 -0.120122 0.787984
-0.654688 -0.214383 0.724862
-0.726840 -0.198371 0.657535
-0.764177 -0.101805 0.636921
-0.714620 -0.004314 0.699500
-0.650256 -0.016959 0.759525
6
-0.087309 -0.976294 -0.198060
0.017997 -0.975021 -0.221383
0.052576 -0.948870 -0.311258
-0.028023 -0.915076 -0.402307
-0.120653 -0.915023 -0.384937
-0.164873 -0.942479 -0.290774
6
-0.541760 -0.407572 -0.735106
-0.506562 -0.487450 -0.711188
-0.394989 -0.519961 -0.757380
-0.346473 -0.438894 -0.829052
-0.406198 -0.344763 -0.846251
-0.496476 -0.332470 -0.801858
6
0.158550 0.909218 0.384947
0.203487 0.896019 0.394642
0.255667 0.822614 0.507879
0.139432 0.799406 0.584388
0.038117 0.853404 0.519854
0.040342 0.885656 0.462586
6
0.626048 -0.626864 -0.463794
0.566327 -0.633726 -0.526939
0.461818 -0.718318 -0.520330
0.448582 -0.753607 -0.480469
0.516780 -0.774869 -0.364029
0.623095 -0.689273 -0.369670
6
0.702486 -0.702759 -0.112442
0.658421 -0.725525 -0.200238
0.554949 -0.808368 -0.196398
0.528627 -0.838102 -0.134680
0.573816 -0.818721 -0.020745
0.668845 -0.743174 -0.018385
6
0.686823 0.157582 -0.709536
0.625216 0.225879 -0.747050
0.539193 0.206362 -0.816508
0.526968 0.085654 -0.845558
0.575981 0.021832 -0.817171
0.667875 0.041855 -0.743096
6
-0.281046 0.958107 0.055177
-0.167043 0.984550 0.052513
-0.114604 0.985058 0.128555
-0.159604 0.958079 0.237933
-0.238013 0.937260 0.254743
-0.323067 0.930880 0.170557
6
0.544411 0.828671 -0.130080
0.628285 0.769930 -0.111649
0.661666 0.749781 0.005224
0.607713 0.790142 0.079752
0.523075 0.849993 0.062479
0.489361 0.870297 -0.055756
6
0.192818 -0.897256 -0.397181
0.311039 -0.853669 -0.417736
0.331404 -0.820559 -0.465677
0.253944 -0.778768 -0.573613
0.164712 -0.801065 -0.575469
0.114631 -0.858115 -0.500498
6
-0.455928 -0.488104 0.744234
-0.553474 -0.503715 0.663278
-0.629423 -0.395802 0.668706
-0.598311 -0.318628 0.735187
-0.521534 -0.324875 0.788960
-0.443674 -0.436346 0.782787
6
-0.223882 0.741629 -0.632347
-0.294490 0.652177 -0.698528
-0.202793 0.588936 -0.782323
-0.150032 0.597647 -0.787597
-0.074330 0.691305 -0.718730
-0.140355 0.753766 -0.641979
6
0.870059 -0.138889 0.472976
0.892735 -0.188874 0.409085
0.881597 -0.254445 0.397548
0.804978 -0.352527 0.477216
0.759661 -0.251652 0.599655
0.793341 -0.176252 0.582705
6
-0.250639 -0.448247 -0.858052
-0.196939 -0.357140 -0.913053
-0.260130 -0.262223 -0.929285
-0.356389 -0.259847 -0.897478
-0.406198 -0.344763 -0.846251
-0.346473 -0.438894 -0.829052
6
0.501989 0.830922 -0.239950
0.544411 0.828671 -0.130080
0.489361 0.870297 -0.055756
0.390583 0.917861 -0.070541
0.349999 0.918133 -0.185829
0.401380 0.879010 -0.257365
6
0.231246 -0.455821 0.859507
0.229822 -0.346651 0.909404
0.323210 -0.287353 0.901645
0.403706 -0.320217 0.857020
0.407374 -0.426092 0.807770
0.317119 -0.489469 0.812315
6
-0.771700 -0.461846 -0.437238
-0.783840 -0.525086 -0.331480
-0.747619 -0.586599 -0.311395
-0.653184 -0.648488 -0.390914
-0.635103 -0.627901 -0.449872
-0.677596 -0.522990 -0.517055
6
-0.799661 -0.395691 -0.451631
-0.771700 -0.461846 -0.437238
-0.677596 -0.522990 -0.517055
-0.654323 -0.499926 -0.567394
-0.680125 -0.375968 -0.629348
-0.771767 -0.317942 -0.550717
6
-0.093877 0.909060 -0.405953
-0.148345 0.940647 -0.305249
-0.274471 0.911066 -0.307611
-0.310241 0.874811 -0.372097
-0.252879 0.842922 -0.474904
-0.136660 0.868930 -0.475694
6
-0.892932 -0.316252 0.320401
-0.837482 -0.342920 0.425475
-0.785988 -0.440162 0.434144
-0.784752 -0.503818 0.361015
-0.838502 -0.481368 0.255342
-0.884136 -0.400669 0.240349
6
0.533511 -0.766742 0.357033
0.602915 -0.712668 0.358605
0.672766 -0.692698 0.259915
0.648870 -0.741447 0.170953
0.566942 -0.807268 0.163996
0.498090 -0.828779 0.255013
6
-0.101398 0.147115 0.983908
-0.097477 0.025348 0.994915
-0.157352 -0.022113 0.987295
-0.280709 0.020729 0.959569
-0.298355 0.103940 0.948778
-0.220541 0.186846 0.957314
6
-0.430417 0.211471 -0.877509
-0.550040 0.191581 -0.812867
-0.572361 0.152857 -0.805629
-0.537215 0.023777 -0.843110
-0.430033 0.025595 -0.902450
-0.381779 0.115660 -0.916988
6
-0.650256 -0.016959 0.759525
-0.714620 -0.004314 0.699500
-0.746866 0.097894 0.657730
-0.681196 0.197547 0.704944
-0.594748 0.155393 0.788751
-0.582495 0.085565 0.808318
6
0.864821 0.496287 0.076058
0.829563 0.537840 0.150177
0.757936 0.637938 0.136267
0.741266 0.670898 0.020525
0.779414 0.624715 -0.047383
0.848271 0.528466 -0.034059
6
0.639710 0.595184 0.486342
0.566799 0.616186 0.546858
0.491175 0.692751 0.528056
0.486447 0.749780 0.448552
0.569925 0.736095 0.365172
0.650720 0.655308 0.383583
6
-0.665637 0.558292 -0.495215
-0.667724 0.457317 -0.587371
-0.557880 0.485662 -0.672981
-0.532231 0.515150 -0.671827
-0.522541 0.623825 -0.581200
-0.583344 0.631352 -0.510984
6
0.353340 0.861401 -0.364881
0.401380 0.879010 -0.257365
0.349999 0.918133 -0.185829
0.237029 0.950877 -0.199126
0.192633 0.933262 -0.303175
0.244909 0.893015 -0.377551
6
0.317119 -0.489469 0.812315
0.314441 -0.583363 0.748875
0.213139 -0.638999 0.739089
0.130739 -0.604158 0.786067
0.132465 -0.509299 0.850334
0.231246 -0.455821 0.859507
6
0.293897 -0.744546 0.599396
0.385003 -0.690711 0.612120
0.470512 -0.702013 0.534600
0.451531 -0.772295 0.446856
0.369553 -0.820746 0.435668
0.280702 -0.809996 0.514891
6
0.124265 -0.338835 -0.932603
0.240564 -0.327611 -0.913674
0.283220 -0.227979 -0.931564
0.229338 -0.147118 -0.962165
0.114129 -0.159879 -0.980517
0.066947 -0.256592 -0.964198
6
-0.944712 -0.034079 -0.326127
-0.941671 -0.147621 -0.302431
-0.892287 -0.219031 -0.394779
-0.866069 -0.185051 -0.464415
-0.867661 -0.069831 -0.492228
-0.903191 -0.000973 -0.429237
6
0.675852 -0.676557 -0.292395
0.658421 -0.725525 -0.200238
0.702486 -0.702759 -0.112442
0.781908 -0.613860 -0.108610
0.803025 -0.559481 -0.205262
0.757010 -0.585413 -0.290220
6
0.804800 0.307432 0.507724
0.837394 0.203484 0.507312
0.802063 0.130325 0.582847
0.735594 0.162860 0.657555
0.697494 0.272199 0.662880
0.732559 0.340831 0.589229
6
-0.520281 0.620310 0.586961
-0.524746 0.529270 0.666720
-0.609942 0.450688 0.651806
-0.670228 0.460799 0.581772
-0.667030 0.551044 0.501420
-0.612492 0.611385 0.501061
6
-0.668825 0.707645 0.227842
-0.591069 0.779048 0.209097
-0.511013 0.804155 0.303646
-0.536082 0.742376 0.401864
-0.597208 0.689234 0.410242
-0.679896 0.663158 0.312992
6
-0.355175 -0.073912 0.931873
-0.280709 0.020729 0.959569
-0.157352 -0.022113 0.987295
-0.154270 -0.145830 0.977208
-0.214003 -0.188825 0.958409
-0.336514 -0.140769 0.931097
5
0.378345 0.236682 -0.894895
0.482534 0.260673 -0.836188
0.478001 0.386357 -0.788824
0.358650 0.430215 -0.828423
0.296603 0.335015 -0.894311
6
0.118891 0.513929 0.849554
0.235454 0.454766 0.858923
0.251415 0.384959 0.888030
0.139928 0.318737 0.937458
0.043902 0.366053 0.929558
0.038077 0.465221 0.884375
6
0.192633 0.933262 -0.303175
0.237029 0.950877 -0.199126
0.184102 0.974907 -0.125148
0.060827 0.988984 -0.134948
0.019449 0.973415 -0.228219
0.072717 0.946882 -0.313252
6
0.780945 0.531463 0.328134
0.831505 0.496191 0.249789
0.887713 0.378983 0.261413
0.880769 0.334058 0.335635
0.824833 0.369441 0.427977
0.771895 0.476203 0.421200
6
0.027644 0.648066 0.761082
0.024126 0.717710 0.695925
0.135610 0.758294 0.637652
0.235083 0.684350 0.690219
0.225539 0.636824 0.737283
0.116222 0.600344 0.791252
6
0.269556 0.041158 0.962105
0.263347 0.167535 0.950042
0.325404 0.210774 0.921784
0.433228 0.168378 0.885417
0.451085 0.070079 0.889726
0.379750 -0.000766 0.925089
6
-0.064711 0.123051 -0.990288
0.027171 0.127770 -0.991432
0.089705 0.228082 -0.969501
0.015219 0.325114 -0.945553
-0.063518 0.324767 -0.943659
-0.132010 0.222544 -0.965944
6
-0.887500 0.353322 -0.295816
-0.920854 0.328806 -0.209559
-0.958228 0.216989 -0.186316
-0.951383 0.144998 -0.271745
-0.910912 0.179238 -0.371635
-0.881862 0.273335 -0.384197
6
0.667875 0.041855 -0.743096
0.575981 0.021832 -0.817171
0.550880 -0.086977 -0.830040
0.595533 -0.162175 -0.786791
0.690429 -0.135140 -0.710665
0.718201 -0.036977 -0.694853
6
0.425516 -0.869679 0.250187
0.377542 -0.915411 0.139587
0.283813 -0.948555 0.140336
0.224689 -0.948489 0.223344
0.254349 -0.911897 0.322104
0.342562 -0.876122 0.339207
6
-0.005455 0.523262 -0.852155
-0.053512 0.519836 -0.852589
-0.130532 0.413244 -0.901216
-0.063518 0.324767 -0.943659
0.015219 0.325114 -0.945553
0.093194 0.432451 -0.896828
6
0.182101 -0.853166 0.488822
0.168771 -0.901122 0.399370
0.063231 -0.929679 0.362904
-0.015959 -0.914027 0.405340
-0.009883 -0.857270 0.514771
0.095197 -0.827943 0.552673
6
0.997345 0.042314 0.059269
0.984380 0.168288 0.051725
0.978238 0.207134 -0.012091
0.979444 0.154814 -0.129313
0.989000 0.053986 -0.137709
0.998171 -0.007955 -0.059924
6
-0.904221 0.037858 0.425382
-0.850268 0.009113 0.526271
-0.829663 -0.078565 0.552708
-0.858922 -0.171015 0.482708
-0.914800 -0.141846 0.378181
-0.932271 -0.061238 0.356541
6
0.661108 0.514029 -0.546544
0.764090 0.447175 -0.464974
0.778524 0.455673 -0.431582
0.747179 0.568140 -0.344876
0.677415 0.632090 -0.376259
0.630686 0.624985 -0.460032
6
0.476636 0.843205 0.248645
0.389758 0.859286 0.331234
0.313385 0.897784 0.309474
0.283174 0.938424 0.197920
0.369306 0.921546 0.119861
0.453475 0.880314 0.139308
6
-0.542997 -0.548207 -0.636100
-0.506562 -0.487450 -0.711188
-0.541760 -0.407572 -0.735106
-0.654618 -0.356191 -0.666786
-0.680125 -0.375968 -0.629348
-0.654323 -0.499926 -0.567394
6
-0.522541 0.623825 -0.581200
-0.429628 0.681424 -0.592521
-0.398761 0.747876 -0.530727
-0.459111 0.774314 -0.435493
-0.564870 0.708121 -0.423659
-0.583344 0.631352 -0.510984
6
-0.884136 -0.400669 0.240349
-0.838502 -0.481368 0.255342
-0.812939 -0.556662 0.171046
-0.845747 -0.529549 0.065491
-0.894952 -0.443829 0.045570
-0.920612 -0.368832 0.128206
6
-0.281940 0.120679 -0.951812
-0.222989 0.218902 -0.949925
-0.281092 0.310172 -0.908174
-0.385834 0.298904 -0.872805
-0.430417 0.211471 -0.877509
-0.381779 0.115660 -0.916988
6
-0.427914 -0.903819 -0.000910
-0.396833 -0.908728 -0.129372
-0.463595 -0.864059 -0.196168
-0.541308 -0.823207 -0.171218
-0.579283 -0.813572 -0.050310
-0.542901 -0.839754 0.008490
6
0.236666 0.334684 -0.912127
0.169934 0.229985 -0.958243
0.243771 0.130825 -0.960968
0.353655 0.149337 -0.923378
0.378345 0.236682 -0.894895
0.296603 0.335015 -0.894311
7
0.448597 0.403722 0.797352
0.435540 0.369826 0.820691
0.314135 0.342704 0.885366
0.251415 0.384959 0.888030
0.235454 0.454766 0.858923
0.323133 0.537851 0.778653
0.375009 0.529100 0.761198
6
-0.594748 0.155393 0.788751
-0.681196 0.197547 0.704944
-0.684663 0.264430 0.679200
-0.603710 0.361831 0.710361
-0.526673 0.339977 0.779122
-0.513253 0.255947 0.819184
6
-0.137100 -0.357543 0.923779
-0.212017 -0.307911 0.927491
-0.214003 -0.188825 0.958409
-0.154270 -0.145830 0.977208
-0.036536 -0.188270 0.981438
-0.033326 -0.313738 0.948925
6
0.498090 -0.828779 0.255013
0.566942 -0.807268 0.163996
0.530068 -0.846075 0.056432
0.433366 -0.899460 0.056267
0.377542 -0.915411 0.139587
0.425516 -0.869679 0.250187
6
-0.932271 -0.061238 0.356541
-0.914800 -0.141846 0.378181
-0.923623 -0.234463 0.303228
-0.961240 -0.201052 0.188668
-0.980021 -0.104470 0.169245
-0.969894 -0.028376 0.241869
6
-0.056261 -0.817553 -0.573099
0.020369 -0.870486 -0.491771
0.114631 -0.858115 -0.500498
0.164712 -0.801065 -0.575469
0.089648 -0.746000 -0.659884
-0.003255 -0.754738 -0.656019
6
-0.223882 0.741629 -0.632347
-0.140355 0.753766 -0.641979
-0.076381 0.819654 -0.567744
-0.136660 0.868930 -0.475694
-0.252879 0.842922 -0.474904
-0.291674 0.791099 -0.537670
6
-0.702167 0.406360 -0.584665
-0.667724 0.457317 -0.587371
-0.665637 0.558292 -0.495215
-0.720803 0.551909 -0.419333
-0.786936 0.469519 -0.400353
-0.786655 0.372997 -0.491983
6
0.872616 0.388951 -0.295394
0.861285 0.379159 -0.338270
0.877196 0.252340 -0.408475
0.933815 0.174576 -0.312269
0.950994 0.222954 -0.214249
0.929446 0.310233 -0.199714
6
0.038077 0.465221 0.884375
-0.069473 0.507889 0.858616
-0.077343 0.596099 0.799177
0.027644 0.648066 0.761082
0.116222 0.600344 0.791252
0.118891 0.513929 0.849554
5
0.553030 -0.555087 -0.621318
0.438936 -0.584871 -0.682101
0.386114 -0.677418 -0.626116
0.461818 -0.718318 -0.520330
0.566327 -0.633726 -0.526939
5
-0.792555 -0.252106 -0.555247
-0.748805 -0.156345 -0.644086
-0.807183 -0.040433 -0.588915
-0.867661 -0.069831 -0.492228
-0.866069 -0.185051 -0.464415
6
0.415771 -0.900741 -0.125698
0.355977 -0.902423 -0.242721
0.237470 -0.944792 -0.225778
0.204690 -0.966895 -0.152370
0.267951 -0.962345 -0.045775
0.381599 -0.922528 -0.057656
6
0.050548 -0.998458 -0.022947
0.091542 -0.986557 -0.135370
0.017997 -0.975021 -0.221383
-0.087309 -0.976294 -0.198060
-0.123547 -0.986200 -0.110203
-0.049131 -0.998749 -0.009265
6
0.213139 -0.638999 0.739089
0.206583 -0.719903 0.662618
0.103626 -0.764032 0.636802
0.018284 -0.726676 0.686737
0.021996 -0.649595 0.759962
0.130739 -0.604158 0.786067
6
0.679251 0.709071 -0.189306
0.628285 0.769930 -0.111649
0.544411 0.828671 -0.130080
0.501989 0.830922 -0.239950
0.550116 0.772356 -0.317551
0.635955 0.713531 -0.293998
6
-0.361814 -0.781434 -0.508381
-0.292218 -0.847758 -0.442623
-0.198544 -0.861867 -0.466653
-0.150200 -0.816019 -0.558169
-0.221033 -0.748845 -0.624801
-0.326882 -0.735132 -0.593910
6
0.779414 0.624715 -0.047383
0.746031 0.644717 -0.166665
0.790208 0.562038 -0.244303
0.838477 0.499654 -0.217489
0.871843 0.479169 -0.101427
0.848271 0.528466 -0.034059
5
0.433228 0.168378 0.885417
0.325404 0.210774 0.921784
0.314135 0.342704 0.885366
0.435540 0.369826 0.820691
0.498014 0.238845 0.833628
6
0.744750 -0.612277 0.265451
0.797743 -0.579023 0.168340
0.777692 -0.623610 0.079411
0.701750 -0.708727 0.072475
0.648870 -0.741447 0.170953
0.672766 -0.692698 0.259915
6
0.819220 -0.428553 -0.381078
0.762099 -0.518894 -0.387240
0.757010 -0.585413 -0.290220
0.803025 -0.559481 -0.205262
0.863119 -0.464157 -0.198958
0.870492 -0.396544 -0.291542
6
-0.202793 0.588936 -0.782323
-0.273732 0.483846 -0.831243
-0.220793 0.409495 -0.885192
-0.130532 0.413244 -0.901216
-0.053512 0.519836 -0.852589
-0.150032 0.597647 -0.787597
6
-0.167349 0.629231 0.758988
-0.172701 0.704429 0.688444
-0.071203 0.758185 0.648140
0.024126 0.717710 0.695925
0.027644 0.648066 0.761082
-0.077343 0.596099 0.799177
5
0.067432 -0.976609 0.204176
0.063231 -0.929679 0.362904
0.168771 -0.901122 0.399370
0.254349 -0.911897 0.322104
0.224689 -0.948489 0.223344
5
-0.532231 0.515150 -0.671827
-0.413774 0.533859 -0.737419
-0.348121 0.636543 -0.688204
-0.429628 0.681424 -0.592521
-0.522541 0.623825 -0.581200
6
-0.821092 0.525333 -0.223232
-0.852198 0.504367 -0.139188
-0.909829 0.398543 -0.115647
-0.920854 0.328806 -0.209559
-0.887500 0.353322 -0.295816
-0.833976 0.452299 -0.316084
6
0.379750 -0.000766 0.925089
0.451085 0.070079 0.889726
0.551489 0.024728 0.833815
0.561920 -0.067416 0.824440
0.485268 -0.144692 0.862310
0.392384 -0.107380 0.913512
6
-0.029004 -0.981566 0.188909
0.066304 -0.976954 0.202892
0.113721 -0.992461 0.045702
0.050548 -0.998458 -0.022947
-0.049131 -0.998749 -0.009265
-0.093735 -0.992689 0.076048
6
0.206334 -0.006329 0.978461
0.089969 0.033547 0.995379
0.081832 0.155801 0.984393
0.153579 0.209642 0.965642
0.263347 0.167535 0.950042
0.269556 0.041158 0.962105
6
-0.542997 -0.548207 -0.636100
-0.497612 -0.630535 -0.595657
-0.385849 -0.660409 -0.644190
-0.346062 -0.596536 -0.724145
-0.394989 -0.519961 -0.757380
-0.506562 -0.487450 -0.711188
6
0.941062 0.075424 -0.329716
0.933815 0.174576 -0.312269
0.877196 0.252340 -0.408475
0.858931 0.238226 -0.453305
0.855048 0.114794 -0.505683
0.901551 0.031613 -0.431516
6
0.880769 0.334058 0.335635
0.887713 0.378983 0.261413
0.927019 0.338819 0.160744
0.962034 0.215862 0.167013
0.956440 0.168731 0.238228
0.915515 0.210732 0.342672
6
-0.552368 0.356183 -0.753673
-0.571507 0.327808 -0.752278
-0.550040 0.191581 -0.812867
-0.430417 0.211471 -0.877509
-0.385834 0.298904 -0.872805
-0.429112 0.380205 -0.819334
6
0.815104 -0.579022 -0.018442
0.781908 -0.613860 -0.108610
0.702486 -0.702759 -0.112442
0.668845 -0.743174 -0.018385
0.701750 -0.708727 0.072475
0.777692 -0.623610 0.079411
6
0.897088 0.162431 0.410913
0.909903 0.038306 0.413049
0.877651 -0.009358 0.479208
0.821326 0.032146 0.569553
0.802063 0.130325 0.582847
0.837394 0.203484 0.507312
6
-0.800901 0.203789 -0.563051
-0.823242 0.139076 -0.550391
-0.788803 0.032456 -0.613789
-0.707215 0.056928 -0.704703
-0.679998 0.127974 -0.721959
-0.712858 0.240017 -0.658958
6
-0.801854 0.108043 0.587670
-0.850268 0.009113 0.526271
-0.904221 0.037858 0.425382
-0.910587 0.115112 0.396965
-0.862926 0.215529 0.457062
-0.821165 0.213994 0.529050
6
-0.442575 0.896660 -0.011285
-0.488470 0.868335 -0.085975
-0.443821 0.874617 -0.195111
-0.325274 0.924750 -0.197569
-0.286685 0.949007 -0.131136
-0.331453 0.943310 -0.017450
6
0.345059 0.772512 -0.533065
0.400602 0.807445 -0.433071
0.353340 0.861401 -0.364881
0.244909 0.893015 -0.377551
0.190552 0.857824 -0.477313
0.241813 0.802444 -0.545537
6
-0.371790 0.796660 0.476555
-0.346988 0.858292 0.378067
-0.272548 0.892093 0.360399
-0.169634 0.880376 0.442902
-0.173712 0.840317 0.513508
-0.268690 0.788148 0.553740
6
-0.285692 -0.723865 0.628013
-0.179920 -0.704420 0.686601
-0.091538 -0.759394 0.644160
-0.097396 -0.821209 0.562255
-0.198660 -0.837197 0.509545
-0.294140 -0.775013 0.559318
6
-0.629455 0.759318 -0.164992
-0.586516 0.768371 -0.256134
-0.479405 0.836334 -0.265926
-0.443821 0.874617 -0.195111
-0.488470 0.868335 -0.085975
-0.589142 0.804289 -0.077658
6
-0.036348 0.197148 0.979700
-0.041299 0.311294 0.949416
0.043902 0.366053 0.929558
0.139928 0.318737 0.937458
0.153579 0.209642 0.965642
0.081832 0.155801 0.984393
6
-0.268690 0.788148 0.553740
-0.173712 0.840317 0.513508
-0.072310 0.811605 0.579714
-0.071203 0.758185 0.648140
-0.172701 0.704429 0.688444
-0.270569 0.727397 0.630624
6
-0.252879 0.842922 -0.474904
-0.310241 0.874811 -0.372097
-0.428251 0.825411 -0.367829
-0.459111 0.774314 -0.435493
-0.398761 0.747876 -0.530727
-0.291674 0.791099 -0.537670
6
-0.611033 -0.751692 -0.248191
-0.541308 -0.823207 -0.171218
-0.463595 -0.864059 -0.196168
-0.424214 -0.850544 -0.310834
-0.492491 -0.783208 -0.379522
-0.596002 -0.737636 -0.317293
6
-0.998548 0.041244 0.034644
-0.995821 -0.070728 0.057781
-0.989100 -0.145335 -0.023628
-0.986027 -0.109772 -0.125305
-0.988883 0.001792 -0.148688
-0.994989 0.070525 -0.070880
6
-0.478326 0.872747 0.097551
-0.566933 0.815892 0.113613
-0.626048 0.779449 0.022866
-0.589142 0.804289 -0.077658
-0.488470 0.868335 -0.085975
-0.442575 0.896660 -0.011285
6
0.991211 -0.114809 -0.065729
0.984521 -0.174407 0.017353
0.984408 -0.121272 0.127416
0.992283 -0.000192 0.123993
0.997345 0.042314 0.059269
0.998171 -0.007955 -0.059924
6
-0.164873 -0.942479 -0.290774
-0.120653 -0.915023 -0.384937
-0.198544 -0.861867 -0.466653
-0.292218 -0.847758 -0.442623
-0.334828 -0.879284 -0.338748
-0.263597 -0.926827 -0.267411
6
0.403706 -0.320217 0.857020
0.495121 -0.249231 0.832309
0.567256 -0.280479 0.774307
0.570438 -0.378086 0.729145
0.492129 -0.451976 0.743994
0.407374 -0.426092 0.807770
6
-0.904525 0.398585 0.151540
-0.941334 0.289407 0.173591
-0.970590 0.226106 0.082655
-0.966539 0.256451 -0.005900
-0.927795 0.371766 -0.031395
-0.898514 0.434100 0.065034
5
0.541268 0.538828 0.645518
0.428295 0.577772 0.694797
0.380638 0.688237 0.617613
0.491175 0.692751 0.528056
0.566799 0.616186 0.546858
6
-0.263597 -0.926827 -0.267411
-0.334828 -0.879284 -0.338748
-0.424214 -0.850544 -0.310834
-0.463595 -0.864059 -0.196168
-0.396833 -0.908728 -0.129372
-0.300508 -0.941443 -0.152906
6
0.491317 0.660459 -0.567804
0.524948 0.555898 -0.644521
0.641577 0.502187 -0.579817
0.661108 0.514029 -0.546544
0.630686 0.624985 -0.460032
0.541942 0.682278 -0.490708
6
0.528627 -0.838102 -0.134680
0.415771 -0.900741 -0.125698
0.381599 -0.922528 -0.057656
0.433366 -0.899460 0.056267
0.530068 -0.846075 0.056432
0.573816 -0.818721 -0.020745
6
0.530068 -0.846075 0.056432
0.566942 -0.807268 0.163996
0.648870 -0.741447 0.170953
0.701750 -0.708727 0.072475
0.668845 -0.743174 -0.018385
0.573816 -0.818721 -0.020745
6
0.407374 -0.426092 0.807770
0.492129 -0.451976 0.743994
0.489935 -0.541001 0.683580
0.393970 -0.609167 0.688261
0.314441 -0.583363 0.748875
0.317119 -0.489469 0.812315
5
-0.862926 0.215529 0.457062
-0.910587 0.115112 0.396965
-0.947098 0.146383 0.285618
-0.932520 0.252041 0.258614
-0.868808 0.332084 0.367278
6
0.089969 0.033547 0.995379
0.206334 -0.006329 0.978461
0.210101 -0.134863 0.968333
0.142188 -0.182001 0.972964
0.030018 -0.142948 0.989275
0.025331 -0.015483 0.999559
6
-0.285692 -0.723865 0.628013
-0.377810 -0.642869 0.666318
-0.367447 -0.589212 0.719592
-0.259812 -0.565603 0.782682
-0.172390 -0.638506 0.750061
-0.179920 -0.704420 0.686601
6
0.961371 -0.091998 -0.259427
0.919794 -0.141931 -0.365834
0.900239 -0.223970 -0.373372
0.909653 -0.304004 -0.283042
0.947822 -0.262002 -0.181626
0.971239 -0.163056 -0.173516
6
-0.408075 -0.894527 0.182471
-0.385443 -0.921313 0.051142
-0.427914 -0.903819 -0.000910
-0.542901 -0.839754 0.008490
-0.568997 -0.811319 0.134179
-0.456538 -0.865632 0.205561
6
-0.923623 -0.234463 0.303228
-0.914800 -0.141846 0.378181
-0.858922 -0.171015 0.482708
-0.825182 -0.263390 0.499701
-0.837482 -0.342920 0.425475
-0.892932 -0.316252 0.320401
5
0.650767 -0.200694 0.732273
0.731393 -0.265669 0.628080
0.654517 -0.398640 0.642412
0.570438 -0.378086 0.729145
0.567256 -0.280479 0.774307
6
-0.076381 0.819654 -0.567744
-0.140355 0.753766 -0.641979
-0.074330 0.691305 -0.718730
0.012850 0.690855 -0.722879
0.081373 0.761657 -0.642850
0.023528 0.821249 -0.570085
6
-0.484329 0.042297 0.873863
-0.466572 -0.028139 0.884036
-0.535367 -0.130339 0.834502
-0.603864 -0.120122 0.787984
-0.650256 -0.016959 0.759525
-0.582495 0.085565 0.808318
6
-0.424214 -0.850544 -0.310834
-0.334828 -0.879284 -0.338748
-0.292218 -0.847758 -0.442623
-0.361814 -0.781434 -0.508381
-0.468258 -0.753325 -0.461775
-0.492491 -0.783208 -0.379522
6
0.153579 0.209642 0.965642
0.139928 0.318737 0.937458
0.251415 0.384959 0.888030
0.314135 0.342704 0.885366
0.325404 0.210774 0.921784
0.263347 0.167535 0.950042
6
-0.753486 -0.630173 0.187463
-0.812939 -0.556662 0.171046
-0.838502 -0.481368 0.255342
-0.784752 -0.503818 0.361015
-0.713233 -0.600835 0.360964
-0.701845 -0.651682 0.287618
6
-0.713233 -0.600835 0.360964
-0.784752 -0.503818 0.361015
-0.785988 -0.440162 0.434144
-0.719046 -0.454964 0.525339
-0.644358 -0.559255 0.521571
-0.644814 -0.610651 0.459696
7
0.428295 0.577772 0.694797
0.375009 0.529100 0.761198
0.323133 0.537851 0.778653
0.225539 0.636824 0.737283
0.235083 0.684350 0.690219
0.348965 0.705121 0.617275
0.380638 0.688237 0.617613
6
0.082885 0.871741 -0.482905
0.190552 0.857824 -0.477313
0.244909 0.893015 -0.377551
0.192633 0.933262 -0.303175
0.072717 0.946882 -0.313252
0.027572 0.915737 -0.400832
6
0.929446 0.310233 -0.199714
0.950994 0.222954 -0.214249
0.979444 0.154814 -0.129313
0.978238 0.207134 -0.012091
0.943451 0.330736 -0.022658
0.926998 0.364299 -0.089224
6
-0.873602 -0.324346 -0.362794
-0.889892 -0.361033 -0.278833
-0.857263 -0.452599 -0.245468
-0.783840 -0.525086 -0.331480
-0.771700 -0.461846 -0.437238
-0.799661 -0.395691 -0.451631
6
-0.942434 -0.322749 -0.087468
-0.969978 -0.243188 -0.001626
-0.953731 -0.279728 0.110226
-0.920612 -0.368832 0.128206
-0.894952 -0.443829 0.045570
-0.910660 -0.408221 -0.063675
6
-0.635103 -0.627901 -0.449872
-0.653184 -0.648488 -0.390914
-0.596002 -0.737636 -0.317293
-0.492491 -0.783208 -0.379522
-0.468258 -0.753325 -0.461775
-0.525460 -0.674783 -0.518228
6
-0.331453 0.943310 -0.017450
-0.286685 0.949007 -0.131136
-0.160091 0.978648 -0.128916
-0.119139 0.991216 -0.057426
-0.167043 0.984550 0.052513
-0.281046 0.958107 0.055177
6
-0.336514 -0.140769 0.931097
-0.404093 -0.240910 0.882423
-0.472031 -0.237310 0.849041
-0.535367 -0.130339 0.834502
-0.466572 -0.028139 0.884036
-0.355175 -0.073912 0.931873
6
-0.057833 -0.512854 0.856525
-0.058955 -0.603891 0.794884
-0.172390 -0.638506 0.750061
-0.259812 -0.565603 0.782682
-0.249815 -0.499909 0.829267
-0.136093 -0.462807 0.875950
7
0.653165 -0.117688 0.748014
0.716648 -0.042666 0.696129
0.765489 -0.054016 0.641178
0.793341 -0.176252 0.582705
0.759661 -0.251652 0.599655
0.731393 -0.265669 0.628080
0.650767 -0.200694 0.732273
6
0.040342 0.885656 0.462586
0.038117 0.853404 0.519854
-0.072310 0.811605 0.579714
-0.173712 0.840317 0.513508
-0.169634 0.880376 0.442902
-0.063007 0.920935 0.384589
6
-0.408075 -0.894527 0.182471
-0.292881 -0.923761 0.246751
-0.238237 -0.946038 0.219670
-0.217662 -0.972009 0.088443
-0.261844 -0.964328 0.038836
-0.385443 -0.921313 0.051142
6
-0.179920 -0.704420 0.686601
-0.172390 -0.638506 0.750061
-0.058955 -0.603891 0.794884
0.021996 -0.649595 0.759962
0.018284 -0.726676 0.686737
-0.091538 -0.759394 0.644160
6
-0.478842 -0.708015 0.519062
-0.390053 -0.778325 0.492005
-0.388203 -0.832319 0.395656
-0.470327 -0.818959 0.328784
-0.555822 -0.754957 0.347998
-0.557724 -0.700594 0.445098
6
0.130739 -0.604158 0.786067
0.021996 -0.649595 0.759962
-0.058955 -0.603891 0.794884
-0.057833 -0.512854 0.856525
0.049167 -0.468443 0.882125
0.132465 -0.509299 0.850334
6
-0.677596 -0.522990 -0.517055
-0.635103 -0.627901 -0.449872
-0.525460 -0.674783 -0.518228
-0.497612 -0.630535 -0.595657
-0.542997 -0.548207 -0.636100
-0.654323 -0.499926 -0.567394
6
0.386114 -0.677418 -0.626116
0.306626 -0.705069 -0.639420
0.253944 -0.778768 -0.573613
0.331404 -0.820559 -0.465677
0.448582 -0.753607 -0.480469
0.461818 -0.718318 -0.520330
6
-0.614938 0.709904 -0.343346
-0.586516 0.768371 -0.256134
-0.629455 0.759318 -0.164992
-0.718413 0.679251 -0.150003
-0.747325 0.618374 -0.243144
-0.704748 0.629862 -0.326503
6
-0.995821 -0.070728 0.057781
-0.980021 -0.104470 0.169245
-0.961240 -0.201052 0.188668
-0.953731 -0.279728 0.110226
-0.969978 -0.243188 -0.001626
-0.989100 -0.145335 -0.023628
6
0.216451 0.527891 -0.821268
0.164228 0.606630 -0.777836
0.073815 0.618596 -0.782234
-0.005455 0.523262 -0.852155
0.093194 0.432451 -0.896828
0.143327 0.433164 -0.889846
6
-0.700082 -0.691905 -0.176501
-0.611033 -0.751692 -0.248191
-0.596002 -0.737636 -0.317293
-0.653184 -0.648488 -0.390914
-0.747619 -0.586599 -0.311395
-0.744237 -0.638306 -0.196663
6
-0.456538 -0.865632 0.205561
-0.470327 -0.818959 0.328784
-0.388203 -0.832319 0.395656
-0.304603 -0.879329 0.366057
-0.292881 -0.923761 0.246751
-0.408075 -0.894527 0.182471
6
0.453475 0.880314 0.139308
0.369306 0.921546 0.119861
0.334586 0.942365 -0.001078
0.390583 0.917861 -0.070541
0.489361 0.870297 -0.055756
0.523075 0.849993 0.062479
6
0.323210 -0.287353 0.901645
0.315473 -0.172312 0.933159
0.392384 -0.107380 0.913512
0.485268 -0.144692 0.862310
0.495121 -0.249231 0.832309
0.403706 -0.320217 0.857020
6
0.165457 -0.927739 -0.334551
0.237470 -0.944792 -0.225778
0.355977 -0.902423 -0.242721
0.381108 -0.874425 -0.300229
0.311039 -0.853669 -0.417736
0.192818 -0.897256 -0.397181
6
-0.207499 -0.879619 0.428036
-0.198660 -0.837197 0.509545
-0.097396 -0.821209 0.562255
-0.009883 -0.857270 0.514771
-0.015959 -0.914027 0.405340
-0.106722 -0.924974 0.364738
6
-0.356389 -0.259847 -0.897478
-0.416735 -0.152645 -0.896120
-0.527885 -0.161463 -0.833827
-0.551998 -0.220366 -0.804200
-0.496476 -0.332470 -0.801858
-0.406198 -0.344763 -0.846251
6
-0.679998 0.127974 -0.721959
-0.707215 0.056928 -0.704703
-0.661793 -0.043051 -0.748449
-0.575756 -0.043989 -0.816438
-0.537215 0.023777 -0.843110
-0.572361 0.152857 -0.805629
6
-0.707215 0.056928 -0.704703
-0.788803 0.032456 -0.613789
-0.807183 -0.040433 -0.588915
-0.748805 -0.156345 -0.644086
-0.704658 -0.160451 -0.691168
-0.661793 -0.043051 -0.748449
6
0.628018 0.355631 -0.692185
0.515396 0.412380 -0.751206
0.478001 0.386357 -0.788824
0.482534 0.260673 -0.836188
0.539193 0.206362 -0.816508
0.625216 0.225879 -0.747050
6
0.553030 -0.555087 -0.621318
0.593629 -0.494284 -0.635050
0.566911 -0.408628 -0.715287
0.448451 -0.440241 -0.777869
0.404555 -0.536630 -0.740515
0.438936 -0.584871 -0.682101
6
-0.525460 -0.674783 -0.518228
-0.468258 -0.753325 -0.461775
-0.361814 -0.781434 -0.508381
-0.326882 -0.735132 -0.593910
-0.385849 -0.660409 -0.644190
-0.497612 -0.630535 -0.595657
6
-0.405773 0.895297 0.183823
-0.439489 0.849835 0.290913
-0.511013 0.804155 0.303646
-0.591069 0.779048 0.209097
-0.566933 0.815892 0.113613
-0.478326 0.872747 0.097551
6
0.564597 0.413478 0.714329
0.622827 0.294243 0.724919
0.570714 0.222488 0.790433
0.498014 0.238845 0.833628
0.435540 0.369826 0.820691
0.448597 0.403722 0.797352
6
0.020369 -0.870486 -0.491771
-0.056261 -0.817553 -0.573099
-0.150200 -0.816019 -0.558169
-0.198544 -0.861867 -0.466653
-0.120653 -0.915023 -0.384937
-0.028023 -0.915076 -0.402307
6
0.909903 0.038306 0.413049
0.897088 0.162431 0.410913
0.915515 0.210732 0.342672
0.956440 0.168731 0.238228
0.970182 0.048231 0.237532
0.949652 -0.007162 0.313225
6
0.945579 -0.115178 0.304327
0.963557 -0.169981 0.206552
0.937883 -0.279283 0.205856
0.903474 -0.325330 0.279097
0.881597 -0.254445 0.397548
0.892735 -0.188874 0.409085
6
0.043902 0.366053 0.929558
-0.041299 0.311294 0.949416
-0.148070 0.353867 0.923501
-0.158204 0.444931 0.881480
-0.069473 0.507889 0.858616
0.038077 0.465221 0.884375
6
-0.442575 0.896660 -0.011285
-0.331453 0.943310 -0.017450
-0.281046 0.958107 0.055177
-0.323067 0.930880 0.170557
-0.405773 0.895297 0.183823
-0.478326 0.872747 0.097551
6
0.051198 -0.066045 -0.996502
0.114129 -0.159879 -0.980517
0.229338 -0.147118 -0.962165
0.268196 -0.050586 -0.962035
0.206369 0.040290 -0.977644
0.097054 0.026167 -0.994935
6
-0.788803 0.032456 -0.613789
-0.823242 0.139076 -0.550391
-0.889189 0.102836 -0.445834
-0.903191 -0.000973 -0.429237
-0.867661 -0.069831 -0.492228
-0.807183 -0.040433 -0.588915
6
0.718201 -0.036977 -0.694853
0.690429 -0.135140 -0.710665
0.730772 -0.223629 -0.644951
0.811360 -0.182103 -0.555458
0.832077 -0.100737 -0.545436
0.789202 -0.012981 -0.613996
6
-0.958228 0.216989 -0.186316
-0.977280 0.188945 -0.096042
-0.994989 0.070525 -0.070880
-0.988883 0.001792 -0.148688
-0.966946 0.033993 -0.252706
-0.951383 0.144998 -0.271745
6
0.448451 -0.440241 -0.777869
0.566911 -0.408628 -0.715287
0.600945 -0.337323 -0.724623
0.563193 -0.253364 -0.786524
0.447247 -0.279731 -0.849541
0.409329 -0.378642 -0.830108
6
-0.795281 0.589166 0.142870
-0.731328 0.669144 0.131933
-0.668825 0.707645 0.227842
-0.679896 0.663158 0.312992
-0.748978 0.573314 0.332179
-0.809795 0.535648 0.239401
6
-0.272548 0.892093 0.360399
-0.346988 0.858292 0.378067
-0.439489 0.849835 0.290913
-0.405773 0.895297 0.183823
-0.323067 0.930880 0.170557
-0.238013 0.937260 0.254743
6
-0.091538 -0.759394 0.644160
0.018284 -0.726676 0.686737
0.103626 -0.764032 0.636802
0.095197 -0.827943 0.552673
-0.009883 -0.857270 0.514771
-0.097396 -0.821209 0.562255
6
-0.842503 0.536986 0.042830
-0.822875 0.566729 -0.041178
-0.751072 0.657394 -0.061030
-0.704867 0.708445 0.035617
-0.731328 0.669144 0.131933
-0.795281 0.589166 0.142870
6
-0.380196 -0.075412 -0.921826
-0.416735 -0.152645 -0.896120
-0.356389 -0.259847 -0.897478
-0.260130 -0.262223 -0.929285
-0.208639 -0.172083 -0.962734
-0.270752 -0.068947 -0.960177
6
-0.033326 -0.313738 0.948925
-0.036536 -0.188270 0.981438
0.030018 -0.142948 0.989275
0.142188 -0.182001 0.972964
0.143881 -0.308069 0.940421
0.048357 -0.356196 0.933159
6
-0.235323 0.279399 0.930892
-0.335898 0.313850 0.888071
-0.349357 0.401626 0.846549
-0.257866 0.478321 0.839472
-0.158204 0.444931 0.881480
-0.148070 0.353867 0.923501
6
-0.266906 0.564723 0.780928
-0.354023 0.587684 0.727526
-0.356554 0.667194 0.654004
-0.270569 0.727397 0.630624
-0.172701 0.704429 0.688444
-0.167349 0.629231 0.758988
6
-0.063007 0.920935 0.384589
-0.169634 0.880376 0.442902
-0.272548 0.892093 0.360399
-0.238013 0.937260 0.254743
-0.159604 0.958079 0.237933
-0.058868 0.943307 0.326661
6
0.831505 0.496191 0.249789
0.829563 0.537840 0.150177
0.864821 0.496287 0.076058
0.921414 0.378701 0.087067
0.927019 0.338819 0.160744
0.887713 0.378983 0.261413
6
-0.860957 -0.486020 -0.150121
-0.813816 -0.569491 -0.115691
-0.744237 -0.638306 -0.196663
-0.747619 -0.586599 -0.311395
-0.783840 -0.525086 -0.331480
-0.857263 -0.452599 -0.245468
6
0.231246 -0.455821 0.859507
0.132465 -0.509299 0.850334
0.049167 -0.468443 0.882125
0.048357 -0.356196 0.933159
0.143881 -0.308069 0.940421
0.229822 -0.346651 0.909404
6
-0.994989 0.070525 -0.070880
-0.977280 0.188945 -0.096042
-0.966539 0.256451 -0.005900
-0.970590 0.226106 0.082655
-0.988477 0.106823 0.107248
-0.998548 0.041244 0.034644
6
-0.109662 0.965707 -0.235338
0.019449 0.973415 -0.228219
0.060827 0.988984 -0.134948
0.008645 0.998615 -0.051891
-0.119139 0.991216 -0.057426
-0.160091 0.978648 -0.128916
6
-0.898514 0.434100 0.065034
-0.842503 0.536986 0.042830
-0.795281 0.589166 0.142870
-0.809795 0.535648 0.239401
-0.857737 0.453115 0.242845
-0.904525 0.398585 0.151540
6
0.227841 -0.973105 0.034002
0.267951 -0.962345 -0.045775
0.204690 -0.966895 -0.152370
0.091542 -0.986557 -0.135370
0.050548 -0.998458 -0.022947
0.113721 -0.992461 0.045702
6
-0.989100 -0.145335 -0.023628
-0.969978 -0.243188 -0.001626
-0.942434 -0.322749 -0.087468
-0.940095 -0.284254 -0.188206
-0.959318 -0.184026 -0.214109
-0.986027 -0.109772 -0.125305
6
0.145633 -0.667334 -0.730381
0.089648 -0.746000 -0.659884
0.164712 -0.801065 -0.575469
0.253944 -0.778768 -0.573613
0.306626 -0.705069 -0.639420
0.233713 -0.650707 -0.722467
6
-0.175743 -0.686464 -0.705607
-0.221033 -0.748845 -0.624801
-0.150200 -0.816019 -0.558169
-0.056261 -0.817553 -0.573099
-0.003255 -0.754738 -0.656019
-0.073662 -0.688984 -0.721024
6
0.797743 -0.579023 0.168340
0.744750 -0.612277 0.265451
0.754713 -0.553615 0.352020
0.814822 -0.461007 0.351480
0.860703 -0.425619 0.279355
0.858853 -0.481963 0.173448
6
-0.381779 0.115660 -0.916988
-0.430033 0.025595 -0.902450
-0.380196 -0.075412 -0.921826
-0.270752 -0.068947 -0.960177
-0.222058 0.020867 -0.974810
-0.281940 0.120679 -0.951812
6
-0.712858 0.240017 -0.658958
-0.679998 0.127974 -0.721959
-0.572361 0.152857 -0.805629
-0.550040 0.191581 -0.812867
-0.571507 0.327808 -0.752278
-0.686253 0.294312 -0.665159
6
0.288436 -0.556335 -0.779292
0.404555 -0.536630 -0.740515
0.448451 -0.440241 -0.777869
0.409329 -0.378642 -0.830108
0.289495 -0.398172 -0.870432
0.241840 -0.497119 -0.833299
6
0.735594 0.162860 0.657555
0.680562 0.083579 0.727908
0.616512 0.101514 0.780774
0.570714 0.222488 0.790433
0.622827 0.294243 0.724919
0.697494 0.272199 0.662880
6
0.690429 -0.135140 -0.710665
0.595533 -0.162175 -0.786791
0.563193 -0.253364 -0.786524
0.600945 -0.337323 -0.724623
0.702016 -0.298856 -0.646419
0.730772 -0.223629 -0.644951
6
0.680562 0.083579 0.727908
0.716648 -0.042666 0.696129
0.653165 -0.117688 0.748014
0.561920 -0.067416 0.824440
0.551489 0.024728 0.833815
0.616512 0.101514 0.780774
6
0.283220 -0.227979 -0.931564
0.403406 -0.209748 -0.890657
0.436278 -0.109141 -0.893168
0.386033 -0.032609 -0.921909
0.268196 -0.050586 -0.962035
0.229338 -0.147118 -0.962165
6
0.959947 -0.279859 0.013451
0.984521 -0.174407 0.017353
0.991211 -0.114809 -0.065729
0.971239 -0.163056 -0.173516
0.947822 -0.262002 -0.181626
0.940394 -0.326677 -0.094559
6
0.491317 0.660459 -0.567804
0.389435 0.704938 -0.592793
0.329988 0.652996 -0.681692
0.375560 0.572530 -0.728810
0.495178 0.533558 -0.685649
0.524948 0.555898 -0.644521
6
0.949652 -0.007162 0.313225
0.945579 -0.115178 0.304327
0.892735 -0.188874 0.409085
0.870059 -0.138889 0.472976
0.877651 -0.009358 0.479208
0.909903 0.038306 0.413049
6
0.240564 -0.327611 -0.913674
0.289495 -0.398172 -0.870432
0.409329 -0.378642 -0.830108
0.447247 -0.279731 -0.849541
0.403406 -0.209748 -0.890657
0.283220 -0.227979 -0.931564
6
-0.385443 -0.921313 0.051142
-0.261844 -0.964328 0.038836
-0.234545 -0.968336 -0.085519
-0.300508 -0.941443 -0.152906
-0.396833 -0.908728 -0.129372
-0.427914 -0.903819 -0.000910
6
-0.121819 0.027135 -0.992181
-0.055167 -0.075619 -0.995610
0.051198 -0.066045 -0.996502
0.097054 0.026167 -0.994935
0.027171 0.127770 -0.991432
-0.064711 0.123051 -0.990288
6
0.451531 -0.772295 0.446856
0.533511 -0.766742 0.357033
0.498090 -0.828779 0.255013
0.425516 -0.869679 0.250187
0.342562 -0.876122 0.339207
0.369553 -0.820746 0.435668
6
-0.069473 0.507889 0.858616
-0.158204 0.444931 0.881480
-0.257866 0.478321 0.839472
-0.266906 0.564723 0.780928
-0.167349 0.629231 0.758988
-0.077343 0.596099 0.799177
6
0.498848 -0.808103 -0.313242
0.381108 -0.874425 -0.300229
0.355977 -0.902423 -0.242721
0.415771 -0.900741 -0.125698
0.528627 -0.838102 -0.134680
0.554949 -0.808368 -0.196398
6
-0.274471 0.911066 -0.307611
-0.148345 0.940647 -0.305249
-0.109662 0.965707 -0.235338
-0.160091 0.978648 -0.128916
-0.286685 0.949007 -0.131136
-0.325274 0.924750 -0.197569
6
-0.654688 -0.214383 0.724862
-0.603864 -0.120122 0.787984
-0.535367 -0.130339 0.834502
-0.472031 -0.237310 0.849041
-0.521534 -0.324875 0.788960
-0.598311 -0.318628 0.735187
6
-0.222989 0.218902 -0.949925
-0.132010 0.222544 -0.965944
-0.063518 0.324767 -0.943659
-0.130532 0.413244 -0.901216
-0.220793 0.409495 -0.885192
-0.281092 0.310172 -0.908174
6
-0.349357 0.401626 0.846549
-0.335898 0.313850 0.888071
-0.422706 0.225046 0.877880
-0.513253 0.255947 0.819184
-0.526673 0.339977 0.779122
-0.438668 0.427501 0.790451
6
-0.405284 0.141590 0.903160
-0.298355 0.103940 0.948778
-0.280709 0.020729 0.959569
-0.355175 -0.073912 0.931873
-0.466572 -0.028139 0.884036
-0.484329 0.042297 0.873863
6
-0.910660 -0.408221 -0.063675
-0.894952 -0.443829 0.045570
-0.845747 -0.529549 0.065491
-0.805533 -0.592292 -0.017526
-0.813816 -0.569491 -0.115691
-0.860957 -0.486020 -0.150121
6
0.641577 0.502187 -0.579817
0.655576 0.371435 -0.657461
0.756118 0.303071 -0.580029
0.776769 0.314820 -0.545452
0.764090 0.447175 -0.464974
0.661108 0.514029 -0.546544
6
0.315473 -0.172312 0.933159
0.210101 -0.134863 0.968333
0.206334 -0.006329 0.978461
0.269556 0.041158 0.962105
0.379750 -0.000766 0.925089
0.392384 -0.107380 0.913512
6
0.566327 -0.633726 -0.526939
0.626048 -0.626864 -0.463794
0.703932 -0.539075 -0.462470
0.692255 -0.456540 -0.558887
0.593629 -0.494284 -0.635050
0.553030 -0.555087 -0.621318
6
-0.036348 0.197148 0.979700
0.081832 0.155801 0.984393
0.089969 0.033547 0.995379
0.025331 -0.015483 0.999559
-0.097477 0.025348 0.994915
-0.101398 0.147115 0.983908
6
0.807938 0.095079 -0.581547
0.855048 0.114794 -0.505683
0.858931 0.238226 -0.453305
0.776769 0.314820 -0.545452
0.756118 0.303071 -0.580029
0.749618 0.174079 -0.638568
6
0.938151 -0.333159 0.094225
0.937883 -0.279283 0.205856
0.963557 -0.169981 0.206552
0.984408 -0.121272 0.127416
0.984521 -0.174407 0.017353
0.959947 -0.279859 0.013451
6
-0.718413 0.679251 -0.150003
-0.629455 0.759318 -0.164992
-0.589142 0.804289 -0.077658
-0.626048 0.779449 0.022866
-0.704867 0.708445 0.035617
-0.751072 0.657394 -0.061030
6
0.749618 0.174079 -0.638568
0.756118 0.303071 -0.580029
0.655576 0.371435 -0.657461
0.628018 0.355631 -0.692185
0.625216 0.225879 -0.747050
0.686823 0.157582 -0.709536
6
-0.198660 -0.837197 0.509545
-0.207499 -0.879619 0.428036
-0.304603 -0.879329 0.366057
-0.388203 -0.832319 0.395656
-0.390053 -0.778325 0.492005
-0.294140 -0.775013 0.559318
6
0.704369 0.504778 0.499062
0.686422 0.439760 0.579169
0.581752 0.467976 0.665254
0.541268 0.538828 0.645518
0.566799 0.616186 0.546858
0.639710 0.595184 0.486342
6
0.777692 -0.623610 0.079411
0.797743 -0.579023 0.168340
0.858853 -0.481963 0.173448
0.894828 -0.437233 0.090056
0.876056 -0.482054 -0.012275
0.815104 -0.579022 -0.018442
6
-0.818954 0.309364 -0.483331
-0.881862 0.273335 -0.384197
-0.910912 0.179238 -0.371635
-0.889189 0.102836 -0.445834
-0.823242 0.139076 -0.550391
-0.800901 0.203789 -0.563051
6
0.073761 -0.437106 -0.896380
0.124265 -0.338835 -0.932603
0.066947 -0.256592 -0.964198
-0.042738 -0.262680 -0.963936
-0.095223 -0.358303 -0.928736
-0.034383 -0.440623 -0.897034
6
0.235083 0.684350 0.690219
0.135610 0.758294 0.637652
0.139432 0.799406 0.584388
0.255667 0.822614 0.507879
0.298025 0.804573 0.513657
0.348965 0.705121 0.617275
6
0.989000 0.053986 -0.137709
0.979444 0.154814 -0.129313
0.950994 0.222954 -0.214249
0.933815 0.174576 -0.312269
0.941062 0.075424 -0.329716
0.968211 0.004271 -0.250100
6
0.641577 0.502187 -0.579817
0.524948 0.555898 -0.644521
0.495178 0.533558 -0.685649
0.515396 0.412380 -0.751206
0.628018 0.355631 -0.692185
0.655576 0.371435 -0.657461
6
-0.346473 -0.438894 -0.829052
-0.394989 -0.519961 -0.757380
-0.346062 -0.596536 -0.724145
-0.237010 -0.612977 -0.753715
-0.186466 -0.532060 -0.825919
-0.250639 -0.448247 -0.858052
6
0.984408 -0.121272 0.127416
0.963557 -0.169981 0.206552
0.945579 -0.115178 0.304327
0.949652 -0.007162 0.313225
0.970182 0.048231 0.237532
0.992283 -0.000192 0.123993
5
0.765489 -0.054016 0.641178
0.821326 0.032146 0.569553
0.877651 -0.009358 0.479208
0.870059 -0.138889 0.472976
0.793341 -0.176252 0.582705
6
-0.479405 0.836334 -0.265926
-0.586516 0.768371 -0.256134
-0.614938 0.709904 -0.343346
-0.564870 0.708121 -0.423659
-0.459111 0.774314 -0.435493
-0.428251 0.825411 -0.367829
6
-0.746866 0.097894 0.657730
-0.714620 -0.004314 0.699500
-0.764177 -0.101805 0.636921
-0.829663 -0.078565 0.552708
-0.850268 0.009113 0.526271
-0.801854 0.108043 0.587670
6
0.746031 0.644717 -0.166665
0.679251 0.709071 -0.189306
0.635955 0.713531 -0.293998
0.677415 0.632090 -0.376259
0.747179 0.568140 -0.344876
0.790208 0.562038 -0.244303
6
0.848271 0.528466 -0.034059
0.871843 0.479169 -0.101427
0.926998 0.364299 -0.089224
0.943451 0.330736 -0.022658
0.921414 0.378701 0.087067
0.864821 0.496287 0.076058
6
-0.101398 0.147115 0.983908
-0.220541 0.186846 0.957314
-0.235323 0.279399 0.930892
-0.148070 0.353867 0.923501
-0.041299 0.311294 0.949416
-0.036348 0.197148 0.979700
6
0.861285 0.379159 -0.338270
0.778524 0.455673 -0.431582
0.764090 0.447175 -0.464974
0.776769 0.314820 -0.545452
0.858931 0.238226 -0.453305
0.877196 0.252340 -0.408475
6
-0.429112 0.380205 -0.819334
-0.385834 0.298904 -0.872805
-0.281092 0.310172 -0.908174
-0.220793 0.409495 -0.885192
-0.273732 0.483846 -0.831243
-0.378043 0.473849 -0.795330
6
-0.446717 0.514013 0.732281
-0.354023 0.587684 0.727526
-0.266906 0.564723 0.780928
-0.257866 0.478321 0.839472
-0.349357 0.401626 0.846549
-0.438668 0.427501 0.790451
6
-0.049131 -0.998749 -0.009265
-0.123547 -0.986200 -0.110203
-0.234545 -0.968336 -0.085519
-0.261844 -0.964328 0.038836
-0.217662 -0.972009 0.088443
-0.093735 -0.992689 0.076048
6
0.237029 0.950877 -0.199126
0.349999 0.918133 -0.185829
0.390583 0.917861 -0.070541
0.334586 0.942365 -0.001078
0.224408 0.974417 -0.012387
0.184102 0.974907 -0.125148
6
0.765489 -0.054016 0.641178
0.716648 -0.042666 0.696129
0.680562 0.083579 0.727908
0.735594 0.162860 0.657555
0.802063 0.130325 0.582847
0.821326 0.032146 0.569553
6
0.626048 -0.626864 -0.463794
0.623095 -0.689273 -0.369670
0.675852 -0.676557 -0.292395
0.757010 -0.585413 -0.290220
0.762099 -0.518894 -0.387240
0.703932 -0.539075 -0.462470
6
-0.281940 0.120679 -0.951812
-0.222058 0.020867 -0.974810
-0.121819 0.027135 -0.992181
-0.064711 0.123051 -0.990288
-0.132010 0.222544 -0.965944
-0.222989 0.218902 -0.949925
6
0.345059 0.772512 -0.533065
0.389435 0.704938 -0.592793
0.491317 0.660459 -0.567804
0.541942 0.682278 -0.490708
0.501235 0.760291 -0.413184
0.400602 0.807445 -0.433071
6
-0.520281 0.620310 0.586961
-0.455591 0.674419 0.581030
-0.356554 0.667194 0.654004
-0.354023 0.587684 0.727526
-0.446717 0.514013 0.732281
-0.524746 0.529270 0.666720
6
0.623095 -0.689273 -0.369670
0.516780 -0.774869 -0.364029
0.498848 -0.808103 -0.313242
0.554949 -0.808368 -0.196398
0.658421 -0.725525 -0.200238
0.675852 -0.676557 -0.292395
6
-0.668825 0.707645 0.227842
-0.731328 0.669144 0.131933
-0.704867 0.708445 0.035617
-0.626048 0.779449 0.022866
-0.566933 0.815892 0.113613
-0.591069 0.779048 0.209097
6
0.385003 -0.690711 0.612120
0.393970 -0.609167 0.688261
0.489935 -0.541001 0.683580
0.557820 -0.559182 0.613313
0.550377 -0.639661 0.536581
0.470512 -0.702013 0.534600
6
-0.455928 -0.488104 0.744234
-0.443674 -0.436346 0.782787
-0.336437 -0.408570 0.848458
-0.249815 -0.499909 0.829267
-0.259812 -0.565603 0.782682
-0.367447 -0.589212 0.719592
6
0.400602 0.807445 -0.433071
0.501235 0.760291 -0.413184
0.550116 0.772356 -0.317551
0.501989 0.830922 -0.239950
0.401380 0.879010 -0.257365
0.353340 0.861401 -0.364881
6
-0.478842 -0.708015 0.519062
-0.473435 -0.651010 0.593335
-0.377810 -0.642869 0.666318
-0.285692 -0.723865 0.628013
-0.294140 -0.775013 0.559318
-0.390053 -0.778325 0.492005
6
-0.136093 -0.462807 0.875950
-0.249815 -0.499909 0.829267
-0.336437 -0.408570 0.848458
-0.322967 -0.346593 0.880662
-0.212017 -0.307911 0.927491
-0.137100 -0.357543 0.923779
6
-0.667030 0.551044 0.501420
-0.745341 0.527580 0.407585
-0.748978 0.573314 0.332179
-0.679896 0.663158 0.312992
-0.597208 0.689234 0.410242
-0.612492 0.611385 0.501061
6
-0.771767 -0.317942 -0.550717
-0.792555 -0.252106 -0.555247
-0.866069 -0.185051 -0.464415
-0.892287 -0.219031 -0.394779
-0.873602 -0.324346 -0.362794
-0.799661 -0.395691 -0.451631
6
0.143327 0.433164 -0.889846
0.236666 0.334684 -0.912127
0.296603 0.335015 -0.894311
0.358650 0.430215 -0.828423
0.322591 0.503063 -0.801787
0.216451 0.527891 -0.821268
6
0.581752 0.467976 0.665254
0.564597 0.413478 0.714329
0.448597 0.403722 0.797352
0.375009 0.529100 0.761198
0.428295 0.577772 0.694797
0.541268 0.538828 0.645518
6
-0.704243 -0.386300 0.595662
-0.758058 -0.284102 0.587056
-0.726840 -0.198371 0.657535
-0.654688 -0.214383 0.724862
-0.598311 -0.318628 0.735187
-0.629423 -0.395802 0.668706
6
0.959947 -0.279859 0.013451
0.940394 -0.326677 -0.094559
0.898534 -0.427102 -0.101094
0.876056 -0.482054 -0.012275
0.894828 -0.437233 0.090056
0.938151 -0.333159 0.094225
6
0.711537 0.627963 0.315243
0.709026 0.674218 0.206671
0.757936 0.637938 0.136267
0.829563 0.537840 0.150177
0.831505 0.496191 0.249789
0.780945 0.531463 0.328134
5
0.698807 -0.472995 0.536605
0.796003 -0.380726 0.470561
0.814822 -0.461007 0.351480
0.754713 -0.553615 0.352020
0.689389 -0.573599 0.442410
6
-0.055167 -0.075619 -0.995610
-0.105730 -0.168131 -0.980078
-0.042738 -0.262680 -0.963936
0.066947 -0.256592 -0.964198
0.114129 -0.159879 -0.980517
0.051198 -0.066045 -0.996502
6
-0.818954 0.309364 -0.483331
-0.800901 0.203789 -0.563051
-0.712858 0.240017 -0.658958
-0.686253 0.294312 -0.665159
-0.702167 0.406360 -0.584665
-0.786655 0.372997 -0.491983
7
-0.771767 -0.317942 -0.550717
-0.680125 -0.375968 -0.629348
-0.654618 -0.356191 -0.666786
-0.656367 -0.227604 -0.719291
-0.704658 -0.160451 -0.691168
-0.748805 -0.156345 -0.644086
-0.792555 -0.252106 -0.555247
6
-0.609942 0.450688 0.651806
-0.603710 0.361831 0.710361
-0.684663 0.264430 0.679200
-0.759539 0.307048 0.573431
-0.752394 0.366764 0.547163
-0.670228 0.460799 0.581772
6
0.268196 -0.050586 -0.962035
0.386033 -0.032609 -0.921909
0.414112 0.065101 -0.907895
0.353655 0.149337 -0.923378
0.243771 0.130825 -0.960968
0.206369 0.040290 -0.977644
5
-0.214003 -0.188825 0.958409
-0.212017 -0.307911 0.927491
-0.322967 -0.346593 0.880662
-0.404093 -0.240910 0.882423
-0.336514 -0.140769 0.931097
6
-0.561268 -0.556403 0.612694
-0.473435 -0.651010 0.593335
-0.478842 -0.708015 0.519062
-0.557724 -0.700594 0.445098
-0.644814 -0.610651 0.459696
-0.644358 -0.559255 0.521571
6
-0.821092 0.525333 -0.223232
-0.833976 0.452299 -0.316084
-0.786936 0.469519 -0.400353
-0.720803 0.551909 -0.419333
-0.704748 0.629862 -0.326503
-0.747325 0.618374 -0.243144
6
-0.439999 0.752338 0.490293
-0.371790 0.796660 0.476555
-0.268690 0.788148 0.553740
-0.270569 0.727397 0.630624
-0.356554 0.667194 0.654004
-0.455591 0.674419 0.581030
6
-0.058868 0.943307 0.326661
0.057689 0.966443 0.250321
0.101876 0.959981 0.260878
0.158550 0.909218 0.384947
0.040342 0.885656 0.462586
-0.063007 0.920935 0.384589
5
-0.159604 0.958079 0.237933
-0.114604 0.985058 0.128555
0.000201 0.992008 0.126177
0.057689 0.966443 0.250321
-0.058868 0.943307 0.326661
6
0.216451 0.527891 -0.821268
0.322591 0.503063 -0.801787
0.375560 0.572530 -0.728810
0.329988 0.652996 -0.681692
0.232523 0.677944 -0.697370
0.164228 0.606630 -0.777836
6
-0.033326 -0.313738 0.948925
0.048357 -0.356196 0.933159
0.049167 -0.468443 0.882125
-0.057833 -0.512854 0.856525
-0.136093 -0.462807 0.875950
-0.137100 -0.357543 0.923779
6
-0.088773 -0.534107 -0.840743
-0.186466 -0.532060 -0.825919
-0.237010 -0.612977 -0.753715
-0.175743 -0.686464 -0.705607
-0.073662 -0.688984 -0.721024
-0.020636 -0.608836 -0.793028
6
0.025331 -0.015483 0.999559
0.030018 -0.142948 0.989275
-0.036536 -0.188270 0.981438
-0.154270 -0.145830 0.977208
-0.157352 -0.022113 0.987295
-0.097477 0.025348 0.994915
6
0.407459 0.807399 0.426713
0.486447 0.749780 0.448552
0.491175 0.692751 0.528056
0.380638 0.688237 0.617613
0.348965 0.705121 0.617275
0.298025 0.804573 0.513657
6
0.704369 0.504778 0.499062
0.771895 0.476203 0.421200
0.824833 0.369441 0.427977
0.804800 0.307432 0.507724
0.732559 0.340831 0.589229
0.686422 0.439760 0.579169
6
0.074463 -0.601729 -0.795222
-0.020636 -0.608836 -0.793028
-0.073662 -0.688984 -0.721024
-0.003255 -0.754738 -0.656019
0.089648 -0.746000 -0.659884
0.145633 -0.667334 -0.730381
6
0.689389 -0.573599 0.442410
0.754713 -0.553615 0.352020
0.744750 -0.612277 0.265451
0.672766 -0.692698 0.259915
0.602915 -0.712668 0.358605
0.626644 -0.636584 0.449530
6
0.501235 0.760291 -0.413184
0.541942 0.682278 -0.490708
0.630686 0.624985 -0.460032
0.677415 0.632090 -0.376259
0.635955 0.713531 -0.293998
0.550116 0.772356 -0.317551
6
0.526968 0.085654 -0.845558
0.539193 0.206362 -0.816508
0.482534 0.260673 -0.836188
0.378345 0.236682 -0.894895
0.353655 0.149337 -0.923378
0.414112 0.065101 -0.907895
7
0.731393 -0.265669 0.628080
0.759661 -0.251652 0.599655
0.804978 -0.352527 0.477216
0.796003 -0.380726 0.470561
0.698807 -0.472995 0.536605
0.661449 -0.463119 0.589921
0.654517 -0.398640 0.642412
6
-0.034383 -0.440623 -0.897034
-0.095223 -0.358303 -0.928736
-0.196939 -0.357140 -0.913053
-0.250639 -0.448247 -0.858052
-0.186466 -0.532060 -0.825919
-0.088773 -0.534107 -0.840743
6
-0.809795 0.535648 0.239401
-0.748978 0.573314 0.332179
-0.745341 0.527580 0.407585
-0.805776 0.412209 0.425217
-0.854105 0.367026 0.368505
-0.857737 0.453115 0.242845
6
-0.074330 0.691305 -0.718730
-0.150032 0.597647 -0.787597
-0.053512 0.519836 -0.852589
-0.005455 0.523262 -0.852155
0.073815 0.618596 -0.782234
0.012850 0.690855 -0.722879
6
0.607713 0.790142 0.079752
0.661666 0.749781 0.005224
0.741266 0.670898 0.020525
0.757936 0.637938 0.136267
0.709026 0.674218 0.206671
0.627756 0.754942 0.189696
6
0.560274 0.783187 0.269649
0.569925 0.736095 0.365172
0.486447 0.749780 0.448552
0.407459 0.807399 0.426713
0.389758 0.859286 0.331234
0.476636 0.843205 0.248645
6
0.968211 0.004271 -0.250100
0.941062 0.075424 -0.329716
0.901551 0.031613 -0.431516
0.892365 -0.057878 -0.447588
0.919794 -0.141931 -0.365834
0.961371 -0.091998 -0.259427
6
-0.521534 -0.324875 0.788960
-0.472031 -0.237310 0.849041
-0.404093 -0.240910 0.882423
-0.322967 -0.346593 0.880662
-0.336437 -0.408570 0.848458
-0.443674 -0.436346 0.782787
6
0.815104 -0.579022 -0.018442
0.876056 -0.482054 -0.012275
0.898534 -0.427102 -0.101094
0.863119 -0.464157 -0.198958
0.803025 -0.559481 -0.205262
0.781908 -0.613860 -0.108610
6
0.639710 0.595184 0.486342
0.650720 0.655308 0.383583
0.711537 0.627963 0.315243
0.780945 0.531463 0.328134
0.771895 0.476203 0.421200
0.704369 0.504778 0.499062
6
0.654517 -0.398640 0.642412
0.661449 -0.463119 0.589921
0.557820 -0.559182 0.613313
0.489935 -0.541001 0.683580
0.492129 -0.451976 0.743994
0.570438 -0.378086 0.729145
6
0.229822 -0.346651 0.909404
0.143881 -0.308069 0.940421
0.142188 -0.182001 0.972964
0.210101 -0.134863 0.968333
0.315473 -0.172312 0.933159
0.323210 -0.287353 0.901645
6
-0.951383 0.144998 -0.271745
-0.966946 0.033993 -0.252706
-0.944712 -0.034079 -0.326127
-0.903191 -0.000973 -0.429237
-0.889189 0.102836 -0.445834
-0.910912 0.179238 -0.371635
6
0.255667 0.822614 0.507879
0.203487 0.896019 0.394642
0.313385 0.897784 0.309474
0.389758 0.859286 0.331234
0.407459 0.807399 0.426713
0.298025 0.804573 0.513657
6
0.451531 -0.772295 0.446856
0.470512 -0.702013 0.534600
0.550377 -0.639661 0.536581
0.626644 -0.636584 0.449530
0.602915 -0.712668 0.358605
0.533511 -0.766742 0.357033
6
-0.071203 0.758185 0.648140
-0.072310 0.811605 0.579714
0.038117 0.853404 0.519854
0.139432 0.799406 0.584388
0.135610 0.758294 0.637652
0.024126 0.717710 0.695925
5
-0.124652 -0.953584 0.274117
-0.029004 -0.981566 0.188909
-0.093735 -0.992689 0.076048
-0.217662 -0.972009 0.088443
-0.238237 -0.946038 0.219670
6
-0.422706 0.225046 0.877880
-0.335898 0.313850 0.888071
-0.235323 0.279399 0.930892
-0.220541 0.186846 0.957314
-0.298355 0.103940 0.948778
-0.405284 0.141590 0.903160
6
0.943451 0.330736 -0.022658
0.978238 0.207134 -0.012091
0.984380 0.168288 0.051725
0.962034 0.215862 0.167013
0.927019 0.338819 0.160744
0.921414 0.378701 0.087067
6
0.824833 0.369441 0.427977
0.880769 0.334058 0.335635
0.915515 0.210732 0.342672
0.897088 0.162431 0.410913
0.837394 0.203484 0.507312
0.804800 0.307432 0.507724
6
0.233713 -0.650707 -0.722467
0.306626 -0.705069 -0.639420
0.386114 -0.677418 -0.626116
0.438936 -0.584871 -0.682101
0.404555 -0.536630 -0.740515
0.288436 -0.556335 -0.779292
6
-0.208639 -0.172083 -0.962734
-0.260130 -0.262223 -0.929285
-0.196939 -0.357140 -0.913053
-0.095223 -0.358303 -0.928736
-0.042738 -0.262680 -0.963936
-0.105730 -0.168131 -0.980078
6
0.626644 -0.636584 0.449530
0.550377 -0.639661 0.536581
0.557820 -0.559182 0.613313
0.661449 -0.463119 0.589921
0.698807 -0.472995 0.536605
0.689389 -0.573599 0.442410
6
-0.759539 0.307048 0.573431
-0.684663 0.264430 0.679200
-0.681196 0.197547 0.704944
-0.746866 0.097894 0.657730
-0.801854 0.108043 0.587670
-0.821165 0.213994 0.529050
6
-0.346062 -0.596536 -0.724145
-0.385849 -0.660409 -0.644190
-0.326882 -0.735132 -0.593910
-0.221033 -0.748845 -0.624801
-0.175743 -0.686464 -0.705607
-0.237010 -0.612977 -0.753715
6
0.998171 -0.007955 -0.059924
0.989000 0.053986 -0.137709
0.968211 0.004271 -0.250100
0.961371 -0.091998 -0.259427
0.971239 -0.163056 -0.173516
0.991211 -0.114809 -0.065729
6
0.027572 0.915737 -0.400832
-0.093877 0.909060 -0.405953
-0.136660 0.868930 -0.475694
-0.076381 0.819654 -0.567744
0.023528 0.821249 -0.570085
0.082885 0.871741 -0.482905
6
0.819220 -0.428553 -0.381078
0.870492 -0.396544 -0.291542
0.909653 -0.304004 -0.283042
0.900239 -0.223970 -0.373372
0.838395 -0.272018 -0.472335
0.809175 -0.345737 -0.475080
6
0.692255 -0.456540 -0.558887
0.728884 -0.389235 -0.563227
0.702016 -0.298856 -0.646419
0.600945 -0.337323 -0.724623
0.566911 -0.408628 -0.715287
0.593629 -0.494284 -0.635050
6
-0.114604 0.985058 0.128555
-0.167043 0.984550 0.052513
-0.119139 0.991216 -0.057426
0.008645 0.998615 -0.051891
0.052035 0.997361 0.050629
0.000201 0.992008 0.126177
6
-0.346988 0.858292 0.378067
-0.371790 0.796660 0.476555
-0.439999 0.752338 0.490293
-0.536082 0.742376 0.401864
-0.511013 0.804155 0.303646
-0.439489 0.849835 0.290913
5
-0.805776 0.412209 0.425217
-0.745341 0.527580 0.407585
-0.667030 0.551044 0.501420
-0.670228 0.460799 0.581772
-0.752394 0.366764 0.547163
6
-0.889892 -0.361033 -0.278833
-0.940095 -0.284254 -0.188206
-0.942434 -0.322749 -0.087468
-0.910660 -0.408221 -0.063675
-0.860957 -0.486020 -0.150121
-0.857263 -0.452599 -0.245468
6
0.616512 0.101514 0.780774
0.551489 0.024728 0.833815
0.451085 0.070079 0.889726
0.433228 0.168378 0.885417
0.498014 0.238845 0.833628
0.570714 0.222488 0.790433
6
0.057689 0.966443 0.250321
0.000201 0.992008 0.126177
0.052035 0.997361 0.050629
0.169138 0.983936 0.057113
0.209451 0.961327 0.178831
0.101876 0.959981 0.260878
6
0.241813 0.802444 -0.545537
0.178653 0.748777 -0.638291
0.232523 0.677944 -0.697370
0.329988 0.652996 -0.681692
0.389435 0.704938 -0.592793
0.345059 0.772512 -0.533065
6
0.516780 -0.774869 -0.364029
0.448582 -0.753607 -0.480469
0.331404 -0.820559 -0.465677
0.311039 -0.853669 -0.417736
0.381108 -0.874425 -0.300229
0.498848 -0.808103 -0.313242
6
0.811360 -0.182103 -0.555458
0.838395 -0.272018 -0.472335
0.900239 -0.223970 -0.373372
0.919794 -0.141931 -0.365834
0.892365 -0.057878 -0.447588
0.832077 -0.100737 -0.545436
6
0.436278 -0.109141 -0.893168
0.550880 -0.086977 -0.830040
0.575981 0.021832 -0.817171
0.526968 0.085654 -0.845558
0.414112 0.065101 -0.907895
0.386033 -0.032609 -0.921909
6
0.560274 0.783187 0.269649
0.476636 0.843205 0.248645
0.453475 0.880314 0.139308
0.523075 0.849993 0.062479
0.607713 0.790142 0.079752
0.627756 0.754942 0.189696
6
0.091542 -0.986557 -0.135370
0.204690 -0.966895 -0.152370
0.237470 -0.944792 -0.225778
0.165457 -0.927739 -0.334551
0.052576 -0.948870 -0.311258
0.017997 -0.975021 -0.221383
6
-0.744237 -0.638306 -0.196663
-0.813816 -0.569491 -0.115691
-0.805533 -0.592292 -0.017526
-0.717371 -0.696357 0.021585
-0.680084 -0.731583 -0.047664
-0.700082 -0.691905 -0.176501
6
0.436278 -0.109141 -0.893168
0.403406 -0.209748 -0.890657
0.447247 -0.279731 -0.849541
0.563193 -0.253364 -0.786524
0.595533 -0.162175 -0.786791
0.550880 -0.086977 -0.830040
6
-0.304603 -0.879329 0.366057
-0.207499 -0.879619 0.428036
-0.106722 -0.924974 0.364738
-0.124652 -0.953584 0.274117
-0.238237 -0.946038 0.219670
-0.292881 -0.923761 0.246751
6
-0.998548 0.041244 0.034644
-0.988477 0.106823 0.107248
-0.972702 0.076625 0.219040
-0.969894 -0.028376 0.241869
-0.980021 -0.104470 0.169245
-0.995821 -0.070728 0.057781
6
0.283813 -0.948555 0.140336
0.377542 -0.915411 0.139587
0.433366 -0.899460 0.056267
0.381599 -0.922528 -0.057656
0.267951 -0.962345 -0.045775
0.227841 -0.973105 0.034002
6
-0.428251 0.825411 -0.367829
-0.310241 0.874811 -0.372097
-0.274471 0.911066 -0.307611
-0.325274 0.924750 -0.197569
-0.443821 0.874617 -0.195111
-0.479405 0.836334 -0.265926
7
-0.821165 0.213994 0.529050
-0.862926 0.215529 0.457062
-0.868808 0.332084 0.367278
-0.854105 0.367026 0.368505
-0.805776 0.412209 0.425217
-0.752394 0.366764 0.547163
-0.759539 0.307048 0.573431
6
0.097054 0.026167 -0.994935
0.206369 0.040290 -0.977644
0.243771 0.130825 -0.960968
0.169934 0.229985 -0.958243
0.089705 0.228082 -0.969501
0.027171 0.127770 -0.991432
6
0.870492 -0.396544 -0.291542
0.863119 -0.464157 -0.198958
0.898534 -0.427102 -0.101094
0.940394 -0.326677 -0.094559
0.947822 -0.262002 -0.181626
0.909653 -0.304004 -0.283042
6
-0.121819 0.027135 -0.992181
-0.222058 0.020867 -0.974810
-0.270752 -0.068947 -0.960177
-0.208639 -0.172083 -0.962734
-0.105730 -0.168131 -0.980078
-0.055167 -0.075619 -0.995610
6
-0.234545 -0.968336 -0.085519
-0.123547 -0.986200 -0.110203
-0.087309 -0.976294 -0.198060
-0.164873 -0.942479 -0.290774
-0.263597 -0.926827 -0.267411
-0.300508 -0.941443 -0.152906
6
-0.348121 0.636543 -0.688204
-0.413774 0.533859 -0.737419
-0.378043 0.473849 -0.795330
-0.273732 0.483846 -0.831243
-0.202793 0.588936 -0.782323
-0.294490 0.652177 -0.698528
5
0.871843 0.479169 -0.101427
0.838477 0.499654 -0.217489
0.872616 0.388951 -0.295394
0.929446 0.310233 -0.199714
0.926998 0.364299 -0.089224
6
0.686422 0.439760 0.579169
0.732559 0.340831 0.589229
0.697494 0.272199 0.662880
0.622827 0.294243 0.724919
0.564597 0.413478 0.714329
0.581752 0.467976 0.665254
6
-0.568997 -0.811319 0.134179
-0.602838 -0.783144 0.152553
-0.617921 -0.734548 0.280381
-0.555822 -0.754957 0.347998
-0.470327 -0.818959 0.328784
-0.456538 -0.865632 0.205561
6
-0.555822 -0.754957 0.347998
-0.617921 -0.734548 0.280381
-0.701845 -0.651682 0.287618
-0.713233 -0.600835 0.360964
-0.644814 -0.610651 0.459696
-0.557724 -0.700594 0.445098
6
-0.898514 0.434100 0.065034
-0.927795 0.371766 -0.031395
-0.909829 0.398543 -0.115647
-0.852198 0.504367 -0.139188
-0.822875 0.566729 -0.041178
-0.842503 0.536986 0.042830
6
0.762099 -0.518894 -0.387240
0.819220 -0.428553 -0.381078
0.809175 -0.345737 -0.475080
0.728884 -0.389235 -0.563227
0.692255 -0.456540 -0.558887
0.703932 -0.539075 -0.462470
6
0.190552 0.857824 -0.477313
0.082885 0.871741 -0.482905
0.023528 0.821249 -0.570085
0.081373 0.761657 -0.642850
0.178653 0.748777 -0.638291
0.241813 0.802444 -0.545537
6
-0.966539 0.256451 -0.005900
-0.977280 0.188945 -0.096042
-0.958228 0.216989 -0.186316
-0.920854 0.328806 -0.209559
-0.909829 0.398543 -0.115647
-0.927795 0.371766 -0.031395
6
-0.524746 0.529270 0.666720
-0.446717 0.514013 0.732281
-0.438668 0.427501 0.790451
-0.526673 0.339977 0.779122
-0.603710 0.361831 0.710361
-0.609942 0.450688 0.651806
6
-0.881862 0.273335 -0.384197
-0.818954 0.309364 -0.483331
-0.786655 0.372997 -0.491983
-0.786936 0.469519 -0.400353
-0.833976 0.452299 -0.316084
-0.887500 0.353322 -0.295816
