375
6
-0.555253 0.633828 -0.538476
-0.524539 0.701192 -0.482896
-0.572083 0.727868 -0.378058
-0.667313 0.662568 -0.340142
-0.702448 0.580205 -0.412225
-0.655146 0.560785 -0.506265
7
0.015465 -0.510282 -0.859868
-0.054685 -0.411268 -0.909872
-0.102887 -0.403043 -0.909379
-0.213951 -0.484612 -0.848160
-0.206258 -0.556363 -0.804934
-0.157612 -0.592155 -0.790260
-0.023535 -0.578779 -0.815145
6
0.310913 -0.769500 0.557855
0.425348 -0.733865 0.529643
0.467349 -0.755962 0.458374
0.415542 -0.835048 0.360583
0.307517 -0.870869 0.383432
0.259813 -0.833210 0.488118
6
0.494337 -0.165121 0.853443
0.475933 -0.285667 0.831795
0.405022 -0.327391 0.853682
0.300544 -0.269787 0.914816
0.321661 -0.151208 0.934703
0.396598 -0.105231 0.911941
6
-0.851513 0.462381 0.247244
-0.819543 0.443625 0.362693
-0.832795 0.375757 0.406521
-0.894889 0.267841 0.356979
-0.928415 0.278896 0.245485
-0.911129 0.364265 0.192759
6
0.198155 -0.421726 0.884806
0.295640 -0.481352 0.825165
0.253723 -0.589967 0.766527
0.128915 -0.609934 0.781896
0.082360 -0.562776 0.822496
0.118956 -0.452190 0.883953
6
-0.628385 0.435099 0.644842
-0.629154 0.348758 0.694646
-0.708335 0.252276 0.659256
-0.780463 0.287270 0.555296
-0.779334 0.347393 0.521494
-0.696704 0.454657 0.554879
6
-0.794179 -0.359711 -0.489783
-0.853508 -0.259683 -0.451763
-0.902898 -0.269460 -0.334914
-0.892324 -0.350036 -0.285014
-0.830640 -0.450980 -0.326580
-0.787244 -0.439079 -0.432963
5
0.996058 -0.088008 0.011049
0.982617 -0.169074 -0.076661
0.957883 -0.285745 -0.028464
0.953430 -0.284106 0.101264
0.979610 -0.142859 0.141263
6
0.116705 -0.241520 0.963352
0.228411 -0.307636 0.923682
0.198155 -0.421726 0.884806
0.118956 -0.452190 0.883953
0.016204 -0.387354 0.921789
0.017804 -0.300255 0.953693
6
-0.497387 0.595420 -0.630937
-0.411900 0.625916 -0.662244
-0.351706 0.716750 -0.602140
-0.407386 0.761567 -0.504036
-0.524539 0.701192 -0.482896
-0.555253 0.633828 -0.538476
6
-0.830640 -0.450980 -0.326580
-0.811091 -0.517184 -0.273227
-0.723292 -0.618765 -0.306560
-0.690866 -0.625327 -0.362864
-0.696538 -0.541474 -0.470788
-0.787244 -0.439079 -0.432963
6
-0.494261 -0.333369 -0.802852
-0.401866 -0.422869 -0.812210
-0.321538 -0.402844 -0.856930
-0.295490 -0.296959 -0.908021
-0.354865 -0.223126 -0.907902
-0.464501 -0.230277 -0.855109
6
0.941128 -0.230076 -0.247676
0.915984 -0.350649 -0.194983
0.929947 -0.358840 -0.080204
0.957883 -0.285745 -0.028464
0.982617 -0.169074 -0.076661
0.975430 -0.150188 -0.161182
6
-0.835440 -0.496493 0.235659
-0.903880 -0.389159 0.177641
-0.921679 -0.309087 0.234462
-0.890790 -0.300709 0.340685
-0.826989 -0.403119 0.391898
-0.812057 -0.495969 0.307535
6
0.924084 0.352733 0.147133
0.913090 0.405690 0.041021
0.945739 0.319374 -0.059818
0.971411 0.233496 -0.042905
0.979845 0.188548 0.065982
0.950123 0.266463 0.162062
6
-0.740931 0.296578 -0.602547
-0.747674 0.394898 -0.533890
-0.799596 0.396188 -0.451311
-0.860033 0.302251 -0.411081
-0.855429 0.203221 -0.476385
-0.786923 0.209953 -0.580235
6
0.992899 0.083314 0.084913
0.979845 0.188548 0.065982
0.971411 0.233496 -0.042905
0.979887 0.147278 -0.134651
0.991613 0.055209 -0.116853
0.999957 0.009084 -0.001878
6
0.878809 0.440375 -0.183753
0.826912 0.479547 -0.293687
0.827195 0.417648 -0.375923
0.872245 0.315403 -0.373778
0.924189 0.276812 -0.263155
0.915141 0.364631 -0.171933
6
0.730179 -0.163615 -0.663377
0.639507 -0.144449 -0.755092
0.596944 -0.192042 -0.778960
0.588539 -0.325063 -0.740240
0.635778 -0.358370 -0.683635
0.723647 -0.300034 -0.621543
6
0.129457 -0.854401 0.503230
0.082917 -0.911614 0.402597
-0.051403 -0.911964 0.407037
-0.098833 -0.869673 0.483633
-0.049780 -0.822633 0.566390
0.087077 -0.821052 0.564174
6
0.523100 0.851352 -0.039576
0.442197 0.896866 0.009646
0.358831 0.932572 -0.039378
0.354567 0.917491 -0.180255
0.478604 0.851752 -0.213205
0.511772 0.838526 -0.186985
5
-0.191674 0.962330 -0.192826
-0.276234 0.920911 -0.274986
-0.212566 0.893665 -0.395195
-0.077958 0.924086 -0.374149
-0.075045 0.967409 -0.241842
6
-0.465459 0.750870 0.468554
-0.448435 0.811929 0.373735
-0.364888 0.862450 0.350765
-0.272686 0.860963 0.429401
-0.287645 0.796877 0.531270
-0.402077 0.740001 0.539197
6
-0.377223 0.233021 0.896328
-0.285768 0.186511 0.939974
-0.283225 0.071640 0.956374
-0.395620 0.005243 0.918399
-0.453528 0.039733 0.890356
-0.466510 0.168876 0.868245
6
0.972624 -0.111268 0.204013
0.958761 -0.126808 0.254357
0.924848 -0.048620 0.377217
0.926319 0.050096 0.373394
0.955220 0.106799 0.275951
0.981607 0.045293 0.185463
6
0.941128 -0.230076 -0.247676
0.920386 -0.211324 -0.328987
0.868002 -0.284052 -0.407292
0.842640 -0.405349 -0.354472
0.869676 -0.422746 -0.254853
0.915984 -0.350649 -0.194983
5
-0.770950 -0.630069 -0.093001
-0.703234 -0.684289 -0.192901
-0.723292 -0.618765 -0.306560
-0.811091 -0.517184 -0.273227
-0.839013 -0.523211 -0.149357
6
-0.995388 0.094778 0.014834
-0.997756 -0.009420 0.066284
-0.995213 -0.097084 0.011221
-0.989107 -0.094668 -0.112717
-0.987038 0.009858 -0.160185
-0.989651 0.098494 -0.104359
6
-0.764905 -0.643590 -0.026694
-0.677634 -0.734927 0.026351
-0.609191 -0.789652 -0.073052
-0.637354 -0.748912 -0.181414
-0.703234 -0.684289 -0.192901
-0.770950 -0.630069 -0.093001
6
0.129787 -0.803530 -0.580942
0.007883 -0.796473 -0.604623
-0.060862 -0.844706 -0.531759
-0.034432 -0.892043 -0.450638
0.088419 -0.903869 -0.418572
0.164150 -0.849336 -0.501681
6
0.575481 -0.702219 0.419179
0.619375 -0.624826 0.475360
0.703952 -0.563723 0.432052
0.743257 -0.590760 0.313962
0.707527 -0.654579 0.266330
0.610632 -0.730346 0.306142
6
-0.039317 0.700984 0.712093
0.028611 0.661206 0.749659
0.018876 0.560566 0.827895
-0.092067 0.523517 0.847026
-0.168506 0.562298 0.809584
-0.160366 0.664021 0.730314
6
0.228264 0.611364 0.757713
0.203279 0.537137 0.818634
0.096042 0.511384 0.853969
0.018876 0.560566 0.827895
0.028611 0.661206 0.749659
0.150533 0.682142 0.715557
6
-0.372011 0.142671 -0.917198
-0.324267 0.262507 -0.908813
-0.351984 0.314858 -0.881460
-0.476472 0.318061 -0.819641
-0.530252 0.245195 -0.811611
-0.495221 0.138461 -0.857662
6
-0.407386 0.761567 -0.504036
-0.351706 0.716750 -0.602140
-0.258861 0.737541 -0.623718
-0.184915 0.814769 -0.549508
-0.242054 0.857536 -0.453918
-0.373973 0.811396 -0.449200
6
-0.637354 -0.748912 -0.181414
-0.609191 -0.789652 -0.073052
-0.529019 -0.846957 -0.052938
-0.453158 -0.879505 -0.145321
-0.481629 -0.838640 -0.254394
-0.566336 -0.779883 -0.266546
6
-0.498431 -0.528775 -0.686996
-0.417776 -0.519233 -0.745560
-0.401866 -0.422869 -0.812210
-0.494261 -0.333369 -0.802852
-0.567262 -0.343788 -0.748348
-0.586567 -0.442901 -0.678069
6
-0.228862 0.693875 0.682759
-0.344342 0.640221 0.686692
-0.413052 0.664331 0.622938
-0.402077 0.740001 0.539197
-0.287645 0.796877 0.531270
-0.217940 0.777435 0.589998
6
0.369176 0.772496 -0.516681
0.302059 0.778343 -0.550402
0.265107 0.705757 -0.656982
0.341098 0.631762 -0.696081
0.429051 0.619854 -0.657036
0.468110 0.689502 -0.552683
6
-0.465727 0.384778 0.796896
-0.455518 0.481463 0.748797
-0.353350 0.545700 0.759839
-0.277310 0.512192 0.812870
-0.283023 0.402536 0.870553
-0.374566 0.343606 0.861182
6
0.940515 0.210906 0.266364
0.950123 0.266463 0.162062
0.979845 0.188548 0.065982
0.992899 0.083314 0.084913
0.981607 0.045293 0.185463
0.955220 0.106799 0.275951
6
-0.894889 0.267841 0.356979
-0.894634 0.183860 0.407216
-0.931340 0.079288 0.355414
-0.966842 0.086513 0.240275
-0.965299 0.178857 0.190284
-0.928415 0.278896 0.245485
6
-0.690866 -0.625327 -0.362864
-0.723292 -0.618765 -0.306560
-0.703234 -0.684289 -0.192901
-0.637354 -0.748912 -0.181414
-0.566336 -0.779883 -0.266546
-0.583941 -0.714408 -0.385532
6
-0.321684 -0.472035 0.820794
-0.369966 -0.339123 0.864940
-0.253624 -0.279871 0.925930
-0.197321 -0.305632 0.931479
-0.154053 -0.432902 0.888180
-0.268944 -0.493130 0.827341
6
-0.559055 0.456411 -0.692204
-0.492231 0.431870 -0.755776
-0.368094 0.503246 -0.781825
-0.347867 0.566080 -0.747356
-0.411900 0.625916 -0.662244
-0.497387 0.595420 -0.630937
6
-0.549954 -0.730543 0.404793
-0.588242 -0.650372 0.480611
-0.537037 -0.625247 0.566266
-0.433601 -0.677572 0.594042
-0.391497 -0.753894 0.527611
-0.439791 -0.784512 0.437178
6
0.608854 -0.489685 0.624104
0.682454 -0.435704 0.586872
0.741298 -0.469021 0.480100
0.703952 -0.563723 0.432052
0.619375 -0.624826 0.475360
0.571408 -0.589545 0.570902
6
-0.853508 -0.259683 -0.451763
-0.849133 -0.174868 -0.498391
-0.888050 -0.074630 -0.453649
-0.938429 -0.082738 -0.335417
-0.941685 -0.171046 -0.289782
-0.902898 -0.269460 -0.334914
6
-0.962506 -0.202905 0.180034
-0.965142 -0.112193 0.236460
-0.931749 -0.111165 0.345666
-0.893562 -0.211522 0.395985
-0.890790 -0.300709 0.340685
-0.921679 -0.309087 0.234462
6
0.321570 0.377328 -0.868456
0.362899 0.464300 -0.807917
0.298184 0.550074 -0.780068
0.191033 0.555070 -0.809570
0.145274 0.466198 -0.872671
0.205054 0.382787 -0.900792
6
-0.091433 0.191713 0.977183
-0.191923 0.244254 0.950529
-0.188521 0.360126 0.913657
-0.098844 0.408579 0.907355
0.004844 0.358935 0.933350
-0.000014 0.245957 0.969281
6
-0.225958 -0.850866 0.474310
-0.274230 -0.882584 0.381895
-0.387876 -0.849265 0.358192
-0.439791 -0.784512 0.437178
-0.391497 -0.753894 0.527611
-0.273962 -0.790532 0.547726
6
-0.251939 0.942815 0.218236
-0.233852 0.964628 0.121676
-0.131224 0.988306 0.077666
-0.036795 0.987123 0.155675
-0.053318 0.964201 0.259758
-0.157184 0.941355 0.298569
6
-0.424295 0.840895 -0.335960
-0.353254 0.898879 -0.259285
-0.404973 0.903598 -0.139667
-0.481019 0.868717 -0.118120
-0.554797 0.806479 -0.204432
-0.519164 0.797648 -0.306963
6
0.706725 -0.678264 -0.201241
0.760157 -0.595536 -0.259805
0.735183 -0.575507 -0.358187
0.646801 -0.638672 -0.416828
0.593300 -0.726177 -0.347363
0.617301 -0.742703 -0.259485
6
0.198998 -0.587771 -0.784172
0.298487 -0.567670 -0.767239
0.347044 -0.489613 -0.799900
0.277265 -0.396359 -0.875228
0.182020 -0.411762 -0.892928
0.129813 -0.495483 -0.858863
6
0.751200 0.584862 0.305999
0.683448 0.682056 0.260188
0.684889 0.706054 0.180039
0.757598 0.647176 0.084896
0.821636 0.555293 0.128703
0.823293 0.525734 0.213992
6
0.311273 0.000298 -0.950321
0.193212 0.014087 -0.981056
0.131426 -0.095542 -0.986711
0.202784 -0.199163 -0.958756
0.268100 -0.200732 -0.942247
0.349718 -0.084743 -0.933014
6
0.926319 0.050096 0.373394
0.924848 -0.048620 0.377217
0.880174 -0.112442 0.461140
0.838668 -0.076721 0.539212
0.829973 0.053839 0.555199
0.880548 0.112944 0.460302
6
0.029821 0.463249 -0.885726
0.145274 0.466198 -0.872671
0.191033 0.555070 -0.809570
0.124686 0.629654 -0.766804
0.006844 0.621864 -0.783095
-0.036267 0.551156 -0.833614
6
-0.448435 0.811929 0.373735
-0.548920 0.790475 0.271728
-0.549876 0.804017 0.226259
-0.443859 0.882084 0.157851
-0.346673 0.902962 0.253922
-0.364888 0.862450 0.350765
6
0.209622 -0.086202 0.973975
0.124476 -0.137915 0.982591
0.014897 -0.073877 0.997156
0.012397 0.021383 0.999695
0.114097 0.091570 0.989240
0.219408 0.029131 0.975198
6
0.996058 -0.088008 0.011049
0.979610 -0.142859 0.141263
0.972624 -0.111268 0.204013
0.981607 0.045293 0.185463
0.992899 0.083314 0.084913
0.999957 0.009084 -0.001878
6
-0.588242 -0.650372 0.480611
-0.549954 -0.730543 0.404793
-0.586796 -0.743887 0.319847
-0.688458 -0.670988 0.275320
-0.723876 -0.589029 0.359234
-0.686548 -0.577574 0.441656
6
-0.549240 -0.143386 0.823271
-0.453518 -0.182801 0.872299
-0.419780 -0.313942 0.851602
-0.525917 -0.363780 0.768814
-0.571306 -0.335462 0.749049
-0.603621 -0.204442 0.770613
6
-0.215135 -0.608176 0.764094
-0.268944 -0.493130 0.827341
-0.154053 -0.432902 0.888180
-0.098857 -0.452640 0.886197
-0.050611 -0.567049 0.822128
-0.097635 -0.620806 0.777861
6
-0.524360 0.588270 0.615618
-0.413052 0.664331 0.622938
-0.344342 0.640221 0.686692
-0.353350 0.545700 0.759839
-0.455518 0.481463 0.748797
-0.536638 0.519628 0.664836
6
0.004844 0.358935 0.933350
-0.098844 0.408579 0.907355
-0.092067 0.523517 0.847026
0.018876 0.560566 0.827895
0.096042 0.511384 0.853969
0.087198 0.400703 0.912049
6
-0.028297 0.784395 0.619616
0.091640 0.805491 0.585480
0.170575 0.751493 0.637309
0.150533 0.682142 0.715557
0.028611 0.661206 0.749659
-0.039317 0.700984 0.712093
5
0.870203 -0.237458 0.431695
0.880174 -0.112442 0.461140
0.924848 -0.048620 0.377217
0.958761 -0.126808 0.254357
0.914736 -0.257971 0.310981
6
0.549911 -0.815215 -0.181721
0.447682 -0.862673 -0.235323
0.373521 -0.912277 -0.168024
0.387739 -0.920067 -0.055983
0.484905 -0.874525 -0.008525
0.565427 -0.819413 -0.094098
6
0.604987 0.796208 0.006608
0.602411 0.787824 0.128198
0.525376 0.830122 0.186757
0.438572 0.888775 0.133163
0.442197 0.896866 0.009646
0.523100 0.851352 -0.039576
6
0.529745 0.675668 -0.512683
0.616945 0.573365 -0.539102
0.692868 0.554059 -0.461467
0.700057 0.606112 -0.377557
0.606886 0.711024 -0.355155
0.562234 0.728228 -0.391888
6
0.593300 -0.726177 -0.347363
0.646801 -0.638672 -0.416828
0.613165 -0.611945 -0.499551
0.509605 -0.662306 -0.549230
0.457331 -0.737516 -0.496909
0.490781 -0.774782 -0.398556
6
0.630809 0.343020 -0.696001
0.657453 0.407345 -0.633897
0.596308 0.513099 -0.617371
0.501739 0.528988 -0.684419
0.470494 0.453512 -0.756943
0.525866 0.360997 -0.770160
5
-0.368094 0.503246 -0.781825
-0.492231 0.431870 -0.755776
-0.476472 0.318061 -0.819641
-0.351984 0.314858 -0.881460
-0.298695 0.428201 -0.852892
6
0.647405 -0.163654 0.744368
0.571532 -0.113099 0.812748
0.574474 0.001426 0.818522
0.656978 0.063267 0.751251
0.713220 0.027717 0.700392
0.722712 -0.103244 0.683394
6
-0.151832 0.187792 -0.970402
-0.019179 0.178889 -0.983682
0.036143 0.286936 -0.957268
-0.021263 0.371887 -0.928034
-0.132814 0.365104 -0.921444
-0.188873 0.255458 -0.948192
6
0.666348 0.744443 -0.042249
0.747571 0.664150 0.006568
0.757598 0.647176 0.084896
0.684889 0.706054 0.180039
0.602411 0.787824 0.128198
0.604987 0.796208 0.006608
6
-0.786923 0.209953 -0.580235
-0.855429 0.203221 -0.476385
-0.889950 0.113644 -0.441672
-0.869419 0.014932 -0.493850
-0.798258 0.022435 -0.601898
-0.765815 0.115051 -0.632686
6
0.311652 -0.950194 0.002126
0.200035 -0.979058 -0.037844
0.118469 -0.991521 0.053394
0.142986 -0.979190 0.144020
0.294084 -0.939225 0.177119
0.319117 -0.934133 0.159873
6
-0.547990 -0.630745 -0.549425
-0.544540 -0.716326 -0.436294
-0.426053 -0.787123 -0.446001
-0.374790 -0.779424 -0.502026
-0.385670 -0.696477 -0.605126
-0.506603 -0.625435 -0.593451
6
0.610601 -0.476971 -0.632191
0.635778 -0.358370 -0.683635
0.588539 -0.325063 -0.740240
0.484672 -0.375123 -0.790174
0.449876 -0.454394 -0.768855
0.506664 -0.527990 -0.681556
6
0.186074 0.965917 -0.179945
0.303704 0.927682 -0.217186
0.354567 0.917491 -0.180255
0.358831 0.932572 -0.039378
0.266406 0.963839 0.006489
0.175096 0.983103 -0.053390
6
0.012397 0.021383 0.999695
0.014897 -0.073877 0.997156
-0.084036 -0.141898 0.986308
-0.189940 -0.081168 0.978435
-0.196042 0.017403 0.980441
-0.091647 0.083567 0.992279
6
-0.231110 -0.890998 -0.390781
-0.112558 -0.923999 -0.365454
-0.034432 -0.892043 -0.450638
-0.060862 -0.844706 -0.531759
-0.194536 -0.813133 -0.548607
-0.248186 -0.830304 -0.498998
6
-0.035447 -0.975134 0.218762
0.076323 -0.970090 0.230434
0.142986 -0.979190 0.144020
0.118469 -0.991521 0.053394
0.001668 -0.999824 0.018681
-0.080479 -0.989503 0.120028
6
-0.594658 0.620871 0.510784
-0.575861 0.673785 0.463032
-0.465459 0.750870 0.468554
-0.402077 0.740001 0.539197
-0.413052 0.664331 0.622938
-0.524360 0.588270 0.615618
6
0.254262 -0.911687 0.322765
0.123352 -0.933140 0.337689
0.082917 -0.911614 0.402597
0.129457 -0.854401 0.503230
0.259813 -0.833210 0.488118
0.307517 -0.870869 0.383432
6
-0.506603 -0.625435 -0.593451
-0.385670 -0.696477 -0.605126
-0.329170 -0.679242 -0.655956
-0.333898 -0.587754 -0.736924
-0.417776 -0.519233 -0.745560
-0.498431 -0.528775 -0.686996
6
-0.102252 -0.945488 0.309189
-0.051403 -0.911964 0.407037
0.082917 -0.911614 0.402597
0.123352 -0.933140 0.337689
0.076323 -0.970090 0.230434
-0.035447 -0.975134 0.218762
6
-0.495221 0.138461 -0.857662
-0.530252 0.245195 -0.811611
-0.626664 0.242322 -0.740657
-0.675804 0.120270 -0.727203
-0.640835 0.046335 -0.766279
-0.538351 0.052249 -0.841099
6
0.629798 0.746966 -0.213063
0.657508 0.730251 -0.185517
0.666348 0.744443 -0.042249
0.604987 0.796208 0.006608
0.523100 0.851352 -0.039576
0.511772 0.838526 -0.186985
6
-0.283225 0.071640 0.956374
-0.196042 0.017403 0.980441
-0.189940 -0.081168 0.978435
-0.285735 -0.152252 0.946137
-0.374248 -0.115281 0.920135
-0.395620 0.005243 0.918399
6
-0.272879 -0.660259 0.699711
-0.372906 -0.633722 0.677745
-0.427131 -0.521480 0.738660
-0.321684 -0.472035 0.820794
-0.268944 -0.493130 0.827341
-0.215135 -0.608176 0.764094
6
-0.731672 -0.105130 0.673501
-0.830749 -0.108183 0.546033
-0.860360 -0.017647 0.509381
-0.825177 0.083895 0.558609
-0.762127 0.078650 0.642632
-0.720043 -0.045443 0.692439
6
0.929166 -0.338877 0.147689
0.953430 -0.284106 0.101264
0.957883 -0.285745 -0.028464
0.929947 -0.358840 -0.080204
0.889079 -0.456738 -0.030481
0.883671 -0.457663 0.098334
6
0.456426 -0.494024 0.740011
0.373598 -0.447893 0.812291
0.405022 -0.327391 0.853682
0.475933 -0.285667 0.831795
0.565118 -0.334490 0.754160
0.538108 -0.448749 0.713487
6
0.827809 -0.523888 -0.200682
0.840442 -0.535188 -0.085031
0.889079 -0.456738 -0.030481
0.929947 -0.358840 -0.080204
0.915984 -0.350649 -0.194983
0.869676 -0.422746 -0.254853
5
-0.465459 0.750870 0.468554
-0.575861 0.673785 0.463032
-0.630821 0.695754 0.343499
-0.548920 0.790475 0.271728
-0.448435 0.811929 0.373735
6
0.022402 0.901955 0.431249
0.038414 0.942948 0.330717
0.144777 0.947409 0.285405
0.234026 0.908285 0.346771
0.218062 0.867482 0.447129
0.109033 0.863198 0.492951
6
-0.354865 -0.223126 -0.907902
-0.321674 -0.112191 -0.940180
-0.371040 -0.037678 -0.927852
-0.491744 -0.045283 -0.869562
-0.525256 -0.138620 -0.839578
-0.464501 -0.230277 -0.855109
6
0.199135 0.839755 -0.505130
0.215771 0.893510 -0.393804
0.115762 0.931136 -0.345810
-0.010639 0.905303 -0.424633
-0.005264 0.881375 -0.472388
0.116318 0.830924 -0.544091
6
0.118469 -0.991521 0.053394
0.200035 -0.979058 -0.037844
0.177871 -0.976040 -0.125327
0.057285 -0.984273 -0.167110
-0.026737 -0.997519 -0.065128
0.001668 -0.999824 0.018681
6
-0.321684 -0.472035 0.820794
-0.427131 -0.521480 0.738660
-0.478408 -0.495405 0.725051
-0.525917 -0.363780 0.768814
-0.419780 -0.313942 0.851602
-0.369966 -0.339123 0.864940
6
-0.404973 0.903598 -0.139667
-0.317042 0.947047 -0.050860
-0.330401 0.943334 0.030904
-0.437652 0.894654 0.089746
-0.521590 0.853190 -0.003336
-0.481019 0.868717 -0.118120
6
-0.958677 0.015699 -0.284065
-0.987038 0.009858 -0.160185
-0.989107 -0.094668 -0.112717
-0.970797 -0.176218 -0.162787
-0.941685 -0.171046 -0.289782
-0.938429 -0.082738 -0.335417
6
0.656995 -0.753013 -0.036463
0.652398 -0.753077 0.085160
0.730373 -0.669056 0.137549
0.782882 -0.615205 0.092835
0.788166 -0.614484 -0.034685
0.718132 -0.690011 -0.090395
7
-0.626664 0.242322 -0.740657
-0.530252 0.245195 -0.811611
-0.476472 0.318061 -0.819641
-0.492231 0.431870 -0.755776
-0.559055 0.456411 -0.692204
-0.579937 0.445738 -0.681903
-0.652843 0.302040 -0.694671
6
-0.900632 0.301149 -0.313322
-0.886537 0.394489 -0.241725
-0.907205 0.394185 -0.146959
-0.952565 0.289937 -0.092507
-0.967311 0.201783 -0.153600
-0.941782 0.204280 -0.267052
5
0.497989 -0.863717 0.077464
0.404263 -0.898014 0.173618
0.455409 -0.841956 0.289332
0.570504 -0.780015 0.257102
0.591422 -0.795735 0.130486
6
0.529745 0.675668 -0.512683
0.468110 0.689502 -0.552683
0.429051 0.619854 -0.657036
0.501739 0.528988 -0.684419
0.596308 0.513099 -0.617371
0.616945 0.573365 -0.539102
6
0.562234 0.728228 -0.391888
0.454262 0.815834 -0.357855
0.401220 0.827947 -0.391824
0.369176 0.772496 -0.516681
0.468110 0.689502 -0.552683
0.529745 0.675668 -0.512683
6
0.109033 0.863198 0.492951
0.218062 0.867482 0.447129
0.303135 0.809686 0.502511
0.283664 0.755707 0.590289
0.170575 0.751493 0.637309
0.091640 0.805491 0.585480
6
0.751200 0.584862 0.305999
0.739125 0.548986 0.390267
0.656060 0.591654 0.468542
0.586246 0.689996 0.424526
0.597254 0.723687 0.345781
0.683448 0.682056 0.260188
6
0.137638 -0.662898 -0.735949
0.198066 -0.734716 -0.648816
0.302260 -0.717886 -0.627119
0.357812 -0.642463 -0.677652
0.298487 -0.567670 -0.767239
0.198998 -0.587771 -0.784172
6
0.656978 0.063267 0.751251
0.574474 0.001426 0.818522
0.486976 0.062618 0.871168
0.484048 0.161889 0.859936
0.564452 0.225939 0.793943
0.630374 0.193301 0.751840
6
0.755545 0.222103 0.616298
0.783630 0.089811 0.614702
0.713220 0.027717 0.700392
0.656978 0.063267 0.751251
0.630374 0.193301 0.751840
0.698697 0.254881 0.668475
6
-0.623369 -0.148041 -0.767786
-0.673213 -0.064064 -0.736668
-0.761829 -0.072985 -0.643654
-0.780352 -0.163198 -0.603670
-0.722509 -0.263780 -0.639063
-0.644398 -0.249577 -0.722816
6
0.088419 -0.903869 -0.418572
0.114644 -0.933004 -0.341117
0.236642 -0.924723 -0.298142
0.311800 -0.870133 -0.381640
0.282501 -0.838788 -0.465434
0.164150 -0.849336 -0.501681
6
-0.780352 -0.163198 -0.603670
-0.761829 -0.072985 -0.643654
-0.798258 0.022435 -0.601898
-0.869419 0.014932 -0.493850
-0.888050 -0.074630 -0.453649
-0.849133 -0.174868 -0.498391
6
-0.063360 0.705244 -0.706127
-0.034348 0.751501 -0.658837
-0.103705 0.819619 -0.563444
-0.184915 0.814769 -0.549508
-0.258861 0.737541 -0.623718
-0.192423 0.672139 -0.714984
6
0.078749 0.996815 -0.012602
0.175096 0.983103 -0.053390
0.266406 0.963839 0.006489
0.256178 0.958358 0.126189
0.158000 0.972053 0.173633
0.067547 0.991449 0.111649
6
0.373598 -0.447893 0.812291
0.295640 -0.481352 0.825165
0.198155 -0.421726 0.884806
0.228411 -0.307636 0.923682
0.300544 -0.269787 0.914816
0.405022 -0.327391 0.853682
6
0.302059 0.778343 -0.550402
0.199135 0.839755 -0.505130
0.116318 0.830924 -0.544091
0.090167 0.768252 -0.633766
0.163879 0.708257 -0.686670
0.265107 0.705757 -0.656982
6
-0.220707 -0.744857 0.629664
-0.273962 -0.790532 0.547726
-0.391497 -0.753894 0.527611
-0.433601 -0.677572 0.594042
-0.372906 -0.633722 0.677745
-0.272879 -0.660259 0.699711
6
0.790586 0.441013 0.424831
0.767954 0.396534 0.502998
0.685418 0.436626 0.582718
0.631127 0.544209 0.552734
0.656060 0.591654 0.468542
0.739125 0.548986 0.390267
6
-0.566773 -0.531745 0.629298
-0.478408 -0.495405 0.725051
-0.427131 -0.521480 0.738660
-0.372906 -0.633722 0.677745
-0.433601 -0.677572 0.594042
-0.537037 -0.625247 0.566266
6
-0.651340 -0.446587 -0.613446
-0.730191 -0.347168 -0.588469
-0.794179 -0.359711 -0.489783
-0.787244 -0.439079 -0.432963
-0.696538 -0.541474 -0.470788
-0.659354 -0.540305 -0.522803
5
-0.652843 0.302040 -0.694671
-0.579937 0.445738 -0.681903
-0.674257 0.479319 -0.561810
-0.747674 0.394898 -0.533890
-0.740931 0.296578 -0.602547
6
-0.231110 -0.890998 -0.390781
-0.248186 -0.830304 -0.498998
-0.374790 -0.779424 -0.502026
-0.426053 -0.787123 -0.446001
-0.406516 -0.850086 -0.334811
-0.305444 -0.897477 -0.318182
6
0.652797 -0.509685 -0.560426
0.610601 -0.476971 -0.632191
0.506664 -0.527990 -0.681556
0.464780 -0.607635 -0.644018
0.509605 -0.662306 -0.549230
0.613165 -0.611945 -0.499551
6
-0.939193 0.107083 -0.326266
-0.941782 0.204280 -0.267052
-0.967311 0.201783 -0.153600
-0.989651 0.098494 -0.104359
-0.987038 0.009858 -0.160185
-0.958677 0.015699 -0.284065
6
0.610632 -0.730346 0.306142
0.570504 -0.780015 0.257102
0.455409 -0.841956 0.289332
0.415542 -0.835048 0.360583
0.467349 -0.755962 0.458374
0.575481 -0.702219 0.419179
6
0.007883 -0.796473 -0.604623
-0.024762 -0.734404 -0.678260
-0.151280 -0.707843 -0.689980
-0.203921 -0.730164 -0.652132
-0.194536 -0.813133 -0.548607
-0.060862 -0.844706 -0.531759
6
-0.387876 -0.849265 0.358192
-0.274230 -0.882584 0.381895
-0.212352 -0.931436 0.295522
-0.259626 -0.945567 0.196209
-0.360354 -0.916287 0.174824
-0.427153 -0.863994 0.266562
6
-0.160366 0.664021 0.730314
-0.168506 0.562298 0.809584
-0.277310 0.512192 0.812870
-0.353350 0.545700 0.759839
-0.344342 0.640221 0.686692
-0.228862 0.693875 0.682759
6
0.419710 -0.285457 -0.861602
0.337140 -0.297980 -0.893054
0.277265 -0.396359 -0.875228
0.347044 -0.489613 -0.799900
0.449876 -0.454394 -0.768855
0.484672 -0.375123 -0.790174
6
-0.533964 -0.813352 0.230957
-0.561951 -0.813948 0.147310
-0.660864 -0.743524 0.102130
-0.712941 -0.672848 0.197463
-0.688458 -0.670988 0.275320
-0.586796 -0.743887 0.319847
6
-0.567746 -0.025301 0.822815
-0.453528 0.039733 0.890356
-0.395620 0.005243 0.918399
-0.374248 -0.115281 0.920135
-0.453518 -0.182801 0.872299
-0.549240 -0.143386 0.823271
6
0.067547 0.991449 0.111649
0.158000 0.972053 0.173633
0.144777 0.947409 0.285405
0.038414 0.942948 0.330717
-0.053318 0.964201 0.259758
-0.036795 0.987123 0.155675
6
0.029347 -0.099872 -0.994567
0.131426 -0.095542 -0.986711
0.193212 0.014087 -0.981056
0.150936 0.092888 -0.984170
0.022689 0.103940 -0.994325
-0.032210 -0.004744 -0.999470
6
0.538108 -0.448749 0.713487
0.565118 -0.334490 0.754160
0.634353 -0.283457 0.719200
0.708672 -0.323369 0.627070
0.682454 -0.435704 0.586872
0.608854 -0.489685 0.624104
6
0.128915 -0.609934 0.781896
0.253723 -0.589967 0.766527
0.308742 -0.638903 0.704615
0.262139 -0.725497 0.636347
0.130468 -0.745541 0.653564
0.088072 -0.704285 0.704433
6
0.310913 -0.769500 0.557855
0.259813 -0.833210 0.488118
0.129457 -0.854401 0.503230
0.087077 -0.821052 0.564174
0.130468 -0.745541 0.653564
0.262139 -0.725497 0.636347
6
0.937848 0.103704 -0.331189
0.949687 0.190549 -0.248569
0.924189 0.276812 -0.263155
0.872245 0.315403 -0.373778
0.858886 0.244545 -0.450014
0.890526 0.130982 -0.435669
6
-0.712941 -0.672848 0.197463
-0.660864 -0.743524 0.102130
-0.677634 -0.734927 0.026351
-0.764905 -0.643590 -0.026694
-0.816024 -0.573381 0.073073
-0.802827 -0.578898 0.142641
6
-0.023535 -0.578779 -0.815145
0.045485 -0.668355 -0.742450
0.137638 -0.662898 -0.735949
0.198998 -0.587771 -0.784172
0.129813 -0.495483 -0.858863
0.015465 -0.510282 -0.859868
6
0.571408 -0.589545 0.570902
0.619375 -0.624826 0.475360
0.575481 -0.702219 0.419179
0.467349 -0.755962 0.458374
0.425348 -0.733865 0.529643
0.469551 -0.638858 0.609411
6
0.565427 -0.819413 -0.094098
0.656995 -0.753013 -0.036463
0.718132 -0.690011 -0.090395
0.706725 -0.678264 -0.201241
0.617301 -0.742703 -0.259485
0.549911 -0.815215 -0.181721
6
0.349718 -0.084743 -0.933014
0.268100 -0.200732 -0.942247
0.337140 -0.297980 -0.893054
0.419710 -0.285457 -0.861602
0.482364 -0.171932 -0.858932
0.457430 -0.105460 -0.882970
6
-0.646007 -0.467161 0.603685
-0.566773 -0.531745 0.629298
-0.537037 -0.625247 0.566266
-0.588242 -0.650372 0.480611
-0.686548 -0.577574 0.441656
-0.707793 -0.488501 0.510290
6
-0.816024 -0.573381 0.073073
-0.764905 -0.643590 -0.026694
-0.770950 -0.630069 -0.093001
-0.839013 -0.523211 -0.149357
-0.878944 -0.465156 -0.105293
-0.886028 -0.463414 0.014246
6
0.410332 0.532061 0.740634
0.345763 0.421360 0.838394
0.306205 0.428197 0.850227
0.203279 0.537137 0.818634
0.228264 0.611364 0.757713
0.339276 0.616120 0.710836
6
-0.646007 -0.467161 0.603685
-0.658826 -0.372644 0.653517
-0.571306 -0.335462 0.749049
-0.525917 -0.363780 0.768814
-0.478408 -0.495405 0.725051
-0.566773 -0.531745 0.629298
6
-0.188873 0.255458 -0.948192
-0.324267 0.262507 -0.908813
-0.372011 0.142671 -0.917198
-0.332649 0.075409 -0.940031
-0.203077 0.078305 -0.976027
-0.151832 0.187792 -0.970402
6
0.163879 0.708257 -0.686670
0.090167 0.768252 -0.633766
-0.034348 0.751501 -0.658837
-0.063360 0.705244 -0.706127
0.006844 0.621864 -0.783095
0.124686 0.629654 -0.766804
5
-0.831404 0.548231 0.090614
-0.762778 0.645712 0.035014
-0.695940 0.704189 0.140661
-0.724472 0.636906 0.263614
-0.822400 0.533710 0.197007
6
-0.549954 -0.730543 0.404793
-0.439791 -0.784512 0.437178
-0.387876 -0.849265 0.358192
-0.427153 -0.863994 0.266562
-0.533964 -0.813352 0.230957
-0.586796 -0.743887 0.319847
6
0.326780 0.191738 -0.925446
0.370208 0.104852 -0.923013
0.485484 0.087924 -0.869813
0.531755 0.185446 -0.826345
0.489142 0.275168 -0.827661
0.374957 0.288323 -0.881066
6
-0.371040 -0.037678 -0.927852
-0.321674 -0.112191 -0.940180
-0.197277 -0.105029 -0.974705
-0.151928 -0.008351 -0.988356
-0.203077 0.078305 -0.976027
-0.332649 0.075409 -0.940031
6
-0.839013 -0.523211 -0.149357
-0.811091 -0.517184 -0.273227
-0.830640 -0.450980 -0.326580
-0.892324 -0.350036 -0.285014
-0.920947 -0.355804 -0.158936
-0.878944 -0.465156 -0.105293
6
0.718132 -0.690011 -0.090395
0.788166 -0.614484 -0.034685
0.840442 -0.535188 -0.085031
0.827809 -0.523888 -0.200682
0.760157 -0.595536 -0.259805
0.706725 -0.678264 -0.201241
6
0.924084 0.352733 0.147133
0.869921 0.425951 0.248602
0.823293 0.525734 0.213992
0.821636 0.555293 0.128703
0.878333 0.477351 0.025849
0.913090 0.405690 0.041021
6
0.722712 -0.103244 0.683394
0.713220 0.027717 0.700392
0.783630 0.089811 0.614702
0.829973 0.053839 0.555199
0.838668 -0.076721 0.539212
0.776696 -0.138934 0.614362
6
0.457331 -0.737516 -0.496909
0.348698 -0.769709 -0.534750
0.282501 -0.838788 -0.465434
0.311800 -0.870133 -0.381640
0.426219 -0.840464 -0.334600
0.490781 -0.774782 -0.398556
6
0.106046 0.965023 -0.239762
-0.002467 0.980187 -0.198061
-0.075045 0.967409 -0.241842
-0.077958 0.924086 -0.374149
-0.010639 0.905303 -0.424633
0.115762 0.931136 -0.345810
6
-0.285735 -0.152252 0.946137
-0.253624 -0.279871 0.925930
-0.369966 -0.339123 0.864940
-0.419780 -0.313942 0.851602
-0.453518 -0.182801 0.872299
-0.374248 -0.115281 0.920135
6
0.014897 -0.073877 0.997156
0.124476 -0.137915 0.982591
0.116705 -0.241520 0.963352
0.017804 -0.300255 0.953693
-0.079295 -0.238859 0.967811
-0.084036 -0.141898 0.986308
6
0.266406 0.963839 0.006489
0.358831 0.932572 -0.039378
0.442197 0.896866 0.009646
0.438572 0.888775 0.133163
0.347773 0.918744 0.186984
0.256178 0.958358 0.126189
6
0.880548 0.112944 0.460302
0.864323 0.225797 0.449401
0.892613 0.274597 0.357545
0.940515 0.210906 0.266364
0.955220 0.106799 0.275951
0.926319 0.050096 0.373394
6
0.692868 0.554059 -0.461467
0.759078 0.446920 -0.473354
0.827195 0.417648 -0.375923
0.826912 0.479547 -0.293687
0.762599 0.579509 -0.287423
0.700057 0.606112 -0.377557
6
0.878333 0.477351 0.025849
0.821636 0.555293 0.128703
0.757598 0.647176 0.084896
0.747571 0.664150 0.006568
0.802464 0.588921 -0.096040
0.846761 0.525228 -0.084451
6
0.617301 -0.742703 -0.259485
0.593300 -0.726177 -0.347363
0.490781 -0.774782 -0.398556
0.426219 -0.840464 -0.334600
0.447682 -0.862673 -0.235323
0.549911 -0.815215 -0.181721
6
0.606886 0.711024 -0.355155
0.629798 0.746966 -0.213063
0.511772 0.838526 -0.186985
0.478604 0.851752 -0.213205
0.454262 0.815834 -0.357855
0.562234 0.728228 -0.391888
6
-0.006666 0.997651 -0.068183
0.078749 0.996815 -0.012602
0.067547 0.991449 0.111649
-0.036795 0.987123 0.155675
-0.131224 0.988306 0.077666
-0.114851 0.993153 -0.021378
6
-0.080479 -0.989503 0.120028
-0.184035 -0.977873 0.099480
-0.259626 -0.945567 0.196209
-0.212352 -0.931436 0.295522
-0.102252 -0.945488 0.309189
-0.035447 -0.975134 0.218762
6
-0.524360 0.588270 0.615618
-0.536638 0.519628 0.664836
-0.628385 0.435099 0.644842
-0.696704 0.454657 0.554879
-0.689271 0.532417 0.491363
-0.594658 0.620871 0.510784
6
0.057285 -0.984273 -0.167110
0.032723 -0.968828 -0.245564
-0.087896 -0.955477 -0.281669
-0.170688 -0.967609 -0.186008
-0.142488 -0.984871 -0.098618
-0.026737 -0.997519 -0.065128
6
-0.902898 -0.269460 -0.334914
-0.941685 -0.171046 -0.289782
-0.970797 -0.176218 -0.162787
-0.952069 -0.284464 -0.112447
-0.920947 -0.355804 -0.158936
-0.892324 -0.350036 -0.285014
6
-0.785454 -0.297072 0.542965
-0.729909 -0.292887 0.617616
-0.658826 -0.372644 0.653517
-0.646007 -0.467161 0.603685
-0.707793 -0.488501 0.510290
-0.787639 -0.399209 0.469316
6
-0.098844 0.408579 0.907355
-0.188521 0.360126 0.913657
-0.283023 0.402536 0.870553
-0.277310 0.512192 0.812870
-0.168506 0.562298 0.809584
-0.092067 0.523517 0.847026
6
-0.295490 -0.296959 -0.908021
-0.177266 -0.286468 -0.941548
-0.135401 -0.206077 -0.969123
-0.197277 -0.105029 -0.974705
-0.321674 -0.112191 -0.940180
-0.354865 -0.223126 -0.907902
6
0.823293 0.525734 0.213992
0.869921 0.425951 0.248602
0.859948 0.386392 0.333451
0.790586 0.441013 0.424831
0.739125 0.548986 0.390267
0.751200 0.584862 0.305999
5
-0.729909 -0.292887 0.617616
-0.708427 -0.162889 0.686730
-0.603621 -0.204442 0.770613
-0.571306 -0.335462 0.749049
-0.658826 -0.372644 0.653517
6
0.032723 -0.968828 -0.245564
0.057285 -0.984273 -0.167110
0.177871 -0.976040 -0.125327
0.258998 -0.941309 -0.216466
0.236642 -0.924723 -0.298142
0.114644 -0.933004 -0.341117
6
-0.100097 0.815667 0.569797
-0.086423 0.879695 0.467620
0.022402 0.901955 0.431249
0.109033 0.863198 0.492951
0.091640 0.805491 0.585480
-0.028297 0.784395 0.619616
6
0.418845 -0.604972 0.677184
0.308742 -0.638903 0.704615
0.253723 -0.589967 0.766527
0.295640 -0.481352 0.825165
0.373598 -0.447893 0.812291
0.456426 -0.494024 0.740011
6
0.345763 0.421360 0.838394
0.410332 0.532061 0.740634
0.501792 0.511827 0.697308
0.558104 0.406867 0.723172
0.523514 0.347312 0.778016
0.396190 0.363952 0.842955
6
-0.184035 -0.977873 0.099480
-0.224467 -0.974480 0.001882
-0.325788 -0.945214 -0.020812
-0.401501 -0.912907 0.073464
-0.360354 -0.916287 0.174824
-0.259626 -0.945567 0.196209
6
0.656060 0.591654 0.468542
0.631127 0.544209 0.552734
0.540362 0.573989 0.615260
0.469999 0.670798 0.573699
0.488609 0.715352 0.499533
0.586246 0.689996 0.424526
6
-0.346673 0.902962 0.253922
-0.443859 0.882084 0.157851
-0.437652 0.894654 0.089746
-0.330401 0.943334 0.030904
-0.233852 0.964628 0.121676
-0.251939 0.942815 0.218236
6
-0.217940 0.777435 0.589998
-0.287645 0.796877 0.531270
-0.272686 0.860963 0.429401
-0.173943 0.899020 0.401878
-0.086423 0.879695 0.467620
-0.100097 0.815667 0.569797
6
0.978507 -0.030402 -0.203962
0.991613 0.055209 -0.116853
0.979887 0.147278 -0.134651
0.949687 0.190549 -0.248569
0.937848 0.103704 -0.331189
0.953601 -0.006942 -0.300993
6
-0.203077 0.078305 -0.976027
-0.151928 -0.008351 -0.988356
-0.032210 -0.004744 -0.999470
0.022689 0.103940 -0.994325
-0.019179 0.178889 -0.983682
-0.151832 0.187792 -0.970402
6
0.565427 -0.819413 -0.094098
0.484905 -0.874525 -0.008525
0.497989 -0.863717 0.077464
0.591422 -0.795735 0.130486
0.652398 -0.753077 0.085160
0.656995 -0.753013 -0.036463
5
0.197735 0.340858 0.919085
0.087198 0.400703 0.912049
0.096042 0.511384 0.853969
0.203279 0.537137 0.818634
0.306205 0.428197 0.850227
6
0.321661 -0.151208 0.934703
0.300544 -0.269787 0.914816
0.228411 -0.307636 0.923682
0.116705 -0.241520 0.963352
0.124476 -0.137915 0.982591
0.209622 -0.086202 0.973975
6
0.396598 -0.105231 0.911941
0.321661 -0.151208 0.934703
0.209622 -0.086202 0.973975
0.219408 0.029131 0.975198
0.299415 0.073219 0.951309
0.406225 0.006998 0.913746
6
0.608854 -0.489685 0.624104
0.571408 -0.589545 0.570902
0.469551 -0.638858 0.609411
0.418845 -0.604972 0.677184
0.456426 -0.494024 0.740011
0.538108 -0.448749 0.713487
6
0.743257 -0.590760 0.313962
0.820437 -0.504437 0.269121
0.844238 -0.516355 0.143668
0.782882 -0.615205 0.092835
0.730373 -0.669056 0.137549
0.707527 -0.654579 0.266330
6
-0.989651 0.098494 -0.104359
-0.967311 0.201783 -0.153600
-0.952565 0.289937 -0.092507
-0.957607 0.287408 0.019617
-0.980070 0.184984 0.072417
-0.995388 0.094778 0.014834
6
0.591422 -0.795735 0.130486
0.570504 -0.780015 0.257102
0.610632 -0.730346 0.306142
0.707527 -0.654579 0.266330
0.730373 -0.669056 0.137549
0.652398 -0.753077 0.085160
6
0.735183 -0.575507 -0.358187
0.760157 -0.595536 -0.259805
0.827809 -0.523888 -0.200682
0.869676 -0.422746 -0.254853
0.842640 -0.405349 -0.354472
0.776082 -0.473243 -0.416817
6
-0.028297 0.784395 0.619616
-0.039317 0.700984 0.712093
-0.160366 0.664021 0.730314
-0.228862 0.693875 0.682759
-0.217940 0.777435 0.589998
-0.100097 0.815667 0.569797
6
-0.812057 -0.495969 0.307535
-0.826989 -0.403119 0.391898
-0.787639 -0.399209 0.469316
-0.707793 -0.488501 0.510290
-0.686548 -0.577574 0.441656
-0.723876 -0.589029 0.359234
6
-0.220085 0.617112 -0.755470
-0.192423 0.672139 -0.714984
-0.258861 0.737541 -0.623718
-0.351706 0.716750 -0.602140
-0.411900 0.625916 -0.662244
-0.347867 0.566080 -0.747356
6
-0.842515 0.173331 0.510025
-0.825177 0.083895 0.558609
-0.860360 -0.017647 0.509381
-0.915916 -0.011477 0.401206
-0.931340 0.079288 0.355414
-0.894634 0.183860 0.407216
5
-0.177266 -0.286468 -0.941548
-0.295490 -0.296959 -0.908021
-0.321538 -0.402844 -0.856930
-0.213951 -0.484612 -0.848160
-0.102887 -0.403043 -0.909379
6
0.652718 0.381974 0.654259
0.558104 0.406867 0.723172
0.501792 0.511827 0.697308
0.540362 0.573989 0.615260
0.631127 0.544209 0.552734
0.685418 0.436626 0.582718
6
0.913090 0.405690 0.041021
0.878333 0.477351 0.025849
0.846761 0.525228 -0.084451
0.878809 0.440375 -0.183753
0.915141 0.364631 -0.171933
0.945739 0.319374 -0.059818
6
0.016204 -0.387354 0.921789
-0.098857 -0.452640 0.886197
-0.154053 -0.432902 0.888180
-0.197321 -0.305632 0.931479
-0.079295 -0.238859 0.967811
0.017804 -0.300255 0.953693
6
-0.481019 0.868717 -0.118120
-0.521590 0.853190 -0.003336
-0.596064 0.802748 0.017398
-0.666480 0.741342 -0.078843
-0.645298 0.746384 -0.162792
-0.554797 0.806479 -0.204432
6
-0.623369 -0.148041 -0.767786
-0.644398 -0.249577 -0.722816
-0.567262 -0.343788 -0.748348
-0.494261 -0.333369 -0.802852
-0.464501 -0.230277 -0.855109
-0.525256 -0.138620 -0.839578
6
0.447682 -0.862673 -0.235323
0.426219 -0.840464 -0.334600
0.311800 -0.870133 -0.381640
0.236642 -0.924723 -0.298142
0.258998 -0.941309 -0.216466
0.373521 -0.912277 -0.168024
6
-0.536638 0.519628 0.664836
-0.455518 0.481463 0.748797
-0.465727 0.384778 0.796896
-0.547438 0.318838 0.773727
-0.629154 0.348758 0.694646
-0.628385 0.435099 0.644842
6
-0.939193 0.107083 -0.326266
-0.958677 0.015699 -0.284065
-0.938429 -0.082738 -0.335417
-0.888050 -0.074630 -0.453649
-0.869419 0.014932 -0.493850
-0.889950 0.113644 -0.441672
6
-0.148821 0.534114 -0.832211
-0.036267 0.551156 -0.833614
0.006844 0.621864 -0.783095
-0.063360 0.705244 -0.706127
-0.192423 0.672139 -0.714984
-0.220085 0.617112 -0.755470
6
0.198066 -0.734716 -0.648816
0.129787 -0.803530 -0.580942
0.164150 -0.849336 -0.501681
0.282501 -0.838788 -0.465434
0.348698 -0.769709 -0.534750
0.302260 -0.717886 -0.627119
6
-0.373973 0.811396 -0.449200
-0.242054 0.857536 -0.453918
-0.212566 0.893665 -0.395195
-0.276234 0.920911 -0.274986
-0.353254 0.898879 -0.259285
-0.424295 0.840895 -0.335960
6
0.844238 -0.516355 0.143668
0.883671 -0.457663 0.098334
0.889079 -0.456738 -0.030481
0.840442 -0.535188 -0.085031
0.788166 -0.614484 -0.034685
0.782882 -0.615205 0.092835
6
-0.695940 0.704189 0.140661
-0.762778 0.645712 0.035014
-0.753253 0.657221 -0.025880
-0.666480 0.741342 -0.078843
-0.596064 0.802748 0.017398
-0.628458 0.767049 0.129139
6
-0.215135 -0.608176 0.764094
-0.097635 -0.620806 0.777861
-0.049358 -0.706267 0.706222
-0.098034 -0.760620 0.641753
-0.220707 -0.744857 0.629664
-0.272879 -0.660259 0.699711
6
0.979887 0.147278 -0.134651
0.971411 0.233496 -0.042905
0.945739 0.319374 -0.059818
0.915141 0.364631 -0.171933
0.924189 0.276812 -0.263155
0.949687 0.190549 -0.248569
6
0.129813 -0.495483 -0.858863
0.182020 -0.411762 -0.892928
0.108292 -0.310987 -0.944225
0.051268 -0.307582 -0.950139
-0.054685 -0.411268 -0.909872
0.015465 -0.510282 -0.859868
6
-0.708427 -0.162889 0.686730
-0.729909 -0.292887 0.617616
-0.785454 -0.297072 0.542965
-0.842034 -0.202774 0.499861
-0.830749 -0.108183 0.546033
-0.731672 -0.105130 0.673501
6
0.684889 0.706054 0.180039
0.683448 0.682056 0.260188
0.597254 0.723687 0.345781
0.514382 0.806159 0.292437
0.525376 0.830122 0.186757
0.602411 0.787824 0.128198
7
0.455409 -0.841956 0.289332
0.404263 -0.898014 0.173618
0.319117 -0.934133 0.159873
0.294084 -0.939225 0.177119
0.254262 -0.911687 0.322765
0.307517 -0.870869 0.383432
0.415542 -0.835048 0.360583
6
-0.519164 0.797648 -0.306963
-0.572083 0.727868 -0.378058
-0.524539 0.701192 -0.482896
-0.407386 0.761567 -0.504036
-0.373973 0.811396 -0.449200
-0.424295 0.840895 -0.335960
6
0.298487 -0.567670 -0.767239
0.357812 -0.642463 -0.677652
0.464780 -0.607635 -0.644018
0.506664 -0.527990 -0.681556
0.449876 -0.454394 -0.768855
0.347044 -0.489613 -0.799900
6
0.629798 0.746966 -0.213063
0.606886 0.711024 -0.355155
0.700057 0.606112 -0.377557
0.762599 0.579509 -0.287423
0.752886 0.626362 -0.202075
0.657508 0.730251 -0.185517
6
0.170575 0.751493 0.637309
0.283664 0.755707 0.590289
0.362834 0.681076 0.635993
0.339276 0.616120 0.710836
0.228264 0.611364 0.757713
0.150533 0.682142 0.715557
6
0.869921 0.425951 0.248602
0.924084 0.352733 0.147133
0.950123 0.266463 0.162062
0.940515 0.210906 0.266364
0.892613 0.274597 0.357545
0.859948 0.386392 0.333451
6
0.501739 0.528988 -0.684419
0.429051 0.619854 -0.657036
0.341098 0.631762 -0.696081
0.298184 0.550074 -0.780068
0.362899 0.464300 -0.807917
0.470494 0.453512 -0.756943
6
0.401220 0.827947 -0.391824
0.291620 0.890309 -0.349724
0.215771 0.893510 -0.393804
0.199135 0.839755 -0.505130
0.302059 0.778343 -0.550402
0.369176 0.772496 -0.516681
6
0.755545 0.222103 0.616298
0.804853 0.277702 0.524494
0.864323 0.225797 0.449401
0.880548 0.112944 0.460302
0.829973 0.053839 0.555199
0.783630 0.089811 0.614702
6
0.923873 -0.084823 -0.373180
0.920386 -0.211324 -0.328987
0.941128 -0.230076 -0.247676
0.975430 -0.150188 -0.161182
0.978507 -0.030402 -0.203962
0.953601 -0.006942 -0.300993
6
-0.655146 0.560785 -0.506265
-0.674257 0.479319 -0.561810
-0.579937 0.445738 -0.681903
-0.559055 0.456411 -0.692204
-0.497387 0.595420 -0.630937
-0.555253 0.633828 -0.538476
6
-0.689271 0.532417 0.491363
-0.739930 0.537755 0.404132
-0.709106 0.638229 0.299721
-0.630821 0.695754 0.343499
-0.575861 0.673785 0.463032
-0.594658 0.620871 0.510784
6
-0.787093 0.584199 -0.197979
-0.803718 0.579721 -0.134019
-0.875514 0.477360 -0.074854
-0.907205 0.394185 -0.146959
-0.886537 0.394489 -0.241725
-0.817281 0.494483 -0.295868
6
-0.054685 -0.411268 -0.909872
0.051268 -0.307582 -0.950139
-0.025299 -0.197148 -0.980047
-0.135401 -0.206077 -0.969123
-0.177266 -0.286468 -0.941548
-0.102887 -0.403043 -0.909379
6
-0.142488 -0.984871 -0.098618
-0.170688 -0.967609 -0.186008
-0.280689 -0.935703 -0.213713
-0.360738 -0.924191 -0.125456
-0.325788 -0.945214 -0.020812
-0.224467 -0.974480 0.001882
6
0.760303 0.022761 -0.649170
0.669254 0.044355 -0.741709
0.628237 -0.015041 -0.777876
0.639507 -0.144449 -0.755092
0.730179 -0.163615 -0.663377
0.773108 -0.109124 -0.624817
6
-0.786923 0.209953 -0.580235
-0.765815 0.115051 -0.632686
-0.675804 0.120270 -0.727203
-0.626664 0.242322 -0.740657
-0.652843 0.302040 -0.694671
-0.740931 0.296578 -0.602547
6
0.703952 -0.563723 0.432052
0.741298 -0.469021 0.480100
0.801902 -0.407595 0.436829
0.845164 -0.430894 0.316271
0.820437 -0.504437 0.269121
0.743257 -0.590760 0.313962
6
0.387739 -0.920067 -0.055983
0.311652 -0.950194 0.002126
0.319117 -0.934133 0.159873
0.404263 -0.898014 0.173618
0.497989 -0.863717 0.077464
0.484905 -0.874525 -0.008525
6
-0.298695 0.428201 -0.852892
-0.197006 0.448034 -0.872040
-0.148821 0.534114 -0.832211
-0.220085 0.617112 -0.755470
-0.347867 0.566080 -0.747356
-0.368094 0.503246 -0.781825
6
-0.248186 -0.830304 -0.498998
-0.194536 -0.813133 -0.548607
-0.203921 -0.730164 -0.652132
-0.329170 -0.679242 -0.655956
-0.385670 -0.696477 -0.605126
-0.374790 -0.779424 -0.502026
6
-0.976644 -0.205226 0.063623
-0.995213 -0.097084 0.011221
-0.997756 -0.009420 0.066284
-0.982815 -0.011870 0.184212
-0.965142 -0.112193 0.236460
-0.962506 -0.202905 0.180034
6
-0.698987 0.669942 -0.250191
-0.645298 0.746384 -0.162792
-0.666480 0.741342 -0.078843
-0.753253 0.657221 -0.025880
-0.803718 0.579721 -0.134019
-0.787093 0.584199 -0.197979
6
0.767346 -0.266926 0.583036
0.776696 -0.138934 0.614362
0.838668 -0.076721 0.539212
0.880174 -0.112442 0.461140
0.870203 -0.237458 0.431695
0.827549 -0.295365 0.477411
6
0.349718 -0.084743 -0.933014
0.457430 -0.105460 -0.882970
0.517636 0.007188 -0.855571
0.485484 0.087924 -0.869813
0.370208 0.104852 -0.923013
0.311273 0.000298 -0.950321
6
0.051268 -0.307582 -0.950139
0.108292 -0.310987 -0.944225
0.202784 -0.199163 -0.958756
0.131426 -0.095542 -0.986711
0.029347 -0.099872 -0.994567
-0.025299 -0.197148 -0.980047
6
-0.213951 -0.484612 -0.848160
-0.321538 -0.402844 -0.856930
-0.401866 -0.422869 -0.812210
-0.417776 -0.519233 -0.745560
-0.333898 -0.587754 -0.736924
-0.206258 -0.556363 -0.804934
6
-0.596064 0.802748 0.017398
-0.521590 0.853190 -0.003336
-0.437652 0.894654 0.089746
-0.443859 0.882084 0.157851
-0.549876 0.804017 0.226259
-0.628458 0.767049 0.129139
5
0.380944 0.230134 0.895500
0.396190 0.363952 0.842955
0.523514 0.347312 0.778016
0.564452 0.225939 0.793943
0.484048 0.161889 0.859936
6
-0.021263 0.371887 -0.928034
0.029821 0.463249 -0.885726
-0.036267 0.551156 -0.833614
-0.148821 0.534114 -0.832211
-0.197006 0.448034 -0.872040
-0.132814 0.365104 -0.921444
6
0.708672 -0.323369 0.627070
0.767346 -0.266926 0.583036
0.827549 -0.295365 0.477411
0.801902 -0.407595 0.436829
0.741298 -0.469021 0.480100
0.682454 -0.435704 0.586872
7
0.979610 -0.142859 0.141263
0.953430 -0.284106 0.101264
0.929166 -0.338877 0.147689
0.906196 -0.328786 0.265911
0.914736 -0.257971 0.310981
0.958761 -0.126808 0.254357
0.972624 -0.111268 0.204013
6
0.975430 -0.150188 -0.161182
0.982617 -0.169074 -0.076661
0.996058 -0.088008 0.011049
0.999957 0.009084 -0.001878
0.991613 0.055209 -0.116853
0.978507 -0.030402 -0.203962
6
0.776082 -0.473243 -0.416817
0.842640 -0.405349 -0.354472
0.868002 -0.284052 -0.407292
0.834744 -0.261552 -0.484555
0.765325 -0.326447 -0.554716
0.740270 -0.448598 -0.500760
6
-0.087896 -0.955477 -0.281669
0.032723 -0.968828 -0.245564
0.114644 -0.933004 -0.341117
0.088419 -0.903869 -0.418572
-0.034432 -0.892043 -0.450638
-0.112558 -0.923999 -0.365454
6
0.206348 0.202203 -0.957358
0.326780 0.191738 -0.925446
0.374957 0.288323 -0.881066
0.321570 0.377328 -0.868456
0.205054 0.382787 -0.900792
0.156340 0.284251 -0.945917
6
-0.667313 0.662568 -0.340142
-0.698987 0.669942 -0.250191
-0.787093 0.584199 -0.197979
-0.817281 0.494483 -0.295868
-0.788526 0.494000 -0.366322
-0.702448 0.580205 -0.412225
6
0.198066 -0.734716 -0.648816
0.137638 -0.662898 -0.735949
0.045485 -0.668355 -0.742450
-0.024762 -0.734404 -0.678260
0.007883 -0.796473 -0.604623
0.129787 -0.803530 -0.580942
6
-0.188873 0.255458 -0.948192
-0.132814 0.365104 -0.921444
-0.197006 0.448034 -0.872040
-0.298695 0.428201 -0.852892
-0.351984 0.314858 -0.881460
-0.324267 0.262507 -0.908813
6
0.859948 0.386392 0.333451
0.892613 0.274597 0.357545
0.864323 0.225797 0.449401
0.804853 0.277702 0.524494
0.767954 0.396534 0.502998
0.790586 0.441013 0.424831
6
0.597254 0.723687 0.345781
0.586246 0.689996 0.424526
0.488609 0.715352 0.499533
0.406194 0.797595 0.445925
0.423152 0.834330 0.353321
0.514382 0.806159 0.292437
6
0.708672 -0.323369 0.627070
0.634353 -0.283457 0.719200
0.647405 -0.163654 0.744368
0.722712 -0.103244 0.683394
0.776696 -0.138934 0.614362
0.767346 -0.266926 0.583036
6
-0.377223 0.233021 0.896328
-0.466510 0.168876 0.868245
-0.547208 0.203058 0.811992
-0.547438 0.318838 0.773727
-0.465727 0.384778 0.796896
-0.374566 0.343606 0.861182
6
-0.659354 -0.540305 -0.522803
-0.696538 -0.541474 -0.470788
-0.690866 -0.625327 -0.362864
-0.583941 -0.714408 -0.385532
-0.544540 -0.716326 -0.436294
-0.547990 -0.630745 -0.549425
6
-0.644398 -0.249577 -0.722816
-0.722509 -0.263780 -0.639063
-0.730191 -0.347168 -0.588469
-0.651340 -0.446587 -0.613446
-0.586567 -0.442901 -0.678069
-0.567262 -0.343788 -0.748348
6
-0.995213 -0.097084 0.011221
-0.976644 -0.205226 0.063623
-0.958726 -0.284123 0.010915
-0.952069 -0.284464 -0.112447
-0.970797 -0.176218 -0.162787
-0.989107 -0.094668 -0.112717
6
0.362834 0.681076 0.635993
0.469999 0.670798 0.573699
0.540362 0.573989 0.615260
0.501792 0.511827 0.697308
0.410332 0.532061 0.740634
0.339276 0.616120 0.710836
6
0.525376 0.830122 0.186757
0.514382 0.806159 0.292437
0.423152 0.834330 0.353321
0.334982 0.895073 0.294333
0.347773 0.918744 0.186984
0.438572 0.888775 0.133163
6
0.406225 0.006998 0.913746
0.486976 0.062618 0.871168
0.574474 0.001426 0.818522
0.571532 -0.113099 0.812748
0.494337 -0.165121 0.853443
0.396598 -0.105231 0.911941
6
0.145274 0.466198 -0.872671
0.029821 0.463249 -0.885726
-0.021263 0.371887 -0.928034
0.036143 0.286936 -0.957268
0.156340 0.284251 -0.945917
0.205054 0.382787 -0.900792
6
-0.832795 0.375757 0.406521
-0.779334 0.347393 0.521494
-0.780463 0.287270 0.555296
-0.842515 0.173331 0.510025
-0.894634 0.183860 0.407216
-0.894889 0.267841 0.356979
6
0.565118 -0.334490 0.754160
0.475933 -0.285667 0.831795
0.494337 -0.165121 0.853443
0.571532 -0.113099 0.812748
0.647405 -0.163654 0.744368
0.634353 -0.283457 0.719200
6
0.929166 -0.338877 0.147689
0.883671 -0.457663 0.098334
0.844238 -0.516355 0.143668
0.820437 -0.504437 0.269121
0.845164 -0.430894 0.316271
0.906196 -0.328786 0.265911
5
0.657508 0.730251 -0.185517
0.752886 0.626362 -0.202075
0.802464 0.588921 -0.096040
0.747571 0.664150 0.006568
0.666348 0.744443 -0.042249
6
0.525866 0.360997 -0.770160
0.470494 0.453512 -0.756943
0.362899 0.464300 -0.807917
0.321570 0.377328 -0.868456
0.374957 0.288323 -0.881066
0.489142 0.275168 -0.827661
7
-0.724472 0.636906 0.263614
-0.695940 0.704189 0.140661
-0.628458 0.767049 0.129139
-0.549876 0.804017 0.226259
-0.548920 0.790475 0.271728
-0.630821 0.695754 0.343499
-0.709106 0.638229 0.299721
7
-0.603621 -0.204442 0.770613
-0.708427 -0.162889 0.686730
-0.731672 -0.105130 0.673501
-0.720043 -0.045443 0.692439
-0.611858 0.009548 0.790910
-0.567746 -0.025301 0.822815
-0.549240 -0.143386 0.823271
6
0.740270 -0.448598 -0.500760
0.652797 -0.509685 -0.560426
0.613165 -0.611945 -0.499551
0.646801 -0.638672 -0.416828
0.735183 -0.575507 -0.358187
0.776082 -0.473243 -0.416817
6
0.630374 0.193301 0.751840
0.564452 0.225939 0.793943
0.523514 0.347312 0.778016
0.558104 0.406867 0.723172
0.652718 0.381974 0.654259
0.698697 0.254881 0.668475
7
0.310358 0.199768 0.929393
0.210764 0.258994 0.942603
0.197735 0.340858 0.919085
0.306205 0.428197 0.850227
0.345763 0.421360 0.838394
0.396190 0.363952 0.842955
0.380944 0.230134 0.895500
6
-0.851513 0.462381 0.247244
-0.822400 0.533710 0.197007
-0.724472 0.636906 0.263614
-0.709106 0.638229 0.299721
-0.739930 0.537755 0.404132
-0.819543 0.443625 0.362693
6
0.265107 0.705757 -0.656982
0.163879 0.708257 -0.686670
0.124686 0.629654 -0.766804
0.191033 0.555070 -0.809570
0.298184 0.550074 -0.780068
0.341098 0.631762 -0.696081
6
0.219408 0.029131 0.975198
0.114097 0.091570 0.989240
0.108442 0.185540 0.976635
0.210764 0.258994 0.942603
0.310358 0.199768 0.929393
0.299415 0.073219 0.951309
6
-0.812057 -0.495969 0.307535
-0.723876 -0.589029 0.359234
-0.688458 -0.670988 0.275320
-0.712941 -0.672848 0.197463
-0.802827 -0.578898 0.142641
-0.835440 -0.496493 0.235659
6
-0.640835 0.046335 -0.766279
-0.675804 0.120270 -0.727203
-0.765815 0.115051 -0.632686
-0.798258 0.022435 -0.601898
-0.761829 -0.072985 -0.643654
-0.673213 -0.064064 -0.736668
6
-0.753253 0.657221 -0.025880
-0.762778 0.645712 0.035014
-0.831404 0.548231 0.090614
-0.880811 0.472930 0.022567
-0.875514 0.477360 -0.074854
-0.803718 0.579721 -0.134019
6
0.674835 0.229468 -0.701386
0.764585 0.207044 -0.610363
0.790625 0.271556 -0.548790
0.743228 0.384830 -0.547282
0.657453 0.407345 -0.633897
0.630809 0.343020 -0.696001
6
0.469551 -0.638858 0.609411
0.425348 -0.733865 0.529643
0.310913 -0.769500 0.557855
0.262139 -0.725497 0.636347
0.308742 -0.638903 0.704615
0.418845 -0.604972 0.677184
6
0.743228 0.384830 -0.547282
0.790625 0.271556 -0.548790
0.858886 0.244545 -0.450014
0.872245 0.315403 -0.373778
0.827195 0.417648 -0.375923
0.759078 0.446920 -0.473354
6
-0.086423 0.879695 0.467620
-0.173943 0.899020 0.401878
-0.157184 0.941355 0.298569
-0.053318 0.964201 0.259758
0.038414 0.942948 0.330717
0.022402 0.901955 0.431249
6
0.863912 0.061064 -0.499927
0.890526 0.130982 -0.435669
0.858886 0.244545 -0.450014
0.790625 0.271556 -0.548790
0.764585 0.207044 -0.610363
0.795402 0.083975 -0.600236
6
0.362834 0.681076 0.635993
0.283664 0.755707 0.590289
0.303135 0.809686 0.502511
0.406194 0.797595 0.445925
0.488609 0.715352 0.499533
0.469999 0.670798 0.573699
6
-0.907205 0.394185 -0.146959
-0.875514 0.477360 -0.074854
-0.880811 0.472930 0.022567
-0.925043 0.371652 0.078553
-0.957607 0.287408 0.019617
-0.952565 0.289937 -0.092507
6
-0.006666 0.997651 -0.068183
-0.002467 0.980187 -0.198061
0.106046 0.965023 -0.239762
0.186074 0.965917 -0.179945
0.175096 0.983103 -0.053390
0.078749 0.996815 -0.012602
6
0.834744 -0.261552 -0.484555
0.840312 -0.128388 -0.526680
0.773108 -0.109124 -0.624817
0.730179 -0.163615 -0.663377
0.723647 -0.300034 -0.621543
0.765325 -0.326447 -0.554716
6
-0.747674 0.394898 -0.533890
-0.674257 0.479319 -0.561810
-0.655146 0.560785 -0.506265
-0.702448 0.580205 -0.412225
-0.788526 0.494000 -0.366322
-0.799596 0.396188 -0.451311
6
-0.799596 0.396188 -0.451311
-0.788526 0.494000 -0.366322
-0.817281 0.494483 -0.295868
-0.886537 0.394489 -0.241725
-0.900632 0.301149 -0.313322
-0.860033 0.302251 -0.411081
6
-0.708335 0.252276 0.659256
-0.629154 0.348758 0.694646
-0.547438 0.318838 0.773727
-0.547208 0.203058 0.811992
-0.619545 0.138909 0.772573
-0.702789 0.175142 0.689502
6
0.525866 0.360997 -0.770160
0.489142 0.275168 -0.827661
0.531755 0.185446 -0.826345
0.641016 0.165985 -0.749365
0.674835 0.229468 -0.701386
0.630809 0.343020 -0.696001
6
-0.374566 0.343606 0.861182
-0.283023 0.402536 0.870553
-0.188521 0.360126 0.913657
-0.191923 0.244254 0.950529
-0.285768 0.186511 0.939974
-0.377223 0.233021 0.896328
6
-0.965299 0.178857 0.190284
-0.966842 0.086513 0.240275
-0.982815 -0.011870 0.184212
-0.997756 -0.009420 0.066284
-0.995388 0.094778 0.014834
-0.980070 0.184984 0.072417
6
-0.253624 -0.279871 0.925930
-0.285735 -0.152252 0.946137
-0.189940 -0.081168 0.978435
-0.084036 -0.141898 0.986308
-0.079295 -0.238859 0.967811
-0.197321 -0.305632 0.931479
6
-0.794179 -0.359711 -0.489783
-0.730191 -0.347168 -0.588469
-0.722509 -0.263780 -0.639063
-0.780352 -0.163198 -0.603670
-0.849133 -0.174868 -0.498391
-0.853508 -0.259683 -0.451763
5
-0.023535 -0.578779 -0.815145
-0.157612 -0.592155 -0.790260
-0.151280 -0.707843 -0.689980
-0.024762 -0.734404 -0.678260
0.045485 -0.668355 -0.742450
6
0.373521 -0.912277 -0.168024
0.258998 -0.941309 -0.216466
0.177871 -0.976040 -0.125327
0.200035 -0.979058 -0.037844
0.311652 -0.950194 0.002126
0.387739 -0.920067 -0.055983
6
-0.098034 -0.760620 0.641753
-0.049780 -0.822633 0.566390
-0.098833 -0.869673 0.483633
-0.225958 -0.850866 0.474310
-0.273962 -0.790532 0.547726
-0.220707 -0.744857 0.629664
6
-0.206258 -0.556363 -0.804934
-0.333898 -0.587754 -0.736924
-0.329170 -0.679242 -0.655956
-0.203921 -0.730164 -0.652132
-0.151280 -0.707843 -0.689980
-0.157612 -0.592155 -0.790260
6
0.840312 -0.128388 -0.526680
0.834744 -0.261552 -0.484555
0.868002 -0.284052 -0.407292
0.920386 -0.211324 -0.328987
0.923873 -0.084823 -0.373180
0.878830 -0.064712 -0.472726
6
0.464780 -0.607635 -0.644018
0.357812 -0.642463 -0.677652
0.302260 -0.717886 -0.627119
0.348698 -0.769709 -0.534750
0.457331 -0.737516 -0.496909
0.509605 -0.662306 -0.549230
5
-0.720043 -0.045443 0.692439
-0.762127 0.078650 0.642632
-0.702789 0.175142 0.689502
-0.619545 0.138909 0.772573
-0.611858 0.009548 0.790910
6
0.218062 0.867482 0.447129
0.234026 0.908285 0.346771
0.334982 0.895073 0.294333
0.423152 0.834330 0.353321
0.406194 0.797595 0.445925
0.303135 0.809686 0.502511
6
-0.097635 -0.620806 0.777861
-0.050611 -0.567049 0.822128
0.082360 -0.562776 0.822496
0.128915 -0.609934 0.781896
0.088072 -0.704285 0.704433
-0.049358 -0.706267 0.706222
6
0.457430 -0.105460 -0.882970
0.482364 -0.171932 -0.858932
0.596944 -0.192042 -0.778960
0.639507 -0.144449 -0.755092
0.628237 -0.015041 -0.777876
0.517636 0.007188 -0.855571
6
0.740270 -0.448598 -0.500760
0.765325 -0.326447 -0.554716
0.723647 -0.300034 -0.621543
0.635778 -0.358370 -0.683635
0.610601 -0.476971 -0.632191
0.652797 -0.509685 -0.560426
6
-0.915993 -0.395638 0.066542
-0.886028 -0.463414 0.014246
-0.878944 -0.465156 -0.105293
-0.920947 -0.355804 -0.158936
-0.952069 -0.284464 -0.112447
-0.958726 -0.284123 0.010915
5
0.118956 -0.452190 0.883953
0.082360 -0.562776 0.822496
-0.050611 -0.567049 0.822128
-0.098857 -0.452640 0.886197
0.016204 -0.387354 0.921789
6
0.878830 -0.064712 -0.472726
0.923873 -0.084823 -0.373180
0.953601 -0.006942 -0.300993
0.937848 0.103704 -0.331189
0.890526 0.130982 -0.435669
0.863912 0.061064 -0.499927
5
0.596944 -0.192042 -0.778960
0.482364 -0.171932 -0.858932
0.419710 -0.285457 -0.861602
0.484672 -0.375123 -0.790174
0.588539 -0.325063 -0.740240
6
-0.802827 -0.578898 0.142641
-0.816024 -0.573381 0.073073
-0.886028 -0.463414 0.014246
-0.915993 -0.395638 0.066542
-0.903880 -0.389159 0.177641
-0.835440 -0.496493 0.235659
6
-0.032210 -0.004744 -0.999470
-0.151928 -0.008351 -0.988356
-0.197277 -0.105029 -0.974705
-0.135401 -0.206077 -0.969123
-0.025299 -0.197148 -0.980047
0.029347 -0.099872 -0.994567
6
-0.611858 0.009548 0.790910
-0.619545 0.138909 0.772573
-0.547208 0.203058 0.811992
-0.466510 0.168876 0.868245
-0.453528 0.039733 0.890356
-0.567746 -0.025301 0.822815
6
-0.305444 -0.897477 -0.318182
-0.280689 -0.935703 -0.213713
-0.170688 -0.967609 -0.186008
-0.087896 -0.955477 -0.281669
-0.112558 -0.923999 -0.365454
-0.231110 -0.890998 -0.390781
6
0.150936 0.092888 -0.984170
0.206348 0.202203 -0.957358
0.156340 0.284251 -0.945917
0.036143 0.286936 -0.957268
-0.019179 0.178889 -0.983682
0.022689 0.103940 -0.994325
6
-0.659354 -0.540305 -0.522803
-0.547990 -0.630745 -0.549425
-0.506603 -0.625435 -0.593451
-0.498431 -0.528775 -0.686996
-0.586567 -0.442901 -0.678069
-0.651340 -0.446587 -0.613446
6
0.641016 0.165985 -0.749365
0.669254 0.044355 -0.741709
0.760303 0.022761 -0.649170
0.795402 0.083975 -0.600236
0.764585 0.207044 -0.610363
0.674835 0.229468 -0.701386
6
-0.426053 -0.787123 -0.446001
-0.544540 -0.716326 -0.436294
-0.583941 -0.714408 -0.385532
-0.566336 -0.779883 -0.266546
-0.481629 -0.838640 -0.254394
-0.406516 -0.850086 -0.334811
6
0.863912 0.061064 -0.499927
0.795402 0.083975 -0.600236
0.760303 0.022761 -0.649170
0.773108 -0.109124 -0.624817
0.840312 -0.128388 -0.526680
0.878830 -0.064712 -0.472726
6
-0.903880 -0.389159 0.177641
-0.915993 -0.395638 0.066542
-0.958726 -0.284123 0.010915
-0.976644 -0.205226 0.063623
-0.962506 -0.202905 0.180034
-0.921679 -0.309087 0.234462
6
0.827549 -0.295365 0.477411
0.870203 -0.237458 0.431695
0.914736 -0.257971 0.310981
0.906196 -0.328786 0.265911
0.845164 -0.430894 0.316271
0.801902 -0.407595 0.436829
6
0.531755 0.185446 -0.826345
0.485484 0.087924 -0.869813
0.517636 0.007188 -0.855571
0.628237 -0.015041 -0.777876
0.669254 0.044355 -0.741709
0.641016 0.165985 -0.749365
6
0.657453 0.407345 -0.633897
0.743228 0.384830 -0.547282
0.759078 0.446920 -0.473354
0.692868 0.554059 -0.461467
0.616945 0.573365 -0.539102
0.596308 0.513099 -0.617371
6
-0.026737 -0.997519 -0.065128
-0.142488 -0.984871 -0.098618
-0.224467 -0.974480 0.001882
-0.184035 -0.977873 0.099480
-0.080479 -0.989503 0.120028
0.001668 -0.999824 0.018681
6
0.106046 0.965023 -0.239762
0.115762 0.931136 -0.345810
0.215771 0.893510 -0.393804
0.291620 0.890309 -0.349724
0.303704 0.927682 -0.217186
0.186074 0.965917 -0.179945
6
-0.364888 0.862450 0.350765
-0.346673 0.902962 0.253922
-0.251939 0.942815 0.218236
-0.157184 0.941355 0.298569
-0.173943 0.899020 0.401878
-0.272686 0.860963 0.429401
6
-0.360738 -0.924191 -0.125456
-0.453158 -0.879505 -0.145321
-0.529019 -0.846957 -0.052938
-0.494040 -0.867987 0.050241
-0.401501 -0.912907 0.073464
-0.325788 -0.945214 -0.020812
6
-0.406516 -0.850086 -0.334811
-0.481629 -0.838640 -0.254394
-0.453158 -0.879505 -0.145321
-0.360738 -0.924191 -0.125456
-0.280689 -0.935703 -0.213713
-0.305444 -0.897477 -0.318182
6
0.268100 -0.200732 -0.942247
0.202784 -0.199163 -0.958756
0.108292 -0.310987 -0.944225
0.182020 -0.411762 -0.892928
0.277265 -0.396359 -0.875228
0.337140 -0.297980 -0.893054
6
-0.819543 0.443625 0.362693
-0.739930 0.537755 0.404132
-0.689271 0.532417 0.491363
-0.696704 0.454657 0.554879
-0.779334 0.347393 0.521494
-0.832795 0.375757 0.406521
6
-0.538351 0.052249 -0.841099
-0.640835 0.046335 -0.766279
-0.673213 -0.064064 -0.736668
-0.623369 -0.148041 -0.767786
-0.525256 -0.138620 -0.839578
-0.491744 -0.045283 -0.869562
6
-0.049780 -0.822633 0.566390
-0.098034 -0.760620 0.641753
-0.049358 -0.706267 0.706222
0.088072 -0.704285 0.704433
0.130468 -0.745541 0.653564
0.087077 -0.821052 0.564174
6
-0.931340 0.079288 0.355414
-0.915916 -0.011477 0.401206
-0.931749 -0.111165 0.345666
-0.965142 -0.112193 0.236460
-0.982815 -0.011870 0.184212
-0.966842 0.086513 0.240275
6
0.478604 0.851752 -0.213205
0.354567 0.917491 -0.180255
0.303704 0.927682 -0.217186
0.291620 0.890309 -0.349724
0.401220 0.827947 -0.391824
0.454262 0.815834 -0.357855
6
-0.114851 0.993153 -0.021378
-0.207999 0.972567 -0.104164
-0.191674 0.962330 -0.192826
-0.075045 0.967409 -0.241842
-0.002467 0.980187 -0.198061
-0.006666 0.997651 -0.068183
6
0.108442 0.185540 0.976635
0.114097 0.091570 0.989240
0.012397 0.021383 0.999695
-0.091647 0.083567 0.992279
-0.091433 0.191713 0.977183
-0.000014 0.245957 0.969281
6
-0.225958 -0.850866 0.474310
-0.098833 -0.869673 0.483633
-0.051403 -0.911964 0.407037
-0.102252 -0.945488 0.309189
-0.212352 -0.931436 0.295522
-0.274230 -0.882584 0.381895
5
0.076323 -0.970090 0.230434
0.123352 -0.933140 0.337689
0.254262 -0.911687 0.322765
0.294084 -0.939225 0.177119
0.142986 -0.979190 0.144020
6
-0.830749 -0.108183 0.546033
-0.842034 -0.202774 0.499861
-0.893562 -0.211522 0.395985
-0.931749 -0.111165 0.345666
-0.915916 -0.011477 0.401206
-0.860360 -0.017647 0.509381
7
-0.212566 0.893665 -0.395195
-0.242054 0.857536 -0.453918
-0.184915 0.814769 -0.549508
-0.103705 0.819619 -0.563444
-0.005264 0.881375 -0.472388
-0.010639 0.905303 -0.424633
-0.077958 0.924086 -0.374149
6
-0.825177 0.083895 0.558609
-0.842515 0.173331 0.510025
-0.780463 0.287270 0.555296
-0.708335 0.252276 0.659256
-0.702789 0.175142 0.689502
-0.762127 0.078650 0.642632
6
0.878809 0.440375 -0.183753
0.846761 0.525228 -0.084451
0.802464 0.588921 -0.096040
0.752886 0.626362 -0.202075
0.762599 0.579509 -0.287423
0.826912 0.479547 -0.293687
6
0.406225 0.006998 0.913746
0.299415 0.073219 0.951309
0.310358 0.199768 0.929393
0.380944 0.230134 0.895500
0.484048 0.161889 0.859936
0.486976 0.062618 0.871168
6
-0.787639 -0.399209 0.469316
-0.826989 -0.403119 0.391898
-0.890790 -0.300709 0.340685
-0.893562 -0.211522 0.395985
-0.842034 -0.202774 0.499861
-0.785454 -0.297072 0.542965
6
-0.677634 -0.734927 0.026351
-0.660864 -0.743524 0.102130
-0.561951 -0.813948 0.147310
-0.494040 -0.867987 0.050241
-0.529019 -0.846957 -0.052938
-0.609191 -0.789652 -0.073052
6
-0.191674 0.962330 -0.192826
-0.207999 0.972567 -0.104164
-0.317042 0.947047 -0.050860
-0.404973 0.903598 -0.139667
-0.353254 0.898879 -0.259285
-0.276234 0.920911 -0.274986
6
-0.207999 0.972567 -0.104164
-0.114851 0.993153 -0.021378
-0.131224 0.988306 0.077666
-0.233852 0.964628 0.121676
-0.330401 0.943334 0.030904
-0.317042 0.947047 -0.050860
6
-0.427153 -0.863994 0.266562
-0.360354 -0.916287 0.174824
-0.401501 -0.912907 0.073464
-0.494040 -0.867987 0.050241
-0.561951 -0.813948 0.147310
-0.533964 -0.813352 0.230957
6
-0.667313 0.662568 -0.340142
-0.572083 0.727868 -0.378058
-0.519164 0.797648 -0.306963
-0.554797 0.806479 -0.204432
-0.645298 0.746384 -0.162792
-0.698987 0.669942 -0.250191
6
-0.911129 0.364265 0.192759
-0.925043 0.371652 0.078553
-0.880811 0.472930 0.022567
-0.831404 0.548231 0.090614
-0.822400 0.533710 0.197007
-0.851513 0.462381 0.247244
6
-0.196042 0.017403 0.980441
-0.283225 0.071640 0.956374
-0.285768 0.186511 0.939974
-0.191923 0.244254 0.950529
-0.091433 0.191713 0.977183
-0.091647 0.083567 0.992279
6
-0.889950 0.113644 -0.441672
-0.855429 0.203221 -0.476385
-0.860033 0.302251 -0.411081
-0.900632 0.301149 -0.313322
-0.941782 0.204280 -0.267052
-0.939193 0.107083 -0.326266
6
-0.538351 0.052249 -0.841099
-0.491744 -0.045283 -0.869562
-0.371040 -0.037678 -0.927852
-0.332649 0.075409 -0.940031
-0.372011 0.142671 -0.917198
-0.495221 0.138461 -0.857662
5
0.116318 0.830924 -0.544091
-0.005264 0.881375 -0.472388
-0.103705 0.819619 -0.563444
-0.034348 0.751501 -0.658837
0.090167 0.768252 -0.633766
6
0.158000 0.972053 0.173633
0.256178 0.958358 0.126189
0.347773 0.918744 0.186984
0.334982 0.895073 0.294333
0.234026 0.908285 0.346771
0.144777 0.947409 0.285405
6
0.698697 0.254881 0.668475
0.652718 0.381974 0.654259
0.685418 0.436626 0.582718
0.767954 0.396534 0.502998
0.804853 0.277702 0.524494
0.755545 0.222103 0.616298
6
-0.928415 0.278896 0.245485
-0.965299 0.178857 0.190284
-0.980070 0.184984 0.072417
-0.957607 0.287408 0.019617
-0.925043 0.371652 0.078553
-0.911129 0.364265 0.192759
6
0.150936 0.092888 -0.984170
0.193212 0.014087 -0.981056
0.311273 0.000298 -0.950321
0.370208 0.104852 -0.923013
0.326780 0.191738 -0.925446
0.206348 0.202203 -0.957358
6
-0.000014 0.245957 0.969281
0.004844 0.358935 0.933350
0.087198 0.400703 0.912049
0.197735 0.340858 0.919085
0.210764 0.258994 0.942603
0.108442 0.185540 0.976635
