80
6
0.972881 -0.017384 -0.230654
0.885324 0.009806 -0.464871
0.793217 -0.172263 -0.584065
0.778403 -0.401812 -0.482323
0.863268 -0.431343 -0.262130
0.963113 -0.233975 -0.132921
6
-0.257073 0.479648 -0.838959
-0.077187 0.343075 -0.936131
0.241101 0.443245 -0.863368
0.241102 0.443247 -0.863366
0.108304 0.709740 -0.696088
-0.137161 0.716678 -0.683783
6
-0.571770 -0.622857 0.533974
-0.628019 -0.684525 0.370159
-0.809456 -0.548547 0.209469
-0.892837 -0.343252 0.291581
-0.800544 -0.259750 0.540055
-0.680322 -0.355591 0.640873
6
0.240214 -0.796220 0.555276
0.231471 -0.922790 0.308027
0.017831 -0.974981 0.221572
-0.201829 -0.904209 0.376392
-0.188012 -0.820666 0.539591
0.090118 -0.752720 0.652144
6
-0.530029 0.373913 0.761090
-0.635110 0.511601 0.578705
-0.513702 0.699176 0.497255
-0.282112 0.755753 0.590974
-0.184024 0.621799 0.761249
-0.316390 0.426104 0.847545
5
-0.592970 0.079649 -0.801275
-0.790964 0.181395 -0.584356
-0.897339 -0.013304 -0.441141
-0.790225 -0.277031 -0.546624
-0.626089 -0.224546 -0.746721
6
0.254596 -0.001985 0.967045
0.510900 -0.000326 0.859640
0.594281 -0.205620 0.777528
0.427121 -0.426759 0.797148
0.258420 -0.420045 0.869932
0.149868 -0.152778 0.976831
5
0.168706 -0.036405 -0.984994
0.345777 0.125053 -0.929946
0.241101 0.443245 -0.863368
-0.077187 0.343075 -0.936131
-0.104721 0.104534 -0.988992
6
0.610066 -0.112449 -0.784331
0.559065 0.058960 -0.827025
0.345777 0.125053 -0.929946
0.168706 -0.036405 -0.984994
0.176543 -0.218356 -0.959767
0.424295 -0.361583 -0.830200
6
-0.236643 0.798958 -0.552871
-0.106623 0.945600 -0.307364
-0.145564 0.964056 -0.222278
-0.429802 0.895314 -0.116975
-0.572987 0.779453 -0.253256
-0.494660 0.721138 -0.485048
5
0.769700 -0.634211 0.073063
0.603869 -0.761944 0.234058
0.580560 -0.630763 0.514867
0.785998 -0.401927 0.469747
0.888024 -0.400318 0.226185
6
-0.827492 0.052657 0.559003
-0.800544 -0.259750 0.540055
-0.892837 -0.343252 0.291581
-0.976971 -0.164162 0.136305
-0.976088 0.052461 0.210951
-0.862229 0.112938 0.493768
6
-0.521327 0.125847 -0.844027
-0.427220 0.422237 -0.799499
-0.586766 0.539069 -0.604243
-0.767464 0.395026 -0.504929
-0.790964 0.181395 -0.584356
-0.592970 0.079649 -0.801275
6
0.559065 0.058960 -0.827025
0.678977 0.295989 -0.671849
0.531269 0.491718 -0.689903
0.241102 0.443247 -0.863366
0.241101 0.443245 -0.863368
0.345777 0.125053 -0.929946
6
0.963113 -0.233975 -0.132921
0.863268 -0.431343 -0.262130
0.763916 -0.636784 -0.104585
0.769700 -0.634211 0.073063
0.888024 -0.400318 0.226185
0.955398 -0.258278 0.143206
6
-0.793960 0.412477 0.446644
-0.846185 0.493599 0.200825
-0.767666 0.629891 0.118011
-0.562225 0.791318 0.240248
-0.513702 0.699176 0.497255
-0.635110 0.511601 0.578705
6
0.631444 0.680864 -0.371083
0.556886 0.818459 -0.141433
0.346861 0.926718 -0.144504
0.196879 0.904865 -0.377435
0.253198 0.812041 -0.525813
0.526624 0.671102 -0.521813
6
0.157640 0.855939 0.492461
0.207123 0.750917 0.627075
0.043752 0.617127 0.785647
-0.184024 0.621799 0.761249
-0.282112 0.755753 0.590974
-0.118090 0.899818 0.419979
6
-0.767464 0.395026 -0.504929
-0.586766 0.539069 -0.604243
-0.494660 0.721138 -0.485048
-0.572987 0.779453 -0.253256
-0.745968 0.646989 -0.157912
-0.845813 0.449623 -0.287123
5
0.459049 0.403059 0.791718
0.175533 0.366457 0.913727
0.043752 0.617127 0.785647
0.207123 0.750917 0.627075
0.476929 0.611842 0.631021
6
-0.976088 0.052461 0.210951
-0.976971 -0.164162 0.136305
-0.973090 -0.208904 -0.097240
-0.961153 0.002749 -0.276004
-0.959146 0.251388 -0.129785
-0.964509 0.259705 0.047704
5
0.519712 -0.743742 -0.420414
0.619891 -0.545849 -0.563723
0.427231 -0.446233 -0.786352
0.197448 -0.649050 -0.734675
0.245261 -0.810789 -0.531477
5
0.108304 0.709740 -0.696088
0.241102 0.443247 -0.863366
0.531269 0.491718 -0.689903
0.526624 0.671102 -0.521813
0.253198 0.812041 -0.525813
6
-0.452076 -0.871660 0.189303
-0.628019 -0.684525 0.370159
-0.571770 -0.622857 0.533974
-0.358203 -0.676668 0.643282
-0.188012 -0.820666 0.539591
-0.201829 -0.904209 0.376392
6
0.346861 0.926718 -0.144504
0.556886 0.818459 -0.141433
0.663405 0.744581 0.074111
0.547245 0.789941 0.276617
0.319573 0.907296 0.273289
0.219950 0.973164 0.067628
6
0.017831 -0.974981 0.221572
0.231471 -0.922790 0.308027
0.429693 -0.889243 0.156877
0.396401 -0.914825 -0.077208
0.164811 -0.971402 -0.170927
-0.021392 -0.999442 -0.025667
6
0.838999 0.458169 -0.293535
0.874641 0.438180 -0.207368
0.816180 0.574014 0.066017
0.663405 0.744581 0.074111
0.556886 0.818459 -0.141433
0.631444 0.680864 -0.371083
6
-0.021392 -0.999442 -0.025667
0.164811 -0.971402 -0.170927
0.121838 -0.892927 -0.433401
-0.161390 -0.862832 -0.479034
-0.283609 -0.891530 -0.353185
-0.233843 -0.966594 -0.104944
5
0.149868 -0.152778 0.976831
0.258420 -0.420045 0.869932
0.072041 -0.571561 0.817391
-0.241094 -0.443244 0.863370
-0.095878 -0.158126 0.982753
5
0.874641 0.438180 -0.207368
0.981055 0.168073 -0.096348
0.973826 0.153920 0.167245
0.866712 0.417647 0.272728
0.816180 0.574014 0.066017
6
0.510900 -0.000326 0.859640
0.595502 0.219986 0.772647
0.765405 0.215803 0.606287
0.855792 -0.006739 0.517277
0.771556 -0.213478 0.599274
0.594281 -0.205620 0.777528
6
0.816180 0.574014 0.066017
0.866712 0.417647 0.272728
0.791561 0.430930 0.433279
0.594262 0.630879 0.498843
0.547245 0.789941 0.276617
0.663405 0.744581 0.074111
6
0.043752 0.617127 0.785647
0.175533 0.366457 0.913727
0.134404 0.287645 0.948259
-0.171595 0.217698 0.960814
-0.316390 0.426104 0.847545
-0.184024 0.621799 0.761249
6
-0.562225 0.791318 0.240248
-0.443228 0.884352 0.146530
-0.168777 0.951399 0.257593
-0.118090 0.899818 0.419979
-0.282112 0.755753 0.590974
-0.513702 0.699176 0.497255
6
0.196879 0.904865 -0.377435
0.346861 0.926718 -0.144504
0.219950 0.973164 0.067628
-0.007359 0.998515 0.053978
-0.145564 0.964056 -0.222278
-0.106623 0.945600 -0.307364
6
0.793217 -0.172263 -0.584065
0.610066 -0.112449 -0.784331
0.424295 -0.361583 -0.830200
0.427231 -0.446233 -0.786352
0.619891 -0.545849 -0.563723
0.778403 -0.401812 -0.482323
6
0.164811 -0.971402 -0.170927
0.396401 -0.914825 -0.077208
0.565973 -0.784427 -0.253670
0.519712 -0.743742 -0.420414
0.245261 -0.810789 -0.531477
0.121838 -0.892927 -0.433401
6
0.631444 0.680864 -0.371083
0.526624 0.671102 -0.521813
0.531269 0.491718 -0.689903
0.678977 0.295989 -0.671849
0.800644 0.264274 -0.537707
0.838999 0.458169 -0.293535
5
-0.793960 0.412477 0.446644
-0.862229 0.112938 0.493768
-0.976088 0.052461 0.210951
-0.964509 0.259705 0.047704
-0.846185 0.493599 0.200825
6
0.793217 -0.172263 -0.584065
0.885324 0.009806 -0.464871
0.800644 0.264274 -0.537707
0.678977 0.295989 -0.671849
0.559065 0.058960 -0.827025
0.610066 -0.112449 -0.784331
6
0.973826 0.153920 0.167245
0.981055 0.168073 -0.096348
0.972881 -0.017384 -0.230654
0.963113 -0.233975 -0.132921
0.955398 -0.258278 0.143206
0.964902 0.004144 0.262576
6
0.619891 -0.545849 -0.563723
0.519712 -0.743742 -0.420414
0.565973 -0.784427 -0.253670
0.763916 -0.636784 -0.104585
0.863268 -0.431343 -0.262130
0.778403 -0.401812 -0.482323
6
-0.241108 -0.443248 0.863365
-0.241094 -0.443244 0.863370
0.072041 -0.571561 0.817391
0.090118 -0.752720 0.652144
-0.188012 -0.820666 0.539591
-0.358203 -0.676668 0.643282
5
-0.241108 -0.443248 0.863365
-0.358203 -0.676668 0.643282
-0.571770 -0.622857 0.533974
-0.680322 -0.355591 0.640873
-0.526122 -0.263233 0.808644
6
0.547245 0.789941 0.276617
0.594262 0.630879 0.498843
0.476929 0.611842 0.631021
0.207123 0.750917 0.627075
0.157640 0.855939 0.492461
0.319573 0.907296 0.273289
6
0.800644 0.264274 -0.537707
0.885324 0.009806 -0.464871
0.972881 -0.017384 -0.230654
0.981055 0.168073 -0.096348
0.874641 0.438180 -0.207368
0.838999 0.458169 -0.293535
6
-0.635110 0.511601 0.578705
-0.530029 0.373913 0.761090
-0.613638 0.109709 0.781929
-0.827492 0.052657 0.559003
-0.862229 0.112938 0.493768
-0.793960 0.412477 0.446644
6
-0.680322 -0.355591 0.640873
-0.800544 -0.259750 0.540055
-0.827492 0.052657 0.559003
-0.613638 0.109709 0.781929
-0.512022 -0.022918 0.858667
-0.526122 -0.263233 0.808644
6
-0.104721 0.104534 -0.988992
-0.077187 0.343075 -0.936131
-0.257073 0.479648 -0.838959
-0.427220 0.422237 -0.799499
-0.521327 0.125847 -0.844027
-0.258020 0.005647 -0.966123
6
-0.137161 0.716678 -0.683783
0.108304 0.709740 -0.696088
0.253198 0.812041 -0.525813
0.196879 0.904865 -0.377435
-0.106623 0.945600 -0.307364
-0.236643 0.798958 -0.552871
6
-0.095878 -0.158126 0.982753
-0.241094 -0.443244 0.863370
-0.241108 -0.443248 0.863365
-0.526122 -0.263233 0.808644
-0.512022 -0.022918 0.858667
-0.233891 0.045029 0.971219
6
0.245261 -0.810789 -0.531477
0.197448 -0.649050 -0.734675
-0.014535 -0.595524 -0.803206
-0.202274 -0.691651 -0.693328
-0.161390 -0.862832 -0.479034
0.121838 -0.892927 -0.433401
6
-0.787812 -0.424037 -0.446705
-0.790225 -0.277031 -0.546624
-0.897339 -0.013304 -0.441141
-0.961153 0.002749 -0.276004
-0.973090 -0.208904 -0.097240
-0.882703 -0.431446 -0.186250
6
-0.767464 0.395026 -0.504929
-0.845813 0.449623 -0.287123
-0.959146 0.251388 -0.129785
-0.961153 0.002749 -0.276004
-0.897339 -0.013304 -0.441141
-0.790964 0.181395 -0.584356
6
0.955398 -0.258278 0.143206
0.888024 -0.400318 0.226185
0.785998 -0.401927 0.469747
0.771556 -0.213478 0.599274
0.855792 -0.006739 0.517277
0.964902 0.004144 0.262576
6
0.090118 -0.752720 0.652144
0.072041 -0.571561 0.817391
0.258420 -0.420045 0.869932
0.427121 -0.426759 0.797148
0.509820 -0.636673 0.578560
0.240214 -0.796220 0.555276
6
-0.457202 -0.884284 0.094911
-0.452076 -0.871660 0.189303
-0.201829 -0.904209 0.376392
0.017831 -0.974981 0.221572
-0.021392 -0.999442 -0.025667
-0.233843 -0.966594 -0.104944
5
-0.007359 0.998515 0.053978
-0.168777 0.951399 0.257593
-0.443228 0.884352 0.146530
-0.429802 0.895314 -0.116975
-0.145564 0.964056 -0.222278
6
-0.553415 -0.752456 -0.357130
-0.598011 -0.637769 -0.485421
-0.787812 -0.424037 -0.446705
-0.882703 -0.431446 -0.186250
-0.800917 -0.597627 -0.037068
-0.649139 -0.752525 -0.111019
6
-0.592970 0.079649 -0.801275
-0.626089 -0.224546 -0.746721
-0.457989 -0.366939 -0.809692
-0.258329 -0.269584 -0.927680
-0.258020 0.005647 -0.966123
-0.521327 0.125847 -0.844027
6
-0.429802 0.895314 -0.116975
-0.443228 0.884352 0.146530
-0.562225 0.791318 0.240248
-0.767666 0.629891 0.118011
-0.745968 0.646989 -0.157912
-0.572987 0.779453 -0.253256
6
0.219950 0.973164 0.067628
0.319573 0.907296 0.273289
0.157640 0.855939 0.492461
-0.118090 0.899818 0.419979
-0.168777 0.951399 0.257593
-0.007359 0.998515 0.053978
6
-0.233891 0.045029 0.971219
-0.512022 -0.022918 0.858667
-0.613638 0.109709 0.781929
-0.530029 0.373913 0.761090
-0.316390 0.426104 0.847545
-0.171595 0.217698 0.960814
6
-0.202274 -0.691651 -0.693328
-0.014535 -0.595524 -0.803206
-0.048304 -0.377844 -0.924608
-0.258329 -0.269584 -0.927680
-0.457989 -0.366939 -0.809692
-0.429945 -0.574294 -0.696658
6
0.459049 0.403059 0.791718
0.476929 0.611842 0.631021
0.594262 0.630879 0.498843
0.791561 0.430930 0.433279
0.765405 0.215803 0.606287
0.595502 0.219986 0.772647
6
0.254596 -0.001985 0.967045
0.149868 -0.152778 0.976831
-0.095878 -0.158126 0.982753
-0.233891 0.045029 0.971219
-0.171595 0.217698 0.960814
0.134404 0.287645 0.948259
6
-0.236643 0.798958 -0.552871
-0.494660 0.721138 -0.485048
-0.586766 0.539069 -0.604243
-0.427220 0.422237 -0.799499
-0.257073 0.479648 -0.838959
-0.137161 0.716678 -0.683783
6
-0.626089 -0.224546 -0.746721
-0.790225 -0.277031 -0.546624
-0.787812 -0.424037 -0.446705
-0.598011 -0.637769 -0.485421
-0.429945 -0.574294 -0.696658
-0.457989 -0.366939 -0.809692
6
0.231471 -0.922790 0.308027
0.240214 -0.796220 0.555276
0.509820 -0.636673 0.578560
0.580560 -0.630763 0.514867
0.603869 -0.761944 0.234058
0.429693 -0.889243 0.156877
6
-0.845813 0.449623 -0.287123
-0.745968 0.646989 -0.157912
-0.767666 0.629891 0.118011
-0.846185 0.493599 0.200825
-0.964509 0.259705 0.047704
-0.959146 0.251388 -0.129785
6
0.427121 -0.426759 0.797148
0.594281 -0.205620 0.777528
0.771556 -0.213478 0.599274
0.785998 -0.401927 0.469747
0.580560 -0.630763 0.514867
0.509820 -0.636673 0.578560
6
-0.457202 -0.884284 0.094911
-0.649139 -0.752525 -0.111019
-0.800917 -0.597627 -0.037068
-0.809456 -0.548547 0.209469
-0.628019 -0.684525 0.370159
-0.452076 -0.871660 0.189303
6
0.197448 -0.649050 -0.734675
0.427231 -0.446233 -0.786352
0.424295 -0.361583 -0.830200
0.176543 -0.218356 -0.959767
-0.048304 -0.377844 -0.924608
-0.014535 -0.595524 -0.803206
5
-0.233843 -0.966594 -0.104944
-0.283609 -0.891530 -0.353185
-0.553415 -0.752456 -0.357130
-0.649139 -0.752525 -0.111019
-0.457202 -0.884284 0.094911
6
-0.283609 -0.891530 -0.353185
-0.161390 -0.862832 -0.479034
-0.202274 -0.691651 -0.693328
-0.429945 -0.574294 -0.696658
-0.598011 -0.637769 -0.485421
-0.553415 -0.752456 -0.357130
6
-0.258329 -0.269584 -0.927680
-0.048304 -0.377844 -0.924608
0.176543 -0.218356 -0.959767
0.168706 -0.036405 -0.984994
-0.104721 0.104534 -0.988992
-0.258020 0.005647 -0.966123
6
-0.800917 -0.597627 -0.037068
-0.882703 -0.431446 -0.186250
-0.973090 -0.208904 -0.097240
-0.976971 -0.164162 0.136305
-0.892837 -0.343252 0.291581
-0.809456 -0.548547 0.209469
6
0.763916 -0.636784 -0.104585
0.565973 -0.784427 -0.253670
0.396401 -0.914825 -0.077208
0.429693 -0.889243 0.156877
0.603869 -0.761944 0.234058
0.769700 -0.634211 0.073063
6
0.964902 0.004144 0.262576
0.855792 -0.006739 0.517277
0.765405 0.215803 0.606287
0.791561 0.430930 0.433279
0.866712 0.417647 0.272728
0.973826 0.153920 0.167245
6
0.134404 0.287645 0.948259
0.175533 0.366457 0.913727
0.459049 0.403059 0.791718
0.595502 0.219986 0.772647
0.510900 -0.000326 0.859640
0.254596 -0.001985 0.967045
