256
6
-0.551163 -0.240308 0.799044
-0.457137 -0.331358 0.825365
-0.457132 -0.453461 0.765116
-0.559887 -0.484769 0.671957
-0.657970 -0.386392 0.646357
-0.654924 -0.270073 0.705787
6
-0.935944 -0.187607 0.298013
-0.967759 -0.189846 0.165531
-0.994528 -0.047958 0.092807
-0.988546 0.039437 0.145676
-0.954882 0.056373 0.291587
-0.929296 -0.087399 0.358845
6
-0.277035 -0.839253 0.467874
-0.196470 -0.799868 0.567107
-0.022920 -0.831699 0.554754
-0.019629 -0.917211 0.397919
-0.062452 -0.930489 0.360957
-0.236576 -0.894401 0.379578
6
-0.539408 0.622145 0.567429
-0.636098 0.503112 0.585028
-0.693070 0.481574 0.536414
-0.733056 0.558993 0.387499
-0.676241 0.645836 0.354392
-0.556247 0.705045 0.439887
6
0.192488 -0.812813 0.549803
0.235923 -0.855966 0.460068
0.151873 -0.919482 0.362613
-0.019629 -0.917211 0.397919
-0.022920 -0.831699 0.554754
0.010051 -0.814410 0.580203
6
0.537592 0.571046 -0.620404
0.655085 0.502342 -0.564372
0.707981 0.538824 -0.456543
0.665969 0.640338 -0.382693
0.537767 0.718603 -0.440927
0.490158 0.684484 -0.539654
6
-0.883096 -0.309801 0.352371
-0.935944 -0.187607 0.298013
-0.929296 -0.087399 0.358845
-0.866218 -0.077594 0.493604
-0.815732 -0.181414 0.549245
-0.819192 -0.301848 0.487660
6
-0.418720 -0.071199 0.905320
-0.392555 0.069446 0.917103
-0.272122 0.117309 0.955086
-0.176366 0.025132 0.984004
-0.195344 -0.108465 0.974718
-0.325479 -0.155855 0.932616
6
-0.600285 0.799386 0.025293
-0.617519 0.766903 0.174729
-0.681232 0.700369 0.213088
-0.781275 0.612199 0.121745
-0.768709 0.639280 -0.020180
-0.696525 0.714692 -0.063790
6
0.994982 -0.086354 -0.050528
0.995259 -0.082511 0.051502
0.990780 0.040313 0.129344
0.983821 0.174627 0.040022
0.983932 0.142499 -0.107574
0.987688 0.054785 -0.146530
6
-0.608155 -0.712573 -0.349839
-0.613100 -0.760149 -0.215134
-0.528587 -0.832774 -0.164572
-0.413393 -0.877353 -0.243636
-0.400350 -0.835993 -0.375280
-0.492683 -0.758549 -0.426459
6
0.172260 0.485159 -0.857291
0.074760 0.595103 -0.800164
-0.029851 0.589977 -0.806868
-0.106371 0.476885 -0.872506
-0.021186 0.371259 -0.928287
0.099571 0.371875 -0.922927
6
-0.457132 -0.453461 0.765116
-0.350513 -0.530848 0.771583
-0.338529 -0.655462 0.675106
-0.428362 -0.672900 0.603085
-0.548936 -0.587650 0.594421
-0.559887 -0.484769 0.671957
6
-0.019629 -0.917211 0.397919
0.151873 -0.919482 0.362613
0.187834 -0.951233 0.244694
0.065837 -0.987540 0.142936
-0.059280 -0.976167 0.208768
-0.062452 -0.930489 0.360957
6
-0.263888 0.867109 0.422476
-0.351039 0.800614 0.485581
-0.493306 0.768193 0.408078
-0.488549 0.831875 0.263256
-0.424162 0.876262 0.228585
-0.278389 0.909839 0.307721
6
0.890449 -0.323333 0.320244
0.861641 -0.454053 0.226738
0.777039 -0.551998 0.302504
0.736822 -0.533640 0.415116
0.766582 -0.422080 0.483942
0.850562 -0.315071 0.421040
5
0.342674 0.575394 -0.742628
0.271081 0.483023 -0.832589
0.373642 0.339894 -0.863055
0.512018 0.386979 -0.766867
0.478597 0.528153 -0.701427
6
0.328023 -0.891443 -0.312619
0.438126 -0.812705 -0.384130
0.401176 -0.755947 -0.517302
0.301923 -0.772166 -0.559109
0.187555 -0.852884 -0.487249
0.192725 -0.892828 -0.407081
6
-0.906043 -0.402423 -0.130929
-0.956557 -0.289465 -0.034771
-0.950233 -0.299902 0.084357
-0.899778 -0.412471 0.142364
-0.848501 -0.526813 0.050141
-0.869046 -0.482601 -0.108880
6
0.939472 -0.339804 -0.043888
0.876331 -0.460596 -0.141053
0.822602 -0.562656 -0.082119
0.817053 -0.575602 0.033278
0.879376 -0.456713 0.134576
0.938587 -0.342048 0.045355
6
-0.057989 -0.988709 -0.138171
0.070644 -0.969272 -0.235631
0.070133 -0.944418 -0.321180
-0.070528 -0.910323 -0.407845
-0.167111 -0.916064 -0.364555
-0.192686 -0.952626 -0.235320
6
-0.703345 -0.027219 0.710327
-0.762490 0.071645 0.643022
-0.697517 0.236908 0.676272
-0.662579 0.250442 0.705881
-0.558112 0.151087 0.815895
-0.616886 -0.010397 0.786984
6
-0.163481 -0.482193 -0.860677
-0.243211 -0.388121 -0.888938
-0.372247 -0.386486 -0.843837
-0.418947 -0.498398 -0.759001
-0.334981 -0.594094 -0.731327
-0.209142 -0.598477 -0.773359
6
0.994982 -0.086354 -0.050528
0.967305 -0.211700 -0.139656
0.939472 -0.339804 -0.043888
0.938587 -0.342048 0.045355
0.967418 -0.210587 0.140554
0.995259 -0.082511 0.051502
6
0.861641 -0.454053 0.226738
0.879376 -0.456713 0.134576
0.817053 -0.575602 0.033278
0.733765 -0.671305 0.104587
0.715318 -0.665605 0.212813
0.777039 -0.551998 0.302504
6
-0.815732 -0.181414 0.549245
-0.732274 -0.166346 0.660382
-0.654924 -0.270073 0.705787
-0.657970 -0.386392 0.646357
-0.745272 -0.406658 0.528392
-0.819192 -0.301848 0.487660
6
0.687926 0.373249 -0.622450
0.766715 0.294569 -0.570418
0.834534 0.347874 -0.427243
0.812197 0.436465 -0.387084
0.707981 0.538824 -0.456543
0.655085 0.502342 -0.564372
6
-0.662579 0.250442 0.705881
-0.572265 0.407751 0.711514
-0.503307 0.422233 0.753924
-0.422003 0.322043 0.847468
-0.501701 0.168375 0.848496
-0.558112 0.151087 0.815895
6
0.375013 -0.166136 0.912011
0.263894 -0.107427 0.958551
0.257655 0.059256 0.964418
0.415733 0.105250 0.903376
0.473026 0.053086 0.879448
0.467355 -0.103148 0.878032
6
0.394216 -0.881755 0.259039
0.304042 -0.932220 0.196277
0.187834 -0.951233 0.244694
0.151873 -0.919482 0.362613
0.235923 -0.855966 0.460068
0.375939 -0.828318 0.415403
6
0.477385 0.806103 -0.349717
0.537767 0.718603 -0.440927
0.665969 0.640338 -0.382693
0.698682 0.661024 -0.273661
0.633025 0.752737 -0.180739
0.514017 0.822877 -0.242198
6
0.010051 -0.814410 0.580203
-0.022920 -0.831699 0.554754
-0.196470 -0.799868 0.567107
-0.233033 -0.706791 0.667938
-0.109605 -0.654772 0.747837
0.010208 -0.706484 0.707655
6
0.850562 -0.315071 0.421040
0.846647 -0.184673 0.499084
0.901068 -0.068682 0.428204
0.942917 -0.071659 0.325226
0.947742 -0.208393 0.241572
0.890449 -0.323333 0.320244
6
0.304581 0.684905 0.661918
0.436414 0.602325 0.668391
0.440137 0.505095 0.742400
0.332504 0.464085 0.821015
0.220424 0.524223 0.822559
0.202211 0.640219 0.741101
6
-0.188989 0.224198 -0.956043
-0.295641 0.332800 -0.895455
-0.372161 0.316308 -0.872608
-0.447514 0.171872 -0.877605
-0.397344 0.077866 -0.914360
-0.269066 0.074787 -0.960214
6
0.793520 -0.318673 -0.518434
0.734749 -0.461832 -0.496845
0.779315 -0.518667 -0.351643
0.861300 -0.427804 -0.274127
0.890487 -0.328666 -0.314661
0.846273 -0.274062 -0.456851
6
0.146347 -0.319526 0.936208
0.258890 -0.371925 0.891430
0.253561 -0.502890 0.826322
0.144165 -0.566538 0.811327
0.012450 -0.490066 0.871596
0.016120 -0.393898 0.919013
5
0.467355 -0.103148 0.878032
0.473026 0.053086 0.879448
0.611308 0.093065 0.785901
0.675015 -0.040966 0.736666
0.588661 -0.167061 0.790929
6
0.373642 0.339894 -0.863055
0.271081 0.483023 -0.832589
0.172260 0.485159 -0.857291
0.099571 0.371875 -0.922927
0.170071 0.264653 -0.949229
0.352327 0.262211 -0.898394
6
0.626360 -0.683200 -0.375383
0.723035 -0.619331 -0.306021
0.779315 -0.518667 -0.351643
0.734749 -0.461832 -0.496845
0.662154 -0.505967 -0.552765
0.586652 -0.624566 -0.515516
6
-0.539408 0.622145 0.567429
-0.556247 0.705045 0.439887
-0.493306 0.768193 0.408078
-0.351039 0.800614 0.485581
-0.329768 0.734165 0.593511
-0.430998 0.634351 0.641747
6
-0.793542 -0.603139 0.080712
-0.848501 -0.526813 0.050141
-0.899778 -0.412471 0.142364
-0.864470 -0.418977 0.277759
-0.795219 -0.515422 0.319322
-0.747834 -0.622089 0.231840
6
-0.768709 0.639280 -0.020180
-0.781275 0.612199 0.121745
-0.835626 0.523946 0.164954
-0.904634 0.419586 0.074730
-0.902187 0.428915 -0.045716
-0.837697 0.535074 -0.109357
6
0.065837 -0.987540 0.142936
0.187834 -0.951233 0.244694
0.304042 -0.932220 0.196277
0.320625 -0.945673 0.053869
0.203299 -0.978609 -0.031526
0.079343 -0.995930 0.042747
6
0.604117 0.777870 0.173093
0.551252 0.792501 0.260887
0.423677 0.866173 0.265033
0.374022 0.919854 0.118222
0.479753 0.877347 0.009930
0.558364 0.829095 0.028835
6
-0.501701 0.168375 0.848496
-0.422003 0.322043 0.847468
-0.339307 0.335116 0.878959
-0.245439 0.228578 0.942078
-0.272122 0.117309 0.955086
-0.392555 0.069446 0.917103
6
0.016614 0.999216 0.035931
-0.071822 0.997281 0.016484
-0.136177 0.981329 -0.135826
-0.082040 0.972271 -0.218993
0.063872 0.972972 -0.221915
0.132220 0.988832 -0.068764
6
-0.662629 0.719997 -0.206222
-0.716455 0.633726 -0.291693
-0.672076 0.618061 -0.407816
-0.544715 0.705476 -0.453420
-0.498936 0.776214 -0.385428
-0.545882 0.801422 -0.244410
5
0.380896 0.202656 -0.902136
0.312148 0.037014 -0.949312
0.397631 -0.064478 -0.915277
0.528953 -0.025197 -0.848277
0.531792 0.137003 -0.835720
6
0.329911 -0.918156 -0.219427
0.449229 -0.885212 -0.120802
0.559007 -0.807486 -0.188356
0.543842 -0.775318 -0.321120
0.438126 -0.812705 -0.384130
0.328023 -0.891443 -0.312619
6
-0.696525 0.714692 -0.063790
-0.768709 0.639280 -0.020180
-0.837697 0.535074 -0.109357
-0.811385 0.534593 -0.236356
-0.716455 0.633726 -0.291693
-0.662629 0.719997 -0.206222
6
0.068118 0.895618 -0.439577
0.130611 0.941248 -0.311438
0.063872 0.972972 -0.221915
-0.082040 0.972271 -0.218993
-0.142716 0.925105 -0.351870
-0.083823 0.893190 -0.441798
6
0.449229 -0.885212 -0.120802
0.441801 -0.897046 -0.010999
0.540746 -0.836929 0.084519
0.651774 -0.758271 0.014678
0.654941 -0.747770 -0.109052
0.559007 -0.807486 -0.188356
5
0.577524 -0.721662 0.381666
0.432297 -0.780627 0.451377
0.416022 -0.684248 0.598942
0.567864 -0.582570 0.581500
0.633406 -0.616039 0.468288
6
0.263894 -0.107427 0.958551
0.138275 -0.176335 0.974570
0.048840 -0.127891 0.990585
0.032900 0.045786 0.998409
0.205412 0.096877 0.973869
0.257655 0.059256 0.964418
6
-0.015445 0.077751 0.996853
-0.176366 0.025132 0.984004
-0.272122 0.117309 0.955086
-0.245439 0.228578 0.942078
-0.085486 0.286865 0.954149
-0.034883 0.256603 0.965887
6
0.288664 0.768905 0.570489
0.379000 0.792508 0.477798
0.510756 0.714180 0.478619
0.524636 0.626833 0.576054
0.436414 0.602325 0.668391
0.304581 0.684905 0.661918
6
0.403267 -0.390596 -0.827532
0.440165 -0.288665 -0.850252
0.360015 -0.187650 -0.913880
0.221566 -0.222232 -0.949485
0.177236 -0.325145 -0.928907
0.254386 -0.438714 -0.861869
6
0.803818 0.072344 0.590460
0.749189 -0.048210 0.660599
0.675015 -0.040966 0.736666
0.611308 0.093065 0.785901
0.631618 0.182391 0.753520
0.735230 0.209671 0.644573
6
-0.492683 -0.758549 -0.426459
-0.466002 -0.685018 -0.559994
-0.569345 -0.576313 -0.586268
-0.649994 -0.554802 -0.519329
-0.672835 -0.630715 -0.386641
-0.608155 -0.712573 -0.349839
6
-0.613100 -0.760149 -0.215134
-0.716692 -0.686547 -0.122500
-0.716016 -0.697977 -0.012197
-0.616714 -0.784974 0.058993
-0.520765 -0.853241 -0.027982
-0.528587 -0.832774 -0.164572
6
0.754820 -0.096240 -0.648834
0.846552 -0.049699 -0.529981
0.851177 0.090987 -0.516933
0.781276 0.176237 -0.598790
0.706978 0.116976 -0.697495
0.703819 -0.036254 -0.709454
6
-0.704786 0.512162 -0.490884
-0.648930 0.486770 -0.584761
-0.519527 0.574016 -0.632928
-0.485032 0.656327 -0.577909
-0.544715 0.705476 -0.453420
-0.672076 0.618061 -0.407816
7
0.531792 0.137003 -0.835720
0.601999 0.193710 -0.774645
0.587676 0.325548 -0.740713
0.512018 0.386979 -0.766867
0.373642 0.339894 -0.863055
0.352327 0.262211 -0.898394
0.380896 0.202656 -0.902136
6
-0.591155 -0.048336 -0.805109
-0.459335 -0.055633 -0.886519
-0.397344 0.077866 -0.914360
-0.447514 0.171872 -0.877605
-0.580771 0.174223 -0.795206
-0.629003 0.105249 -0.770245
6
-0.099909 -0.313033 0.944472
-0.232084 -0.369697 0.899700
-0.336186 -0.288995 0.896360
-0.325479 -0.155855 0.932616
-0.195344 -0.108465 0.974718
-0.092183 -0.191949 0.977066
6
0.967305 -0.211700 -0.139656
0.951524 -0.209768 -0.224944
0.890487 -0.328666 -0.314661
0.861300 -0.427804 -0.274127
0.876331 -0.460596 -0.141053
0.939472 -0.339804 -0.043888
6
-0.594599 0.329095 -0.733586
-0.660625 0.355501 -0.661206
-0.755159 0.263122 -0.600418
-0.741329 0.106495 -0.662639
-0.629003 0.105249 -0.770245
-0.580771 0.174223 -0.795206
6
0.335115 0.856793 -0.391923
0.286124 0.815151 -0.503648
0.347037 0.735760 -0.581570
0.490158 0.684484 -0.539654
0.537767 0.718603 -0.440927
0.477385 0.806103 -0.349717
6
0.285873 0.952835 0.101895
0.223109 0.973399 -0.052127
0.328564 0.931482 -0.156165
0.421713 0.896719 -0.134363
0.479753 0.877347 0.009930
0.374022 0.919854 0.118222
6
0.328564 0.931482 -0.156165
0.223109 0.973399 -0.052127
0.132220 0.988832 -0.068764
0.063872 0.972972 -0.221915
0.130611 0.941248 -0.311438
0.264392 0.916714 -0.299554
6
0.205412 0.096877 0.973869
0.032900 0.045786 0.998409
-0.015445 0.077751 0.996853
-0.034883 0.256603 0.965887
0.134247 0.309655 0.941325
0.188972 0.274797 0.942749
6
0.476531 -0.490018 -0.729932
0.596702 -0.432207 -0.676124
0.637845 -0.306500 -0.706549
0.565818 -0.236038 -0.790023
0.440165 -0.288665 -0.850252
0.403267 -0.390596 -0.827532
7
-0.236576 -0.894401 0.379578
-0.310495 -0.919128 0.242478
-0.402384 -0.890335 0.213052
-0.455780 -0.855962 0.244116
-0.470735 -0.780653 0.411084
-0.417122 -0.779700 0.466988
-0.277035 -0.839253 0.467874
6
0.335115 0.856793 -0.391923
0.477385 0.806103 -0.349717
0.514017 0.822877 -0.242198
0.421713 0.896719 -0.134363
0.328564 0.931482 -0.156165
0.264392 0.916714 -0.299554
6
0.889671 0.183648 0.418042
0.820175 0.321694 0.473102
0.816188 0.412496 0.404579
0.870816 0.413894 0.265274
0.930744 0.288195 0.225077
0.932884 0.180742 0.311543
6
-0.417122 -0.779700 0.466988
-0.428362 -0.672900 0.603085
-0.338529 -0.655462 0.675106
-0.233033 -0.706791 0.667938
-0.196470 -0.799868 0.567107
-0.277035 -0.839253 0.467874
6
-0.263680 0.643569 -0.718535
-0.122355 0.680357 -0.722595
-0.070196 0.765980 -0.639020
-0.138802 0.823957 -0.549389
-0.294338 0.789506 -0.538558
-0.339894 0.720301 -0.604680
6
0.147969 0.825008 0.545406
0.125536 0.889239 0.439880
0.220137 0.911924 0.346314
0.347602 0.866646 0.357906
0.379000 0.792508 0.477798
0.288664 0.768905 0.570489
6
-0.232167 -0.490268 0.840081
-0.119714 -0.558816 0.820606
-0.109605 -0.654772 0.747837
-0.233033 -0.706791 0.667938
-0.338529 -0.655462 0.675106
-0.350513 -0.530848 0.771583
6
-0.303438 0.564594 -0.767567
-0.263680 0.643569 -0.718535
-0.339894 0.720301 -0.604680
-0.485032 0.656327 -0.577909
-0.519527 0.574016 -0.632928
-0.444130 0.502381 -0.741864
6
0.352327 0.262211 -0.898394
0.170071 0.264653 -0.949229
0.115214 0.138683 -0.983612
0.205408 0.028390 -0.978264
0.312148 0.037014 -0.949312
0.380896 0.202656 -0.902136
6
-0.742995 -0.121627 -0.658152
-0.781326 -0.217706 -0.584923
-0.719892 -0.347780 -0.600670
-0.609800 -0.356667 -0.707766
-0.578770 -0.273723 -0.768180
-0.637394 -0.133653 -0.758858
7
-0.872296 -0.338608 -0.352766
-0.896851 -0.322163 -0.303100
-0.906043 -0.402423 -0.130929
-0.869046 -0.482601 -0.108880
-0.794572 -0.573543 -0.199260
-0.776555 -0.556128 -0.296115
-0.827887 -0.410286 -0.382451
6
0.816188 0.412496 0.404579
0.820175 0.321694 0.473102
0.747330 0.305091 0.590269
0.650549 0.430680 0.625540
0.646214 0.518137 0.560305
0.721403 0.537278 0.436932
6
0.415733 0.105250 0.903376
0.257655 0.059256 0.964418
0.205412 0.096877 0.973869
0.188972 0.274797 0.942749
0.344321 0.317649 0.883483
0.410670 0.264000 0.872728
6
0.901068 -0.068682 0.428204
0.846647 -0.184673 0.499084
0.783774 -0.174516 0.596022
0.749189 -0.048210 0.660599
0.803818 0.072344 0.590460
0.863488 0.071212 0.499317
6
0.880768 -0.114413 -0.459518
0.944309 -0.072988 -0.320864
0.957054 0.015519 -0.289495
0.912830 0.150082 -0.379758
0.851177 0.090987 -0.516933
0.846552 -0.049699 -0.529981
5
0.846273 -0.274062 -0.456851
0.890487 -0.328666 -0.314661
0.951524 -0.209768 -0.224944
0.944309 -0.072988 -0.320864
0.880768 -0.114413 -0.459518
6
-0.430998 0.634351 0.641747
-0.401595 0.556909 0.727031
-0.503307 0.422233 0.753924
-0.572265 0.407751 0.711514
-0.636098 0.503112 0.585028
-0.539408 0.622145 0.567429
6
-0.883096 -0.309801 0.352371
-0.864470 -0.418977 0.277759
-0.899778 -0.412471 0.142364
-0.950233 -0.299902 0.084357
-0.967759 -0.189846 0.165531
-0.935944 -0.187607 0.298013
6
-0.413393 -0.877353 -0.243636
-0.305032 -0.935997 -0.175685
-0.192686 -0.952626 -0.235320
-0.167111 -0.916064 -0.364555
-0.288271 -0.852873 -0.435324
-0.400350 -0.835993 -0.375280
6
-0.488549 0.831875 0.263256
-0.493306 0.768193 0.408078
-0.556247 0.705045 0.439887
-0.676241 0.645836 0.354392
-0.681232 0.700369 0.213088
-0.617519 0.766903 0.174729
6
-0.470735 -0.780653 0.411084
-0.604308 -0.690161 0.398107
-0.632639 -0.606486 0.481605
-0.548936 -0.587650 0.594421
-0.428362 -0.672900 0.603085
-0.417122 -0.779700 0.466988
6
-0.869046 -0.482601 -0.108880
-0.848501 -0.526813 0.050141
-0.793542 -0.603139 0.080712
-0.716016 -0.697977 -0.012197
-0.716692 -0.686547 -0.122500
-0.794572 -0.573543 -0.199260
6
-0.545882 0.801422 -0.244410
-0.498936 0.776214 -0.385428
-0.353661 0.839102 -0.413318
-0.300838 0.891880 -0.337708
-0.349531 0.916042 -0.196713
-0.486519 0.856720 -0.171263
6
0.478597 0.528153 -0.701427
0.512018 0.386979 -0.766867
0.587676 0.325548 -0.740713
0.687926 0.373249 -0.622450
0.655085 0.502342 -0.564372
0.537592 0.571046 -0.620404
6
-0.904634 0.419586 0.074730
-0.835626 0.523946 0.164954
-0.822270 0.479020 0.307265
-0.859833 0.380421 0.340539
-0.924062 0.281799 0.258259
-0.944922 0.292457 0.146938
6
0.304042 -0.932220 0.196277
0.394216 -0.881755 0.259039
0.523800 -0.829513 0.193758
0.540746 -0.836929 0.084519
0.441801 -0.897046 -0.010999
0.320625 -0.945673 0.053869
6
0.215710 -0.518596 -0.827362
0.055999 -0.551313 -0.832417
0.015245 -0.662179 -0.749191
0.086448 -0.718759 -0.689864
0.243053 -0.688181 -0.683617
0.286031 -0.623099 -0.727966
6
0.987688 0.054785 -0.146530
0.983932 0.142499 -0.107574
0.940133 0.278985 -0.195750
0.907377 0.227351 -0.353522
0.912830 0.150082 -0.379758
0.957054 0.015519 -0.289495
6
-0.261338 -0.160155 -0.951868
-0.202226 -0.024362 -0.979036
-0.269066 0.074787 -0.960214
-0.397344 0.077866 -0.914360
-0.459335 -0.055633 -0.886519
-0.401235 -0.160548 -0.901795
6
-0.980616 0.188138 -0.054740
-0.939502 0.317423 -0.128756
-0.902187 0.428915 -0.045716
-0.904634 0.419586 0.074730
-0.944922 0.292457 0.146938
-0.979762 0.188741 0.066651
6
0.547531 0.300964 0.780789
0.410670 0.264000 0.872728
0.344321 0.317649 0.883483
0.332504 0.464085 0.821015
0.440137 0.505095 0.742400
0.555090 0.400267 0.729151
5
-0.236576 -0.894401 0.379578
-0.062452 -0.930489 0.360957
-0.059280 -0.976167 0.208768
-0.179694 -0.974410 0.135039
-0.310495 -0.919128 0.242478
5
-0.896851 -0.322163 -0.303100
-0.956801 -0.162837 -0.240864
-0.981657 -0.158508 -0.105944
-0.956557 -0.289465 -0.034771
-0.906043 -0.402423 -0.130929
6
0.594643 -0.249384 0.764335
0.487449 -0.362562 0.794319
0.366262 -0.301237 0.880402
0.375013 -0.166136 0.912011
0.467355 -0.103148 0.878032
0.588661 -0.167061 0.790929
6
0.581213 -0.501274 0.641027
0.482467 -0.454339 0.748866
0.487449 -0.362562 0.794319
0.594643 -0.249384 0.764335
0.696205 -0.302443 0.651019
0.693608 -0.386162 0.608101
6
-0.446468 -0.276553 -0.850990
-0.578770 -0.273723 -0.768180
-0.609800 -0.356667 -0.707766
-0.529735 -0.484500 -0.696161
-0.418947 -0.498398 -0.759001
-0.372247 -0.386486 -0.843837
6
0.357337 -0.674387 0.646152
0.259174 -0.715914 0.648303
0.127524 -0.653338 0.746249
0.144165 -0.566538 0.811327
0.253561 -0.502890 0.826322
0.367988 -0.539411 0.757377
5
-0.372161 0.316308 -0.872608
-0.471641 0.412110 -0.779564
-0.594599 0.329095 -0.733586
-0.580771 0.174223 -0.795206
-0.447514 0.171872 -0.877605
6
-0.059369 -0.996010 -0.066636
-0.057989 -0.988709 -0.138171
-0.192686 -0.952626 -0.235320
-0.305032 -0.935997 -0.175685
-0.314729 -0.948553 -0.034532
-0.191296 -0.980724 0.039834
6
-0.375655 -0.695252 -0.612787
-0.256716 -0.780925 -0.569432
-0.169204 -0.776438 -0.607053
-0.127208 -0.672845 -0.728765
-0.209142 -0.598477 -0.773359
-0.334981 -0.594094 -0.731327
6
0.693608 -0.386162 0.608101
0.696205 -0.302443 0.651019
0.783774 -0.174516 0.596022
0.846647 -0.184673 0.499084
0.850562 -0.315071 0.421040
0.766582 -0.422080 0.483942
6
-0.864381 0.032324 -0.501797
-0.882414 0.177058 -0.435885
-0.926392 0.186264 -0.327267
-0.965119 0.073953 -0.251151
-0.946697 -0.062381 -0.316029
-0.897055 -0.067815 -0.436684
6
-0.608155 -0.712573 -0.349839
-0.672835 -0.630715 -0.386641
-0.776555 -0.556128 -0.296115
-0.794572 -0.573543 -0.199260
-0.716692 -0.686547 -0.122500
-0.613100 -0.760149 -0.215134
6
0.983821 0.174627 0.040022
0.960031 0.267544 0.082226
0.919026 0.394167 -0.004956
0.919955 0.357148 -0.161643
0.940133 0.278985 -0.195750
0.983932 0.142499 -0.107574
6
-0.498936 0.776214 -0.385428
-0.544715 0.705476 -0.453420
-0.485032 0.656327 -0.577909
-0.339894 0.720301 -0.604680
-0.294338 0.789506 -0.538558
-0.353661 0.839102 -0.413318
6
0.487449 -0.362562 0.794319
0.482467 -0.454339 0.748866
0.367988 -0.539411 0.757377
0.253561 -0.502890 0.826322
0.258890 -0.371925 0.891430
0.366262 -0.301237 0.880402
6
0.995259 -0.082511 0.051502
0.967418 -0.210587 0.140554
0.947742 -0.208393 0.241572
0.942917 -0.071659 0.325226
0.968672 0.045539 0.244134
0.990780 0.040313 0.129344
6
0.987688 0.054785 -0.146530
0.957054 0.015519 -0.289495
0.944309 -0.072988 -0.320864
0.951524 -0.209768 -0.224944
0.967305 -0.211700 -0.139656
0.994982 -0.086354 -0.050528
5
-0.924062 0.281799 0.258259
-0.859833 0.380421 0.340539
-0.809062 0.310517 0.498997
-0.868880 0.151517 0.471265
-0.933043 0.135400 0.333313
6
0.286794 0.668406 -0.686282
0.148701 0.691643 -0.706765
0.074760 0.595103 -0.800164
0.172260 0.485159 -0.857291
0.271081 0.483023 -0.832589
0.342674 0.575394 -0.742628
6
0.581213 -0.501274 0.641027
0.693608 -0.386162 0.608101
0.766582 -0.422080 0.483942
0.736822 -0.533640 0.415116
0.633406 -0.616039 0.468288
0.567864 -0.582570 0.581500
6
0.715318 -0.665605 0.212813
0.604823 -0.742846 0.287001
0.577524 -0.721662 0.381666
0.633406 -0.616039 0.468288
0.736822 -0.533640 0.415116
0.777039 -0.551998 0.302504
6
0.510756 0.714180 0.478619
0.579715 0.718657 0.384009
0.702507 0.609835 0.366859
0.721403 0.537278 0.436932
0.646214 0.518137 0.560305
0.524636 0.626833 0.576054
6
-0.719892 -0.347780 -0.600670
-0.781326 -0.217706 -0.584923
-0.852417 -0.197613 -0.484082
-0.872296 -0.338608 -0.352766
-0.827887 -0.410286 -0.382451
-0.732979 -0.431515 -0.525868
6
-0.083823 0.893190 -0.441798
-0.138802 0.823957 -0.549389
-0.070196 0.765980 -0.639020
0.079344 0.771916 -0.630754
0.134942 0.838274 -0.528287
0.068118 0.895618 -0.439577
6
0.492535 -0.659943 -0.567349
0.401176 -0.755947 -0.517302
0.438126 -0.812705 -0.384130
0.543842 -0.775318 -0.321120
0.626360 -0.683200 -0.375383
0.586652 -0.624566 -0.515516
6
-0.997019 -0.061009 -0.047232
-0.981657 -0.158508 -0.105944
-0.956801 -0.162837 -0.240864
-0.946697 -0.062381 -0.316029
-0.965119 0.073953 -0.251151
-0.988649 0.080666 -0.126752
6
0.415733 0.105250 0.903376
0.410670 0.264000 0.872728
0.547531 0.300964 0.780789
0.631618 0.182391 0.753520
0.611308 0.093065 0.785901
0.473026 0.053086 0.879448
5
0.753142 0.657840 -0.004872
0.725035 0.670933 0.155478
0.604117 0.777870 0.173093
0.558364 0.829095 0.028835
0.651363 0.754401 -0.081279
6
0.138928 -0.107887 -0.984408
0.221566 -0.222232 -0.949485
0.360015 -0.187650 -0.913880
0.397631 -0.064478 -0.915277
0.312148 0.037014 -0.949312
0.205408 0.028390 -0.978264
6
0.812197 0.436465 -0.387084
0.843074 0.479444 -0.243638
0.805569 0.558158 -0.198789
0.698682 0.661024 -0.273661
0.665969 0.640338 -0.382693
0.707981 0.538824 -0.456543
6
0.651774 -0.758271 0.014678
0.733765 -0.671305 0.104587
0.817053 -0.575602 0.033278
0.822602 -0.562656 -0.082119
0.738323 -0.652609 -0.170239
0.654941 -0.747770 -0.109052
6
-0.994528 -0.047958 0.092807
-0.967759 -0.189846 0.165531
-0.950233 -0.299902 0.084357
-0.956557 -0.289465 -0.034771
-0.981657 -0.158508 -0.105944
-0.997019 -0.061009 -0.047232
6
-0.041788 0.957103 0.286720
-0.177568 0.957874 0.225713
-0.190509 0.974513 0.118449
-0.071822 0.997281 0.016484
0.016614 0.999216 0.035931
0.075875 0.979869 0.184661
6
-0.243211 -0.388121 -0.888938
-0.189434 -0.261352 -0.946472
-0.261338 -0.160155 -0.951868
-0.401235 -0.160548 -0.901795
-0.446468 -0.276553 -0.850990
-0.372247 -0.386486 -0.843837
6
-0.092183 -0.191949 0.977066
-0.195344 -0.108465 0.974718
-0.176366 0.025132 0.984004
-0.015445 0.077751 0.996853
0.032900 0.045786 0.998409
0.048840 -0.127891 0.990585
6
0.805569 0.558158 -0.198789
0.843074 0.479444 -0.243638
0.919955 0.357148 -0.161643
0.919026 0.394167 -0.004956
0.878748 0.476171 0.032592
0.807433 0.588098 -0.046826
6
-0.838416 0.059110 0.541816
-0.866218 -0.077594 0.493604
-0.929296 -0.087399 0.358845
-0.954882 0.056373 0.291587
-0.933043 0.135400 0.333313
-0.868880 0.151517 0.471265
6
0.901068 -0.068682 0.428204
0.863488 0.071212 0.499317
0.889671 0.183648 0.418042
0.932884 0.180742 0.311543
0.968672 0.045539 0.244134
0.942917 -0.071659 0.325226
6
0.138928 -0.107887 -0.984408
0.205408 0.028390 -0.978264
0.115214 0.138683 -0.983612
-0.001978 0.125169 -0.992134
-0.065999 -0.020320 -0.997613
0.008047 -0.117313 -0.993062
6
0.919955 0.357148 -0.161643
0.843074 0.479444 -0.243638
0.812197 0.436465 -0.387084
0.834534 0.347874 -0.427243
0.907377 0.227351 -0.353522
0.940133 0.278985 -0.195750
6
-0.457137 -0.331358 0.825365
-0.336186 -0.288995 0.896360
-0.232084 -0.369697 0.899700
-0.232167 -0.490268 0.840081
-0.350513 -0.530848 0.771583
-0.457132 -0.453461 0.765116
6
-0.300838 0.891880 -0.337708
-0.142716 0.925105 -0.351870
-0.082040 0.972271 -0.218993
-0.136177 0.981329 -0.135826
-0.288919 0.949601 -0.121586
-0.349531 0.916042 -0.196713
6
-0.703345 -0.027219 0.710327
-0.732274 -0.166346 0.660382
-0.815732 -0.181414 0.549245
-0.866218 -0.077594 0.493604
-0.838416 0.059110 0.541816
-0.762490 0.071645 0.643022
6
-0.747834 -0.622089 0.231840
-0.795219 -0.515422 0.319322
-0.729006 -0.510249 0.456285
-0.632639 -0.606486 0.481605
-0.604308 -0.690161 0.398107
-0.668772 -0.696029 0.261318
6
0.960031 0.267544 0.082226
0.930744 0.288195 0.225077
0.870816 0.413894 0.265274
0.847773 0.493665 0.193843
0.878748 0.476171 0.032592
0.919026 0.394167 -0.004956
5
-0.104793 0.442498 0.890626
-0.085486 0.286865 0.954149
-0.245439 0.228578 0.942078
-0.339307 0.335116 0.878959
-0.244900 0.470638 0.847658
5
0.010051 -0.814410 0.580203
0.010208 -0.706484 0.707655
0.127524 -0.653338 0.746249
0.259174 -0.715914 0.648303
0.192488 -0.812813 0.549803
6
-0.353661 0.839102 -0.413318
-0.294338 0.789506 -0.538558
-0.138802 0.823957 -0.549389
-0.083823 0.893190 -0.441798
-0.142716 0.925105 -0.351870
-0.300838 0.891880 -0.337708
6
-0.732979 -0.431515 -0.525868
-0.649994 -0.554802 -0.519329
-0.569345 -0.576313 -0.586268
-0.529735 -0.484500 -0.696161
-0.609800 -0.356667 -0.707766
-0.719892 -0.347780 -0.600670
6
-0.295641 0.332800 -0.895455
-0.215378 0.463968 -0.859271
-0.303438 0.564594 -0.767567
-0.444130 0.502381 -0.741864
-0.471641 0.412110 -0.779564
-0.372161 0.316308 -0.872608
6
-0.070528 -0.910323 -0.407845
0.070133 -0.944418 -0.321180
0.192725 -0.892828 -0.407081
0.187555 -0.852884 -0.487249
0.044117 -0.820255 -0.570295
-0.033747 -0.838135 -0.544418
6
-0.762490 0.071645 0.643022
-0.838416 0.059110 0.541816
-0.868880 0.151517 0.471265
-0.809062 0.310517 0.498997
-0.781944 0.327075 0.530646
-0.697517 0.236908 0.676272
6
0.492535 -0.659943 -0.567349
0.433068 -0.573441 -0.695426
0.286031 -0.623099 -0.727966
0.243053 -0.688181 -0.683617
0.301923 -0.772166 -0.559109
0.401176 -0.755947 -0.517302
6
-0.400350 -0.835993 -0.375280
-0.288271 -0.852873 -0.435324
-0.256716 -0.780925 -0.569432
-0.375655 -0.695252 -0.612787
-0.466002 -0.685018 -0.559994
-0.492683 -0.758549 -0.426459
6
0.601999 0.193710 -0.774645
0.706978 0.116976 -0.697495
0.781276 0.176237 -0.598790
0.766715 0.294569 -0.570418
0.687926 0.373249 -0.622450
0.587676 0.325548 -0.740713
6
-0.697517 0.236908 0.676272
-0.781944 0.327075 0.530646
-0.693070 0.481574 0.536414
-0.636098 0.503112 0.585028
-0.572265 0.407751 0.711514
-0.662579 0.250442 0.705881
6
0.449229 -0.885212 -0.120802
0.329911 -0.918156 -0.219427
0.208121 -0.967967 -0.140446
0.203299 -0.978609 -0.031526
0.320625 -0.945673 0.053869
0.441801 -0.897046 -0.010999
5
-0.776555 -0.556128 -0.296115
-0.672835 -0.630715 -0.386641
-0.649994 -0.554802 -0.519329
-0.732979 -0.431515 -0.525868
-0.827887 -0.410286 -0.382451
6
-0.030746 0.627019 0.778397
0.069212 0.690127 0.720371
0.202211 0.640219 0.741101
0.220424 0.524223 0.822559
0.112721 0.468270 0.876366
-0.010313 0.509686 0.860299
5
0.243053 -0.688181 -0.683617
0.086448 -0.718759 -0.689864
0.044117 -0.820255 -0.570295
0.187555 -0.852884 -0.487249
0.301923 -0.772166 -0.559109
6
0.662154 -0.505967 -0.552765
0.734749 -0.461832 -0.496845
0.793520 -0.318673 -0.518434
0.727680 -0.252224 -0.637860
0.637845 -0.306500 -0.706549
0.596702 -0.432207 -0.676124
6
0.753142 0.657840 -0.004872
0.807433 0.588098 -0.046826
0.878748 0.476171 0.032592
0.847773 0.493665 0.193843
0.757379 0.614417 0.221063
0.725035 0.670933 0.155478
6
0.010208 -0.706484 0.707655
-0.109605 -0.654772 0.747837
-0.119714 -0.558816 0.820606
0.012450 -0.490066 0.871596
0.144165 -0.566538 0.811327
0.127524 -0.653338 0.746249
6
0.702507 0.609835 0.366859
0.579715 0.718657 0.384009
0.551252 0.792501 0.260887
0.604117 0.777870 0.173093
0.725035 0.670933 0.155478
0.757379 0.614417 0.221063
6
0.567864 -0.582570 0.581500
0.416022 -0.684248 0.598942
0.357337 -0.674387 0.646152
0.367988 -0.539411 0.757377
0.482467 -0.454339 0.748866
0.581213 -0.501274 0.641027
6
0.588661 -0.167061 0.790929
0.675015 -0.040966 0.736666
0.749189 -0.048210 0.660599
0.783774 -0.174516 0.596022
0.696205 -0.302443 0.651019
0.594643 -0.249384 0.764335
6
0.366262 -0.301237 0.880402
0.258890 -0.371925 0.891430
0.146347 -0.319526 0.936208
0.138275 -0.176335 0.974570
0.263894 -0.107427 0.958551
0.375013 -0.166136 0.912011
6
-0.167111 -0.916064 -0.364555
-0.070528 -0.910323 -0.407845
-0.033747 -0.838135 -0.544418
-0.169204 -0.776438 -0.607053
-0.256716 -0.780925 -0.569432
-0.288271 -0.852873 -0.435324
6
-0.232084 -0.369697 0.899700
-0.099909 -0.313033 0.944472
0.016120 -0.393898 0.919013
0.012450 -0.490066 0.871596
-0.119714 -0.558816 0.820606
-0.232167 -0.490268 0.840081
6
0.876331 -0.460596 -0.141053
0.861300 -0.427804 -0.274127
0.779315 -0.518667 -0.351643
0.723035 -0.619331 -0.306021
0.738323 -0.652609 -0.170239
0.822602 -0.562656 -0.082119
6
-0.551163 -0.240308 0.799044
-0.533804 -0.108072 0.838674
-0.418720 -0.071199 0.905320
-0.325479 -0.155855 0.932616
-0.336186 -0.288995 0.896360
-0.457137 -0.331358 0.825365
6
-0.988546 0.039437 0.145676
-0.994528 -0.047958 0.092807
-0.997019 -0.061009 -0.047232
-0.988649 0.080666 -0.126752
-0.980616 0.188138 -0.054740
-0.979762 0.188741 0.066651
6
-0.070196 0.765980 -0.639020
-0.122355 0.680357 -0.722595
-0.029851 0.589977 -0.806868
0.074760 0.595103 -0.800164
0.148701 0.691643 -0.706765
0.079344 0.771916 -0.630754
6
-0.783767 0.029929 -0.620333
-0.864381 0.032324 -0.501797
-0.897055 -0.067815 -0.436684
-0.852417 -0.197613 -0.484082
-0.781326 -0.217706 -0.584923
-0.742995 -0.121627 -0.658152
6
-0.209142 -0.598477 -0.773359
-0.127208 -0.672845 -0.728765
0.015245 -0.662179 -0.749191
0.055999 -0.551313 -0.832417
-0.019925 -0.470625 -0.882108
-0.163481 -0.482193 -0.860677
6
-0.190509 0.974513 0.118449
-0.177568 0.957874 0.225713
-0.278389 0.909839 0.307721
-0.424162 0.876262 0.228585
-0.401009 0.913258 0.071777
-0.328565 0.943692 0.038608
6
0.565818 -0.236038 -0.790023
0.588179 -0.081696 -0.804594
0.528953 -0.025197 -0.848277
0.397631 -0.064478 -0.915277
0.360015 -0.187650 -0.913880
0.440165 -0.288665 -0.850252
6
-0.519527 0.574016 -0.632928
-0.648930 0.486770 -0.584761
-0.660625 0.355501 -0.661206
-0.594599 0.329095 -0.733586
-0.471641 0.412110 -0.779564
-0.444130 0.502381 -0.741864
6
-0.521839 0.852946 -0.012924
-0.401009 0.913258 0.071777
-0.424162 0.876262 0.228585
-0.488549 0.831875 0.263256
-0.617519 0.766903 0.174729
-0.600285 0.799386 0.025293
6
0.220137 0.911924 0.346314
0.125536 0.889239 0.439880
-0.019203 0.917155 0.398069
-0.041788 0.957103 0.286720
0.075875 0.979869 0.184661
0.172180 0.963247 0.206179
6
-0.528587 -0.832774 -0.164572
-0.520765 -0.853241 -0.027982
-0.415918 -0.909039 0.025695
-0.314729 -0.948553 -0.034532
-0.305032 -0.935997 -0.175685
-0.413393 -0.877353 -0.243636
6
0.651363 0.754401 -0.081279
0.633025 0.752737 -0.180739
0.698682 0.661024 -0.273661
0.805569 0.558158 -0.198789
0.807433 0.588098 -0.046826
0.753142 0.657840 -0.004872
6
0.514017 0.822877 -0.242198
0.633025 0.752737 -0.180739
0.651363 0.754401 -0.081279
0.558364 0.829095 0.028835
0.479753 0.877347 0.009930
0.421713 0.896719 -0.134363
6
-0.602159 -0.779605 0.172108
-0.455780 -0.855962 0.244116
-0.402384 -0.890335 0.213052
-0.415918 -0.909039 0.025695
-0.520765 -0.853241 -0.027982
-0.616714 -0.784974 0.058993
6
-0.269066 0.074787 -0.960214
-0.202226 -0.024362 -0.979036
-0.065999 -0.020320 -0.997613
-0.001978 0.125169 -0.992134
-0.102133 0.233991 -0.966859
-0.188989 0.224198 -0.956043
6
-0.197635 0.729315 0.655011
-0.329768 0.734165 0.593511
-0.351039 0.800614 0.485581
-0.263888 0.867109 0.422476
-0.117305 0.868127 0.482281
-0.094505 0.807112 0.582786
6
0.125536 0.889239 0.439880
0.147969 0.825008 0.545406
0.048693 0.778378 0.625905
-0.094505 0.807112 0.582786
-0.117305 0.868127 0.482281
-0.019203 0.917155 0.398069
6
-0.019203 0.917155 0.398069
-0.117305 0.868127 0.482281
-0.263888 0.867109 0.422476
-0.278389 0.909839 0.307721
-0.177568 0.957874 0.225713
-0.041788 0.957103 0.286720
6
0.202211 0.640219 0.741101
0.069212 0.690127 0.720371
0.048693 0.778378 0.625905
0.147969 0.825008 0.545406
0.288664 0.768905 0.570489
0.304581 0.684905 0.661918
6
-0.486519 0.856720 -0.171263
-0.349531 0.916042 -0.196713
-0.288919 0.949601 -0.121586
-0.328565 0.943692 0.038608
-0.401009 0.913258 0.071777
-0.521839 0.852946 -0.012924
6
0.172180 0.963247 0.206179
0.075875 0.979869 0.184661
0.016614 0.999216 0.035931
0.132220 0.988832 -0.068764
0.223109 0.973399 -0.052127
0.285873 0.952835 0.101895
6
0.433068 -0.573441 -0.695426
0.492535 -0.659943 -0.567349
0.586652 -0.624566 -0.515516
0.662154 -0.505967 -0.552765
0.596702 -0.432207 -0.676124
0.476531 -0.490018 -0.729932
6
-0.010313 0.509686 0.860299
0.112721 0.468270 0.876366
0.134247 0.309655 0.941325
-0.034883 0.256603 0.965887
-0.085486 0.286865 0.954149
-0.104793 0.442498 0.890626
6
0.727680 -0.252224 -0.637860
0.793520 -0.318673 -0.518434
0.846273 -0.274062 -0.456851
0.880768 -0.114413 -0.459518
0.846552 -0.049699 -0.529981
0.754820 -0.096240 -0.648834
5
-0.071822 0.997281 0.016484
-0.190509 0.974513 0.118449
-0.328565 0.943692 0.038608
-0.288919 0.949601 -0.121586
-0.136177 0.981329 -0.135826
6
-0.637394 -0.133653 -0.758858
-0.578770 -0.273723 -0.768180
-0.446468 -0.276553 -0.850990
-0.401235 -0.160548 -0.901795
-0.459335 -0.055633 -0.886519
-0.591155 -0.048336 -0.805109
6
-0.591155 -0.048336 -0.805109
-0.629003 0.105249 -0.770245
-0.741329 0.106495 -0.662639
-0.783767 0.029929 -0.620333
-0.742995 -0.121627 -0.658152
-0.637394 -0.133653 -0.758858
6
0.374022 0.919854 0.118222
0.423677 0.866173 0.265033
0.347602 0.866646 0.357906
0.220137 0.911924 0.346314
0.172180 0.963247 0.206179
0.285873 0.952835 0.101895
6
0.008047 -0.117313 -0.993062
-0.065999 -0.020320 -0.997613
-0.202226 -0.024362 -0.979036
-0.261338 -0.160155 -0.951868
-0.189434 -0.261352 -0.946472
-0.051353 -0.254997 -0.965577
6
-0.188989 0.224198 -0.956043
-0.102133 0.233991 -0.966859
-0.021186 0.371259 -0.928287
-0.106371 0.476885 -0.872506
-0.215378 0.463968 -0.859271
-0.295641 0.332800 -0.895455
6
-0.616714 -0.784974 0.058993
-0.716016 -0.697977 -0.012197
-0.793542 -0.603139 0.080712
-0.747834 -0.622089 0.231840
-0.668772 -0.696029 0.261318
-0.602159 -0.779605 0.172108
7
0.375939 -0.828318 0.415403
0.235923 -0.855966 0.460068
0.192488 -0.812813 0.549803
0.259174 -0.715914 0.648303
0.357337 -0.674387 0.646152
0.416022 -0.684248 0.598942
0.432297 -0.780627 0.451377
6
0.540746 -0.836929 0.084519
0.523800 -0.829513 0.193758
0.604823 -0.742846 0.287001
0.715318 -0.665605 0.212813
0.733765 -0.671305 0.104587
0.651774 -0.758271 0.014678
6
0.025312 -0.350925 -0.936061
0.177236 -0.325145 -0.928907
0.221566 -0.222232 -0.949485
0.138928 -0.107887 -0.984408
0.008047 -0.117313 -0.993062
-0.051353 -0.254997 -0.965577
6
0.816188 0.412496 0.404579
0.721403 0.537278 0.436932
0.702507 0.609835 0.366859
0.757379 0.614417 0.221063
0.847773 0.493665 0.193843
0.870816 0.413894 0.265274
6
0.079343 -0.995930 0.042747
0.203299 -0.978609 -0.031526
0.208121 -0.967967 -0.140446
0.070644 -0.969272 -0.235631
-0.057989 -0.988709 -0.138171
-0.059369 -0.996010 -0.066636
6
0.146347 -0.319526 0.936208
0.016120 -0.393898 0.919013
-0.099909 -0.313033 0.944472
-0.092183 -0.191949 0.977066
0.048840 -0.127891 0.990585
0.138275 -0.176335 0.974570
6
-0.191296 -0.980724 0.039834
-0.179694 -0.974410 0.135039
-0.059280 -0.976167 0.208768
0.065837 -0.987540 0.142936
0.079343 -0.995930 0.042747
-0.059369 -0.996010 -0.066636
6
-0.558112 0.151087 0.815895
-0.501701 0.168375 0.848496
-0.392555 0.069446 0.917103
-0.418720 -0.071199 0.905320
-0.533804 -0.108072 0.838674
-0.616886 -0.010397 0.786984
6
-0.988649 0.080666 -0.126752
-0.965119 0.073953 -0.251151
-0.926392 0.186264 -0.327267
-0.915679 0.314040 -0.250818
-0.939502 0.317423 -0.128756
-0.980616 0.188138 -0.054740
6
-0.648930 0.486770 -0.584761
-0.704786 0.512162 -0.490884
-0.803740 0.411443 -0.429787
-0.815407 0.280765 -0.506243
-0.755159 0.263122 -0.600418
-0.660625 0.355501 -0.661206
6
0.328023 -0.891443 -0.312619
0.192725 -0.892828 -0.407081
0.070133 -0.944418 -0.321180
0.070644 -0.969272 -0.235631
0.208121 -0.967967 -0.140446
0.329911 -0.918156 -0.219427
6
0.347037 0.735760 -0.581570
0.286124 0.815151 -0.503648
0.134942 0.838274 -0.528287
0.079344 0.771916 -0.630754
0.148701 0.691643 -0.706765
0.286794 0.668406 -0.686282
6
-0.897055 -0.067815 -0.436684
-0.946697 -0.062381 -0.316029
-0.956801 -0.162837 -0.240864
-0.896851 -0.322163 -0.303100
-0.872296 -0.338608 -0.352766
-0.852417 -0.197613 -0.484082
6
-0.486519 0.856720 -0.171263
-0.521839 0.852946 -0.012924
-0.600285 0.799386 0.025293
-0.696525 0.714692 -0.063790
-0.662629 0.719997 -0.206222
-0.545882 0.801422 -0.244410
6
0.754820 -0.096240 -0.648834
0.703819 -0.036254 -0.709454
0.588179 -0.081696 -0.804594
0.565818 -0.236038 -0.790023
0.637845 -0.306500 -0.706549
0.727680 -0.252224 -0.637860
6
-0.783767 0.029929 -0.620333
-0.741329 0.106495 -0.662639
-0.755159 0.263122 -0.600418
-0.815407 0.280765 -0.506243
-0.882414 0.177058 -0.435885
-0.864381 0.032324 -0.501797
6
-0.819192 -0.301848 0.487660
-0.745272 -0.406658 0.528392
-0.729006 -0.510249 0.456285
-0.795219 -0.515422 0.319322
-0.864470 -0.418977 0.277759
-0.883096 -0.309801 0.352371
6
0.055999 -0.551313 -0.832417
0.215710 -0.518596 -0.827362
0.254386 -0.438714 -0.861869
0.177236 -0.325145 -0.928907
0.025312 -0.350925 -0.936061
-0.019925 -0.470625 -0.882108
6
0.579715 0.718657 0.384009
0.510756 0.714180 0.478619
0.379000 0.792508 0.477798
0.347602 0.866646 0.357906
0.423677 0.866173 0.265033
0.551252 0.792501 0.260887
6
-0.809062 0.310517 0.498997
-0.859833 0.380421 0.340539
-0.822270 0.479020 0.307265
-0.733056 0.558993 0.387499
-0.693070 0.481574 0.536414
-0.781944 0.327075 0.530646
6
0.099571 0.371875 -0.922927
-0.021186 0.371259 -0.928287
-0.102133 0.233991 -0.966859
-0.001978 0.125169 -0.992134
0.115214 0.138683 -0.983612
0.170071 0.264653 -0.949229
6
0.890449 -0.323333 0.320244
0.947742 -0.208393 0.241572
0.967418 -0.210587 0.140554
0.938587 -0.342048 0.045355
0.879376 -0.456713 0.134576
0.861641 -0.454053 0.226738
6
-0.275254 0.546878 0.790670
-0.401595 0.556909 0.727031
-0.430998 0.634351 0.641747
-0.329768 0.734165 0.593511
-0.197635 0.729315 0.655011
-0.171579 0.655883 0.735104
6
0.932884 0.180742 0.311543
0.930744 0.288195 0.225077
0.960031 0.267544 0.082226
0.983821 0.174627 0.040022
0.990780 0.040313 0.129344
0.968672 0.045539 0.244134
6
0.134942 0.838274 -0.528287
0.286124 0.815151 -0.503648
0.335115 0.856793 -0.391923
0.264392 0.916714 -0.299554
0.130611 0.941248 -0.311438
0.068118 0.895618 -0.439577
6
-0.215378 0.463968 -0.859271
-0.106371 0.476885 -0.872506
-0.029851 0.589977 -0.806868
-0.122355 0.680357 -0.722595
-0.263680 0.643569 -0.718535
-0.303438 0.564594 -0.767567
6
-0.310495 -0.919128 0.242478
-0.179694 -0.974410 0.135039
-0.191296 -0.980724 0.039834
-0.314729 -0.948553 -0.034532
-0.415918 -0.909039 0.025695
-0.402384 -0.890335 0.213052
6
-0.815407 0.280765 -0.506243
-0.803740 0.411443 -0.429787
-0.847472 0.424758 -0.318390
-0.915679 0.314040 -0.250818
-0.926392 0.186264 -0.327267
-0.882414 0.177058 -0.435885
6
0.476531 -0.490018 -0.729932
0.403267 -0.390596 -0.827532
0.254386 -0.438714 -0.861869
0.215710 -0.518596 -0.827362
0.286031 -0.623099 -0.727966
0.433068 -0.573441 -0.695426
6
-0.559887 -0.484769 0.671957
-0.548936 -0.587650 0.594421
-0.632639 -0.606486 0.481605
-0.729006 -0.510249 0.456285
-0.745272 -0.406658 0.528392
-0.657970 -0.386392 0.646357
6
-0.104793 0.442498 0.890626
-0.244900 0.470638 0.847658
-0.275254 0.546878 0.790670
-0.171579 0.655883 0.735104
-0.030746 0.627019 0.778397
-0.010313 0.509686 0.860299
6
-0.569345 -0.576313 -0.586268
-0.466002 -0.685018 -0.559994
-0.375655 -0.695252 -0.612787
-0.334981 -0.594094 -0.731327
-0.418947 -0.498398 -0.759001
-0.529735 -0.484500 -0.696161
6
-0.939502 0.317423 -0.128756
-0.915679 0.314040 -0.250818
-0.847472 0.424758 -0.318390
-0.811385 0.534593 -0.236356
-0.837697 0.535074 -0.109357
-0.902187 0.428915 -0.045716
6
0.851177 0.090987 -0.516933
0.912830 0.150082 -0.379758
0.907377 0.227351 -0.353522
0.834534 0.347874 -0.427243
0.766715 0.294569 -0.570418
0.781276 0.176237 -0.598790
6
0.654941 -0.747770 -0.109052
0.738323 -0.652609 -0.170239
0.723035 -0.619331 -0.306021
0.626360 -0.683200 -0.375383
0.543842 -0.775318 -0.321120
0.559007 -0.807486 -0.188356
6
-0.033747 -0.838135 -0.544418
0.044117 -0.820255 -0.570295
0.086448 -0.718759 -0.689864
0.015245 -0.662179 -0.749191
-0.127208 -0.672845 -0.728765
-0.169204 -0.776438 -0.607053
6
0.863488 0.071212 0.499317
0.803818 0.072344 0.590460
0.735230 0.209671 0.644573
0.747330 0.305091 0.590269
0.820175 0.321694 0.473102
0.889671 0.183648 0.418042
6
-0.811385 0.534593 -0.236356
-0.847472 0.424758 -0.318390
-0.803740 0.411443 -0.429787
-0.704786 0.512162 -0.490884
-0.672076 0.618061 -0.407816
-0.716455 0.633726 -0.291693
6
0.188972 0.274797 0.942749
0.134247 0.309655 0.941325
0.112721 0.468270 0.876366
0.220424 0.524223 0.822559
0.332504 0.464085 0.821015
0.344321 0.317649 0.883483
6
0.436414 0.602325 0.668391
0.524636 0.626833 0.576054
0.646214 0.518137 0.560305
0.650549 0.430680 0.625540
0.555090 0.400267 0.729151
0.440137 0.505095 0.742400
6
0.069212 0.690127 0.720371
-0.030746 0.627019 0.778397
-0.171579 0.655883 0.735104
-0.197635 0.729315 0.655011
-0.094505 0.807112 0.582786
0.048693 0.778378 0.625905
6
0.547531 0.300964 0.780789
0.555090 0.400267 0.729151
0.650549 0.430680 0.625540
0.747330 0.305091 0.590269
0.735230 0.209671 0.644573
0.631618 0.182391 0.753520
6
-0.401595 0.556909 0.727031
-0.275254 0.546878 0.790670
-0.244900 0.470638 0.847658
-0.339307 0.335116 0.878959
-0.422003 0.322043 0.847468
-0.503307 0.422233 0.753924
6
0.537592 0.571046 -0.620404
0.490158 0.684484 -0.539654
0.347037 0.735760 -0.581570
0.286794 0.668406 -0.686282
0.342674 0.575394 -0.742628
0.478597 0.528153 -0.701427
5
-0.668772 -0.696029 0.261318
-0.604308 -0.690161 0.398107
-0.470735 -0.780653 0.411084
-0.455780 -0.855962 0.244116
-0.602159 -0.779605 0.172108
6
0.531792 0.137003 -0.835720
0.528953 -0.025197 -0.848277
0.588179 -0.081696 -0.804594
0.703819 -0.036254 -0.709454
0.706978 0.116976 -0.697495
0.601999 0.193710 -0.774645
6
-0.681232 0.700369 0.213088
-0.676241 0.645836 0.354392
-0.733056 0.558993 0.387499
-0.822270 0.479020 0.307265
-0.835626 0.523946 0.164954
-0.781275 0.612199 0.121745
6
-0.019925 -0.470625 -0.882108
0.025312 -0.350925 -0.936061
-0.051353 -0.254997 -0.965577
-0.189434 -0.261352 -0.946472
-0.243211 -0.388121 -0.888938
-0.163481 -0.482193 -0.860677
6
-0.979762 0.188741 0.066651
-0.944922 0.292457 0.146938
-0.924062 0.281799 0.258259
-0.933043 0.135400 0.333313
-0.954882 0.056373 0.291587
-0.988546 0.039437 0.145676
6
-0.654924 -0.270073 0.705787
-0.732274 -0.166346 0.660382
-0.703345 -0.027219 0.710327
-0.616886 -0.010397 0.786984
-0.533804 -0.108072 0.838674
-0.551163 -0.240308 0.799044
6
0.523800 -0.829513 0.193758
0.394216 -0.881755 0.259039
0.375939 -0.828318 0.415403
0.432297 -0.780627 0.451377
0.577524 -0.721662 0.381666
0.604823 -0.742846 0.287001
6
6
6
