100
6
-0.209323 0.388832 -0.897214
-0.348212 0.517554 -0.781592
-0.578470 0.399304 -0.711287
-0.600037 0.202384 -0.773948
-0.469243 0.112493 -0.875874
-0.240461 0.240380 -0.940423
6
-0.670013 -0.048674 0.740752
-0.595638 -0.252302 0.762600
-0.695515 -0.416684 0.585349
-0.851862 -0.302780 0.427383
-0.884303 -0.149173 0.442442
-0.791977 0.005814 0.610523
6
0.446257 -0.752617 0.484172
0.289344 -0.894384 0.341112
0.091815 -0.906579 0.411929
0.027086 -0.750250 0.660599
0.035829 -0.740940 0.670615
0.318960 -0.662785 0.677481
6
-0.346999 0.074773 0.934880
-0.517836 0.134395 0.844857
-0.548894 0.325365 0.769970
-0.385824 0.494808 0.778656
-0.186284 0.417249 0.889495
-0.164410 0.246492 0.955097
5
-0.578344 -0.814749 -0.041261
-0.537350 -0.791493 -0.291195
-0.713307 -0.592622 -0.374154
-0.834826 -0.520174 -0.180234
-0.752044 -0.658173 0.035198
6
-0.383980 0.750293 -0.538164
-0.291882 0.690245 -0.662092
-0.054009 0.738472 -0.672118
0.034271 0.880821 -0.472208
-0.131950 0.934771 -0.329837
-0.303987 0.886297 -0.349384
6
-0.752044 -0.658173 0.035198
-0.774129 -0.603803 0.190124
-0.630289 -0.682982 0.369150
-0.443754 -0.847616 0.290913
-0.456416 -0.887060 0.069343
-0.578344 -0.814749 -0.041261
6
-0.670013 -0.048674 0.740752
-0.517836 0.134395 0.844857
-0.346999 0.074773 0.934880
-0.288370 -0.121470 0.949783
-0.442409 -0.299890 0.845186
-0.595638 -0.252302 0.762600
6
-0.111152 -0.286401 -0.951640
-0.175766 -0.170265 -0.969596
-0.442631 -0.118378 -0.888856
-0.530047 -0.230453 -0.816053
-0.450972 -0.455264 -0.767697
-0.189793 -0.477620 -0.857822
6
0.799711 0.572073 -0.182197
0.753896 0.655297 0.047186
0.563634 0.825216 0.036538
0.486446 0.859688 -0.155908
0.605543 0.698951 -0.380507
0.617460 0.687965 -0.381377
6
0.920032 0.351938 0.172282
0.795903 0.578607 0.178193
0.753896 0.655297 0.047186
0.799711 0.572073 -0.182197
0.889949 0.402329 -0.214759
0.961655 0.273703 -0.017479
6
0.172659 0.504286 0.846099
0.371721 0.586774 0.719389
0.517733 0.485503 0.704443
0.534283 0.241415 0.810099
0.448407 0.183535 0.874783
0.220990 0.276361 0.935301
6
0.990292 -0.081041 0.112931
0.997060 0.061050 -0.046317
0.956717 -0.026820 -0.289781
0.916686 -0.294230 -0.270399
0.918194 -0.359196 -0.167025
0.960071 -0.268561 0.078347
5
0.198956 0.877954 -0.435446
0.359779 0.754977 -0.548241
0.605543 0.698951 -0.380507
0.486446 0.859688 -0.155908
0.287276 0.938223 -0.192900
6
0.172659 0.504286 0.846099
0.027255 0.559265 0.828541
-0.044642 0.747947 0.662256
0.171501 0.825235 0.538122
0.322020 0.761039 0.563136
0.371721 0.586774 0.719389
6
0.587862 -0.399353 0.703517
0.618782 -0.192078 0.761719
0.750713 -0.060136 0.657886
0.863938 -0.147132 0.481626
0.831087 -0.368882 0.416197
0.689435 -0.482449 0.540297
6
-0.668546 0.704676 -0.237651
-0.763256 0.631409 -0.136978
-0.887676 0.415183 -0.199134
-0.835288 0.345997 -0.427294
-0.678542 0.491981 -0.545469
-0.616106 0.637829 -0.462155
6
0.524508 0.102322 -0.845235
0.448195 -0.082979 -0.890076
0.560993 -0.278651 -0.779513
0.746890 -0.211476 -0.630424
0.789382 -0.032464 -0.613043
0.682555 0.133009 -0.718628
5
0.789382 -0.032464 -0.613043
0.916396 0.054245 -0.396580
0.872548 0.301741 -0.384203
0.704401 0.392670 -0.591294
0.682555 0.133009 -0.718628
6
-0.346999 0.074773 0.934880
-0.164410 0.246492 0.955097
0.059570 0.146080 0.987478
0.076401 -0.037742 0.996363
-0.094491 -0.180695 0.978990
-0.288370 -0.121470 0.949783
6
0.026019 0.470974 -0.881763
0.078107 0.623732 -0.777726
-0.054009 0.738472 -0.672118
-0.291882 0.690245 -0.662092
-0.348212 0.517554 -0.781592
-0.209323 0.388832 -0.897214
6
-0.835288 0.345997 -0.427294
-0.861772 0.152133 -0.483948
-0.757856 0.068706 -0.648794
-0.600037 0.202384 -0.773948
-0.578470 0.399304 -0.711287
-0.678542 0.491981 -0.545469
5
-0.240461 0.240380 -0.940423
-0.469243 0.112493 -0.875874
-0.442631 -0.118378 -0.888856
-0.175766 -0.170265 -0.969596
-0.076384 0.064601 -0.994983
6
0.671267 -0.716337 0.190425
0.580914 -0.690253 0.431382
0.689435 -0.482449 0.540297
0.831087 -0.368882 0.416197
0.873802 -0.420159 0.244820
0.765531 -0.629968 0.130778
6
0.163309 -0.600105 -0.783074
0.244035 -0.773730 -0.584627
0.357159 -0.773289 -0.523891
0.552714 -0.606295 -0.571764
0.475157 -0.440674 -0.761599
0.250777 -0.483857 -0.838447
6
0.682555 0.133009 -0.718628
0.704401 0.392670 -0.591294
0.677319 0.431884 -0.595579
0.440294 0.485215 -0.755452
0.369415 0.305809 -0.877504
0.524508 0.102322 -0.845235
6
-0.989490 0.072985 -0.124830
-0.948962 0.305133 -0.079785
-0.921247 0.348138 0.173503
-0.932005 0.229847 0.280246
-0.971227 0.004315 0.238117
-0.995025 -0.073041 0.067746
6
0.459804 0.863852 0.205769
0.231400 0.955835 0.181202
0.162688 0.984964 -0.058119
0.287276 0.938223 -0.192900
0.486446 0.859688 -0.155908
0.563634 0.825216 0.036538
6
-0.989490 0.072985 -0.124830
-0.948266 -0.005358 -0.317433
-0.861772 0.152133 -0.483948
-0.835288 0.345997 -0.427294
-0.887676 0.415183 -0.199134
-0.948962 0.305133 -0.079785
6
0.339894 -0.928699 0.148291
0.157953 -0.987407 -0.008819
-0.067751 -0.992663 0.100152
-0.078078 -0.955187 0.285521
0.091815 -0.906579 0.411929
0.289344 -0.894384 0.341112
6
0.681911 0.606608 0.408685
0.501370 0.775030 0.384651
0.459804 0.863852 0.205769
0.563634 0.825216 0.036538
0.753896 0.655297 0.047186
0.795903 0.578607 0.178193
6
-0.530047 -0.230453 -0.816053
-0.442631 -0.118378 -0.888856
-0.469243 0.112493 -0.875874
-0.600037 0.202384 -0.773948
-0.757856 0.068706 -0.648794
-0.729122 -0.169058 -0.663174
6
0.176719 -0.965436 -0.191584
0.398652 -0.871468 -0.285691
0.357159 -0.773289 -0.523891
0.244035 -0.773730 -0.584627
0.009179 -0.870870 -0.491428
-0.008307 -0.939587 -0.342210
6
-0.130770 0.950865 0.280635
-0.238314 0.889450 0.389980
-0.472166 0.815017 0.335868
-0.538787 0.825938 0.165939
-0.433907 0.900886 -0.011360
-0.184608 0.981174 0.056727
5
0.816315 0.283108 0.503467
0.730498 0.131473 0.670140
0.534283 0.241415 0.810099
0.517733 0.485503 0.704443
0.688848 0.512033 0.513138
6
-0.692100 -0.513394 -0.507370
-0.505975 -0.552456 -0.662406
-0.450972 -0.455264 -0.767697
-0.530047 -0.230453 -0.816053
-0.729122 -0.169058 -0.663174
-0.791205 -0.279043 -0.544178
6
0.517733 0.485503 0.704443
0.371721 0.586774 0.719389
0.322020 0.761039 0.563136
0.501370 0.775030 0.384651
0.681911 0.606608 0.408685
0.688848 0.512033 0.513138
6
-0.961143 -0.274457 0.029634
-0.876179 -0.418269 0.239502
-0.774129 -0.603803 0.190124
-0.752044 -0.658173 0.035198
-0.834826 -0.520174 -0.180234
-0.917901 -0.362526 -0.161345
6
-0.995025 -0.073041 0.067746
-0.961143 -0.274457 0.029634
-0.917901 -0.362526 -0.161345
-0.915135 -0.204055 -0.347693
-0.948266 -0.005358 -0.317433
-0.989490 0.072985 -0.124830
6
-0.695515 -0.416684 0.585349
-0.604974 -0.581008 0.544460
-0.630289 -0.682982 0.369150
-0.774129 -0.603803 0.190124
-0.876179 -0.418269 0.239502
-0.851862 -0.302780 0.427383
6
-0.047947 0.994804 -0.089806
-0.131950 0.934771 -0.329837
0.034271 0.880821 -0.472208
0.198956 0.877954 -0.435446
0.287276 0.938223 -0.192900
0.162688 0.984964 -0.058119
6
-0.164410 0.246492 0.955097
-0.186284 0.417249 0.889495
0.027255 0.559265 0.828541
0.172659 0.504286 0.846099
0.220990 0.276361 0.935301
0.059570 0.146080 0.987478
5
-0.616106 0.637829 -0.462155
-0.383980 0.750293 -0.538164
-0.303987 0.886297 -0.349384
-0.463971 0.872689 -0.152132
-0.668546 0.704676 -0.237651
6
-0.692100 -0.513394 -0.507370
-0.713307 -0.592622 -0.374154
-0.537350 -0.791493 -0.291195
-0.417566 -0.831840 -0.365623
-0.346454 -0.754154 -0.557873
-0.505975 -0.552456 -0.662406
6
-0.616106 0.637829 -0.462155
-0.678542 0.491981 -0.545469
-0.578470 0.399304 -0.711287
-0.348212 0.517554 -0.781592
-0.291882 0.690245 -0.662092
-0.383980 0.750293 -0.538164
6
-0.971227 0.004315 0.238117
-0.884303 -0.149173 0.442442
-0.851862 -0.302780 0.427383
-0.876179 -0.418269 0.239502
-0.961143 -0.274457 0.029634
-0.995025 -0.073041 0.067746
6
0.889949 0.402329 -0.214759
0.799711 0.572073 -0.182197
0.617460 0.687965 -0.381377
0.677319 0.431884 -0.595579
0.704401 0.392670 -0.591294
0.872548 0.301741 -0.384203
6
-0.693058 0.549210 0.466946
-0.557505 0.663115 0.499466
-0.387372 0.618274 0.683872
-0.385824 0.494808 0.778656
-0.548894 0.325365 0.769970
-0.735782 0.355079 0.576667
6
-0.695515 -0.416684 0.585349
-0.595638 -0.252302 0.762600
-0.442409 -0.299890 0.845186
-0.329738 -0.494180 0.804400
-0.389501 -0.631325 0.670610
-0.604974 -0.581008 0.544460
6
-0.463971 0.872689 -0.152132
-0.433907 0.900886 -0.011360
-0.538787 0.825938 0.165939
-0.748730 0.654199 0.106895
-0.763256 0.631409 -0.136978
-0.668546 0.704676 -0.237651
6
-0.047666 -0.482942 0.874354
-0.021265 -0.448065 0.893748
0.254974 -0.393172 0.883405
0.377711 -0.505123 0.776006
0.318960 -0.662785 0.677481
0.035829 -0.740940 0.670615
5
0.027086 -0.750250 0.660599
0.091815 -0.906579 0.411929
-0.078078 -0.955187 0.285521
-0.307101 -0.869185 0.387565
-0.266933 -0.762506 0.589348
5
-0.557505 0.663115 0.499466
-0.472166 0.815017 0.335868
-0.238314 0.889450 0.389980
-0.164312 0.767265 0.619924
-0.387372 0.618274 0.683872
6
0.990292 -0.081041 0.112931
0.947318 0.000258 0.320294
0.907265 0.227920 0.353445
0.920032 0.351938 0.172282
0.961655 0.273703 -0.017479
0.997060 0.061050 -0.046317
6
-0.184608 0.981174 0.056727
-0.433907 0.900886 -0.011360
-0.463971 0.872689 -0.152132
-0.303987 0.886297 -0.349384
-0.131950 0.934771 -0.329837
-0.047947 0.994804 -0.089806
6
0.424617 -0.085192 0.901356
0.448407 0.183535 0.874783
0.534283 0.241415 0.810099
0.730498 0.131473 0.670140
0.750713 -0.060136 0.657886
0.618782 -0.192078 0.761719
6
0.552714 -0.606295 -0.571764
0.669470 -0.572574 -0.473253
0.797934 -0.358986 -0.484180
0.746890 -0.211476 -0.630424
0.560993 -0.278651 -0.779513
0.475157 -0.440674 -0.761599
5
0.254974 -0.393172 0.883405
-0.021265 -0.448065 0.893748
-0.094491 -0.180695 0.978990
0.076401 -0.037742 0.996363
0.308311 -0.153557 0.938810
6
0.997060 0.061050 -0.046317
0.961655 0.273703 -0.017479
0.889949 0.402329 -0.214759
0.872548 0.301741 -0.384203
0.916396 0.054245 -0.396580
0.956717 -0.026820 -0.289781
6
0.034271 0.880821 -0.472208
-0.054009 0.738472 -0.672118
0.078107 0.623732 -0.777726
0.320651 0.636908 -0.701093
0.359779 0.754977 -0.548241
0.198956 0.877954 -0.435446
6
-0.076384 0.064601 -0.994983
-0.175766 -0.170265 -0.969596
-0.111152 -0.286401 -0.951640
0.159105 -0.293757 -0.942546
0.260593 -0.113535 -0.958750
0.107724 0.094270 -0.989701
6
0.677319 0.431884 -0.595579
0.617460 0.687965 -0.381377
0.605543 0.698951 -0.380507
0.359779 0.754977 -0.548241
0.320651 0.636908 -0.701093
0.440294 0.485215 -0.755452
6
-0.094491 -0.180695 0.978990
-0.021265 -0.448065 0.893748
-0.047666 -0.482942 0.874354
-0.329738 -0.494180 0.804400
-0.442409 -0.299890 0.845186
-0.288370 -0.121470 0.949783
6
-0.076384 0.064601 -0.994983
0.107724 0.094270 -0.989701
0.200587 0.284337 -0.937506
0.026019 0.470974 -0.881763
-0.209323 0.388832 -0.897214
-0.240461 0.240380 -0.940423
6
-0.212958 -0.948935 -0.232746
-0.417566 -0.831840 -0.365623
-0.537350 -0.791493 -0.291195
-0.578344 -0.814749 -0.041261
-0.456416 -0.887060 0.069343
-0.232074 -0.972098 -0.034172
6
0.446257 -0.752617 0.484172
0.318960 -0.662785 0.677481
0.377711 -0.505123 0.776006
0.587862 -0.399353 0.703517
0.689435 -0.482449 0.540297
0.580914 -0.690253 0.431382
6
0.524508 0.102322 -0.845235
0.369415 0.305809 -0.877504
0.200587 0.284337 -0.937506
0.107724 0.094270 -0.989701
0.260593 -0.113535 -0.958750
0.448195 -0.082979 -0.890076
6
-0.175686 -0.762483 -0.622699
-0.091327 -0.610502 -0.786732
-0.189793 -0.477620 -0.857822
-0.450972 -0.455264 -0.767697
-0.505975 -0.552456 -0.662406
-0.346454 -0.754154 -0.557873
6
-0.948962 0.305133 -0.079785
-0.887676 0.415183 -0.199134
-0.763256 0.631409 -0.136978
-0.748730 0.654199 0.106895
-0.802893 0.556939 0.212557
-0.921247 0.348138 0.173503
6
0.250777 -0.483857 -0.838447
0.475157 -0.440674 -0.761599
0.560993 -0.278651 -0.779513
0.448195 -0.082979 -0.890076
0.260593 -0.113535 -0.958750
0.159105 -0.293757 -0.942546
5
-0.884303 -0.149173 0.442442
-0.971227 0.004315 0.238117
-0.932005 0.229847 0.280246
-0.807507 0.249998 0.534259
-0.791977 0.005814 0.610523
6
0.863938 -0.147132 0.481626
0.750713 -0.060136 0.657886
0.730498 0.131473 0.670140
0.816315 0.283108 0.503467
0.907265 0.227920 0.353445
0.947318 0.000258 0.320294
5
0.163309 -0.600105 -0.783074
-0.091327 -0.610502 -0.786732
-0.175686 -0.762483 -0.622699
0.009179 -0.870870 -0.491428
0.244035 -0.773730 -0.584627
6
0.200587 0.284337 -0.937506
0.369415 0.305809 -0.877504
0.440294 0.485215 -0.755452
0.320651 0.636908 -0.701093
0.078107 0.623732 -0.777726
0.026019 0.470974 -0.881763
6
-0.630289 -0.682982 0.369150
-0.604974 -0.581008 0.544460
-0.389501 -0.631325 0.670610
-0.266933 -0.762506 0.589348
-0.307101 -0.869185 0.387565
-0.443754 -0.847616 0.290913
6
0.697039 -0.673439 -0.246203
0.669470 -0.572574 -0.473253
0.552714 -0.606295 -0.571764
0.357159 -0.773289 -0.523891
0.398652 -0.871468 -0.285691
0.525533 -0.829767 -0.187889
6
0.250777 -0.483857 -0.838447
0.159105 -0.293757 -0.942546
-0.111152 -0.286401 -0.951640
-0.189793 -0.477620 -0.857822
-0.091327 -0.610502 -0.786732
0.163309 -0.600105 -0.783074
6
-0.915135 -0.204055 -0.347693
-0.791205 -0.279043 -0.544178
-0.729122 -0.169058 -0.663174
-0.757856 0.068706 -0.648794
-0.861772 0.152133 -0.483948
-0.948266 -0.005358 -0.317433
6
0.580914 -0.690253 0.431382
0.671267 -0.716337 0.190425
0.511147 -0.857135 0.063633
0.339894 -0.928699 0.148291
0.289344 -0.894384 0.341112
0.446257 -0.752617 0.484172
6
-0.212958 -0.948935 -0.232746
-0.232074 -0.972098 -0.034172
-0.067751 -0.992663 0.100152
0.157953 -0.987407 -0.008819
0.176719 -0.965436 -0.191584
-0.008307 -0.939587 -0.342210
6
0.960071 -0.268561 0.078347
0.873802 -0.420159 0.244820
0.831087 -0.368882 0.416197
0.863938 -0.147132 0.481626
0.947318 0.000258 0.320294
0.990292 -0.081041 0.112931
6
0.671267 -0.716337 0.190425
0.765531 -0.629968 0.130778
0.796507 -0.592074 -0.122573
0.697039 -0.673439 -0.246203
0.525533 -0.829767 -0.187889
0.511147 -0.857135 0.063633
5
0.765531 -0.629968 0.130778
0.873802 -0.420159 0.244820
0.960071 -0.268561 0.078347
0.918194 -0.359196 -0.167025
0.796507 -0.592074 -0.122573
6
0.377711 -0.505123 0.776006
0.254974 -0.393172 0.883405
0.308311 -0.153557 0.938810
0.424617 -0.085192 0.901356
0.618782 -0.192078 0.761719
0.587862 -0.399353 0.703517
6
0.746890 -0.211476 -0.630424
0.797934 -0.358986 -0.484180
0.916686 -0.294230 -0.270399
0.956717 -0.026820 -0.289781
0.916396 0.054245 -0.396580
0.789382 -0.032464 -0.613043
6
-0.548894 0.325365 0.769970
-0.517836 0.134395 0.844857
-0.670013 -0.048674 0.740752
-0.791977 0.005814 0.610523
-0.807507 0.249998 0.534259
-0.735782 0.355079 0.576667
6
-0.184608 0.981174 0.056727
-0.047947 0.994804 -0.089806
0.162688 0.984964 -0.058119
0.231400 0.955835 0.181202
0.106308 0.942485 0.316892
-0.130770 0.950865 0.280635
6
0.525533 -0.829767 -0.187889
0.398652 -0.871468 -0.285691
0.176719 -0.965436 -0.191584
0.157953 -0.987407 -0.008819
0.339894 -0.928699 0.148291
0.511147 -0.857135 0.063633
6
0.501370 0.775030 0.384651
0.322020 0.761039 0.563136
0.171501 0.825235 0.538122
0.106308 0.942485 0.316892
0.231400 0.955835 0.181202
0.459804 0.863852 0.205769
6
-0.735782 0.355079 0.576667
-0.807507 0.249998 0.534259
-0.932005 0.229847 0.280246
-0.921247 0.348138 0.173503
-0.802893 0.556939 0.212557
-0.693058 0.549210 0.466946
6
-0.238314 0.889450 0.389980
-0.130770 0.950865 0.280635
0.106308 0.942485 0.316892
0.171501 0.825235 0.538122
-0.044642 0.747947 0.662256
-0.164312 0.767265 0.619924
6
0.796507 -0.592074 -0.122573
0.918194 -0.359196 -0.167025
0.916686 -0.294230 -0.270399
0.797934 -0.358986 -0.484180
0.669470 -0.572574 -0.473253
0.697039 -0.673439 -0.246203
6
0.059570 0.146080 0.987478
0.220990 0.276361 0.935301
0.448407 0.183535 0.874783
0.424617 -0.085192 0.901356
0.308311 -0.153557 0.938810
0.076401 -0.037742 0.996363
6
-0.443754 -0.847616 0.290913
-0.307101 -0.869185 0.387565
-0.078078 -0.955187 0.285521
-0.067751 -0.992663 0.100152
-0.232074 -0.972098 -0.034172
-0.456416 -0.887060 0.069343
6
-0.791205 -0.279043 -0.544178
-0.915135 -0.204055 -0.347693
-0.917901 -0.362526 -0.161345
-0.834826 -0.520174 -0.180234
-0.713307 -0.592622 -0.374154
-0.692100 -0.513394 -0.507370
6
0.688848 0.512033 0.513138
0.681911 0.606608 0.408685
0.795903 0.578607 0.178193
0.920032 0.351938 0.172282
0.907265 0.227920 0.353445
0.816315 0.283108 0.503467
6
-0.008307 -0.939587 -0.342210
0.009179 -0.870870 -0.491428
-0.175686 -0.762483 -0.622699
-0.346454 -0.754154 -0.557873
-0.417566 -0.831840 -0.365623
-0.212958 -0.948935 -0.232746
6
-0.329738 -0.494180 0.804400
-0.047666 -0.482942 0.874354
0.035829 -0.740940 0.670615
0.027086 -0.750250 0.660599
-0.266933 -0.762506 0.589348
-0.389501 -0.631325 0.670610
6
-0.186284 0.417249 0.889495
-0.385824 0.494808 0.778656
-0.387372 0.618274 0.683872
-0.164312 0.767265 0.619924
-0.044642 0.747947 0.662256
0.027255 0.559265 0.828541
6
-0.472166 0.815017 0.335868
-0.557505 0.663115 0.499466
-0.693058 0.549210 0.466946
-0.802893 0.556939 0.212557
-0.748730 0.654199 0.106895
-0.538787 0.825938 0.165939
