512
6
-0.456320 -0.521276 0.721141
-0.396210 -0.502891 0.768192
-0.300726 -0.566510 0.767223
-0.295571 -0.632982 0.715522
-0.365228 -0.659285 0.657231
-0.459227 -0.597379 0.657457
6
-0.531061 0.845874 0.049715
-0.576344 0.810417 0.105132
-0.658283 0.748689 0.078281
-0.677774 0.735133 -0.014218
-0.616105 0.783240 -0.083370
-0.548236 0.834517 -0.054940
6
0.573771 -0.786186 -0.229561
0.607147 -0.741150 -0.286478
0.562867 -0.732014 -0.383844
0.468558 -0.790309 -0.394797
0.440922 -0.828910 -0.344231
0.484236 -0.841016 -0.241263
6
-0.317853 -0.820791 -0.474628
-0.285371 -0.775569 -0.563077
-0.336108 -0.721641 -0.605199
-0.431599 -0.696108 -0.573721
-0.461341 -0.742917 -0.485014
-0.415373 -0.794727 -0.442577
6
0.792386 0.510899 -0.333326
0.746263 0.575659 -0.334227
0.684263 0.599666 -0.414953
0.686475 0.532180 -0.495516
0.741125 0.458486 -0.490432
0.795349 0.440482 -0.416409
6
0.555194 -0.597197 -0.578892
0.497400 -0.571505 -0.652668
0.405308 -0.626666 -0.665594
0.384115 -0.681523 -0.622882
0.441476 -0.718800 -0.537053
0.536334 -0.660755 -0.525117
6
0.711567 -0.383580 -0.588675
0.645335 -0.450683 -0.616788
0.635554 -0.533004 -0.558551
0.686711 -0.544620 -0.481473
0.752031 -0.475743 -0.456199
0.761373 -0.389945 -0.517933
6
0.732563 0.186050 0.654780
0.754682 0.121581 0.644728
0.713222 0.029968 0.700297
0.635590 0.059190 0.769754
0.612100 0.127354 0.780458
0.651895 0.216047 0.726881
5
0.543091 -0.074574 -0.836356
0.446572 -0.074170 -0.891668
0.409454 -0.182802 -0.893829
0.486057 -0.251536 -0.836946
0.570839 -0.172031 -0.802838
6
-0.681061 -0.389947 0.619756
-0.607348 -0.470428 0.640177
-0.603133 -0.533783 0.592711
-0.659759 -0.551506 0.510451
-0.734630 -0.468359 0.490875
-0.741002 -0.407383 0.533813
6
-0.576344 0.810417 0.105132
-0.552518 0.807957 0.204766
-0.591997 0.763005 0.259544
-0.679688 0.697596 0.226680
-0.702328 0.696112 0.148874
-0.658283 0.748689 0.078281
5
0.955179 -0.168533 -0.243371
0.977391 -0.159313 -0.139018
0.992265 -0.051054 -0.113153
0.975135 0.019264 -0.220774
0.952184 -0.084367 -0.293647
6
-0.777667 0.260172 -0.572315
-0.796699 0.313726 -0.516572
-0.853033 0.293450 -0.431535
-0.885461 0.194952 -0.421844
-0.867039 0.136129 -0.479284
-0.810626 0.155505 -0.564539
6
0.623678 0.279873 0.729861
0.651624 0.366362 0.664202
0.733222 0.335061 0.591709
0.760769 0.275605 0.587599
0.732563 0.186050 0.654780
0.651895 0.216047 0.726881
6
-0.375428 0.762168 -0.527403
-0.298214 0.821976 -0.485205
-0.311414 0.860163 -0.403908
-0.395198 0.848412 -0.352159
-0.468105 0.789729 -0.396492
-0.456899 0.752260 -0.474709
6
-0.780594 -0.166971 -0.602324
-0.774405 -0.060399 -0.629800
-0.803802 -0.008606 -0.594835
-0.865905 -0.021653 -0.499740
-0.871631 -0.129458 -0.472759
-0.841955 -0.181685 -0.508038
6
-0.133017 -0.835390 -0.533320
-0.166884 -0.878779 -0.447099
-0.108534 -0.915241 -0.388012
-0.011197 -0.915250 -0.402731
0.022409 -0.872032 -0.488936
-0.036867 -0.834618 -0.549593
6
0.023966 -0.997542 -0.065845
0.063444 -0.981375 -0.181323
0.008428 -0.970459 -0.241118
-0.081876 -0.969843 -0.229568
-0.122174 -0.985633 -0.116622
-0.027339 -0.998345 -0.050595
6
0.508425 0.580517 0.636007
0.480325 0.529366 0.699328
0.390666 0.545782 0.741285
0.339799 0.612609 0.713615
0.389625 0.692530 0.607120
0.435110 0.676315 0.594371
6
0.309662 -0.026206 -0.950485
0.270459 0.027419 -0.962341
0.165982 0.023567 -0.985847
0.124295 -0.074050 -0.989478
0.190232 -0.150144 -0.970190
0.271859 -0.133734 -0.952999
6
-0.825314 0.327715 0.459848
-0.785566 0.391023 0.479570
-0.721423 0.401585 0.564161
-0.716604 0.315671 0.621957
-0.755653 0.245472 0.607233
-0.820702 0.238440 0.519225
6
-0.891987 -0.250325 0.376426
-0.849863 -0.332438 0.408923
-0.841050 -0.398796 0.365510
-0.878435 -0.403070 0.256684
-0.913397 -0.339846 0.224076
-0.928953 -0.252889 0.270359
6
-0.461352 -0.255801 0.849541
-0.472303 -0.348875 0.809455
-0.540750 -0.371402 0.754751
-0.611304 -0.299023 0.732729
-0.602712 -0.209955 0.769842
-0.526656 -0.191881 0.828139
6
-0.531019 -0.788863 -0.309377
-0.581729 -0.726091 -0.366583
-0.664568 -0.675787 -0.318844
-0.683990 -0.687773 -0.243160
-0.629139 -0.756488 -0.178634
-0.550303 -0.803630 -0.226596
6
0.741519 -0.120597 -0.660005
0.689760 -0.110119 -0.715615
0.625455 -0.188448 -0.757162
0.640129 -0.280958 -0.715051
0.708349 -0.288303 -0.644301
0.758543 -0.218364 -0.613946
6
0.953636 0.014295 0.300623
0.954599 -0.089468 0.284141
0.929225 -0.141484 0.341355
0.892303 -0.112478 0.437199
0.891226 -0.013713 0.453352
0.916211 0.044436 0.398226
6
-0.998587 0.050570 -0.016315
-0.990632 0.124073 -0.057041
-0.976258 0.216536 -0.005799
-0.972137 0.225438 0.064238
-0.980818 0.141155 0.134429
-0.994796 0.048161 0.089787
6
-0.683390 0.664664 -0.301993
-0.729189 0.602630 -0.324222
-0.718754 0.554006 -0.420084
-0.658409 0.582154 -0.477069
-0.598189 0.658989 -0.455964
-0.609339 0.703991 -0.364832
5
0.368162 -0.505221 -0.780518
0.448356 -0.465878 -0.762847
0.467908 -0.339244 -0.816073
0.340928 -0.353461 -0.871111
0.299836 -0.449480 -0.841466
6
-0.795563 0.549110 -0.256043
-0.729189 0.602630 -0.324222
-0.683390 0.664664 -0.301993
-0.682250 0.701465 -0.206112
-0.748417 0.649236 -0.135518
-0.793722 0.586729 -0.160483
6
-0.263821 -0.866538 -0.423687
-0.166884 -0.878779 -0.447099
-0.133017 -0.835390 -0.533320
-0.190719 -0.787686 -0.585813
-0.285371 -0.775569 -0.563077
-0.317853 -0.820791 -0.474628
6
-0.337792 0.344166 0.876040
-0.226646 0.342252 0.911864
-0.196261 0.291169 0.936324
-0.241328 0.186336 0.952386
-0.361409 0.194172 0.911965
-0.382705 0.230870 0.894559
6
0.013757 -0.903914 0.427493
0.094365 -0.916735 0.388191
0.103535 -0.947261 0.303278
0.005142 -0.969922 0.243362
-0.051282 -0.962757 0.265459
-0.079079 -0.926014 0.369113
6
-0.841050 -0.398796 0.365510
-0.849863 -0.332438 0.408923
-0.799754 -0.322468 0.506368
-0.741002 -0.407383 0.533813
-0.734630 -0.468359 0.490875
-0.784258 -0.481057 0.391820
6
0.896388 0.357435 0.262160
0.891931 0.289644 0.347224
0.843742 0.322865 0.428785
0.811167 0.390399 0.435427
0.812850 0.466649 0.348588
0.853246 0.442974 0.275220
6
0.299836 -0.449480 -0.841466
0.340928 -0.353461 -0.871111
0.304314 -0.297796 -0.904826
0.200511 -0.309411 -0.929548
0.156933 -0.405568 -0.900492
0.226007 -0.469196 -0.853684
6
0.929225 -0.141484 0.341355
0.954599 -0.089468 0.284141
0.974332 -0.117518 0.192008
0.958751 -0.228857 0.168587
0.937443 -0.273392 0.215540
0.913268 -0.253255 0.319066
6
-0.087114 0.700854 -0.707965
-0.003743 0.686329 -0.727282
0.076383 0.729640 -0.679552
0.066330 0.781969 -0.619778
-0.028703 0.810869 -0.584524
-0.109893 0.764715 -0.634928
6
0.286669 -0.852375 -0.437353
0.313909 -0.811334 -0.493152
0.257059 -0.775783 -0.576264
0.153469 -0.806299 -0.571253
0.124018 -0.857604 -0.499135
0.178268 -0.883130 -0.433938
5
-0.819733 0.437651 -0.369458
-0.828935 0.486936 -0.275248
-0.884516 0.420605 -0.201798
-0.912951 0.312807 -0.262054
-0.860722 0.346036 -0.373385
6
-0.365228 -0.659285 0.657231
-0.356114 -0.724680 0.589933
-0.417486 -0.738292 0.529746
-0.511376 -0.677670 0.528449
-0.514032 -0.609408 0.603650
-0.459227 -0.597379 0.657457
6
0.753012 -0.540202 0.375706
0.760904 -0.574290 0.302021
0.710111 -0.649190 0.272572
0.632853 -0.691345 0.348625
0.635098 -0.635466 0.439127
0.675747 -0.582026 0.452341
6
0.406708 -0.736831 0.540063
0.338254 -0.792092 0.508109
0.248290 -0.791909 0.557882
0.237174 -0.736130 0.633925
0.311681 -0.679433 0.664249
0.392614 -0.677437 0.622040
6
0.120833 -0.992673 -0.000831
0.174042 -0.984531 -0.020221
0.207104 -0.969208 -0.133208
0.163477 -0.968557 -0.187542
0.063444 -0.981375 -0.181323
0.023966 -0.997542 -0.065845
6
0.919143 0.363693 -0.151338
0.945480 0.288522 -0.151071
0.970416 0.235105 -0.054941
0.964784 0.262888 0.009018
0.931688 0.362147 0.028416
0.905615 0.418314 -0.069817
6
-0.174256 0.580407 0.795464
-0.225182 0.499560 0.836500
-0.312511 0.488410 0.814734
-0.362383 0.544506 0.756434
-0.300543 0.632275 0.714075
-0.228711 0.642932 0.730979
6
0.430417 0.902278 0.025191
0.467435 0.877665 0.105868
0.417140 0.889232 0.187777
0.318223 0.930576 0.181003
0.286441 0.952058 0.107410
0.333052 0.942672 0.021106
6
-0.133017 -0.835390 -0.533320
-0.036867 -0.834618 -0.549593
-0.001554 -0.779647 -0.626217
-0.068588 -0.727578 -0.682588
-0.152077 -0.730030 -0.666280
-0.190719 -0.787686 -0.585813
6
-0.809755 0.556785 0.185169
-0.774039 0.623019 0.112740
-0.702328 0.696112 0.148874
-0.679688 0.697596 0.226680
-0.712745 0.634512 0.298980
-0.782478 0.563017 0.265971
6
-0.678926 0.053239 -0.732273
-0.699963 -0.045709 -0.712715
-0.659128 -0.107640 -0.744288
-0.575057 -0.091302 -0.813003
-0.554692 0.004901 -0.832041
-0.597834 0.070420 -0.798520
6
-0.702328 0.696112 0.148874
-0.774039 0.623019 0.112740
-0.788828 0.613778 0.032032
-0.736741 0.674879 -0.041859
-0.677774 0.735133 -0.014218
-0.658283 0.748689 0.078281
6
0.340600 -0.578843 -0.740900
0.368162 -0.505221 -0.780518
0.299836 -0.449480 -0.841466
0.226007 -0.469196 -0.853684
0.182652 -0.555918 -0.810921
0.251599 -0.613236 -0.748759
6
-0.479046 0.870124 -0.115754
-0.548236 0.834517 -0.054940
-0.616105 0.783240 -0.083370
-0.626585 0.758535 -0.178932
-0.551002 0.797539 -0.245619
-0.486198 0.847629 -0.212452
5
-0.104847 -0.172437 0.979425
-0.064275 -0.277555 0.958557
-0.151203 -0.343101 0.927049
-0.246315 -0.280238 0.927791
-0.218948 -0.174533 0.960000
6
-0.036867 -0.834618 -0.549593
0.022409 -0.872032 -0.488936
0.124018 -0.857604 -0.499135
0.153469 -0.806299 -0.571253
0.090993 -0.765682 -0.636750
-0.001554 -0.779647 -0.626217
6
-0.352135 -0.921508 0.163779
-0.380689 -0.884149 0.270845
-0.292456 -0.893986 0.339497
-0.235276 -0.916086 0.324701
-0.202495 -0.955215 0.215777
-0.299903 -0.942618 0.146727
6
-0.514032 -0.609408 0.603650
-0.511376 -0.677670 0.528449
-0.557885 -0.681531 0.473581
-0.648617 -0.604667 0.462250
-0.659759 -0.551506 0.510451
-0.603133 -0.533783 0.592711
6
0.844089 0.535978 0.015566
0.869131 0.490137 -0.066168
0.905615 0.418314 -0.069817
0.931688 0.362147 0.028416
0.915157 0.391393 0.096432
0.870445 0.479412 0.111756
6
0.491842 0.231195 0.839429
0.395960 0.250810 0.883352
0.357887 0.329462 0.873711
0.398946 0.402239 0.824042
0.494323 0.384091 0.779820
0.531890 0.305091 0.789945
6
-0.806213 -0.541654 0.237971
-0.768929 -0.536480 0.347759
-0.696102 -0.616995 0.367096
-0.677505 -0.661844 0.320857
-0.713494 -0.666868 0.214971
-0.761075 -0.621700 0.185077
6
-0.887009 0.029459 -0.460811
-0.867039 0.136129 -0.479284
-0.885461 0.194952 -0.421844
-0.925730 0.172002 -0.336807
-0.947145 0.085494 -0.309204
-0.933143 0.017149 -0.359096
6
0.408710 0.676427 -0.612701
0.484850 0.614303 -0.622538
0.556133 0.613217 -0.560964
0.555739 0.674918 -0.485428
0.480965 0.738723 -0.472187
0.407723 0.736662 -0.539529
6
0.110436 0.577620 0.808801
0.205474 0.571465 0.794486
0.255158 0.489712 0.833712
0.213312 0.427100 0.878683
0.113482 0.432805 0.894316
0.063564 0.515618 0.854458
6
0.570839 -0.172031 -0.802838
0.625455 -0.188448 -0.757162
0.689760 -0.110119 -0.715615
0.660029 -0.009247 -0.751183
0.581904 -0.006088 -0.813235
0.543091 -0.074574 -0.836356
6
-0.228711 0.642932 0.730979
-0.165304 0.715000 0.679301
-0.091427 0.719826 0.688107
-0.035226 0.652207 0.757222
-0.084165 0.588680 0.803973
-0.174256 0.580407 0.795464
6
0.988980 0.042127 0.141930
0.968029 0.069764 0.240941
0.951587 0.171224 0.255274
0.957197 0.232172 0.172829
0.973719 0.204424 0.100408
0.991778 0.098881 0.081237
6
0.251599 -0.613236 -0.748759
0.182652 -0.555918 -0.810921
0.103899 -0.572364 -0.813390
0.061423 -0.651147 -0.756462
0.124057 -0.703824 -0.699458
0.220522 -0.678870 -0.700361
6
-0.588798 -0.737007 0.331869
-0.549240 -0.741990 0.384431
-0.458278 -0.800645 0.385938
-0.437629 -0.852668 0.285374
-0.519691 -0.827131 0.213953
-0.573502 -0.785814 0.231501
6
0.998719 -0.022440 -0.045355
0.992265 -0.051054 -0.113153
0.977391 -0.159313 -0.139018
0.973299 -0.210577 -0.091354
0.980295 -0.197019 0.014348
0.995372 -0.087537 0.039655
6
-0.174256 0.580407 0.795464
-0.084165 0.588680 0.803973
-0.031867 0.514707 0.856774
-0.080272 0.442159 0.893337
-0.177897 0.437512 0.881440
-0.225182 0.499560 0.836500
6
-0.664607 0.377069 -0.645071
-0.598890 0.393237 -0.697636
-0.541376 0.485657 -0.686330
-0.572396 0.545681 -0.612042
-0.636755 0.527980 -0.561944
-0.693526 0.436411 -0.573208
6
0.703845 -0.456766 0.544028
0.778511 -0.417446 0.468679
0.795559 -0.449728 0.405994
0.753012 -0.540202 0.375706
0.675747 -0.582026 0.452341
0.668775 -0.512644 0.538458
6
0.870445 0.479412 0.111756
0.915157 0.391393 0.096432
0.924784 0.330032 0.189348
0.896388 0.357435 0.262160
0.853246 0.442974 0.275220
0.842058 0.506922 0.184307
6
-0.307287 -0.300127 0.903049
-0.246315 -0.280238 0.927791
-0.151203 -0.343101 0.927049
-0.145927 -0.408065 0.901215
-0.228372 -0.460612 0.857719
-0.325124 -0.396561 0.858507
6
-0.906583 0.244386 0.344067
-0.872201 0.316497 0.372954
-0.825314 0.327715 0.459848
-0.820702 0.238440 0.519225
-0.853977 0.164310 0.493686
-0.901242 0.156132 0.404211
6
-0.683990 -0.687773 -0.243160
-0.664568 -0.675787 -0.318844
-0.707128 -0.597110 -0.378721
-0.776530 -0.538075 -0.327835
-0.796950 -0.550262 -0.249164
-0.754881 -0.627480 -0.190850
6
-0.327382 -0.934109 -0.142344
-0.405555 -0.891094 -0.203658
-0.484077 -0.859595 -0.163604
-0.498676 -0.863096 -0.079920
-0.416226 -0.909205 -0.010130
-0.357897 -0.933138 -0.034103
6
-0.798189 -0.251284 0.547494
-0.842278 -0.166912 0.512550
-0.829512 -0.086768 0.551707
-0.769684 -0.078380 0.633595
-0.726759 -0.157078 0.668691
-0.737585 -0.238080 0.631891
6
0.001948 -0.859295 0.511476
0.013757 -0.903914 0.427493
-0.079079 -0.926014 0.369113
-0.141900 -0.909938 0.389715
-0.165422 -0.859108 0.484323
-0.087031 -0.835783 0.542119
6
-0.670030 -0.202789 -0.714099
-0.659128 -0.107640 -0.744288
-0.699963 -0.045709 -0.712715
-0.774405 -0.060399 -0.629800
-0.780594 -0.166971 -0.602324
-0.741787 -0.219925 -0.633549
6
-0.061852 0.048948 0.996884
-0.105216 -0.021132 0.994225
-0.225562 -0.016627 0.974087
-0.254890 0.031691 0.966451
-0.215211 0.139800 0.966509
-0.096226 0.130860 0.986720
6
0.821751 0.089362 0.562797
0.836501 0.018133 0.547665
0.796591 -0.066668 0.600832
0.729261 -0.035294 0.683325
0.713222 0.029968 0.700297
0.754682 0.121581 0.644728
6
-0.212271 -0.286974 -0.934124
-0.258246 -0.374770 -0.890425
-0.187857 -0.452825 -0.871584
-0.113115 -0.448901 -0.886393
-0.066703 -0.358231 -0.931247
-0.136905 -0.280512 -0.950037
6
-0.468105 0.789729 -0.396492
-0.550847 0.764264 -0.335362
-0.609339 0.703991 -0.364832
-0.598189 0.658989 -0.455964
-0.527823 0.680022 -0.508894
-0.456899 0.752260 -0.474709
6
0.819716 -0.525857 0.227025
0.864361 -0.432473 0.256607
0.904439 -0.382886 0.188117
0.908119 -0.406453 0.100573
0.863319 -0.499325 0.073176
0.820573 -0.553246 0.143452
6
0.777193 -0.612155 -0.145726
0.801034 -0.596884 -0.045536
0.853507 -0.520677 -0.020535
0.883183 -0.461288 -0.084854
0.859695 -0.475965 -0.185422
0.811814 -0.544810 -0.210093
6
0.046600 0.775266 0.629914
0.102675 0.706516 0.700210
0.057278 0.654488 0.753900
-0.035226 0.652207 0.757222
-0.091427 0.719826 0.688107
-0.026379 0.778130 0.627549
6
-0.178574 0.056055 -0.982328
-0.145018 0.137505 -0.979828
-0.195026 0.215335 -0.956868
-0.299478 0.199890 -0.932929
-0.333693 0.121458 -0.934824
-0.280448 0.039024 -0.959076
6
0.271027 -0.912627 0.306031
0.183585 -0.949420 0.254751
0.103535 -0.947261 0.303278
0.094365 -0.916735 0.388191
0.180065 -0.880935 0.437643
0.267541 -0.882777 0.386170
6
-0.783991 0.099515 -0.612744
-0.803802 -0.008606 -0.594835
-0.774405 -0.060399 -0.629800
-0.699963 -0.045709 -0.712715
-0.678926 0.053239 -0.732273
-0.715064 0.116537 -0.689277
6
0.894599 -0.250415 -0.370114
0.856888 -0.320014 -0.404145
0.846137 -0.407738 -0.343223
0.882110 -0.400755 -0.247542
0.919305 -0.326838 -0.219216
0.929043 -0.244673 -0.277516
6
0.344730 -0.835519 0.427866
0.338254 -0.792092 0.508109
0.406708 -0.736831 0.540063
0.493760 -0.722425 0.484048
0.498030 -0.769657 0.399493
0.433316 -0.823021 0.367253
6
-0.955659 -0.094407 0.278933
-0.920374 -0.092247 0.380002
-0.891109 -0.173535 0.419297
-0.891987 -0.250325 0.376426
-0.928953 -0.252889 0.270359
-0.954267 -0.185123 0.234743
6
0.537533 -0.601271 0.591212
0.549043 -0.664854 0.506478
0.493760 -0.722425 0.484048
0.406708 -0.736831 0.540063
0.392614 -0.677437 0.622040
0.456758 -0.615248 0.642527
6
0.080058 -0.418632 -0.904620
0.010799 -0.349452 -0.936892
-0.066703 -0.358231 -0.931247
-0.113115 -0.448901 -0.886393
-0.042744 -0.518659 -0.853912
0.033957 -0.509982 -0.859515
6
-0.412857 0.894425 0.171908
-0.437168 0.896439 0.072677
-0.390963 0.920221 0.018482
-0.284207 0.957920 0.040208
-0.254078 0.962063 0.099394
-0.313425 0.929500 0.194408
6
-0.602712 -0.209955 0.769842
-0.611304 -0.299023 0.732729
-0.679741 -0.318654 0.660615
-0.737585 -0.238080 0.631891
-0.726759 -0.157078 0.668691
-0.655044 -0.143543 0.741831
6
0.195618 -0.937585 -0.287520
0.163477 -0.968557 -0.187542
0.207104 -0.969208 -0.133208
0.313862 -0.939898 -0.134471
0.350011 -0.916671 -0.192888
0.305765 -0.907111 -0.289238
6
-0.683390 0.664664 -0.301993
-0.609339 0.703991 -0.364832
-0.550847 0.764264 -0.335362
-0.551002 0.797539 -0.245619
-0.626585 0.758535 -0.178932
-0.682250 0.701465 -0.206112
6
-0.990913 -0.022402 0.132629
-0.971163 -0.022845 0.237319
-0.955659 -0.094407 0.278933
-0.954267 -0.185123 0.234743
-0.975296 -0.182501 0.124461
-0.989483 -0.115161 0.087532
6
0.566635 -0.459763 0.683771
0.640973 -0.374670 0.669907
0.687034 -0.374376 0.622758
0.703845 -0.456766 0.544028
0.668775 -0.512644 0.538458
0.587445 -0.539714 0.603006
6
0.313909 -0.811334 -0.493152
0.418086 -0.764993 -0.489887
0.441476 -0.718800 -0.537053
0.384115 -0.681523 -0.622882
0.282340 -0.726307 -0.626707
0.257059 -0.775783 -0.576264
6
-0.348445 0.281071 -0.894195
-0.310420 0.353580 -0.882395
-0.357728 0.434608 -0.826527
-0.432205 0.426580 -0.794499
-0.487266 0.340248 -0.804241
-0.442265 0.262842 -0.857506
6
-0.717043 -0.696643 0.023185
-0.651648 -0.752675 0.093999
-0.580316 -0.813446 0.039213
-0.573144 -0.818821 -0.032227
-0.641351 -0.760291 -0.103084
-0.713593 -0.698847 -0.048966
6
-0.382705 0.230870 0.894559
-0.495159 0.235543 0.836264
-0.514911 0.274315 0.812169
-0.466809 0.384968 0.796172
-0.364125 0.386907 0.847181
-0.337792 0.344166 0.876040
6
-0.386639 -0.417775 0.822177
-0.325124 -0.396561 0.858507
-0.228372 -0.460612 0.857719
-0.224520 -0.527396 0.819417
-0.300726 -0.566510 0.767223
-0.396210 -0.502891 0.768192
6
-0.827730 -0.558212 -0.057122
-0.863381 -0.495067 -0.097376
-0.908468 -0.415490 -0.045312
-0.903304 -0.424277 0.063485
-0.870065 -0.483130 0.097843
-0.822628 -0.566836 0.044507
6
-0.737585 -0.238080 0.631891
-0.679741 -0.318654 0.660615
-0.681061 -0.389947 0.619756
-0.741002 -0.407383 0.533813
-0.799754 -0.322468 0.506368
-0.798189 -0.251284 0.547494
6
0.710008 0.480860 0.514453
0.711857 0.558027 0.426458
0.759800 0.541925 0.359196
0.812850 0.466649 0.348588
0.811167 0.390399 0.435427
0.748258 0.421005 0.512703
6
0.543091 -0.074574 -0.836356
0.581904 -0.006088 -0.813235
0.545928 0.082994 -0.833711
0.446121 0.086134 -0.890818
0.414316 -0.024820 -0.909795
0.446572 -0.074170 -0.891668
6
0.329835 0.588579 -0.738095
0.334440 0.666335 -0.666444
0.248604 0.718679 -0.649382
0.166895 0.689235 -0.705054
0.172815 0.625087 -0.761184
0.245292 0.575733 -0.779976
6
0.340782 -0.205003 -0.917519
0.271859 -0.133734 -0.952999
0.190232 -0.150144 -0.970190
0.150402 -0.243917 -0.958062
0.200511 -0.309411 -0.929548
0.304314 -0.297796 -0.904826
6
0.635590 0.059190 0.769754
0.713222 0.029968 0.700297
0.729261 -0.035294 0.683325
0.673794 -0.129619 0.727461
0.602213 -0.104059 0.791525
0.581405 -0.032438 0.812967
6
-0.531061 0.845874 0.049715
-0.437168 0.896439 0.072677
-0.412857 0.894425 0.171908
-0.458579 0.858328 0.230170
-0.552518 0.807957 0.204766
-0.576344 0.810417 0.105132
6
0.759800 0.541925 0.359196
0.711857 0.558027 0.426458
0.644523 0.629667 0.433717
0.634794 0.691264 0.345239
0.681042 0.678249 0.275973
0.748117 0.606733 0.268694
6
0.054110 -0.632794 0.772427
-0.031627 -0.681806 0.730849
-0.121947 -0.644103 0.755156
-0.130568 -0.578673 0.805040
-0.043976 -0.526356 0.849126
0.040906 -0.562940 0.825485
6
0.708349 -0.288303 -0.644301
0.640129 -0.280958 -0.715051
0.589501 -0.343663 -0.731016
0.588427 -0.434978 -0.681577
0.645335 -0.450683 -0.616788
0.711567 -0.383580 -0.588675
6
0.549027 0.833192 -0.066027
0.473456 0.878634 -0.061980
0.416706 0.896897 -0.148096
0.444362 0.866710 -0.226619
0.523519 0.817653 -0.239524
0.583927 0.797007 -0.154303
6
0.358056 -0.901194 0.244225
0.355073 -0.919979 0.166018
0.270676 -0.955802 0.114790
0.188208 -0.966636 0.173757
0.183585 -0.949420 0.254751
0.271027 -0.912627 0.306031
6
0.334440 0.666335 -0.666444
0.329835 0.588579 -0.738095
0.394153 0.535876 -0.746646
0.477656 0.538998 -0.693776
0.484850 0.614303 -0.622538
0.408710 0.676427 -0.612701
6
0.640973 -0.374670 0.669907
0.615512 -0.290664 0.732570
0.686161 -0.195375 0.700723
0.749927 -0.222238 0.623073
0.752570 -0.285042 0.593624
0.687034 -0.374376 0.622758
6
-0.598890 0.393237 -0.697636
-0.561685 0.327098 -0.759945
-0.487266 0.340248 -0.804241
-0.432205 0.426580 -0.794499
-0.471897 0.497057 -0.728181
-0.541376 0.485657 -0.686330
6
0.882219 0.338982 -0.326773
0.879486 0.408723 -0.243821
0.844246 0.475855 -0.246600
0.792386 0.510899 -0.333326
0.795349 0.440482 -0.416409
0.840600 0.360424 -0.404335
6
-0.527823 0.680022 -0.508894
-0.598189 0.658989 -0.455964
-0.658409 0.582154 -0.477069
-0.636755 0.527980 -0.561944
-0.572396 0.545681 -0.612042
-0.505665 0.630143 -0.589256
6
-0.042744 -0.518659 -0.853912
-0.113115 -0.448901 -0.886393
-0.187857 -0.452825 -0.871584
-0.231459 -0.534723 -0.812710
-0.180347 -0.599054 -0.780134
-0.087547 -0.600528 -0.794797
6
0.760769 0.275605 0.587599
0.827903 0.241040 0.506435
0.850257 0.172492 0.497303
0.821751 0.089362 0.562797
0.754682 0.121581 0.644728
0.732563 0.186050 0.654780
6
0.556133 0.613217 -0.560964
0.622109 0.543142 -0.563894
0.686475 0.532180 -0.495516
0.684263 0.599666 -0.414953
0.625467 0.663377 -0.410757
0.555739 0.674918 -0.485428
6
-0.664607 0.377069 -0.645071
-0.711212 0.277106 -0.646057
-0.681753 0.216528 -0.698805
-0.606890 0.231553 -0.760308
-0.561685 0.327098 -0.759945
-0.598890 0.393237 -0.697636
6
0.473367 0.072257 0.877897
0.522983 0.152361 0.838615
0.612100 0.127354 0.780458
0.635590 0.059190 0.769754
0.581405 -0.032438 0.812967
0.502276 -0.009710 0.864653
6
0.101022 -0.408820 0.907007
0.037875 -0.391716 0.919306
0.000683 -0.294431 0.955673
0.083933 -0.222937 0.971213
0.149705 -0.234438 0.960535
0.192080 -0.335284 0.922329
6
0.810024 -0.223132 -0.542285
0.813499 -0.320279 -0.485428
0.856888 -0.320014 -0.404145
0.894599 -0.250415 -0.370114
0.891977 -0.153761 -0.425129
0.853002 -0.148804 -0.500244
6
0.635554 -0.533004 -0.558551
0.645335 -0.450683 -0.616788
0.588427 -0.434978 -0.681577
0.511114 -0.494897 -0.702736
0.497400 -0.571505 -0.652668
0.555194 -0.597197 -0.578892
6
-0.870065 -0.483130 0.097843
-0.903304 -0.424277 0.063485
-0.934644 -0.337111 0.113127
-0.913397 -0.339846 0.224076
-0.878435 -0.403070 0.256684
-0.848757 -0.486274 0.207723
6
-0.321186 0.921601 -0.217925
-0.327977 0.933792 -0.143050
-0.406488 0.909809 -0.083758
-0.479046 0.870124 -0.115754
-0.486198 0.847629 -0.212452
-0.402834 0.873560 -0.273164
6
0.305765 -0.907111 -0.289238
0.350011 -0.916671 -0.192888
0.448925 -0.873695 -0.187415
0.484236 -0.841016 -0.241263
0.440922 -0.828910 -0.344231
0.336566 -0.874925 -0.348181
6
0.480325 0.529366 0.699328
0.508425 0.580517 0.636007
0.589981 0.563547 0.578219
0.634796 0.506016 0.583937
0.618674 0.424083 0.661359
0.527106 0.448883 0.721570
6
0.129371 0.978287 0.161918
0.182183 0.978187 0.099796
0.286441 0.952058 0.107410
0.318223 0.930576 0.181003
0.264904 0.926783 0.266268
0.159987 0.953823 0.254217
6
0.952184 -0.084367 -0.293647
0.975135 0.019264 -0.220774
0.971394 0.064605 -0.228517
0.929426 0.091814 -0.357403
0.910978 0.016579 -0.412123
0.925061 -0.074732 -0.372393
6
-0.001554 -0.779647 -0.626217
0.090993 -0.765682 -0.636750
0.124057 -0.703824 -0.699458
0.061423 -0.651147 -0.756462
-0.028120 -0.660215 -0.750550
-0.068588 -0.727578 -0.682588
6
0.915157 0.391393 0.096432
0.931688 0.362147 0.028416
0.964784 0.262888 0.009018
0.973719 0.204424 0.100408
0.957197 0.232172 0.172829
0.924784 0.330032 0.189348
6
-0.543259 -0.449004 0.709412
-0.540750 -0.371402 0.754751
-0.472303 -0.348875 0.809455
-0.386639 -0.417775 0.822177
-0.396210 -0.502891 0.768192
-0.456320 -0.521276 0.721141
6
-0.679741 -0.318654 0.660615
-0.611304 -0.299023 0.732729
-0.540750 -0.371402 0.754751
-0.543259 -0.449004 0.709412
-0.607348 -0.470428 0.640177
-0.681061 -0.389947 0.619756
6
0.150402 -0.243917 -0.958062
0.190232 -0.150144 -0.970190
0.124295 -0.074050 -0.989478
0.039810 -0.085635 -0.995531
-0.002554 -0.181369 -0.983412
0.055385 -0.253399 -0.965775
6
0.433143 -0.538246 0.722965
0.376180 -0.535583 0.756068
0.343835 -0.448363 0.825074
0.431520 -0.367535 0.823838
0.483948 -0.373006 0.791619
0.514402 -0.460109 0.723664
6
-0.565210 -0.600294 -0.565848
-0.597823 -0.629006 -0.496950
-0.556344 -0.702789 -0.443361
-0.461341 -0.742917 -0.485014
-0.431599 -0.696108 -0.573721
-0.472371 -0.639659 -0.606384
6
0.937443 -0.273392 0.215540
0.958751 -0.228857 0.168587
0.967214 -0.245761 0.064017
0.934848 -0.353097 0.037164
0.908119 -0.406453 0.100573
0.904439 -0.382886 0.188117
6
0.225093 -0.596867 0.770119
0.289007 -0.605858 0.741223
0.311681 -0.679433 0.664249
0.237174 -0.736130 0.633925
0.149066 -0.723752 0.673768
0.135723 -0.657404 0.741214
6
-0.298214 0.821976 -0.485205
-0.213765 0.821746 -0.528240
-0.129569 0.871368 -0.473212
-0.142684 0.904725 -0.401391
-0.230089 0.906344 -0.354401
-0.311414 0.860163 -0.403908
6
0.442152 -0.891926 0.094713
0.499603 -0.858424 0.116213
0.575929 -0.816351 0.043322
0.550554 -0.832770 -0.058181
0.485616 -0.870626 -0.078661
0.412167 -0.911054 -0.009921
6
-0.141900 -0.909938 0.389715
-0.235276 -0.916086 0.324701
-0.292456 -0.893986 0.339497
-0.317685 -0.840792 0.438344
-0.248032 -0.829535 0.500352
-0.165422 -0.859108 0.484323
6
0.689247 0.234493 -0.685530
0.754342 0.223344 -0.617322
0.776068 0.303219 -0.552971
0.731358 0.382491 -0.564639
0.666091 0.395255 -0.632532
0.645629 0.313609 -0.696285
6
0.382726 0.439685 -0.812525
0.420989 0.396057 -0.816031
0.519978 0.388894 -0.760516
0.537703 0.474641 -0.696844
0.477656 0.538998 -0.693776
0.394153 0.535876 -0.746646
6
0.305765 -0.907111 -0.289238
0.336566 -0.874925 -0.348181
0.286669 -0.852375 -0.437353
0.178268 -0.883130 -0.433938
0.147929 -0.925504 -0.348654
0.195618 -0.937585 -0.287520
6
0.007866 0.983521 -0.180622
-0.076674 0.964942 -0.251015
-0.056391 0.939592 -0.337620
0.029449 0.928223 -0.370856
0.099588 0.941390 -0.322283
0.096590 0.971832 -0.214971
6
0.407723 0.736662 -0.539529
0.480965 0.738723 -0.472187
0.473742 0.784647 -0.399873
0.385797 0.842367 -0.376270
0.311338 0.834800 -0.454069
0.319774 0.792559 -0.519225
6
-0.641351 -0.760291 -0.103084
-0.629139 -0.756488 -0.178634
-0.683990 -0.687773 -0.243160
-0.754881 -0.627480 -0.190850
-0.765888 -0.633032 -0.112635
-0.713593 -0.698847 -0.048966
6
0.256491 0.838582 0.480616
0.231692 0.878080 0.418681
0.291508 0.895933 0.335152
0.390637 0.854170 0.343214
0.411579 0.801473 0.433870
0.354788 0.797332 0.488249
6
-0.581404 0.423030 0.694992
-0.489928 0.427928 0.759505
-0.466809 0.384968 0.796172
-0.514911 0.274315 0.812169
-0.614644 0.274740 0.739413
-0.631709 0.320739 0.705741
6
-0.287527 0.759601 0.583382
-0.355205 0.685493 0.635554
-0.417234 0.669638 0.614411
-0.467275 0.713943 0.521478
-0.427739 0.769041 0.474990
-0.339173 0.800505 0.494118
6
-0.933143 0.017149 -0.359096
-0.947145 0.085494 -0.309204
-0.975402 0.073877 -0.207683
-0.983862 -0.028314 -0.176672
-0.971872 -0.087699 -0.218572
-0.941587 -0.078713 -0.327442
6
0.192080 -0.335284 0.922329
0.149705 -0.234438 0.960535
0.228647 -0.157599 0.960668
0.294544 -0.167122 0.940911
0.336849 -0.265801 0.903262
0.250579 -0.345971 0.904165
6
0.632853 -0.691345 0.348625
0.584868 -0.740947 0.330040
0.498030 -0.769657 0.399493
0.493760 -0.722425 0.484048
0.549043 -0.664854 0.506478
0.635098 -0.635466 0.439127
6
-0.765888 -0.633032 -0.112635
-0.754881 -0.627480 -0.190850
-0.796950 -0.550262 -0.249164
-0.854050 -0.481957 -0.195745
-0.863381 -0.495067 -0.097376
-0.827730 -0.558212 -0.057122
6
-0.848116 0.522786 -0.085987
-0.844251 0.535889 -0.007981
-0.882152 0.466721 0.063087
-0.917641 0.395606 0.037828
-0.928596 0.365209 -0.065823
-0.892147 0.431758 -0.132887
6
0.156933 -0.405568 -0.900492
0.200511 -0.309411 -0.929548
0.150402 -0.243917 -0.958062
0.055385 -0.253399 -0.965775
0.010799 -0.349452 -0.936892
0.080058 -0.418632 -0.904620
6
0.530111 0.801947 0.275434
0.554724 0.756328 0.346770
0.492463 0.752793 0.436787
0.411579 0.801473 0.433870
0.390637 0.854170 0.343214
0.446040 0.852669 0.272038
6
-0.417234 0.669638 0.614411
-0.355205 0.685493 0.635554
-0.300543 0.632275 0.714075
-0.362383 0.544506 0.756434
-0.430886 0.530639 0.729904
-0.482275 0.583068 0.653791
6
0.502276 -0.009710 0.864653
0.581405 -0.032438 0.812967
0.602213 -0.104059 0.791525
0.532679 -0.197706 0.822901
0.473350 -0.187951 0.860590
0.436195 -0.095841 0.894734
6
0.926577 -0.371348 -0.059622
0.883183 -0.461288 -0.084854
0.853507 -0.520677 -0.020535
0.863319 -0.499325 0.073176
0.908119 -0.406453 0.100573
0.934848 -0.353097 0.037164
6
-0.584333 0.609725 0.535529
-0.555372 0.667462 0.496040
-0.467275 0.713943 0.521478
-0.417234 0.669638 0.614411
-0.482275 0.583068 0.653791
-0.536734 0.565259 0.626418
6
0.446040 0.852669 0.272038
0.417140 0.889232 0.187777
0.467435 0.877665 0.105868
0.550849 0.827494 0.108712
0.583252 0.790538 0.186727
0.530111 0.801947 0.275434
6
-0.067575 -0.116735 0.990862
-0.104847 -0.172437 0.979425
-0.218948 -0.174533 0.960000
-0.258111 -0.122358 0.958336
-0.225562 -0.016627 0.974087
-0.105216 -0.021132 0.994225
6
0.990647 -0.059924 0.122586
0.974332 -0.117518 0.192008
0.954599 -0.089468 0.284141
0.953636 0.014295 0.300623
0.968029 0.069764 0.240941
0.988980 0.042127 0.141930
6
0.587445 -0.539714 0.603006
0.668775 -0.512644 0.538458
0.675747 -0.582026 0.452341
0.635098 -0.635466 0.439127
0.549043 -0.664854 0.506478
0.537533 -0.601271 0.591212
6
-0.976258 0.216536 -0.005799
-0.950973 0.298316 -0.081601
-0.928596 0.365209 -0.065823
-0.917641 0.395606 0.037828
-0.943182 0.312947 0.111679
-0.972137 0.225438 0.064238
6
0.448925 -0.873695 -0.187415
0.350011 -0.916671 -0.192888
0.313862 -0.939898 -0.134471
0.353871 -0.934878 -0.027918
0.412167 -0.911054 -0.009921
0.485616 -0.870626 -0.078661
6
0.101148 0.940126 0.325473
0.132929 0.904120 0.406076
0.064617 0.873831 0.481916
-0.011124 0.880227 0.474422
-0.058242 0.918614 0.390841
0.005021 0.950133 0.311806
5
0.988614 0.129567 -0.076518
0.970416 0.235105 -0.054941
0.945480 0.288522 -0.151071
0.946098 0.228816 -0.229219
0.973661 0.107729 -0.200944
6
-0.508373 -0.083746 0.857055
-0.404049 -0.079695 0.911259
-0.367934 -0.125943 0.921283
-0.389119 -0.235389 0.890606
-0.461352 -0.255801 0.849541
-0.526656 -0.191881 0.828139
6
0.884900 -0.294253 0.361064
0.844320 -0.270853 0.462345
0.858710 -0.164753 0.485257
0.892303 -0.112478 0.437199
0.929225 -0.141484 0.341355
0.913268 -0.253255 0.319066
6
0.924784 0.330032 0.189348
0.957197 0.232172 0.172829
0.951587 0.171224 0.255274
0.919200 0.202992 0.337439
0.891931 0.289644 0.347224
0.896388 0.357435 0.262160
6
-0.156521 0.963136 -0.218791
-0.175088 0.980659 -0.087473
-0.228940 0.970702 -0.072961
-0.327977 0.933792 -0.143050
-0.321186 0.921601 -0.217925
-0.238788 0.933105 -0.268878
6
-0.901242 0.156132 0.404211
-0.925999 0.075686 0.369862
-0.957920 0.068129 0.278832
-0.963968 0.150395 0.219426
-0.937867 0.233344 0.256821
-0.906583 0.244386 0.344067
6
0.792386 0.510899 -0.333326
0.844246 0.475855 -0.246600
0.828156 0.536995 -0.160606
0.783748 0.600303 -0.159293
0.730800 0.635707 -0.248613
0.746263 0.575659 -0.334227
6
-0.030637 0.971669 0.234351
-0.128739 0.967292 0.218569
-0.163858 0.979484 0.117310
-0.104121 0.992875 0.057946
-0.003183 0.997059 0.076566
0.030411 0.988561 0.147723
6
-0.676177 -0.378635 -0.631997
-0.619546 -0.352704 -0.701258
-0.615816 -0.268842 -0.740605
-0.670030 -0.202789 -0.714099
-0.741787 -0.219925 -0.633549
-0.735870 -0.320247 -0.596605
6
-0.925730 0.172002 -0.336807
-0.931141 0.269295 -0.245877
-0.949445 0.247572 -0.193036
-0.978511 0.129888 -0.160140
-0.975402 0.073877 -0.207683
-0.947145 0.085494 -0.309204
7
0.411579 0.801473 0.433870
0.492463 0.752793 0.436787
0.513090 0.702013 0.493879
0.435110 0.676315 0.594371
0.389625 0.692530 0.607120
0.362882 0.718063 0.593887
0.354788 0.797332 0.488249
6
-0.588798 -0.737007 0.331869
-0.677505 -0.661844 0.320857
-0.696102 -0.616995 0.367096
-0.648617 -0.604667 0.462250
-0.557885 -0.681531 0.473581
-0.549240 -0.741990 0.384431
6
0.456758 -0.615248 0.642527
0.392614 -0.677437 0.622040
0.311681 -0.679433 0.664249
0.289007 -0.605858 0.741223
0.376180 -0.535583 0.756068
0.433143 -0.538246 0.722965
5
-0.990632 0.124073 -0.057041
-0.978511 0.129888 -0.160140
-0.949445 0.247572 -0.193036
-0.950973 0.298316 -0.081601
-0.976258 0.216536 -0.005799
6
0.044354 -0.939047 -0.340915
0.008428 -0.970459 -0.241118
0.063444 -0.981375 -0.181323
0.163477 -0.968557 -0.187542
0.195618 -0.937585 -0.287520
0.147929 -0.925504 -0.348654
6
-0.380689 -0.884149 0.270845
-0.437629 -0.852668 0.285374
-0.458278 -0.800645 0.385938
-0.403127 -0.799480 0.445331
-0.317685 -0.840792 0.438344
-0.292456 -0.893986 0.339497
6
0.710008 0.480860 0.514453
0.748258 0.421005 0.512703
0.733222 0.335061 0.591709
0.651624 0.366362 0.664202
0.618674 0.424083 0.661359
0.634796 0.506016 0.583937
6
-0.201973 -0.682574 0.702353
-0.295571 -0.632982 0.715522
-0.300726 -0.566510 0.767223
-0.224520 -0.527396 0.819417
-0.130568 -0.578673 0.805040
-0.121947 -0.644103 0.755156
6
-0.442265 0.262842 -0.857506
-0.478558 0.181868 -0.859015
-0.431908 0.103890 -0.895914
-0.333693 0.121458 -0.934824
-0.299478 0.199890 -0.932929
-0.348445 0.281071 -0.894195
6
0.022409 -0.872032 -0.488936
-0.011197 -0.915250 -0.402731
0.044354 -0.939047 -0.340915
0.147929 -0.925504 -0.348654
0.178268 -0.883130 -0.433938
0.124018 -0.857604 -0.499135
6
0.040326 -0.117850 0.992212
0.083933 -0.222937 0.971213
0.000683 -0.294431 0.955673
-0.064275 -0.277555 0.958557
-0.104847 -0.172437 0.979425
-0.067575 -0.116735 0.990862
6
-0.882152 0.466721 0.063087
-0.861484 0.483650 0.154686
-0.886286 0.402230 0.229582
-0.928512 0.321250 0.186184
-0.943182 0.312947 0.111679
-0.917641 0.395606 0.037828
6
-0.384074 -0.873421 -0.299372
-0.292793 -0.897217 -0.330566
-0.263821 -0.866538 -0.423687
-0.317853 -0.820791 -0.474628
-0.415373 -0.794727 -0.442577
-0.439712 -0.826945 -0.350449
6
0.587445 -0.539714 0.603006
0.537533 -0.601271 0.591212
0.456758 -0.615248 0.642527
0.433143 -0.538246 0.722965
0.514402 -0.460109 0.723664
0.566635 -0.459763 0.683771
6
-0.955659 -0.094407 0.278933
-0.971163 -0.022845 0.237319
-0.957920 0.068129 0.278832
-0.925999 0.075686 0.369862
-0.907239 -0.008862 0.420522
-0.920374 -0.092247 0.380002
6
-0.372744 -0.217646 -0.902049
-0.281183 -0.201332 -0.938297
-0.251203 -0.123110 -0.960073
-0.310207 -0.038640 -0.949883
-0.409385 -0.057224 -0.910566
-0.432790 -0.133924 -0.891491
6
0.213312 0.427100 0.878683
0.257742 0.342986 0.903288
0.210293 0.270272 0.939537
0.110174 0.279634 0.953764
0.066129 0.362904 0.929477
0.113482 0.432805 0.894316
6
-0.331399 0.584919 -0.740300
-0.292742 0.515156 -0.805554
-0.218633 0.515335 -0.828631
-0.146699 0.586849 -0.796296
-0.159480 0.645187 -0.747195
-0.256093 0.660346 -0.705946
6
-0.087031 -0.835783 0.542119
-0.165422 -0.859108 0.484323
-0.248032 -0.829535 0.500352
-0.265104 -0.769977 0.580392
-0.191565 -0.744713 0.639301
-0.099501 -0.780573 0.617094
6
-0.287667 0.854435 0.432653
-0.331539 0.877625 0.346204
-0.277505 0.921934 0.270239
-0.188147 0.939520 0.286188
-0.145239 0.913650 0.379669
-0.204394 0.871533 0.445706
6
0.446040 0.852669 0.272038
0.390637 0.854170 0.343214
0.291508 0.895933 0.335152
0.264904 0.926783 0.266268
0.318223 0.930576 0.181003
0.417140 0.889232 0.187777
6
0.272416 0.441649 -0.854831
0.252001 0.340385 -0.905888
0.291020 0.292631 -0.910865
0.402723 0.290987 -0.867837
0.420989 0.396057 -0.816031
0.382726 0.439685 -0.812525
6
0.758543 -0.218364 -0.613946
0.708349 -0.288303 -0.644301
0.711567 -0.383580 -0.588675
0.761373 -0.389945 -0.517933
0.813499 -0.320279 -0.485428
0.810024 -0.223132 -0.542285
6
0.775342 -0.551205 -0.308249
0.712739 -0.618780 -0.330326
0.683699 -0.678188 -0.269474
0.719874 -0.673377 -0.168360
0.777193 -0.612155 -0.145726
0.811814 -0.544810 -0.210093
6
0.001948 -0.859295 0.511476
-0.087031 -0.835783 0.542119
-0.099501 -0.780573 0.617094
-0.021176 -0.744611 0.667163
0.071014 -0.769828 0.634288
0.080782 -0.824728 0.559730
6
0.514402 -0.460109 0.723664
0.483948 -0.373006 0.791619
0.564391 -0.284412 0.774966
0.615512 -0.290664 0.732570
0.640973 -0.374670 0.669907
0.566635 -0.459763 0.683771
6
-0.519691 -0.827131 0.213953
-0.498545 -0.859188 0.115105
-0.580316 -0.813446 0.039213
-0.651648 -0.752675 0.093999
-0.650723 -0.742926 0.156909
-0.573502 -0.785814 0.231501
6
-0.934425 -0.346534 -0.082241
-0.922583 -0.334972 -0.191399
-0.941353 -0.248293 -0.228484
-0.965630 -0.183325 -0.184256
-0.978694 -0.192669 -0.070967
-0.963470 -0.265537 -0.034878
6
-0.907239 -0.008862 0.420522
-0.925999 0.075686 0.369862
-0.901242 0.156132 0.404211
-0.853977 0.164310 0.493686
-0.836285 0.079321 0.542526
-0.860910 -0.002472 0.508751
6
0.748258 0.421005 0.512703
0.811167 0.390399 0.435427
0.843742 0.322865 0.428785
0.827903 0.241040 0.506435
0.760769 0.275605 0.587599
0.733222 0.335061 0.591709
7
0.409454 -0.182802 -0.893829
0.340782 -0.205003 -0.917519
0.304314 -0.297796 -0.904826
0.340928 -0.353461 -0.871111
0.467908 -0.339244 -0.816073
0.478190 -0.328171 -0.814640
0.486057 -0.251536 -0.836946
6
0.973661 0.107729 -0.200944
0.946098 0.228816 -0.229219
0.918509 0.248296 -0.307719
0.908715 0.179083 -0.377049
0.929426 0.091814 -0.357403
0.971394 0.064605 -0.228517
6
0.153469 -0.806299 -0.571253
0.257059 -0.775783 -0.576264
0.282340 -0.726307 -0.626707
0.220522 -0.678870 -0.700361
0.124057 -0.703824 -0.699458
0.090993 -0.765682 -0.636750
6
0.787258 0.584745 0.195696
0.748117 0.606733 0.268694
0.681042 0.678249 0.275973
0.658203 0.729399 0.186404
0.701860 0.704342 0.106278
0.761332 0.640281 0.102051
6
-0.099501 -0.780573 0.617094
-0.191565 -0.744713 0.639301
-0.201973 -0.682574 0.702353
-0.121947 -0.644103 0.755156
-0.031627 -0.681806 0.730849
-0.021176 -0.744611 0.667163
6
0.104592 0.257242 -0.960670
0.153600 0.184073 -0.970837
0.265142 0.187236 -0.945855
0.291020 0.292631 -0.910865
0.252001 0.340385 -0.905888
0.140355 0.336374 -0.931210
6
0.550849 0.827494 0.108712
0.596293 0.802565 0.017997
0.664286 0.747313 0.015745
0.701860 0.704342 0.106278
0.658203 0.729399 0.186404
0.583252 0.790538 0.186727
6
-0.906583 0.244386 0.344067
-0.937867 0.233344 0.256821
-0.928512 0.321250 0.186184
-0.886286 0.402230 0.229582
-0.862358 0.407081 0.301037
-0.872201 0.316497 0.372954
6
-0.918623 -0.141465 -0.368943
-0.912919 -0.235241 -0.333526
-0.876105 -0.300295 -0.377179
-0.834239 -0.282908 -0.473294
-0.841955 -0.181685 -0.508038
-0.871631 -0.129458 -0.472759
6
0.058166 0.998082 -0.021209
0.143790 0.989286 -0.025264
0.182183 0.978187 0.099796
0.129371 0.978287 0.161918
0.030411 0.988561 0.147723
-0.003183 0.997059 0.076566
6
0.573846 -0.784206 0.236052
0.584868 -0.740947 0.330040
0.632853 -0.691345 0.348625
0.710111 -0.649190 0.272572
0.707645 -0.680867 0.188837
0.650642 -0.742110 0.161052
6
0.409454 -0.182802 -0.893829
0.446572 -0.074170 -0.891668
0.414316 -0.024820 -0.909795
0.309662 -0.026206 -0.950485
0.271859 -0.133734 -0.952999
0.340782 -0.205003 -0.917519
6
0.103899 -0.572364 -0.813390
0.182652 -0.555918 -0.810921
0.226007 -0.469196 -0.853684
0.156933 -0.405568 -0.900492
0.080058 -0.418632 -0.904620
0.033957 -0.509982 -0.859515
6
0.583927 0.797007 -0.154303
0.523519 0.817653 -0.239524
0.544153 0.775601 -0.319908
0.612839 0.718147 -0.329688
0.675581 0.695308 -0.245228
0.649842 0.743168 -0.159395
6
-0.619546 -0.352704 -0.701258
-0.516484 -0.441611 -0.733638
-0.486670 -0.422243 -0.764763
-0.481447 -0.305927 -0.821351
-0.538065 -0.249736 -0.805058
-0.615816 -0.268842 -0.740605
6
-0.716604 0.315671 0.621957
-0.631709 0.320739 0.705741
-0.614644 0.274740 0.739413
-0.655548 0.167727 0.736291
-0.739999 0.166590 0.651651
-0.755653 0.245472 0.607233
6
-0.828935 0.486936 -0.275248
-0.819733 0.437651 -0.369458
-0.770250 0.469155 -0.431982
-0.718754 0.554006 -0.420084
-0.729189 0.602630 -0.324222
-0.795563 0.549110 -0.256043
6
-0.412857 0.894425 0.171908
-0.313425 0.929500 0.194408
-0.277505 0.921934 0.270239
-0.331539 0.877625 0.346204
-0.426714 0.843462 0.326323
-0.458579 0.858328 0.230170
6
0.894599 -0.250415 -0.370114
0.929043 -0.244673 -0.277516
0.955179 -0.168533 -0.243371
0.952184 -0.084367 -0.293647
0.925061 -0.074732 -0.372393
0.891977 -0.153761 -0.425129
6
0.336849 -0.265801 0.903262
0.394340 -0.274224 0.877096
0.431520 -0.367535 0.823838
0.343835 -0.448363 0.825074
0.288830 -0.440507 0.850018
0.250579 -0.345971 0.904165
6
-0.348445 0.281071 -0.894195
-0.299478 0.199890 -0.932929
-0.195026 0.215335 -0.956868
-0.159909 0.291758 -0.943030
-0.207533 0.371100 -0.905105
-0.310420 0.353580 -0.882395
6
-0.607348 -0.470428 0.640177
-0.543259 -0.449004 0.709412
-0.456320 -0.521276 0.721141
-0.459227 -0.597379 0.657457
-0.514032 -0.609408 0.603650
-0.603133 -0.533783 0.592711
6
0.035614 -0.990339 0.134017
0.088378 -0.989729 0.112361
0.120833 -0.992673 -0.000831
0.023966 -0.997542 -0.065845
-0.027339 -0.998345 -0.050595
-0.068085 -0.995333 0.068388
6
0.929043 -0.244673 -0.277516
0.919305 -0.326838 -0.219216
0.942168 -0.313981 -0.117198
0.973299 -0.210577 -0.091354
0.977391 -0.159313 -0.139018
0.955179 -0.168533 -0.243371
6
-0.472303 -0.348875 0.809455
-0.461352 -0.255801 0.849541
-0.389119 -0.235389 0.890606
-0.307287 -0.300127 0.903049
-0.325124 -0.396561 0.858507
-0.386639 -0.417775 0.822177
6
0.884900 -0.294253 0.361064
0.852002 -0.404231 0.332702
0.795559 -0.449728 0.405994
0.778511 -0.417446 0.468679
0.809331 -0.311273 0.498089
0.844320 -0.270853 0.462345
6
-0.681625 0.631086 0.370294
-0.703576 0.553738 0.445370
-0.775925 0.482386 0.406502
-0.806214 0.482811 0.341925
-0.782478 0.563017 0.265971
-0.712745 0.634512 0.298980
6
0.842058 0.506922 0.184307
0.853246 0.442974 0.275220
0.812850 0.466649 0.348588
0.759800 0.541925 0.359196
0.748117 0.606733 0.268694
0.787258 0.584745 0.195696
6
-0.903304 -0.424277 0.063485
-0.908468 -0.415490 -0.045312
-0.934425 -0.346534 -0.082241
-0.963470 -0.265537 -0.034878
-0.958998 -0.272518 0.077829
-0.934644 -0.337111 0.113127
6
0.040906 -0.562940 0.825485
-0.043976 -0.526356 0.849126
-0.054503 -0.458027 0.887266
0.037875 -0.391716 0.919306
0.101022 -0.408820 0.907007
0.134378 -0.499189 0.856010
6
0.103899 -0.572364 -0.813390
0.033957 -0.509982 -0.859515
-0.042744 -0.518659 -0.853912
-0.087547 -0.600528 -0.794797
-0.028120 -0.660215 -0.750550
0.061423 -0.651147 -0.756462
6
-0.265104 -0.769977 0.580392
-0.356114 -0.724680 0.589933
-0.365228 -0.659285 0.657231
-0.295571 -0.632982 0.715522
-0.201973 -0.682574 0.702353
-0.191565 -0.744713 0.639301
6
-0.920374 -0.092247 0.380002
-0.907239 -0.008862 0.420522
-0.860910 -0.002472 0.508751
-0.829512 -0.086768 0.551707
-0.842278 -0.166912 0.512550
-0.891109 -0.173535 0.419297
6
-0.337792 0.344166 0.876040
-0.364125 0.386907 0.847181
-0.312511 0.488410 0.814734
-0.225182 0.499560 0.836500
-0.177897 0.437512 0.881440
-0.226646 0.342252 0.911864
6
0.519978 0.388894 -0.760516
0.564506 0.323652 -0.759330
0.645629 0.313609 -0.696285
0.666091 0.395255 -0.632532
0.612519 0.468614 -0.636570
0.537703 0.474641 -0.696844
6
0.385797 0.842367 -0.376270
0.374589 0.872557 -0.313571
0.274355 0.919974 -0.279958
0.202205 0.911773 -0.357468
0.212768 0.880136 -0.424371
0.311338 0.834800 -0.454069
6
0.483948 -0.373006 0.791619
0.431520 -0.367535 0.823838
0.394340 -0.274224 0.877096
0.473350 -0.187951 0.860590
0.532679 -0.197706 0.822901
0.564391 -0.284412 0.774966
5
0.353871 -0.934878 -0.027918
0.313862 -0.939898 -0.134471
0.207104 -0.969208 -0.133208
0.174042 -0.984531 -0.020221
0.268951 -0.962257 0.041555
6
-0.439712 -0.826945 -0.350449
-0.531019 -0.788863 -0.309377
-0.550303 -0.803630 -0.226596
-0.484077 -0.859595 -0.163604
-0.405555 -0.891094 -0.203658
-0.384074 -0.873421 -0.299372
6
0.405308 -0.626666 -0.665594
0.497400 -0.571505 -0.652668
0.511114 -0.494897 -0.702736
0.448356 -0.465878 -0.762847
0.368162 -0.505221 -0.780518
0.340600 -0.578843 -0.740900
6
-0.435008 0.640538 -0.632834
-0.505665 0.630143 -0.589256
-0.572396 0.545681 -0.612042
-0.541376 0.485657 -0.686330
-0.471897 0.497057 -0.728181
-0.404461 0.581069 -0.706237
6
-0.087547 -0.600528 -0.794797
-0.180347 -0.599054 -0.780134
-0.220434 -0.666733 -0.711952
-0.152077 -0.730030 -0.666280
-0.068588 -0.727578 -0.682588
-0.028120 -0.660215 -0.750550
6
-0.567744 0.163921 -0.806720
-0.478558 0.181868 -0.859015
-0.442265 0.262842 -0.857506
-0.487266 0.340248 -0.804241
-0.561685 0.327098 -0.759945
-0.606890 0.231553 -0.760308
7
-0.949445 0.247572 -0.193036
-0.931141 0.269295 -0.245877
-0.912951 0.312807 -0.262054
-0.884516 0.420605 -0.201798
-0.892147 0.431758 -0.132887
-0.928596 0.365209 -0.065823
-0.950973 0.298316 -0.081601
6
-0.768929 -0.536480 0.347759
-0.784258 -0.481057 0.391820
-0.734630 -0.468359 0.490875
-0.659759 -0.551506 0.510451
-0.648617 -0.604667 0.462250
-0.696102 -0.616995 0.367096
6
-0.549240 -0.741990 0.384431
-0.557885 -0.681531 0.473581
-0.511376 -0.677670 0.528449
-0.417486 -0.738292 0.529746
-0.403127 -0.799480 0.445331
-0.458278 -0.800645 0.385938
6
-0.108534 -0.915241 -0.388012
-0.143813 -0.945805 -0.291154
-0.081876 -0.969843 -0.229568
0.008428 -0.970459 -0.241118
0.044354 -0.939047 -0.340915
-0.011197 -0.915250 -0.402731
6
0.700880 0.709820 -0.070165
0.756449 0.649946 -0.073178
0.796712 0.604011 0.020522
0.761332 0.640281 0.102051
0.701860 0.704342 0.106278
0.664286 0.747313 0.015745
6
0.908715 0.179083 -0.377049
0.918509 0.248296 -0.307719
0.882219 0.338982 -0.326773
0.840600 0.360424 -0.404335
0.830387 0.285843 -0.478280
0.864971 0.199826 -0.460320
6
0.494323 0.384091 0.779820
0.398946 0.402239 0.824042
0.354203 0.478357 0.803564
0.390666 0.545782 0.741285
0.480325 0.529366 0.699328
0.527106 0.448883 0.721570
6
-0.047146 0.303374 -0.951705
-0.002602 0.250322 -0.968159
0.104592 0.257242 -0.960670
0.140355 0.336374 -0.931210
0.085707 0.416815 -0.904941
-0.015920 0.408682 -0.912538
6
-0.310420 0.353580 -0.882395
-0.207533 0.371100 -0.905105
-0.172887 0.434473 -0.883936
-0.218633 0.515335 -0.828631
-0.292742 0.515156 -0.805554
-0.357728 0.434608 -0.826527
6
-0.336108 -0.721641 -0.605199
-0.285371 -0.775569 -0.563077
-0.190719 -0.787686 -0.585813
-0.152077 -0.730030 -0.666280
-0.220434 -0.666733 -0.711952
-0.298140 -0.662645 -0.687033
6
0.991778 0.098881 0.081237
0.973719 0.204424 0.100408
0.964784 0.262888 0.009018
0.970416 0.235105 -0.054941
0.988614 0.129567 -0.076518
0.996998 0.073427 -0.024550
6
-0.806213 -0.541654 0.237971
-0.848757 -0.486274 0.207723
-0.878435 -0.403070 0.256684
-0.841050 -0.398796 0.365510
-0.784258 -0.481057 0.391820
-0.768929 -0.536480 0.347759
6
0.135723 -0.657404 0.741214
0.054110 -0.632794 0.772427
0.040906 -0.562940 0.825485
0.134378 -0.499189 0.856010
0.196100 -0.513394 0.835447
0.225093 -0.596867 0.770119
6
-0.717043 -0.696643 0.023185
-0.781077 -0.619174 0.080884
-0.761075 -0.621700 0.185077
-0.713494 -0.666868 0.214971
-0.650723 -0.742926 0.156909
-0.651648 -0.752675 0.093999
6
0.555194 -0.597197 -0.578892
0.536334 -0.660755 -0.525117
0.587731 -0.679454 -0.439221
0.667682 -0.613931 -0.421058
0.686711 -0.544620 -0.481473
0.635554 -0.533004 -0.558551
6
-0.810626 0.155505 -0.564539
-0.867039 0.136129 -0.479284
-0.887009 0.029459 -0.460811
-0.865905 -0.021653 -0.499740
-0.803802 -0.008606 -0.594835
-0.783991 0.099515 -0.612744
6
0.480965 0.738723 -0.472187
0.555739 0.674918 -0.485428
0.625467 0.663377 -0.410757
0.612839 0.718147 -0.329688
0.544153 0.775601 -0.319908
0.473742 0.784647 -0.399873
6
-0.741787 -0.219925 -0.633549
-0.780594 -0.166971 -0.602324
-0.841955 -0.181685 -0.508038
-0.834239 -0.282908 -0.473294
-0.787892 -0.340792 -0.512920
-0.735870 -0.320247 -0.596605
6
0.353871 -0.934878 -0.027918
0.268951 -0.962257 0.041555
0.270676 -0.955802 0.114790
0.355073 -0.919979 0.166018
0.442152 -0.891926 0.094713
0.412167 -0.911054 -0.009921
6
0.623678 0.279873 0.729861
0.651895 0.216047 0.726881
0.612100 0.127354 0.780458
0.522983 0.152361 0.838615
0.491842 0.231195 0.839429
0.531890 0.305091 0.789945
6
0.864361 -0.432473 0.256607
0.819716 -0.525857 0.227025
0.760904 -0.574290 0.302021
0.753012 -0.540202 0.375706
0.795559 -0.449728 0.405994
0.852002 -0.404231 0.332702
6
-0.226646 0.342252 0.911864
-0.177897 0.437512 0.881440
-0.080272 0.442159 0.893337
-0.033934 0.365501 0.930192
-0.083492 0.285618 0.954699
-0.196261 0.291169 0.936324
6
-0.863381 -0.495067 -0.097376
-0.854050 -0.481957 -0.195745
-0.883903 -0.402560 -0.238037
-0.922583 -0.334972 -0.191399
-0.934425 -0.346534 -0.082241
-0.908468 -0.415490 -0.045312
6
-0.512600 0.079970 0.854896
-0.398845 0.074857 0.913958
-0.375364 0.037604 0.926114
-0.404049 -0.079695 0.911259
-0.508373 -0.083746 0.857055
-0.541245 -0.037160 0.840043
6
-0.188147 0.939520 0.286188
-0.277505 0.921934 0.270239
-0.313425 0.929500 0.194408
-0.254078 0.962063 0.099394
-0.163858 0.979484 0.117310
-0.128739 0.967292 0.218569
6
0.891226 -0.013713 0.453352
0.892303 -0.112478 0.437199
0.858710 -0.164753 0.485257
0.803730 -0.133693 0.579780
0.796591 -0.066668 0.600832
0.836501 0.018133 0.547665
6
-0.265378 -0.963561 0.033533
-0.299903 -0.942618 0.146727
-0.202495 -0.955215 0.215777
-0.152597 -0.967901 0.199706
-0.114771 -0.989817 0.084201
-0.215540 -0.976355 0.016519
6
0.830387 0.285843 -0.478280
0.776068 0.303219 -0.552971
0.754342 0.223344 -0.617322
0.792514 0.133810 -0.594993
0.842450 0.122868 -0.524577
0.864971 0.199826 -0.460320
6
0.438184 0.243695 -0.865221
0.402723 0.290987 -0.867837
0.291020 0.292631 -0.910865
0.265142 0.187236 -0.945855
0.302712 0.136515 -0.943254
0.413102 0.135348 -0.900571
6
0.650642 -0.742110 0.161052
0.707645 -0.680867 0.188837
0.767431 -0.630699 0.115188
0.756233 -0.653907 0.022745
0.697362 -0.716714 -0.002702
0.636974 -0.767860 0.068232
6
-0.806214 0.482811 0.341925
-0.862358 0.407081 0.301037
-0.886286 0.402230 0.229582
-0.861484 0.483650 0.154686
-0.809755 0.556785 0.185169
-0.782478 0.563017 0.265971
6
-0.971872 -0.087699 -0.218572
-0.965630 -0.183325 -0.184256
-0.941353 -0.248293 -0.228484
-0.912919 -0.235241 -0.333526
-0.918623 -0.141465 -0.368943
-0.941587 -0.078713 -0.327442
6
0.355073 -0.919979 0.166018
0.358056 -0.901194 0.244225
0.432419 -0.855178 0.285804
0.519596 -0.827062 0.214449
0.499603 -0.858424 0.116213
0.442152 -0.891926 0.094713
7
0.996998 0.073427 -0.024550
0.988614 0.129567 -0.076518
0.973661 0.107729 -0.200944
0.971394 0.064605 -0.228517
0.975135 0.019264 -0.220774
0.992265 -0.051054 -0.113153
0.998719 -0.022440 -0.045355
6
-0.194674 0.774339 -0.602081
-0.109893 0.764715 -0.634928
-0.028703 0.810869 -0.584524
-0.039695 0.856689 -0.514303
-0.129569 0.871368 -0.473212
-0.213765 0.821746 -0.528240
6
-0.384074 -0.873421 -0.299372
-0.405555 -0.891094 -0.203658
-0.327382 -0.934109 -0.142344
-0.264969 -0.950054 -0.164887
-0.230454 -0.934199 -0.272330
-0.292793 -0.897217 -0.330566
6
0.760904 -0.574290 0.302021
0.819716 -0.525857 0.227025
0.820573 -0.553246 0.143452
0.767431 -0.630699 0.115188
0.707645 -0.680867 0.188837
0.710111 -0.649190 0.272572
6
0.110436 0.577620 0.808801
0.057278 0.654488 0.753900
0.102675 0.706516 0.700210
0.199250 0.700451 0.685323
0.250261 0.628355 0.736572
0.205474 0.571465 0.794486
6
0.257742 0.342986 0.903288
0.357887 0.329462 0.873711
0.395960 0.250810 0.883352
0.348031 0.172097 0.921551
0.250119 0.186393 0.950104
0.210293 0.270272 0.939537
6
0.101148 0.940126 0.325473
0.159987 0.953823 0.254217
0.264904 0.926783 0.266268
0.291508 0.895933 0.335152
0.231692 0.878080 0.418681
0.132929 0.904120 0.406076
6
-0.989483 -0.115161 0.087532
-0.975296 -0.182501 0.124461
-0.958998 -0.272518 0.077829
-0.963470 -0.265537 -0.034878
-0.978694 -0.192669 -0.070967
-0.993673 -0.109407 -0.025381
6
-0.361409 0.194172 0.911965
-0.398845 0.074857 0.913958
-0.512600 0.079970 0.854896
-0.534147 0.118210 0.837086
-0.495159 0.235543 0.836264
-0.382705 0.230870 0.894559
6
-0.887009 0.029459 -0.460811
-0.933143 0.017149 -0.359096
-0.941587 -0.078713 -0.327442
-0.918623 -0.141465 -0.368943
-0.871631 -0.129458 -0.472759
-0.865905 -0.021653 -0.499740
6
-0.435008 0.640538 -0.632834
-0.404461 0.581069 -0.706237
-0.331399 0.584919 -0.740300
-0.256093 0.660346 -0.705946
-0.273202 0.712851 -0.645913
-0.359659 0.715355 -0.599093
6
-0.994796 0.048161 0.089787
-0.980818 0.141155 0.134429
-0.963968 0.150395 0.219426
-0.957920 0.068129 0.278832
-0.971163 -0.022845 0.237319
-0.990913 -0.022402 0.132629
5
-0.597267 -0.517848 -0.612459
-0.565210 -0.600294 -0.565848
-0.472371 -0.639659 -0.606384
-0.436476 -0.579636 -0.688122
-0.518672 -0.479902 -0.707583
6
-0.548236 0.834517 -0.054940
-0.479046 0.870124 -0.115754
-0.406488 0.909809 -0.083758
-0.390963 0.920221 0.018482
-0.437168 0.896439 0.072677
-0.531061 0.845874 0.049715
6
0.973299 -0.210577 -0.091354
0.942168 -0.313981 -0.117198
0.926577 -0.371348 -0.059622
0.934848 -0.353097 0.037164
0.967214 -0.245761 0.064017
0.980295 -0.197019 0.014348
6
0.319774 0.792559 -0.519225
0.311338 0.834800 -0.454069
0.212768 0.880136 -0.424371
0.136786 0.858903 -0.493534
0.147138 0.816408 -0.558416
0.241994 0.773504 -0.585774
7
-0.104121 0.992875 0.057946
-0.163858 0.979484 0.117310
-0.254078 0.962063 0.099394
-0.284207 0.957920 0.040208
-0.228940 0.970702 -0.072961
-0.175088 0.980659 -0.087473
-0.130383 0.989557 -0.061454
6
-0.153796 -0.107628 -0.982224
-0.251203 -0.123110 -0.960073
-0.281183 -0.201332 -0.938297
-0.212271 -0.286974 -0.934124
-0.136905 -0.280512 -0.950037
-0.092152 -0.189507 -0.977545
6
-0.872201 0.316497 0.372954
-0.862358 0.407081 0.301037
-0.806214 0.482811 0.341925
-0.775925 0.482386 0.406502
-0.785566 0.391023 0.479570
-0.825314 0.327715 0.459848
6
0.256491 0.838582 0.480616
0.192920 0.805422 0.560426
0.112280 0.820469 0.560557
0.064617 0.873831 0.481916
0.132929 0.904120 0.406076
0.231692 0.878080 0.418681
6
0.087860 -0.052180 0.994765
0.184444 -0.056591 0.981212
0.228647 -0.157599 0.960668
0.149705 -0.234438 0.960535
0.083933 -0.222937 0.971213
0.040326 -0.117850 0.992212
6
-0.398845 0.074857 0.913958
-0.361409 0.194172 0.911965
-0.241328 0.186336 0.952386
-0.215211 0.139800 0.966509
-0.254890 0.031691 0.966451
-0.375364 0.037604 0.926114
6
0.754342 0.223344 -0.617322
0.689247 0.234493 -0.685530
0.659602 0.155165 -0.735425
0.697797 0.063428 -0.713482
0.760109 0.057057 -0.647286
0.792514 0.133810 -0.594993
6
-0.130383 0.989557 -0.061454
-0.175088 0.980659 -0.087473
-0.156521 0.963136 -0.218791
-0.076674 0.964942 -0.251015
0.007866 0.983521 -0.180622
-0.010536 0.994645 -0.102811
6
-0.550303 -0.803630 -0.226596
-0.629139 -0.756488 -0.178634
-0.641351 -0.760291 -0.103084
-0.573144 -0.818821 -0.032227
-0.498676 -0.863096 -0.079920
-0.484077 -0.859595 -0.163604
6
-0.439712 -0.826945 -0.350449
-0.415373 -0.794727 -0.442577
-0.461341 -0.742917 -0.485014
-0.556344 -0.702789 -0.443361
-0.581729 -0.726091 -0.366583
-0.531019 -0.788863 -0.309377
6
-0.993673 -0.109407 -0.025381
-0.978694 -0.192669 -0.070967
-0.965630 -0.183325 -0.184256
-0.971872 -0.087699 -0.218572
-0.983862 -0.028314 -0.176672
-0.997455 -0.035558 -0.061792
6
0.719874 -0.673377 -0.168360
0.673437 -0.732054 -0.102852
0.697362 -0.716714 -0.002702
0.756233 -0.653907 0.022745
0.801034 -0.596884 -0.045536
0.777193 -0.612155 -0.145726
6
-0.536734 0.565259 0.626418
-0.482275 0.583068 0.653791
-0.430886 0.530639 0.729904
-0.489928 0.427928 0.759505
-0.581404 0.423030 0.694992
-0.597802 0.466544 0.651897
5
-0.059567 0.450038 -0.891021
-0.037088 0.554672 -0.831242
-0.146699 0.586849 -0.796296
-0.218633 0.515335 -0.828631
-0.172887 0.434473 -0.883936
6
-0.822628 -0.566836 0.044507
-0.870065 -0.483130 0.097843
-0.848757 -0.486274 0.207723
-0.806213 -0.541654 0.237971
-0.761075 -0.621700 0.185077
-0.781077 -0.619174 0.080884
6
-0.783991 0.099515 -0.612744
-0.715064 0.116537 -0.689277
-0.681753 0.216528 -0.698805
-0.711212 0.277106 -0.646057
-0.777667 0.260172 -0.572315
-0.810626 0.155505 -0.564539
6
0.649842 0.743168 -0.159395
0.675581 0.695308 -0.245228
0.730800 0.635707 -0.248613
0.783748 0.600303 -0.159293
0.756449 0.649946 -0.073178
0.700880 0.709820 -0.070165
6
0.477656 0.538998 -0.693776
0.537703 0.474641 -0.696844
0.612519 0.468614 -0.636570
0.622109 0.543142 -0.563894
0.556133 0.613217 -0.560964
0.484850 0.614303 -0.622538
6
-0.912919 -0.235241 -0.333526
-0.941353 -0.248293 -0.228484
-0.922583 -0.334972 -0.191399
-0.883903 -0.402560 -0.238037
-0.857861 -0.387852 -0.337113
-0.876105 -0.300295 -0.377179
6
-0.461091 0.022845 -0.887059
-0.431908 0.103890 -0.895914
-0.478558 0.181868 -0.859015
-0.567744 0.163921 -0.806720
-0.597834 0.070420 -0.798520
-0.554692 0.004901 -0.832041
6
-0.231459 -0.534723 -0.812710
-0.333499 -0.521505 -0.785373
-0.369519 -0.584903 -0.722041
-0.298140 -0.662645 -0.687033
-0.220434 -0.666733 -0.711952
-0.180347 -0.599054 -0.780134
5
0.703845 -0.456766 0.544028
0.687034 -0.374376 0.622758
0.752570 -0.285042 0.593624
0.809331 -0.311273 0.498089
0.778511 -0.417446 0.468679
6
-0.061852 0.048948 0.996884
-0.096226 0.130860 0.986720
-0.047464 0.210682 0.976402
0.058779 0.202179 0.977583
0.098015 0.117371 0.988239
0.047550 0.042267 0.997974
6
0.274355 0.919974 -0.279958
0.263194 0.939579 -0.218906
0.155565 0.971623 -0.178179
0.096590 0.971832 -0.214971
0.099588 0.941390 -0.322283
0.202205 0.911773 -0.357468
6
-0.703576 0.553738 0.445370
-0.670768 0.546907 0.500962
-0.679319 0.457659 0.573649
-0.721423 0.401585 0.564161
-0.785566 0.391023 0.479570
-0.775925 0.482386 0.406502
6
-0.230089 0.906344 -0.354401
-0.142684 0.904725 -0.401391
-0.056391 0.939592 -0.337620
-0.076674 0.964942 -0.251015
-0.156521 0.963136 -0.218791
-0.238788 0.933105 -0.268878
6
-0.030637 0.971669 0.234351
0.030411 0.988561 0.147723
0.129371 0.978287 0.161918
0.159987 0.953823 0.254217
0.101148 0.940126 0.325473
0.005021 0.950133 0.311806
6
-0.963968 0.150395 0.219426
-0.980818 0.141155 0.134429
-0.972137 0.225438 0.064238
-0.943182 0.312947 0.111679
-0.928512 0.321250 0.186184
-0.937867 0.233344 0.256821
6
-0.848116 0.522786 -0.085987
-0.892147 0.431758 -0.132887
-0.884516 0.420605 -0.201798
-0.828935 0.486936 -0.275248
-0.795563 0.549110 -0.256043
-0.793722 0.586729 -0.160483
6
-0.312511 0.488410 0.814734
-0.364125 0.386907 0.847181
-0.466809 0.384968 0.796172
-0.489928 0.427928 0.759505
-0.430886 0.530639 0.729904
-0.362383 0.544506 0.756434
6
-0.928953 -0.252889 0.270359
-0.913397 -0.339846 0.224076
-0.934644 -0.337111 0.113127
-0.958998 -0.272518 0.077829
-0.975296 -0.182501 0.124461
-0.954267 -0.185123 0.234743
6
0.348031 0.172097 0.921551
0.383090 0.090134 0.919303
0.327636 0.009285 0.944759
0.238631 0.017990 0.970944
0.197908 0.108231 0.974227
0.250119 0.186393 0.950104
6
0.729261 -0.035294 0.683325
0.796591 -0.066668 0.600832
0.803730 -0.133693 0.579780
0.749927 -0.222238 0.623073
0.686161 -0.195375 0.700723
0.673794 -0.129619 0.727461
6
0.919305 -0.326838 -0.219216
0.882110 -0.400755 -0.247542
0.859695 -0.475965 -0.185422
0.883183 -0.461288 -0.084854
0.926577 -0.371348 -0.059622
0.942168 -0.313981 -0.117198
6
-0.142684 0.904725 -0.401391
-0.129569 0.871368 -0.473212
-0.039695 0.856689 -0.514303
0.040075 0.887085 -0.459864
0.029449 0.928223 -0.370856
-0.056391 0.939592 -0.337620
6
0.205474 0.571465 0.794486
0.250261 0.628355 0.736572
0.339799 0.612609 0.713615
0.390666 0.545782 0.741285
0.354203 0.478357 0.803564
0.255158 0.489712 0.833712
6
0.376180 -0.535583 0.756068
0.289007 -0.605858 0.741223
0.225093 -0.596867 0.770119
0.196100 -0.513394 0.835447
0.288830 -0.440507 0.850018
0.343835 -0.448363 0.825074
5
-0.481447 -0.305927 -0.821351
-0.486670 -0.422243 -0.764763
-0.370393 -0.456665 -0.808867
-0.327298 -0.375954 -0.866911
-0.395803 -0.291252 -0.870926
6
0.088378 -0.989729 0.112361
0.188208 -0.966636 0.173757
0.270676 -0.955802 0.114790
0.268951 -0.962257 0.041555
0.174042 -0.984531 -0.020221
0.120833 -0.992673 -0.000831
6
-0.416226 -0.909205 -0.010130
-0.498676 -0.863096 -0.079920
-0.573144 -0.818821 -0.032227
-0.580316 -0.813446 0.039213
-0.498545 -0.859188 0.115105
-0.442055 -0.892226 0.092307
6
-0.591997 0.763005 0.259544
-0.552518 0.807957 0.204766
-0.458579 0.858328 0.230170
-0.426714 0.843462 0.326323
-0.467508 0.798217 0.379849
-0.562474 0.747138 0.354131
6
0.519596 -0.827062 0.214449
0.573846 -0.784206 0.236052
0.650642 -0.742110 0.161052
0.636974 -0.767860 0.068232
0.575929 -0.816351 0.043322
0.499603 -0.858424 0.116213
6
-0.788828 0.613778 0.032032
-0.774039 0.623019 0.112740
-0.809755 0.556785 0.185169
-0.861484 0.483650 0.154686
-0.882152 0.466721 0.063087
-0.844251 0.535889 -0.007981
6
0.362882 0.718063 0.593887
0.389625 0.692530 0.607120
0.339799 0.612609 0.713615
0.250261 0.628355 0.736572
0.199250 0.700451 0.685323
0.236878 0.744077 0.624690
6
-0.679629 -0.579334 -0.449975
-0.711523 -0.489083 -0.504512
-0.768538 -0.435308 -0.468889
-0.807392 -0.450889 -0.380549
-0.776530 -0.538075 -0.327835
-0.707128 -0.597110 -0.378721
6
-0.248032 -0.829535 0.500352
-0.317685 -0.840792 0.438344
-0.403127 -0.799480 0.445331
-0.417486 -0.738292 0.529746
-0.356114 -0.724680 0.589933
-0.265104 -0.769977 0.580392
6
-0.265378 -0.963561 0.033533
-0.215540 -0.976355 0.016519
-0.176221 -0.979221 -0.100364
-0.264969 -0.950054 -0.164887
-0.327382 -0.934109 -0.142344
-0.357897 -0.933138 -0.034103
6
-0.331539 0.877625 0.346204
-0.287667 0.854435 0.432653
-0.339173 0.800505 0.494118
-0.427739 0.769041 0.474990
-0.467508 0.798217 0.379849
-0.426714 0.843462 0.326323
6
0.513090 0.702013 0.493879
0.492463 0.752793 0.436787
0.554724 0.756328 0.346770
0.634794 0.691264 0.345239
0.644523 0.629667 0.433717
0.594108 0.636112 0.492339
6
0.609362 -0.783039 -0.124612
0.673437 -0.732054 -0.102852
0.719874 -0.673377 -0.168360
0.683699 -0.678188 -0.269474
0.607147 -0.741150 -0.286478
0.573771 -0.786186 -0.229561
6
-0.068085 -0.995333 0.068388
-0.114771 -0.989817 0.084201
-0.152597 -0.967901 0.199706
-0.051282 -0.962757 0.265459
0.005142 -0.969922 0.243362
0.035614 -0.990339 0.134017
6
0.645629 0.313609 -0.696285
0.564506 0.323652 -0.759330
0.538157 0.238317 -0.808450
0.579142 0.161571 -0.799056
0.659602 0.155165 -0.735425
0.689247 0.234493 -0.685530
6
-0.002602 0.250322 -0.968159
-0.047146 0.303374 -0.951705
-0.159909 0.291758 -0.943030
-0.195026 0.215335 -0.956868
-0.145018 0.137505 -0.979828
-0.035883 0.149497 -0.988111
6
0.842058 0.506922 0.184307
0.787258 0.584745 0.195696
0.761332 0.640281 0.102051
0.796712 0.604011 0.020522
0.844089 0.535978 0.015566
0.870445 0.479412 0.111756
6
0.700880 0.709820 -0.070165
0.664286 0.747313 0.015745
0.596293 0.802565 0.017997
0.549027 0.833192 -0.066027
0.583927 0.797007 -0.154303
0.649842 0.743168 -0.159395
6
0.080782 -0.824728 0.559730
0.071014 -0.769828 0.634288
0.149066 -0.723752 0.673768
0.237174 -0.736130 0.633925
0.248290 -0.791909 0.557882
0.172457 -0.837956 0.517773
6
0.523519 0.817653 -0.239524
0.444362 0.866710 -0.226619
0.374589 0.872557 -0.313571
0.385797 0.842367 -0.376270
0.473742 0.784647 -0.399873
0.544153 0.775601 -0.319908
6
0.853002 -0.148804 -0.500244
0.891977 -0.153761 -0.425129
0.925061 -0.074732 -0.372393
0.910978 0.016579 -0.412123
0.870528 0.027011 -0.491377
0.836241 -0.051266 -0.545960
6
0.478190 -0.328171 -0.814640
0.467908 -0.339244 -0.816073
0.448356 -0.465878 -0.762847
0.511114 -0.494897 -0.702736
0.588427 -0.434978 -0.681577
0.589501 -0.343663 -0.731016
6
-0.614644 0.274740 0.739413
-0.514911 0.274315 0.812169
-0.495159 0.235543 0.836264
-0.534147 0.118210 0.837086
-0.635243 0.121086 0.762761
-0.655548 0.167727 0.736291
6
-0.635914 -0.040802 0.770681
-0.655044 -0.143543 0.741831
-0.726759 -0.157078 0.668691
-0.769684 -0.078380 0.633595
-0.746521 0.008515 0.665307
-0.665943 0.012175 0.745903
6
-0.039695 0.856689 -0.514303
-0.028703 0.810869 -0.584524
0.066330 0.781969 -0.619778
0.147138 0.816408 -0.558416
0.136786 0.858903 -0.493534
0.040075 0.887085 -0.459864
6
0.329835 0.588579 -0.738095
0.245292 0.575733 -0.779976
0.231555 0.484568 -0.843550
0.272416 0.441649 -0.854831
0.382726 0.439685 -0.812525
0.394153 0.535876 -0.746646
6
0.864971 0.199826 -0.460320
0.842450 0.122868 -0.524577
0.870528 0.027011 -0.491377
0.910978 0.016579 -0.412123
0.929426 0.091814 -0.357403
0.908715 0.179083 -0.377049
6
0.112280 0.820469 0.560557
0.192920 0.805422 0.560426
0.236878 0.744077 0.624690
0.199250 0.700451 0.685323
0.102675 0.706516 0.700210
0.046600 0.775266 0.629914
6
-0.327298 -0.375954 -0.866911
-0.258246 -0.374770 -0.890425
-0.212271 -0.286974 -0.934124
-0.281183 -0.201332 -0.938297
-0.372744 -0.217646 -0.902049
-0.395803 -0.291252 -0.870926
6
0.796811 -0.477139 -0.370716
0.752031 -0.475743 -0.456199
0.686711 -0.544620 -0.481473
0.667682 -0.613931 -0.421058
0.712739 -0.618780 -0.330326
0.775342 -0.551205 -0.308249
6
0.166895 0.689235 -0.705054
0.076383 0.729640 -0.679552
-0.003743 0.686329 -0.727282
0.030267 0.584495 -0.810832
0.056116 0.578098 -0.814035
0.172815 0.625087 -0.761184
6
-0.218948 -0.174533 0.960000
-0.246315 -0.280238 0.927791
-0.307287 -0.300127 0.903049
-0.389119 -0.235389 0.890606
-0.367934 -0.125943 0.921283
-0.258111 -0.122358 0.958336
6
-0.798189 -0.251284 0.547494
-0.799754 -0.322468 0.506368
-0.849863 -0.332438 0.408923
-0.891987 -0.250325 0.376426
-0.891109 -0.173535 0.419297
-0.842278 -0.166912 0.512550
5
-0.573502 -0.785814 0.231501
-0.650723 -0.742926 0.156909
-0.713494 -0.666868 0.214971
-0.677505 -0.661844 0.320857
-0.588798 -0.737007 0.331869
6
-0.562474 0.747138 0.354131
-0.467508 0.798217 0.379849
-0.427739 0.769041 0.474990
-0.467275 0.713943 0.521478
-0.555372 0.667462 0.496040
-0.594298 0.696655 0.401848
6
0.368605 -0.084802 0.925710
0.294544 -0.167122 0.940911
0.228647 -0.157599 0.960668
0.184444 -0.056591 0.981212
0.238631 0.017990 0.970944
0.327636 0.009285 0.944759
6
-0.153796 -0.107628 -0.982224
-0.120252 -0.025887 -0.992406
-0.178574 0.056055 -0.982328
-0.280448 0.039024 -0.959076
-0.310207 -0.038640 -0.949883
-0.251203 -0.123110 -0.960073
6
-0.527134 -0.152972 -0.835901
-0.432790 -0.133924 -0.891491
-0.409385 -0.057224 -0.910566
-0.461091 0.022845 -0.887059
-0.554692 0.004901 -0.832041
-0.575057 -0.091302 -0.813003
5
0.245292 0.575733 -0.779976
0.172815 0.625087 -0.761184
0.056116 0.578098 -0.814035
0.121609 0.479368 -0.869148
0.231555 0.484568 -0.843550
6
0.675581 0.695308 -0.245228
0.612839 0.718147 -0.329688
0.625467 0.663377 -0.410757
0.684263 0.599666 -0.414953
0.746263 0.575659 -0.334227
0.730800 0.635707 -0.248613
6
0.383090 0.090134 0.919303
0.348031 0.172097 0.921551
0.395960 0.250810 0.883352
0.491842 0.231195 0.839429
0.522983 0.152361 0.838615
0.473367 0.072257 0.877897
6
-0.165304 0.715000 0.679301
-0.221670 0.770231 0.598003
-0.151738 0.829861 0.536942
-0.082671 0.833464 0.546355
-0.026379 0.778130 0.627549
-0.091427 0.719826 0.688107
6
0.035614 -0.990339 0.134017
0.005142 -0.969922 0.243362
0.103535 -0.947261 0.303278
0.183585 -0.949420 0.254751
0.188208 -0.966636 0.173757
0.088378 -0.989729 0.112361
6
-0.975402 0.073877 -0.207683
-0.978511 0.129888 -0.160140
-0.990632 0.124073 -0.057041
-0.998587 0.050570 -0.016315
-0.997455 -0.035558 -0.061792
-0.983862 -0.028314 -0.176672
6
-0.092152 -0.189507 -0.977545
-0.002554 -0.181369 -0.983412
0.039810 -0.085635 -0.995531
-0.022927 -0.011058 -0.999676
-0.120252 -0.025887 -0.992406
-0.153796 -0.107628 -0.982224
6
-0.635914 -0.040802 0.770681
-0.665943 0.012175 0.745903
-0.635243 0.121086 0.762761
-0.534147 0.118210 0.837086
-0.512600 0.079970 0.854896
-0.541245 -0.037160 0.840043
6
0.550554 -0.832770 -0.058181
0.575929 -0.816351 0.043322
0.636974 -0.767860 0.068232
0.697362 -0.716714 -0.002702
0.673437 -0.732054 -0.102852
0.609362 -0.783039 -0.124612
6
0.294544 -0.167122 0.940911
0.368605 -0.084802 0.925710
0.436195 -0.095841 0.894734
0.473350 -0.187951 0.860590
0.394340 -0.274224 0.877096
0.336849 -0.265801 0.903262
6
-0.456899 0.752260 -0.474709
-0.527823 0.680022 -0.508894
-0.505665 0.630143 -0.589256
-0.435008 0.640538 -0.632834
-0.359659 0.715355 -0.599093
-0.375428 0.762168 -0.527403
6
-0.225562 -0.016627 0.974087
-0.258111 -0.122358 0.958336
-0.367934 -0.125943 0.921283
-0.404049 -0.079695 0.911259
-0.375364 0.037604 0.926114
-0.254890 0.031691 0.966451
6
-0.235276 -0.916086 0.324701
-0.141900 -0.909938 0.389715
-0.079079 -0.926014 0.369113
-0.051282 -0.962757 0.265459
-0.152597 -0.967901 0.199706
-0.202495 -0.955215 0.215777
6
-0.196261 0.291169 0.936324
-0.083492 0.285618 0.954699
-0.047464 0.210682 0.976402
-0.096226 0.130860 0.986720
-0.215211 0.139800 0.966509
-0.241328 0.186336 0.952386
6
0.796712 0.604011 0.020522
0.756449 0.649946 -0.073178
0.783748 0.600303 -0.159293
0.828156 0.536995 -0.160606
0.869131 0.490137 -0.066168
0.844089 0.535978 0.015566
6
0.615512 -0.290664 0.732570
0.564391 -0.284412 0.774966
0.532679 -0.197706 0.822901
0.602213 -0.104059 0.791525
0.673794 -0.129619 0.727461
0.686161 -0.195375 0.700723
6
0.660029 -0.009247 -0.751183
0.697797 0.063428 -0.713482
0.659602 0.155165 -0.735425
0.579142 0.161571 -0.799056
0.545928 0.082994 -0.833711
0.581904 -0.006088 -0.813235
6
0.013315 0.086656 -0.996149
-0.022927 -0.011058 -0.999676
0.039810 -0.085635 -0.995531
0.124295 -0.074050 -0.989478
0.165982 0.023567 -0.985847
0.116387 0.094204 -0.988726
6
-0.715064 0.116537 -0.689277
-0.678926 0.053239 -0.732273
-0.597834 0.070420 -0.798520
-0.567744 0.163921 -0.806720
-0.606890 0.231553 -0.760308
-0.681753 0.216528 -0.698805
6
0.344730 -0.835519 0.427866
0.433316 -0.823021 0.367253
0.432419 -0.855178 0.285804
0.358056 -0.901194 0.244225
0.271027 -0.912627 0.306031
0.267541 -0.882777 0.386170
6
0.329098 0.934562 -0.135236
0.263194 0.939579 -0.218906
0.274355 0.919974 -0.279958
0.374589 0.872557 -0.313571
0.444362 0.866710 -0.226619
0.416706 0.896897 -0.148096
6
0.135723 -0.657404 0.741214
0.149066 -0.723752 0.673768
0.071014 -0.769828 0.634288
-0.021176 -0.744611 0.667163
-0.031627 -0.681806 0.730849
0.054110 -0.632794 0.772427
6
-0.292793 -0.897217 -0.330566
-0.230454 -0.934199 -0.272330
-0.143813 -0.945805 -0.291154
-0.108534 -0.915241 -0.388012
-0.166884 -0.878779 -0.447099
-0.263821 -0.866538 -0.423687
7
-0.010536 0.994645 -0.102811
0.007866 0.983521 -0.180622
0.096590 0.971832 -0.214971
0.155565 0.971623 -0.178179
0.166926 0.984618 -0.051606
0.143790 0.989286 -0.025264
0.058166 0.998082 -0.021209
6
0.842450 0.122868 -0.524577
0.792514 0.133810 -0.594993
0.760109 0.057057 -0.647286
0.790133 -0.042725 -0.611444
0.836241 -0.051266 -0.545960
0.870528 0.027011 -0.491377
6
-0.047464 0.210682 0.976402
-0.083492 0.285618 0.954699
-0.033934 0.365501 0.930192
0.066129 0.362904 0.929477
0.110174 0.279634 0.953764
0.058779 0.202179 0.977583
6
-0.711212 0.277106 -0.646057
-0.664607 0.377069 -0.645071
-0.693526 0.436411 -0.573208
-0.750063 0.414836 -0.515089
-0.796699 0.313726 -0.516572
-0.777667 0.260172 -0.572315
5
-0.536734 0.565259 0.626418
-0.597802 0.466544 0.651897
-0.679319 0.457659 0.573649
-0.670768 0.546907 0.500962
-0.584333 0.609725 0.535529
6
0.047550 0.042267 0.997974
0.087860 -0.052180 0.994765
0.040326 -0.117850 0.992212
-0.067575 -0.116735 0.990862
-0.105216 -0.021132 0.994225
-0.061852 0.048948 0.996884
6
-0.037088 0.554672 -0.831242
0.030267 0.584495 -0.810832
-0.003743 0.686329 -0.727282
-0.087114 0.700854 -0.707965
-0.159480 0.645187 -0.747195
-0.146699 0.586849 -0.796296
6
0.596293 0.802565 0.017997
0.550849 0.827494 0.108712
0.467435 0.877665 0.105868
0.430417 0.902278 0.025191
0.473456 0.878634 -0.061980
0.549027 0.833192 -0.066027
6
-0.597802 0.466544 0.651897
-0.581404 0.423030 0.694992
-0.631709 0.320739 0.705741
-0.716604 0.315671 0.621957
-0.721423 0.401585 0.564161
-0.679319 0.457659 0.573649
5
-0.130383 0.989557 -0.061454
-0.010536 0.994645 -0.102811
0.058166 0.998082 -0.021209
-0.003183 0.997059 0.076566
-0.104121 0.992875 0.057946
6
0.913268 -0.253255 0.319066
0.937443 -0.273392 0.215540
0.904439 -0.382886 0.188117
0.864361 -0.432473 0.256607
0.852002 -0.404231 0.332702
0.884900 -0.294253 0.361064
6
0.309662 -0.026206 -0.950485
0.414316 -0.024820 -0.909795
0.446121 0.086134 -0.890818
0.413102 0.135348 -0.900571
0.302712 0.136515 -0.943254
0.270459 0.027419 -0.962341
6
-0.679629 -0.579334 -0.449975
-0.707128 -0.597110 -0.378721
-0.664568 -0.675787 -0.318844
-0.581729 -0.726091 -0.366583
-0.556344 -0.702789 -0.443361
-0.597823 -0.629006 -0.496950
6
0.843742 0.322865 0.428785
0.891931 0.289644 0.347224
0.919200 0.202992 0.337439
0.901711 0.137954 0.409738
0.850257 0.172492 0.497303
0.827903 0.241040 0.506435
6
0.583252 0.790538 0.186727
0.658203 0.729399 0.186404
0.681042 0.678249 0.275973
0.634794 0.691264 0.345239
0.554724 0.756328 0.346770
0.530111 0.801947 0.275434
6
-0.615816 -0.268842 -0.740605
-0.538065 -0.249736 -0.805058
-0.527134 -0.152972 -0.835901
-0.575057 -0.091302 -0.813003
-0.659128 -0.107640 -0.744288
-0.670030 -0.202789 -0.714099
6
-0.035226 0.652207 0.757222
0.057278 0.654488 0.753900
0.110436 0.577620 0.808801
0.063564 0.515618 0.854458
-0.031867 0.514707 0.856774
-0.084165 0.588680 0.803973
6
0.594108 0.636112 0.492339
0.644523 0.629667 0.433717
0.711857 0.558027 0.426458
0.710008 0.480860 0.514453
0.634796 0.506016 0.583937
0.589981 0.563547 0.578219
6
0.570839 -0.172031 -0.802838
0.486057 -0.251536 -0.836946
0.478190 -0.328171 -0.814640
0.589501 -0.343663 -0.731016
0.640129 -0.280958 -0.715051
0.625455 -0.188448 -0.757162
6
0.210293 0.270272 0.939537
0.250119 0.186393 0.950104
0.197908 0.108231 0.974227
0.098015 0.117371 0.988239
0.058779 0.202179 0.977583
0.110174 0.279634 0.953764
6
-0.860722 0.346036 -0.373385
-0.912951 0.312807 -0.262054
-0.931141 0.269295 -0.245877
-0.925730 0.172002 -0.336807
-0.885461 0.194952 -0.421844
-0.853033 0.293450 -0.431535
6
0.231555 0.484568 -0.843550
0.121609 0.479368 -0.869148
0.085707 0.416815 -0.904941
0.140355 0.336374 -0.931210
0.252001 0.340385 -0.905888
0.272416 0.441649 -0.854831
6
0.502276 -0.009710 0.864653
0.436195 -0.095841 0.894734
0.368605 -0.084802 0.925710
0.327636 0.009285 0.944759
0.383090 0.090134 0.919303
0.473367 0.072257 0.877897
6
0.901711 0.137954 0.409738
0.916211 0.044436 0.398226
0.891226 -0.013713 0.453352
0.836501 0.018133 0.547665
0.821751 0.089362 0.562797
0.850257 0.172492 0.497303
6
0.013315 0.086656 -0.996149
-0.035883 0.149497 -0.988111
-0.145018 0.137505 -0.979828
-0.178574 0.056055 -0.982328
-0.120252 -0.025887 -0.992406
-0.022927 -0.011058 -0.999676
6
0.980295 -0.197019 0.014348
0.967214 -0.245761 0.064017
0.958751 -0.228857 0.168587
0.974332 -0.117518 0.192008
0.990647 -0.059924 0.122586
0.995372 -0.087537 0.039655
6
0.270459 0.027419 -0.962341
0.302712 0.136515 -0.943254
0.265142 0.187236 -0.945855
0.153600 0.184073 -0.970837
0.116387 0.094204 -0.988726
0.165982 0.023567 -0.985847
6
-0.333693 0.121458 -0.934824
-0.431908 0.103890 -0.895914
-0.461091 0.022845 -0.887059
-0.409385 -0.057224 -0.910566
-0.310207 -0.038640 -0.949883
-0.280448 0.039024 -0.959076
6
0.810024 -0.223132 -0.542285
0.853002 -0.148804 -0.500244
0.836241 -0.051266 -0.545960
0.790133 -0.042725 -0.611444
0.741519 -0.120597 -0.660005
0.758543 -0.218364 -0.613946
6
0.761373 -0.389945 -0.517933
0.752031 -0.475743 -0.456199
0.796811 -0.477139 -0.370716
0.846137 -0.407738 -0.343223
0.856888 -0.320014 -0.404145
0.813499 -0.320279 -0.485428
6
-0.527134 -0.152972 -0.835901
-0.538065 -0.249736 -0.805058
-0.481447 -0.305927 -0.821351
-0.395803 -0.291252 -0.870926
-0.372744 -0.217646 -0.902049
-0.432790 -0.133924 -0.891491
6
-0.597267 -0.517848 -0.612459
-0.659478 -0.468641 -0.587762
-0.711523 -0.489083 -0.504512
-0.679629 -0.579334 -0.449975
-0.597823 -0.629006 -0.496950
-0.565210 -0.600294 -0.565848
6
0.080782 -0.824728 0.559730
0.172457 -0.837956 0.517773
0.180065 -0.880935 0.437643
0.094365 -0.916735 0.388191
0.013757 -0.903914 0.427493
0.001948 -0.859295 0.511476
6
-0.883903 -0.402560 -0.238037
-0.854050 -0.481957 -0.195745
-0.796950 -0.550262 -0.249164
-0.776530 -0.538075 -0.327835
-0.807392 -0.450889 -0.380549
-0.857861 -0.387852 -0.337113
6
-0.735870 -0.320247 -0.596605
-0.787892 -0.340792 -0.512920
-0.768538 -0.435308 -0.468889
-0.711523 -0.489083 -0.504512
-0.659478 -0.468641 -0.587762
-0.676177 -0.378635 -0.631997
6
-0.311414 0.860163 -0.403908
-0.230089 0.906344 -0.354401
-0.238788 0.933105 -0.268878
-0.321186 0.921601 -0.217925
-0.402834 0.873560 -0.273164
-0.395198 0.848412 -0.352159
6
-0.793722 0.586729 -0.160483
-0.748417 0.649236 -0.135518
-0.736741 0.674879 -0.041859
-0.788828 0.613778 0.032032
-0.844251 0.535889 -0.007981
-0.848116 0.522786 -0.085987
6
0.519596 -0.827062 0.214449
0.432419 -0.855178 0.285804
0.433316 -0.823021 0.367253
0.498030 -0.769657 0.399493
0.584868 -0.740947 0.330040
0.573846 -0.784206 0.236052
6
-0.472371 -0.639659 -0.606384
-0.431599 -0.696108 -0.573721
-0.336108 -0.721641 -0.605199
-0.298140 -0.662645 -0.687033
-0.369519 -0.584903 -0.722041
-0.436476 -0.579636 -0.688122
6
-0.300543 0.632275 0.714075
-0.355205 0.685493 0.635554
-0.287527 0.759601 0.583382
-0.221670 0.770231 0.598003
-0.165304 0.715000 0.679301
-0.228711 0.642932 0.730979
6
0.166895 0.689235 -0.705054
0.248604 0.718679 -0.649382
0.241994 0.773504 -0.585774
0.147138 0.816408 -0.558416
0.066330 0.781969 -0.619778
0.076383 0.729640 -0.679552
6
-0.750063 0.414836 -0.515089
-0.770250 0.469155 -0.431982
-0.819733 0.437651 -0.369458
-0.860722 0.346036 -0.373385
-0.853033 0.293450 -0.431535
-0.796699 0.313726 -0.516572
6
0.564506 0.323652 -0.759330
0.519978 0.388894 -0.760516
0.420989 0.396057 -0.816031
0.402723 0.290987 -0.867837
0.438184 0.243695 -0.865221
0.538157 0.238317 -0.808450
6
-0.993673 -0.109407 -0.025381
-0.997455 -0.035558 -0.061792
-0.998587 0.050570 -0.016315
-0.994796 0.048161 0.089787
-0.990913 -0.022402 0.132629
-0.989483 -0.115161 0.087532
6
0.064617 0.873831 0.481916
0.112280 0.820469 0.560557
0.046600 0.775266 0.629914
-0.026379 0.778130 0.627549
-0.082671 0.833464 0.546355
-0.011124 0.880227 0.474422
6
-0.299903 -0.942618 0.146727
-0.265378 -0.963561 0.033533
-0.357897 -0.933138 -0.034103
-0.416226 -0.909205 -0.010130
-0.442055 -0.892226 0.092307
-0.352135 -0.921508 0.163779
6
-0.395198 0.848412 -0.352159
-0.402834 0.873560 -0.273164
-0.486198 0.847629 -0.212452
-0.551002 0.797539 -0.245619
-0.550847 0.764264 -0.335362
-0.468105 0.789729 -0.396492
5
0.354788 0.797332 0.488249
0.362882 0.718063 0.593887
0.236878 0.744077 0.624690
0.192920 0.805422 0.560426
0.256491 0.838582 0.480616
6
-0.404461 0.581069 -0.706237
-0.471897 0.497057 -0.728181
-0.432205 0.426580 -0.794499
-0.357728 0.434608 -0.826527
-0.292742 0.515156 -0.805554
-0.331399 0.584919 -0.740300
6
0.296009 0.953792 -0.051564
0.333052 0.942672 0.021106
0.286441 0.952058 0.107410
0.182183 0.978187 0.099796
0.143790 0.989286 -0.025264
0.166926 0.984618 -0.051606
6
0.116387 0.094204 -0.988726
0.153600 0.184073 -0.970837
0.104592 0.257242 -0.960670
-0.002602 0.250322 -0.968159
-0.035883 0.149497 -0.988111
0.013315 0.086656 -0.996149
6
-0.287527 0.759601 0.583382
-0.339173 0.800505 0.494118
-0.287667 0.854435 0.432653
-0.204394 0.871533 0.445706
-0.151738 0.829861 0.536942
-0.221670 0.770231 0.598003
6
-0.130568 -0.578673 0.805040
-0.224520 -0.527396 0.819417
-0.228372 -0.460612 0.857719
-0.145927 -0.408065 0.901215
-0.054503 -0.458027 0.887266
-0.043976 -0.526356 0.849126
6
-0.746521 0.008515 0.665307
-0.773434 0.084065 0.628277
-0.739999 0.166590 0.651651
-0.655548 0.167727 0.736291
-0.635243 0.121086 0.762761
-0.665943 0.012175 0.745903
6
0.879486 0.408723 -0.243821
0.882219 0.338982 -0.326773
0.918509 0.248296 -0.307719
0.946098 0.228816 -0.229219
0.945480 0.288522 -0.151071
0.919143 0.363693 -0.151338
6
0.005021 0.950133 0.311806
-0.058242 0.918614 0.390841
-0.145239 0.913650 0.379669
-0.188147 0.939520 0.286188
-0.128739 0.967292 0.218569
-0.030637 0.971669 0.234351
6
0.172457 -0.837956 0.517773
0.248290 -0.791909 0.557882
0.338254 -0.792092 0.508109
0.344730 -0.835519 0.427866
0.267541 -0.882777 0.386170
0.180065 -0.880935 0.437643
6
-0.836285 0.079321 0.542526
-0.853977 0.164310 0.493686
-0.820702 0.238440 0.519225
-0.755653 0.245472 0.607233
-0.739999 0.166590 0.651651
-0.773434 0.084065 0.628277
6
0.536334 -0.660755 -0.525117
0.441476 -0.718800 -0.537053
0.418086 -0.764993 -0.489887
0.468558 -0.790309 -0.394797
0.562867 -0.732014 -0.383844
0.587731 -0.679454 -0.439221
5
-0.327977 0.933792 -0.143050
-0.228940 0.970702 -0.072961
-0.284207 0.957920 0.040208
-0.390963 0.920221 0.018482
-0.406488 0.909809 -0.083758
6
-0.375428 0.762168 -0.527403
-0.359659 0.715355 -0.599093
-0.273202 0.712851 -0.645913
-0.194674 0.774339 -0.602081
-0.213765 0.821746 -0.528240
-0.298214 0.821976 -0.485205
6
0.689760 -0.110119 -0.715615
0.741519 -0.120597 -0.660005
0.790133 -0.042725 -0.611444
0.760109 0.057057 -0.647286
0.697797 0.063428 -0.713482
0.660029 -0.009247 -0.751183
6
-0.829512 -0.086768 0.551707
-0.860910 -0.002472 0.508751
-0.836285 0.079321 0.542526
-0.773434 0.084065 0.628277
-0.746521 0.008515 0.665307
-0.769684 -0.078380 0.633595
6
0.251599 -0.613236 -0.748759
0.220522 -0.678870 -0.700361
0.282340 -0.726307 -0.626707
0.384115 -0.681523 -0.622882
0.405308 -0.626666 -0.665594
0.340600 -0.578843 -0.740900
6
-0.136905 -0.280512 -0.950037
-0.066703 -0.358231 -0.931247
0.010799 -0.349452 -0.936892
0.055385 -0.253399 -0.965775
-0.002554 -0.181369 -0.983412
-0.092152 -0.189507 -0.977545
6
-0.676177 -0.378635 -0.631997
-0.659478 -0.468641 -0.587762
-0.597267 -0.517848 -0.612459
-0.518672 -0.479902 -0.707583
-0.516484 -0.441611 -0.733638
-0.619546 -0.352704 -0.701258
6
0.329098 0.934562 -0.135236
0.416706 0.896897 -0.148096
0.473456 0.878634 -0.061980
0.430417 0.902278 0.025191
0.333052 0.942672 0.021106
0.296009 0.953792 -0.051564
5
0.594108 0.636112 0.492339
0.589981 0.563547 0.578219
0.508425 0.580517 0.636007
0.435110 0.676315 0.594371
0.513090 0.702013 0.493879
6
-0.058242 0.918614 0.390841
-0.011124 0.880227 0.474422
-0.082671 0.833464 0.546355
-0.151738 0.829861 0.536942
-0.204394 0.871533 0.445706
-0.145239 0.913650 0.379669
6
0.756233 -0.653907 0.022745
0.767431 -0.630699 0.115188
0.820573 -0.553246 0.143452
0.863319 -0.499325 0.073176
0.853507 -0.520677 -0.020535
0.801034 -0.596884 -0.045536
6
-0.172887 0.434473 -0.883936
-0.207533 0.371100 -0.905105
-0.159909 0.291758 -0.943030
-0.047146 0.303374 -0.951705
-0.015920 0.408682 -0.912538
-0.059567 0.450038 -0.891021
6
0.622109 0.543142 -0.563894
0.612519 0.468614 -0.636570
0.666091 0.395255 -0.632532
0.731358 0.382491 -0.564639
0.741125 0.458486 -0.490432
0.686475 0.532180 -0.495516
5
0.296009 0.953792 -0.051564
0.166926 0.984618 -0.051606
0.155565 0.971623 -0.178179
0.263194 0.939579 -0.218906
0.329098 0.934562 -0.135236
6
-0.256093 0.660346 -0.705946
-0.159480 0.645187 -0.747195
-0.087114 0.700854 -0.707965
-0.109893 0.764715 -0.634928
-0.194674 0.774339 -0.602081
-0.273202 0.712851 -0.645913
6
0.448925 -0.873695 -0.187415
0.485616 -0.870626 -0.078661
0.550554 -0.832770 -0.058181
0.609362 -0.783039 -0.124612
0.573771 -0.786186 -0.229561
0.484236 -0.841016 -0.241263
6
-0.787892 -0.340792 -0.512920
-0.834239 -0.282908 -0.473294
-0.876105 -0.300295 -0.377179
-0.857861 -0.387852 -0.337113
-0.807392 -0.450889 -0.380549
-0.768538 -0.435308 -0.468889
7
-0.486670 -0.422243 -0.764763
-0.516484 -0.441611 -0.733638
-0.518672 -0.479902 -0.707583
-0.436476 -0.579636 -0.688122
-0.369519 -0.584903 -0.722041
-0.333499 -0.521505 -0.785373
-0.370393 -0.456665 -0.808867
6
-0.352135 -0.921508 0.163779
-0.442055 -0.892226 0.092307
-0.498545 -0.859188 0.115105
-0.519691 -0.827131 0.213953
-0.437629 -0.852668 0.285374
-0.380689 -0.884149 0.270845
6
0.531890 0.305091 0.789945
0.494323 0.384091 0.779820
0.527106 0.448883 0.721570
0.618674 0.424083 0.661359
0.651624 0.366362 0.664202
0.623678 0.279873 0.729861
6
0.968029 0.069764 0.240941
0.953636 0.014295 0.300623
0.916211 0.044436 0.398226
0.901711 0.137954 0.409738
0.919200 0.202992 0.337439
0.951587 0.171224 0.255274
6
0.796811 -0.477139 -0.370716
0.775342 -0.551205 -0.308249
0.811814 -0.544810 -0.210093
0.859695 -0.475965 -0.185422
0.882110 -0.400755 -0.247542
0.846137 -0.407738 -0.343223
6
0.995372 -0.087537 0.039655
0.990647 -0.059924 0.122586
0.988980 0.042127 0.141930
0.991778 0.098881 0.081237
0.996998 0.073427 -0.024550
0.998719 -0.022440 -0.045355
6
-0.626585 0.758535 -0.178932
-0.616105 0.783240 -0.083370
-0.677774 0.735133 -0.014218
-0.736741 0.674879 -0.041859
-0.748417 0.649236 -0.135518
-0.682250 0.701465 -0.206112
6
-0.718754 0.554006 -0.420084
-0.770250 0.469155 -0.431982
-0.750063 0.414836 -0.515089
-0.693526 0.436411 -0.573208
-0.636755 0.527980 -0.561944
-0.658409 0.582154 -0.477069
6
0.250579 -0.345971 0.904165
0.288830 -0.440507 0.850018
0.196100 -0.513394 0.835447
0.134378 -0.499189 0.856010
0.101022 -0.408820 0.907007
0.192080 -0.335284 0.922329
6
0.047550 0.042267 0.997974
0.098015 0.117371 0.988239
0.197908 0.108231 0.974227
0.238631 0.017990 0.970944
0.184444 -0.056591 0.981212
0.087860 -0.052180 0.994765
6
-0.080272 0.442159 0.893337
-0.031867 0.514707 0.856774
0.063564 0.515618 0.854458
0.113482 0.432805 0.894316
0.066129 0.362904 0.929477
-0.033934 0.365501 0.930192
6
0.538157 0.238317 -0.808450
0.438184 0.243695 -0.865221
0.413102 0.135348 -0.900571
0.446121 0.086134 -0.890818
0.545928 0.082994 -0.833711
0.579142 0.161571 -0.799056
6
-0.054503 -0.458027 0.887266
-0.145927 -0.408065 0.901215
-0.151203 -0.343101 0.927049
-0.064275 -0.277555 0.958557
0.000683 -0.294431 0.955673
0.037875 -0.391716 0.919306
6
0.255158 0.489712 0.833712
0.354203 0.478357 0.803564
0.398946 0.402239 0.824042
0.357887 0.329462 0.873711
0.257742 0.342986 0.903288
0.213312 0.427100 0.878683
6
-0.781077 -0.619174 0.080884
-0.717043 -0.696643 0.023185
-0.713593 -0.698847 -0.048966
-0.765888 -0.633032 -0.112635
-0.827730 -0.558212 -0.057122
-0.822628 -0.566836 0.044507
7
-0.059567 0.450038 -0.891021
-0.015920 0.408682 -0.912538
0.085707 0.416815 -0.904941
0.121609 0.479368 -0.869148
0.056116 0.578098 -0.814035
0.030267 0.584495 -0.810832
-0.037088 0.554672 -0.831242
6
-0.231459 -0.534723 -0.812710
-0.187857 -0.452825 -0.871584
-0.258246 -0.374770 -0.890425
-0.327298 -0.375954 -0.866911
-0.370393 -0.456665 -0.808867
-0.333499 -0.521505 -0.785373
6
0.683699 -0.678188 -0.269474
0.712739 -0.618780 -0.330326
0.667682 -0.613931 -0.421058
0.587731 -0.679454 -0.439221
0.562867 -0.732014 -0.383844
0.607147 -0.741150 -0.286478
6
0.830387 0.285843 -0.478280
0.840600 0.360424 -0.404335
0.795349 0.440482 -0.416409
0.741125 0.458486 -0.490432
0.731358 0.382491 -0.564639
0.776068 0.303219 -0.552971
6
-0.541245 -0.037160 0.840043
-0.508373 -0.083746 0.857055
-0.526656 -0.191881 0.828139
-0.602712 -0.209955 0.769842
-0.655044 -0.143543 0.741831
-0.635914 -0.040802 0.770681
6
-0.681625 0.631086 0.370294
-0.712745 0.634512 0.298980
-0.679688 0.697596 0.226680
-0.591997 0.763005 0.259544
-0.562474 0.747138 0.354131
-0.594298 0.696655 0.401848
6
0.869131 0.490137 -0.066168
0.828156 0.536995 -0.160606
0.844246 0.475855 -0.246600
0.879486 0.408723 -0.243821
0.919143 0.363693 -0.151338
0.905615 0.418314 -0.069817
6
0.844320 -0.270853 0.462345
0.809331 -0.311273 0.498089
0.752570 -0.285042 0.593624
0.749927 -0.222238 0.623073
0.803730 -0.133693 0.579780
0.858710 -0.164753 0.485257
6
-0.215540 -0.976355 0.016519
-0.114771 -0.989817 0.084201
-0.068085 -0.995333 0.068388
-0.027339 -0.998345 -0.050595
-0.122174 -0.985633 -0.116622
-0.176221 -0.979221 -0.100364
6
0.336566 -0.874925 -0.348181
0.440922 -0.828910 -0.344231
0.468558 -0.790309 -0.394797
0.418086 -0.764993 -0.489887
0.313909 -0.811334 -0.493152
0.286669 -0.852375 -0.437353
6
0.319774 0.792559 -0.519225
0.241994 0.773504 -0.585774
0.248604 0.718679 -0.649382
0.334440 0.666335 -0.666444
0.408710 0.676427 -0.612701
0.407723 0.736662 -0.539529
6
-0.081876 -0.969843 -0.229568
-0.143813 -0.945805 -0.291154
-0.230454 -0.934199 -0.272330
-0.264969 -0.950054 -0.164887
-0.176221 -0.979221 -0.100364
-0.122174 -0.985633 -0.116622
6
0.212768 0.880136 -0.424371
0.202205 0.911773 -0.357468
0.099588 0.941390 -0.322283
0.029449 0.928223 -0.370856
0.040075 0.887085 -0.459864
0.136786 0.858903 -0.493534
6
-0.670768 0.546907 0.500962
-0.703576 0.553738 0.445370
-0.681625 0.631086 0.370294
-0.594298 0.696655 0.401848
-0.555372 0.667462 0.496040
-0.584333 0.609725 0.535529
