400
5
61.210658 79.022178 -2.958180
51.253524 84.131065 -17.176734
61.627788 76.268076 -19.626416
67.270806 72.823377 -13.091767
67.270969 72.823684 -13.089225
5
82.417970 35.600907 44.043769
89.245801 31.351636 32.438588
92.107616 20.673708 32.996740
84.044027 18.168333 51.054023
79.616696 25.365840 54.934106
6
-46.932196 -16.886493 -86.673037
-37.503693 -33.237419 -86.537547
-25.548517 -31.049245 -91.559913
-25.714576 -13.132839 -95.740739
-34.977307 -10.010155 -93.147114
-46.924715 -16.710657 -86.711159
6
-32.369178 -94.342676 -7.189979
-38.761142 -91.959239 -6.408766
-42.936905 -90.181694 4.866640
-36.382768 -92.898312 6.796897
-29.354092 -95.540421 3.219504
-28.924644 -95.697649 2.307568
6
35.365720 76.628442 -53.640914
35.356317 76.662419 -53.598549
23.464362 84.086538 -48.773742
6.121497 86.187502 -50.341253
11.141433 78.046113 -61.519694
21.953662 71.643414 -66.221280
7
-11.338388 5.605919 -99.196848
-14.309196 -7.041404 -98.720137
-0.407421 -10.909859 -99.402258
3.904626 -3.520222 -99.861714
3.735591 3.299749 -99.875708
-3.283743 10.438907 -99.399428
-6.993664 9.490462 -99.302668
6
-86.307977 42.301973 -27.594856
-89.748186 21.132607 -38.712738
-89.604439 21.009721 -39.110564
-88.649096 21.214465 -41.125226
-80.436809 39.861795 -44.056295
-81.369423 41.601280 -40.599883
6
19.022247 47.857589 85.719340
25.159970 43.456622 86.478309
20.841006 26.397122 94.174542
12.597251 28.269528 95.090184
8.369953 39.754461 91.375745
10.592313 44.531541 88.908632
5
-62.267049 37.165308 68.858946
-70.463421 32.886042 62.876184
-72.005844 33.026078 61.028162
-71.026043 46.139477 53.164366
-56.657492 47.726124 67.172507
8
76.778948 27.454068 57.890132
79.616696 25.365840 54.934106
84.044027 18.168333 51.054023
84.101533 11.942356 52.766583
79.352051 8.496048 60.258354
73.092438 11.241857 67.313566
71.652317 19.553144 66.959839
74.663586 25.995945 61.233649
7
70.761489 -10.732380 -69.840015
57.558321 6.082270 -81.547813
54.504889 5.954007 -83.628744
48.414106 -1.324663 -87.488968
46.665597 -8.697968 -88.015155
51.235810 -15.998399 -84.373829
71.689610 -14.129956 -68.271108
4
-42.368989 -86.438504 27.078659
-52.910464 -82.799379 18.567326
-58.163782 -78.167758 22.511688
-45.735259 -80.443994 37.908442
8
-95.071816 -21.286800 22.543779
-98.809213 -11.922447 9.725976
-99.690039 -1.021573 7.800807
-99.282287 7.251495 9.510172
-97.087671 12.331184 20.540839
-93.061929 1.662912 36.561073
-92.881912 -1.408377 37.026571
-94.499643 -20.823613 25.222898
6
-72.113127 57.870947 -38.087405
-71.601527 58.242014 -38.484921
-64.885482 64.815263 -39.860455
-70.446013 66.118635 -25.800879
-80.118182 57.200710 -17.582823
-81.695363 53.366575 -21.860381
6
82.656220 -31.762706 -46.465899
88.728102 -25.520017 -38.419430
91.386240 -14.950151 -37.749809
76.758575 -14.291902 -62.480898
74.269775 -16.757581 -64.831967
74.535940 -23.208584 -62.496042
6
-79.957159 -42.009260 42.919399
-79.553641 -40.226096 45.310918
-73.219794 -36.028838 57.799521
-71.457212 -37.336276 59.159693
-67.635470 -51.029809 53.116869
-68.950575 -51.026218 51.401783
5
7.534702 72.028261 68.957653
18.063492 83.241612 52.388398
20.984651 82.586052 52.337256
27.504948 76.189530 58.639862
26.591125 67.421448 68.900366
6
64.645311 66.688387 37.062687
71.353551 64.663195 26.969277
83.011822 47.019055 29.970750
77.735849 46.611327 42.243603
74.500186 48.566371 45.727779
67.304588 59.510203 43.916148
4
54.234102 -62.315963 -56.350536
35.401453 -71.068682 -60.794568
44.960482 -78.787499 -42.084261
54.403240 -63.191093 -55.201208
8
20.262192 13.832734 -96.943793
18.590523 12.475263 -97.461583
17.432797 10.449079 -97.912790
15.804268 -1.885472 -98.725225
18.564839 -6.665469 -98.035291
27.749817 -4.476141 -95.968286
30.342562 7.426121 -94.995693
26.726816 13.384866 -95.428102
6
31.886165 -91.587813 24.391496
32.678138 -91.870932 22.178168
13.506557 -97.767682 16.095130
8.166502 -96.246552 25.882609
23.793085 -91.602420 32.293741
25.575857 -91.414314 31.453120
7
-94.499643 -20.823613 25.222898
-93.211959 -22.273448 28.555634
-92.392135 -23.512975 30.180017
-80.858086 -42.752448 40.425217
-80.844782 -42.860338 40.337486
-88.834527 -44.211590 12.400089
-95.071816 -21.286800 22.543779
6
1.211853 70.502188 70.908200
7.534702 72.028261 68.957653
26.591125 67.421448 68.900366
28.330449 64.711738 70.779775
17.910360 55.120614 81.491944
7.557833 60.862826 78.984780
5
-94.499643 -20.823613 25.222898
-92.881912 -1.408377 37.026571
-83.914867 -5.721421 54.088451
-83.614607 -10.925519 53.751562
-93.211959 -22.273448 28.555634
6
31.224016 22.909501 92.196614
42.341119 4.276732 90.492758
37.419342 -4.048631 92.646648
33.960635 -1.346639 94.047126
23.488787 22.098908 94.656828
23.574191 22.448773 94.553213
6
23.574191 22.448773 94.553213
23.488787 22.098908 94.656828
15.222654 11.422023 98.172339
3.392602 23.314226 97.185066
12.597251 28.269528 95.090184
20.841006 26.397122 94.174542
5
-99.690039 -1.021573 7.800807
-98.809213 -11.922447 9.725976
-97.240188 -21.124258 -9.905126
-96.785828 -2.464028 -25.028625
-97.549603 2.316618 -21.879401
5
48.650119 46.849947 -73.744480
48.595857 46.695616 -73.878022
59.257302 34.673629 -72.707026
63.790912 37.096816 -67.487374
58.622963 48.863712 -64.619547
7
58.622963 48.863712 -64.619547
63.790912 37.096816 -67.487374
76.489868 30.396739 -56.792063
77.716533 31.052162 -54.734850
77.208063 37.075508 -51.617068
61.258601 59.439526 -52.099199
61.180033 59.443021 -52.187458
7
48.271658 9.983951 87.006711
38.845784 28.440365 87.647879
38.976184 28.854315 87.454477
54.446187 34.824470 76.307725
54.732195 34.335285 76.324800
58.415873 17.985274 79.146166
57.223840 12.988147 80.973700
6
0.277687 -99.997391 -0.666846
0.597332 -99.478509 -10.181822
-15.735511 -97.644998 -14.759675
-19.015596 -97.301434 -13.070501
-19.667793 -98.019695 -2.305933
-14.096738 -98.948219 3.245281
7
-5.831060 -67.449466 73.597338
-19.445004 -60.832687 76.949828
-16.924961 -45.805091 87.266484
-13.706341 -42.829150 89.318532
-7.962398 -45.076624 88.908369
1.710681 -56.490950 82.497552
-4.097687 -67.441214 73.721717
5
-14.309196 -7.041404 -98.720137
-15.708022 -7.727944 -98.455761
-10.291153 -30.635075 -94.633949
1.323685 -13.401476 -99.089093
-0.407421 -10.909859 -99.402258
6
84.096027 -50.541038 19.325156
93.148180 -33.734404 13.616408
90.718349 -42.045027 1.548159
83.201835 -55.391384 -3.041256
81.946796 -57.247887 -2.720688
81.051511 -58.564182 0.942942
5
-46.411783 36.752286 80.592902
-52.285169 51.506255 67.921769
-37.425563 54.716943 74.869109
-34.630695 53.463083 77.087053
-42.661566 37.669209 82.225431
8
48.968027 53.913252 68.523672
46.857324 72.031128 51.145946
48.245608 73.748408 47.260275
54.885936 74.142815 38.605401
64.645311 66.688387 37.062687
67.304588 59.510203 43.916148
50.366653 51.816073 69.125212
50.258909 51.906433 69.135840
4
34.571193 88.844578 30.190621
37.074605 81.590311 44.367722
24.383298 83.838770 48.749517
28.274561 90.725164 31.136696
6
63.790912 37.096816 -67.487374
59.257302 34.673629 -72.707026
57.569917 30.409496 -75.901036
66.135525 16.548429 -73.159017
70.820910 17.456996 -68.407982
76.489868 30.396739 -56.792063
6
-0.333486 54.242337 84.009866
-0.035997 48.870817 87.244725
-13.117462 42.116606 89.744770
-20.155115 43.726292 87.645780
-22.467283 52.501932 82.090002
-16.389266 60.978046 77.543986
4
-74.080363 -19.981478 64.131430
-74.264441 -33.721248 57.859055
-82.416596 -23.967267 51.313495
-82.015785 -15.892658 54.962118
5
-27.291603 -95.022446 -15.030072
-36.371892 -91.037244 -19.730829
-44.001317 -88.548354 -14.935632
-38.761142 -91.959239 -6.408766
-32.369178 -94.342676 -7.189979
5
-40.757189 -81.876453 40.436344
-28.159013 -78.224622 55.569583
-23.134502 -88.311042 40.816109
-23.871095 -89.571593 37.511340
-28.345857 -88.642616 36.592337
6
97.227574 21.545543 9.087822
93.188995 18.816748 31.011953
92.107616 20.673708 32.996740
89.245801 31.351636 32.438588
88.003785 37.494693 29.145871
93.698861 34.379992 6.208025
7
45.842646 -56.733571 68.408725
44.524035 -57.156975 68.925253
41.405427 -55.289277 72.309656
35.991777 -44.063352 82.237540
36.166257 -42.501532 82.979646
39.032946 -39.252193 83.280817
55.074829 -39.831294 73.350059
7
15.804268 -1.885472 -98.725225
3.904626 -3.520222 -99.861714
-0.407421 -10.909859 -99.402258
1.323685 -13.401476 -99.089093
5.554752 -16.214582 -98.520211
15.850803 -15.041987 -97.583250
18.564839 -6.665469 -98.035291
6
9.754026 97.801167 -18.433412
3.405967 94.964990 -31.145625
4.276799 91.776093 -39.482372
5.123395 91.227709 -40.635648
20.556381 93.012172 -30.433059
17.607500 96.688953 -18.472202
8
71.904356 -45.615729 52.430609
72.410987 -44.183668 52.957081
82.630811 -34.880723 44.220858
84.497642 -34.479341 40.881824
85.833334 -37.265196 35.269589
80.575491 -50.407200 31.091872
79.994441 -51.066743 31.513127
73.706832 -51.944497 43.232768
6
-49.659094 86.757760 2.658112
-50.968617 86.007116 -2.230685
-49.745059 86.479827 -6.831435
-42.725932 89.946168 -9.175053
-24.019722 97.024235 -3.057908
-36.577617 92.520238 10.103636
6
33.700417 -92.489570 -17.605721
13.274145 -96.575464 -22.292976
9.878693 -98.245088 -15.821320
26.961903 -96.296125 -0.334717
27.369673 -96.180959 -0.352380
34.859551 -92.573545 -14.661186
4
44.416314 -10.081600 -89.025572
28.820759 -6.002080 -95.568504
27.905307 -17.673948 -94.387104
34.062516 -21.500435 -91.528555
7
35.365720 76.628442 -53.640914
21.953662 71.643414 -66.221280
21.761443 70.132818 -67.880980
28.335509 61.349910 -73.710837
32.720131 59.308057 -73.565939
37.917929 60.295336 -70.190478
40.286298 71.918859 -56.609999
7
57.223840 12.988147 80.973700
64.723383 1.562550 76.213136
55.970931 -7.742636 82.506402
37.482474 -5.355528 92.554754
37.419342 -4.048631 92.646648
42.341119 4.276732 90.492758
48.271658 9.983951 87.006711
6
75.763885 -16.084683 63.254381
86.459875 -9.830973 49.275166
87.605654 -14.086230 46.117540
84.497642 -34.479341 40.881824
82.630811 -34.880723 44.220858
74.349206 -22.676401 62.912451
4
23.488787 22.098908 94.656828
33.960635 -1.346639 94.047126
14.311178 5.971698 98.790329
15.222654 11.422023 98.172339
6
61.298386 -64.073573 -46.228618
61.462194 -70.827912 -34.724713
72.690567 -65.014845 -22.116767
73.302451 -64.360392 -22.011148
73.703004 -63.571939 -22.945061
72.518736 -54.072749 -42.628285
4
-87.975897 41.307453 23.535841
-84.058023 53.080737 10.802040
-79.657569 58.058224 16.849758
-79.585926 51.344497 32.090857
6
-1.636296 99.912228 3.856067
-13.794467 96.945462 20.280288
-22.187742 95.574541 19.318675
-22.806106 97.306092 -3.377279
-14.482932 98.564799 -8.673240
-8.630550 99.462781 -5.715660
6
57.223840 12.988147 80.973700
58.415873 17.985274 79.146166
71.652317 19.553144 66.959839
73.092438 11.241857 67.313566
67.233097 -0.024469 74.025064
64.723383 1.562550 76.213136
6
-23.276056 -74.687221 62.290001
-5.831060 -67.449466 73.597338
-4.097687 -67.441214 73.721717
7.547862 -79.883487 59.679630
-1.948424 -83.280513 55.322326
-23.154080 -75.716250 61.081405
6
33.856428 -32.803870 -88.190977
34.062516 -21.500435 -91.528555
27.905307 -17.673948 -94.387104
19.097820 -17.861193 -96.520728
18.114123 -29.154576 -93.924913
29.512407 -36.291714 -88.385119
5
48.968027 53.913252 68.523672
28.330449 64.711738 70.779775
26.591125 67.421448 68.900366
27.504948 76.189530 58.639862
46.857324 72.031128 51.145946
6
60.278334 -36.848574 70.772205
60.450088 -48.525370 63.174958
51.802095 -57.838838 63.017552
45.842646 -56.733571 68.408725
55.074829 -39.831294 73.350059
59.756706 -36.827831 71.223921
6
-80.118182 57.200710 -17.582823
-70.446013 66.118635 -25.800879
-65.910730 72.176492 -21.126514
-68.612308 71.949953 -10.749673
-69.200149 71.495108 -9.989438
-79.895424 58.210356 -15.108795
5
58.035936 60.992724 -53.960335
44.704063 56.085622 -69.684645
48.650119 46.849947 -73.744480
58.622963 48.863712 -64.619547
61.180033 59.443021 -52.187458
6
-86.364689 16.597425 -47.599013
-79.807476 13.249578 -58.781081
-78.037308 13.597255 -61.035181
-75.679883 21.203954 -61.829990
-75.393289 33.317795 -56.619577
-87.336087 19.685209 -44.552222
7
28.330449 64.711738 70.779775
48.968027 53.913252 68.523672
50.258909 51.906433 69.135840
28.656661 42.948091 85.640278
25.159970 43.456622 86.478309
19.022247 47.857589 85.719340
17.910360 55.120614 81.491944
5
-31.795012 -48.521183 81.454110
-16.924961 -45.805091 87.266484
-19.445004 -60.832687 76.949828
-26.519981 -67.692923 68.661189
-33.169295 -63.652038 69.629131
6
23.424371 96.531302 11.532849
22.907228 97.168357 5.793909
33.926503 94.035544 -2.511736
37.961089 92.442524 3.651782
37.113210 91.998035 12.608376
25.951228 95.477994 14.508147
4
37.917929 60.295336 -70.190478
44.704063 56.085622 -69.684645
58.035936 60.992724 -53.960335
40.286298 71.918859 -56.609999
6
-53.847234 64.266954 -54.499853
-63.056532 65.924843 -40.960822
-64.885482 64.815263 -39.860455
-71.601527 58.242014 -38.484921
-71.973832 43.537465 -54.076397
-56.386106 58.435465 -58.360119
6
80.575491 -50.407200 31.091872
85.833334 -37.265196 35.269589
94.511975 -24.897195 21.156943
94.937825 -26.376676 17.061078
93.148180 -33.734404 13.616408
84.096027 -50.541038 19.325156
7
60.787231 79.094685 6.995951
58.742322 80.505234 8.261171
50.008761 86.562315 2.467682
42.758613 88.487572 -18.483793
48.867573 85.260163 -18.511212
51.253524 84.131065 -17.176734
61.210658 79.022178 -2.958180
5
-92.392135 -23.512975 30.180017
-83.774612 -25.759716 48.148224
-79.553641 -40.226096 45.310918
-79.957159 -42.009260 42.919399
-80.858086 -42.752448 40.425217
7
-53.041972 64.569172 54.930603
-64.877074 58.883452 48.204816
-67.468528 66.865238 31.257602
-65.735319 70.141844 27.549766
-58.688933 75.576056 29.049423
-42.364553 79.626759 43.183607
-40.653009 77.682056 48.091901
6
-7.962398 -45.076624 88.908369
9.391031 -38.882113 91.651459
18.611299 -44.237015 87.730873
17.327608 -52.752651 83.167973
8.666759 -57.983522 81.011101
1.710681 -56.490950 82.497552
5
62.019696 72.316333 -30.395811
61.627788 76.268076 -19.626416
51.253524 84.131065 -17.176734
48.867573 85.260163 -18.511212
58.459946 72.726573 -35.962207
6
-60.066966 -29.915567 74.141881
-73.019714 -19.453518 65.495664
-70.943590 -8.955865 69.905647
-68.507368 -7.971514 72.409913
-57.082976 -24.789019 78.275401
-57.029451 -26.095857 77.888689
7
-45.735259 -80.443994 37.908442
-58.163782 -78.167758 22.511688
-67.562853 -70.443368 21.748399
-68.653491 -65.063360 32.457008
-67.655307 -65.452850 33.744389
-50.001781 -75.279129 42.812085
-45.640307 -80.260309 38.408921
7
10.345898 -19.455810 97.541959
14.743728 -27.690245 94.951950
9.391031 -38.882113 91.651459
-7.962398 -45.076624 88.908369
-13.706341 -42.829150 89.318532
-14.808208 -39.505204 90.664523
-5.935099 -23.463110 97.027094
5
67.270969 72.823684 -13.089225
74.235785 66.614587 -7.179492
69.526568 71.144908 10.220488
60.787231 79.094685 6.995951
61.210658 79.022178 -2.958180
6
-98.083932 19.481837 -0.018873
-98.122524 19.273506 0.708727
-99.282287 7.251495 9.510172
-99.690039 -1.021573 7.800807
-97.549603 2.316618 -21.879401
-97.031060 13.215878 -20.256208
7
-42.725932 89.946168 -9.175053
-37.435642 90.367669 -20.790793
-16.067856 97.557836 -14.976404
-15.736492 97.715440 -14.284801
-14.482932 98.564799 -8.673240
-22.806106 97.306092 -3.377279
-24.019722 97.024235 -3.057908
5
-27.766457 91.980345 27.724357
-25.412772 94.332885 21.342395
-22.187742 95.574541 19.318675
-13.794467 96.945462 20.280288
-4.757717 91.808076 39.352781
6
-14.096738 -98.948219 3.245281
-19.667793 -98.019695 -2.305933
-28.924644 -95.697649 2.307568
-29.354092 -95.540421 3.219504
-22.640823 -96.656489 12.038117
-14.923795 -98.681006 6.272121
6
28.656661 42.948091 85.640278
50.258909 51.906433 69.135840
50.366653 51.816073 69.125212
52.033825 49.549112 69.551179
54.446187 34.824470 76.307725
38.976184 28.854315 87.454477
6
71.475042 -49.018312 -49.885103
68.282757 -35.586122 -63.805117
60.127164 -40.726334 -68.746562
54.855023 -48.174791 -68.338247
54.714535 -56.379029 -61.868608
55.396475 -57.531315 -60.177888
6
26.726816 13.384866 -95.428102
30.342562 7.426121 -94.995693
48.414106 -1.324663 -87.488968
54.504889 5.954007 -83.628744
44.059074 24.961885 -86.230518
38.046529 26.691536 -88.543907
7
22.767101 48.625017 -84.363896
11.092686 42.875188 -89.658634
9.641626 40.365446 -90.981700
13.441831 35.278625 -92.599869
34.026020 33.363116 -87.915485
34.032802 35.761147 -86.964986
29.950484 46.171785 -83.493322
5
-24.515322 -91.879284 -30.938586
-26.754637 -95.157328 -15.141743
-19.015596 -97.301434 -13.070501
-15.735511 -97.644998 -14.759675
-13.090943 -94.573049 -29.741647
6
55.970931 -7.742636 82.506402
57.845134 -18.498473 79.446504
54.469718 -22.930293 80.667537
42.549219 -22.282588 87.710035
37.085846 -6.947048 92.608739
37.482474 -5.355528 92.554754
7
42.356286 80.860703 -40.834934
58.366099 72.619697 -36.328751
58.459946 72.726573 -35.962207
48.867573 85.260163 -18.511212
42.758613 88.487572 -18.483793
42.359405 88.652353 -18.612928
38.046876 87.629833 -29.554148
5
0.452351 70.674397 70.745495
-1.514845 90.166886 43.216176
18.063492 83.241612 52.388398
7.534702 72.028261 68.957653
1.211853 70.502188 70.908200
8
-16.924961 -45.805091 87.266484
-31.795012 -48.521183 81.454110
-41.043311 -46.032906 78.717331
-43.179460 -31.331361 84.580613
-31.687595 -24.874774 91.526728
-30.908771 -25.262455 91.686729
-14.808208 -39.505204 90.664523
-13.706341 -42.829150 89.318532
7
-54.796283 23.747557 80.208609
-54.740538 24.486311 80.024334
-46.411783 36.752286 80.592902
-42.661566 37.669209 82.225431
-34.108547 34.928196 87.273295
-45.977634 14.430796 87.623109
-48.114985 13.952275 86.546417
5
85.833334 -37.265196 35.269589
84.497642 -34.479341 40.881824
87.605654 -14.086230 46.117540
94.717862 -23.183798 22.159378
94.511975 -24.897195 21.156943
6
51.683196 79.834783 30.907195
54.885936 74.142815 38.605401
48.245608 73.748408 47.260275
37.074605 81.590311 44.367722
34.571193 88.844578 30.190621
37.311832 88.249889 28.631876
5
-36.200682 -65.919674 -65.909841
-39.628464 -65.849241 -63.980171
-47.856821 -71.687621 -50.701180
-46.354642 -74.095604 -48.591035
-30.498178 -74.336291 -59.531311
8
3.663199 -93.936497 34.095682
-2.296613 -92.138015 38.798348
-2.530216 -84.360088 53.637426
-1.948424 -83.280513 55.322326
7.547862 -79.883487 59.679630
7.716832 -79.863342 59.684982
18.152972 -84.886351 49.646520
18.095002 -88.418660 43.066361
7
25.951228 95.477994 14.508147
37.113210 91.998035 12.608376
39.050796 90.766242 15.379359
37.311832 88.249889 28.631876
34.571193 88.844578 30.190621
28.274561 90.725164 31.136696
23.289336 92.919416 28.698238
7
83.122307 55.493390 -3.341522
83.564508 54.870860 2.482261
79.751749 59.525931 9.814383
72.790883 67.154557 13.847482
69.526568 71.144908 10.220488
74.235785 66.614587 -7.179492
78.943088 60.628135 -9.603030
5
6.321552 98.288061 17.305924
-1.192175 99.908407 4.109626
14.688323 98.915208 0.186646
22.907228 97.168357 5.793909
23.424371 96.531302 11.532849
7
38.046876 87.629833 -29.554148
42.359405 88.652353 -18.612928
33.485964 93.600259 -10.848125
21.994426 96.587212 -13.680487
17.607500 96.688953 -18.472202
20.556381 93.012172 -30.433059
26.696398 90.538545 -33.016272
4
-85.277481 -46.538855 -23.704139
-91.103742 -26.502782 -31.586560
-96.311667 -24.423856 -11.293277
-84.643299 -52.841857 -6.576471
6
-33.408051 -7.664993 93.942270
-21.622387 -7.461680 97.348835
-17.769634 -12.874120 97.562786
-30.908771 -25.262455 91.686729
-31.687595 -24.874774 91.526728
-36.998838 -12.558155 92.050957
8
78.534120 55.181756 -28.060038
76.920785 59.309489 -23.781869
71.393576 66.228250 -22.732712
62.019696 72.316333 -30.395811
58.459946 72.726573 -35.962207
58.366099 72.619697 -36.328751
62.789280 62.265895 -46.695445
78.431318 54.998962 -28.699173
6
-28.214544 -59.695207 -75.102741
-47.316040 -48.467621 -73.566854
-51.586600 -50.074924 -69.507731
-49.963620 -55.246327 -66.719413
-39.628464 -65.849241 -63.980171
-36.200682 -65.919674 -65.909841
6
57.558321 6.082270 -81.547813
66.135525 16.548429 -73.159017
57.569917 30.409496 -75.901036
49.036223 29.051963 -82.167099
44.059074 24.961885 -86.230518
54.504889 5.954007 -83.628744
4
-23.276056 -74.687221 62.290001
-26.519981 -67.692923 68.661189
-19.445004 -60.832687 76.949828
-5.831060 -67.449466 73.597338
6
77.735849 46.611327 42.243603
83.011822 47.019055 29.970750
83.406632 46.616077 29.500426
88.003785 37.494693 29.145871
89.245801 31.351636 32.438588
82.417970 35.600907 44.043769
7
-25.548517 -31.049245 -91.559913
-18.198461 -35.065848 -91.865131
-10.388195 -31.214224 -94.433880
-10.291153 -30.635075 -94.633949
-15.708022 -7.727944 -98.455761
-16.466884 -7.833610 -98.323325
-25.714576 -13.132839 -95.740739
6
25.861413 -54.645262 79.656027
26.858331 -60.153936 75.233862
21.250954 -70.266275 67.904694
19.219683 -70.930649 67.819221
8.666759 -57.983522 81.011101
17.327608 -52.752651 83.167973
7
98.958183 7.912191 -12.028105
98.493703 9.360223 -14.538803
92.360887 -5.199275 -37.979389
92.188316 -12.697539 -36.607198
97.079876 -15.710695 -18.129304
97.928788 -13.597209 -15.002282
99.045732 7.028580 -11.855040
5
89.515821 -40.258256 -19.136108
91.697722 -31.939421 -23.904000
89.934795 -31.078204 -30.755127
83.895658 -43.690288 -32.444990
83.735173 -46.891202 -28.100461
5
-65.852349 -13.114179 -74.104564
-50.037451 -12.440589 -85.682467
-54.126911 4.171239 -83.981416
-55.742005 4.519357 -82.899965
-66.429966 -11.276741 -73.891100
5
-36.513397 92.442512 11.006987
-25.412772 94.332885 21.342395
-27.766457 91.980345 27.724357
-39.070926 85.292897 34.620580
-41.777575 88.194017 21.827724
6
78.534120 55.181756 -28.060038
88.604556 43.478284 -16.089485
88.701049 43.541205 -15.371640
83.122307 55.493390 -3.341522
78.943088 60.628135 -9.603030
76.920785 59.309489 -23.781869
6
-30.382824 78.144006 54.501361
-37.425563 54.716943 74.869109
-52.285169 51.506255 67.921769
-52.454806 51.545131 67.761292
-53.041972 64.569172 54.930603
-40.653009 77.682056 48.091901
7
-44.001317 -88.548354 -14.935632
-54.407952 -82.495104 -15.307924
-55.417318 -82.021084 -14.193756
-54.089375 -84.106858 0.613148
-48.540826 -87.191797 6.432622
-42.936905 -90.181694 4.866640
-38.761142 -91.959239 -6.408766
6
-81.369423 41.601280 -40.599883
-80.436809 39.861795 -44.056295
-74.080222 39.767911 -54.135330
-71.973832 43.537465 -54.076397
-71.601527 58.242014 -38.484921
-72.113127 57.870947 -38.087405
6
76.778948 27.454068 57.890132
74.663586 25.995945 61.233649
54.732195 34.335285 76.324800
54.446187 34.824470 76.307725
52.033825 49.549112 69.551179
71.106506 41.217399 56.964821
6
24.644959 -83.389843 -49.383804
14.799633 -86.247956 -48.396910
13.029006 -88.629306 -44.441997
13.947367 -93.645984 -32.185409
34.931730 -87.355710 -33.893277
37.858052 -84.406317 -37.978172
7
-29.394655 13.754618 -94.587339
-31.473076 10.403370 -94.346253
-16.466884 -7.833610 -98.323325
-15.708022 -7.727944 -98.455761
-14.309196 -7.041404 -98.720137
-11.338388 5.605919 -99.196848
-24.758440 15.167786 -95.691995
6
59.756706 -36.827831 71.223921
55.074829 -39.831294 73.350059
39.032946 -39.252193 83.280817
40.117086 -28.086335 87.188171
42.549219 -22.282588 87.710035
54.469718 -22.930293 80.667537
6
-16.557593 -62.983155 -75.887867
-19.885023 -71.541670 -66.980410
-14.354748 -84.553142 -51.426719
-9.312805 -84.510483 -52.642663
2.259345 -79.743468 -60.298214
-10.636234 -63.945964 -76.143182
8
-45.049885 -40.668085 -79.477133
-58.560648 -27.526757 -76.242561
-65.886364 -27.323784 -70.088500
-73.488713 -36.727016 -57.013466
-72.927372 -37.606811 -57.160530
-67.062542 -43.685336 -59.951705
-51.586600 -50.074924 -69.507731
-47.316040 -48.467621 -73.566854
6
9.641626 40.365446 -90.981700
11.092686 42.875188 -89.658634
8.678964 59.916940 -79.590426
5.652756 62.452323 -77.895788
-9.181882 49.253735 -86.543415
2.303177 40.745489 -91.293485
6
-9.254280 69.555871 -71.248432
-22.731683 75.133100 -61.953918
-33.559225 66.266672 -66.951524
-33.387977 66.035738 -67.264584
-23.302716 60.854764 -75.853023
-20.765609 60.879751 -76.566607
8
-80.756765 -26.715601 -52.579668
-74.365330 -36.173357 -56.225314
-73.488713 -36.727016 -57.013466
-65.886364 -27.323784 -70.088500
-65.852349 -13.114179 -74.104564
-66.429966 -11.276741 -73.891100
-70.043785 -7.145954 -71.012699
-81.563185 -13.192615 -56.332954
8
-45.473099 69.306102 -55.936228
-47.570812 68.519038 -55.155773
-53.847234 64.266954 -54.499853
-56.386106 58.435465 -58.360119
-49.572695 41.096337 -76.509078
-47.125841 42.039045 -77.536274
-33.387977 66.035738 -67.264584
-33.559225 66.266672 -66.951524
6
-10.636234 -63.945964 -76.143182
2.259345 -79.743468 -60.298214
2.380404 -79.744271 -60.292494
12.174876 -74.749255 -65.301770
9.451394 -59.524132 -79.796923
6.480558 -56.460326 -82.281431
6
-34.108547 34.928196 87.273295
-25.916697 36.314628 89.496215
-24.920285 27.775289 92.776682
-28.868353 16.816913 94.253963
-37.282955 13.341163 91.825893
-45.977634 14.430796 87.623109
4
29.950484 46.171785 -83.493322
34.032802 35.761147 -86.964986
45.981858 45.836536 -76.057088
33.713777 51.240477 -78.979711
7
-2.296613 -92.138015 38.798348
3.663199 -93.936497 34.095682
7.312625 -96.197975 26.314922
-5.713996 -98.140985 18.322044
-7.935731 -97.907912 18.736726
-17.431449 -95.042699 25.749367
-17.150327 -93.743642 30.298447
6
-14.923795 -98.681006 6.272121
-7.935731 -97.907912 18.736726
-5.713996 -98.140985 18.322044
2.318925 -99.935255 2.750897
0.277687 -99.997391 -0.666846
-14.096738 -98.948219 3.245281
7
94.973395 2.986326 31.163056
94.791381 0.896134 31.840084
87.536432 -6.341387 47.928696
84.101533 11.942356 52.766583
84.044027 18.168333 51.054023
92.107616 20.673708 32.996740
93.188995 18.816748 31.011953
7
-71.557647 6.255782 -69.572755
-63.153108 10.050736 -76.880867
-63.137172 10.376957 -76.850610
-65.974752 24.383673 -71.082829
-75.679883 21.203954 -61.829990
-78.037308 13.597255 -61.035181
-75.228072 7.983761 -65.398751
7
84.096027 -50.541038 19.325156
81.051511 -58.564182 0.942942
72.161242 -68.526575 9.841929
67.220600 -71.181272 20.362156
69.897294 -65.958440 27.637880
79.994441 -51.066743 31.513127
80.575491 -50.407200 31.091872
7
-18.814349 93.331465 -30.581986
-22.114800 91.094242 -34.824914
-12.475998 84.238787 -52.423051
-6.275473 83.878314 -54.083703
5.283853 86.489173 -49.916970
5.123395 91.227709 -40.635648
4.276799 91.776093 -39.482372
7
46.665597 -8.697968 -88.015155
44.416314 -10.081600 -89.025572
34.062516 -21.500435 -91.528555
33.856428 -32.803870 -88.190977
43.651948 -33.648393 -83.440357
50.990461 -28.411262 -81.195893
51.235810 -15.998399 -84.373829
6
13.506557 -97.767682 16.095130
13.101427 -98.802056 8.155138
2.318925 -99.935255 2.750897
-5.713996 -98.140985 18.322044
7.312625 -96.197975 26.314922
8.166502 -96.246552 25.882609
7
-14.354748 -84.553142 -51.426719
-15.130467 -84.748956 -50.879107
-11.104837 -94.378431 -31.135098
-6.061778 -94.866980 -31.040474
-1.097449 -94.254738 -33.389219
-0.540328 -90.253749 -43.057739
-9.312805 -84.510483 -52.642663
7
-68.507368 -7.971514 72.409913
-70.943590 -8.955865 69.905647
-79.908385 -0.336147 60.121019
-75.634592 10.692995 64.537341
-75.314709 11.046884 64.851067
-70.624239 12.177780 69.741799
-63.610604 -0.285791 77.159636
5
-86.822774 12.499995 48.016206
-83.325261 15.980461 52.929442
-75.634592 10.692995 64.537341
-79.908385 -0.336147 60.121019
-82.463115 -2.307194 56.520011
6
-14.600158 27.199989 -95.115698
-7.006295 28.464804 -95.606834
2.303177 40.745489 -91.293485
-9.181882 49.253735 -86.543415
-12.146416 49.333464 -86.131724
-23.053298 37.952943 -89.599774
7
25.240524 -45.229374 -85.540749
8.639826 -50.839217 -85.678045
6.480558 -56.460326 -82.281431
9.451394 -59.524132 -79.796923
30.829448 -65.091311 -69.373383
32.760537 -62.587329 -70.778340
34.115092 -53.679926 -77.166223
6
-81.908114 -11.514892 -56.200250
-85.682142 -3.659830 -51.431276
-94.885664 -4.383749 -31.264894
-89.641650 -22.064838 -38.438489
-80.756765 -26.715601 -52.579668
-81.563185 -13.192615 -56.332954
6
60.278334 -36.848574 70.772205
69.479106 -31.657909 64.578871
72.410987 -44.183668 52.957081
71.904356 -45.615729 52.430609
65.535444 -50.874317 55.829289
60.450088 -48.525370 63.174958
7
40.465940 -83.548616 37.177097
48.066395 -82.453573 29.850125
48.165755 -86.519762 13.942413
47.565457 -86.958501 13.256940
39.387116 -90.843954 14.001109
32.678138 -91.870932 22.178168
31.886165 -91.587813 24.391496
5
-62.267049 37.165308 68.858946
-54.740538 24.486311 80.024334
-54.796283 23.747557 80.208609
-67.203950 17.639400 71.919960
-70.463421 32.886042 62.876184
6
26.961903 -96.296125 -0.334717
13.101427 -98.802056 8.155138
13.506557 -97.767682 16.095130
32.678138 -91.870932 22.178168
39.387116 -90.843954 14.001109
27.369673 -96.180959 -0.352380
7
35.401453 -71.068682 -60.794568
29.871900 -70.112293 -64.745162
27.025031 -72.401109 -63.464376
24.644959 -83.389843 -49.383804
37.858052 -84.406317 -37.978172
44.522338 -80.572548 -39.061822
44.960482 -78.787499 -42.084261
6
-93.107682 2.191073 -36.416462
-94.900976 -4.338403 -31.224718
-94.885664 -4.383749 -31.264894
-85.682142 -3.659830 -51.431276
-85.870423 -0.369613 -51.245818
-88.483027 6.224597 -46.173675
5
40.117086 -28.086335 87.188171
39.032946 -39.252193 83.280817
36.166257 -42.501532 82.979646
26.540695 -41.184937 87.174494
22.629240 -29.256603 92.908389
6
17.327608 -52.752651 83.167973
18.611299 -44.237015 87.730873
26.540695 -41.184937 87.174494
36.166257 -42.501532 82.979646
35.991777 -44.063352 82.237540
25.861413 -54.645262 79.656027
6
-68.653491 -65.063360 32.457008
-72.740993 -59.601830 34.005438
-68.950575 -51.026218 51.401783
-67.635470 -51.029809 53.116869
-57.622099 -58.134285 57.446486
-67.655307 -65.452850 33.744389
6
-50.037451 -12.440589 -85.682467
-46.924715 -16.710657 -86.711159
-34.977307 -10.010155 -93.147114
-37.337600 6.462703 -92.542623
-48.492506 8.397867 -87.051437
-54.126911 4.171239 -83.981416
6
26.696398 90.538545 -33.016272
20.556381 93.012172 -30.433059
5.123395 91.227709 -40.635648
5.283853 86.489173 -49.916970
6.121497 86.187502 -50.341253
23.464362 84.086538 -48.773742
5
-23.871095 -89.571593 37.511340
-23.134502 -88.311042 40.816109
-2.530216 -84.360088 53.637426
-2.296613 -92.138015 38.798348
-17.150327 -93.743642 30.298447
6
44.754160 -88.579523 -12.277345
34.859551 -92.573545 -14.661186
27.369673 -96.180959 -0.352380
39.387116 -90.843954 14.001109
47.565457 -86.958501 13.256940
52.808650 -84.918885 -0.171528
6
99.601245 -7.337005 5.075458
99.233088 -3.019364 11.986560
99.078334 5.509649 12.374471
98.400475 16.756767 6.046269
98.958183 7.912191 -12.028105
99.045732 7.028580 -11.855040
6
6.121497 86.187502 -50.341253
5.283853 86.489173 -49.916970
-6.275473 83.878314 -54.083703
-7.214136 70.221770 -70.829791
0.047454 68.137518 -73.193418
11.141433 78.046113 -61.519694
5
-29.354092 -95.540421 3.219504
-36.382768 -92.898312 6.796897
-31.846943 -92.770563 19.478062
-23.470191 -95.088061 20.184420
-22.640823 -96.656489 12.038117
6
-20.765609 60.879751 -76.566607
-23.302716 60.854764 -75.853023
-38.469762 42.699279 -81.834277
-29.046863 37.450664 -88.055253
-23.053298 37.952943 -89.599774
-12.146416 49.333464 -86.131724
5
13.947367 -93.645984 -32.185409
12.585800 -94.442101 -30.369183
13.274145 -96.575464 -22.292976
33.700417 -92.489570 -17.605721
34.931730 -87.355710 -33.893277
6
83.406632 46.616077 29.500426
83.011822 47.019055 29.970750
71.353551 64.663195 26.969277
72.790883 67.154557 13.847482
79.751749 59.525931 9.814383
84.757336 48.722931 21.030216
4
-67.062542 -43.685336 -59.951705
-72.927372 -37.606811 -57.160530
-67.089760 -63.549427 -38.215631
-56.861288 -64.752615 -50.733547
6
-36.998838 -12.558155 92.050957
-31.687595 -24.874774 91.526728
-43.179460 -31.331361 84.580613
-57.029451 -26.095857 77.888689
-57.082976 -24.789019 78.275401
-50.240042 -6.682156 86.204913
6
-87.975897 41.307453 23.535841
-91.504067 32.161256 24.344597
-93.619737 33.469616 10.729849
-90.429611 42.457107 4.458642
-84.349891 52.809765 9.809418
-84.058023 53.080737 10.802040
6
-97.087671 12.331184 20.540839
-99.282287 7.251495 9.510172
-98.122524 19.273506 0.708727
-93.619737 33.469616 10.729849
-91.504067 32.161256 24.344597
-91.527983 28.048562 28.912047
5
-34.977307 -10.010155 -93.147114
-25.714576 -13.132839 -95.740739
-16.466884 -7.833610 -98.323325
-31.473076 10.403370 -94.346253
-37.337600 6.462703 -92.542623
5
-31.956008 -1.717344 94.741038
-18.570420 4.951623 98.135727
-17.042179 3.704681 98.467454
-21.622387 -7.461680 97.348835
-33.408051 -7.664993 93.942270
7
99.601245 -7.337005 5.075458
97.885168 -20.156254 3.495612
94.937825 -26.376676 17.061078
94.511975 -24.897195 21.156943
94.717862 -23.183798 22.159378
96.674262 -9.959060 23.556404
99.233088 -3.019364 11.986560
5
51.816850 -82.548836 -22.376409
44.754160 -88.579523 -12.277345
52.808650 -84.918885 -0.171528
54.479805 -83.849430 -1.106321
60.435028 -77.666571 -17.762631
5
-93.061929 1.662912 36.561073
-97.087671 12.331184 20.540839
-91.527983 28.048562 28.912047
-89.094479 27.683437 35.997237
-89.445551 13.805671 42.531128
5
-33.559225 66.266672 -66.951524
-22.731683 75.133100 -61.953918
-20.886784 80.628149 -55.342966
-34.224344 79.483047 -50.111271
-45.473099 69.306102 -55.936228
7
-11.104837 -94.378431 -31.135098
-15.130467 -84.748956 -50.879107
-22.312221 -84.269284 -48.998496
-34.940733 -85.145231 -39.107990
-34.501526 -85.733658 -38.201893
-24.515322 -91.879284 -30.938586
-13.090943 -94.573049 -29.741647
5
7.855526 -49.735650 -86.398240
4.154881 -35.045717 -93.565670
-10.388195 -31.214224 -94.433880
-18.198461 -35.065848 -91.865131
-16.962191 -42.436672 -88.946124
7
-29.394655 13.754618 -94.587339
-24.758440 15.167786 -95.691995
-15.287737 25.434376 -95.495433
-14.600158 27.199989 -95.115698
-23.053298 37.952943 -89.599774
-29.046863 37.450664 -88.055253
-33.991402 23.916475 -90.953762
8
-91.153299 36.735734 -18.481396
-86.653116 43.161887 -25.065694
-81.695363 53.366575 -21.860381
-80.118182 57.200710 -17.582823
-79.895424 58.210356 -15.108795
-81.317992 57.298276 -10.212337
-90.880865 41.579346 -3.438937
-92.438998 36.353686 -11.551672
8
-53.068376 0.056229 84.756972
-48.114985 13.952275 86.546417
-45.977634 14.430796 87.623109
-37.282955 13.341163 91.825893
-31.956008 -1.717344 94.741038
-33.408051 -7.664993 93.942270
-36.998838 -12.558155 92.050957
-50.240042 -6.682156 86.204913
5
-8.630550 99.462781 -5.715660
-14.482932 98.564799 -8.673240
-15.736492 97.715440 -14.284801
3.405967 94.964990 -31.145625
9.754026 97.801167 -18.433412
6
-86.822774 12.499995 48.016206
-89.445551 13.805671 42.531128
-89.094479 27.683437 35.997237
-84.751910 32.611660 41.875928
-79.667285 28.280541 53.416614
-83.325261 15.980461 52.929442
6
-30.498178 -74.336291 -59.531311
-46.354642 -74.095604 -48.591035
-44.187097 -80.150612 -40.291187
-34.940733 -85.145231 -39.107990
-22.312221 -84.269284 -48.998496
-30.481058 -74.344255 -59.530134
7
67.220600 -71.181272 20.362156
65.391379 -72.790307 20.628588
53.938034 -76.195261 35.846487
52.452158 -70.655741 47.503025
56.940466 -66.128655 48.834253
60.259040 -65.117674 46.136067
69.897294 -65.958440 27.637880
6
26.726816 13.384866 -95.428102
38.046529 26.691536 -88.543907
34.026020 33.363116 -87.915485
13.441831 35.278625 -92.599869
12.995326 26.715494 -95.485098
20.262192 13.832734 -96.943793
5
-1.958897 90.387036 42.735775
-1.514845 90.166886 43.216176
0.452351 70.674397 70.745495
-13.897048 67.804460 72.176362
-30.025195 78.202459 54.615593
8
37.482474 -5.355528 92.554754
37.085846 -6.947048 92.608739
36.487137 -7.314547 92.818027
11.820120 -14.798124 98.190123
5.323746 -0.031089 99.858183
14.311178 5.971698 98.790329
33.960635 -1.346639 94.047126
37.419342 -4.048631 92.646648
5
-9.453807 22.566651 96.960671
-10.202109 20.243156 97.396774
-21.092079 11.309881 97.093825
-28.868353 16.816913 94.253963
-24.920285 27.775289 92.776682
4
72.475337 -9.495674 68.243371
67.233097 -0.024469 74.025064
73.092438 11.241857 67.313566
79.352051 8.496048 60.258354
6
-42.661566 37.669209 82.225431
-34.630695 53.463083 77.087053
-22.467283 52.501932 82.090002
-20.155115 43.726292 87.645780
-25.916697 36.314628 89.496215
-34.108547 34.928196 87.273295
6
91.121592 32.894571 -24.795214
88.604556 43.478284 -16.089485
78.534120 55.181756 -28.060038
78.431318 54.998962 -28.699173
81.691586 43.616385 -37.737193
90.144127 33.014036 -28.001962
5
-20.886784 80.628149 -55.342966
-12.475998 84.238787 -52.423051
-22.114800 91.094242 -34.824914
-32.202615 87.359521 -36.487061
-34.224344 79.483047 -50.111271
4
-37.827920 -89.438574 23.870272
-48.592658 -87.097781 7.261548
-52.910464 -82.799379 18.567326
-42.368989 -86.438504 27.078659
6
71.904356 -45.615729 52.430609
73.706832 -51.944497 43.232768
60.259040 -65.117674 46.136067
56.940466 -66.128655 48.834253
57.016150 -65.344293 49.792389
65.535444 -50.874317 55.829289
6
94.717862 -23.183798 22.159378
87.605654 -14.086230 46.117540
86.459875 -9.830973 49.275166
87.536432 -6.341387 47.928696
94.791381 0.896134 31.840084
96.674262 -9.959060 23.556404
8
-97.240188 -21.124258 -9.905126
-98.809213 -11.922447 9.725976
-95.071816 -21.286800 22.543779
-88.834527 -44.211590 12.400089
-88.498874 -45.066926 11.701343
-84.047004 -53.911651 -5.443795
-84.643299 -52.841857 -6.576471
-96.311667 -24.423856 -11.293277
7
-48.492506 8.397867 -87.051437
-47.006138 22.530456 -85.339332
-51.178991 31.606501 -79.885793
-63.137172 10.376957 -76.850610
-63.153108 10.050736 -76.880867
-55.742005 4.519357 -82.899965
-54.126911 4.171239 -83.981416
7
72.690567 -65.014845 -22.116767
70.754226 -67.600257 -20.592348
63.664618 -77.114442 -0.423321
72.161242 -68.526575 9.841929
81.051511 -58.564182 0.942942
81.946796 -57.247887 -2.720688
73.302451 -64.360392 -22.011148
6
-63.610604 -0.285791 77.159636
-70.624239 12.177780 69.741799
-67.203950 17.639400 71.919960
-54.796283 23.747557 80.208609
-48.114985 13.952275 86.546417
-53.068376 0.056229 84.756972
6
22.629240 -29.256603 92.908389
26.540695 -41.184937 87.174494
18.611299 -44.237015 87.730873
9.391031 -38.882113 91.651459
14.743728 -27.690245 94.951950
21.418673 -28.424005 93.452214
6
74.269775 -16.757581 -64.831967
72.279205 -15.107499 -67.435006
54.394998 -29.527291 -78.545040
60.127164 -40.726334 -68.746562
68.282757 -35.586122 -63.805117
74.535940 -23.208584 -62.496042
6
-93.107682 2.191073 -36.416462
-88.483027 6.224597 -46.173675
-86.364689 16.597425 -47.599013
-87.336087 19.685209 -44.552222
-88.649096 21.214465 -41.125226
-89.604439 21.009721 -39.110564
5
21.994426 96.587212 -13.680487
33.485964 93.600259 -10.848125
33.926503 94.035544 -2.511736
22.907228 97.168357 5.793909
14.688323 98.915208 0.186646
5
-0.540328 -90.253749 -43.057739
-1.097449 -94.254738 -33.389219
12.585800 -94.442101 -30.369183
13.947367 -93.645984 -32.185409
13.029006 -88.629306 -44.441997
7
-30.382824 78.144006 54.501361
-30.025195 78.202459 54.615593
-13.897048 67.804460 72.176362
-16.389266 60.978046 77.543986
-22.467283 52.501932 82.090002
-34.630695 53.463083 77.087053
-37.425563 54.716943 74.869109
7
37.830589 -79.719683 47.049109
38.388790 -79.136837 47.577956
49.332558 -72.276344 48.398645
52.452158 -70.655741 47.503025
53.938034 -76.195261 35.846487
48.066395 -82.453573 29.850125
40.465940 -83.548616 37.177097
6
-4.681272 0.445110 99.889377
-17.042179 3.704681 98.467454
-18.570420 4.951623 98.135727
-21.092079 11.309881 97.093825
-10.202109 20.243156 97.396774
-2.292594 1.494919 99.962539
5
-49.117063 84.476591 -21.241933
-54.441713 78.180460 -30.395979
-46.723939 80.978863 -35.486578
-37.608834 86.601736 -32.950188
-39.204881 87.666982 -27.883286
6
93.611797 34.649722 6.018993
91.742417 39.200254 6.831472
83.564508 54.870860 2.482261
83.122307 55.493390 -3.341522
88.701049 43.541205 -15.371640
93.323172 35.815159 -2.838991
6
37.074605 81.590311 44.367722
48.245608 73.748408 47.260275
46.857324 72.031128 51.145946
27.504948 76.189530 58.639862
20.984651 82.586052 52.337256
24.383298 83.838770 48.749517
6
73.703004 -63.571939 -22.945061
83.735173 -46.891202 -28.100461
83.895658 -43.690288 -32.444990
79.352863 -42.106576 -43.933579
73.359882 -49.321920 -46.751212
72.518736 -54.072749 -42.628285
5
67.304588 59.510203 43.916148
74.500186 48.566371 45.727779
71.106506 41.217399 56.964821
52.033825 49.549112 69.551179
50.366653 51.816073 69.125212
5
-36.577617 92.520238 10.103636
-36.513397 92.442512 11.006987
-41.777575 88.194017 21.827724
-52.619248 83.988643 13.308741
-49.659094 86.757760 2.658112
7
85.295793 3.510742 -52.079769
82.056231 25.647284 -51.078290
77.716533 31.052162 -54.734850
76.489868 30.396739 -56.792063
70.820910 17.456996 -68.407982
74.215238 10.131423 -66.252945
84.553112 2.680367 -53.325293
9
35.356317 76.662419 -53.598549
35.365720 76.628442 -53.640914
40.286298 71.918859 -56.609999
58.035936 60.992724 -53.960335
61.180033 59.443021 -52.187458
61.258601 59.439526 -52.099199
62.789280 62.265895 -46.695445
58.366099 72.619697 -36.328751
42.356286 80.860703 -40.834934
6
64.723383 1.562550 76.213136
67.233097 -0.024469 74.025064
72.475337 -9.495674 68.243371
72.994861 -11.730706 67.336029
57.845134 -18.498473 79.446504
55.970931 -7.742636 82.506402
6
33.926503 94.035544 -2.511736
33.485964 93.600259 -10.848125
42.359405 88.652353 -18.612928
42.758613 88.487572 -18.483793
50.008761 86.562315 2.467682
37.961089 92.442524 3.651782
7
71.475042 -49.018312 -49.885103
55.396475 -57.531315 -60.177888
54.234102 -62.315963 -56.350536
54.403240 -63.191093 -55.201208
61.298386 -64.073573 -46.228618
72.518736 -54.072749 -42.628285
73.359882 -49.321920 -46.751212
6
-7.214136 70.221770 -70.829791
-6.275473 83.878314 -54.083703
-12.475998 84.238787 -52.423051
-20.886784 80.628149 -55.342966
-22.731683 75.133100 -61.953918
-9.254280 69.555871 -71.248432
7
-94.885664 -4.383749 -31.264894
-94.900976 -4.338403 -31.224718
-96.785828 -2.464028 -25.028625
-97.240188 -21.124258 -9.905126
-96.311667 -24.423856 -11.293277
-91.103742 -26.502782 -31.586560
-89.641650 -22.064838 -38.438489
5
90.483521 0.503186 -42.573222
92.313512 15.386251 -35.234624
88.636833 23.273985 -40.022911
82.056231 25.647284 -51.078290
85.295793 3.510742 -52.079769
5
82.656220 -31.762706 -46.465899
79.352863 -42.106576 -43.933579
83.895658 -43.690288 -32.444990
89.934795 -31.078204 -30.755127
88.728102 -25.520017 -38.419430
6
-52.285169 51.506255 67.921769
-46.411783 36.752286 80.592902
-54.740538 24.486311 80.024334
-62.267049 37.165308 68.858946
-56.657492 47.726124 67.172507
-52.454806 51.545131 67.761292
8
-51.326593 -57.087645 64.082616
-33.169295 -63.652038 69.629131
-26.519981 -67.692923 68.661189
-23.276056 -74.687221 62.290001
-23.154080 -75.716250 61.081405
-27.909918 -77.620698 56.533740
-48.305736 -68.461948 54.584957
-52.608140 -58.920894 61.324643
5
9.451394 -59.524132 -79.796923
12.174876 -74.749255 -65.301770
27.025031 -72.401109 -63.464376
29.871900 -70.112293 -64.745162
30.829448 -65.091311 -69.373383
6
90.144127 33.014036 -28.001962
81.691586 43.616385 -37.737193
77.208063 37.075508 -51.617068
77.716533 31.052162 -54.734850
82.056231 25.647284 -51.078290
88.636833 23.273985 -40.022911
4
-88.483027 6.224597 -46.173675
-85.870423 -0.369613 -51.245818
-79.807476 13.249578 -58.781081
-86.364689 16.597425 -47.599013
5
57.569917 30.409496 -75.901036
59.257302 34.673629 -72.707026
48.595857 46.695616 -73.878022
47.438109 45.867988 -75.138229
49.036223 29.051963 -82.167099
7
-56.582182 81.363992 -13.355053
-51.674874 84.959767 -10.561504
-49.745059 86.479827 -6.831435
-50.968617 86.007116 -2.230685
-67.977922 73.283054 2.931905
-69.200149 71.495108 -9.989438
-68.612308 71.949953 -10.749673
5
-5.935099 -23.463110 97.027094
-14.808208 -39.505204 90.664523
-30.908771 -25.262455 91.686729
-17.769634 -12.874120 97.562786
-10.083116 -13.173762 98.614313
5
92.360887 -5.199275 -37.979389
98.493703 9.360223 -14.538803
97.420644 13.846501 -17.818318
92.313512 15.386251 -35.234624
90.483521 0.503186 -42.573222
4
84.757336 48.722931 21.030216
79.751749 59.525931 9.814383
83.564508 54.870860 2.482261
91.742417 39.200254 6.831472
8
-16.557593 -62.983155 -75.887867
-10.636234 -63.945964 -76.143182
6.480558 -56.460326 -82.281431
8.639826 -50.839217 -85.678045
7.855526 -49.735650 -86.398240
-16.962191 -42.436672 -88.946124
-22.010657 -56.194154 -79.735488
-21.770816 -59.436455 -77.416661
4
69.897294 -65.958440 27.637880
60.259040 -65.117674 46.136067
73.706832 -51.944497 43.232768
79.994441 -51.066743 31.513127
5
-82.100212 -56.828681 -5.482352
-70.838204 -69.595445 11.765323
-54.089375 -84.106858 0.613148
-55.417318 -82.021084 -14.193756
-73.596156 -65.940356 -15.345205
6
-46.723939 80.978863 -35.486578
-54.441713 78.180460 -30.395979
-58.076333 75.646762 -30.078346
-63.056532 65.924843 -40.960822
-53.847234 64.266954 -54.499853
-47.570812 68.519038 -55.155773
5
-74.264441 -33.721248 57.859055
-73.219794 -36.028838 57.799521
-79.553641 -40.226096 45.310918
-83.774612 -25.759716 48.148224
-82.416596 -23.967267 51.313495
5
38.046876 87.629833 -29.554148
26.696398 90.538545 -33.016272
23.464362 84.086538 -48.773742
35.356317 76.662419 -53.598549
42.356286 80.860703 -40.834934
4
38.832293 -65.003440 65.319260
49.332558 -72.276344 48.398645
38.388790 -79.136837 47.577956
29.168175 -70.378101 64.777623
7
-39.204881 87.666982 -27.883286
-37.608834 86.601736 -32.950188
-32.202615 87.359521 -36.487061
-22.114800 91.094242 -34.824914
-18.814349 93.331465 -30.581986
-16.067856 97.557836 -14.976404
-37.435642 90.367669 -20.790793
6
54.403240 -63.191093 -55.201208
44.960482 -78.787499 -42.084261
44.522338 -80.572548 -39.061822
44.784426 -80.521694 -38.866591
61.462194 -70.827912 -34.724713
61.298386 -64.073573 -46.228618
5
11.820120 -14.798124 98.190123
36.487137 -7.314547 92.818027
21.418673 -28.424005 93.452214
14.743728 -27.690245 94.951950
10.345898 -19.455810 97.541959
6
-23.134502 -88.311042 40.816109
-28.159013 -78.224622 55.569583
-27.909918 -77.620698 56.533740
-23.154080 -75.716250 61.081405
-1.948424 -83.280513 55.322326
-2.530216 -84.360088 53.637426
7
75.763885 -16.084683 63.254381
72.994861 -11.730706 67.336029
72.475337 -9.495674 68.243371
79.352051 8.496048 60.258354
84.101533 11.942356 52.766583
87.536432 -6.341387 47.928696
86.459875 -9.830973 49.275166
5
-51.513375 -68.310466 -51.769223
-49.963620 -55.246327 -66.719413
-51.586600 -50.074924 -69.507731
-67.062542 -43.685336 -59.951705
-56.861288 -64.752615 -50.733547
6
-45.640307 -80.260309 38.408921
-50.001781 -75.279129 42.812085
-48.305736 -68.461948 54.584957
-27.909918 -77.620698 56.533740
-28.159013 -78.224622 55.569583
-40.757189 -81.876453 40.436344
5
-34.501526 -85.733658 -38.201893
-36.371892 -91.037244 -19.730829
-27.291603 -95.022446 -15.030072
-26.754637 -95.157328 -15.141743
-24.515322 -91.879284 -30.938586
7
-51.326593 -57.087645 64.082616
-52.608140 -58.920894 61.324643
-57.622099 -58.134285 57.446486
-67.635470 -51.029809 53.116869
-71.457212 -37.336276 59.159693
-60.915142 -37.058044 70.114526
-51.759747 -51.582021 68.265831
5
70.820910 17.456996 -68.407982
66.135525 16.548429 -73.159017
57.558321 6.082270 -81.547813
70.761489 -10.732380 -69.840015
74.215238 10.131423 -66.252945
4
-24.758440 15.167786 -95.691995
-11.338388 5.605919 -99.196848
-6.993664 9.490462 -99.302668
-15.287737 25.434376 -95.495433
6
-84.058023 53.080737 10.802040
-84.349891 52.809765 9.809418
-81.445710 58.012734 -1.057844
-68.947165 72.273839 4.772908
-72.151927 67.055166 17.254109
-79.657569 58.058224 16.849758
5
-67.655307 -65.452850 33.744389
-57.622099 -58.134285 57.446486
-52.608140 -58.920894 61.324643
-48.305736 -68.461948 54.584957
-50.001781 -75.279129 42.812085
6
-22.010657 -56.194154 -79.735488
-38.938057 -36.225831 -84.684809
-45.049885 -40.668085 -79.477133
-47.316040 -48.467621 -73.566854
-28.214544 -59.695207 -75.102741
-21.770816 -59.436455 -77.416661
6
-37.503693 -33.237419 -86.537547
-38.938057 -36.225831 -84.684809
-22.010657 -56.194154 -79.735488
-16.962191 -42.436672 -88.946124
-18.198461 -35.065848 -91.865131
-25.548517 -31.049245 -91.559913
7
-56.386106 58.435465 -58.360119
-71.973832 43.537465 -54.076397
-74.080222 39.767911 -54.135330
-73.925381 37.785418 -55.743164
-59.956577 34.606228 -72.163826
-51.542501 38.233961 -76.691165
-49.572695 41.096337 -76.509078
5
99.045732 7.028580 -11.855040
97.928788 -13.597209 -15.002282
97.815673 -20.786601 0.106806
97.885168 -20.156254 3.495612
99.601245 -7.337005 5.075458
7
29.512407 -36.291714 -88.385119
18.114123 -29.154576 -93.924913
6.196798 -32.333587 -94.425308
4.154881 -35.045717 -93.565670
7.855526 -49.735650 -86.398240
8.639826 -50.839217 -85.678045
25.240524 -45.229374 -85.540749
6
-10.202109 20.243156 97.396774
-9.453807 22.566651 96.960671
-3.934588 26.794501 96.263044
3.025759 23.293610 97.202122
-0.938580 1.631086 99.982292
-2.292594 1.494919 99.962539
8
52.452158 -70.655741 47.503025
49.332558 -72.276344 48.398645
38.832293 -65.003440 65.319260
44.524035 -57.156975 68.925253
45.842646 -56.733571 68.408725
51.802095 -57.838838 63.017552
57.016150 -65.344293 49.792389
56.940466 -66.128655 48.834253
6
14.311178 5.971698 98.790329
5.323746 -0.031089 99.858183
-0.938580 1.631086 99.982292
3.025759 23.293610 97.202122
3.392602 23.314226 97.185066
15.222654 11.422023 98.172339
5
34.115092 -53.679926 -77.166223
32.760537 -62.587329 -70.778340
54.714535 -56.379029 -61.868608
54.855023 -48.174791 -68.338247
46.371994 -46.783405 -75.239293
6
21.418673 -28.424005 93.452214
36.487137 -7.314547 92.818027
37.085846 -6.947048 92.608739
42.549219 -22.282588 87.710035
40.117086 -28.086335 87.188171
22.629240 -29.256603 92.908389
6
93.148180 -33.734404 13.616408
94.937825 -26.376676 17.061078
97.885168 -20.156254 3.495612
97.815673 -20.786601 0.106806
94.392420 -32.362467 -6.537724
90.718349 -42.045027 1.548159
6
-87.336087 19.685209 -44.552222
-75.393289 33.317795 -56.619577
-73.925381 37.785418 -55.743164
-74.080222 39.767911 -54.135330
-80.436809 39.861795 -44.056295
-88.649096 21.214465 -41.125226
6
-79.807476 13.249578 -58.781081
-85.870423 -0.369613 -51.245818
-85.682142 -3.659830 -51.431276
-81.908114 -11.514892 -56.200250
-75.228072 7.983761 -65.398751
-78.037308 13.597255 -61.035181
6
-60.915142 -37.058044 70.114526
-60.066966 -29.915567 74.141881
-57.029451 -26.095857 77.888689
-43.179460 -31.331361 84.580613
-41.043311 -46.032906 78.717331
-51.759747 -51.582021 68.265831
8
-91.527983 28.048562 28.912047
-91.504067 32.161256 24.344597
-87.975897 41.307453 23.535841
-79.585926 51.344497 32.090857
-78.670856 51.298312 34.342096
-77.461166 47.340261 41.936469
-84.751910 32.611660 41.875928
-89.094479 27.683437 35.997237
8
-79.908385 -0.336147 60.121019
-70.943590 -8.955865 69.905647
-73.019714 -19.453518 65.495664
-74.080363 -19.981478 64.131430
-82.015785 -15.892658 54.962118
-83.614607 -10.925519 53.751562
-83.914867 -5.721421 54.088451
-82.463115 -2.307194 56.520011
9
98.400475 16.756767 6.046269
97.227574 21.545543 9.087822
93.698861 34.379992 6.208025
93.611797 34.649722 6.018993
93.323172 35.815159 -2.838991
95.727409 22.215270 -18.513370
97.420644 13.846501 -17.818318
98.493703 9.360223 -14.538803
98.958183 7.912191 -12.028105
9
-40.653009 77.682056 48.091901
-42.364553 79.626759 43.183607
-39.070926 85.292897 34.620580
-27.766457 91.980345 27.724357
-4.757717 91.808076 39.352781
-1.907679 90.629310 42.221902
-1.958897 90.387036 42.735775
-30.025195 78.202459 54.615593
-30.382824 78.144006 54.501361
8
-2.292594 1.494919 99.962539
-0.938580 1.631086 99.982292
5.323746 -0.031089 99.858183
11.820120 -14.798124 98.190123
10.345898 -19.455810 97.541959
-5.935099 -23.463110 97.027094
-10.083116 -13.173762 98.614313
-4.681272 0.445110 99.889377
5
95.727409 22.215270 -18.513370
93.323172 35.815159 -2.838991
88.701049 43.541205 -15.371640
88.604556 43.478284 -16.089485
91.121592 32.894571 -24.795214
5
18.590523 12.475263 -97.461583
-0.022854 14.897766 -98.884054
-3.283743 10.438907 -99.399428
3.735591 3.299749 -99.875708
17.432797 10.449079 -97.912790
4
60.450088 -48.525370 63.174958
65.535444 -50.874317 55.829289
57.016150 -65.344293 49.792389
51.802095 -57.838838 63.017552
7
35.401453 -71.068682 -60.794568
54.234102 -62.315963 -56.350536
55.396475 -57.531315 -60.177888
54.714535 -56.379029 -61.868608
32.760537 -62.587329 -70.778340
30.829448 -65.091311 -69.373383
29.871900 -70.112293 -64.745162
6
33.713777 51.240477 -78.979711
32.720131 59.308057 -73.565939
28.335509 61.349910 -73.710837
19.863824 57.112946 -79.646342
22.767101 48.625017 -84.363896
29.950484 46.171785 -83.493322
5
-53.068376 0.056229 84.756972
-50.240042 -6.682156 86.204913
-57.082976 -24.789019 78.275401
-68.507368 -7.971514 72.409913
-63.610604 -0.285791 77.159636
7
-4.757717 91.808076 39.352781
-13.794467 96.945462 20.280288
-1.636296 99.912228 3.856067
-1.192175 99.908407 4.109626
6.321552 98.288061 17.305924
8.086800 94.958844 30.288969
-1.907679 90.629310 42.221902
4
26.858331 -60.153936 75.233862
25.861413 -54.645262 79.656027
35.991777 -44.063352 82.237540
41.405427 -55.289277 72.309656
5
21.953662 71.643414 -66.221280
11.141433 78.046113 -61.519694
0.047454 68.137518 -73.193418
5.437087 63.388725 -77.151200
21.761443 70.132818 -67.880980
5
-51.759747 -51.582021 68.265831
-41.043311 -46.032906 78.717331
-31.795012 -48.521183 81.454110
-33.169295 -63.652038 69.629131
-51.326593 -57.087645 64.082616
9
-48.998490 -79.683627 -35.350638
-44.187097 -80.150612 -40.291187
-46.354642 -74.095604 -48.591035
-47.856821 -71.687621 -50.701180
-51.513375 -68.310466 -51.769223
-56.861288 -64.752615 -50.733547
-67.089760 -63.549427 -38.215631
-67.915393 -64.889909 -34.304507
-67.838995 -65.419681 -33.438542
7
-17.150327 -93.743642 30.298447
-17.431449 -95.042699 25.749367
-23.470191 -95.088061 20.184420
-31.846943 -92.770563 19.478062
-37.790588 -89.454902 23.868219
-28.345857 -88.642616 36.592337
-23.871095 -89.571593 37.511340
4
-51.513375 -68.310466 -51.769223
-47.856821 -71.687621 -50.701180
-39.628464 -65.849241 -63.980171
-49.963620 -55.246327 -66.719413
6
19.219683 -70.930649 67.819221
7.716832 -79.863342 59.684982
7.547862 -79.883487 59.679630
-4.097687 -67.441214 73.721717
1.710681 -56.490950 82.497552
8.666759 -57.983522 81.011101
5
51.235810 -15.998399 -84.373829
50.990461 -28.411262 -81.195893
54.394998 -29.527291 -78.545040
72.279205 -15.107499 -67.435006
71.689610 -14.129956 -68.271108
5
8.166502 -96.246552 25.882609
7.312625 -96.197975 26.314922
3.663199 -93.936497 34.095682
18.095002 -88.418660 43.066361
23.793085 -91.602420 32.293741
7
84.553112 2.680367 -53.325293
76.758575 -14.291902 -62.480898
91.386240 -14.950151 -37.749809
92.188316 -12.697539 -36.607198
92.360887 -5.199275 -37.979389
90.483521 0.503186 -42.573222
85.295793 3.510742 -52.079769
4
54.479805 -83.849430 -1.106321
63.664618 -77.114442 -0.423321
70.754226 -67.600257 -20.592348
60.435028 -77.666571 -17.762631
5
25.951228 95.477994 14.508147
23.289336 92.919416 28.698238
8.086800 94.958844 30.288969
6.321552 98.288061 17.305924
23.424371 96.531302 11.532849
4
-23.302716 60.854764 -75.853023
-33.387977 66.035738 -67.264584
-47.125841 42.039045 -77.536274
-38.469762 42.699279 -81.834277
4
-80.844782 -42.860338 40.337486
-74.870129 -57.073267 33.721002
-88.498874 -45.066926 11.701343
-88.834527 -44.211590 12.400089
6
-13.090943 -94.573049 -29.741647
-15.735511 -97.644998 -14.759675
0.597332 -99.478509 -10.181822
1.894854 -99.301579 -11.645000
-6.061778 -94.866980 -31.040474
-11.104837 -94.378431 -31.135098
5
-55.417318 -82.021084 -14.193756
-54.407952 -82.495104 -15.307924
-48.998490 -79.683627 -35.350638
-67.838995 -65.419681 -33.438542
-73.596156 -65.940356 -15.345205
5
-83.325261 15.980461 52.929442
-79.667285 28.280541 53.416614
-76.711176 28.729179 57.358781
-75.314709 11.046884 64.851067
-75.634592 10.692995 64.537341
8
59.756706 -36.827831 71.223921
54.469718 -22.930293 80.667537
57.845134 -18.498473 79.446504
72.994861 -11.730706 67.336029
75.763885 -16.084683 63.254381
74.349206 -22.676401 62.912451
69.479106 -31.657909 64.578871
60.278334 -36.848574 70.772205
6
46.371994 -46.783405 -75.239293
43.651948 -33.648393 -83.440357
33.856428 -32.803870 -88.190977
29.512407 -36.291714 -88.385119
25.240524 -45.229374 -85.540749
34.115092 -53.679926 -77.166223
9
23.289336 92.919416 28.698238
28.274561 90.725164 31.136696
24.383298 83.838770 48.749517
20.984651 82.586052 52.337256
18.063492 83.241612 52.388398
-1.514845 90.166886 43.216176
-1.958897 90.387036 42.735775
-1.907679 90.629310 42.221902
8.086800 94.958844 30.288969
5
-4.681272 0.445110 99.889377
-10.083116 -13.173762 98.614313
-17.769634 -12.874120 97.562786
-21.622387 -7.461680 97.348835
-17.042179 3.704681 98.467454
5
-81.563185 -13.192615 -56.332954
-70.043785 -7.145954 -71.012699
-71.557647 6.255782 -69.572755
-75.228072 7.983761 -65.398751
-81.908114 -11.514892 -56.200250
8
-82.100212 -56.828681 -5.482352
-84.047004 -53.911651 -5.443795
-88.498874 -45.066926 11.701343
-74.870129 -57.073267 33.721002
-72.740993 -59.601830 34.005438
-68.653491 -65.063360 32.457008
-67.562853 -70.443368 21.748399
-70.838204 -69.595445 11.765323
6
-49.745059 86.479827 -6.831435
-51.674874 84.959767 -10.561504
-49.117063 84.476591 -21.241933
-39.204881 87.666982 -27.883286
-37.435642 90.367669 -20.790793
-42.725932 89.946168 -9.175053
6
27.749817 -4.476141 -95.968286
28.820759 -6.002080 -95.568504
44.416314 -10.081600 -89.025572
46.665597 -8.697968 -88.015155
48.414106 -1.324663 -87.488968
30.342562 7.426121 -94.995693
6
-9.312805 -84.510483 -52.642663
-0.540328 -90.253749 -43.057739
13.029006 -88.629306 -44.441997
14.799633 -86.247956 -48.396910
2.380404 -79.744271 -60.292494
2.259345 -79.743468 -60.298214
5
25.575857 -91.414314 31.453120
23.793085 -91.602420 32.293741
18.095002 -88.418660 43.066361
18.152972 -84.886351 49.646520
36.596087 -80.371302 46.916737
6
-4.956127 33.669883 94.030717
8.369953 39.754461 91.375745
12.597251 28.269528 95.090184
3.392602 23.314226 97.185066
3.025759 23.293610 97.202122
-3.934588 26.794501 96.263044
4
74.663586 25.995945 61.233649
71.652317 19.553144 66.959839
58.415873 17.985274 79.146166
54.732195 34.335285 76.324800
5
94.488887 -26.440055 -19.307349
91.697722 -31.939421 -23.904000
89.515821 -40.258256 -19.136108
89.607942 -41.177935 -16.576926
94.303562 -32.471906 -7.239723
7
0.042581 22.079765 -97.531955
-7.006295 28.464804 -95.606834
-14.600158 27.199989 -95.115698
-15.287737 25.434376 -95.495433
-6.993664 9.490462 -99.302668
-3.283743 10.438907 -99.399428
-0.022854 14.897766 -98.884054
6
97.928788 -13.597209 -15.002282
97.079876 -15.710695 -18.129304
94.488887 -26.440055 -19.307349
94.303562 -32.471906 -7.239723
94.392420 -32.362467 -6.537724
97.815673 -20.786601 0.106806
4
82.630811 -34.880723 44.220858
72.410987 -44.183668 52.957081
69.479106 -31.657909 64.578871
74.349206 -22.676401 62.912451
8
-97.549603 2.316618 -21.879401
-96.785828 -2.464028 -25.028625
-94.900976 -4.338403 -31.224718
-93.107682 2.191073 -36.416462
-89.604439 21.009721 -39.110564
-89.748186 21.132607 -38.712738
-95.146126 19.130969 -24.108520
-97.031060 13.215878 -20.256208
4
19.863824 57.112946 -79.646342
8.678964 59.916940 -79.590426
11.092686 42.875188 -89.658634
22.767101 48.625017 -84.363896
5
-30.481058 -74.344255 -59.530134
-22.312221 -84.269284 -48.998496
-15.130467 -84.748956 -50.879107
-14.354748 -84.553142 -51.426719
-19.885023 -71.541670 -66.980410
8
72.161242 -68.526575 9.841929
63.664618 -77.114442 -0.423321
54.479805 -83.849430 -1.106321
52.808650 -84.918885 -0.171528
47.565457 -86.958501 13.256940
48.165755 -86.519762 13.942413
65.391379 -72.790307 20.628588
67.220600 -71.181272 20.362156
7
-25.916697 36.314628 89.496215
-20.155115 43.726292 87.645780
-13.117462 42.116606 89.744770
-4.956127 33.669883 94.030717
-3.934588 26.794501 96.263044
-9.453807 22.566651 96.960671
-24.920285 27.775289 92.776682
6
46.371994 -46.783405 -75.239293
54.855023 -48.174791 -68.338247
60.127164 -40.726334 -68.746562
54.394998 -29.527291 -78.545040
50.990461 -28.411262 -81.195893
43.651948 -33.648393 -83.440357
6
-16.389266 60.978046 77.543986
-13.897048 67.804460 72.176362
0.452351 70.674397 70.745495
1.211853 70.502188 70.908200
7.557833 60.862826 78.984780
-0.333486 54.242337 84.009866
4
-56.582182 81.363992 -13.355053
-68.612308 71.949953 -10.749673
-65.910730 72.176492 -21.126514
-59.864936 75.675889 -26.255460
6
-65.735319 70.141844 27.549766
-72.151927 67.055166 17.254109
-68.947165 72.273839 4.772908
-68.335019 72.898879 4.009831
-55.935950 81.323928 16.049555
-58.688933 75.576056 29.049423
6
71.106506 41.217399 56.964821
74.500186 48.566371 45.727779
77.735849 46.611327 42.243603
82.417970 35.600907 44.043769
79.616696 25.365840 54.934106
76.778948 27.454068 57.890132
5
-78.670856 51.298312 34.342096
-67.468528 66.865238 31.257602
-64.877074 58.883452 48.204816
-72.564525 49.790193 47.490277
-77.461166 47.340261 41.936469
6
76.920785 59.309489 -23.781869
78.943088 60.628135 -9.603030
74.235785 66.614587 -7.179492
67.270969 72.823684 -13.089225
67.270806 72.823377 -13.091767
71.393576 66.228250 -22.732712
7
-45.735259 -80.443994 37.908442
-45.640307 -80.260309 38.408921
-40.757189 -81.876453 40.436344
-28.345857 -88.642616 36.592337
-37.790588 -89.454902 23.868219
-37.827920 -89.438574 23.870272
-42.368989 -86.438504 27.078659
6
-52.619248 83.988643 13.308741
-55.935950 81.323928 16.049555
-68.335019 72.898879 4.009831
-67.977922 73.283054 2.931905
-50.968617 86.007116 -2.230685
-49.659094 86.757760 2.658112
6
-70.624239 12.177780 69.741799
-75.314709 11.046884 64.851067
-76.711176 28.729179 57.358781
-72.005844 33.026078 61.028162
-70.463421 32.886042 62.876184
-67.203950 17.639400 71.919960
6
-82.416596 -23.967267 51.313495
-83.774612 -25.759716 48.148224
-92.392135 -23.512975 30.180017
-93.211959 -22.273448 28.555634
-83.614607 -10.925519 53.751562
-82.015785 -15.892658 54.962118
7
91.697722 -31.939421 -23.904000
94.488887 -26.440055 -19.307349
97.079876 -15.710695 -18.129304
92.188316 -12.697539 -36.607198
91.386240 -14.950151 -37.749809
88.728102 -25.520017 -38.419430
89.934795 -31.078204 -30.755127
5
-46.932196 -16.886493 -86.673037
-58.560648 -27.526757 -76.242561
-45.049885 -40.668085 -79.477133
-38.938057 -36.225831 -84.684809
-37.503693 -33.237419 -86.537547
7
-77.461166 47.340261 41.936469
-72.564525 49.790193 47.490277
-71.026043 46.139477 53.164366
-72.005844 33.026078 61.028162
-76.711176 28.729179 57.358781
-79.667285 28.280541 53.416614
-84.751910 32.611660 41.875928
6
92.313512 15.386251 -35.234624
97.420644 13.846501 -17.818318
95.727409 22.215270 -18.513370
91.121592 32.894571 -24.795214
90.144127 33.014036 -28.001962
88.636833 23.273985 -40.022911
6
-36.577617 92.520238 10.103636
-24.019722 97.024235 -3.057908
-22.806106 97.306092 -3.377279
-22.187742 95.574541 19.318675
-25.412772 94.332885 21.342395
-36.513397 92.442512 11.006987
5
3.405967 94.964990 -31.145625
-15.736492 97.715440 -14.284801
-16.067856 97.557836 -14.976404
-18.814349 93.331465 -30.581986
4.276799 91.776093 -39.482372
7
73.302451 -64.360392 -22.011148
81.946796 -57.247887 -2.720688
83.201835 -55.391384 -3.041256
89.607942 -41.177935 -16.576926
89.515821 -40.258256 -19.136108
83.735173 -46.891202 -28.100461
73.703004 -63.571939 -22.945061
5
12.995326 26.715494 -95.485098
0.042581 22.079765 -97.531955
-0.022854 14.897766 -98.884054
18.590523 12.475263 -97.461583
20.262192 13.832734 -96.943793
7
-21.770816 -59.436455 -77.416661
-28.214544 -59.695207 -75.102741
-36.200682 -65.919674 -65.909841
-30.498178 -74.336291 -59.531311
-30.481058 -74.344255 -59.530134
-19.885023 -71.541670 -66.980410
-16.557593 -62.983155 -75.887867
8
-73.596156 -65.940356 -15.345205
-67.838995 -65.419681 -33.438542
-67.915393 -64.889909 -34.304507
-80.815510 -46.121957 -36.628109
-85.277481 -46.538855 -23.704139
-84.643299 -52.841857 -6.576471
-84.047004 -53.911651 -5.443795
-82.100212 -56.828681 -5.482352
6
-65.910730 72.176492 -21.126514
-70.446013 66.118635 -25.800879
-64.885482 64.815263 -39.860455
-63.056532 65.924843 -40.960822
-58.076333 75.646762 -30.078346
-59.864936 75.675889 -26.255460
6
93.698861 34.379992 6.208025
88.003785 37.494693 29.145871
83.406632 46.616077 29.500426
84.757336 48.722931 21.030216
91.742417 39.200254 6.831472
93.611797 34.649722 6.018993
6
-67.468528 66.865238 31.257602
-78.670856 51.298312 34.342096
-79.585926 51.344497 32.090857
-79.657569 58.058224 16.849758
-72.151927 67.055166 17.254109
-65.735319 70.141844 27.549766
5
-84.349891 52.809765 9.809418
-90.429611 42.457107 4.458642
-90.880865 41.579346 -3.438937
-81.317992 57.298276 -10.212337
-81.445710 58.012734 -1.057844
7
17.607500 96.688953 -18.472202
21.994426 96.587212 -13.680487
14.688323 98.915208 0.186646
-1.192175 99.908407 4.109626
-1.636296 99.912228 3.856067
-8.630550 99.462781 -5.715660
9.754026 97.801167 -18.433412
6
-92.438998 36.353686 -11.551672
-90.880865 41.579346 -3.438937
-90.429611 42.457107 4.458642
-93.619737 33.469616 10.729849
-98.122524 19.273506 0.708727
-98.083932 19.481837 -0.018873
6
28.820759 -6.002080 -95.568504
27.749817 -4.476141 -95.968286
18.564839 -6.665469 -98.035291
15.850803 -15.041987 -97.583250
19.097820 -17.861193 -96.520728
27.905307 -17.673948 -94.387104
5
-55.742005 4.519357 -82.899965
-63.153108 10.050736 -76.880867
-71.557647 6.255782 -69.572755
-70.043785 -7.145954 -71.012699
-66.429966 -11.276741 -73.891100
8
-12.146416 49.333464 -86.131724
-9.181882 49.253735 -86.543415
5.652756 62.452323 -77.895788
5.437087 63.388725 -77.151200
0.047454 68.137518 -73.193418
-7.214136 70.221770 -70.829791
-9.254280 69.555871 -71.248432
-20.765609 60.879751 -76.566607
8
-33.991402 23.916475 -90.953762
-29.046863 37.450664 -88.055253
-38.469762 42.699279 -81.834277
-47.125841 42.039045 -77.536274
-49.572695 41.096337 -76.509078
-51.542501 38.233961 -76.691165
-51.178991 31.606501 -79.885793
-47.006138 22.530456 -85.339332
5
19.097820 -17.861193 -96.520728
15.850803 -15.041987 -97.583250
5.554752 -16.214582 -98.520211
6.196798 -32.333587 -94.425308
18.114123 -29.154576 -93.924913
6
-67.915393 -64.889909 -34.304507
-67.089760 -63.549427 -38.215631
-72.927372 -37.606811 -57.160530
-73.488713 -36.727016 -57.013466
-74.365330 -36.173357 -56.225314
-80.815510 -46.121957 -36.628109
6
-65.852349 -13.114179 -74.104564
-65.886364 -27.323784 -70.088500
-58.560648 -27.526757 -76.242561
-46.932196 -16.886493 -86.673037
-46.924715 -16.710657 -86.711159
-50.037451 -12.440589 -85.682467
6
-52.454806 51.545131 67.761292
-56.657492 47.726124 67.172507
-71.026043 46.139477 53.164366
-72.564525 49.790193 47.490277
-64.877074 58.883452 48.204816
-53.041972 64.569172 54.930603
7
9.878693 -98.245088 -15.821320
1.894854 -99.301579 -11.645000
0.597332 -99.478509 -10.181822
0.277687 -99.997391 -0.666846
2.318925 -99.935255 2.750897
13.101427 -98.802056 8.155138
26.961903 -96.296125 -0.334717
4
39.050796 90.766242 15.379359
56.080575 81.796728 12.816564
51.683196 79.834783 30.907195
37.311832 88.249889 28.631876
5
-75.679883 21.203954 -61.829990
-65.974752 24.383673 -71.082829
-59.956577 34.606228 -72.163826
-73.925381 37.785418 -55.743164
-75.393289 33.317795 -56.619577
7
-74.080363 -19.981478 64.131430
-73.019714 -19.453518 65.495664
-60.066966 -29.915567 74.141881
-60.915142 -37.058044 70.114526
-71.457212 -37.336276 59.159693
-73.219794 -36.028838 57.799521
-74.264441 -33.721248 57.859055
5
-37.282955 13.341163 91.825893
-28.868353 16.816913 94.253963
-21.092079 11.309881 97.093825
-18.570420 4.951623 98.135727
-31.956008 -1.717344 94.741038
7
38.845784 28.440365 87.647879
31.224016 22.909501 92.196614
23.574191 22.448773 94.553213
20.841006 26.397122 94.174542
25.159970 43.456622 86.478309
28.656661 42.948091 85.640278
38.976184 28.854315 87.454477
6
-59.864936 75.675889 -26.255460
-58.076333 75.646762 -30.078346
-54.441713 78.180460 -30.395979
-49.117063 84.476591 -21.241933
-51.674874 84.959767 -10.561504
-56.582182 81.363992 -13.355053
4
38.845784 28.440365 87.647879
48.271658 9.983951 87.006711
42.341119 4.276732 90.492758
31.224016 22.909501 92.196614
6
74.535940 -23.208584 -62.496042
68.282757 -35.586122 -63.805117
71.475042 -49.018312 -49.885103
73.359882 -49.321920 -46.751212
79.352863 -42.106576 -43.933579
82.656220 -31.762706 -46.465899
6
21.761443 70.132818 -67.880980
5.437087 63.388725 -77.151200
5.652756 62.452323 -77.895788
8.678964 59.916940 -79.590426
19.863824 57.112946 -79.646342
28.335509 61.349910 -73.710837
6
-80.815510 -46.121957 -36.628109
-74.365330 -36.173357 -56.225314
-80.756765 -26.715601 -52.579668
-89.641650 -22.064838 -38.438489
-91.103742 -26.502782 -31.586560
-85.277481 -46.538855 -23.704139
5
-63.137172 10.376957 -76.850610
-51.178991 31.606501 -79.885793
-51.542501 38.233961 -76.691165
-59.956577 34.606228 -72.163826
-65.974752 24.383673 -71.082829
5
90.718349 -42.045027 1.548159
94.392420 -32.362467 -6.537724
94.303562 -32.471906 -7.239723
89.607942 -41.177935 -16.576926
83.201835 -55.391384 -3.041256
7
84.553112 2.680367 -53.325293
74.215238 10.131423 -66.252945
70.761489 -10.732380 -69.840015
71.689610 -14.129956 -68.271108
72.279205 -15.107499 -67.435006
74.269775 -16.757581 -64.831967
76.758575 -14.291902 -62.480898
5
99.233088 -3.019364 11.986560
96.674262 -9.959060 23.556404
94.791381 0.896134 31.840084
94.973395 2.986326 31.163056
99.078334 5.509649 12.374471
5
-95.146126 19.130969 -24.108520
-89.748186 21.132607 -38.712738
-86.307977 42.301973 -27.594856
-86.653116 43.161887 -25.065694
-91.153299 36.735734 -18.481396
7
-79.895424 58.210356 -15.108795
-69.200149 71.495108 -9.989438
-67.977922 73.283054 2.931905
-68.335019 72.898879 4.009831
-68.947165 72.273839 4.772908
-81.445710 58.012734 -1.057844
-81.317992 57.298276 -10.212337
7
-37.827920 -89.438574 23.870272
-37.790588 -89.454902 23.868219
-31.846943 -92.770563 19.478062
-36.382768 -92.898312 6.796897
-42.936905 -90.181694 4.866640
-48.540826 -87.191797 6.432622
-48.592658 -87.097781 7.261548
6
6.196798 -32.333587 -94.425308
5.554752 -16.214582 -98.520211
1.323685 -13.401476 -99.089093
-10.291153 -30.635075 -94.633949
-10.388195 -31.214224 -94.433880
4.154881 -35.045717 -93.565670
6
-37.337600 6.462703 -92.542623
-31.473076 10.403370 -94.346253
-29.394655 13.754618 -94.587339
-33.991402 23.916475 -90.953762
-47.006138 22.530456 -85.339332
-48.492506 8.397867 -87.051437
6
37.961089 92.442524 3.651782
50.008761 86.562315 2.467682
58.742322 80.505234 8.261171
56.080575 81.796728 12.816564
39.050796 90.766242 15.379359
37.113210 91.998035 12.608376
4
71.393576 66.228250 -22.732712
67.270806 72.823377 -13.091767
61.627788 76.268076 -19.626416
62.019696 72.316333 -30.395811
5
62.789280 62.265895 -46.695445
61.258601 59.439526 -52.099199
77.208063 37.075508 -51.617068
81.691586 43.616385 -37.737193
78.431318 54.998962 -28.699173
6
1.894854 -99.301579 -11.645000
9.878693 -98.245088 -15.821320
13.274145 -96.575464 -22.292976
12.585800 -94.442101 -30.369183
-1.097449 -94.254738 -33.389219
-6.061778 -94.866980 -31.040474
5
-13.117462 42.116606 89.744770
-0.035997 48.870817 87.244725
10.592313 44.531541 88.908632
8.369953 39.754461 91.375745
-4.956127 33.669883 94.030717
6
-19.667793 -98.019695 -2.305933
-19.015596 -97.301434 -13.070501
-26.754637 -95.157328 -15.141743
-27.291603 -95.022446 -15.030072
-32.369178 -94.342676 -7.189979
-28.924644 -95.697649 2.307568
5
99.078334 5.509649 12.374471
94.973395 2.986326 31.163056
93.188995 18.816748 31.011953
97.227574 21.545543 9.087822
98.400475 16.756767 6.046269
8
29.168175 -70.378101 64.777623
38.388790 -79.136837 47.577956
37.830589 -79.719683 47.049109
36.596087 -80.371302 46.916737
18.152972 -84.886351 49.646520
7.716832 -79.863342 59.684982
19.219683 -70.930649 67.819221
21.250954 -70.266275 67.904694
5
25.575857 -91.414314 31.453120
36.596087 -80.371302 46.916737
37.830589 -79.719683 47.049109
40.465940 -83.548616 37.177097
31.886165 -91.587813 24.391496
5
-97.031060 13.215878 -20.256208
-95.146126 19.130969 -24.108520
-91.153299 36.735734 -18.481396
-92.438998 36.353686 -11.551672
-98.083932 19.481837 -0.018873
6
-82.463115 -2.307194 56.520011
-83.914867 -5.721421 54.088451
-92.881912 -1.408377 37.026571
-93.061929 1.662912 36.561073
-89.445551 13.805671 42.531128
-86.822774 12.499995 48.016206
6
61.462194 -70.827912 -34.724713
44.784426 -80.521694 -38.866591
51.816850 -82.548836 -22.376409
60.435028 -77.666571 -17.762631
70.754226 -67.600257 -20.592348
72.690567 -65.014845 -22.116767
5
14.799633 -86.247956 -48.396910
24.644959 -83.389843 -49.383804
27.025031 -72.401109 -63.464376
12.174876 -74.749255 -65.301770
2.380404 -79.744271 -60.292494
7
38.046529 26.691536 -88.543907
44.059074 24.961885 -86.230518
49.036223 29.051963 -82.167099
47.438109 45.867988 -75.138229
45.981858 45.836536 -76.057088
34.032802 35.761147 -86.964986
34.026020 33.363116 -87.915485
6
-42.364553 79.626759 43.183607
-58.688933 75.576056 29.049423
-55.935950 81.323928 16.049555
-52.619248 83.988643 13.308741
-41.777575 88.194017 21.827724
-39.070926 85.292897 34.620580
6
-32.202615 87.359521 -36.487061
-37.608834 86.601736 -32.950188
-46.723939 80.978863 -35.486578
-47.570812 68.519038 -55.155773
-45.473099 69.306102 -55.936228
-34.224344 79.483047 -50.111271
4
65.391379 -72.790307 20.628588
48.165755 -86.519762 13.942413
48.066395 -82.453573 29.850125
53.938034 -76.195261 35.846487
6
13.441831 35.278625 -92.599869
9.641626 40.365446 -90.981700
2.303177 40.745489 -91.293485
-7.006295 28.464804 -95.606834
0.042581 22.079765 -97.531955
12.995326 26.715494 -95.485098
5
-86.307977 42.301973 -27.594856
-81.369423 41.601280 -40.599883
-72.113127 57.870947 -38.087405
-81.695363 53.366575 -21.860381
-86.653116 43.161887 -25.065694
9
69.526568 71.144908 10.220488
72.790883 67.154557 13.847482
71.353551 64.663195 26.969277
64.645311 66.688387 37.062687
54.885936 74.142815 38.605401
51.683196 79.834783 30.907195
56.080575 81.796728 12.816564
58.742322 80.505234 8.261171
60.787231 79.094685 6.995951
6
26.858331 -60.153936 75.233862
41.405427 -55.289277 72.309656
44.524035 -57.156975 68.925253
38.832293 -65.003440 65.319260
29.168175 -70.378101 64.777623
21.250954 -70.266275 67.904694
6
-80.858086 -42.752448 40.425217
-79.957159 -42.009260 42.919399
-68.950575 -51.026218 51.401783
-72.740993 -59.601830 34.005438
-74.870129 -57.073267 33.721002
-80.844782 -42.860338 40.337486
7
-34.940733 -85.145231 -39.107990
-44.187097 -80.150612 -40.291187
-48.998490 -79.683627 -35.350638
-54.407952 -82.495104 -15.307924
-44.001317 -88.548354 -14.935632
-36.371892 -91.037244 -19.730829
-34.501526 -85.733658 -38.201893
5
-14.923795 -98.681006 6.272121
-22.640823 -96.656489 12.038117
-23.470191 -95.088061 20.184420
-17.431449 -95.042699 25.749367
-7.935731 -97.907912 18.736726
6
7.557833 60.862826 78.984780
17.910360 55.120614 81.491944
19.022247 47.857589 85.719340
10.592313 44.531541 88.908632
-0.035997 48.870817 87.244725
-0.333486 54.242337 84.009866
7
-52.910464 -82.799379 18.567326
-48.592658 -87.097781 7.261548
-48.540826 -87.191797 6.432622
-54.089375 -84.106858 0.613148
-70.838204 -69.595445 11.765323
-67.562853 -70.443368 21.748399
-58.163782 -78.167758 22.511688
4
17.432797 10.449079 -97.912790
3.735591 3.299749 -99.875708
3.904626 -3.520222 -99.861714
15.804268 -1.885472 -98.725225
8
51.816850 -82.548836 -22.376409
44.784426 -80.521694 -38.866591
44.522338 -80.572548 -39.061822
37.858052 -84.406317 -37.978172
34.931730 -87.355710 -33.893277
33.700417 -92.489570 -17.605721
34.859551 -92.573545 -14.661186
44.754160 -88.579523 -12.277345
8
32.720131 59.308057 -73.565939
33.713777 51.240477 -78.979711
45.981858 45.836536 -76.057088
47.438109 45.867988 -75.138229
48.595857 46.695616 -73.878022
48.650119 46.849947 -73.744480
44.704063 56.085622 -69.684645
37.917929 60.295336 -70.190478
