400
7
47.921380 87.765206 0.900031
51.776110 85.534138 -1.773573
61.173149 79.097958 1.165741
66.029327 74.400499 10.231997
63.137411 70.826992 31.578544
62.014499 71.669171 31.901910
52.648392 80.836021 26.337893
6
89.105367 -40.205550 21.065312
89.743162 -42.743314 10.916689
84.928704 -52.511320 5.447616
84.583164 -53.059537 5.511245
80.522369 -58.440637 10.041920
85.584309 -46.789188 22.047628
6
55.574653 -10.437239 82.477403
70.919159 -0.828235 70.496715
76.112843 -7.235106 64.455320
74.945360 -16.626778 64.083877
54.477613 -19.887312 81.465849
54.138349 -16.419752 82.458662
7
34.602140 93.614837 6.241337
38.972150 92.064735 2.292616
47.921380 87.765206 0.900031
52.648392 80.836021 26.337893
32.338994 89.446294 30.879603
28.621879 91.934446 26.997141
28.205429 92.404512 25.804261
6
-88.912951 -9.342563 44.801826
-82.952333 -15.909755 53.533075
-82.462833 -23.011696 51.675362
-83.953701 -26.671084 47.333174
-92.542622 -20.548669 31.837325
-94.827256 -13.131931 28.902317
5
35.152072 70.303051 -61.820813
33.807127 80.255241 -49.154597
28.054567 81.791256 -50.230785
22.883597 78.653051 -57.358857
23.912967 75.495888 -61.061779
5
-47.988995 -83.368086 -27.327981
-33.176494 -91.667275 -22.280731
-32.795230 -89.741391 -29.511957
-38.586792 -84.991061 -35.882851
-47.971794 -83.158102 -27.989946
5
-30.000135 -76.646604 56.791637
-31.188744 -85.905660 40.589158
-32.068867 -86.029124 39.630513
-46.085194 -82.052194 33.817043
-36.134973 -73.685138 57.138115
5
31.992340 45.939433 82.861684
15.808936 56.235552 81.164279
15.449566 56.603272 80.977654
33.785167 59.765517 72.709321
40.297806 55.648362 72.659112
7
-1.961776 -36.716404 -92.994931
-2.623317 -36.360534 -93.118364
-14.850786 -35.625990 -92.250978
-15.401553 -53.805936 -82.871669
-13.146270 -57.070395 -81.056435
1.544924 -56.503745 -82.492060
3.417123 -44.660953 -89.407620
7
-42.322968 77.408699 -47.081416
-43.800049 72.368837 -53.332046
-32.259534 74.479865 -58.412946
-25.361415 77.310462 -58.136831
-17.286462 87.342364 -45.524605
-31.123138 87.381425 -37.360900
-34.641614 85.814718 -37.891855
6
21.372358 -49.969893 83.941837
37.336407 -48.613473 79.010904
38.117174 -49.246665 78.242233
38.819191 -52.182744 75.960725
27.228955 -63.439142 72.346798
22.397614 -60.643605 76.293513
5
7.414853 -10.320683 -99.189231
12.067552 -15.381626 -98.070280
28.334649 -17.400665 -94.309939
32.531627 0.154408 -94.560401
13.666860 -3.237809 -99.008755
7
5.086030 -85.006038 52.422379
16.064023 -82.329933 54.440143
23.317745 -90.593342 35.343022
19.434590 -93.518949 29.605793
17.152285 -93.860585 29.933088
11.480438 -93.591604 33.298817
3.686361 -86.859155 49.415563
6
-85.155008 -40.111561 33.759256
-83.392428 -49.633766 24.128658
-83.849290 -50.247463 21.082908
-89.060933 -42.541639 16.073558
-92.456925 -34.267542 16.656905
-91.210501 -33.577924 23.519515
5
9.718021 -93.295601 -34.662530
7.240890 -94.818290 -30.936407
18.816136 -96.235774 -19.611958
27.117753 -89.577861 -35.219800
23.883319 -88.020417 -41.012110
4
84.571164 34.313025 -40.869726
79.493347 43.537691 -42.252540
69.104172 42.555819 -58.426156
83.992887 23.483453 -48.925683
6
-32.068867 -86.029124 39.630513
-31.188744 -85.905660 40.589158
-18.692424 -88.524439 42.591279
-16.091050 -90.952591 38.323677
-17.581819 -93.097050 31.997172
-26.938386 -91.418341 30.282179
6
-69.139113 -62.314260 36.561129
-75.653851 -56.687530 32.603968
-80.228643 -42.488878 41.929227
-79.578633 -42.982998 42.657978
-68.486384 -54.246818 48.650776
-65.770467 -59.251879 46.513015
7
-78.120524 -50.227761 -37.072304
-74.226645 -63.046717 -22.704990
-69.827490 -67.721388 -23.193431
-55.693598 -73.576263 -38.532540
-54.638746 -72.553159 -41.840727
-61.011912 -61.997344 -49.334328
-61.070907 -61.945791 -49.326091
7
43.628665 29.998289 84.833026
40.644296 29.634822 86.428112
37.807454 30.854330 87.284631
31.992340 45.939433 82.861684
40.297806 55.648362 72.659112
42.553276 55.745072 71.286083
53.299637 40.698672 74.180636
7
7.037954 -14.260209 98.727472
26.550412 -17.846037 94.744892
28.042648 -23.485895 93.069988
14.222222 -41.186870 90.007611
13.461974 -41.678890 89.897972
1.138795 -42.888298 90.328827
-1.160225 -40.974617 91.212579
6
-21.020128 10.722291 97.176060
-31.200777 -1.663902 94.993384
-36.490923 0.519440 93.102861
-39.204013 18.524587 90.110405
-37.232008 21.813119 90.210673
-31.620132 23.019887 92.033972
4
-43.300078 -24.379463 86.779865
-31.715262 -17.851202 93.142239
-15.236170 -37.759811 91.334855
-30.128263 -39.182650 86.931052
6
-63.733828 72.638406 -25.722775
-44.205811 72.072241 -53.398861
-43.800049 72.368837 -53.332046
-42.322968 77.408699 -47.081416
-49.645091 82.768074 -26.168890
-59.329625 77.873037 -20.390825
8
-63.733828 72.638406 -25.722775
-59.329625 77.873037 -20.390825
-58.414490 80.568246 -9.823702
-60.946612 78.975454 -6.956160
-78.721465 61.460173 -5.057472
-80.064872 59.583827 -6.275662
-77.112809 61.931988 -14.766297
-64.819317 71.594139 -25.937144
5
89.105367 -40.205550 21.065312
91.874881 -30.008468 25.661218
97.030675 -21.580803 10.923235
93.578109 -35.148993 2.772335
89.743162 -42.743314 10.916689
6
-44.205811 72.072241 -53.398861
-63.733828 72.638406 -25.722775
-64.819317 71.594139 -25.937144
-68.965122 63.688843 -34.460748
-53.252184 62.338612 -57.254714
-49.217797 66.183654 -56.544959
5
57.855449 -80.507504 13.087734
55.174860 -83.205570 -5.706831
40.319186 -91.506256 0.984049
40.752201 -90.340924 13.333252
47.418753 -86.221545 17.813114
7
70.459571 58.427367 -40.270232
61.855159 64.997139 -44.151005
57.289467 65.699035 -49.005651
51.382025 62.497901 -58.769888
51.248738 62.167821 -59.234524
62.049863 49.295327 -60.990042
66.340116 45.914393 -59.083479
6
5.641934 -13.941743 98.862513
6.916213 -14.077791 98.762249
7.037954 -14.260209 98.727472
-1.160225 -40.974617 91.212579
-13.583961 -37.738319 91.604013
-14.888709 -18.644832 97.111774
6
-57.027164 58.170325 -58.000998
-73.715374 50.231919 -45.197323
-78.143317 43.765736 -44.476762
-76.397015 34.214405 -54.707135
-76.141223 34.039298 -55.171010
-63.670312 41.876019 -64.749444
5
42.025167 49.006371 -76.369241
51.244943 42.764381 -74.465854
62.049863 49.295327 -60.990042
51.248738 62.167821 -59.234524
43.340681 62.435687 -64.987463
5
-87.174906 18.534448 45.354273
-94.464370 20.427235 25.675100
-84.121259 37.147092 39.290041
-81.757426 30.517782 48.830198
-81.656138 29.642739 49.533657
7
-99.653341 8.001970 -2.275986
-98.352394 16.222694 -7.976888
-96.070966 27.608046 -2.857506
-95.902474 28.287153 -1.597626
-96.330437 26.235237 5.670904
-98.178116 13.951246 12.900401
-99.816168 5.769993 1.854674
6
41.856315 5.642236 90.643334
52.830243 1.395750 84.894153
55.574653 -10.437239 82.477403
54.138349 -16.419752 82.458662
32.142300 -7.164490 94.422151
32.339734 -1.930167 94.606638
6
-44.062816 -89.739359 2.305584
-30.581852 -93.683684 16.974033
-26.891881 -95.026999 15.706565
-24.325844 -96.245261 12.045877
-23.103789 -97.260665 -2.564752
-30.609129 -95.107151 -4.208440
5
34.308393 -41.556441 84.237737
37.336407 -48.613473 79.010904
21.372358 -49.969893 83.941837
13.461974 -41.678890 89.897972
14.222222 -41.186870 90.007611
4
98.742814 -14.081628 7.180834
98.614500 -14.705526 7.676451
94.639255 -9.234282 30.953828
97.335406 2.994297 22.734400
4
-58.372345 -10.163438 80.556650
-52.173239 13.868583 84.176098
-39.204013 18.524587 90.110405
-36.490923 0.519440 93.102861
5
-49.217797 66.183654 -56.544959
-53.252184 62.338612 -57.254714
-54.173744 60.993289 -57.836184
-44.079585 43.997183 -78.238341
-34.676151 55.028587 -75.956693
8
7.414853 -10.320683 -99.189231
13.666860 -3.237809 -99.008755
11.988925 11.276086 -98.636279
4.395180 15.220957 -98.737049
-10.474734 1.333998 -99.440939
-12.145703 -3.688583 -99.191110
-11.681057 -4.483519 -99.214167
2.215935 -10.504253 -99.422082
8
32.142300 -7.164490 94.422151
26.550412 -17.846037 94.744892
7.037954 -14.260209 98.727472
6.916213 -14.077791 98.762249
7.858347 4.682896 99.580705
11.100650 7.997931 99.059622
22.653756 6.153747 97.205652
32.339734 -1.930167 94.606638
6
56.620895 -78.475039 -25.213936
57.985069 -80.160333 -14.562030
69.910513 -68.959720 -18.896484
71.706638 -65.692109 -23.296026
71.594013 -64.066235 -27.745537
67.799257 -65.806661 -32.752772
5
10.591314 99.428677 -1.327512
34.602140 93.614837 6.241337
28.205429 92.404512 25.804261
10.709933 96.959004 22.005657
4.678728 99.673604 6.578925
5
59.480145 -52.078789 61.236526
71.892701 -43.613307 54.123185
73.342856 -43.879628 51.917278
66.786314 -58.150500 46.455437
63.058136 -61.163802 47.777201
7
14.636454 -98.835905 -4.151878
20.625002 -97.482957 -8.466546
21.331340 -96.897509 -12.483858
18.816136 -96.235774 -19.611958
7.240890 -94.818290 -30.936407
5.609632 -95.119280 -30.345587
1.003716 -97.895055 -20.385060
5
-50.314190 -22.148290 -83.534038
-56.682840 -11.518409 -81.574395
-57.378609 -11.237398 -81.125927
-63.619445 -25.609738 -72.778482
-62.340409 -30.440943 -72.020986
8
-54.612930 -82.572127 14.116363
-48.865108 -81.332478 31.578936
-48.739403 -81.393901 31.614924
-31.398818 -93.032304 18.950057
-30.581852 -93.683684 16.974033
-44.062816 -89.739359 2.305584
-45.085430 -89.236525 2.036350
-52.339281 -84.822244 8.110894
6
4.678728 99.673604 6.578925
10.709933 96.959004 22.005657
9.228609 96.824698 23.233825
-4.105503 96.642360 25.365315
-11.344652 99.011914 8.242555
-11.209917 99.038765 8.103135
5
7.858347 4.682896 99.580705
6.916213 -14.077791 98.762249
5.641934 -13.941743 98.862513
-12.803607 -4.769171 99.062216
-8.691205 5.661251 99.460611
8
23.698102 -94.493933 22.567601
19.434590 -93.518949 29.605793
23.317745 -90.593342 35.343022
35.748603 -83.433493 41.962955
42.934948 -81.823805 38.228983
47.815535 -85.316365 20.851679
47.418753 -86.221545 17.813114
40.752201 -90.340924 13.333252
7
76.858636 55.403845 -31.986936
76.286920 55.442002 -33.263948
79.493347 43.537691 -42.252540
84.571164 34.313025 -40.869726
86.229320 34.900770 -36.693877
86.526990 44.147002 -23.751256
84.328880 48.103973 -23.971811
5
-32.492552 67.078831 66.668317
-48.079028 71.310909 51.021185
-48.299285 72.256740 49.458493
-36.429396 81.515493 45.034692
-22.920918 80.362807 54.922225
7
-17.665359 83.231022 52.540765
-18.907397 81.708372 54.463311
-22.920918 80.362807 54.922225
-36.429396 81.515493 45.034692
-37.419611 83.336587 40.679060
-25.286246 93.315210 25.551465
-14.610606 92.442302 35.227135
7
57.160599 -81.622361 -8.393812
55.174860 -83.205570 -5.706831
57.855449 -80.507504 13.087734
72.005778 -68.197150 12.818606
72.820054 -67.607347 11.246613
72.644232 -68.237571 8.151652
69.224138 -72.165664 -0.368267
5
56.810179 77.784685 -26.872780
61.855159 64.997139 -44.151005
70.459571 58.427367 -40.270232
73.355912 57.554789 -36.143554
58.831914 76.464788 -26.304791
9
-15.437182 50.877034 -84.694869
-15.332377 51.722659 -84.200266
-17.844706 55.921854 -80.958710
-22.748976 57.774622 -78.387353
-34.676151 55.028587 -75.956693
-44.079585 43.997183 -78.238341
-45.223878 32.070563 -83.224274
-43.019017 31.390965 -84.640248
-19.691536 43.156173 -88.032881
6
-13.371606 -98.767680 -8.132989
-23.103789 -97.260665 -2.564752
-24.325844 -96.245261 12.045877
-7.743057 -99.208871 9.881551
-2.579391 -99.786057 6.007467
-1.742099 -99.933916 3.190227
5
71.017515 25.962477 -65.440526
67.776380 39.786449 -61.833654
57.234821 30.419547 -76.150026
59.704330 23.764322 -76.620167
65.883871 22.362614 -71.827773
6
-76.511925 60.637023 21.658182
-73.774497 63.995176 21.492812
-64.014699 67.185189 37.259478
-63.446123 65.887884 40.415050
-67.714147 56.732365 46.863985
-78.283144 49.957725 37.094139
7
-83.953701 -26.671084 47.333174
-82.462833 -23.011696 51.675362
-69.100402 -33.104633 64.258989
-66.071917 -40.034650 63.495894
-79.578633 -42.982998 42.657978
-80.228643 -42.488878 41.929227
-82.105969 -39.809112 40.912644
6
6.944901 61.952773 -78.189655
-6.165722 71.577436 -69.560438
-8.009614 71.234920 -69.723972
-17.844706 55.921854 -80.958710
-15.332377 51.722659 -84.200266
7.906447 57.659456 -81.319587
6
33.096539 91.551819 -22.866647
26.104934 89.938669 -35.065198
26.358248 89.562680 -35.829723
41.250020 81.558406 -40.579087
45.834403 81.683341 -35.029122
48.044847 82.330794 -30.221399
7
91.418639 15.854596 -37.299653
85.484947 20.512911 -47.660720
84.769639 -0.952083 -53.039626
85.756262 -2.466297 -51.378799
88.331970 -3.843688 -46.719259
93.480136 -1.769430 -35.472995
92.647094 13.237984 -35.231688
5
-77.112809 61.931988 -14.766297
-78.726664 54.857936 -28.155270
-71.602573 60.314915 -35.145165
-68.965122 63.688843 -34.460748
-64.819317 71.594139 -25.937144
6
50.740448 -54.576080 66.684769
38.819191 -52.182744 75.960725
38.117174 -49.246665 78.242233
53.276783 -30.854098 78.801073
58.691268 -37.241362 71.891696
55.135208 -51.370867 65.735400
6
-31.123138 87.381425 -37.360900
-25.476497 91.563368 -31.098196
-32.379351 92.273020 -20.910941
-38.225982 90.016974 -20.873876
-39.699958 88.744151 -23.417706
-34.641614 85.814718 -37.891855
5
-6.491566 98.478263 -16.121142
0.527023 95.533367 -29.548231
14.037708 95.449508 -26.312244
17.752488 96.511848 -19.243504
9.962235 99.311218 -6.167328
6
33.807127 80.255241 -49.154597
40.139056 80.733060 -43.255395
41.250020 81.558406 -40.579087
26.358248 89.562680 -35.829723
19.677212 86.646770 -45.881855
28.054567 81.791256 -50.230785
5
57.985069 -80.160333 -14.562030
56.854113 -81.380022 -12.037515
57.160599 -81.622361 -8.393812
69.224138 -72.165664 -0.368267
69.910513 -68.959720 -18.896484
6
-32.795230 -89.741391 -29.511957
-21.571311 -89.877415 -38.167116
-26.517031 -85.775264 -44.039201
-32.983111 -83.165788 -44.671759
-36.395511 -82.949584 -42.364292
-38.586792 -84.991061 -35.882851
6
-19.052436 77.044134 -60.837539
-25.361415 77.310462 -58.136831
-32.259534 74.479865 -58.412946
-22.748976 57.774622 -78.387353
-17.844706 55.921854 -80.958710
-8.009614 71.234920 -69.723972
7
-96.525640 14.803726 21.532545
-96.474234 11.989653 23.430119
-96.137976 -7.831499 26.384792
-96.101768 -9.826294 25.843648
-99.580771 -8.851680 2.306045
-99.816168 5.769993 1.854674
-98.178116 13.951246 12.900401
6
-48.373862 82.155092 30.174665
-53.326494 71.605175 45.044245
-63.446123 65.887884 40.415050
-64.014699 67.185189 37.259478
-57.013948 77.750300 26.538661
-50.817336 82.540136 24.591142
6
-84.121259 37.147092 39.290041
-83.384335 41.921226 35.911884
-78.283144 49.957725 37.094139
-67.714147 56.732365 46.863985
-66.104231 54.019030 52.078546
-81.757426 30.517782 48.830198
7
-11.209917 99.038765 8.103135
-11.344652 99.011914 8.242555
-27.324839 94.880557 15.844024
-35.082533 93.606143 2.665694
-34.931937 93.698723 0.555967
-25.686608 96.207749 -9.179722
-12.681233 99.191345 -0.513286
6
47.994746 -70.355148 -52.408563
57.689255 -67.345154 -46.223156
57.741927 -67.307340 -46.212464
60.391073 -49.527184 -62.449791
57.691086 -46.966945 -66.826976
39.962804 -67.979553 -61.495972
5
-33.112035 -92.401833 -19.117909
-47.286437 -87.502790 -10.356378
-45.085430 -89.236525 2.036350
-44.062816 -89.739359 2.305584
-30.609129 -95.107151 -4.208440
5
-64.014699 67.185189 37.259478
-73.774497 63.995176 21.492812
-72.575933 66.022047 19.334511
-68.467506 70.813037 17.254401
-57.013948 77.750300 26.538661
6
83.422596 54.322411 -9.473449
84.328880 48.103973 -23.971811
86.526990 44.147002 -23.751256
91.949575 35.492323 -16.898836
91.273723 40.793360 2.238116
84.818583 52.918417 -2.334335
7
-26.938386 -91.418341 30.282179
-17.581819 -93.097050 31.997172
-13.721883 -95.797261 25.191163
-13.897678 -95.869768 24.816165
-26.891881 -95.026999 15.706565
-30.581852 -93.683684 16.974033
-31.398818 -93.032304 18.950057
5
-86.112064 40.664307 -30.514366
-78.143317 43.765736 -44.476762
-73.715374 50.231919 -45.197323
-71.602573 60.314915 -35.145165
-78.726664 54.857936 -28.155270
5
-91.052480 -40.344899 -9.040744
-89.365640 -38.701546 -22.715032
-93.451021 -23.234390 -26.964232
-96.227696 -16.560554 -21.586538
-96.995520 -15.117994 -19.060832
6
6.326816 83.723312 54.317386
2.884808 87.690463 47.979793
12.170181 90.193469 41.436998
13.169433 90.051404 41.440448
19.540495 82.662940 52.773169
17.557262 81.609449 55.060334
6
-32.657463 -48.428973 -81.167263
-32.810464 -48.445986 -81.095375
-29.498331 -60.490845 -73.964222
-17.652026 -63.920599 -74.850270
-13.146270 -57.070395 -81.056435
-15.401553 -53.805936 -82.871669
6
65.883871 22.362614 -71.827773
59.704330 23.764322 -76.620167
57.766492 18.064287 -79.603479
71.448754 -0.885527 -69.959213
72.648921 -0.959473 -68.711088
73.463282 5.206153 -67.646450
7
-87.174906 18.534448 45.354273
-87.964769 9.081366 46.687560
-90.419184 5.513858 42.355265
-96.474234 11.989653 23.430119
-96.525640 14.803726 21.532545
-94.906551 19.900091 24.428117
-94.464370 20.427235 25.675100
6
79.432705 60.640977 3.621788
78.365167 61.689403 7.301934
66.029327 74.400499 10.231997
61.173149 79.097958 1.165741
65.217552 75.761550 -2.618850
73.947818 67.157422 -4.647676
5
-6.355542 27.417961 -95.957608
2.854579 23.015087 -97.273620
14.294330 31.447180 -93.844270
8.733589 40.600768 -90.968687
2.236933 40.656964 -91.334591
5
28.962887 47.080280 -83.334257
23.916496 31.291373 -91.917633
31.635118 27.696946 -90.730913
41.489556 33.340981 -84.658111
35.706435 45.979555 -81.307632
7
-22.685044 30.521680 92.486841
-17.281255 40.806203 89.644922
-15.563810 42.050097 89.384323
0.598904 33.635367 94.171670
1.673003 32.268839 94.635739
2.081323 28.619132 95.794642
-11.546397 17.030369 97.860346
6
-13.146270 -57.070395 -81.056435
-17.652026 -63.920599 -74.850270
-15.595513 -69.667722 -70.022771
7.076979 -69.162220 -71.878395
12.010877 -65.207557 -74.857954
1.544924 -56.503745 -82.492060
8
95.079700 8.725996 29.727219
97.273475 3.605464 22.910080
97.335406 2.994297 22.734400
94.639255 -9.234282 30.953828
92.640280 -11.223947 35.941641
90.371144 -7.049361 42.229880
89.869102 -3.419638 43.724714
93.602120 9.164191 33.980300
6
91.775681 -37.867429 -11.970053
85.329220 -37.064523 -36.676223
83.390053 -40.390896 -37.612161
80.567765 -52.532383 -27.371226
85.877329 -49.108727 -14.608805
91.425939 -38.989393 -11.005678
5
-83.392428 -49.633766 24.128658
-75.882113 -56.682823 32.077446
-76.118843 -63.211391 14.499719
-79.015014 -60.061939 12.214378
-83.849290 -50.247463 21.082908
6
-4.065102 -94.047648 -33.741886
5.609632 -95.119280 -30.345587
7.240890 -94.818290 -30.936407
9.718021 -93.295601 -34.662530
2.961610 -88.284238 -46.873470
-8.847914 -91.150776 -40.165289
7
-78.120524 -50.227761 -37.072304
-79.095965 -48.038130 -37.896785
-89.365640 -38.701546 -22.715032
-91.052480 -40.344899 -9.040744
-91.003210 -40.590690 -8.414960
-78.634680 -60.546299 -12.277327
-74.226645 -63.046717 -22.704990
6
-13.583961 -37.738319 91.604013
-1.160225 -40.974617 91.212579
1.138795 -42.888298 90.328827
0.603807 -59.370009 80.466374
-22.784379 -60.620131 76.197584
-14.195238 -37.853286 91.463785
6
12.901546 58.223552 80.271839
26.964359 70.196064 65.919921
28.913089 69.901324 65.405185
33.785167 59.765517 72.709321
15.449566 56.603272 80.977654
12.945330 58.173736 80.300902
5
-56.809753 9.044352 -81.797626
-55.323078 27.662071 -78.575867
-70.361751 19.073273 -68.450231
-70.468405 4.396011 -70.815811
-61.929310 1.998354 -78.490555
7
-43.137076 1.800165 -90.199513
-56.809753 9.044352 -81.797626
-61.929310 1.998354 -78.490555
-59.388151 -9.247102 -79.922079
-57.378609 -11.237398 -81.125927
-56.682840 -11.518409 -81.574395
-41.638434 -1.837272 -90.900304
7
-43.137076 1.800165 -90.199513
-38.122398 22.643950 -89.632217
-43.019017 31.390965 -84.640248
-45.223878 32.070563 -83.224274
-54.732043 28.488107 -78.694544
-55.323078 27.662071 -78.575867
-56.809753 9.044352 -81.797626
8
-90.822455 13.164123 -39.723892
-88.554615 15.614447 -43.752363
-86.373025 23.615152 -44.519941
-86.339789 40.389539 -30.234516
-89.724815 37.504817 -23.299062
-91.492848 33.453172 -22.581940
-94.639956 22.068403 -23.585258
-94.707947 18.744549 -26.058524
7
80.522369 -58.440637 10.041920
72.820054 -67.607347 11.246613
72.005778 -68.197150 12.818606
70.848866 -66.693883 23.073019
76.808442 -54.372021 33.825236
78.224522 -52.074705 34.192824
85.584309 -46.789188 22.047628
6
55.135208 -51.370867 65.735400
58.691268 -37.241362 71.891696
61.601675 -36.184413 69.970864
70.187319 -37.801276 60.372210
71.892701 -43.613307 54.123185
59.480145 -52.078789 61.236526
6
-21.236682 -28.530792 -93.461207
-16.589204 -34.527870 -92.372206
-14.850786 -35.625990 -92.250978
-2.623317 -36.360534 -93.118364
2.215935 -10.504253 -99.422082
-11.681057 -4.483519 -99.214167
7
-69.827490 -67.721388 -23.193431
-74.226645 -63.046717 -22.704990
-78.634680 -60.546299 -12.277327
-78.559943 -60.969392 -10.538912
-68.864124 -72.504433 0.916276
-63.308673 -77.288436 -4.302272
-61.828325 -77.160302 -14.951457
5
40.853627 7.509141 -90.964795
45.284327 10.744019 -88.509298
44.809700 31.257866 -83.755815
41.489556 33.340981 -84.658111
31.635118 27.696946 -90.730913
5
29.410677 -89.640771 -33.159376
27.117753 -89.577861 -35.219800
18.816136 -96.235774 -19.611958
21.331340 -96.897509 -12.483858
33.285338 -91.746539 -21.786670
5
60.816552 -25.055356 -75.323145
60.523950 -25.408518 -75.440432
56.880985 -43.543486 -69.774769
73.974775 -28.932205 -60.750803
72.229468 -18.909279 -66.523253
6
70.611932 31.390069 63.471401
74.739846 36.173131 55.726655
84.254402 28.729148 45.561297
85.166953 18.992858 48.845281
83.617707 16.865644 52.188400
70.922645 29.939025 63.825020
5
-42.936261 -56.989131 -70.062232
-36.786752 -63.722648 -67.721186
-29.498331 -60.490845 -73.964222
-32.810464 -48.445986 -81.095375
-43.856753 -42.647510 -79.106100
5
17.671059 77.188919 61.070488
26.964359 70.196064 65.919921
12.901546 58.223552 80.271839
6.854771 61.159555 78.819546
0.159029 69.370132 72.026102
6
-81.952274 5.873766 -57.002839
-81.546141 3.004804 -57.803097
-74.526196 -0.339228 -66.676315
-70.468405 4.396011 -70.815811
-70.361751 19.073273 -68.450231
-73.373036 20.446603 -64.794552
6
59.480145 -52.078789 61.236526
63.058136 -61.163802 47.777201
57.331383 -69.211004 43.851447
45.126263 -67.612926 58.241846
50.740448 -54.576080 66.684769
55.135208 -51.370867 65.735400
4
-96.137976 -7.831499 26.384792
-96.474234 11.989653 23.430119
-90.419184 5.513858 42.355265
-91.085411 1.126944 41.257460
5
73.947818 67.157422 -4.647676
74.878180 64.495418 -15.283950
83.422596 54.322411 -9.473449
84.818583 52.918417 -2.334335
79.432705 60.640977 3.621788
7
7.076979 -69.162220 -71.878395
-15.595513 -69.667722 -70.022771
-16.998969 -72.714538 -66.510383
-16.507059 -73.999643 -65.204063
-7.013698 -81.573524 -57.415749
-6.738303 -81.585845 -57.431221
2.973791 -77.943836 -62.577273
5
-65.770467 -59.251879 46.513015
-68.486384 -54.246818 48.650776
-63.881082 -42.765252 63.955770
-55.313440 -47.485315 68.451211
-55.253899 -65.084103 52.067900
6
19.174726 -43.146812 -88.151475
3.417123 -44.660953 -89.407620
1.544924 -56.503745 -82.492060
12.010877 -65.207557 -74.857954
15.763311 -64.900075 -74.427806
21.097934 -47.087596 -85.659999
5
-4.105503 96.642360 25.365315
9.228609 96.824698 23.233825
4.986414 93.503564 35.102981
-2.769047 92.680392 37.452333
-11.070661 93.197034 34.521779
6
51.131149 74.117444 43.499541
62.014499 71.669171 31.901910
63.137411 70.826992 31.578544
73.794389 56.758109 36.508974
65.889305 56.554403 49.600393
53.053655 62.788873 56.946178
7
-31.715262 -17.851202 93.142239
-29.078892 -13.389186 94.737256
-15.378328 -17.805106 97.193031
-14.888709 -18.644832 97.111774
-13.583961 -37.738319 91.604013
-14.195238 -37.853286 91.463785
-15.236170 -37.759811 91.334855
8
75.675861 -44.044368 -48.303807
76.123100 -43.551586 -48.047195
75.523969 -29.849924 -58.353339
73.974775 -28.932205 -60.750803
56.880985 -43.543486 -69.774769
56.549606 -44.060276 -69.719682
57.691086 -46.966945 -66.826976
60.391073 -49.527184 -62.449791
6
-5.861151 -92.120785 38.463072
-1.452172 -94.101446 33.805458
-7.715411 -96.014723 26.863457
-13.721883 -95.797261 25.191163
-17.581819 -93.097050 31.997172
-16.091050 -90.952591 38.323677
7
95.079700 8.725996 29.727219
93.602120 9.164191 33.980300
91.296218 16.526227 37.307966
90.885135 25.670355 32.877424
92.712996 26.696214 26.298525
94.852535 22.870979 21.906960
95.585383 19.608352 21.884860
7
17.557262 81.609449 55.060334
19.540495 82.662940 52.773169
25.824082 82.554402 50.178556
34.605748 70.848691 61.505327
28.913089 69.901324 65.405185
26.964359 70.196064 65.919921
17.671059 77.188919 61.070488
6
-51.746315 -78.615071 33.793336
-48.865108 -81.332478 31.578936
-54.612930 -82.572127 14.116363
-69.543435 -70.682653 12.948872
-71.663371 -68.098355 15.065702
-65.414575 -68.941919 31.111818
5
-83.849290 -50.247463 21.082908
-79.015014 -60.061939 12.214378
-80.775200 -58.417602 7.921544
-86.289605 -50.160031 6.170518
-89.060933 -42.541639 16.073558
7
91.273723 40.793360 2.238116
91.949575 35.492323 -16.898836
93.538242 29.973024 -18.767394
97.689508 15.737821 -14.459632
98.340003 13.625358 -11.983046
95.280401 29.773618 5.931012
91.959807 38.927661 5.294437
7
-30.000135 -76.646604 56.791637
-36.134973 -73.685138 57.138115
-40.331818 -70.035173 58.893285
-37.888678 -55.805798 73.825206
-24.207865 -61.256402 75.243820
-17.517591 -75.238441 63.500481
-23.378309 -77.094605 59.244211
6
2.215935 -10.504253 -99.422082
-2.623317 -36.360534 -93.118364
-1.961776 -36.716404 -92.994931
14.322662 -28.787725 -94.689642
12.067552 -15.381626 -98.070280
7.414853 -10.320683 -99.189231
4
-73.373036 20.446603 -64.794552
-75.892714 25.044269 -60.108905
-85.556884 13.546163 -49.965199
-81.952274 5.873766 -57.002839
5
33.285338 -91.746539 -21.786670
21.331340 -96.897509 -12.483858
20.625002 -97.482957 -8.466546
39.253034 -91.972038 -0.586225
42.156911 -88.648671 -19.084232
5
-97.730613 2.481732 -21.037309
-94.707947 18.744549 -26.058524
-94.639956 22.068403 -23.585258
-98.352394 16.222694 -7.976888
-99.653341 8.001970 -2.275986
8
70.611932 31.390069 63.471401
70.922645 29.939025 63.825020
66.873188 15.908421 72.628499
65.843449 14.478872 73.857989
62.585187 14.585644 76.618232
43.628665 29.998289 84.833026
53.299637 40.698672 74.180636
61.017765 41.394241 67.552566
6
-43.800049 72.368837 -53.332046
-44.205811 72.072241 -53.398861
-49.217797 66.183654 -56.544959
-34.676151 55.028587 -75.956693
-22.748976 57.774622 -78.387353
-32.259534 74.479865 -58.412946
7
48.317147 -10.352774 -86.938331
61.065989 -7.695871 -78.814457
65.934702 -3.027677 -75.122888
48.413186 11.400955 -86.753568
45.284327 10.744019 -88.509298
40.853627 7.509141 -90.964795
39.556264 5.367089 -91.686948
7
28.205429 92.404512 25.804261
28.621879 91.934446 26.997141
13.169433 90.051404 41.440448
12.170181 90.193469 41.436998
4.986414 93.503564 35.102981
9.228609 96.824698 23.233825
10.709933 96.959004 22.005657
6
-0.814616 69.821626 71.584055
0.159029 69.370132 72.026102
6.854771 61.159555 78.819546
-15.269497 44.802015 88.088716
-18.799469 50.773031 84.075438
-18.552533 62.941378 75.459834
6
-61.070907 -61.945791 -49.326091
-61.011912 -61.997344 -49.334328
-52.997275 -60.406725 -59.517363
-52.987418 -57.385564 -62.443819
-58.680166 -46.523787 -66.273489
-64.289160 -49.180102 -58.721559
7
33.313619 29.709554 89.484888
37.807454 30.854330 87.284631
40.644296 29.634822 86.428112
41.856315 5.642236 90.643334
32.339734 -1.930167 94.606638
22.653756 6.153747 97.205652
33.027241 29.422653 89.685611
6
-61.929310 1.998354 -78.490555
-70.468405 4.396011 -70.815811
-74.526196 -0.339228 -66.676315
-72.818456 -13.139476 -67.266832
-71.986844 -13.478941 -68.089738
-59.388151 -9.247102 -79.922079
6
46.744889 -82.619936 -31.446168
46.242327 -83.118339 -30.870518
43.473995 -87.805329 -20.005897
56.854113 -81.380022 -12.037515
57.985069 -80.160333 -14.562030
56.620895 -78.475039 -25.213936
6
44.159592 -44.087390 -78.142386
56.549606 -44.060276 -69.719682
56.880985 -43.543486 -69.774769
60.523950 -25.408518 -75.440432
50.005455 -21.223145 -83.958517
43.953046 -43.556764 -78.555318
6
-71.609882 18.629709 67.267814
-58.563270 -10.423018 80.384725
-58.577063 -10.493311 80.365528
-58.957433 -10.704489 80.058947
-80.313842 -8.806173 58.924851
-81.692289 3.054030 57.593774
7
-15.236170 -37.759811 91.334855
-14.195238 -37.853286 91.463785
-22.784379 -60.620131 76.197584
-24.207865 -61.256402 75.243820
-37.888678 -55.805798 73.825206
-39.984743 -52.882634 74.864193
-30.128263 -39.182650 86.931052
7
77.223703 -21.270985 59.866892
82.352668 -24.920537 50.960818
83.317649 -34.913233 42.886309
80.913120 -39.402425 43.594907
73.342856 -43.879628 51.917278
71.892701 -43.613307 54.123185
70.187319 -37.801276 60.372210
6
-34.931937 93.698723 0.555967
-41.841666 90.092786 -11.513686
-38.225982 90.016974 -20.873876
-32.379351 92.273020 -20.910941
-24.223627 95.815997 -15.248302
-25.686608 96.207749 -9.179722
6
-97.102489 -14.798741 -18.764430
-96.995520 -15.117994 -19.060832
-96.227696 -16.560554 -21.586538
-90.148490 -6.422310 -42.801913
-91.996328 0.522817 -39.196969
-97.396915 -1.698819 -22.604312
6
-45.223878 32.070563 -83.224274
-44.079585 43.997183 -78.238341
-54.173744 60.993289 -57.836184
-57.027164 58.170325 -58.000998
-63.670312 41.876019 -64.749444
-54.732043 28.488107 -78.694544
5
-23.378309 -77.094605 59.244211
-17.443162 -87.438381 45.279860
-18.692424 -88.524439 42.591279
-31.188744 -85.905660 40.589158
-30.000135 -76.646604 56.791637
8
-13.256429 -98.095486 -14.196571
-16.901124 -96.466024 -20.215297
-18.312740 -95.990566 -21.223921
-32.319531 -92.385589 -20.502463
-33.112035 -92.401833 -19.117909
-30.609129 -95.107151 -4.208440
-23.103789 -97.260665 -2.564752
-13.371606 -98.767680 -8.132989
5
52.830243 1.395750 84.894153
62.585187 14.585644 76.618232
65.843449 14.478872 73.857989
70.919159 -0.828235 70.496715
55.574653 -10.437239 82.477403
4
37.132337 -81.391803 -44.682928
46.809107 -81.958476 -33.041122
57.689255 -67.345154 -46.223156
47.994746 -70.355148 -52.408563
7
-31.200777 -1.663902 94.993384
-21.020128 10.722291 97.176060
-13.111538 11.411193 98.477775
-8.691205 5.661251 99.460611
-12.803607 -4.769171 99.062216
-12.808651 -4.773286 99.061366
-30.613451 -2.544148 95.164825
7
67.776380 39.786449 -61.833654
68.137838 43.056434 -59.189344
66.340116 45.914393 -59.083479
62.049863 49.295327 -60.990042
51.244943 42.764381 -74.465854
54.015078 33.132585 -77.360217
57.234821 30.419547 -76.150026
6
-61.828325 -77.160302 -14.951457
-63.308673 -77.288436 -4.302272
-52.339281 -84.822244 8.110894
-45.085430 -89.236525 2.036350
-47.286437 -87.502790 -10.356378
-52.182973 -83.700178 -16.468683
8
61.017765 41.394241 67.552566
60.924896 45.120509 65.209637
65.889305 56.554403 49.600393
73.794389 56.758109 36.508974
73.937928 56.611143 36.446691
75.619768 53.625939 37.495458
74.739846 36.173131 55.726655
70.611932 31.390069 63.471401
4
13.122011 72.352346 -67.771312
5.737586 78.074169 -62.221413
-6.165722 71.577436 -69.560438
6.944901 61.952773 -78.189655
6
-86.289605 -50.160031 6.170518
-80.775200 -58.417602 7.921544
-78.559943 -60.969392 -10.538912
-78.634680 -60.546299 -12.277327
-91.003210 -40.590690 -8.414960
-91.684940 -39.627019 -4.855004
6
20.882545 -79.541875 56.894722
35.496902 -82.355526 44.244066
35.748603 -83.433493 41.962955
23.317745 -90.593342 35.343022
16.064023 -82.329933 54.440143
17.345272 -81.022282 55.986886
7
98.868715 -13.622151 6.278069
98.742814 -14.081628 7.180834
97.335406 2.994297 22.734400
97.273475 3.605464 22.910080
98.533388 12.207188 11.922917
98.620298 12.336200 11.038797
99.826400 0.364022 -5.878551
7
13.110049 -99.119374 -1.864472
23.698102 -94.493933 22.567601
40.752201 -90.340924 13.333252
40.319186 -91.506256 0.984049
39.253034 -91.972038 -0.586225
20.625002 -97.482957 -8.466546
14.636454 -98.835905 -4.151878
6
60.523950 -25.408518 -75.440432
60.816552 -25.055356 -75.323145
61.065989 -7.695871 -78.814457
48.317147 -10.352774 -86.938331
47.135805 -16.523004 -86.632594
50.005455 -21.223145 -83.958517
6
-37.645459 -4.487795 -92.534745
-36.921719 -25.695741 -89.311340
-21.236682 -28.530792 -93.461207
-11.681057 -4.483519 -99.214167
-12.145703 -3.688583 -99.191110
-23.628724 -0.554525 -97.166743
5
-13.111538 11.411193 98.477775
-21.020128 10.722291 97.176060
-31.620132 23.019887 92.033972
-22.685044 30.521680 92.486841
-11.546397 17.030369 97.860346
7
-97.102489 -14.798741 -18.764430
-97.396915 -1.698819 -22.604312
-97.730613 2.481732 -21.037309
-99.653341 8.001970 -2.275986
-99.816168 5.769993 1.854674
-99.580771 -8.851680 2.306045
-99.085082 -13.483015 -0.595760
5
92.647094 13.237984 -35.231688
97.689508 15.737821 -14.459632
93.538242 29.973024 -18.767394
91.553061 27.991055 -28.888370
91.418639 15.854596 -37.299653
5
95.768244 -8.667164 -27.446741
93.480136 -1.769430 -35.472995
88.331970 -3.843688 -46.719259
87.892880 -18.842727 -43.815445
89.704698 -24.937305 -36.485585
5
-35.082533 93.606143 2.665694
-49.261949 86.875929 5.082650
-57.354071 81.395946 -9.230952
-41.841666 90.092786 -11.513686
-34.931937 93.698723 0.555967
7
-11.546397 17.030369 97.860346
2.081323 28.619132 95.794642
9.304616 19.389670 97.659945
11.100650 7.997931 99.059622
7.858347 4.682896 99.580705
-8.691205 5.661251 99.460611
-13.111538 11.411193 98.477775
6
-33.112035 -92.401833 -19.117909
-32.319531 -92.385589 -20.502463
-33.176494 -91.667275 -22.280731
-47.988995 -83.368086 -27.327981
-52.182973 -83.700178 -16.468683
-47.286437 -87.502790 -10.356378
6
-36.786752 -63.722648 -67.721186
-37.116517 -69.438878 -61.649058
-16.998969 -72.714538 -66.510383
-15.595513 -69.667722 -70.022771
-17.652026 -63.920599 -74.850270
-29.498331 -60.490845 -73.964222
6
-79.906799 -37.768239 -46.781017
-78.361517 -30.304426 -54.232042
-79.762144 -22.301744 -56.041348
-86.663272 -9.452913 -48.991017
-88.695588 -8.598596 -45.377934
-90.530925 -24.189057 -34.914769
5
-11.070661 93.197034 34.521779
-2.769047 92.680392 37.452333
1.897730 87.894526 47.654496
-17.665359 83.231022 52.540765
-14.610606 92.442302 35.227135
7
-8.139619 90.871321 -40.940807
-17.286462 87.342364 -45.524605
-25.361415 77.310462 -58.136831
-19.052436 77.044134 -60.837539
-1.902221 84.255899 -53.826806
-4.268028 90.371724 -42.599713
-5.702871 90.985863 -41.098054
5
-12.461818 27.422174 -95.355794
-6.355542 27.417961 -95.957608
2.236933 40.656964 -91.334591
-15.437182 50.877034 -84.694869
-19.691536 43.156173 -88.032881
7
-79.906799 -37.768239 -46.781017
-79.321728 -40.764760 -45.236023
-64.289160 -49.180102 -58.721559
-58.680166 -46.523787 -66.273489
-57.653736 -41.320447 -70.488775
-62.471101 -35.105243 -69.749433
-78.361517 -30.304426 -54.232042
6
-65.770467 -59.251879 46.513015
-55.253899 -65.084103 52.067900
-53.781201 -66.618072 51.668316
-51.746315 -78.615071 33.793336
-65.414575 -68.941919 31.111818
-69.139113 -62.314260 36.561129
5
88.877190 -28.074981 -36.230381
87.380868 -31.392888 -37.135839
85.329220 -37.064523 -36.676223
91.775681 -37.867429 -11.970053
94.838569 -28.143622 -14.614459
6
-18.312740 -95.990566 -21.223921
-20.610272 -90.285031 -37.733670
-21.571311 -89.877415 -38.167116
-32.795230 -89.741391 -29.511957
-33.176494 -91.667275 -22.280731
-32.319531 -92.385589 -20.502463
4
34.308393 -41.556441 84.237737
14.222222 -41.186870 90.007611
28.042648 -23.485895 93.069988
37.811437 -28.898115 87.949952
6
-95.327750 -29.772160 5.122351
-94.316540 -31.179105 11.500156
-92.456925 -34.267542 16.656905
-89.060933 -42.541639 16.073558
-86.289605 -50.160031 6.170518
-91.684940 -39.627019 -4.855004
6
37.336407 -48.613473 79.010904
34.308393 -41.556441 84.237737
37.811437 -28.898115 87.949952
52.006962 -26.501891 81.196833
53.276783 -30.854098 78.801073
38.117174 -49.246665 78.242233
5
-55.003445 53.077282 64.478083
-34.482524 64.517454 68.179570
-34.000160 53.278560 77.494414
-40.577413 43.719946 80.262319
-41.435803 43.695873 79.835737
6
-89.365640 -38.701546 -22.715032
-79.095965 -48.038130 -37.896785
-79.321728 -40.764760 -45.236023
-79.906799 -37.768239 -46.781017
-90.530925 -24.189057 -34.914769
-93.451021 -23.234390 -26.964232
10
-50.199291 -21.982679 83.646835
-58.577063 -10.493311 80.365528
-58.563270 -10.423018 80.384725
-58.372345 -10.163438 80.556650
-36.490923 0.519440 93.102861
-31.200777 -1.663902 94.993384
-30.613451 -2.544148 95.164825
-29.078892 -13.389186 94.737256
-31.715262 -17.851202 93.142239
-43.300078 -24.379463 86.779865
5
73.947818 67.157422 -4.647676
65.217552 75.761550 -2.618850
68.312782 70.493432 -19.079828
73.345895 65.381216 -18.592372
74.878180 64.495418 -15.283950
5
29.974579 -70.367997 64.419481
20.882545 -79.541875 56.894722
17.345272 -81.022282 55.986886
7.590723 -72.545918 68.406657
27.142519 -67.122088 68.977598
7
57.766492 18.064287 -79.603479
59.704330 23.764322 -76.620167
57.234821 30.419547 -76.150026
54.015078 33.132585 -77.360217
44.809700 31.257866 -83.755815
45.284327 10.744019 -88.509298
48.413186 11.400955 -86.753568
6
84.583164 -53.059537 5.511245
83.924949 -53.418032 -10.154641
78.830406 -60.822761 -9.292951
72.644232 -68.237571 8.151652
72.820054 -67.607347 11.246613
80.522369 -58.440637 10.041920
4
-59.388151 -9.247102 -79.922079
-71.986844 -13.478941 -68.089738
-63.619445 -25.609738 -72.778482
-57.378609 -11.237398 -81.125927
6
1.138795 -42.888298 90.328827
13.461974 -41.678890 89.897972
21.372358 -49.969893 83.941837
22.397614 -60.643605 76.293513
1.107333 -60.256629 79.799201
0.603807 -59.370009 80.466374
5
78.224522 -52.074705 34.192824
76.808442 -54.372021 33.825236
66.786314 -58.150500 46.455437
73.342856 -43.879628 51.917278
80.913120 -39.402425 43.594907
5
-95.902474 28.287153 -1.597626
-86.612949 49.958182 -1.541793
-87.252662 47.886580 9.687539
-89.186990 42.714804 14.870317
-96.330437 26.235237 5.670904
6
70.848866 -66.693883 23.073019
72.005778 -68.197150 12.818606
57.855449 -80.507504 13.087734
47.418753 -86.221545 17.813114
47.815535 -85.316365 20.851679
61.743541 -70.916555 34.037880
4
15.356034 -83.462020 -52.898803
2.973791 -77.943836 -62.577273
-6.738303 -81.585845 -57.431221
3.290689 -87.530226 -48.245528
7
38.972150 92.064735 2.292616
29.525590 93.883217 -17.725154
33.096539 91.551819 -22.866647
48.044847 82.330794 -30.221399
52.653977 80.874359 -26.208717
51.776110 85.534138 -1.773573
47.921380 87.765206 0.900031
7
14.827353 53.865905 -82.937409
8.733589 40.600768 -90.968687
14.294330 31.447180 -93.844270
19.872208 29.814820 -93.360441
23.916496 31.291373 -91.917633
28.962887 47.080280 -83.334257
20.559744 53.868295 -81.703756
7
15.356034 -83.462020 -52.898803
3.290689 -87.530226 -48.245528
2.961610 -88.284238 -46.873470
9.718021 -93.295601 -34.662530
23.883319 -88.020417 -41.012110
24.795629 -85.779301 -45.023197
18.338421 -83.215213 -52.334793
5
90.885135 25.670355 32.877424
85.806188 34.141844 38.361863
82.432855 43.906601 35.735624
90.462649 36.440372 22.104490
92.712996 26.696214 26.298525
5
-17.517591 -75.238441 63.500481
-10.095712 -76.351713 63.784736
-9.441777 -86.641163 49.032251
-17.443162 -87.438381 45.279860
-23.378309 -77.094605 59.244211
5
-30.128263 -39.182650 86.931052
-39.984743 -52.882634 74.864193
-51.528351 -47.187404 71.541443
-50.199291 -21.982679 83.646835
-43.300078 -24.379463 86.779865
7
28.334649 -17.400665 -94.309939
32.635934 -25.880885 -90.912461
47.135805 -16.523004 -86.632594
48.317147 -10.352774 -86.938331
39.556264 5.367089 -91.686948
37.583639 4.824316 -92.542941
32.531627 0.154408 -94.560401
6
52.648392 80.836021 26.337893
62.014499 71.669171 31.901910
51.131149 74.117444 43.499541
42.792945 77.420022 46.635867
34.049368 84.260058 41.723893
32.338994 89.446294 30.879603
7
18.338421 -83.215213 -52.334793
23.891386 -66.593210 -70.672102
15.763311 -64.900075 -74.427806
12.010877 -65.207557 -74.857954
7.076979 -69.162220 -71.878395
2.973791 -77.943836 -62.577273
15.356034 -83.462020 -52.898803
6
-57.653736 -41.320447 -70.488775
-58.680166 -46.523787 -66.273489
-52.987418 -57.385564 -62.443819
-42.936261 -56.989131 -70.062232
-43.856753 -42.647510 -79.106100
-44.068594 -42.385359 -79.129263
6
1.673003 32.268839 94.635739
0.598904 33.635367 94.171670
12.945330 58.173736 80.300902
15.449566 56.603272 80.977654
15.808936 56.235552 81.164279
17.018295 36.838931 91.396230
5
-12.681233 99.191345 -0.513286
-25.686608 96.207749 -9.179722
-24.223627 95.815997 -15.248302
-17.053839 96.674151 -19.059775
-7.331450 98.463384 -15.849662
4
77.777643 19.427462 -59.776349
71.017515 25.962477 -65.440526
65.883871 22.362614 -71.827773
73.463282 5.206153 -67.646450
4
-15.378328 -17.805106 97.193031
-29.078892 -13.389186 94.737256
-30.613451 -2.544148 95.164825
-12.808651 -4.773286 99.061366
5
-31.398818 -93.032304 18.950057
-48.739403 -81.393901 31.614924
-46.085194 -82.052194 33.817043
-32.068867 -86.029124 39.630513
-26.938386 -91.418341 30.282179
6
-44.068594 -42.385359 -79.129263
-40.868439 -28.208484 -86.798918
-50.314190 -22.148290 -83.534038
-62.340409 -30.440943 -72.020986
-62.471101 -35.105243 -69.749433
-57.653736 -41.320447 -70.488775
8
90.371144 -7.049361 42.229880
82.352668 -24.920537 50.960818
77.223703 -21.270985 59.866892
75.117570 -17.447971 63.662540
74.945360 -16.626778 64.083877
76.112843 -7.235106 64.455320
84.052484 1.644937 54.152323
89.869102 -3.419638 43.724714
7
37.583639 4.824316 -92.542941
39.556264 5.367089 -91.686948
40.853627 7.509141 -90.964795
31.635118 27.696946 -90.730913
23.916496 31.291373 -91.917633
19.872208 29.814820 -93.360441
20.819175 15.592286 -96.557975
9
-72.575933 66.022047 19.334511
-73.774497 63.995176 21.492812
-76.511925 60.637023 21.658182
-87.252662 47.886580 9.687539
-86.612949 49.958182 -1.541793
-86.278019 50.481310 -2.782211
-80.064872 59.583827 -6.275662
-78.721465 61.460173 -5.057472
-75.488205 65.564547 1.679609
5
-10.701159 -83.986830 -53.213697
-7.013698 -81.573524 -57.415749
-16.507059 -73.999643 -65.204063
-23.589157 -78.926682 -56.693303
-21.362605 -83.545491 -50.633882
7
-7.331450 98.463384 -15.849662
-17.053839 96.674151 -19.059775
-18.566302 93.433476 -30.421671
-8.139619 90.871321 -40.940807
-5.702871 90.985863 -41.098054
0.527023 95.533367 -29.548231
-6.491566 98.478263 -16.121142
5
94.852535 22.870979 21.906960
95.473276 29.000362 6.620624
98.620298 12.336200 11.038797
98.533388 12.207188 11.922917
95.585383 19.608352 21.884860
7
20.559744 53.868295 -81.703756
28.962887 47.080280 -83.334257
35.706435 45.979555 -81.307632
42.025167 49.006371 -76.369241
43.340681 62.435687 -64.987463
38.131283 65.264691 -65.471561
26.115850 63.987926 -72.273838
5
41.856315 5.642236 90.643334
40.644296 29.634822 86.428112
43.628665 29.998289 84.833026
62.585187 14.585644 76.618232
52.830243 1.395750 84.894153
5
-7.715411 -96.014723 26.863457
-1.452172 -94.101446 33.805458
11.480438 -93.591604 33.298817
17.152285 -93.860585 29.933088
1.605356 -98.479420 17.298171
6
14.294330 31.447180 -93.844270
2.854579 23.015087 -97.273620
4.395180 15.220957 -98.737049
11.988925 11.276086 -98.636279
20.819175 15.592286 -96.557975
19.872208 29.814820 -93.360441
6
91.190057 -29.376022 28.660474
92.640280 -11.223947 35.941641
94.639255 -9.234282 30.953828
98.614500 -14.705526 7.676451
97.030675 -21.580803 10.923235
91.874881 -30.008468 25.661218
7
93.480136 -1.769430 -35.472995
95.768244 -8.667164 -27.446741
96.716283 -8.518405 -23.945717
99.697315 1.163560 -7.687100
98.340003 13.625358 -11.983046
97.689508 15.737821 -14.459632
92.647094 13.237984 -35.231688
5
-91.210501 -33.577924 23.519515
-92.542622 -20.548669 31.837325
-83.953701 -26.671084 47.333174
-82.105969 -39.809112 40.912644
-85.155008 -40.111561 33.759256
5
-86.373025 23.615152 -44.519941
-76.397015 34.214405 -54.707135
-78.143317 43.765736 -44.476762
-86.112064 40.664307 -30.514366
-86.339789 40.389539 -30.234516
6
-29.418380 18.832115 -93.701176
-14.698877 24.040015 -95.948010
-12.461818 27.422174 -95.355794
-19.691536 43.156173 -88.032881
-43.019017 31.390965 -84.640248
-38.122398 22.643950 -89.632217
7
70.848866 -66.693883 23.073019
61.743541 -70.916555 34.037880
57.310961 -70.038248 42.545241
57.331383 -69.211004 43.851447
63.058136 -61.163802 47.777201
66.786314 -58.150500 46.455437
76.808442 -54.372021 33.825236
6
95.768244 -8.667164 -27.446741
89.704698 -24.937305 -36.485585
88.877190 -28.074981 -36.230381
94.838569 -28.143622 -14.614459
94.944247 -27.824077 -14.539970
96.716283 -8.518405 -23.945717
7
-99.085082 -13.483015 -0.595760
-95.327750 -29.772160 5.122351
-91.684940 -39.627019 -4.855004
-91.003210 -40.590690 -8.414960
-91.052480 -40.344899 -9.040744
-96.995520 -15.117994 -19.060832
-97.102489 -14.798741 -18.764430
5
-58.957433 -10.704489 80.058947
-69.100402 -33.104633 64.258989
-82.462833 -23.011696 51.675362
-82.952333 -15.909755 53.533075
-80.313842 -8.806173 58.924851
8
-64.336621 53.122182 55.125612
-66.104231 54.019030 52.078546
-67.714147 56.732365 46.863985
-63.446123 65.887884 40.415050
-53.326494 71.605175 45.044245
-48.299285 72.256740 49.458493
-48.079028 71.310909 51.021185
-55.750091 52.972309 63.920746
7
85.484947 20.512911 -47.660720
84.086035 22.941987 -49.022484
77.777643 19.427462 -59.776349
73.463282 5.206153 -67.646450
72.648921 -0.959473 -68.711088
73.014485 -1.450622 -68.313839
84.769639 -0.952083 -53.039626
7
57.741927 -67.307340 -46.212464
57.689255 -67.345154 -46.223156
46.809107 -81.958476 -33.041122
46.744889 -82.619936 -31.446168
56.620895 -78.475039 -25.213936
67.799257 -65.806661 -32.752772
64.897147 -65.285098 -39.066817
5
36.625283 -68.209741 -63.293126
29.146985 -83.798751 -46.132663
37.132337 -81.391803 -44.682928
47.994746 -70.355148 -52.408563
39.962804 -67.979553 -61.495972
6
80.653226 -25.409969 -53.379684
75.523969 -29.849924 -58.353339
76.123100 -43.551586 -48.047195
83.390053 -40.390896 -37.612161
85.329220 -37.064523 -36.676223
87.380868 -31.392888 -37.135839
8
-51.528351 -47.187404 71.541443
-55.313440 -47.485315 68.451211
-63.881082 -42.765252 63.955770
-66.071917 -40.034650 63.495894
-69.100402 -33.104633 64.258989
-58.957433 -10.704489 80.058947
-58.577063 -10.493311 80.365528
-50.199291 -21.982679 83.646835
4
-32.657463 -48.428973 -81.167263
-15.401553 -53.805936 -82.871669
-14.850786 -35.625990 -92.250978
-16.589204 -34.527870 -92.372206
6
-5.019180 76.098049 64.683033
6.326816 83.723312 54.317386
17.557262 81.609449 55.060334
17.671059 77.188919 61.070488
0.159029 69.370132 72.026102
-0.814616 69.821626 71.584055
7
52.653977 80.874359 -26.208717
56.810179 77.784685 -26.872780
58.831914 76.464788 -26.304791
68.312782 70.493432 -19.079828
65.217552 75.761550 -2.618850
61.173149 79.097958 1.165741
51.776110 85.534138 -1.773573
7
-76.118843 -63.211391 14.499719
-71.663371 -68.098355 15.065702
-69.543435 -70.682653 12.948872
-68.864124 -72.504433 0.916276
-78.559943 -60.969392 -10.538912
-80.775200 -58.417602 7.921544
-79.015014 -60.061939 12.214378
6
38.987467 69.950242 59.891076
42.792945 77.420022 46.635867
51.131149 74.117444 43.499541
53.053655 62.788873 56.946178
48.098723 61.871659 62.116105
46.784260 62.179893 62.808391
6
-18.907397 81.708372 54.463311
-17.665359 83.231022 52.540765
1.897730 87.894526 47.654496
2.884808 87.690463 47.979793
6.326816 83.723312 54.317386
-5.019180 76.098049 64.683033
4
-98.352394 16.222694 -7.976888
-94.639956 22.068403 -23.585258
-91.492848 33.453172 -22.581940
-96.070966 27.608046 -2.857506
7
57.331383 -69.211004 43.851447
57.310961 -70.038248 42.545241
42.934948 -81.823805 38.228983
35.748603 -83.433493 41.962955
35.496902 -82.355526 44.244066
39.003738 -70.831904 58.834937
45.126263 -67.612926 58.241846
5
78.830406 -60.822761 -9.292951
71.706638 -65.692109 -23.296026
69.910513 -68.959720 -18.896484
69.224138 -72.165664 -0.368267
72.644232 -68.237571 8.151652
6
-89.186990 42.714804 14.870317
-87.252662 47.886580 9.687539
-76.511925 60.637023 21.658182
-78.283144 49.957725 37.094139
-83.384335 41.921226 35.911884
-89.293372 42.004246 16.196819
6
-50.415778 -73.848199 -44.773797
-36.395511 -82.949584 -42.364292
-32.983111 -83.165788 -44.671759
-34.018292 -76.101496 -55.238738
-38.188810 -70.317548 -59.975472
-41.402357 -69.884443 -58.326748
5
-4.065102 -94.047648 -33.741886
-16.901124 -96.466024 -20.215297
-13.256429 -98.095486 -14.196571
1.003716 -97.895055 -20.385060
5.609632 -95.119280 -30.345587
5
-17.286462 87.342364 -45.524605
-8.139619 90.871321 -40.940807
-18.566302 93.433476 -30.421671
-25.476497 91.563368 -31.098196
-31.123138 87.381425 -37.360900
6
14.322662 -28.787725 -94.689642
23.710764 -33.703007 -91.114801
31.231628 -30.218440 -90.063485
32.635934 -25.880885 -90.912461
28.334649 -17.400665 -94.309939
12.067552 -15.381626 -98.070280
7
85.584309 -46.789188 22.047628
78.224522 -52.074705 34.192824
80.913120 -39.402425 43.594907
83.317649 -34.913233 42.886309
91.190057 -29.376022 28.660474
91.874881 -30.008468 25.661218
89.105367 -40.205550 21.065312
5
-2.769047 92.680392 37.452333
4.986414 93.503564 35.102981
12.170181 90.193469 41.436998
2.884808 87.690463 47.979793
1.897730 87.894526 47.654496
6
-69.827490 -67.721388 -23.193431
-61.828325 -77.160302 -14.951457
-52.182973 -83.700178 -16.468683
-47.988995 -83.368086 -27.327981
-47.971794 -83.158102 -27.989946
-55.693598 -73.576263 -38.532540
6
-13.371606 -98.767680 -8.132989
-1.742099 -99.933916 3.190227
13.110049 -99.119374 -1.864472
14.636454 -98.835905 -4.151878
1.003716 -97.895055 -20.385060
-13.256429 -98.095486 -14.196571
6
53.299637 40.698672 74.180636
42.553276 55.745072 71.286083
46.784260 62.179893 62.808391
48.098723 61.871659 62.116105
60.924896 45.120509 65.209637
61.017765 41.394241 67.552566
10
97.030675 -21.580803 10.923235
98.614500 -14.705526 7.676451
98.742814 -14.081628 7.180834
98.868715 -13.622151 6.278069
94.944247 -27.824077 -14.539970
94.838569 -28.143622 -14.614459
91.775681 -37.867429 -11.970053
91.425939 -38.989393 -11.005678
91.868130 -39.200396 -4.855479
93.578109 -35.148993 2.772335
5
34.605748 70.848691 61.505327
25.824082 82.554402 50.178556
34.049368 84.260058 41.723893
42.792945 77.420022 46.635867
38.987467 69.950242 59.891076
5
83.317649 -34.913233 42.886309
82.352668 -24.920537 50.960818
90.371144 -7.049361 42.229880
92.640280 -11.223947 35.941641
91.190057 -29.376022 28.660474
6
61.855159 64.997139 -44.151005
56.810179 77.784685 -26.872780
52.653977 80.874359 -26.208717
48.044847 82.330794 -30.221399
45.834403 81.683341 -35.029122
57.289467 65.699035 -49.005651
6
-41.638434 -1.837272 -90.900304
-37.645459 -4.487795 -92.534745
-23.628724 -0.554525 -97.166743
-29.418380 18.832115 -93.701176
-38.122398 22.643950 -89.632217
-43.137076 1.800165 -90.199513
4
70.922645 29.939025 63.825020
83.617707 16.865644 52.188400
83.350759 8.481836 54.595873
66.873188 15.908421 72.628499
5
74.878180 64.495418 -15.283950
73.345895 65.381216 -18.592372
76.858636 55.403845 -31.986936
84.328880 48.103973 -23.971811
83.422596 54.322411 -9.473449
4
53.053655 62.788873 56.946178
65.889305 56.554403 49.600393
60.924896 45.120509 65.209637
48.098723 61.871659 62.116105
7
91.959807 38.927661 5.294437
95.280401 29.773618 5.931012
95.473276 29.000362 6.620624
94.852535 22.870979 21.906960
92.712996 26.696214 26.298525
90.462649 36.440372 22.104490
91.303128 39.897426 8.481407
5
-60.933221 34.919247 71.188403
-50.347580 35.239507 78.887885
-48.722447 28.961912 82.385258
-56.887449 21.031743 79.507761
-67.005333 25.321350 69.779041
4
-24.325844 -96.245261 12.045877
-26.891881 -95.026999 15.706565
-13.897678 -95.869768 24.816165
-7.743057 -99.208871 9.881551
6
-27.324839 94.880557 15.844024
-27.751448 94.459932 17.526505
-50.448178 83.103085 23.427731
-53.107605 83.365374 15.159051
-49.261949 86.875929 5.082650
-35.082533 93.606143 2.665694
4
89.743162 -42.743314 10.916689
93.578109 -35.148993 2.772335
91.868130 -39.200396 -4.855479
84.928704 -52.511320 5.447616
7
83.617707 16.865644 52.188400
85.166953 18.992858 48.845281
91.296218 16.526227 37.307966
93.602120 9.164191 33.980300
89.869102 -3.419638 43.724714
84.052484 1.644937 54.152323
83.350759 8.481836 54.595873
6
-50.817336 82.540136 24.591142
-57.013948 77.750300 26.538661
-68.467506 70.813037 17.254401
-64.175356 76.257656 8.142086
-53.107605 83.365374 15.159051
-50.448178 83.103085 23.427731
5
94.944247 -27.824077 -14.539970
98.868715 -13.622151 6.278069
99.826400 0.364022 -5.878551
99.697315 1.163560 -7.687100
96.716283 -8.518405 -23.945717
5
87.892880 -18.842727 -43.815445
88.331970 -3.843688 -46.719259
85.756262 -2.466297 -51.378799
82.862741 -17.473861 -53.182990
82.994081 -18.357042 -52.678284
7
39.962804 -67.979553 -61.495972
57.691086 -46.966945 -66.826976
56.549606 -44.060276 -69.719682
44.159592 -44.087390 -78.142386
40.479450 -47.769128 -77.971306
28.770295 -65.509995 -69.862083
36.625283 -68.209741 -63.293126
6
-10.562692 -90.672655 -40.827676
-10.701159 -83.986830 -53.213697
-21.362605 -83.545491 -50.633882
-26.517031 -85.775264 -44.039201
-21.571311 -89.877415 -38.167116
-20.610272 -90.285031 -37.733670
6
-56.682840 -11.518409 -81.574395
-50.314190 -22.148290 -83.534038
-40.868439 -28.208484 -86.798918
-36.921719 -25.695741 -89.311340
-37.645459 -4.487795 -92.534745
-41.638434 -1.837272 -90.900304
6
34.602140 93.614837 6.241337
10.591314 99.428677 -1.327512
9.962235 99.311218 -6.167328
17.752488 96.511848 -19.243504
29.525590 93.883217 -17.725154
38.972150 92.064735 2.292616
6
98.620298 12.336200 11.038797
95.473276 29.000362 6.620624
95.280401 29.773618 5.931012
98.340003 13.625358 -11.983046
99.697315 1.163560 -7.687100
99.826400 0.364022 -5.878551
7
-63.670312 41.876019 -64.749444
-76.141223 34.039298 -55.171010
-75.892714 25.044269 -60.108905
-73.373036 20.446603 -64.794552
-70.361751 19.073273 -68.450231
-55.323078 27.662071 -78.575867
-54.732043 28.488107 -78.694544
6
7.906447 57.659456 -81.319587
-15.332377 51.722659 -84.200266
-15.437182 50.877034 -84.694869
2.236933 40.656964 -91.334591
8.733589 40.600768 -90.968687
14.827353 53.865905 -82.937409
5
13.666860 -3.237809 -99.008755
32.531627 0.154408 -94.560401
37.583639 4.824316 -92.542941
20.819175 15.592286 -96.557975
11.988925 11.276086 -98.636279
7
42.156911 -88.648671 -19.084232
39.253034 -91.972038 -0.586225
40.319186 -91.506256 0.984049
55.174860 -83.205570 -5.706831
57.160599 -81.622361 -8.393812
56.854113 -81.380022 -12.037515
43.473995 -87.805329 -20.005897
6
-65.414575 -68.941919 31.111818
-71.663371 -68.098355 15.065702
-76.118843 -63.211391 14.499719
-75.882113 -56.682823 32.077446
-75.653851 -56.687530 32.603968
-69.139113 -62.314260 36.561129
6
-31.620132 23.019887 92.033972
-37.232008 21.813119 90.210673
-39.313922 25.589744 88.315234
-38.266224 41.428918 82.579301
-17.281255 40.806203 89.644922
-22.685044 30.521680 92.486841
7
-14.610606 92.442302 35.227135
-25.286246 93.315210 25.551465
-27.751448 94.459932 17.526505
-27.324839 94.880557 15.844024
-11.344652 99.011914 8.242555
-4.105503 96.642360 25.365315
-11.070661 93.197034 34.521779
5
40.139056 80.733060 -43.255395
51.382025 62.497901 -58.769888
57.289467 65.699035 -49.005651
45.834403 81.683341 -35.029122
41.250020 81.558406 -40.579087
4
-75.488205 65.564547 1.679609
-78.721465 61.460173 -5.057472
-60.946612 78.975454 -6.956160
-64.362354 76.192838 7.220717
5
-90.530925 -24.189057 -34.914769
-88.695588 -8.598596 -45.377934
-90.148490 -6.422310 -42.801913
-96.227696 -16.560554 -21.586538
-93.451021 -23.234390 -26.964232
5
73.629840 -13.390484 -66.327532
82.862741 -17.473861 -53.182990
85.756262 -2.466297 -51.378799
84.769639 -0.952083 -53.039626
73.014485 -1.450622 -68.313839
7
-86.339789 40.389539 -30.234516
-86.112064 40.664307 -30.514366
-78.726664 54.857936 -28.155270
-77.112809 61.931988 -14.766297
-80.064872 59.583827 -6.275662
-86.278019 50.481310 -2.782211
-89.724815 37.504817 -23.299062
8
-43.856753 -42.647510 -79.106100
-32.810464 -48.445986 -81.095375
-32.657463 -48.428973 -81.167263
-16.589204 -34.527870 -92.372206
-21.236682 -28.530792 -93.461207
-36.921719 -25.695741 -89.311340
-40.868439 -28.208484 -86.798918
-44.068594 -42.385359 -79.129263
5
-21.362605 -83.545491 -50.633882
-23.589157 -78.926682 -56.693303
-34.018292 -76.101496 -55.238738
-32.983111 -83.165788 -44.671759
-26.517031 -85.775264 -44.039201
6
-94.827256 -13.131931 28.902317
-92.542622 -20.548669 31.837325
-91.210501 -33.577924 23.519515
-92.456925 -34.267542 16.656905
-94.316540 -31.179105 11.500156
-95.974297 -10.370782 26.103278
4
-79.578633 -42.982998 42.657978
-66.071917 -40.034650 63.495894
-63.881082 -42.765252 63.955770
-68.486384 -54.246818 48.650776
5
46.242327 -83.118339 -30.870518
29.410677 -89.640771 -33.159376
33.285338 -91.746539 -21.786670
42.156911 -88.648671 -19.084232
43.473995 -87.805329 -20.005897
5
84.254402 28.729148 45.561297
85.806188 34.141844 38.361863
90.885135 25.670355 32.877424
91.296218 16.526227 37.307966
85.166953 18.992858 48.845281
6
-88.554615 15.614447 -43.752363
-85.556884 13.546163 -49.965199
-75.892714 25.044269 -60.108905
-76.141223 34.039298 -55.171010
-76.397015 34.214405 -54.707135
-86.373025 23.615152 -44.519941
7
44.159592 -44.087390 -78.142386
43.953046 -43.556764 -78.555318
31.231628 -30.218440 -90.063485
23.710764 -33.703007 -91.114801
19.174726 -43.146812 -88.151475
21.097934 -47.087596 -85.659999
40.479450 -47.769128 -77.971306
7
-80.313842 -8.806173 58.924851
-82.952333 -15.909755 53.533075
-88.912951 -9.342563 44.801826
-91.085411 1.126944 41.257460
-90.419184 5.513858 42.355265
-87.964769 9.081366 46.687560
-81.692289 3.054030 57.593774
7
-55.750091 52.972309 63.920746
-55.685692 52.929195 64.012530
-60.933221 34.919247 71.188403
-67.005333 25.321350 69.779041
-70.771436 22.666238 66.915211
-74.700191 27.003548 60.751049
-64.336621 53.122182 55.125612
7
72.229468 -18.909279 -66.523253
73.974775 -28.932205 -60.750803
75.523969 -29.849924 -58.353339
80.653226 -25.409969 -53.379684
82.994081 -18.357042 -52.678284
82.862741 -17.473861 -53.182990
73.629840 -13.390484 -66.327532
7
91.418639 15.854596 -37.299653
91.553061 27.991055 -28.888370
86.229320 34.900770 -36.693877
84.571164 34.313025 -40.869726
83.992887 23.483453 -48.925683
84.086035 22.941987 -49.022484
85.484947 20.512911 -47.660720
6
-89.724815 37.504817 -23.299062
-86.278019 50.481310 -2.782211
-86.612949 49.958182 -1.541793
-95.902474 28.287153 -1.597626
-96.070966 27.608046 -2.857506
-91.492848 33.453172 -22.581940
7
53.276783 -30.854098 78.801073
52.006962 -26.501891 81.196833
54.477613 -19.887312 81.465849
74.945360 -16.626778 64.083877
75.117570 -17.447971 63.662540
61.601675 -36.184413 69.970864
58.691268 -37.241362 71.891696
6
7.590723 -72.545918 68.406657
0.970959 -71.180386 70.231118
1.107333 -60.256629 79.799201
22.397614 -60.643605 76.293513
27.228955 -63.439142 72.346798
27.142519 -67.122088 68.977598
7
54.138349 -16.419752 82.458662
54.477613 -19.887312 81.465849
52.006962 -26.501891 81.196833
37.811437 -28.898115 87.949952
28.042648 -23.485895 93.069988
26.550412 -17.846037 94.744892
32.142300 -7.164490 94.422151
6
63.137411 70.826992 31.578544
66.029327 74.400499 10.231997
78.365167 61.689403 7.301934
79.315274 56.146264 23.594160
73.937928 56.611143 36.446691
73.794389 56.758109 36.508974
6
84.928704 -52.511320 5.447616
91.868130 -39.200396 -4.855479
91.425939 -38.989393 -11.005678
85.877329 -49.108727 -14.608805
83.924949 -53.418032 -10.154641
84.583164 -53.059537 5.511245
6
70.919159 -0.828235 70.496715
65.843449 14.478872 73.857989
66.873188 15.908421 72.628499
83.350759 8.481836 54.595873
84.052484 1.644937 54.152323
76.112843 -7.235106 64.455320
5
-1.961776 -36.716404 -92.994931
3.417123 -44.660953 -89.407620
19.174726 -43.146812 -88.151475
23.710764 -33.703007 -91.114801
14.322662 -28.787725 -94.689642
6
73.937928 56.611143 36.446691
79.315274 56.146264 23.594160
91.303128 39.897426 8.481407
90.462649 36.440372 22.104490
82.432855 43.906601 35.735624
75.619768 53.625939 37.495458
6
13.455753 88.765436 -44.041346
16.300624 87.232950 -46.094491
19.677212 86.646770 -45.881855
26.358248 89.562680 -35.829723
26.104934 89.938669 -35.065198
15.602106 94.293088 -29.417476
6
-85.155008 -40.111561 33.759256
-82.105969 -39.809112 40.912644
-80.228643 -42.488878 41.929227
-75.653851 -56.687530 32.603968
-75.882113 -56.682823 32.077446
-83.392428 -49.633766 24.128658
7
27.142519 -67.122088 68.977598
27.228955 -63.439142 72.346798
38.819191 -52.182744 75.960725
50.740448 -54.576080 66.684769
45.126263 -67.612926 58.241846
39.003738 -70.831904 58.834937
29.974579 -70.367997 64.419481
6
73.345895 65.381216 -18.592372
68.312782 70.493432 -19.079828
58.831914 76.464788 -26.304791
73.355912 57.554789 -36.143554
76.286920 55.442002 -33.263948
76.858636 55.403845 -31.986936
7
-71.609882 18.629709 67.267814
-70.771436 22.666238 66.915211
-67.005333 25.321350 69.779041
-56.887449 21.031743 79.507761
-52.173239 13.868583 84.176098
-58.372345 -10.163438 80.556650
-58.563270 -10.423018 80.384725
6
-12.461818 27.422174 -95.355794
-14.698877 24.040015 -95.948010
-10.474734 1.333998 -99.440939
4.395180 15.220957 -98.737049
2.854579 23.015087 -97.273620
-6.355542 27.417961 -95.957608
7
84.818583 52.918417 -2.334335
91.273723 40.793360 2.238116
91.959807 38.927661 5.294437
91.303128 39.897426 8.481407
79.315274 56.146264 23.594160
78.365167 61.689403 7.301934
79.432705 60.640977 3.621788
7
26.115850 63.987926 -72.273838
17.818059 71.182257 -67.938229
13.122011 72.352346 -67.771312
6.944901 61.952773 -78.189655
7.906447 57.659456 -81.319587
14.827353 53.865905 -82.937409
20.559744 53.868295 -81.703756
7
-79.762144 -22.301744 -56.041348
-78.361517 -30.304426 -54.232042
-62.471101 -35.105243 -69.749433
-62.340409 -30.440943 -72.020986
-63.619445 -25.609738 -72.778482
-71.986844 -13.478941 -68.089738
-72.818456 -13.139476 -67.266832
6
-25.286246 93.315210 25.551465
-37.419611 83.336587 40.679060
-48.373862 82.155092 30.174665
-50.817336 82.540136 24.591142
-50.448178 83.103085 23.427731
-27.751448 94.459932 17.526505
6
-89.293372 42.004246 16.196819
-94.906551 19.900091 24.428117
-96.525640 14.803726 21.532545
-98.178116 13.951246 12.900401
-96.330437 26.235237 5.670904
-89.186990 42.714804 14.870317
5
-54.638746 -72.553159 -41.840727
-50.415778 -73.848199 -44.773797
-41.402357 -69.884443 -58.326748
-52.997275 -60.406725 -59.517363
-61.011912 -61.997344 -49.334328
6
-39.313922 25.589744 88.315234
-37.232008 21.813119 90.210673
-39.204013 18.524587 90.110405
-52.173239 13.868583 84.176098
-56.887449 21.031743 79.507761
-48.722447 28.961912 82.385258
7
-48.079028 71.310909 51.021185
-32.492552 67.078831 66.668317
-32.570231 66.509505 67.198704
-34.482524 64.517454 68.179570
-55.003445 53.077282 64.478083
-55.685692 52.929195 64.012530
-55.750091 52.972309 63.920746
7
-64.175356 76.257656 8.142086
-64.362354 76.192838 7.220717
-60.946612 78.975454 -6.956160
-58.414490 80.568246 -9.823702
-57.354071 81.395946 -9.230952
-49.261949 86.875929 5.082650
-53.107605 83.365374 15.159051
5
-72.575933 66.022047 19.334511
-75.488205 65.564547 1.679609
-64.362354 76.192838 7.220717
-64.175356 76.257656 8.142086
-68.467506 70.813037 17.254401
7
79.493347 43.537691 -42.252540
76.286920 55.442002 -33.263948
73.355912 57.554789 -36.143554
70.459571 58.427367 -40.270232
66.340116 45.914393 -59.083479
68.137838 43.056434 -59.189344
69.104172 42.555819 -58.426156
6
-54.173744 60.993289 -57.836184
-53.252184 62.338612 -57.254714
-68.965122 63.688843 -34.460748
-71.602573 60.314915 -35.145165
-73.715374 50.231919 -45.197323
-57.027164 58.170325 -58.000998
7
71.594013 -64.066235 -27.745537
80.567765 -52.532383 -27.371226
83.390053 -40.390896 -37.612161
76.123100 -43.551586 -48.047195
75.675861 -44.044368 -48.303807
64.897147 -65.285098 -39.066817
67.799257 -65.806661 -32.752772
6
-38.266224 41.428918 82.579301
-39.313922 25.589744 88.315234
-48.722447 28.961912 82.385258
-50.347580 35.239507 78.887885
-41.435803 43.695873 79.835737
-40.577413 43.719946 80.262319
6
89.704698 -24.937305 -36.485585
87.892880 -18.842727 -43.815445
82.994081 -18.357042 -52.678284
80.653226 -25.409969 -53.379684
87.380868 -31.392888 -37.135839
88.877190 -28.074981 -36.230381
5
21.097934 -47.087596 -85.659999
15.763311 -64.900075 -74.427806
23.891386 -66.593210 -70.672102
28.770295 -65.509995 -69.862083
40.479450 -47.769128 -77.971306
7
-6.491566 98.478263 -16.121142
9.962235 99.311218 -6.167328
10.591314 99.428677 -1.327512
4.678728 99.673604 6.578925
-11.209917 99.038765 8.103135
-12.681233 99.191345 -0.513286
-7.331450 98.463384 -15.849662
5
3.686361 -86.859155 49.415563
11.480438 -93.591604 33.298817
-1.452172 -94.101446 33.805458
-5.861151 -92.120785 38.463072
-4.090183 -88.228412 46.893686
4
39.003738 -70.831904 58.834937
35.496902 -82.355526 44.244066
20.882545 -79.541875 56.894722
29.974579 -70.367997 64.419481
7
-10.562692 -90.672655 -40.827676
-8.847914 -91.150776 -40.165289
2.961610 -88.284238 -46.873470
3.290689 -87.530226 -48.245528
-6.738303 -81.585845 -57.431221
-7.013698 -81.573524 -57.415749
-10.701159 -83.986830 -53.213697
7
-15.563810 42.050097 89.384323
-17.281255 40.806203 89.644922
-38.266224 41.428918 82.579301
-40.577413 43.719946 80.262319
-34.000160 53.278560 77.494414
-18.799469 50.773031 84.075438
-15.269497 44.802015 88.088716
7
35.152072 70.303051 -61.820813
38.131283 65.264691 -65.471561
43.340681 62.435687 -64.987463
51.248738 62.167821 -59.234524
51.382025 62.497901 -58.769888
40.139056 80.733060 -43.255395
33.807127 80.255241 -49.154597
5
-15.378328 -17.805106 97.193031
-12.808651 -4.773286 99.061366
-12.803607 -4.769171 99.062216
5.641934 -13.941743 98.862513
-14.888709 -18.644832 97.111774
6
-47.971794 -83.158102 -27.989946
-38.586792 -84.991061 -35.882851
-36.395511 -82.949584 -42.364292
-50.415778 -73.848199 -44.773797
-54.638746 -72.553159 -41.840727
-55.693598 -73.576263 -38.532540
7
-36.786752 -63.722648 -67.721186
-42.936261 -56.989131 -70.062232
-52.987418 -57.385564 -62.443819
-52.997275 -60.406725 -59.517363
-41.402357 -69.884443 -58.326748
-38.188810 -70.317548 -59.975472
-37.116517 -69.438878 -61.649058
5
-97.396915 -1.698819 -22.604312
-91.996328 0.522817 -39.196969
-90.822455 13.164123 -39.723892
-94.707947 18.744549 -26.058524
-97.730613 2.481732 -21.037309
6
80.567765 -52.532383 -27.371226
71.594013 -64.066235 -27.745537
71.706638 -65.692109 -23.296026
78.830406 -60.822761 -9.292951
83.924949 -53.418032 -10.154641
85.877329 -49.108727 -14.608805
8
72.648921 -0.959473 -68.711088
71.448754 -0.885527 -69.959213
65.934702 -3.027677 -75.122888
61.065989 -7.695871 -78.814457
60.816552 -25.055356 -75.323145
72.229468 -18.909279 -66.523253
73.629840 -13.390484 -66.327532
73.014485 -1.450622 -68.313839
4
-34.641614 85.814718 -37.891855
-39.699958 88.744151 -23.417706
-49.645091 82.768074 -26.168890
-42.322968 77.408699 -47.081416
5
75.619768 53.625939 37.495458
82.432855 43.906601 35.735624
85.806188 34.141844 38.361863
84.254402 28.729148 45.561297
74.739846 36.173131 55.726655
7
46.784260 62.179893 62.808391
42.553276 55.745072 71.286083
40.297806 55.648362 72.659112
33.785167 59.765517 72.709321
28.913089 69.901324 65.405185
34.605748 70.848691 61.505327
38.987467 69.950242 59.891076
7
-81.692289 3.054030 57.593774
-87.964769 9.081366 46.687560
-87.174906 18.534448 45.354273
-81.656138 29.642739 49.533657
-74.700191 27.003548 60.751049
-70.771436 22.666238 66.915211
-71.609882 18.629709 67.267814
6
24.795629 -85.779301 -45.023197
29.146985 -83.798751 -46.132663
36.625283 -68.209741 -63.293126
28.770295 -65.509995 -69.862083
23.891386 -66.593210 -70.672102
18.338421 -83.215213 -52.334793
6
-88.912951 -9.342563 44.801826
-94.827256 -13.131931 28.902317
-95.974297 -10.370782 26.103278
-96.101768 -9.826294 25.843648
-96.137976 -7.831499 26.384792
-91.085411 1.126944 41.257460
6
-99.580771 -8.851680 2.306045
-96.101768 -9.826294 25.843648
-95.974297 -10.370782 26.103278
-94.316540 -31.179105 11.500156
-95.327750 -29.772160 5.122351
-99.085082 -13.483015 -0.595760
7
-40.331818 -70.035173 58.893285
-53.781201 -66.618072 51.668316
-55.253899 -65.084103 52.067900
-55.313440 -47.485315 68.451211
-51.528351 -47.187404 71.541443
-39.984743 -52.882634 74.864193
-37.888678 -55.805798 73.825206
4
33.027241 29.422653 89.685611
22.653756 6.153747 97.205652
11.100650 7.997931 99.059622
9.304616 19.389670 97.659945
4
48.413186 11.400955 -86.753568
65.934702 -3.027677 -75.122888
71.448754 -0.885527 -69.959213
57.766492 18.064287 -79.603479
6
-5.702871 90.985863 -41.098054
-4.268028 90.371724 -42.599713
13.455753 88.765436 -44.041346
15.602106 94.293088 -29.417476
14.037708 95.449508 -26.312244
0.527023 95.533367 -29.548231
4
61.743541 -70.916555 34.037880
47.815535 -85.316365 20.851679
42.934948 -81.823805 38.228983
57.310961 -70.038248 42.545241
9
-90.148490 -6.422310 -42.801913
-88.695588 -8.598596 -45.377934
-86.663272 -9.452913 -48.991017
-81.546141 3.004804 -57.803097
-81.952274 5.873766 -57.002839
-85.556884 13.546163 -49.965199
-88.554615 15.614447 -43.752363
-90.822455 13.164123 -39.723892
-91.996328 0.522817 -39.196969
5
-17.053839 96.674151 -19.059775
-24.223627 95.815997 -15.248302
-32.379351 92.273020 -20.910941
-25.476497 91.563368 -31.098196
-18.566302 93.433476 -30.421671
5
17.018295 36.838931 91.396230
15.808936 56.235552 81.164279
31.992340 45.939433 82.861684
37.807454 30.854330 87.284631
33.313619 29.709554 89.484888
6
5.086030 -85.006038 52.422379
3.686361 -86.859155 49.415563
-4.090183 -88.228412 46.893686
-9.441777 -86.641163 49.032251
-10.095712 -76.351713 63.784736
-5.605990 -75.801138 64.982770
5
91.553061 27.991055 -28.888370
93.538242 29.973024 -18.767394
91.949575 35.492323 -16.898836
86.526990 44.147002 -23.751256
86.229320 34.900770 -36.693877
6
-7.743057 -99.208871 9.881551
-13.897678 -95.869768 24.816165
-13.721883 -95.797261 25.191163
-7.715411 -96.014723 26.863457
1.605356 -98.479420 17.298171
-2.579391 -99.786057 6.007467
5
-61.070907 -61.945791 -49.326091
-64.289160 -49.180102 -58.721559
-79.321728 -40.764760 -45.236023
-79.095965 -48.038130 -37.896785
-78.120524 -50.227761 -37.072304
4
61.601675 -36.184413 69.970864
75.117570 -17.447971 63.662540
77.223703 -21.270985 59.866892
70.187319 -37.801276 60.372210
5
-37.419611 83.336587 40.679060
-36.429396 81.515493 45.034692
-48.299285 72.256740 49.458493
-53.326494 71.605175 45.044245
-48.373862 82.155092 30.174665
6
32.338994 89.446294 30.879603
34.049368 84.260058 41.723893
25.824082 82.554402 50.178556
19.540495 82.662940 52.773169
13.169433 90.051404 41.440448
28.621879 91.934446 26.997141
7
-32.492552 67.078831 66.668317
-22.920918 80.362807 54.922225
-18.907397 81.708372 54.463311
-5.019180 76.098049 64.683033
-0.814616 69.821626 71.584055
-18.552533 62.941378 75.459834
-32.570231 66.509505 67.198704
7
77.777643 19.427462 -59.776349
84.086035 22.941987 -49.022484
83.992887 23.483453 -48.925683
69.104172 42.555819 -58.426156
68.137838 43.056434 -59.189344
67.776380 39.786449 -61.833654
71.017515 25.962477 -65.440526
8
1.107333 -60.256629 79.799201
0.970959 -71.180386 70.231118
-5.605990 -75.801138 64.982770
-10.095712 -76.351713 63.784736
-17.517591 -75.238441 63.500481
-24.207865 -61.256402 75.243820
-22.784379 -60.620131 76.197584
0.603807 -59.370009 80.466374
5
-63.308673 -77.288436 -4.302272
-68.864124 -72.504433 0.916276
-69.543435 -70.682653 12.948872
-54.612930 -82.572127 14.116363
-52.339281 -84.822244 8.110894
7
-1.742099 -99.933916 3.190227
-2.579391 -99.786057 6.007467
1.605356 -98.479420 17.298171
17.152285 -93.860585 29.933088
19.434590 -93.518949 29.605793
23.698102 -94.493933 22.567601
13.110049 -99.119374 -1.864472
6
-4.090183 -88.228412 46.893686
-5.861151 -92.120785 38.463072
-16.091050 -90.952591 38.323677
-18.692424 -88.524439 42.591279
-17.443162 -87.438381 45.279860
-9.441777 -86.641163 49.032251
7
17.818059 71.182257 -67.938229
23.912967 75.495888 -61.061779
22.883597 78.653051 -57.358857
10.717410 80.790875 -57.948008
5.813348 78.785525 -61.311060
5.737586 78.074169 -62.221413
13.122011 72.352346 -67.771312
4
64.897147 -65.285098 -39.066817
75.675861 -44.044368 -48.303807
60.391073 -49.527184 -62.449791
57.741927 -67.307340 -46.212464
7
-59.329625 77.873037 -20.390825
-49.645091 82.768074 -26.168890
-39.699958 88.744151 -23.417706
-38.225982 90.016974 -20.873876
-41.841666 90.092786 -11.513686
-57.354071 81.395946 -9.230952
-58.414490 80.568246 -9.823702
5
-23.628724 -0.554525 -97.166743
-12.145703 -3.688583 -99.191110
-10.474734 1.333998 -99.440939
-14.698877 24.040015 -95.948010
-29.418380 18.832115 -93.701176
5
43.953046 -43.556764 -78.555318
50.005455 -21.223145 -83.958517
47.135805 -16.523004 -86.632594
32.635934 -25.880885 -90.912461
31.231628 -30.218440 -90.063485
9
46.809107 -81.958476 -33.041122
37.132337 -81.391803 -44.682928
29.146985 -83.798751 -46.132663
24.795629 -85.779301 -45.023197
23.883319 -88.020417 -41.012110
27.117753 -89.577861 -35.219800
29.410677 -89.640771 -33.159376
46.242327 -83.118339 -30.870518
46.744889 -82.619936 -31.446168
6
-23.589157 -78.926682 -56.693303
-16.507059 -73.999643 -65.204063
-16.998969 -72.714538 -66.510383
-37.116517 -69.438878 -61.649058
-38.188810 -70.317548 -59.975472
-34.018292 -76.101496 -55.238738
6
-6.165722 71.577436 -69.560438
5.737586 78.074169 -62.221413
5.813348 78.785525 -61.311060
-1.902221 84.255899 -53.826806
-19.052436 77.044134 -60.837539
-8.009614 71.234920 -69.723972
6
17.345272 -81.022282 55.986886
16.064023 -82.329933 54.440143
5.086030 -85.006038 52.422379
-5.605990 -75.801138 64.982770
0.970959 -71.180386 70.231118
7.590723 -72.545918 68.406657
5
-18.552533 62.941378 75.459834
-18.799469 50.773031 84.075438
-34.000160 53.278560 77.494414
-34.482524 64.517454 68.179570
-32.570231 66.509505 67.198704
6
-20.610272 -90.285031 -37.733670
-18.312740 -95.990566 -21.223921
-16.901124 -96.466024 -20.215297
-4.065102 -94.047648 -33.741886
-8.847914 -91.150776 -40.165289
-10.562692 -90.672655 -40.827676
4
95.585383 19.608352 21.884860
98.533388 12.207188 11.922917
97.273475 3.605464 22.910080
95.079700 8.725996 29.727219
6
35.706435 45.979555 -81.307632
41.489556 33.340981 -84.658111
44.809700 31.257866 -83.755815
54.015078 33.132585 -77.360217
51.244943 42.764381 -74.465854
42.025167 49.006371 -76.369241
5
-79.762144 -22.301744 -56.041348
-72.818456 -13.139476 -67.266832
-74.526196 -0.339228 -66.676315
-81.546141 3.004804 -57.803097
-86.663272 -9.452913 -48.991017
7
-36.134973 -73.685138 57.138115
-46.085194 -82.052194 33.817043
-48.739403 -81.393901 31.614924
-48.865108 -81.332478 31.578936
-51.746315 -78.615071 33.793336
-53.781201 -66.618072 51.668316
-40.331818 -70.035173 58.893285
5
-83.384335 41.921226 35.911884
-84.121259 37.147092 39.290041
-94.464370 20.427235 25.675100
-94.906551 19.900091 24.428117
-89.293372 42.004246 16.196819
5
10.717410 80.790875 -57.948008
22.883597 78.653051 -57.358857
28.054567 81.791256 -50.230785
19.677212 86.646770 -45.881855
16.300624 87.232950 -46.094491
6
29.525590 93.883217 -17.725154
17.752488 96.511848 -19.243504
14.037708 95.449508 -26.312244
15.602106 94.293088 -29.417476
26.104934 89.938669 -35.065198
33.096539 91.551819 -22.866647
5
-55.685692 52.929195 64.012530
-55.003445 53.077282 64.478083
-41.435803 43.695873 79.835737
-50.347580 35.239507 78.887885
-60.933221 34.919247 71.188403
6
5.813348 78.785525 -61.311060
10.717410 80.790875 -57.948008
16.300624 87.232950 -46.094491
13.455753 88.765436 -44.041346
-4.268028 90.371724 -42.599713
-1.902221 84.255899 -53.826806
5
26.115850 63.987926 -72.273838
38.131283 65.264691 -65.471561
35.152072 70.303051 -61.820813
23.912967 75.495888 -61.061779
17.818059 71.182257 -67.938229
6
-15.269497 44.802015 88.088716
6.854771 61.159555 78.819546
12.901546 58.223552 80.271839
12.945330 58.173736 80.300902
0.598904 33.635367 94.171670
-15.563810 42.050097 89.384323
5
-81.757426 30.517782 48.830198
-66.104231 54.019030 52.078546
-64.336621 53.122182 55.125612
-74.700191 27.003548 60.751049
-81.656138 29.642739 49.533657
6
33.027241 29.422653 89.685611
9.304616 19.389670 97.659945
2.081323 28.619132 95.794642
1.673003 32.268839 94.635739
17.018295 36.838931 91.396230
33.313619 29.709554 89.484888
