400
9
-22.795243 -44.120067 86.797446
-23.580326 -49.512814 83.620867
-25.236231 -51.784889 81.740186
-43.757558 -49.507902 75.061600
-49.019565 -35.429572 79.635593
-39.208991 -24.805701 88.585169
-34.490371 -23.598899 90.848810
-32.226795 -24.502656 91.438797
-23.723653 -35.956793 90.245761
8
95.122452 27.568280 -13.845903
90.512979 36.464100 -21.857951
89.418539 37.166750 -24.959117
86.269063 32.747631 -38.538831
86.672089 31.708402 -38.503587
93.126419 16.740020 -32.361116
96.225908 19.243423 -19.242279
95.903347 25.061211 -13.209230
6
13.861778 7.463721 -98.752944
16.306187 -12.060136 -97.921711
21.940098 -13.715494 -96.594603
23.338899 -13.435246 -96.305711
31.953859 -6.723171 -94.518516
21.199691 14.879932 -96.587581
5
-3.355823 3.310865 -99.888821
-6.006163 -9.555034 -99.361096
5.616042 -17.560257 -98.285795
9.390759 -13.985151 -98.570935
1.874977 2.993932 -99.937585
9
64.790880 -65.653325 -38.623604
64.702993 -65.802935 -38.516183
61.931676 -74.063359 -26.059287
72.993096 -66.672022 -15.061523
81.639812 -52.322348 -24.439988
81.548257 -51.124318 -27.132744
81.200151 -50.644742 -29.011130
77.524612 -51.195886 -36.998861
72.222297 -55.894759 -40.739608
5
62.012696 49.806429 60.611427
60.285847 36.435309 70.979468
50.903457 38.191971 77.137613
45.972734 44.643402 76.768967
47.827805 48.249118 73.379314
6
27.115028 -36.631781 -89.010605
30.527260 -35.952379 -88.178869
31.802533 -28.961031 -90.276562
23.338899 -13.435246 -96.305711
21.940098 -13.715494 -96.594603
17.470867 -28.592742 -94.219021
6
-72.627067 -24.996198 -64.035140
-75.112944 -26.935036 -60.270636
-73.401079 -36.763456 -57.102801
-65.415893 -44.064021 -61.474572
-64.803216 -39.843981 -64.907629
-69.212680 -26.621539 -67.088737
7
98.135048 -0.810339 19.205616
97.573586 -6.307612 20.966865
91.909202 -19.163679 34.430394
91.709505 -19.119872 34.982812
89.789797 -10.317974 42.794062
96.534919 8.597915 24.639100
98.055944 0.780495 19.606698
7
-71.921355 -54.917500 42.560391
-76.136785 -56.425275 31.927704
-79.672580 -53.160747 28.743957
-83.095328 -45.679382 31.757841
-81.069564 -42.537623 40.227806
-76.979487 -44.063169 46.180036
-72.621435 -51.855602 45.134507
7
36.432535 86.122772 35.433580
36.859911 86.175703 34.858215
53.773040 80.339772 25.573056
56.468520 78.577687 25.235954
61.098352 70.251418 36.492871
56.746505 71.119284 41.495562
46.431300 75.601149 46.136761
5
68.322648 -0.159552 -73.020479
69.162316 1.490796 -72.210467
68.814368 3.578229 -72.469159
58.265990 12.422836 -80.316546
52.555325 0.266893 -85.075652
8
40.183907 -84.857470 -34.416034
33.920723 -81.656418 -46.707751
25.357032 -85.809081 -44.652239
23.343131 -91.262273 -33.560331
26.533021 -92.404530 -27.520931
33.753928 -90.909342 -24.416467
34.563755 -90.566153 -24.558478
38.410679 -88.061570 -27.744904
7
-67.530561 -10.371606 73.020909
-67.532100 -10.369524 73.019781
-67.815704 -9.559258 72.867351
-63.559137 8.356097 76.749018
-53.732770 10.329043 83.702451
-48.021660 7.046320 87.431514
-46.640839 -2.324201 88.426411
5
-67.741819 -73.476677 -3.496255
-68.598216 -72.085054 -9.900996
-75.283155 -63.275823 -18.127791
-80.413621 -58.157547 -12.302413
-78.150015 -62.244798 4.261481
7
50.698452 83.491215 -21.421579
41.905153 88.647025 -19.638307
36.093055 90.280592 -23.381746
34.427610 87.928698 -32.913277
37.624220 85.649288 -35.335784
46.666203 81.558330 -34.212632
51.073444 82.779231 -23.218576
6
-74.098769 22.097257 -63.412015
-75.755936 25.594316 -60.049722
-84.161837 28.585642 -45.821898
-91.836950 21.341368 -33.324474
-92.083380 20.592879 -33.114716
-80.419053 13.019923 -57.993599
6
67.298101 -19.303069 71.402781
56.797247 -10.242172 81.664990
57.460920 -1.594715 81.827254
63.235687 4.228722 77.352219
71.871066 1.791021 69.507856
74.649252 -11.749154 65.493867
5
22.489069 68.329237 69.464791
31.102030 62.090172 71.954668
30.337627 60.398132 73.700027
16.976915 57.171100 80.269855
14.627394 69.325256 70.569457
6
98.055944 0.780495 19.606698
96.534919 8.597915 24.639100
96.447791 9.153898 24.779623
98.225793 18.699738 -1.418954
98.282793 18.286914 -2.466062
99.479297 9.884271 -2.484079
4
-60.261558 -9.018372 -79.291952
-70.219002 -11.089219 -70.330086
-64.264539 -23.057043 -73.064641
-59.772890 -23.439683 -76.666700
5
79.038296 -35.519328 -49.913175
84.036350 -24.741218 -48.226176
79.955110 -14.027462 -58.398722
68.933427 -20.715478 -69.419389
71.511776 -35.836388 -60.015158
5
42.455401 55.895013 -71.227006
40.127391 56.976870 -71.717702
27.464192 53.252570 -80.061738
28.664463 44.366484 -84.911505
47.143072 44.607273 -76.077079
4
21.916729 -32.586366 91.966220
26.569673 -36.653380 89.166037
6.662592 -42.238332 90.396533
3.225761 -30.373064 95.221171
6
10.998669 73.226931 67.207483
-6.559055 71.536792 69.566272
-8.486319 74.500969 66.163344
-5.353295 80.902696 58.532863
9.304061 79.529867 59.903546
11.526443 77.241595 62.457001
6
40.380575 70.475889 58.331452
41.907641 66.569302 61.743645
40.461264 64.147440 65.176622
31.102030 62.090172 71.954668
22.489069 68.329237 69.464791
28.671202 76.916383 57.112452
5
68.322648 -0.159552 -73.020479
52.555325 0.266893 -85.075652
52.283267 0.058283 -85.243514
48.320708 -9.977660 -86.980202
64.939423 -14.633885 -74.623862
5
-67.815704 -9.559258 72.867351
-78.295781 0.327313 62.206620
-80.579988 8.062256 58.667415
-66.043642 18.549281 72.760989
-63.559137 8.356097 76.749018
5
-11.948569 -97.239068 20.044833
-23.771579 -95.480950 17.840968
-23.075274 -94.227206 24.264486
-14.847311 -91.324946 37.938261
-8.394731 -95.392232 28.807126
6
64.939423 -14.633885 -74.623862
48.320708 -9.977660 -86.980202
46.565523 -11.098882 -87.797875
48.347777 -23.087867 -84.436028
53.463648 -27.624061 -79.865822
65.637230 -16.892608 -73.528184
6
-80.419053 13.019923 -57.993599
-92.083380 20.592879 -33.114716
-92.399840 19.819700 -32.702432
-93.107814 11.010835 -34.780692
-92.108123 6.837276 -38.332041
-82.906431 1.003713 -55.906317
6
76.699145 8.037387 63.660361
71.871066 1.791021 69.507856
63.235687 4.228722 77.352219
62.532441 7.845508 77.641109
68.757302 27.112105 67.359982
77.532334 27.495115 56.857329
6
-82.770937 -54.556597 13.135819
-81.408880 -57.507920 8.089090
-87.259753 -48.830312 1.155931
-95.335476 -29.445386 6.642006
-95.329119 -29.454040 6.694673
-87.863788 -44.818863 16.468885
8
-80.419053 13.019923 -57.993599
-82.906431 1.003713 -55.906317
-82.233954 -1.232208 -56.886364
-71.250365 1.273468 -70.155283
-70.900602 1.801199 -70.497236
-69.026462 14.991772 -70.785552
-73.788099 22.043963 -63.791693
-74.098769 22.097257 -63.412015
8
97.367095 -6.406053 -21.877187
97.338122 -0.630524 -22.910531
92.533052 5.344171 -37.537637
90.290679 -2.051480 -42.934656
90.305572 -19.752716 -38.140974
92.582678 -21.567384 -31.037004
92.777849 -21.414659 -30.556228
93.479442 -20.382585 -29.088556
8
-27.331012 -82.680723 49.162118
-25.397376 -84.078694 47.809481
-32.327243 -86.680547 37.966197
-42.794205 -85.130888 30.354373
-44.957818 -84.095596 30.111880
-46.041012 -83.345767 30.556640
-48.242661 -73.530577 47.601470
-46.263748 -73.569334 49.469372
6
90.512979 36.464100 -21.857951
85.682173 50.833564 -8.632148
82.218195 56.076093 -9.779584
80.975281 57.025983 -13.821762
79.219931 54.650041 -27.158340
89.418539 37.166750 -24.959117
7
-19.154961 67.386392 -71.359384
-12.867070 69.843674 -70.400993
-12.596260 72.103170 -68.135652
-24.675710 79.167198 -55.889750
-24.683402 79.164469 -55.890218
-33.704731 68.881598 -64.181902
-32.273438 66.908114 -66.945720
8
51.073444 82.779231 -23.218576
62.366352 72.778051 -28.527067
68.568869 68.869171 -23.565812
69.488397 69.308000 -19.177170
66.334676 74.613836 -5.699676
63.814684 76.925828 -3.178548
57.969828 81.366958 -4.349402
50.698452 83.491215 -21.421579
5
-87.863788 -44.818863 16.468885
-95.329119 -29.454040 6.694673
-94.957599 -27.914546 14.276993
-88.349459 -38.024529 27.358878
-88.180313 -38.462230 27.292660
5
4.403481 -89.185840 -45.016612
23.343131 -91.262273 -33.560331
25.357032 -85.809081 -44.652239
9.505067 -86.104397 -49.956847
6.712819 -86.740197 -49.305945
5
81.548257 -51.124318 -27.132744
92.309659 -33.852759 -18.246028
92.777849 -21.414659 -30.556228
92.582678 -21.567384 -31.037004
81.200151 -50.644742 -29.011130
6
-32.862573 55.189599 -76.643065
-34.858905 49.408827 -79.646874
-18.504652 44.090385 -87.827193
-17.452153 44.265241 -87.954595
-15.268666 49.073786 -85.782465
-26.264036 57.555374 -77.444040
7
16.615672 -51.402828 84.152651
6.681946 -47.576774 87.702920
5.916971 -45.574096 88.814364
6.662592 -42.238332 90.396533
26.569673 -36.653380 89.166037
33.475804 -39.033514 85.765700
29.552638 -46.675038 83.355158
6
-84.059565 -22.671037 49.193634
-87.499307 -19.662567 44.240873
-86.835665 -13.736533 47.653698
-78.295781 0.327313 62.206620
-67.815704 -9.559258 72.867351
-67.532100 -10.369524 73.019781
7
-8.394731 -95.392232 28.807126
-14.847311 -91.324946 37.938261
-14.063279 -88.604763 44.174881
-7.359070 -88.493540 45.986275
-2.102422 -88.902667 45.737246
6.650315 -90.839092 41.279930
7.297896 -95.053773 30.191405
6
-59.772890 -23.439683 -76.666700
-64.264539 -23.057043 -73.064641
-69.212680 -26.621539 -67.088737
-64.803216 -39.843981 -64.907629
-58.788587 -36.191286 -72.347031
-58.056690 -24.875208 -77.528348
5
-75.112944 -26.935036 -60.270636
-83.188063 -23.864504 -50.102212
-83.224773 -32.446840 -44.953751
-80.260921 -36.225873 -47.390618
-73.401079 -36.763456 -57.102801
6
73.310300 62.776339 26.167369
71.532796 60.537379 34.903938
61.098352 70.251418 36.492871
56.468520 78.577687 25.235954
57.217044 78.554592 23.566630
67.382871 72.763239 12.847559
5
-53.809223 49.735460 -68.051095
-48.267829 49.196231 -72.456522
-41.235420 58.618335 -69.739020
-45.250332 61.191482 -64.869176
-55.101916 54.559895 -63.142670
6
77.524612 -51.195886 -36.998861
81.200151 -50.644742 -29.011130
92.582678 -21.567384 -31.037004
90.305572 -19.752716 -38.140974
84.036350 -24.741218 -48.226176
79.038296 -35.519328 -49.913175
7
-24.891490 -64.243487 72.478880
-10.953151 -72.599141 67.892512
-24.485794 -84.318006 47.863553
-25.397376 -84.078694 47.809481
-27.331012 -82.680723 49.162118
-29.968947 -70.054349 64.763032
-26.222592 -64.982002 71.342239
6
56.797247 -10.242172 81.664990
67.298101 -19.303069 71.402781
66.840201 -20.917960 71.378053
48.644728 -35.676000 79.755335
43.119262 -32.548957 84.150428
43.266135 -29.069461 85.340541
6
-42.843213 12.775080 -89.449742
-34.467266 10.403238 -93.294052
-22.037496 17.689986 -95.923997
-37.321108 32.258365 -86.985820
-39.361228 32.596003 -85.954606
-46.458003 24.028849 -85.230677
4
41.763813 89.966964 12.717283
53.773040 80.339772 25.573056
36.859911 86.175703 34.858215
38.921576 90.958437 14.549009
5
-41.037099 -84.707796 -33.771967
-25.873980 -81.745112 -51.461383
-36.708906 -72.355525 -58.456259
-44.832058 -69.252151 -56.517486
-43.679152 -83.189003 -34.230419
7
-58.729706 -5.902198 -80.721656
-60.080096 -2.654813 -79.895770
-70.900602 1.801199 -70.497236
-71.250365 1.273468 -70.155283
-70.582834 -10.814250 -70.007968
-70.219002 -11.089219 -70.330086
-60.261558 -9.018372 -79.291952
7
-47.350978 87.502840 10.056733
-48.489065 87.421859 2.495818
-39.861419 91.645954 -3.476540
-36.048256 93.227897 -3.013716
-32.132668 93.826164 12.811813
-34.566384 92.302254 16.895534
-41.374751 89.803577 14.948161
6
51.813632 39.295379 -75.968551
47.143072 44.607273 -76.077079
28.664463 44.366484 -84.911505
26.749315 42.104086 -86.670180
24.678538 23.495768 -94.015523
33.011517 22.591996 -91.650649
4
-64.851820 -15.620106 74.500025
-39.208991 -24.805701 88.585169
-49.019565 -35.429572 79.635593
-53.551305 -35.465700 76.644908
6
67.401841 -70.547348 21.910354
74.988000 -61.338111 24.787819
78.411314 -57.932039 22.260833
80.336331 -57.023381 17.158319
72.515130 -68.193964 9.546682
66.600498 -73.421048 13.180418
9
-2.640167 -74.011176 -67.196542
4.808300 -71.311522 -69.939596
15.509930 -58.973754 -79.256156
10.049454 -49.875976 -86.089462
4.038900 -47.816570 -87.734046
-5.355648 -48.081274 -87.518616
-11.921328 -65.806329 -74.346546
-10.886758 -68.606347 -71.935024
-5.516771 -73.377583 -67.714811
8
-8.794563 -72.960564 67.818963
-10.953151 -72.599141 67.892512
-24.891490 -64.243487 72.478880
-25.236231 -51.784889 81.740186
-23.580326 -49.512814 83.620867
-0.454539 -58.277991 81.261733
3.635722 -65.111167 75.811064
-1.180189 -72.274265 69.101648
7
-72.621435 -51.855602 45.134507
-64.755466 -51.004785 56.614852
-59.386739 -62.776626 50.322068
-59.406240 -66.582348 45.140776
-59.762331 -66.514126 44.769799
-60.328586 -66.196067 44.480809
-71.921355 -54.917500 42.560391
7
-36.708906 -72.355525 -58.456259
-32.265050 -69.540725 -64.211012
-31.190200 -56.452748 -76.421585
-47.065557 -59.575009 -65.081884
-48.094381 -65.224017 -58.589744
-47.198746 -67.521541 -56.684388
-44.832058 -69.252151 -56.517486
6
35.017682 -76.269511 -54.375763
48.476416 -72.237828 -49.312608
52.507933 -67.612380 -51.686391
53.395646 -63.287096 -56.068248
50.386928 -61.038613 -61.118289
43.728321 -62.327033 -64.831897
6
99.595393 -8.983035 -0.250497
99.469050 -10.261010 -0.787249
97.266520 -18.809962 13.616514
97.258282 -18.796176 13.694175
97.573586 -6.307612 20.966865
98.135048 -0.810339 19.205616
5
-98.865224 -14.701666 3.086841
-98.726074 -15.659547 2.817976
-96.733891 -14.045649 -21.101518
-97.654821 -7.659739 -20.121243
-99.789745 6.189425 -1.922984
7
79.570881 60.018941 8.136438
80.055060 59.669332 -5.546005
82.218195 56.076093 -9.779584
85.682173 50.833564 -8.632148
89.684327 44.199195 1.775596
83.065019 54.352261 12.084463
80.959451 57.561757 11.498323
5
67.382871 72.763239 12.847559
68.117068 72.756711 8.156346
79.570881 60.018941 8.136438
80.959451 57.561757 11.498323
73.310300 62.776339 26.167369
7
-31.635236 92.048687 22.940160
-34.566384 92.302254 16.895534
-32.132668 93.826164 12.811813
-22.030460 97.345841 6.200492
-20.613828 97.649069 6.303120
-16.797294 97.831769 12.115936
-18.370686 95.496082 23.302707
6
-36.919975 83.099610 -41.609738
-37.377169 77.267207 -51.310096
-24.683402 79.164469 -55.890218
-24.675710 79.167198 -55.889750
-20.275694 85.386047 -47.938703
-22.095248 88.494213 -40.994809
4
80.078048 -13.304535 -58.399448
87.652872 -2.076946 -48.090128
81.650303 7.297920 -57.271008
77.232777 -0.630135 -63.519297
4
-0.923340 94.050708 33.964860
-0.344993 97.094329 23.928483
11.437009 96.743509 22.580705
13.194533 90.556312 40.316977
7
-55.101916 54.559895 -63.142670
-45.250332 61.191482 -64.869176
-44.259806 69.694783 -56.424346
-45.330031 70.659423 -54.336307
-61.556038 66.420090 -42.417282
-62.939167 65.094991 -42.441764
-63.107008 58.841826 -50.548442
8
-95.547653 18.157878 23.258061
-93.451508 26.442987 23.824024
-88.603193 35.604267 29.695294
-82.605168 30.085429 47.657667
-83.757407 17.750223 51.668427
-84.762294 14.844065 50.941214
-86.743021 13.589334 47.864165
-93.831588 12.460274 32.254840
5
14.521763 64.621183 -74.921432
14.854904 63.458034 -75.844642
27.464192 53.252570 -80.061738
40.127391 56.976870 -71.717702
20.800954 72.292283 -65.887374
6
46.666203 81.558330 -34.212632
48.447009 72.195813 -49.402954
49.419247 71.622722 -49.273966
60.630440 68.143310 -40.993158
62.366352 72.778051 -28.527067
51.073444 82.779231 -23.218576
4
86.672089 31.708402 -38.503587
87.808360 13.625317 -45.869844
92.505279 5.578495 -37.571981
93.126419 16.740020 -32.361116
6
-10.611500 -99.331526 -4.543569
-8.876188 -98.747226 -13.046018
-15.747548 -97.446154 -16.008181
-26.905411 -95.742904 -10.459211
-24.461248 -96.840440 4.855572
-16.383395 -98.630146 1.917992
6
-27.293052 -11.223927 -95.546391
-28.301947 -5.956417 -95.726281
-35.779606 1.805668 -93.362516
-46.336067 -5.686874 -88.434317
-46.958683 -7.721612 -87.950320
-33.964152 -16.316201 -92.629466
6
48.073096 87.630014 3.155633
51.816043 85.510313 1.756138
57.217044 78.554592 23.566630
56.468520 78.577687 25.235954
53.773040 80.339772 25.573056
41.763813 89.966964 12.717283
5
-32.273438 66.908114 -66.945720
-37.062891 59.472919 -71.339429
-32.862573 55.189599 -76.643065
-26.264036 57.555374 -77.444040
-19.154961 67.386392 -71.359384
10
-7.926782 28.192156 -95.615733
-16.029836 17.102540 -97.213926
-15.297268 14.976375 -97.681635
-12.329652 10.680255 -98.660589
-3.355823 3.310865 -99.888821
1.874977 2.993932 -99.937585
13.861778 7.463721 -98.752944
21.199691 14.879932 -96.587581
23.022234 22.669864 -94.636431
4.428536 30.951082 -94.986413
5
-99.511506 9.855846 -0.567898
-97.071389 18.739016 -15.033118
-89.466907 44.413403 -4.808552
-89.571080 44.235420 -4.499920
-98.789008 13.472811 7.695146
6
37.414521 43.971617 81.649559
35.092529 28.753833 89.116393
34.577895 28.309681 89.459103
25.268822 27.999193 92.614965
10.981273 46.861872 87.654872
34.436832 46.061491 81.807357
6
-76.428842 -54.907326 -33.820373
-81.385797 -49.770041 -29.988249
-85.239363 -49.261596 -17.536995
-80.413621 -58.157547 -12.302413
-75.283155 -63.275823 -18.127791
-72.012190 -62.038107 -31.072783
5
25.779752 -75.414948 -60.398593
9.505067 -86.104397 -49.956847
25.357032 -85.809081 -44.652239
33.920723 -81.656418 -46.707751
34.858728 -76.361274 -54.349103
5
-18.370686 95.496082 23.302707
-16.797294 97.831769 12.115936
-2.999017 98.790562 15.212851
-3.234993 98.268498 18.243826
-16.537900 95.547418 24.437447
5
-46.336067 -5.686874 -88.434317
-35.779606 1.805668 -93.362516
-34.467266 10.403238 -93.294052
-42.843213 12.775080 -89.449742
-48.443480 6.557261 -87.236641
5
-84.161837 28.585642 -45.821898
-78.691780 40.714999 -46.366934
-78.739122 42.387523 -44.759899
-87.067621 41.311092 -26.695001
-91.836950 21.341368 -33.324474
7
51.813632 39.295379 -75.968551
33.011517 22.591996 -91.650649
41.201004 16.208888 -89.664648
41.732015 16.021646 -89.452478
56.568231 18.233087 -80.421327
59.738201 26.908660 -75.546484
54.268251 38.199868 -74.804592
5
98.055944 0.780495 19.606698
99.479297 9.884271 -2.484079
99.735319 5.985063 -4.128577
99.595393 -8.983035 -0.250497
98.135048 -0.810339 19.205616
6
26.871949 77.704026 56.920846
12.613064 88.871225 44.077387
13.567776 90.363454 40.624644
25.459373 89.852865 35.753083
32.743545 87.122828 36.571479
28.393728 77.149317 56.936624
5
-53.551305 -35.465700 76.644908
-61.624969 -42.764510 66.132896
-67.959439 -29.911803 66.983570
-65.961721 -14.735230 73.701590
-64.851820 -15.620106 74.500025
6
66.600498 -73.421048 13.180418
72.515130 -68.193964 9.546682
72.956703 -67.906537 8.125371
69.656326 -71.184609 -8.985976
67.864435 -72.993131 -8.149931
61.164254 -78.354212 10.933957
5
50.885700 -75.914286 -40.591460
49.537533 -78.242096 -37.738670
59.802901 -75.994015 -25.466109
61.931676 -74.063359 -26.059287
64.702993 -65.802935 -38.516183
6
55.774728 -81.685963 -14.716767
55.301877 -80.943425 -19.744981
38.410679 -88.061570 -27.744904
34.563755 -90.566153 -24.558478
41.769638 -90.017298 -12.336267
48.406958 -86.992401 -9.438672
6
-41.037099 -84.707796 -33.771967
-33.679229 -90.661141 -25.421782
-21.289251 -92.838798 -30.458585
-12.526415 -91.279167 -38.874189
-23.209046 -82.679655 -51.238803
-25.873980 -81.745112 -51.461383
6
99.479297 9.884271 -2.484079
98.282793 18.286914 -2.466062
95.903347 25.061211 -13.209230
96.225908 19.243423 -19.242279
97.652789 1.012561 -21.515288
99.735319 5.985063 -4.128577
4
-41.779593 87.322453 -25.084951
-57.817738 79.826963 -16.874983
-58.532722 71.127502 -38.920417
-44.971780 82.743628 -33.630805
6
78.870848 -52.147755 32.557657
78.411314 -57.932039 22.260833
74.988000 -61.338111 24.787819
66.481053 -63.134850 39.928189
67.417746 -59.496141 43.761362
67.631407 -59.054448 44.029138
6
40.922428 -87.543320 25.720068
39.831027 -87.449536 27.677931
42.132933 -82.821716 36.951038
46.435138 -79.123650 39.789773
56.355764 -74.814833 35.025256
56.327021 -81.224718 15.159549
5
-28.140443 73.637754 61.527203
-8.486319 74.500969 66.163344
-6.559055 71.536792 69.566272
-8.958572 59.241391 80.063734
-19.482420 55.953415 80.558368
5
65.792382 28.513030 69.702005
53.020746 23.294051 81.524154
52.577951 23.928288 81.627178
50.903457 38.191971 77.137613
60.285847 36.435309 70.979468
6
-42.858683 41.441837 -80.285163
-39.361228 32.596003 -85.954606
-37.321108 32.258365 -86.985820
-18.504652 44.090385 -87.827193
-34.858905 49.408827 -79.646874
-42.858498 41.442886 -80.284720
5
-46.017549 -88.085349 11.106595
-44.957818 -84.095596 30.111880
-42.794205 -85.130888 30.354373
-26.224773 -95.343756 14.893937
-27.452967 -95.627740 10.083156
7
16.270763 -98.654461 1.599886
36.221380 -93.089648 4.725358
37.091414 -92.761431 4.420850
36.881158 -92.926397 2.113033
28.285176 -95.121047 -12.326202
13.276262 -99.022877 -4.267399
13.120880 -99.113205 -2.101223
7
95.903347 25.061211 -13.209230
98.282793 18.286914 -2.466062
98.225793 18.699738 -1.418954
95.258204 28.653117 10.240774
92.355009 37.365611 8.623427
90.722542 41.994720 2.421531
95.122452 27.568280 -13.845903
5
-78.476153 58.496474 -20.485505
-82.646345 53.933706 -16.147354
-87.067621 41.311092 -26.695001
-78.739122 42.387523 -44.759899
-67.482729 62.969364 -38.482989
4
36.093055 90.280592 -23.381746
14.907664 96.491793 -21.612393
12.541828 92.508422 -35.845424
34.427610 87.928698 -32.913277
6
-75.513647 -14.223191 -63.995234
-82.313849 -9.293553 -56.018392
-85.052355 -15.892017 -50.135224
-83.188063 -23.864504 -50.102212
-75.112944 -26.935036 -60.270636
-72.627067 -24.996198 -64.035140
5
-41.836926 -6.633785 90.585123
-46.640839 -2.324201 88.426411
-48.021660 7.046320 87.431514
-40.156217 15.357568 90.286341
-29.129720 7.769155 95.347258
4
-48.489065 87.421859 2.495818
-55.595838 82.968104 -5.039495
-42.824986 88.955414 -15.904555
-39.861419 91.645954 -3.476540
6
-23.739321 7.153224 96.877634
-24.642071 7.929405 96.591371
-21.787805 25.200830 94.287909
-16.739771 26.666530 94.914047
-7.377403 20.047323 97.691754
-5.853995 11.101033 99.209364
6
3.192935 -3.090337 99.901226
7.572930 -8.296958 99.367053
7.784967 -21.416294 97.369074
3.140017 -30.264868 95.258480
-5.438270 -29.940291 95.257568
-8.102561 -8.541324 99.304553
8
43.266135 -29.069461 85.340541
43.119262 -32.548957 84.150428
33.475804 -39.033514 85.765700
26.569673 -36.653380 89.166037
21.916729 -32.586366 91.966220
19.791750 -23.371611 95.194824
27.499613 -14.218758 95.087319
36.693762 -17.718347 91.321564
5
86.375245 43.747934 25.008705
83.065019 54.352261 12.084463
89.684327 44.199195 1.775596
90.722542 41.994720 2.421531
92.355009 37.365611 8.623427
7
71.511776 -35.836388 -60.015158
68.933427 -20.715478 -69.419389
68.270199 -20.418285 -70.158917
53.795719 -41.183428 -73.552334
53.732438 -41.365269 -73.496528
59.419376 -45.175966 -66.546749
61.748163 -44.933658 -64.561062
5
-78.295781 0.327313 62.206620
-86.835665 -13.736533 47.653698
-86.743021 13.589334 47.864165
-84.762294 14.844065 50.941214
-80.579988 8.062256 58.667415
6
56.568231 18.233087 -80.421327
58.265990 12.422836 -80.316546
68.814368 3.578229 -72.469159
70.961571 16.035514 -68.609896
69.264353 21.801019 -68.754381
59.738201 26.908660 -75.546484
6
-99.789745 6.189425 -1.922984
-97.654821 -7.659739 -20.121243
-93.107814 11.010835 -34.780692
-92.399840 19.819700 -32.702432
-97.071389 18.739016 -15.033118
-99.511506 9.855846 -0.567898
5
-63.331905 29.200293 71.668771
-58.223229 40.135353 70.705085
-39.630180 31.278282 86.319858
-51.756119 24.839640 81.879768
-63.096367 25.303961 73.338653
8
78.172527 28.601799 55.416542
77.532334 27.495115 56.857329
68.757302 27.112105 67.359982
65.792382 28.513030 69.702005
60.285847 36.435309 70.979468
62.012696 49.806429 60.611427
63.449428 50.701032 58.340170
73.109392 45.996397 50.391946
5
-23.580326 -49.512814 83.620867
-22.795243 -44.120067 86.797446
5.916971 -45.574096 88.814364
6.681946 -47.576774 87.702920
-0.454539 -58.277991 81.261733
4
-44.610332 -70.322522 55.359382
-29.968947 -70.054349 64.763032
-27.331012 -82.680723 49.162118
-46.263748 -73.569334 49.469372
6
-57.086131 -82.103988 0.329947
-51.735480 -85.237704 -7.614066
-53.409183 -83.308831 -14.390895
-63.169990 -72.943913 -26.243817
-68.598216 -72.085054 -9.900996
-67.741819 -73.476677 -3.496255
7
-47.449452 -8.003303 -87.661261
-46.958683 -7.721612 -87.950320
-46.336067 -5.686874 -88.434317
-48.443480 6.557261 -87.236641
-57.403524 9.501425 -81.329935
-60.080096 -2.654813 -79.895770
-58.729706 -5.902198 -80.721656
5
-58.056690 -24.875208 -77.528348
-58.788587 -36.191286 -72.347031
-46.559708 -44.675217 -76.395802
-34.343513 -38.942579 -85.463434
-50.874337 -25.665791 -82.177059
6
-22.095248 88.494213 -40.994809
-20.275694 85.386047 -47.938703
2.827551 83.423532 -55.068314
12.565535 84.971083 -51.205687
10.886643 91.300007 -39.316533
-18.510996 93.109088 -31.433116
7
34.512123 93.604384 -6.865329
48.073096 87.630014 3.155633
41.763813 89.966964 12.717283
38.921576 90.958437 14.549009
21.035705 97.197330 10.496582
20.933539 97.229323 10.404124
13.559951 98.981952 -4.324446
5
17.470867 -28.592742 -94.219021
7.774554 -28.194654 -95.627495
4.038900 -47.816570 -87.734046
10.049454 -49.875976 -86.089462
27.115028 -36.631781 -89.010605
6
67.417746 -59.496141 43.761362
66.481053 -63.134850 39.928189
62.273067 -69.965197 35.027651
56.355764 -74.814833 35.025256
46.435138 -79.123650 39.789773
45.267264 -71.300364 53.545615
5
7.784967 -21.416294 97.369074
19.791750 -23.371611 95.194824
21.916729 -32.586366 91.966220
3.225761 -30.373064 95.221171
3.140017 -30.264868 95.258480
6
-28.301947 -5.956417 -95.726281
-15.297268 14.976375 -97.681635
-16.029836 17.102540 -97.213926
-22.037496 17.689986 -95.923997
-34.467266 10.403238 -93.294052
-35.779606 1.805668 -93.362516
6
45.267264 -71.300364 53.545615
46.435138 -79.123650 39.789773
42.132933 -82.821716 36.951038
21.084783 -85.040545 48.203088
21.210140 -84.309382 49.417184
40.592784 -67.147277 61.995718
4
18.878870 -95.878059 21.236433
22.857894 -94.824439 22.041833
36.221380 -93.089648 4.725358
16.270763 -98.654461 1.599886
6
60.003581 -47.560573 64.323885
69.651431 -33.339755 63.538484
78.631040 -26.664564 55.732939
82.461452 -35.194254 44.288525
82.256446 -35.991921 44.027932
67.863905 -51.773003 52.096512
6
40.592784 -67.147277 61.995718
21.210140 -84.309382 49.417184
13.574507 -77.598229 61.597465
26.438704 -65.979503 70.339890
31.490480 -64.345741 69.770877
40.507490 -66.382623 62.868836
6
40.461264 64.147440 65.176622
41.907641 66.569302 61.743645
56.635060 59.342566 57.192044
63.449428 50.701032 58.340170
62.012696 49.806429 60.611427
47.827805 48.249118 73.379314
6
72.222297 -55.894759 -40.739608
77.524612 -51.195886 -36.998861
79.038296 -35.519328 -49.913175
71.511776 -35.836388 -60.015158
61.748163 -44.933658 -64.561062
66.000187 -55.226162 -50.931782
5
-65.073421 -45.094071 -61.089891
-65.415893 -44.064021 -61.474572
-73.401079 -36.763456 -57.102801
-80.260921 -36.225873 -47.390618
-75.927001 -45.194941 -46.824223
7
-19.145356 -8.896831 97.746109
-32.226795 -24.502656 91.438797
-34.490371 -23.598899 90.848810
-41.836926 -6.633785 90.585123
-29.129720 7.769155 95.347258
-24.642071 7.929405 96.591371
-23.739321 7.153224 96.877634
8
-34.330421 -38.943880 -85.468102
-34.343513 -38.942579 -85.463434
-46.559708 -44.675217 -76.395802
-49.581729 -49.044022 -71.668236
-47.065557 -59.575009 -65.081884
-31.190200 -56.452748 -76.421585
-30.596387 -55.608017 -77.276190
-33.353695 -39.522754 -85.589035
6
-12.526415 -91.279167 -38.874189
-21.289251 -92.838798 -30.458585
-15.747548 -97.446154 -16.008181
-8.876188 -98.747226 -13.046018
4.261936 -97.620811 -21.260601
-2.870098 -92.383386 -38.171620
7
-22.370550 94.917512 -22.141011
-39.849266 88.712458 -23.283808
-41.779593 87.322453 -25.084951
-44.971780 82.743628 -33.630805
-36.919975 83.099610 -41.609738
-22.095248 88.494213 -40.994809
-18.510996 93.109088 -31.433116
5
95.122452 27.568280 -13.845903
90.722542 41.994720 2.421531
89.684327 44.199195 1.775596
85.682173 50.833564 -8.632148
90.512979 36.464100 -21.857951
4
-13.198073 93.507559 32.896006
-7.005320 93.014997 36.043526
-10.917351 86.306324 49.315614
-28.278973 87.461622 39.379745
5
26.749315 42.104086 -86.670180
28.664463 44.366484 -84.911505
27.464192 53.252570 -80.061738
14.854904 63.458034 -75.844642
10.855893 50.997061 -85.331409
5
-63.096367 25.303961 73.338653
-65.949186 19.160772 72.688167
-77.644102 24.021056 58.261327
-72.511873 32.946094 60.469688
-63.331905 29.200293 71.668771
7
-32.186901 72.459145 60.939935
-40.956230 69.418669 59.191516
-47.325960 71.655323 51.242250
-46.248412 75.927903 45.782508
-34.682505 82.530818 44.562181
-29.103027 75.484698 58.779879
-29.292222 74.140394 60.375225
5
12.613064 88.871225 44.077387
26.871949 77.704026 56.920846
11.526443 77.241595 62.457001
9.304061 79.529867 59.903546
12.067861 88.584114 44.802025
5
-1.180189 -72.274265 69.101648
5.051222 -76.571504 64.119341
-2.102422 -88.902667 45.737246
-7.359070 -88.493540 45.986275
-8.794563 -72.960564 67.818963
4
9.390759 -13.985151 -98.570935
16.306187 -12.060136 -97.921711
13.861778 7.463721 -98.752944
1.874977 2.993932 -99.937585
5
92.486263 -30.862507 22.221538
94.265580 -32.253063 8.587226
86.235023 -49.501098 10.637766
85.762167 -49.878209 12.530561
87.931556 -41.051450 24.141665
6
36.693762 -17.718347 91.321564
27.499613 -14.218758 95.087319
24.093338 -10.042236 96.533230
28.913583 6.069662 95.536192
31.064142 6.353034 94.840171
42.395585 1.585725 90.554403
6
4.428536 30.951082 -94.986413
23.022234 22.669864 -94.636431
24.678538 23.495768 -94.015523
26.749315 42.104086 -86.670180
10.855893 50.997061 -85.331409
6.230200 47.712047 -87.662678
6
36.432535 86.122772 35.433580
32.743545 87.122828 36.571479
25.459373 89.852865 35.753083
21.035705 97.197330 10.496582
38.921576 90.958437 14.549009
36.859911 86.175703 34.858215
6
30.527260 -35.952379 -88.178869
35.639588 -38.475527 -85.143723
48.347777 -23.087867 -84.436028
46.565523 -11.098882 -87.797875
43.335109 -10.865584 -89.465118
31.802533 -28.961031 -90.276562
9
-98.020713 -9.449087 17.396968
-97.650929 -10.362083 18.892415
-95.156137 -24.489090 18.590162
-94.957599 -27.914546 14.276993
-95.329119 -29.454040 6.694673
-95.335476 -29.445386 6.642006
-95.868106 -28.082433 4.547880
-98.726074 -15.659547 2.817976
-98.865224 -14.701666 3.086841
5
-87.863788 -44.818863 16.468885
-88.180313 -38.462230 27.292660
-83.095328 -45.679382 31.757841
-79.672580 -53.160747 28.743957
-82.770937 -54.556597 13.135819
7
-63.107008 58.841826 -50.548442
-62.939167 65.094991 -42.441764
-67.482729 62.969364 -38.482989
-78.739122 42.387523 -44.759899
-78.691780 40.714999 -46.366934
-72.402925 40.882419 -55.555776
-68.443478 45.158747 -57.237906
5
-19.363710 -13.055548 -97.234764
-12.329652 10.680255 -98.660589
-15.297268 14.976375 -97.681635
-28.301947 -5.956417 -95.726281
-27.293052 -11.223927 -95.546391
7
33.011517 22.591996 -91.650649
24.678538 23.495768 -94.015523
23.022234 22.669864 -94.636431
21.199691 14.879932 -96.587581
31.953859 -6.723171 -94.518516
38.287428 -7.807554 -92.049525
41.201004 16.208888 -89.664648
6
-14.063279 -88.604763 44.174881
-14.847311 -91.324946 37.938261
-23.075274 -94.227206 24.264486
-32.327243 -86.680547 37.966197
-25.397376 -84.078694 47.809481
-24.485794 -84.318006 47.863553
6
-2.870098 -92.383386 -38.171620
4.261936 -97.620811 -21.260601
4.853724 -97.669686 -20.906309
26.533021 -92.404530 -27.520931
23.343131 -91.262273 -33.560331
4.403481 -89.185840 -45.016612
7
8.800936 -96.055827 26.378431
18.878870 -95.878059 21.236433
16.270763 -98.654461 1.599886
13.120880 -99.113205 -2.101223
5.718732 -99.809207 2.327738
-0.791049 -99.287906 11.886379
-0.954890 -98.785852 15.506242
7
-89.887754 -19.223227 39.378411
-93.735047 -8.982328 33.660939
-93.831588 12.460274 32.254840
-86.743021 13.589334 47.864165
-86.835665 -13.736533 47.653698
-87.499307 -19.662567 44.240873
-89.223888 -20.017009 40.477366
6
-2.640167 -74.011176 -67.196542
6.712819 -86.740197 -49.305945
9.505067 -86.104397 -49.956847
25.779752 -75.414948 -60.398593
25.680923 -75.283038 -60.604905
4.808300 -71.311522 -69.939596
6
4.038900 -47.816570 -87.734046
7.774554 -28.194654 -95.627495
4.114614 -23.768113 -97.047137
-3.614346 -25.686610 -96.577091
-7.684202 -46.500881 -88.196492
-5.355648 -48.081274 -87.518616
5
-55.101916 54.559895 -63.142670
-63.107008 58.841826 -50.548442
-68.443478 45.158747 -57.237906
-61.623085 39.533489 -68.115333
-53.809223 49.735460 -68.051095
5
-77.552445 57.147263 26.829248
-77.627817 53.733331 32.964393
-88.603193 35.604267 29.695294
-93.451508 26.442987 23.824024
-90.569582 41.317709 9.486716
5
-75.283155 -63.275823 -18.127791
-68.598216 -72.085054 -9.900996
-63.169990 -72.943913 -26.243817
-63.251316 -70.155605 -32.824719
-72.012190 -62.038107 -31.072783
4
-95.156137 -24.489090 18.590162
-97.650929 -10.362083 18.892415
-93.735047 -8.982328 33.660939
-89.887754 -19.223227 39.378411
6
25.459373 89.852865 35.753083
13.567776 90.363454 40.624644
13.194533 90.556312 40.316977
11.437009 96.743509 22.580705
20.933539 97.229323 10.404124
21.035705 97.197330 10.496582
7
71.532796 60.537379 34.903938
75.411073 52.010032 40.101455
73.109392 45.996397 50.391946
63.449428 50.701032 58.340170
56.635060 59.342566 57.192044
56.746505 71.119284 41.495562
61.098352 70.251418 36.492871
7
-50.380381 -57.207793 64.723147
-47.570970 -60.545397 63.806408
-44.610332 -70.322522 55.359382
-46.263748 -73.569334 49.469372
-48.242661 -73.530577 47.601470
-59.406240 -66.582348 45.140776
-59.386739 -62.776626 50.322068
6
-44.971780 82.743628 -33.630805
-58.532722 71.127502 -38.920417
-61.556038 66.420090 -42.417282
-45.330031 70.659423 -54.336307
-37.377169 77.267207 -51.310096
-36.919975 83.099610 -41.609738
5
82.218195 56.076093 -9.779584
80.055060 59.669332 -5.546005
66.334676 74.613836 -5.699676
69.488397 69.308000 -19.177170
80.975281 57.025983 -13.821762
5
12.668665 -63.106545 76.531490
3.635722 -65.111167 75.811064
-0.454539 -58.277991 81.261733
6.681946 -47.576774 87.702920
16.615672 -51.402828 84.152651
6
43.728321 -62.327033 -64.831897
50.386928 -61.038613 -61.118289
59.419376 -45.175966 -66.546749
53.732438 -41.365269 -73.496528
41.589344 -45.436412 -78.777274
40.983729 -60.196242 -68.532812
6
34.512123 93.604384 -6.865329
41.905153 88.647025 -19.638307
50.698452 83.491215 -21.421579
57.969828 81.366958 -4.349402
51.816043 85.510313 1.756138
48.073096 87.630014 3.155633
7
27.115028 -36.631781 -89.010605
10.049454 -49.875976 -86.089462
15.509930 -58.973754 -79.256156
20.211287 -59.655498 -77.670621
41.067271 -45.250915 -79.157021
35.639588 -38.475527 -85.143723
30.527260 -35.952379 -88.178869
8
-0.344993 97.094329 23.928483
-3.234993 98.268498 18.243826
-2.999017 98.790562 15.212851
7.816672 99.596813 -4.401634
12.076573 99.120552 -5.410408
13.559951 98.981952 -4.324446
20.933539 97.229323 10.404124
11.437009 96.743509 22.580705
5
86.235023 -49.501098 10.637766
94.265580 -32.253063 8.587226
94.735965 -31.245623 6.986274
92.741900 -37.385786 -1.114893
86.345108 -50.215316 4.790031
7
-56.660603 -82.364517 2.379578
-46.017549 -88.085349 11.106595
-27.452967 -95.627740 10.083156
-27.092047 -95.876994 8.580384
-46.070031 -88.271867 -9.253633
-51.735480 -85.237704 -7.614066
-57.086131 -82.103988 0.329947
5
-46.070031 -88.271867 -9.253633
-27.092047 -95.876994 8.580384
-24.461248 -96.840440 4.855572
-26.905411 -95.742904 -10.459211
-35.075683 -91.644712 -19.259884
7
40.983729 -60.196242 -68.532812
27.283235 -65.218150 -70.726360
25.680923 -75.283038 -60.604905
25.779752 -75.414948 -60.398593
34.858728 -76.361274 -54.349103
35.017682 -76.269511 -54.375763
43.728321 -62.327033 -64.831897
7
5.718732 -99.809207 2.327738
13.120880 -99.113205 -2.101223
13.276262 -99.022877 -4.267399
4.853724 -97.669686 -20.906309
4.261936 -97.620811 -21.260601
-8.876188 -98.747226 -13.046018
-10.611500 -99.331526 -4.543569
6
26.438704 -65.979503 70.339890
13.574507 -77.598229 61.597465
5.051222 -76.571504 64.119341
-1.180189 -72.274265 69.101648
3.635722 -65.111167 75.811064
12.668665 -63.106545 76.531490
8
-58.532722 71.127502 -38.920417
-57.817738 79.826963 -16.874983
-58.818398 79.601298 -14.283888
-77.352551 60.248903 -19.663484
-78.476153 58.496474 -20.485505
-67.482729 62.969364 -38.482989
-62.939167 65.094991 -42.441764
-61.556038 66.420090 -42.417282
5
28.285176 -95.121047 -12.326202
33.753928 -90.909342 -24.416467
26.533021 -92.404530 -27.520931
4.853724 -97.669686 -20.906309
13.276262 -99.022877 -4.267399
5
-48.094381 -65.224017 -58.589744
-64.083271 -48.866831 -59.206141
-66.579463 -55.474959 -49.896934
-58.026410 -67.176872 -46.045668
-47.198746 -67.521541 -56.684388
7
-5.516771 -73.377583 -67.714811
-23.209046 -82.679655 -51.238803
-12.526415 -91.279167 -38.874189
-2.870098 -92.383386 -38.171620
4.403481 -89.185840 -45.016612
6.712819 -86.740197 -49.305945
-2.640167 -74.011176 -67.196542
5
-63.251316 -70.155605 -32.824719
-63.169990 -72.943913 -26.243817
-53.409183 -83.308831 -14.390895
-47.091038 -81.816343 -32.992728
-61.929652 -70.654476 -34.244172
6
-39.630180 31.278282 86.319858
-39.488239 31.300246 86.376928
-40.156217 15.357568 90.286341
-48.021660 7.046320 87.431514
-53.732770 10.329043 83.702451
-51.756119 24.839640 81.879768
5
99.030866 -13.324569 -3.917060
97.367095 -6.406053 -21.877187
93.479442 -20.382585 -29.088556
96.623822 -24.297759 -8.570639
97.582327 -21.247308 -5.122634
7
-32.656314 86.255932 38.645561
-34.682505 82.530818 44.562181
-46.248412 75.927903 45.782508
-55.574289 73.792973 38.289627
-55.545973 77.683052 29.664596
-49.837492 81.433484 29.745791
-33.227419 86.596500 37.376260
6
91.709505 -19.119872 34.982812
82.461452 -35.194254 44.288525
78.631040 -26.664564 55.732939
79.827918 -15.792507 58.121426
87.605003 -7.606602 47.618305
89.789797 -10.317974 42.794062
8
89.418539 37.166750 -24.959117
79.219931 54.650041 -27.158340
75.852215 56.766246 -32.000543
72.977072 54.708779 -41.003615
73.253581 52.298280 -43.575255
75.367985 45.433712 -47.491522
81.275086 36.163978 -45.678520
86.269063 32.747631 -38.538831
7
5.616042 -17.560257 -98.285795
4.114614 -23.768113 -97.047137
7.774554 -28.194654 -95.627495
17.470867 -28.592742 -94.219021
21.940098 -13.715494 -96.594603
16.306187 -12.060136 -97.921711
9.390759 -13.985151 -98.570935
5
-48.094381 -65.224017 -58.589744
-47.065557 -59.575009 -65.081884
-49.581729 -49.044022 -71.668236
-64.868863 -45.426111 -61.061437
-64.083271 -48.866831 -59.206141
6
-33.353695 -39.522754 -85.589035
-30.596387 -55.608017 -77.276190
-11.921328 -65.806329 -74.346546
-5.355648 -48.081274 -87.518616
-7.684202 -46.500881 -88.196492
-25.476877 -39.384576 -88.316385
6
-98.020713 -9.449087 17.396968
-98.865224 -14.701666 3.086841
-99.789745 6.189425 -1.922984
-99.511506 9.855846 -0.567898
-98.789008 13.472811 7.695146
-98.195879 13.925388 12.792686
5
-64.435891 60.292420 47.040833
-55.574289 73.792973 38.289627
-46.248412 75.927903 45.782508
-47.325960 71.655323 51.242250
-58.431716 61.299402 53.180051
6
-49.019565 -35.429572 79.635593
-43.757558 -49.507902 75.061600
-51.849161 -52.825673 67.239221
-61.303476 -45.056825 64.898122
-61.624969 -42.764510 66.132896
-53.551305 -35.465700 76.644908
6
6.230200 47.712047 -87.662678
-9.142518 54.152154 -83.570082
-15.268666 49.073786 -85.782465
-17.452153 44.265241 -87.954595
-7.926782 28.192156 -95.615733
4.428536 30.951082 -94.986413
5
26.438704 -65.979503 70.339890
12.668665 -63.106545 76.531490
16.615672 -51.402828 84.152651
29.552638 -46.675038 83.355158
31.490480 -64.345741 69.770877
6
-98.195879 13.925388 12.792686
-95.547653 18.157878 23.258061
-93.831588 12.460274 32.254840
-93.735047 -8.982328 33.660939
-97.650929 -10.362083 18.892415
-98.020713 -9.449087 17.396968
8
92.533052 5.344171 -37.537637
92.505279 5.578495 -37.571981
87.808360 13.625317 -45.869844
82.699415 14.244366 -54.386623
81.604239 10.515635 -56.834581
81.650303 7.297920 -57.271008
87.652872 -2.076946 -48.090128
90.290679 -2.051480 -42.934656
5
73.477459 26.319957 -62.516581
79.345356 26.750089 -54.669436
81.275086 36.163978 -45.678520
75.367985 45.433712 -47.491522
65.119431 43.468924 -62.208619
5
-20.613828 97.649069 6.303120
-22.030460 97.345841 6.200492
-28.842533 95.464685 -7.389323
-22.315382 94.964621 -21.994191
-3.170807 99.709859 -6.920264
7
-82.646345 53.933706 -16.147354
-78.476153 58.496474 -20.485505
-77.352551 60.248903 -19.663484
-63.016474 77.642000 -0.802396
-66.100347 74.800089 5.974189
-77.218521 63.001975 8.249317
-83.805690 53.246456 -11.892066
5
55.582667 -82.859738 6.695599
58.491299 -80.365765 10.959553
61.164254 -78.354212 10.933957
67.864435 -72.993131 -8.149931
58.936110 -80.167137 -9.988242
5
-47.325960 71.655323 51.242250
-40.956230 69.418669 59.191516
-50.202884 59.957883 62.327543
-54.683552 59.716470 58.682641
-58.431716 61.299402 53.180051
4
5.718732 -99.809207 2.327738
-10.611500 -99.331526 -4.543569
-16.383395 -98.630146 1.917992
-0.791049 -99.287906 11.886379
7
-33.329430 55.052264 76.540168
-38.849380 58.793131 70.951346
-32.186901 72.459145 60.939935
-29.292222 74.140394 60.375225
-28.140443 73.637754 61.527203
-19.482420 55.953415 80.558368
-22.731979 52.944541 81.732079
6
-81.385797 -49.770041 -29.988249
-87.080899 -34.452932 -35.070108
-93.864943 -24.694995 -24.073424
-93.677105 -32.079282 -13.982837
-88.579273 -44.480785 -13.235264
-85.239363 -49.261596 -17.536995
9
-3.170807 99.709859 -6.920264
-22.315382 94.964621 -21.994191
-22.370550 94.917512 -22.141011
-18.510996 93.109088 -31.433116
10.886643 91.300007 -39.316533
12.541828 92.508422 -35.845424
14.907664 96.491793 -21.612393
12.076573 99.120552 -5.410408
7.816672 99.596813 -4.401634
5
66.334676 74.613836 -5.699676
80.055060 59.669332 -5.546005
79.570881 60.018941 8.136438
68.117068 72.756711 8.156346
63.814684 76.925828 -3.178548
5
89.695789 18.829472 40.001454
87.271394 -1.288687 48.806179
76.699145 8.037387 63.660361
77.532334 27.495115 56.857329
78.172527 28.601799 55.416542
6
-17.452153 44.265241 -87.954595
-18.504652 44.090385 -87.827193
-37.321108 32.258365 -86.985820
-22.037496 17.689986 -95.923997
-16.029836 17.102540 -97.213926
-7.926782 28.192156 -95.615733
7
3.225761 -30.373064 95.221171
6.662592 -42.238332 90.396533
5.916971 -45.574096 88.814364
-22.795243 -44.120067 86.797446
-23.723653 -35.956793 90.245761
-5.438270 -29.940291 95.257568
3.140017 -30.264868 95.258480
5
45.817893 12.852088 87.951944
45.053526 2.668972 89.235959
42.395585 1.585725 90.554403
31.064142 6.353034 94.840171
36.424182 20.106741 90.934031
5
97.582327 -21.247308 -5.122634
95.767288 -28.217519 5.691932
97.266520 -18.809962 13.616514
99.469050 -10.261010 -0.787249
99.030866 -13.324569 -3.917060
6
-37.062891 59.472919 -71.339429
-41.235420 58.618335 -69.739020
-48.267829 49.196231 -72.456522
-42.858498 41.442886 -80.284720
-34.858905 49.408827 -79.646874
-32.862573 55.189599 -76.643065
4
97.573586 -6.307612 20.966865
97.258282 -18.796176 13.694175
93.225093 -27.047793 24.031207
91.909202 -19.163679 34.430394
5
72.977072 54.708779 -41.003615
60.630440 68.143310 -40.993158
49.419247 71.622722 -49.273966
57.499364 59.253641 -56.416568
73.253581 52.298280 -43.575255
5
-8.102561 -8.541324 99.304553
-5.438270 -29.940291 95.257568
-23.723653 -35.956793 90.245761
-32.226795 -24.502656 91.438797
-19.145356 -8.896831 97.746109
6
-58.082506 41.565261 69.991082
-60.945800 44.230829 65.796985
-54.683552 59.716470 58.682641
-50.202884 59.957883 62.327543
-47.737419 57.266432 66.646040
-50.236895 48.385466 71.659619
5
27.283235 -65.218150 -70.726360
20.211287 -59.655498 -77.670621
15.509930 -58.973754 -79.256156
4.808300 -71.311522 -69.939596
25.680923 -75.283038 -60.604905
6
57.254114 56.251080 -59.647149
57.499364 59.253641 -56.416568
49.419247 71.622722 -49.273966
48.447009 72.195813 -49.402954
45.159903 72.619183 -51.836641
43.765941 57.251240 -69.331363
4
72.850887 -67.029282 -14.135897
69.656326 -71.184609 -8.985976
72.956703 -67.906537 8.125371
78.975745 -61.341523 -0.221733
6
-67.530561 -10.371606 73.020909
-65.961721 -14.735230 73.701590
-67.959439 -29.911803 66.983570
-78.798688 -31.161673 53.101007
-84.059565 -22.671037 49.193634
-67.532100 -10.369524 73.019781
7
93.019138 19.576372 31.051661
96.447791 9.153898 24.779623
96.534919 8.597915 24.639100
89.789797 -10.317974 42.794062
87.605003 -7.606602 47.618305
87.271394 -1.288687 48.806179
89.695789 18.829472 40.001454
7
-73.788099 22.043963 -63.791693
-61.574423 35.886672 -70.147966
-61.623085 39.533489 -68.115333
-68.443478 45.158747 -57.237906
-72.402925 40.882419 -55.555776
-75.755936 25.594316 -60.049722
-74.098769 22.097257 -63.412015
4
-5.353295 80.902696 58.532863
-8.492906 84.871181 52.199168
12.067861 88.584114 44.802025
9.304061 79.529867 59.903546
7
-64.851820 -15.620106 74.500025
-65.961721 -14.735230 73.701590
-67.530561 -10.371606 73.020909
-46.640839 -2.324201 88.426411
-41.836926 -6.633785 90.585123
-34.490371 -23.598899 90.848810
-39.208991 -24.805701 88.585169
7
-76.428842 -54.907326 -33.820373
-74.599796 -52.372900 -41.133318
-75.927001 -45.194941 -46.824223
-80.260921 -36.225873 -47.390618
-83.224773 -32.446840 -44.953751
-87.080899 -34.452932 -35.070108
-81.385797 -49.770041 -29.988249
7
62.273067 -69.965197 35.027651
67.401841 -70.547348 21.910354
66.600498 -73.421048 13.180418
61.164254 -78.354212 10.933957
58.491299 -80.365765 10.959553
56.327021 -81.224718 15.159549
56.355764 -74.814833 35.025256
6
-98.789008 13.472811 7.695146
-89.571080 44.235420 -4.499920
-90.569582 41.317709 9.486716
-93.451508 26.442987 23.824024
-95.547653 18.157878 23.258061
-98.195879 13.925388 12.792686
6
-97.654821 -7.659739 -20.121243
-96.733891 -14.045649 -21.101518
-94.644074 -20.832166 -24.668201
-90.812837 -12.352145 -40.005664
-92.108123 6.837276 -38.332041
-93.107814 11.010835 -34.780692
5
62.532441 7.845508 77.641109
53.056202 23.086762 81.560044
53.020746 23.294051 81.524154
65.792382 28.513030 69.702005
68.757302 27.112105 67.359982
5
-3.355823 3.310865 -99.888821
-12.329652 10.680255 -98.660589
-19.363710 -13.055548 -97.234764
-15.493221 -15.912341 -97.502603
-6.006163 -9.555034 -99.361096
5
-33.679229 -90.661141 -25.421782
-35.075683 -91.644712 -19.259884
-26.905411 -95.742904 -10.459211
-15.747548 -97.446154 -16.008181
-21.289251 -92.838798 -30.458585
5
-7.377403 20.047323 97.691754
-16.739771 26.666530 94.914047
-10.857998 36.145365 92.604624
3.285390 38.053499 92.418274
4.212409 28.469893 95.769102
6
67.382871 72.763239 12.847559
57.217044 78.554592 23.566630
51.816043 85.510313 1.756138
57.969828 81.366958 -4.349402
63.814684 76.925828 -3.178548
68.117068 72.756711 8.156346
6
-63.096367 25.303961 73.338653
-51.756119 24.839640 81.879768
-53.732770 10.329043 83.702451
-63.559137 8.356097 76.749018
-66.043642 18.549281 72.760989
-65.949186 19.160772 72.688167
6
-55.545973 77.683052 29.664596
-58.795934 76.899145 25.091028
-58.784636 78.982786 17.495317
-47.350978 87.502840 10.056733
-41.374751 89.803577 14.948161
-49.837492 81.433484 29.745791
9
59.802901 -75.994015 -25.466109
55.301877 -80.943425 -19.744981
55.774728 -81.685963 -14.716767
58.936110 -80.167137 -9.988242
67.864435 -72.993131 -8.149931
69.656326 -71.184609 -8.985976
72.850887 -67.029282 -14.135897
72.993096 -66.672022 -15.061523
61.931676 -74.063359 -26.059287
5
31.802533 -28.961031 -90.276562
43.335109 -10.865584 -89.465118
38.287428 -7.807554 -92.049525
31.953859 -6.723171 -94.518516
23.338899 -13.435246 -96.305711
8
-12.867070 69.843674 -70.400993
-6.849658 64.843484 -75.818235
14.521763 64.621183 -74.921432
20.800954 72.292283 -65.887374
21.354871 79.211574 -57.179507
12.565535 84.971083 -51.205687
2.827551 83.423532 -55.068314
-12.596260 72.103170 -68.135652
6
-19.154961 67.386392 -71.359384
-26.264036 57.555374 -77.444040
-15.268666 49.073786 -85.782465
-9.142518 54.152154 -83.570082
-6.849658 64.843484 -75.818235
-12.867070 69.843674 -70.400993
7
-28.278973 87.461622 39.379745
-32.656314 86.255932 38.645561
-33.227419 86.596500 37.376260
-31.635236 92.048687 22.940160
-18.370686 95.496082 23.302707
-16.537900 95.547418 24.437447
-13.198073 93.507559 32.896006
7
54.268251 38.199868 -74.804592
62.440503 44.079180 -64.484180
57.254114 56.251080 -59.647149
43.765941 57.251240 -69.331363
42.455401 55.895013 -71.227006
47.143072 44.607273 -76.077079
51.813632 39.295379 -75.968551
9
68.270199 -20.418285 -70.158917
68.933427 -20.715478 -69.419389
79.955110 -14.027462 -58.398722
80.078048 -13.304535 -58.399448
77.232777 -0.630135 -63.519297
69.162316 1.490796 -72.210467
68.322648 -0.159552 -73.020479
64.939423 -14.633885 -74.623862
65.637230 -16.892608 -73.528184
8
67.631407 -59.054448 44.029138
67.417746 -59.496141 43.761362
45.267264 -71.300364 53.545615
40.592784 -67.147277 61.995718
40.507490 -66.382623 62.868836
57.801861 -47.938128 66.036965
60.003581 -47.560573 64.323885
67.863905 -51.773003 52.096512
5
49.537533 -78.242096 -37.738670
40.183907 -84.857470 -34.416034
38.410679 -88.061570 -27.744904
55.301877 -80.943425 -19.744981
59.802901 -75.994015 -25.466109
7
8.800936 -96.055827 26.378431
7.297896 -95.053773 30.191405
6.650315 -90.839092 41.279930
19.970007 -85.872372 47.192526
27.269207 -92.775717 25.476592
22.857894 -94.824439 22.041833
18.878870 -95.878059 21.236433
7
34.858728 -76.361274 -54.349103
33.920723 -81.656418 -46.707751
40.183907 -84.857470 -34.416034
49.537533 -78.242096 -37.738670
50.885700 -75.914286 -40.591460
48.476416 -72.237828 -49.312608
35.017682 -76.269511 -54.375763
4
-71.921355 -54.917500 42.560391
-60.328586 -66.196067 44.480809
-70.402609 -65.153463 28.257722
-76.136785 -56.425275 31.927704
7
-72.511873 32.946094 60.469688
-72.308858 38.251103 57.517669
-67.393679 44.563107 58.925559
-60.945800 44.230829 65.796985
-58.082506 41.565261 69.991082
-58.223229 40.135353 70.705085
-63.331905 29.200293 71.668771
5
66.000187 -55.226162 -50.931782
61.748163 -44.933658 -64.561062
59.419376 -45.175966 -66.546749
50.386928 -61.038613 -61.118289
53.395646 -63.287096 -56.068248
6
48.783155 -87.211178 3.796606
48.406958 -86.992401 -9.438672
41.769638 -90.017298 -12.336267
36.881158 -92.926397 2.113033
37.091414 -92.761431 4.420850
38.984424 -91.927814 5.430627
5
-42.858683 41.441837 -80.285163
-58.693540 34.435632 -73.275204
-55.257474 21.817858 -80.439994
-46.458003 24.028849 -85.230677
-39.361228 32.596003 -85.954606
5
36.881158 -92.926397 2.113033
41.769638 -90.017298 -12.336267
34.563755 -90.566153 -24.558478
33.753928 -90.909342 -24.416467
28.285176 -95.121047 -12.326202
7
-51.849161 -52.825673 67.239221
-43.757558 -49.507902 75.061600
-25.236231 -51.784889 81.740186
-24.891490 -64.243487 72.478880
-26.222592 -64.982002 71.342239
-47.570970 -60.545397 63.806408
-50.380381 -57.207793 64.723147
5
64.790880 -65.653325 -38.623604
72.222297 -55.894759 -40.739608
66.000187 -55.226162 -50.931782
53.395646 -63.287096 -56.068248
52.507933 -67.612380 -51.686391
5
-32.265050 -69.540725 -64.211012
-10.886758 -68.606347 -71.935024
-11.921328 -65.806329 -74.346546
-30.596387 -55.608017 -77.276190
-31.190200 -56.452748 -76.421585
5
60.003581 -47.560573 64.323885
57.801861 -47.938128 66.036965
48.644728 -35.676000 79.755335
66.840201 -20.917960 71.378053
69.651431 -33.339755 63.538484
5
40.983729 -60.196242 -68.532812
41.589344 -45.436412 -78.777274
41.067271 -45.250915 -79.157021
20.211287 -59.655498 -77.670621
27.283235 -65.218150 -70.726360
5
37.414521 43.971617 81.649559
45.972734 44.643402 76.768967
50.903457 38.191971 77.137613
52.577951 23.928288 81.627178
35.092529 28.753833 89.116393
7
-8.486319 74.500969 66.163344
-28.140443 73.637754 61.527203
-29.292222 74.140394 60.375225
-29.103027 75.484698 58.779879
-10.176165 85.366768 51.077985
-8.492906 84.871181 52.199168
-5.353295 80.902696 58.532863
6
-64.083271 -48.866831 -59.206141
-64.868863 -45.426111 -61.061437
-65.073421 -45.094071 -61.089891
-75.927001 -45.194941 -46.824223
-74.599796 -52.372900 -41.133318
-66.579463 -55.474959 -49.896934
7
-61.623085 39.533489 -68.115333
-61.574423 35.886672 -70.147966
-58.693540 34.435632 -73.275204
-42.858683 41.441837 -80.285163
-42.858498 41.442886 -80.284720
-48.267829 49.196231 -72.456522
-53.809223 49.735460 -68.051095
6
25.268822 27.999193 92.614965
15.734735 15.645031 97.507185
4.212409 28.469893 95.769102
3.285390 38.053499 92.418274
10.373172 47.113627 87.593969
10.981273 46.861872 87.654872
5
-93.677105 -32.079282 -13.982837
-95.868106 -28.082433 4.547880
-95.335476 -29.445386 6.642006
-87.259753 -48.830312 1.155931
-88.579273 -44.480785 -13.235264
6
58.491299 -80.365765 10.959553
55.582667 -82.859738 6.695599
48.783155 -87.211178 3.796606
38.984424 -91.927814 5.430627
40.922428 -87.543320 25.720068
56.327021 -81.224718 15.159549
5
-67.393679 44.563107 58.925559
-72.308858 38.251103 57.517669
-78.391580 38.721819 48.532267
-77.261717 53.728786 33.820771
-66.243391 58.904058 46.283097
6
85.463970 -51.915645 0.821930
85.831532 -49.675596 -12.856254
81.639812 -52.322348 -24.439988
72.993096 -66.672022 -15.061523
72.850887 -67.029282 -14.135897
78.975745 -61.341523 -0.221733
6
-50.380381 -57.207793 64.723147
-59.386739 -62.776626 50.322068
-64.755466 -51.004785 56.614852
-62.595871 -45.704676 63.188919
-61.303476 -45.056825 64.898122
-51.849161 -52.825673 67.239221
5
-49.837492 81.433484 29.745791
-41.374751 89.803577 14.948161
-34.566384 92.302254 16.895534
-31.635236 92.048687 22.940160
-33.227419 86.596500 37.376260
6
-13.990815 -21.970080 -96.548292
-3.614346 -25.686610 -96.577091
4.114614 -23.768113 -97.047137
5.616042 -17.560257 -98.285795
-6.006163 -9.555034 -99.361096
-15.493221 -15.912341 -97.502603
7
6.650315 -90.839092 41.279930
-2.102422 -88.902667 45.737246
5.051222 -76.571504 64.119341
13.574507 -77.598229 61.597465
21.210140 -84.309382 49.417184
21.084783 -85.040545 48.203088
19.970007 -85.872372 47.192526
6
10.981273 46.861872 87.654872
10.373172 47.113627 87.593969
10.247518 47.409203 87.449161
16.976915 57.171100 80.269855
30.337627 60.398132 73.700027
34.436832 46.061491 81.807357
5
-76.979487 -44.063169 46.180036
-76.488329 -39.023855 51.251091
-62.595871 -45.704676 63.188919
-64.755466 -51.004785 56.614852
-72.621435 -51.855602 45.134507
7
12.565535 84.971083 -51.205687
21.354871 79.211574 -57.179507
23.456823 79.067904 -56.551252
37.624220 85.649288 -35.335784
34.427610 87.928698 -32.913277
12.541828 92.508422 -35.845424
10.886643 91.300007 -39.316533
6
-67.959439 -29.911803 66.983570
-61.624969 -42.764510 66.132896
-61.303476 -45.056825 64.898122
-62.595871 -45.704676 63.188919
-76.488329 -39.023855 51.251091
-78.798688 -31.161673 53.101007
7
-57.086131 -82.103988 0.329947
-67.741819 -73.476677 -3.496255
-78.150015 -62.244798 4.261481
-79.038491 -60.910425 6.545004
-68.316885 -69.676958 21.861491
-61.094936 -76.145085 21.664135
-56.660603 -82.364517 2.379578
5
14.627394 69.325256 70.569457
16.976915 57.171100 80.269855
10.247518 47.409203 87.449161
-3.532911 57.717070 81.585896
13.134608 70.157563 70.038550
7
53.732438 -41.365269 -73.496528
53.795719 -41.183428 -73.552334
53.463648 -27.624061 -79.865822
48.347777 -23.087867 -84.436028
35.639588 -38.475527 -85.143723
41.067271 -45.250915 -79.157021
41.589344 -45.436412 -78.777274
7
-76.136785 -56.425275 31.927704
-70.402609 -65.153463 28.257722
-68.316885 -69.676958 21.861491
-79.038491 -60.910425 6.545004
-81.408880 -57.507920 8.089090
-82.770937 -54.556597 13.135819
-79.672580 -53.160747 28.743957
7
-94.644074 -20.832166 -24.668201
-93.864943 -24.694995 -24.073424
-87.080899 -34.452932 -35.070108
-83.224773 -32.446840 -44.953751
-83.188063 -23.864504 -50.102212
-85.052355 -15.892017 -50.135224
-90.812837 -12.352145 -40.005664
7
-58.788587 -36.191286 -72.347031
-64.803216 -39.843981 -64.907629
-65.415893 -44.064021 -61.474572
-65.073421 -45.094071 -61.089891
-64.868863 -45.426111 -61.061437
-49.581729 -49.044022 -71.668236
-46.559708 -44.675217 -76.395802
6
-44.259806 69.694783 -56.424346
-45.250332 61.191482 -64.869176
-41.235420 58.618335 -69.739020
-37.062891 59.472919 -71.339429
-32.273438 66.908114 -66.945720
-33.704731 68.881598 -64.181902
6
42.395585 1.585725 90.554403
45.053526 2.668972 89.235959
57.460920 -1.594715 81.827254
56.797247 -10.242172 81.664990
43.266135 -29.069461 85.340541
36.693762 -17.718347 91.321564
5
67.863905 -51.773003 52.096512
82.256446 -35.991921 44.027932
84.121282 -42.710834 33.157120
78.870848 -52.147755 32.557657
67.631407 -59.054448 44.029138
5
-88.603193 35.604267 29.695294
-77.627817 53.733331 32.964393
-77.261717 53.728786 33.820771
-78.391580 38.721819 48.532267
-82.605168 30.085429 47.657667
6
-59.762331 -66.514126 44.769799
-58.826759 -77.023733 24.632436
-61.094936 -76.145085 21.664135
-68.316885 -69.676958 21.861491
-70.402609 -65.153463 28.257722
-60.328586 -66.196067 44.480809
7
78.172527 28.601799 55.416542
73.109392 45.996397 50.391946
75.411073 52.010032 40.101455
86.074236 43.264381 26.821991
93.020704 20.305410 30.575135
93.019138 19.576372 31.051661
89.695789 18.829472 40.001454
6
-66.243391 58.904058 46.283097
-64.435891 60.292420 47.040833
-58.431716 61.299402 53.180051
-54.683552 59.716470 58.682641
-60.945800 44.230829 65.796985
-67.393679 44.563107 58.925559
5
24.093338 -10.042236 96.533230
27.499613 -14.218758 95.087319
19.791750 -23.371611 95.194824
7.784967 -21.416294 97.369074
7.572930 -8.296958 99.367053
5
72.977072 54.708779 -41.003615
75.852215 56.766246 -32.000543
68.568869 68.869171 -23.565812
62.366352 72.778051 -28.527067
60.630440 68.143310 -40.993158
9
10.247518 47.409203 87.449161
10.373172 47.113627 87.593969
3.285390 38.053499 92.418274
-10.857998 36.145365 92.604624
-23.089790 51.570376 82.506714
-22.731979 52.944541 81.732079
-19.482420 55.953415 80.558368
-8.958572 59.241391 80.063734
-3.532911 57.717070 81.585896
6
75.367985 45.433712 -47.491522
73.253581 52.298280 -43.575255
57.499364 59.253641 -56.416568
57.254114 56.251080 -59.647149
62.440503 44.079180 -64.484180
65.119431 43.468924 -62.208619
5
-0.954890 -98.785852 15.506242
-11.948569 -97.239068 20.044833
-8.394731 -95.392232 28.807126
7.297896 -95.053773 30.191405
8.800936 -96.055827 26.378431
7
-36.048256 93.227897 -3.013716
-39.861419 91.645954 -3.476540
-42.824986 88.955414 -15.904555
-39.849266 88.712458 -23.283808
-22.370550 94.917512 -22.141011
-22.315382 94.964621 -21.994191
-28.842533 95.464685 -7.389323
6
-98.726074 -15.659547 2.817976
-95.868106 -28.082433 4.547880
-93.677105 -32.079282 -13.982837
-93.864943 -24.694995 -24.073424
-94.644074 -20.832166 -24.668201
-96.733891 -14.045649 -21.101518
6
84.121282 -42.710834 33.157120
87.931556 -41.051450 24.141665
85.762167 -49.878209 12.530561
80.336331 -57.023381 17.158319
78.411314 -57.932039 22.260833
78.870848 -52.147755 32.557657
6
-61.094936 -76.145085 21.664135
-58.826759 -77.023733 24.632436
-46.041012 -83.345767 30.556640
-44.957818 -84.095596 30.111880
-46.017549 -88.085349 11.106595
-56.660603 -82.364517 2.379578
7
-36.358074 32.873853 87.163067
-21.787805 25.200830 94.287909
-24.642071 7.929405 96.591371
-29.129720 7.769155 95.347258
-40.156217 15.357568 90.286341
-39.488239 31.300246 86.376928
-39.023434 31.703217 86.441180
9
-16.383395 -98.630146 1.917992
-24.461248 -96.840440 4.855572
-27.092047 -95.876994 8.580384
-27.452967 -95.627740 10.083156
-26.224773 -95.343756 14.893937
-23.771579 -95.480950 17.840968
-11.948569 -97.239068 20.044833
-0.954890 -98.785852 15.506242
-0.791049 -99.287906 11.886379
6
-5.853995 11.101033 99.209364
-7.377403 20.047323 97.691754
4.212409 28.469893 95.769102
15.734735 15.645031 97.507185
15.693582 14.061771 97.754683
3.798150 2.987829 99.883166
7
35.092529 28.753833 89.116393
52.577951 23.928288 81.627178
53.020746 23.294051 81.524154
53.056202 23.086762 81.560044
45.817893 12.852088 87.951944
36.424182 20.106741 90.934031
34.577895 28.309681 89.459103
5
-48.242661 -73.530577 47.601470
-46.041012 -83.345767 30.556640
-58.826759 -77.023733 24.632436
-59.762331 -66.514126 44.769799
-59.406240 -66.582348 45.140776
6
-25.873980 -81.745112 -51.461383
-23.209046 -82.679655 -51.238803
-5.516771 -73.377583 -67.714811
-10.886758 -68.606347 -71.935024
-32.265050 -69.540725 -64.211012
-36.708906 -72.355525 -58.456259
4
65.637230 -16.892608 -73.528184
53.463648 -27.624061 -79.865822
53.795719 -41.183428 -73.552334
68.270199 -20.418285 -70.158917
6
-73.788099 22.043963 -63.791693
-69.026462 14.991772 -70.785552
-59.626142 15.645669 -78.739674
-55.257474 21.817858 -80.439994
-58.693540 34.435632 -73.275204
-61.574423 35.886672 -70.147966
4
-36.048256 93.227897 -3.013716
-28.842533 95.464685 -7.389323
-22.030460 97.345841 6.200492
-32.132668 93.826164 12.811813
5
-58.795934 76.899145 25.091028
-77.274065 57.962230 25.866943
-77.218521 63.001975 8.249317
-66.100347 74.800089 5.974189
-58.784636 78.982786 17.495317
7
52.283267 0.058283 -85.243514
41.732015 16.021646 -89.452478
41.201004 16.208888 -89.664648
38.287428 -7.807554 -92.049525
43.335109 -10.865584 -89.465118
46.565523 -11.098882 -87.797875
48.320708 -9.977660 -86.980202
7
15.693582 14.061771 97.754683
15.734735 15.645031 97.507185
25.268822 27.999193 92.614965
34.577895 28.309681 89.459103
36.424182 20.106741 90.934031
31.064142 6.353034 94.840171
28.913583 6.069662 95.536192
5
93.479442 -20.382585 -29.088556
92.777849 -21.414659 -30.556228
92.309659 -33.852759 -18.246028
94.000469 -32.595524 -10.071925
96.623822 -24.297759 -8.570639
5
42.132933 -82.821716 36.951038
39.831027 -87.449536 27.677931
27.269207 -92.775717 25.476592
19.970007 -85.872372 47.192526
21.084783 -85.040545 48.203088
6
67.298101 -19.303069 71.402781
74.649252 -11.749154 65.493867
79.827918 -15.792507 58.121426
78.631040 -26.664564 55.732939
69.651431 -33.339755 63.538484
66.840201 -20.917960 71.378053
6
-60.261558 -9.018372 -79.291952
-59.772890 -23.439683 -76.666700
-58.056690 -24.875208 -77.528348
-50.874337 -25.665791 -82.177059
-47.449452 -8.003303 -87.661261
-58.729706 -5.902198 -80.721656
6
-77.644102 24.021056 58.261327
-65.949186 19.160772 72.688167
-66.043642 18.549281 72.760989
-80.579988 8.062256 58.667415
-84.762294 14.844065 50.941214
-83.757407 17.750223 51.668427
8
-92.399840 19.819700 -32.702432
-92.083380 20.592879 -33.114716
-91.836950 21.341368 -33.324474
-87.067621 41.311092 -26.695001
-82.646345 53.933706 -16.147354
-83.805690 53.246456 -11.892066
-89.466907 44.413403 -4.808552
-97.071389 18.739016 -15.033118
7
97.582327 -21.247308 -5.122634
96.623822 -24.297759 -8.570639
94.000469 -32.595524 -10.071925
92.947391 -35.937753 -8.322284
92.741900 -37.385786 -1.114893
94.735965 -31.245623 6.986274
95.767288 -28.217519 5.691932
5
-38.849380 58.793131 70.951346
-47.737419 57.266432 66.646040
-50.202884 59.957883 62.327543
-40.956230 69.418669 59.191516
-32.186901 72.459145 60.939935
6
46.431300 75.601149 46.136761
40.380575 70.475889 58.331452
28.671202 76.916383 57.112452
28.393728 77.149317 56.936624
32.743545 87.122828 36.571479
36.432535 86.122772 35.433580
5
10.998669 73.226931 67.207483
13.134608 70.157563 70.038550
-3.532911 57.717070 81.585896
-8.958572 59.241391 80.063734
-6.559055 71.536792 69.566272
5
45.159903 72.619183 -51.836641
48.447009 72.195813 -49.402954
46.666203 81.558330 -34.212632
37.624220 85.649288 -35.335784
23.456823 79.067904 -56.551252
7
-58.223229 40.135353 70.705085
-58.082506 41.565261 69.991082
-50.236895 48.385466 71.659619
-45.473402 46.911985 75.706244
-39.023434 31.703217 86.441180
-39.488239 31.300246 86.376928
-39.630180 31.278282 86.319858
5
-23.089790 51.570376 82.506714
-10.857998 36.145365 92.604624
-16.739771 26.666530 94.914047
-21.787805 25.200830 94.287909
-36.358074 32.873853 87.163067
6
86.269063 32.747631 -38.538831
81.275086 36.163978 -45.678520
79.345356 26.750089 -54.669436
82.699415 14.244366 -54.386623
87.808360 13.625317 -45.869844
86.672089 31.708402 -38.503587
5
55.582667 -82.859738 6.695599
58.936110 -80.167137 -9.988242
55.774728 -81.685963 -14.716767
48.406958 -86.992401 -9.438672
48.783155 -87.211178 3.796606
7
97.367095 -6.406053 -21.877187
99.030866 -13.324569 -3.917060
99.469050 -10.261010 -0.787249
99.595393 -8.983035 -0.250497
99.735319 5.985063 -4.128577
97.652789 1.012561 -21.515288
97.338122 -0.630524 -22.910531
5
-45.473402 46.911985 75.706244
-50.236895 48.385466 71.659619
-47.737419 57.266432 66.646040
-38.849380 58.793131 70.951346
-33.329430 55.052264 76.540168
6
87.271394 -1.288687 48.806179
87.605003 -7.606602 47.618305
79.827918 -15.792507 58.121426
74.649252 -11.749154 65.493867
71.871066 1.791021 69.507856
76.699145 8.037387 63.660361
5
-24.683402 79.164469 -55.890218
-37.377169 77.267207 -51.310096
-45.330031 70.659423 -54.336307
-44.259806 69.694783 -56.424346
-33.704731 68.881598 -64.181902
7
40.507490 -66.382623 62.868836
31.490480 -64.345741 69.770877
29.552638 -46.675038 83.355158
33.475804 -39.033514 85.765700
43.119262 -32.548957 84.150428
48.644728 -35.676000 79.755335
57.801861 -47.938128 66.036965
6
92.947391 -35.937753 -8.322284
94.000469 -32.595524 -10.071925
92.309659 -33.852759 -18.246028
81.548257 -51.124318 -27.132744
81.639812 -52.322348 -24.439988
85.831532 -49.675596 -12.856254
6
79.955110 -14.027462 -58.398722
84.036350 -24.741218 -48.226176
90.305572 -19.752716 -38.140974
90.290679 -2.051480 -42.934656
87.652872 -2.076946 -48.090128
80.078048 -13.304535 -58.399448
6
82.699415 14.244366 -54.386623
79.345356 26.750089 -54.669436
73.477459 26.319957 -62.516581
69.264353 21.801019 -68.754381
70.961571 16.035514 -68.609896
81.604239 10.515635 -56.834581
6
81.604239 10.515635 -56.834581
70.961571 16.035514 -68.609896
68.814368 3.578229 -72.469159
69.162316 1.490796 -72.210467
77.232777 -0.630135 -63.519297
81.650303 7.297920 -57.271008
7
80.959451 57.561757 11.498323
83.065019 54.352261 12.084463
86.375245 43.747934 25.008705
86.074236 43.264381 26.821991
75.411073 52.010032 40.101455
71.532796 60.537379 34.903938
73.310300 62.776339 26.167369
4
-25.476877 -39.384576 -88.316385
-7.684202 -46.500881 -88.196492
-3.614346 -25.686610 -96.577091
-13.990815 -21.970080 -96.548292
7
47.827805 48.249118 73.379314
45.972734 44.643402 76.768967
37.414521 43.971617 81.649559
34.436832 46.061491 81.807357
30.337627 60.398132 73.700027
31.102030 62.090172 71.954668
40.461264 64.147440 65.176622
6
14.907664 96.491793 -21.612393
36.093055 90.280592 -23.381746
41.905153 88.647025 -19.638307
34.512123 93.604384 -6.865329
13.559951 98.981952 -4.324446
12.076573 99.120552 -5.410408
6
6.230200 47.712047 -87.662678
10.855893 50.997061 -85.331409
14.854904 63.458034 -75.844642
14.521763 64.621183 -74.921432
-6.849658 64.843484 -75.818235
-9.142518 54.152154 -83.570082
6
-70.582834 -10.814250 -70.007968
-75.513647 -14.223191 -63.995234
-72.627067 -24.996198 -64.035140
-69.212680 -26.621539 -67.088737
-64.264539 -23.057043 -73.064641
-70.219002 -11.089219 -70.330086
6
-13.198073 93.507559 32.896006
-16.537900 95.547418 24.437447
-3.234993 98.268498 18.243826
-0.344993 97.094329 23.928483
-0.923340 94.050708 33.964860
-7.005320 93.014997 36.043526
6
-48.443480 6.557261 -87.236641
-42.843213 12.775080 -89.449742
-46.458003 24.028849 -85.230677
-55.257474 21.817858 -80.439994
-59.626142 15.645669 -78.739674
-57.403524 9.501425 -81.329935
4
-12.596260 72.103170 -68.135652
2.827551 83.423532 -55.068314
-20.275694 85.386047 -47.938703
-24.675710 79.167198 -55.889750
8
-46.070031 -88.271867 -9.253633
-35.075683 -91.644712 -19.259884
-33.679229 -90.661141 -25.421782
-41.037099 -84.707796 -33.771967
-43.679152 -83.189003 -34.230419
-47.091038 -81.816343 -32.992728
-53.409183 -83.308831 -14.390895
-51.735480 -85.237704 -7.614066
5
-7.359070 -88.493540 45.986275
-14.063279 -88.604763 44.174881
-24.485794 -84.318006 47.863553
-10.953151 -72.599141 67.892512
-8.794563 -72.960564 67.818963
5
86.074236 43.264381 26.821991
86.375245 43.747934 25.008705
92.355009 37.365611 8.623427
95.258204 28.653117 10.240774
93.020704 20.305410 30.575135
7
-85.239363 -49.261596 -17.536995
-88.579273 -44.480785 -13.235264
-87.259753 -48.830312 1.155931
-81.408880 -57.507920 8.089090
-79.038491 -60.910425 6.545004
-78.150015 -62.244798 4.261481
-80.413621 -58.157547 -12.302413
6
59.738201 26.908660 -75.546484
69.264353 21.801019 -68.754381
73.477459 26.319957 -62.516581
65.119431 43.468924 -62.208619
62.440503 44.079180 -64.484180
54.268251 38.199868 -74.804592
8
85.463970 -51.915645 0.821930
78.975745 -61.341523 -0.221733
72.956703 -67.906537 8.125371
72.515130 -68.193964 9.546682
80.336331 -57.023381 17.158319
85.762167 -49.878209 12.530561
86.235023 -49.501098 10.637766
86.345108 -50.215316 4.790031
6
3.192935 -3.090337 99.901226
-8.102561 -8.541324 99.304553
-19.145356 -8.896831 97.746109
-23.739321 7.153224 96.877634
-5.853995 11.101033 99.209364
3.798150 2.987829 99.883166
7
-89.571080 44.235420 -4.499920
-89.466907 44.413403 -4.808552
-83.805690 53.246456 -11.892066
-77.218521 63.001975 8.249317
-77.274065 57.962230 25.866943
-77.552445 57.147263 26.829248
-90.569582 41.317709 9.486716
7
38.984424 -91.927814 5.430627
37.091414 -92.761431 4.420850
36.221380 -93.089648 4.725358
22.857894 -94.824439 22.041833
27.269207 -92.775717 25.476592
39.831027 -87.449536 27.677931
40.922428 -87.543320 25.720068
8
82.256446 -35.991921 44.027932
82.461452 -35.194254 44.288525
91.709505 -19.119872 34.982812
91.909202 -19.163679 34.430394
93.225093 -27.047793 24.031207
92.486263 -30.862507 22.221538
87.931556 -41.051450 24.141665
84.121282 -42.710834 33.157120
4
-58.818398 79.601298 -14.283888
-57.434585 81.659708 -5.741120
-63.016474 77.642000 -0.802396
-77.352551 60.248903 -19.663484
6
63.235687 4.228722 77.352219
57.460920 -1.594715 81.827254
45.053526 2.668972 89.235959
45.817893 12.852088 87.951944
53.056202 23.086762 81.560044
62.532441 7.845508 77.641109
5
-88.846247 -24.904819 38.549896
-81.069564 -42.537623 40.227806
-83.095328 -45.679382 31.757841
-88.180313 -38.462230 27.292660
-88.349459 -38.024529 27.358878
5
-26.224773 -95.343756 14.893937
-42.794205 -85.130888 30.354373
-32.327243 -86.680547 37.966197
-23.075274 -94.227206 24.264486
-23.771579 -95.480950 17.840968
6
-82.906431 1.003713 -55.906317
-92.108123 6.837276 -38.332041
-90.812837 -12.352145 -40.005664
-85.052355 -15.892017 -50.135224
-82.313849 -9.293553 -56.018392
-82.233954 -1.232208 -56.886364
4
-26.222592 -64.982002 71.342239
-29.968947 -70.054349 64.763032
-44.610332 -70.322522 55.359382
-47.570970 -60.545397 63.806408
6
-44.832058 -69.252151 -56.517486
-47.198746 -67.521541 -56.684388
-58.026410 -67.176872 -46.045668
-61.929652 -70.654476 -34.244172
-47.091038 -81.816343 -32.992728
-43.679152 -83.189003 -34.230419
6
-22.731979 52.944541 81.732079
-23.089790 51.570376 82.506714
-36.358074 32.873853 87.163067
-39.023434 31.703217 86.441180
-45.473402 46.911985 75.706244
-33.329430 55.052264 76.540168
7
-66.579463 -55.474959 -49.896934
-74.599796 -52.372900 -41.133318
-76.428842 -54.907326 -33.820373
-72.012190 -62.038107 -31.072783
-63.251316 -70.155605 -32.824719
-61.929652 -70.654476 -34.244172
-58.026410 -67.176872 -46.045668
9
-66.243391 58.904058 46.283097
-77.261717 53.728786 33.820771
-77.627817 53.733331 32.964393
-77.552445 57.147263 26.829248
-77.274065 57.962230 25.866943
-58.795934 76.899145 25.091028
-55.545973 77.683052 29.664596
-55.574289 73.792973 38.289627
-64.435891 60.292420 47.040833
5
56.746505 71.119284 41.495562
56.635060 59.342566 57.192044
41.907641 66.569302 61.743645
40.380575 70.475889 58.331452
46.431300 75.601149 46.136761
5
80.975281 57.025983 -13.821762
69.488397 69.308000 -19.177170
68.568869 68.869171 -23.565812
75.852215 56.766246 -32.000543
79.219931 54.650041 -27.158340
7
-41.779593 87.322453 -25.084951
-39.849266 88.712458 -23.283808
-42.824986 88.955414 -15.904555
-55.595838 82.968104 -5.039495
-57.434585 81.659708 -5.741120
-58.818398 79.601298 -14.283888
-57.817738 79.826963 -16.874983
5
86.345108 -50.215316 4.790031
92.741900 -37.385786 -1.114893
92.947391 -35.937753 -8.322284
85.831532 -49.675596 -12.856254
85.463970 -51.915645 0.821930
7
-58.784636 78.982786 17.495317
-66.100347 74.800089 5.974189
-63.016474 77.642000 -0.802396
-57.434585 81.659708 -5.741120
-55.595838 82.968104 -5.039495
-48.489065 87.421859 2.495818
-47.350978 87.502840 10.056733
6
-95.156137 -24.489090 18.590162
-89.887754 -19.223227 39.378411
-89.223888 -20.017009 40.477366
-88.846247 -24.904819 38.549896
-88.349459 -38.024529 27.358878
-94.957599 -27.914546 14.276993
6
97.338122 -0.630524 -22.910531
97.652789 1.012561 -21.515288
96.225908 19.243423 -19.242279
93.126419 16.740020 -32.361116
92.505279 5.578495 -37.571981
92.533052 5.344171 -37.537637
8
11.526443 77.241595 62.457001
26.871949 77.704026 56.920846
28.393728 77.149317 56.936624
28.671202 76.916383 57.112452
22.489069 68.329237 69.464791
14.627394 69.325256 70.569457
13.134608 70.157563 70.038550
10.998669 73.226931 67.207483
8
-33.964152 -16.316201 -92.629466
-34.330421 -38.943880 -85.468102
-33.353695 -39.522754 -85.589035
-25.476877 -39.384576 -88.316385
-13.990815 -21.970080 -96.548292
-15.493221 -15.912341 -97.502603
-19.363710 -13.055548 -97.234764
-27.293052 -11.223927 -95.546391
4
62.273067 -69.965197 35.027651
66.481053 -63.134850 39.928189
74.988000 -61.338111 24.787819
67.401841 -70.547348 21.910354
4
-72.402925 40.882419 -55.555776
-78.691780 40.714999 -46.366934
-84.161837 28.585642 -45.821898
-75.755936 25.594316 -60.049722
8
-89.223888 -20.017009 40.477366
-87.499307 -19.662567 44.240873
-84.059565 -22.671037 49.193634
-78.798688 -31.161673 53.101007
-76.488329 -39.023855 51.251091
-76.979487 -44.063169 46.180036
-81.069564 -42.537623 40.227806
-88.846247 -24.904819 38.549896
5
96.447791 9.153898 24.779623
93.019138 19.576372 31.051661
93.020704 20.305410 30.575135
95.258204 28.653117 10.240774
98.225793 18.699738 -1.418954
5
7.816672 99.596813 -4.401634
-2.999017 98.790562 15.212851
-16.797294 97.831769 12.115936
-20.613828 97.649069 6.303120
-3.170807 99.709859 -6.920264
6
-10.917351 86.306324 49.315614
-10.176165 85.366768 51.077985
-29.103027 75.484698 58.779879
-34.682505 82.530818 44.562181
-32.656314 86.255932 38.645561
-28.278973 87.461622 39.379745
7
97.258282 -18.796176 13.694175
97.266520 -18.809962 13.616514
95.767288 -28.217519 5.691932
94.735965 -31.245623 6.986274
94.265580 -32.253063 8.587226
92.486263 -30.862507 22.221538
93.225093 -27.047793 24.031207
5
41.732015 16.021646 -89.452478
52.283267 0.058283 -85.243514
52.555325 0.266893 -85.075652
58.265990 12.422836 -80.316546
56.568231 18.233087 -80.421327
5
52.507933 -67.612380 -51.686391
48.476416 -72.237828 -49.312608
50.885700 -75.914286 -40.591460
64.702993 -65.802935 -38.516183
64.790880 -65.653325 -38.623604
9
-7.005320 93.014997 36.043526
-0.923340 94.050708 33.964860
13.194533 90.556312 40.316977
13.567776 90.363454 40.624644
12.613064 88.871225 44.077387
12.067861 88.584114 44.802025
-8.492906 84.871181 52.199168
-10.176165 85.366768 51.077985
-10.917351 86.306324 49.315614
6
-50.874337 -25.665791 -82.177059
-34.343513 -38.942579 -85.463434
-34.330421 -38.943880 -85.468102
-33.964152 -16.316201 -92.629466
-46.958683 -7.721612 -87.950320
-47.449452 -8.003303 -87.661261
7
45.159903 72.619183 -51.836641
23.456823 79.067904 -56.551252
21.354871 79.211574 -57.179507
20.800954 72.292283 -65.887374
40.127391 56.976870 -71.717702
42.455401 55.895013 -71.227006
43.765941 57.251240 -69.331363
5
-70.900602 1.801199 -70.497236
-60.080096 -2.654813 -79.895770
-57.403524 9.501425 -81.329935
-59.626142 15.645669 -78.739674
-69.026462 14.991772 -70.785552
6
-77.644102 24.021056 58.261327
-83.757407 17.750223 51.668427
-82.605168 30.085429 47.657667
-78.391580 38.721819 48.532267
-72.308858 38.251103 57.517669
-72.511873 32.946094 60.469688
6
3.798150 2.987829 99.883166
15.693582 14.061771 97.754683
28.913583 6.069662 95.536192
24.093338 -10.042236 96.533230
7.572930 -8.296958 99.367053
3.192935 -3.090337 99.901226
5
-82.233954 -1.232208 -56.886364
-82.313849 -9.293553 -56.018392
-75.513647 -14.223191 -63.995234
-70.582834 -10.814250 -70.007968
-71.250365 1.273468 -70.155283
