400
5
81.694053 42.596761 38.879271
88.190226 31.148371 35.387327
88.513676 26.845341 38.008642
82.788447 30.045934 47.363646
78.920174 35.146595 50.361919
5
-44.226659 -83.532831 32.653770
-46.788826 -85.850424 20.988343
-56.780243 -80.661502 16.423341
-62.228337 -73.912317 25.779904
-47.472799 -78.546398 39.708900
5
-92.997190 -18.545332 31.742611
-93.085478 -14.693235 33.454485
-88.070716 -14.150140 45.203125
-81.426296 -23.264581 53.183810
-81.674369 -39.654755 41.914173
7
7.510392 -70.419091 -70.602731
-0.264253 -71.272231 -70.144132
-2.434472 -83.615883 -54.794685
1.340092 -88.985267 -45.605113
4.084578 -89.614894 -44.186956
24.411533 -81.941082 -51.862665
20.810143 -71.697104 -66.531671
6
24.608026 96.924773 0.182872
40.628266 91.374713 -0.076398
41.813196 90.818305 1.921516
38.022813 89.500419 23.322534
25.385950 94.961184 18.382793
23.210494 96.028548 15.485185
6
-33.175747 84.768815 -41.395867
-37.038651 83.408047 -40.880754
-43.848644 77.744449 -45.089877
-42.160758 72.902519 -53.923030
-26.810756 76.904629 -58.024663
-24.105300 82.145746 -51.681824
7
-11.155204 78.341757 61.140253
-14.847093 75.087259 64.354234
-21.034632 73.357876 64.623265
-35.914667 72.669657 58.559863
-33.825797 81.362338 47.286207
-30.173275 84.839504 43.495196
-14.452376 87.448333 46.302461
5
-42.634985 86.125197 -27.653364
-58.368746 75.411649 -30.102701
-57.542071 71.862799 -39.046743
-43.848644 77.744449 -45.089877
-37.038651 83.408047 -40.880754
7
-24.130156 -46.373408 -85.248124
-32.927950 -43.988230 -83.551096
-38.964344 -48.649431 -78.198547
-32.241803 -61.908967 -71.608281
-19.520161 -66.918947 -71.699497
-14.033311 -65.406272 -74.330921
-20.368763 -49.724730 -84.336023
5
45.624218 81.032569 -36.771639
41.660273 82.016046 -39.214665
39.929958 77.898431 -48.347005
53.922987 68.389934 -49.143956
55.084593 68.258529 -48.025628
5
-38.964344 -48.649431 -78.198547
-46.159900 -48.134921 -74.513710
-48.842526 -57.081972 -66.000426
-43.081874 -63.134467 -64.482487
-32.241803 -61.908967 -71.608281
4
68.808566 30.929535 65.641032
53.505338 42.371961 73.087589
51.247400 55.409298 65.601172
66.289838 51.914704 53.949244
6
-64.658710 73.725054 19.592538
-69.266216 69.362581 19.774317
-73.914249 67.110727 5.730108
-72.966682 68.308251 3.137860
-63.930442 76.887660 -1.089191
-61.243583 78.654733 7.915594
6
69.492511 29.725954 65.476398
68.808566 30.929535 65.641032
66.289838 51.914704 53.949244
67.067686 52.026099 52.869751
78.633064 35.240498 50.743951
72.362886 27.158858 63.450841
9
-65.639495 -8.171286 74.997912
-80.638539 -5.269146 58.903838
-82.085225 -3.059541 57.032053
-82.356073 9.194666 55.972630
-79.706660 13.241541 58.919521
-77.971951 14.277554 60.963320
-68.662682 6.520855 72.407973
-64.443028 -4.707163 76.321286
-64.635753 -5.843910 76.079354
7
97.603323 18.347056 11.703716
94.287467 27.651452 18.581463
93.615805 29.910460 18.478243
92.147636 36.770392 12.520045
92.191431 38.482336 4.455315
95.414153 27.675517 -11.410750
98.518088 16.836407 -3.274396
6
-95.748431 -1.937489 28.783401
-90.977798 14.492666 38.897338
-88.092398 8.652286 46.528136
-89.518996 1.189036 44.552616
-95.017196 -6.105217 30.568919
-95.674868 -3.947253 28.822539
6
61.062269 -76.298896 21.210322
61.419882 -77.018151 17.198911
46.268103 -86.884510 17.616601
36.653810 -89.979159 23.669583
36.100106 -85.413878 37.433297
41.174676 -82.691223 38.298925
5
-83.605443 -46.905182 28.461091
-82.801431 -49.405492 26.514532
-83.953540 -53.919009 6.674104
-91.091604 -40.299245 8.848198
-89.679485 -39.254007 20.413549
5
-88.070716 -14.150140 45.203125
-93.085478 -14.693235 33.454485
-95.017196 -6.105217 30.568919
-89.518996 1.189036 44.552616
-86.998094 -7.408773 48.748762
6
64.651247 41.028704 -64.318440
59.090330 51.111087 -62.417863
53.984874 54.391910 -64.242925
48.810858 50.458680 -71.213915
49.522793 46.965759 -73.087006
56.764344 40.510236 -71.670985
6
1.677570 -99.944933 2.862874
13.267693 -97.914990 -15.382558
0.953741 -97.254167 -23.253332
-1.855930 -97.594347 -21.723236
-6.776001 -99.764939 1.021169
-5.838947 -99.780828 3.113352
7
-55.008468 -81.220914 -19.422449
-49.479357 -80.048602 -33.823284
-52.542446 -77.285018 -35.585353
-63.245347 -70.163471 -32.819406
-67.262887 -69.182962 -26.256844
-65.549287 -72.713273 -20.397818
-64.439818 -74.008318 -19.242627
4
-85.843205 33.554872 -38.794519
-84.800660 38.566422 -36.352155
-85.912462 45.049888 -24.280784
-94.733855 25.369091 -19.542412
7
-42.634985 86.125197 -27.653364
-41.471717 89.320721 -17.375427
-42.026083 89.500156 -14.950931
-52.577409 84.391620 -10.661635
-55.420362 82.503519 -11.034169
-59.692049 75.729992 -26.492030
-58.368746 75.411649 -30.102701
7
-48.040036 45.371989 75.056895
-43.519657 39.475624 80.917950
-45.514010 35.291943 81.749334
-57.871063 26.554835 77.108889
-59.201404 26.768313 76.017440
-63.542694 32.608530 69.992927
-64.361978 39.984588 65.259241
6
-74.574333 -66.393509 -5.529083
-78.385180 -61.378308 -9.405679
-84.372952 -53.672672 0.670200
-83.600392 -54.570097 5.751433
-73.580136 -67.129144 8.924220
-71.232816 -70.120011 3.011650
6
67.067686 52.026099 52.869751
68.071548 53.667301 49.860657
80.719149 46.188453 36.756574
81.694053 42.596761 38.879271
78.920174 35.146595 50.361919
78.633064 35.240498 50.743951
4
-85.440611 -49.420989 -16.045805
-90.332969 -40.621377 -13.778915
-92.338892 -38.354934 -1.558234
-86.107998 -50.814908 -1.804921
5
-65.319127 -52.703779 -54.366564
-71.231468 -35.530690 -60.528077
-76.851217 -28.702363 -57.184481
-84.333888 -34.722238 -41.014162
-82.869579 -38.219128 -40.889254
5
68.631456 -15.314389 71.099879
67.087646 -5.944493 73.918271
71.910035 -2.282848 69.453117
80.412916 -12.813592 58.048039
75.715512 -19.171293 62.446959
7
17.551433 62.613967 -75.969983
14.939879 69.529013 -70.303033
6.059755 73.481107 -67.555950
-7.409127 54.404914 -83.577570
-6.992399 54.255922 -83.710222
15.927690 59.502309 -78.776798
17.038714 60.792949 -77.549336
7
99.307744 1.007879 -11.702824
99.108814 0.519826 -13.310626
96.756081 -14.961213 -20.357378
96.001884 -21.400408 -18.046074
97.353913 -22.616224 -3.274443
97.839460 -20.584303 -1.930425
99.477404 -9.806152 -2.843483
5
98.117399 -15.544191 11.460986
94.238475 -24.723857 22.535324
94.648105 -6.591069 31.595790
96.828056 0.839675 24.972434
98.304542 -2.373279 18.181985
9
-5.838947 -99.780828 3.113352
-7.468655 -99.567413 5.527161
-10.357236 -98.534284 13.554429
-4.584563 -95.801193 28.303942
-1.650812 -95.418023 29.877679
15.336335 -95.637385 24.865386
17.628558 -96.386506 19.971863
14.811619 -98.519580 8.631814
1.677570 -99.944933 2.862874
6
56.651370 81.868966 9.385880
56.549798 81.932121 9.447107
41.813196 90.818305 1.921516
40.628266 91.374713 -0.076398
45.639988 87.922437 -13.661497
58.070213 80.733422 -10.486417
5
-47.836117 -29.376181 -82.757150
-33.283400 -43.167000 -83.838090
-30.910284 -19.735829 -93.032529
-49.059973 -21.607998 -84.416902
-50.083400 -22.854145 -83.482580
6
42.437690 -84.945704 -31.357134
41.415164 -87.542469 -24.921885
47.010570 -87.571569 -11.010294
65.149742 -74.886228 -12.147590
69.434947 -66.338704 -27.892017
52.233578 -77.601494 -35.350551
7
17.714177 1.701176 98.403831
17.461996 2.083717 98.441540
15.663338 20.683021 96.575735
16.491001 22.236702 96.091498
25.286243 19.729620 94.717200
35.416961 4.930427 93.388060
34.563786 1.909507 93.817368
6
77.577808 -62.543307 8.367707
78.136283 -61.791300 8.749656
88.423535 -46.533372 -3.990445
89.258009 -44.400366 -7.849543
85.665581 -47.324478 -20.537820
77.738495 -57.954074 -24.455095
11
78.136283 -61.791300 8.749656
77.577808 -62.543307 8.367707
68.385232 -72.353710 9.402159
62.451876 -76.640991 15.030694
61.419882 -77.018151 17.198911
61.062269 -76.298896 21.210322
63.635931 -69.870892 32.688326
72.404357 -60.519274 33.091186
75.030463 -58.378205 31.022812
80.857411 -56.513643 16.379474
80.679381 -57.333786 14.271458
7
-46.178166 50.546787 72.887580
-48.040036 45.371989 75.056895
-64.361978 39.984588 65.259241
-64.371074 39.999970 65.240840
-60.597042 53.314494 59.038659
-54.617477 58.661274 59.797877
-49.567907 60.649402 62.166491
6
-42.026083 89.500156 -14.950931
-41.471717 89.320721 -17.375427
-21.122924 92.536243 -31.478022
-19.754402 92.974731 -31.071902
-17.707440 94.992770 -25.745297
-31.654335 94.663435 -6.069370
5
-18.471906 54.636535 81.692336
-22.954333 58.951929 77.445262
-21.034632 73.357876 64.623265
-14.847093 75.087259 64.354234
0.633189 57.873354 81.549212
8
-18.816830 -75.029391 63.376000
1.410478 -69.253625 72.124517
11.152177 -81.614160 56.698834
11.017181 -81.926546 56.273110
5.871375 -86.593767 49.669372
4.336003 -86.991768 49.128722
-14.459397 -83.937889 52.396150
-22.052196 -77.849188 58.763974
8
58.798993 0.759420 80.883259
58.080211 4.343086 81.288540
59.060628 13.232115 79.603727
74.017682 14.613576 65.634032
74.152297 2.264345 67.054527
71.910035 -2.282848 69.453117
67.087646 -5.944493 73.918271
63.875070 -4.859249 76.787779
5
-46.231532 -76.889185 44.166715
-60.599951 -56.664423 55.828212
-40.008196 -67.192760 62.325574
-34.450628 -75.961463 55.163487
-35.929072 -76.600807 53.304954
8
-71.655799 55.980193 41.613273
-80.322798 40.197795 43.958906
-91.057847 38.333046 15.461113
-90.685867 39.598267 14.423969
-87.900180 45.769315 13.368926
-85.650187 48.990796 16.246454
-71.575537 58.391677 38.306066
-71.415589 57.390437 40.076818
7
31.238582 -44.820974 -83.756977
22.329632 -35.458444 -90.796951
16.600760 -36.678400 -91.537477
8.093324 -48.095162 -87.300364
16.313537 -52.282511 -83.668438
27.851488 -50.459501 -81.719847
31.230644 -44.860755 -83.738638
6
77.077729 61.702832 15.867709
82.520913 55.727058 9.208363
84.942468 48.069499 21.773846
83.657120 48.016925 26.379180
81.801887 49.467867 29.349301
75.450577 58.920630 28.906223
6
86.807662 -27.374296 -41.413496
85.348570 -2.833338 -52.034544
82.806932 -1.491699 -56.042724
78.775310 -15.008547 -59.742732
81.393963 -30.786163 -49.266977
84.255603 -29.803669 -44.863512
5
-37.045074 53.418187 75.987892
-46.178166 50.546787 72.887580
-49.567907 60.649402 62.166491
-40.145809 67.342924 62.074508
-34.329155 59.200321 72.916604
5
86.366152 3.769203 50.266100
85.990706 4.923898 50.807025
84.245178 18.400496 50.637650
90.949235 19.216480 36.864123
92.471894 15.697767 34.677498
7
-57.033365 77.654509 26.776343
-54.012080 76.867467 34.264963
-54.390210 76.297356 34.934491
-70.362991 61.222535 36.067307
-70.055894 68.271779 20.763814
-69.266216 69.362581 19.774317
-64.658710 73.725054 19.592538
5
-63.836083 -60.159278 -48.018911
-77.176037 -52.477510 -35.916155
-76.724018 -59.045526 -25.040986
-67.262887 -69.182962 -26.256844
-63.245347 -70.163471 -32.819406
6
90.879292 16.315301 -38.402673
89.943389 0.737936 -43.699453
94.428747 -4.597616 -32.589471
94.718392 -4.451590 -31.758615
96.683016 3.903181 -25.242019
93.526157 21.821412 -27.869049
5
-28.311443 -46.477320 83.894701
-9.030620 -49.822658 86.233118
-21.876874 -62.926007 74.576940
-33.758952 -56.725843 75.116655
-34.021803 -51.142755 78.910934
5
-63.542694 32.608530 69.992927
-59.201404 26.768313 76.017440
-68.662682 6.520855 72.407973
-77.971951 14.277554 60.963320
-77.687479 15.216814 61.099134
8
31.267948 10.012827 -94.456650
27.558316 5.845388 -95.949834
26.235865 -3.006057 -96.450210
26.526013 -3.916648 -96.338105
30.267722 -7.022550 -95.050243
42.555562 -10.707468 -89.857522
50.357668 2.377381 -86.362337
48.433608 8.216245 -87.101544
6
61.210538 66.318854 -43.070635
61.079979 73.350415 -29.815310
49.025797 82.794544 -27.231134
45.624218 81.032569 -36.771639
55.084593 68.258529 -48.025628
60.230688 66.256452 -44.523553
6
-85.912462 45.049888 -24.280784
-84.987684 47.349994 -23.131616
-85.893216 48.527866 -16.352422
-93.366613 35.301944 -6.037244
-95.049512 24.627298 -18.949577
-94.733855 25.369091 -19.542412
6
-58.844104 -40.790116 -69.810729
-60.243179 -38.836139 -69.731727
-71.231468 -35.530690 -60.528077
-65.319127 -52.703779 -54.366564
-62.386780 -56.483687 -54.013727
-59.450182 -55.232934 -58.437991
6
78.633064 35.240498 50.743951
78.920174 35.146595 50.361919
82.788447 30.045934 47.363646
83.270042 19.702932 51.748377
74.835116 19.797979 63.306756
72.362886 27.158858 63.450841
6
-34.329155 59.200321 72.916604
-22.954333 58.951929 77.445262
-18.471906 54.636535 81.692336
-20.813111 51.548198 83.123990
-33.596098 45.590407 82.418548
-37.045074 53.418187 75.987892
8
-42.406043 6.011660 -90.363640
-38.010129 4.637389 -92.378161
-27.757681 6.087756 -95.877267
-26.504742 7.499466 -96.131455
-27.210665 17.774696 -94.570819
-45.806314 25.950344 -85.019770
-51.711401 21.018062 -82.970911
-51.405199 16.503458 -84.173282
6
70.747848 -19.144322 -68.031146
72.018253 -19.841063 -66.480850
78.775310 -15.008547 -59.742732
82.806932 -1.491699 -56.042724
76.763309 6.968347 -63.708999
67.388344 -9.354686 -73.289160
6
23.570382 -47.457483 84.806983
27.795261 -45.468540 84.616992
39.302341 -49.155871 77.711173
39.804324 -52.404216 75.295511
29.374310 -61.253038 73.384025
18.040575 -57.791829 79.590465
7
68.008453 -43.139606 -59.277523
75.212099 -35.029645 -55.821717
72.018253 -19.841063 -66.480850
70.747848 -19.144322 -68.031146
57.168998 -35.272422 -74.078080
59.082175 -42.583207 -68.527127
61.576387 -43.961394 -65.389176
5
35.923752 -25.357182 -89.813682
38.970961 -36.253579 -84.657795
54.659840 -32.403037 -77.216223
54.163338 -22.400183 -81.022001
43.793280 -15.811303 -88.499443
7
45.172034 44.167569 -77.515890
49.522793 46.965759 -73.087006
48.810858 50.458680 -71.213915
38.716434 58.111813 -71.582504
36.509174 57.128049 -73.508273
35.851594 51.893292 -77.599932
41.549268 45.104214 -78.989038
6
-60.597042 53.314494 59.038659
-64.371074 39.999970 65.240840
-75.755765 36.186328 54.328756
-80.134421 37.550204 46.566691
-80.322798 40.197795 43.958906
-71.655799 55.980193 41.613273
4
-15.717103 -33.433283 92.925714
-33.533928 -31.293896 88.860383
-26.201275 -18.504421 94.715783
-17.101578 -24.888853 95.331427
5
17.886490 91.293012 36.683232
38.830918 88.681316 25.055619
43.245406 85.388521 28.959200
30.061520 83.953516 45.256074
12.231287 89.831978 42.197292
5
81.158982 -45.519264 36.622620
82.155260 -44.797131 35.266560
83.686878 -50.104513 22.046411
80.857411 -56.513643 16.379474
75.030463 -58.378205 31.022812
5
-63.144908 -77.283231 -6.326360
-67.556432 -73.703556 1.978458
-57.358239 -81.379169 9.352182
-46.592160 -88.481039 -0.525674
-47.873458 -87.447544 -7.814024
7
-57.355926 -23.851415 -78.367135
-50.083400 -22.854145 -83.482580
-49.059973 -21.607998 -84.416902
-50.847146 -10.566025 -85.457164
-59.952252 1.656199 -80.018651
-66.292500 2.337174 -74.832092
-70.101572 -14.991497 -69.721049
7
53.922987 68.389934 -49.143956
48.816474 65.149911 -58.072721
53.984874 54.391910 -64.242925
59.090330 51.111087 -62.417863
63.360549 57.611951 -51.636266
60.230688 66.256452 -44.523553
55.084593 68.258529 -48.025628
5
72.219247 24.088906 -64.839069
69.008820 37.954224 -61.621909
64.651247 41.028704 -64.318440
56.764344 40.510236 -71.670985
51.614041 26.296691 -81.513648
5
89.773046 36.666437 -24.420742
80.842514 56.523927 -16.417479
70.980103 58.821859 -38.753243
78.582579 43.208182 -44.247388
82.324100 39.756540 -40.523576
5
36.653810 -89.979159 23.669583
46.268103 -86.884510 17.616601
41.290979 -90.860035 6.285626
34.390200 -93.600121 7.505429
32.905284 -92.199367 20.408796
5
-48.931517 49.109352 -72.069260
-47.890704 51.726632 -70.928387
-55.782173 58.667279 -58.706894
-65.443581 53.024230 -53.903327
-62.513228 41.402172 -66.166128
8
-84.864527 27.029915 45.468625
-90.905721 18.776992 37.196432
-93.321628 23.501964 27.179615
-91.698744 36.452239 16.204156
-91.245624 37.836963 15.575632
-91.057847 38.333046 15.461113
-80.322798 40.197795 43.958906
-80.134421 37.550204 46.566691
9
96.765288 2.063417 25.144011
96.828056 0.839675 24.972434
94.648105 -6.591069 31.595790
91.362081 -9.719249 39.477922
86.518759 -3.419642 50.028097
86.133085 -0.969736 50.795189
86.366152 3.769203 50.266100
92.471894 15.697767 34.677498
92.518663 15.647773 34.575195
4
17.886490 91.293012 36.683232
25.385950 94.961184 18.382793
38.022813 89.500419 23.322534
38.830918 88.681316 25.055619
7
29.840425 22.009796 -92.871513
31.267948 10.012827 -94.456650
48.433608 8.216245 -87.101544
51.431514 17.585583 -83.937755
50.637594 25.724761 -82.304743
48.336219 27.355609 -83.158166
43.323872 28.854958 -85.384035
5
-1.855930 -97.594347 -21.723236
-15.491968 -95.544011 -25.126498
-24.850531 -95.256192 -17.570116
-23.827610 -96.033812 -14.482816
-6.776001 -99.764939 1.021169
7
-83.605443 -46.905182 28.461091
-89.679485 -39.254007 20.413549
-94.465161 -25.287685 20.901349
-92.997190 -18.545332 31.742611
-81.674369 -39.654755 41.914173
-80.839823 -41.960132 41.282809
-81.230004 -44.540296 37.654329
5
-72.966682 68.308251 3.137860
-76.256491 64.502251 -4.940361
-70.513854 69.679840 -13.134545
-62.603593 77.817921 -5.016100
-63.930442 76.887660 -1.089191
6
-7.409127 54.404914 -83.577570
6.059755 73.481107 -67.555950
5.954391 73.560886 -67.478450
-10.341863 72.085072 -68.533118
-18.694644 62.419570 -75.857152
-16.128123 54.006510 -82.602546
7
-13.380434 84.262786 -52.160779
-13.983110 74.787932 -64.894051
-10.341863 72.085072 -68.533118
5.954391 73.560886 -67.478450
5.794449 74.555999 -66.391470
-8.526497 85.872105 -50.529996
-9.820499 85.771272 -50.466293
7
-45.111272 39.621057 -79.969650
-48.931517 49.109352 -72.069260
-62.513228 41.402172 -66.166128
-63.110901 40.325271 -66.263766
-62.080249 30.873772 -72.061452
-60.556833 29.630090 -73.857483
-45.339472 39.132308 -80.081176
7
-80.839823 -41.960132 41.282809
-81.674369 -39.654755 41.914173
-81.426296 -23.264581 53.183810
-80.277310 -22.607646 55.176515
-72.516852 -24.096939 64.503052
-69.749147 -32.587419 63.820973
-76.675713 -43.758450 46.968427
6
-37.045074 53.418187 75.987892
-33.596098 45.590407 82.418548
-35.219775 43.000211 83.129714
-43.519657 39.475624 80.917950
-48.040036 45.371989 75.056895
-46.178166 50.546787 72.887580
6
41.415164 -87.542469 -24.921885
42.437690 -84.945704 -31.357134
36.425793 -85.381774 -37.190244
15.815161 -93.115074 -32.855193
21.934168 -96.071810 -17.002928
22.163124 -96.036683 -16.904182
6
74.745490 16.665153 64.306955
85.990706 4.923898 50.807025
86.366152 3.769203 50.266100
86.133085 -0.969736 50.795189
74.152297 2.264345 67.054527
74.017682 14.613576 65.634032
6
11.377584 87.890771 -46.322381
13.333289 90.246263 -40.961390
9.263925 95.769267 -27.247517
9.031916 95.874660 -26.953183
-3.053597 93.261169 -35.958724
-3.249015 88.060927 -47.272793
5
-18.250809 37.950711 -90.700890
-24.745572 29.617051 -92.252301
-26.331032 19.843087 -94.408308
1.807662 27.653452 -96.083396
3.059736 33.280079 -94.250063
7
0.953741 -97.254167 -23.253332
6.230373 -91.869502 -39.002271
4.084578 -89.614894 -44.186956
1.340092 -88.985267 -45.605113
-13.471385 -90.948929 -39.329557
-15.491968 -95.544011 -25.126498
-1.855930 -97.594347 -21.723236
8
3.059736 33.280079 -94.250063
1.807662 27.653452 -96.083396
4.434816 13.706859 -98.956831
10.482338 13.905053 -98.472179
23.926092 26.907900 -93.292588
18.828880 37.055027 -90.952725
11.599434 39.481428 -91.140935
8.806823 38.946464 -91.682129
6
-89.679485 -39.254007 20.413549
-91.091604 -40.299245 8.848198
-93.042843 -36.644050 0.492948
-97.603012 -21.762503 0.213398
-98.203224 -18.295836 4.624842
-94.465161 -25.287685 20.901349
5
32.862836 -66.275384 67.287499
25.408742 -74.045567 62.222583
10.899583 -61.572324 78.038760
18.040575 -57.791829 79.590465
29.374310 -61.253038 73.384025
5
-19.269459 42.360407 88.511490
-29.166103 34.238555 89.314387
-35.219775 43.000211 83.129714
-33.596098 45.590407 82.418548
-20.813111 51.548198 83.123990
6
-52.542446 -77.285018 -35.585353
-49.479357 -80.048602 -33.823284
-48.352305 -80.691771 -33.924808
-35.929320 -80.507756 -47.197300
-44.859551 -71.340842 -53.834051
-50.601681 -69.794834 -50.676928
7
39.929958 77.898431 -48.347005
30.237874 79.638129 -52.377853
29.775853 79.429178 -52.956626
29.141069 73.688802 -60.998021
40.622293 65.718655 -63.489273
48.816474 65.149911 -58.072721
53.922987 68.389934 -49.143956
6
-22.052196 -77.849188 58.763974
-14.459397 -83.937889 52.396150
-17.273545 -91.470903 36.533526
-26.330045 -90.983510 32.073816
-35.929072 -76.600807 53.304954
-34.450628 -75.961463 55.163487
4
80.679381 -57.333786 14.271458
89.913719 -42.525689 10.348375
88.423535 -46.533372 -3.990445
78.136283 -61.791300 8.749656
6
80.857411 -56.513643 16.379474
83.686878 -50.104513 22.046411
91.894428 -33.748733 20.406791
92.545526 -35.428171 13.422754
89.913719 -42.525689 10.348375
80.679381 -57.333786 14.271458
6
-65.549287 -72.713273 -20.397818
-67.262887 -69.182962 -26.256844
-76.724018 -59.045526 -25.040986
-79.935118 -56.946642 -19.169164
-78.385180 -61.378308 -9.405679
-74.574333 -66.393509 -5.529083
6
27.558316 5.845388 -95.949834
10.482338 13.905053 -98.472179
4.434816 13.706859 -98.956831
-3.658564 2.334762 -99.905775
-1.606540 -1.706842 -99.972525
26.235865 -3.006057 -96.450210
6
-85.893216 48.527866 -16.352422
-84.987684 47.349994 -23.131616
-76.513809 57.034519 -29.878097
-76.778146 61.652446 -17.438243
-81.472886 57.448456 -7.864080
-83.127355 55.149378 -6.956217
4
8.806823 38.946464 -91.682129
11.599434 39.481428 -91.140935
15.927690 59.502309 -78.776798
-6.992399 54.255922 -83.710222
6
-41.732661 -13.397272 89.882691
-43.939857 -17.135869 88.179651
-64.635753 -5.843910 76.079354
-64.443028 -4.707163 76.321286
-59.525245 -1.058786 80.346899
-41.705548 -4.745713 90.764120
7
-10.502025 99.153489 -7.634995
-11.359474 99.195928 -5.579439
-18.136768 98.340993 0.326621
-28.224475 95.926270 1.236837
-31.654335 94.663435 -6.069370
-17.707440 94.992770 -25.745297
-16.470078 95.464629 -24.804056
6
90.482359 -30.911090 -29.282200
96.001884 -21.400408 -18.046074
96.756081 -14.961213 -20.357378
94.718392 -4.451590 -31.758615
94.428747 -4.597616 -32.589471
87.350465 -27.351600 -40.271407
6
6.649868 97.226695 -22.422064
8.782213 96.247390 -25.677083
25.894626 95.143503 -16.648791
24.571285 96.934144 0.153939
13.158509 99.109144 -2.056996
6.016381 98.292977 -17.386598
5
-46.231532 -76.889185 44.166715
-46.294813 -76.910491 44.063212
-65.385251 -63.265336 41.500195
-61.521191 -55.651312 55.839722
-60.599951 -56.664423 55.828212
5
-17.101578 -24.888853 95.331427
-5.997852 -15.127883 98.666980
2.912734 -26.562549 96.363618
-6.998475 -41.026587 90.927666
-15.717103 -33.433283 92.925714
6
81.801887 49.467867 29.349301
83.657120 48.016925 26.379180
89.572993 34.446132 28.109481
88.190226 31.148371 35.387327
81.694053 42.596761 38.879271
80.719149 46.188453 36.756574
5
-18.468466 16.013891 96.966340
-16.515142 40.244881 90.042210
5.676306 40.671107 91.179168
6.154620 39.651425 91.596316
-17.955742 15.713928 97.111605
8
31.753156 40.266845 85.850558
31.695444 45.355311 83.296426
47.654781 58.201245 65.891099
48.706433 57.772029 65.498672
51.247400 55.409298 65.601172
53.505338 42.371961 73.087589
52.513869 40.725610 74.724281
35.649479 37.186836 85.710290
5
41.660273 82.016046 -39.214665
31.534570 87.823085 -35.953813
29.941785 87.387351 -38.300659
30.237874 79.638129 -52.377853
39.929958 77.898431 -48.347005
6
29.336370 -82.200676 -48.810104
36.425793 -85.381774 -37.190244
42.437690 -84.945704 -31.357134
52.233578 -77.601494 -35.350551
51.443403 -73.711334 -43.820265
41.957048 -71.683109 -55.687863
7
-65.443581 53.024230 -53.903327
-55.782173 58.667279 -58.706894
-53.645153 62.778819 -56.400510
-58.685395 70.430641 -39.944327
-71.533619 56.600833 -40.979106
-71.737428 55.018418 -42.740088
-71.121926 53.088999 -46.078519
7
72.219247 24.088906 -64.839069
75.989510 16.523882 -62.869354
82.390423 21.149347 -52.578734
82.324100 39.756540 -40.523576
78.582579 43.208182 -44.247388
72.425349 42.628379 -54.197695
69.008820 37.954224 -61.621909
6
73.019603 -61.783472 -29.170879
69.434947 -66.338704 -27.892017
65.149742 -74.886228 -12.147590
68.385232 -72.353710 9.402159
77.577808 -62.543307 8.367707
77.738495 -57.954074 -24.455095
6
-40.145809 67.342924 62.074508
-36.128919 72.503441 58.634054
-35.914667 72.669657 58.559863
-21.034632 73.357876 64.623265
-22.954333 58.951929 77.445262
-34.329155 59.200321 72.916604
7
14.939879 69.529013 -70.303033
29.141069 73.688802 -60.998021
29.775853 79.429178 -52.956626
13.112447 85.723466 -49.795091
5.794449 74.555999 -66.391470
5.954391 73.560886 -67.478450
6.059755 73.481107 -67.555950
5
-25.883481 74.455684 -61.533702
-30.864376 66.238537 -68.263069
-18.694644 62.419570 -75.857152
-10.341863 72.085072 -68.533118
-13.983110 74.787932 -64.894051
5
-34.021803 -51.142755 78.910934
-50.341579 -42.169202 75.415408
-39.928948 -30.281414 86.537362
-34.562082 -31.847972 88.267600
-28.311443 -46.477320 83.894701
6
38.970961 -36.253579 -84.657795
35.923752 -25.357182 -89.813682
28.957528 -24.346862 -92.567229
24.392120 -26.125946 -93.394108
22.329632 -35.458444 -90.796951
31.238582 -44.820974 -83.756977
5
-97.317081 -13.262240 -18.801564
-97.342171 -20.543284 -10.123003
-91.868242 -34.039438 -20.038533
-87.507337 -31.269315 -36.941791
-88.945038 -27.621617 -36.411901
6
51.882750 81.332466 26.328886
56.549798 81.932121 9.447107
56.651370 81.868966 9.385880
67.282539 73.554898 7.920660
69.103786 70.921930 13.955163
63.974223 69.256527 33.329150
7
43.245406 85.388521 28.959200
38.830918 88.681316 25.055619
38.022813 89.500419 23.322534
41.813196 90.818305 1.921516
56.549798 81.932121 9.447107
51.882750 81.332466 26.328886
44.271754 84.822775 29.070754
5
-46.159900 -48.134921 -74.513710
-49.067240 -45.170579 -74.511910
-58.844104 -40.790116 -69.810729
-59.450182 -55.232934 -58.437991
-48.842526 -57.081972 -66.000426
4
-98.790763 14.461595 -5.589941
-91.245624 37.836963 15.575632
-91.698744 36.452239 16.204156
-99.052871 10.287924 9.093256
5
79.080769 60.611622 -8.512535
71.350101 70.041121 -1.845120
59.554352 79.580127 -10.967342
63.675461 72.917220 -25.070195
79.370149 59.434105 -12.960191
7
46.412522 -63.532352 61.721293
40.200322 -73.241299 54.951307
32.074386 -76.904608 55.289376
25.313489 -74.360587 61.884815
25.408742 -74.045567 62.222583
32.862836 -66.275384 67.287499
46.152974 -63.233339 62.220960
6
0.409255 -21.005342 -97.768134
-1.067922 -23.443390 -97.207340
16.600760 -36.678400 -91.537477
22.329632 -35.458444 -90.796951
24.392120 -26.125946 -93.394108
14.944243 -19.572887 -96.920440
5
-8.526497 85.872105 -50.529996
5.794449 74.555999 -66.391470
13.112447 85.723466 -49.795091
11.377584 87.890771 -46.322381
-3.249015 88.060927 -47.272793
5
62.451876 -76.640991 15.030694
48.143258 -87.572651 -3.641095
41.290979 -90.860035 6.285626
46.268103 -86.884510 17.616601
61.419882 -77.018151 17.198911
6
41.957048 -71.683109 -55.687863
42.183847 -69.561563 -58.152490
26.091322 -68.147121 -68.375528
20.810143 -71.697104 -66.531671
24.411533 -81.941082 -51.862665
29.336370 -82.200676 -48.810104
4
-17.536840 -97.131948 16.057521
-35.429904 -92.587805 13.123269
-31.833294 -90.359210 28.668006
-26.578602 -91.039663 31.707374
5
88.740829 -33.927088 31.209261
81.834850 -29.493905 49.327142
83.248647 -26.179463 48.829279
89.716394 -17.585637 40.518071
90.265665 -31.989129 28.788981
7
99.779750 0.746926 6.591175
98.304542 -2.373279 18.181985
96.828056 0.839675 24.972434
96.765288 2.063417 25.144011
97.603323 18.347056 11.703716
98.518088 16.836407 -3.274396
98.911755 14.319832 -3.377446
6
-26.330045 -90.983510 32.073816
-17.273545 -91.470903 36.533526
-4.584563 -95.801193 28.303942
-10.357236 -98.534284 13.554429
-17.536840 -97.131948 16.057521
-26.578602 -91.039663 31.707374
6
-49.751761 85.248176 16.047143
-42.662824 88.288590 19.621627
-41.505651 86.298257 28.807844
-53.380927 77.263045 34.364204
-54.012080 76.867467 34.264963
-57.033365 77.654509 26.776343
4
92.518663 15.647773 34.575195
94.287467 27.651452 18.581463
97.603323 18.347056 11.703716
96.765288 2.063417 25.144011
5
-19.520161 -66.918947 -71.699497
-32.241803 -61.908967 -71.608281
-43.081874 -63.134467 -64.482487
-42.663882 -69.031254 -58.433545
-24.891259 -73.593190 -62.964019
5
-1.650812 -95.418023 29.877679
4.336003 -86.991768 49.128722
5.871375 -86.593767 49.669372
20.465339 -90.635558 36.964381
15.336335 -95.637385 24.865386
5
35.649479 37.186836 85.710290
52.513869 40.725610 74.724281
54.201694 22.201070 81.051150
44.044967 22.048652 87.028144
38.288273 27.878567 88.072661
7
81.834850 -29.493905 49.327142
81.503068 -29.909856 49.625099
74.623559 -29.482639 59.683318
75.715512 -19.171293 62.446959
80.412916 -12.813592 58.048039
81.445236 -12.477148 56.665635
83.248647 -26.179463 48.829279
4
15.663338 20.683021 96.575735
17.461996 2.083717 98.441540
-5.901354 7.906062 99.512151
-5.962213 8.002921 99.500780
8
2.666578 57.309861 81.905245
11.932722 62.938805 76.787479
20.342211 61.642171 76.068635
31.695444 45.355311 83.296426
31.753156 40.266845 85.850558
11.574317 36.290328 92.461058
6.154620 39.651425 91.596316
5.676306 40.671107 91.179168
7
-84.284749 -50.906160 -17.454053
-79.935118 -56.946642 -19.169164
-76.724018 -59.045526 -25.040986
-77.176037 -52.477510 -35.916155
-82.869579 -38.219128 -40.889254
-84.333888 -34.722238 -41.014162
-85.895427 -33.353687 -38.852376
7
73.019603 -61.783472 -29.170879
72.722159 -59.248526 -34.656886
70.246874 -57.053029 -42.547956
56.048069 -63.917868 -52.660423
51.443403 -73.711334 -43.820265
52.233578 -77.601494 -35.350551
69.434947 -66.338704 -27.892017
6
-30.910284 -19.735829 -93.032529
-29.839993 -19.102314 -93.512975
-27.757681 6.087756 -95.877267
-38.010129 4.637389 -92.378161
-50.847146 -10.566025 -85.457164
-49.059973 -21.607998 -84.416902
5
-59.095289 2.330238 -80.636945
-59.952252 1.656199 -80.018651
-50.847146 -10.566025 -85.457164
-38.010129 4.637389 -92.378161
-42.406043 6.011660 -90.363640
5
-20.368763 -49.724730 -84.336023
-1.959331 -41.552016 -90.937292
-4.102976 -26.215499 -96.415316
-15.647294 -26.477779 -95.152979
-24.130156 -46.373408 -85.248124
6
2.467738 99.121667 12.992510
-4.523520 98.943696 13.772536
-7.614454 98.922403 12.505130
-18.136768 98.340993 0.326621
-11.359474 99.195928 -5.579439
6.504948 99.724951 3.552426
5
10.410250 78.741709 60.756646
32.621282 73.992722 58.829661
37.085399 64.627322 66.693196
20.342211 61.642171 76.068635
11.932722 62.938805 76.787479
5
-24.105300 82.145746 -51.681824
-26.810756 76.904629 -58.024663
-25.883481 74.455684 -61.533702
-13.983110 74.787932 -64.894051
-13.380434 84.262786 -52.160779
8
-47.499604 -87.488539 -9.462731
-47.873458 -87.447544 -7.814024
-46.592160 -88.481039 -0.525674
-38.261139 -92.150194 6.665353
-32.748150 -94.453617 2.464330
-23.827610 -96.033812 -14.482816
-24.850531 -95.256192 -17.570116
-34.841839 -91.086732 -22.119075
5
90.949235 19.216480 36.864123
84.245178 18.400496 50.637650
83.270042 19.702932 51.748377
82.788447 30.045934 47.363646
88.513676 26.845341 38.008642
7
12.216283 89.832481 42.200567
12.231287 89.831978 42.197292
30.061520 83.953516 45.256074
34.705459 78.540594 51.253353
32.621282 73.992722 58.829661
10.410250 78.741709 60.756646
9.301806 79.945692 59.347812
5
-72.516852 -24.096939 64.503052
-80.277310 -22.607646 55.176515
-80.638539 -5.269146 58.903838
-65.639495 -8.171286 74.997912
-65.981810 -13.954696 73.835406
5
-76.675713 -43.758450 46.968427
-69.749147 -32.587419 63.820973
-67.966516 -34.679498 64.636561
-61.063353 -50.680341 60.850390
-62.478676 -53.076282 57.265376
4
99.779750 0.746926 6.591175
98.911755 14.319832 -3.377446
99.307744 1.007879 -11.702824
99.477404 -9.806152 -2.843483
6
-26.201275 -18.504421 94.715783
-26.453807 -15.292763 95.217265
-23.794938 -9.932060 96.618606
-6.018951 -15.041215 98.678945
-5.997852 -15.127883 98.666980
-17.101578 -24.888853 95.331427
6
78.582579 43.208182 -44.247388
70.980103 58.821859 -38.753243
61.210538 66.318854 -43.070635
60.230688 66.256452 -44.523553
63.360549 57.611951 -51.636266
72.425349 42.628379 -54.197695
5
49.216240 -38.977627 77.836408
39.302341 -49.155871 77.711173
27.795261 -45.468540 84.616992
32.907969 -35.713604 87.416269
36.101751 -33.549810 87.011918
6
-67.966516 -34.679498 64.636561
-69.749147 -32.587419 63.820973
-72.516852 -24.096939 64.503052
-65.981810 -13.954696 73.835406
-59.267804 -23.563470 77.020064
-56.414347 -35.248459 74.665705
5
32.905284 -92.199367 20.408796
34.390200 -93.600121 7.505429
26.075843 -96.540171 0.213941
14.811619 -98.519580 8.631814
17.628558 -96.386506 19.971863
7
-80.839823 -41.960132 41.282809
-76.675713 -43.758450 46.968427
-62.478676 -53.076282 57.265376
-61.521191 -55.651312 55.839722
-65.385251 -63.265336 41.500195
-66.922347 -63.116071 39.214297
-81.230004 -44.540296 37.654329
5
-6.813622 -44.902835 89.091582
-6.998475 -41.026587 90.927666
2.912734 -26.562549 96.363618
14.830729 -24.725331 95.753368
17.084583 -41.851734 89.199492
8
85.348570 -2.833338 -52.034544
89.943389 0.737936 -43.699453
90.879292 16.315301 -38.402673
82.390423 21.149347 -52.578734
75.989510 16.523882 -62.869354
75.912942 10.575794 -64.229104
76.763309 6.968347 -63.708999
82.806932 -1.491699 -56.042724
5
-50.601681 -69.794834 -50.676928
-62.322070 -59.481288 -50.773379
-63.836083 -60.159278 -48.018911
-63.245347 -70.163471 -32.819406
-52.542446 -77.285018 -35.585353
5
-93.826478 -0.963871 -34.578360
-90.577385 -13.478814 -40.175352
-82.578930 -8.401697 -55.768556
-83.659547 1.192301 -54.769139
-89.579537 10.833617 -43.106140
6
-29.166103 34.238555 89.314387
-28.197297 19.735144 93.890556
-36.263047 21.466551 90.687257
-45.514010 35.291943 81.749334
-43.519657 39.475624 80.917950
-35.219775 43.000211 83.129714
5
39.804324 -52.404216 75.295511
47.144285 -57.992815 66.439821
46.152974 -63.233339 62.220960
32.862836 -66.275384 67.287499
29.374310 -61.253038 73.384025
7
-61.243583 78.654733 7.915594
-63.930442 76.887660 -1.089191
-62.603593 77.817921 -5.016100
-55.420362 82.503519 -11.034169
-52.577409 84.391620 -10.661635
-48.528339 87.255220 5.614874
-51.327049 85.097958 11.129761
6
-40.765838 -3.384337 91.250713
-41.705548 -4.745713 90.764120
-59.525245 -1.058786 80.346899
-56.352940 3.767997 82.523623
-49.011629 8.244158 86.774962
-40.630155 3.542073 91.305225
6
-91.868242 -34.039438 -20.038533
-97.342171 -20.543284 -10.123003
-97.603012 -21.762503 0.213398
-93.042843 -36.644050 0.492948
-92.338892 -38.354934 -1.558234
-90.332969 -40.621377 -13.778915
7
-79.445311 28.687206 -53.530241
-77.885774 31.762729 -54.082670
-71.121926 53.088999 -46.078519
-71.737428 55.018418 -42.740088
-84.800660 38.566422 -36.352155
-85.843205 33.554872 -38.794519
-82.937963 26.605835 -49.126611
5
30.267722 -7.022550 -95.050243
28.957528 -24.346862 -92.567229
35.923752 -25.357182 -89.813682
43.793280 -15.811303 -88.499443
42.555562 -10.707468 -89.857522
5
89.943389 0.737936 -43.699453
85.348570 -2.833338 -52.034544
86.807662 -27.374296 -41.413496
87.350465 -27.351600 -40.271407
94.428747 -4.597616 -32.589471
5
6.016381 98.292977 -17.386598
13.158509 99.109144 -2.056996
6.504948 99.724951 3.552426
-11.359474 99.195928 -5.579439
-10.502025 99.153489 -7.634995
5
-72.144097 -66.104515 20.625769
-73.580136 -67.129144 8.924220
-83.600392 -54.570097 5.751433
-83.953540 -53.919009 6.674104
-82.801431 -49.405492 26.514532
7
16.491001 22.236702 96.091498
15.663338 20.683021 96.575735
-5.962213 8.002921 99.500780
-17.459211 14.777019 97.348938
-17.955742 15.713928 97.111605
6.154620 39.651425 91.596316
11.574317 36.290328 92.461058
5
65.622841 -23.036592 71.853728
53.553558 -21.547457 81.656130
63.875070 -4.859249 76.787779
67.087646 -5.944493 73.918271
68.631456 -15.314389 71.099879
5
84.245178 18.400496 50.637650
85.990706 4.923898 50.807025
74.745490 16.665153 64.306955
74.835116 19.797979 63.306756
83.270042 19.702932 51.748377
6
-26.453807 -15.292763 95.217265
-41.732661 -13.397272 89.882691
-41.705548 -4.745713 90.764120
-40.765838 -3.384337 91.250713
-24.701471 -4.710057 96.786635
-23.794938 -9.932060 96.618606
6
89.773046 36.666437 -24.420742
82.324100 39.756540 -40.523576
82.390423 21.149347 -52.578734
90.879292 16.315301 -38.402673
93.526157 21.821412 -27.869049
92.721207 30.606009 -21.588192
5
71.350101 70.041121 -1.845120
67.282539 73.554898 7.920660
56.651370 81.868966 9.385880
58.070213 80.733422 -10.486417
59.554352 79.580127 -10.967342
7
-99.052871 10.287924 9.093256
-99.100574 9.168083 9.747948
-99.526375 3.753653 8.967201
-99.840286 -5.185312 2.242719
-98.827324 4.941112 -14.448026
-98.270300 13.308644 -12.877424
-98.790763 14.461595 -5.589941
5
-48.352305 -80.691771 -33.924808
-35.165426 -90.615941 -23.497746
-31.010381 -88.875537 -33.756410
-33.913547 -81.337140 -47.266701
-35.929320 -80.507756 -47.197300
6
64.612785 67.775146 35.095835
63.974223 69.256527 33.329150
69.103786 70.921930 13.955163
77.077729 61.702832 15.867709
75.450577 58.920630 28.906223
64.835100 67.510278 35.196196
6
-29.974172 95.276834 4.886084
-48.528339 87.255220 5.614874
-52.577409 84.391620 -10.661635
-42.026083 89.500156 -14.950931
-31.654335 94.663435 -6.069370
-28.224475 95.926270 1.236837
5
89.913719 -42.525689 10.348375
92.545526 -35.428171 13.422754
96.000655 -27.972451 -1.190095
89.258009 -44.400366 -7.849543
88.423535 -46.533372 -3.990445
5
48.433608 8.216245 -87.101544
50.357668 2.377381 -86.362337
55.514459 -0.425612 -83.174297
67.514121 10.105760 -73.073367
51.431514 17.585583 -83.937755
5
-31.833294 -90.359210 28.668006
-35.429904 -92.587805 13.123269
-37.211957 -92.131969 11.268118
-46.788826 -85.850424 20.988343
-44.226659 -83.532831 32.653770
6
52.513869 40.725610 74.724281
53.505338 42.371961 73.087589
68.808566 30.929535 65.641032
69.492511 29.725954 65.476398
56.093507 20.473438 80.214443
54.201694 22.201070 81.051150
6
41.579846 -17.145564 89.314870
52.020847 -22.506608 82.384975
52.660031 -35.705461 77.149473
50.879572 -38.314106 77.092791
49.216240 -38.977627 77.836408
36.101751 -33.549810 87.011918
5
-45.514010 35.291943 81.749334
-36.263047 21.466551 90.687257
-46.120449 18.122774 86.858904
-55.020122 22.368665 80.451408
-57.871063 26.554835 77.108889
3
-42.406043 6.011660 -90.363640
-51.405199 16.503458 -84.173282
-59.095289 2.330238 -80.636945
5
-6.776001 -99.764939 1.021169
-23.827610 -96.033812 -14.482816
-32.748150 -94.453617 2.464330
-7.468655 -99.567413 5.527161
-5.838947 -99.780828 3.113352
7
24.571285 96.934144 0.153939
25.894626 95.143503 -16.648791
35.757089 90.152660 -24.370648
43.644855 87.717482 -20.019243
45.639988 87.922437 -13.661497
40.628266 91.374713 -0.076398
24.608026 96.924773 0.182872
8
-95.017196 -6.105217 30.568919
-93.085478 -14.693235 33.454485
-92.997190 -18.545332 31.742611
-94.465161 -25.287685 20.901349
-98.203224 -18.295836 4.624842
-98.376616 -17.281044 4.838072
-97.523287 -5.161034 21.507494
-95.674868 -3.947253 28.822539
5
-20.368763 -49.724730 -84.336023
-14.033311 -65.406272 -74.330921
-8.497107 -66.582701 -74.125185
3.825512 -47.824087 -87.739513
-1.959331 -41.552016 -90.937292
7
-18.250809 37.950711 -90.700890
3.059736 33.280079 -94.250063
8.806823 38.946464 -91.682129
-6.992399 54.255922 -83.710222
-7.409127 54.404914 -83.577570
-16.128123 54.006510 -82.602546
-17.497779 52.525478 -83.276058
6
8.211652 97.480958 20.737204
7.129043 91.862891 38.863686
-4.780448 92.234590 38.339637
-9.989563 94.253969 31.880998
-4.523520 98.943696 13.772536
2.467738 99.121667 12.992510
6
-9.030620 -49.822658 86.233118
-8.353921 -49.649547 86.401010
4.926746 -62.649505 77.786675
1.410478 -69.253625 72.124517
-18.816830 -75.029391 63.376000
-21.876874 -62.926007 74.576940
5
41.415164 -87.542469 -24.921885
22.163124 -96.036683 -16.904182
26.287466 -96.480936 -0.630895
46.882798 -87.746564 -10.126390
47.010570 -87.571569 -11.010294
7
35.757089 90.152660 -24.370648
32.294101 89.806323 -29.864952
31.534570 87.823085 -35.953813
41.660273 82.016046 -39.214665
45.624218 81.032569 -36.771639
49.025797 82.794544 -27.231134
43.644855 87.717482 -20.019243
4
-99.526375 3.753653 8.967201
-97.523287 -5.161034 21.507494
-98.376616 -17.281044 4.838072
-99.840286 -5.185312 2.242719
6
84.255603 -29.803669 -44.863512
81.393963 -30.786163 -49.266977
75.212099 -35.029645 -55.821717
68.008453 -43.139606 -59.277523
70.246874 -57.053029 -42.547956
72.722159 -59.248526 -34.656886
6
-30.173275 84.839504 43.495196
-33.825797 81.362338 47.286207
-53.380927 77.263045 34.364204
-41.505651 86.298257 28.807844
-35.491065 87.637289 32.559022
-30.786437 86.435912 39.762148
6
-62.322070 -59.481288 -50.773379
-62.386780 -56.483687 -54.013727
-65.319127 -52.703779 -54.366564
-82.869579 -38.219128 -40.889254
-77.176037 -52.477510 -35.916155
-63.836083 -60.159278 -48.018911
7
-93.826478 -0.963871 -34.578360
-89.579537 10.833617 -43.106140
-89.550155 11.258496 -43.058287
-95.113333 24.366810 -18.966086
-98.270300 13.308644 -12.877424
-98.827324 4.941112 -14.448026
-97.676787 -2.570563 -21.275278
6
17.038714 60.792949 -77.549336
15.927690 59.502309 -78.776798
11.599434 39.481428 -91.140935
18.828880 37.055027 -90.952725
28.306238 41.240372 -86.590927
29.335127 47.602428 -82.906328
5
-97.676787 -2.570563 -21.275278
-97.317081 -13.262240 -18.801564
-88.945038 -27.621617 -36.411901
-90.577385 -13.478814 -40.175352
-93.826478 -0.963871 -34.578360
5
69.008820 37.954224 -61.621909
72.425349 42.628379 -54.197695
63.360549 57.611951 -51.636266
59.090330 51.111087 -62.417863
64.651247 41.028704 -64.318440
6
-54.390210 76.297356 34.934491
-54.033140 72.020242 43.514417
-56.620263 67.795365 46.882133
-71.415589 57.390437 40.076818
-71.575537 58.391677 38.306066
-70.362991 61.222535 36.067307
5
26.526013 -3.916648 -96.338105
14.944243 -19.572887 -96.920440
24.392120 -26.125946 -93.394108
28.957528 -24.346862 -92.567229
30.267722 -7.022550 -95.050243
6
-72.966682 68.308251 3.137860
-73.914249 67.110727 5.730108
-86.902724 48.310135 10.679299
-83.127355 55.149378 -6.956217
-81.472886 57.448456 -7.864080
-76.256491 64.502251 -4.940361
6
-16.515142 40.244881 90.042210
-18.468466 16.013891 96.966340
-27.401920 19.013016 94.274281
-28.197297 19.735144 93.890556
-29.166103 34.238555 89.314387
-19.269459 42.360407 88.511490
7
-31.010381 -88.875537 -33.756410
-35.165426 -90.615941 -23.497746
-34.841839 -91.086732 -22.119075
-24.850531 -95.256192 -17.570116
-15.491968 -95.544011 -25.126498
-13.471385 -90.948929 -39.329557
-15.458417 -90.377518 -39.911672
5
-67.371076 70.325188 -22.704760
-70.765585 69.135008 -14.580212
-76.778146 61.652446 -17.438243
-76.513809 57.034519 -29.878097
-75.798740 57.408275 -30.965159
7
1.677570 -99.944933 2.862874
14.811619 -98.519580 8.631814
26.075843 -96.540171 0.213941
26.287466 -96.480936 -0.630895
22.163124 -96.036683 -16.904182
21.934168 -96.071810 -17.002928
13.267693 -97.914990 -15.382558
8
92.518663 15.647773 34.575195
92.471894 15.697767 34.677498
90.949235 19.216480 36.864123
88.513676 26.845341 38.008642
88.190226 31.148371 35.387327
89.572993 34.446132 28.109481
93.615805 29.910460 18.478243
94.287467 27.651452 18.581463
6
14.939879 69.529013 -70.303033
17.551433 62.613967 -75.969983
36.509174 57.128049 -73.508273
38.716434 58.111813 -71.582504
40.622293 65.718655 -63.489273
29.141069 73.688802 -60.998021
6
50.879572 -38.314106 77.092791
54.955014 -48.573740 67.974541
47.144285 -57.992815 66.439821
39.804324 -52.404216 75.295511
39.302341 -49.155871 77.711173
49.216240 -38.977627 77.836408
5
-63.110901 40.325271 -66.263766
-77.885774 31.762729 -54.082670
-79.445311 28.687206 -53.530241
-74.505635 20.569310 -63.449302
-62.080249 30.873772 -72.061452
5
-30.791908 94.361921 12.152626
-28.887570 93.467731 20.719351
-35.491065 87.637289 32.559022
-41.505651 86.298257 28.807844
-42.662824 88.288590 19.621627
6
-36.263047 21.466551 90.687257
-28.197297 19.735144 93.890556
-27.401920 19.013016 94.274281
-40.630155 3.542073 91.305225
-49.011629 8.244158 86.774962
-46.120449 18.122774 86.858904
5
86.518759 -3.419642 50.028097
91.362081 -9.719249 39.477922
89.716394 -17.585637 40.518071
83.248647 -26.179463 48.829279
81.445236 -12.477148 56.665635
4
6.016381 98.292977 -17.386598
-10.502025 99.153489 -7.634995
-16.470078 95.464629 -24.804056
6.649868 97.226695 -22.422064
6
-57.542071 71.862799 -39.046743
-58.685395 70.430641 -39.944327
-53.645153 62.778819 -56.400510
-42.992943 69.717507 -57.367901
-42.160758 72.902519 -53.923030
-43.848644 77.744449 -45.089877
5
-63.144908 -77.283231 -6.326360
-47.873458 -87.447544 -7.814024
-47.499604 -87.488539 -9.462731
-55.008468 -81.220914 -19.422449
-64.439818 -74.008318 -19.242627
5
-17.273545 -91.470903 36.533526
-14.459397 -83.937889 52.396150
4.336003 -86.991768 49.128722
-1.650812 -95.418023 29.877679
-4.584563 -95.801193 28.303942
6
43.323872 28.854958 -85.384035
35.096192 38.614815 -85.306233
28.306238 41.240372 -86.590927
18.828880 37.055027 -90.952725
23.926092 26.907900 -93.292588
29.840425 22.009796 -92.871513
6
44.271754 84.822775 29.070754
51.882750 81.332466 26.328886
63.974223 69.256527 33.329150
64.612785 67.775146 35.095835
51.313340 71.100563 48.079632
46.263865 75.331161 46.742604
5
-45.339472 39.132308 -80.081176
-60.556833 29.630090 -73.857483
-58.733910 22.162413 -77.840576
-51.711401 21.018062 -82.970911
-45.806314 25.950344 -85.019770
6
-84.284749 -50.906160 -17.454053
-85.895427 -33.353687 -38.852376
-87.507337 -31.269315 -36.941791
-91.868242 -34.039438 -20.038533
-90.332969 -40.621377 -13.778915
-85.440611 -49.420989 -16.045805
7
-82.578930 -8.401697 -55.768556
-75.938099 -18.811275 -62.285962
-70.101572 -14.991497 -69.721049
-66.292500 2.337174 -74.832092
-68.422488 7.548434 -72.535400
-72.593047 10.907186 -67.906427
-83.659547 1.192301 -54.769139
6
65.628757 -31.825621 68.410497
65.622841 -23.036592 71.853728
68.631456 -15.314389 71.099879
75.715512 -19.171293 62.446959
74.623559 -29.482639 59.683318
68.608117 -34.500342 64.051953
7
38.774839 -12.124361 91.375663
34.563786 1.909507 93.817368
35.416961 4.930427 93.388060
40.329727 9.340369 91.028955
58.080211 4.343086 81.288540
58.798993 0.759420 80.883259
39.057934 -12.304220 91.230937
5
-64.361978 39.984588 65.259241
-63.542694 32.608530 69.992927
-77.687479 15.216814 61.099134
-75.755765 36.186328 54.328756
-64.371074 39.999970 65.240840
6
-88.070716 -14.150140 45.203125
-86.998094 -7.408773 48.748762
-82.085225 -3.059541 57.032053
-80.638539 -5.269146 58.903838
-80.277310 -22.607646 55.176515
-81.426296 -23.264581 53.183810
6
-89.550155 11.258496 -43.058287
-82.937963 26.605835 -49.126611
-85.843205 33.554872 -38.794519
-94.733855 25.369091 -19.542412
-95.049512 24.627298 -18.949577
-95.113333 24.366810 -18.966086
6
29.336370 -82.200676 -48.810104
24.411533 -81.941082 -51.862665
4.084578 -89.614894 -44.186956
6.230373 -91.869502 -39.002271
15.815161 -93.115074 -32.855193
36.425793 -85.381774 -37.190244
7
18.040575 -57.791829 79.590465
10.899583 -61.572324 78.038760
4.926746 -62.649505 77.786675
-8.353921 -49.649547 86.401010
-6.813622 -44.902835 89.091582
17.084583 -41.851734 89.199492
23.570382 -47.457483 84.806983
5
-62.513228 41.402172 -66.166128
-65.443581 53.024230 -53.903327
-71.121926 53.088999 -46.078519
-77.885774 31.762729 -54.082670
-63.110901 40.325271 -66.263766
6
11.377584 87.890771 -46.322381
13.112447 85.723466 -49.795091
29.775853 79.429178 -52.956626
30.237874 79.638129 -52.377853
29.941785 87.387351 -38.300659
13.333289 90.246263 -40.961390
7
-64.443028 -4.707163 76.321286
-68.662682 6.520855 72.407973
-59.201404 26.768313 76.017440
-57.871063 26.554835 77.108889
-55.020122 22.368665 80.451408
-56.352940 3.767997 82.523623
-59.525245 -1.058786 80.346899
5
26.091322 -68.147121 -68.375528
42.183847 -69.561563 -58.152490
46.566000 -64.594091 -60.491413
42.577455 -57.980395 -69.465345
31.152270 -60.005152 -73.681190
8
-88.945038 -27.621617 -36.411901
-87.507337 -31.269315 -36.941791
-85.895427 -33.353687 -38.852376
-84.333888 -34.722238 -41.014162
-76.851217 -28.702363 -57.184481
-75.938099 -18.811275 -62.285962
-82.578930 -8.401697 -55.768556
-90.577385 -13.478814 -40.175352
7
-84.800660 38.566422 -36.352155
-71.737428 55.018418 -42.740088
-71.533619 56.600833 -40.979106
-75.798740 57.408275 -30.965159
-76.513809 57.034519 -29.878097
-84.987684 47.349994 -23.131616
-85.912462 45.049888 -24.280784
7
-14.452376 87.448333 46.302461
-30.173275 84.839504 43.495196
-30.786437 86.435912 39.762148
-21.125572 93.387842 28.851709
-15.259029 94.465954 29.040412
-9.989563 94.253969 31.880998
-4.780448 92.234590 38.339637
7
-26.906336 -81.537531 -51.260903
-24.816889 -80.038032 -54.571379
-24.891259 -73.593190 -62.964019
-42.663882 -69.031254 -58.433545
-44.859551 -71.340842 -53.834051
-35.929320 -80.507756 -47.197300
-33.913547 -81.337140 -47.266701
5
92.191431 38.482336 4.455315
92.147636 36.770392 12.520045
84.942468 48.069499 21.773846
82.520913 55.727058 9.208363
83.270256 55.315462 2.502829
4
-49.011629 8.244158 86.774962
-56.352940 3.767997 82.523623
-55.020122 22.368665 80.451408
-46.120449 18.122774 86.858904
7
-72.593047 10.907186 -67.906427
-74.505635 20.569310 -63.449302
-79.445311 28.687206 -53.530241
-82.937963 26.605835 -49.126611
-89.550155 11.258496 -43.058287
-89.579537 10.833617 -43.106140
-83.659547 1.192301 -54.769139
6
-46.159900 -48.134921 -74.513710
-38.964344 -48.649431 -78.198547
-32.927950 -43.988230 -83.551096
-33.283400 -43.167000 -83.838090
-47.836117 -29.376181 -82.757150
-49.067240 -45.170579 -74.511910
7
59.554352 79.580127 -10.967342
58.070213 80.733422 -10.486417
45.639988 87.922437 -13.661497
43.644855 87.717482 -20.019243
49.025797 82.794544 -27.231134
61.079979 73.350415 -29.815310
63.675461 72.917220 -25.070195
5
65.628757 -31.825621 68.410497
52.660031 -35.705461 77.149473
52.020847 -22.506608 82.384975
53.553558 -21.547457 81.656130
65.622841 -23.036592 71.853728
5
-21.122924 92.536243 -31.478022
-41.471717 89.320721 -17.375427
-42.634985 86.125197 -27.653364
-37.038651 83.408047 -40.880754
-33.175747 84.768815 -41.395867
6
-24.816889 -80.038032 -54.571379
-26.906336 -81.537531 -51.260903
-15.458417 -90.377518 -39.911672
-13.471385 -90.948929 -39.329557
1.340092 -88.985267 -45.605113
-2.434472 -83.615883 -54.794685
6
-68.422488 7.548434 -72.535400
-58.733910 22.162413 -77.840576
-60.556833 29.630090 -73.857483
-62.080249 30.873772 -72.061452
-74.505635 20.569310 -63.449302
-72.593047 10.907186 -67.906427
5
-99.100574 9.168083 9.747948
-99.052871 10.287924 9.093256
-91.698744 36.452239 16.204156
-93.321628 23.501964 27.179615
-97.132237 8.895199 22.050034
6
-15.647294 -26.477779 -95.152979
-29.839993 -19.102314 -93.512975
-30.910284 -19.735829 -93.032529
-33.283400 -43.167000 -83.838090
-32.927950 -43.988230 -83.551096
-24.130156 -46.373408 -85.248124
8
-3.053597 93.261169 -35.958724
9.031916 95.874660 -26.953183
8.782213 96.247390 -25.677083
6.649868 97.226695 -22.422064
-16.470078 95.464629 -24.804056
-17.707440 94.992770 -25.745297
-19.754402 92.974731 -31.071902
-19.464679 92.943291 -31.347583
6
-77.687479 15.216814 61.099134
-77.971951 14.277554 60.963320
-79.706660 13.241541 58.919521
-84.864527 27.029915 45.468625
-80.134421 37.550204 46.566691
-75.755765 36.186328 54.328756
6
-85.440611 -49.420989 -16.045805
-86.107998 -50.814908 -1.804921
-84.372952 -53.672672 0.670200
-78.385180 -61.378308 -9.405679
-79.935118 -56.946642 -19.169164
-84.284749 -50.906160 -17.454053
6
41.579846 -17.145564 89.314870
39.057934 -12.304220 91.230937
58.798993 0.759420 80.883259
63.875070 -4.859249 76.787779
53.553558 -21.547457 81.656130
52.020847 -22.506608 82.384975
4
-70.362991 61.222535 36.067307
-71.575537 58.391677 38.306066
-85.650187 48.990796 16.246454
-70.055894 68.271779 20.763814
5
89.572993 34.446132 28.109481
83.657120 48.016925 26.379180
84.942468 48.069499 21.773846
92.147636 36.770392 12.520045
93.615805 29.910460 18.478243
6
-7.614454 98.922403 12.505130
-16.423682 96.783333 19.059093
-30.429134 94.599052 11.184238
-29.974172 95.276834 4.886084
-28.224475 95.926270 1.236837
-18.136768 98.340993 0.326621
6
-49.567907 60.649402 62.166491
-54.617477 58.661274 59.797877
-56.620263 67.795365 46.882133
-54.033140 72.020242 43.514417
-36.128919 72.503441 58.634054
-40.145809 67.342924 62.074508
8
-35.929072 -76.600807 53.304954
-26.330045 -90.983510 32.073816
-26.578602 -91.039663 31.707374
-31.833294 -90.359210 28.668006
-44.226659 -83.532831 32.653770
-47.472799 -78.546398 39.708900
-46.294813 -76.910491 44.063212
-46.231532 -76.889185 44.166715
7
74.623559 -29.482639 59.683318
81.503068 -29.909856 49.625099
77.027748 -45.014843 45.170676
70.961358 -49.940679 49.703262
68.061010 -50.962505 52.635748
66.032747 -46.098307 59.284251
68.608117 -34.500342 64.051953
6
-93.366613 35.301944 -6.037244
-85.893216 48.527866 -16.352422
-83.127355 55.149378 -6.956217
-86.902724 48.310135 10.679299
-87.900180 45.769315 13.368926
-90.685867 39.598267 14.423969
5
70.246874 -57.053029 -42.547956
68.008453 -43.139606 -59.277523
61.576387 -43.961394 -65.389176
53.682456 -61.831051 -57.403093
56.048069 -63.917868 -52.660423
6
-67.371076 70.325188 -22.704760
-59.692049 75.729992 -26.492030
-55.420362 82.503519 -11.034169
-62.603593 77.817921 -5.016100
-70.513854 69.679840 -13.134545
-70.765585 69.135008 -14.580212
7
7.129043 91.862891 38.863686
8.211652 97.480958 20.737204
23.210494 96.028548 15.485185
25.385950 94.961184 18.382793
17.886490 91.293012 36.683232
12.231287 89.831978 42.197292
12.216283 89.832481 42.200567
6
-33.758952 -56.725843 75.116655
-40.393239 -62.152093 67.123048
-53.225343 -48.343040 69.498298
-50.504980 -42.196664 75.290694
-50.341579 -42.169202 75.415408
-34.021803 -51.142755 78.910934
7
51.614041 26.296691 -81.513648
50.637594 25.724761 -82.304743
51.431514 17.585583 -83.937755
67.514121 10.105760 -73.073367
75.912942 10.575794 -64.229104
75.989510 16.523882 -62.869354
72.219247 24.088906 -64.839069
7
-83.953540 -53.919009 6.674104
-83.600392 -54.570097 5.751433
-84.372952 -53.672672 0.670200
-86.107998 -50.814908 -1.804921
-92.338892 -38.354934 -1.558234
-93.042843 -36.644050 0.492948
-91.091604 -40.299245 8.848198
8
-98.270300 13.308644 -12.877424
-95.113333 24.366810 -18.966086
-95.049512 24.627298 -18.949577
-93.366613 35.301944 -6.037244
-90.685867 39.598267 14.423969
-91.057847 38.333046 15.461113
-91.245624 37.836963 15.575632
-98.790763 14.461595 -5.589941
7
-18.471906 54.636535 81.692336
0.633189 57.873354 81.549212
2.666578 57.309861 81.905245
5.676306 40.671107 91.179168
-16.515142 40.244881 90.042210
-19.269459 42.360407 88.511490
-20.813111 51.548198 83.123990
6
-50.341579 -42.169202 75.415408
-50.504980 -42.196664 75.290694
-56.414347 -35.248459 74.665705
-59.267804 -23.563470 77.020064
-43.396137 -24.784169 86.617090
-39.928948 -30.281414 86.537362
5
61.062269 -76.298896 21.210322
41.174676 -82.691223 38.298925
45.492047 -77.582826 43.719318
58.165510 -67.231271 45.790061
63.635931 -69.870892 32.688326
7
15.336335 -95.637385 24.865386
20.465339 -90.635558 36.964381
33.222179 -85.795898 39.183551
36.100106 -85.413878 37.433297
36.653810 -89.979159 23.669583
32.905284 -92.199367 20.408796
17.628558 -96.386506 19.971863
6
86.518759 -3.419642 50.028097
81.445236 -12.477148 56.665635
80.412916 -12.813592 58.048039
71.910035 -2.282848 69.453117
74.152297 2.264345 67.054527
86.133085 -0.969736 50.795189
8
-28.311443 -46.477320 83.894701
-34.562082 -31.847972 88.267600
-33.533928 -31.293896 88.860383
-15.717103 -33.433283 92.925714
-6.998475 -41.026587 90.927666
-6.813622 -44.902835 89.091582
-8.353921 -49.649547 86.401010
-9.030620 -49.822658 86.233118
6
67.388344 -9.354686 -73.289160
76.763309 6.968347 -63.708999
75.912942 10.575794 -64.229104
67.514121 10.105760 -73.073367
55.514459 -0.425612 -83.174297
62.248228 -9.994850 -77.622555
5
64.835100 67.510278 35.196196
75.450577 58.920630 28.906223
81.801887 49.467867 29.349301
80.719149 46.188453 36.756574
68.071548 53.667301 49.860657
7
-40.008196 -67.192760 62.325574
-40.393239 -62.152093 67.123048
-33.758952 -56.725843 75.116655
-21.876874 -62.926007 74.576940
-18.816830 -75.029391 63.376000
-22.052196 -77.849188 58.763974
-34.450628 -75.961463 55.163487
7
54.659840 -32.403037 -77.216223
38.970961 -36.253579 -84.657795
31.238582 -44.820974 -83.756977
31.230644 -44.860755 -83.738638
50.148323 -49.022257 -71.287895
59.082175 -42.583207 -68.527127
57.168998 -35.272422 -74.078080
7
-51.405199 16.503458 -84.173282
-51.711401 21.018062 -82.970911
-58.733910 22.162413 -77.840576
-68.422488 7.548434 -72.535400
-66.292500 2.337174 -74.832092
-59.952252 1.656199 -80.018651
-59.095289 2.330238 -80.636945
8
-44.859551 -71.340842 -53.834051
-42.663882 -69.031254 -58.433545
-43.081874 -63.134467 -64.482487
-48.842526 -57.081972 -66.000426
-59.450182 -55.232934 -58.437991
-62.386780 -56.483687 -54.013727
-62.322070 -59.481288 -50.773379
-50.601681 -69.794834 -50.676928
5
23.926092 26.907900 -93.292588
10.482338 13.905053 -98.472179
27.558316 5.845388 -95.949834
31.267948 10.012827 -94.456650
29.840425 22.009796 -92.871513
7
-33.825797 81.362338 47.286207
-35.914667 72.669657 58.559863
-36.128919 72.503441 58.634054
-54.033140 72.020242 43.514417
-54.390210 76.297356 34.934491
-54.012080 76.867467 34.264963
-53.380927 77.263045 34.364204
6
-46.788826 -85.850424 20.988343
-37.211957 -92.131969 11.268118
-38.261139 -92.150194 6.665353
-46.592160 -88.481039 -0.525674
-57.358239 -81.379169 9.352182
-56.780243 -80.661502 16.423341
6
52.660031 -35.705461 77.149473
65.628757 -31.825621 68.410497
68.608117 -34.500342 64.051953
66.032747 -46.098307 59.284251
54.955014 -48.573740 67.974541
50.879572 -38.314106 77.092791
6
59.060628 13.232115 79.603727
58.080211 4.343086 81.288540
40.329727 9.340369 91.028955
44.044967 22.048652 87.028144
54.201694 22.201070 81.051150
56.093507 20.473438 80.214443
5
-7.614454 98.922403 12.505130
-4.523520 98.943696 13.772536
-9.989563 94.253969 31.880998
-15.259029 94.465954 29.040412
-16.423682 96.783333 19.059093
7
-17.459211 14.777019 97.348938
-24.701471 -4.710057 96.786635
-40.765838 -3.384337 91.250713
-40.630155 3.542073 91.305225
-27.401920 19.013016 94.274281
-18.468466 16.013891 96.966340
-17.955742 15.713928 97.111605
6
-26.810756 76.904629 -58.024663
-42.160758 72.902519 -53.923030
-42.992943 69.717507 -57.367901
-37.054006 63.953983 -67.356430
-30.864376 66.238537 -68.263069
-25.883481 74.455684 -61.533702
8
14.830729 -24.725331 95.753368
2.912734 -26.562549 96.363618
-5.997852 -15.127883 98.666980
-6.018951 -15.041215 98.678945
-2.494890 -5.597107 99.812063
14.110691 -8.019188 98.674115
18.481217 -20.269016 96.164503
16.760769 -23.198839 95.816963
7
-75.798740 57.408275 -30.965159
-71.533619 56.600833 -40.979106
-58.685395 70.430641 -39.944327
-57.542071 71.862799 -39.046743
-58.368746 75.411649 -30.102701
-59.692049 75.729992 -26.492030
-67.371076 70.325188 -22.704760
6
-71.232816 -70.120011 3.011650
-67.556432 -73.703556 1.978458
-63.144908 -77.283231 -6.326360
-64.439818 -74.008318 -19.242627
-65.549287 -72.713273 -20.397818
-74.574333 -66.393509 -5.529083
6
51.443403 -73.711334 -43.820265
56.048069 -63.917868 -52.660423
53.682456 -61.831051 -57.403093
46.566000 -64.594091 -60.491413
42.183847 -69.561563 -58.152490
41.957048 -71.683109 -55.687863
5
31.152270 -60.005152 -73.681190
42.577455 -57.980395 -69.465345
50.148323 -49.022257 -71.287895
31.230644 -44.860755 -83.738638
27.851488 -50.459501 -81.719847
5
14.110691 -8.019188 98.674115
-2.494890 -5.597107 99.812063
-5.901354 7.906062 99.512151
17.461996 2.083717 98.441540
17.714177 1.701176 98.403831
7
-37.992121 40.700514 -83.066641
-45.111272 39.621057 -79.969650
-45.339472 39.132308 -80.081176
-45.806314 25.950344 -85.019770
-27.210665 17.774696 -94.570819
-26.331032 19.843087 -94.408308
-24.745572 29.617051 -92.252301
5
43.323872 28.854958 -85.384035
48.336219 27.355609 -83.158166
45.172034 44.167569 -77.515890
41.549268 45.104214 -78.989038
35.096192 38.614815 -85.306233
6
-66.922347 -63.116071 39.214297
-65.385251 -63.265336 41.500195
-46.294813 -76.910491 44.063212
-47.472799 -78.546398 39.708900
-62.228337 -73.912317 25.779904
-67.051060 -69.585007 25.730959
7
-60.599951 -56.664423 55.828212
-61.521191 -55.651312 55.839722
-62.478676 -53.076282 57.265376
-61.063353 -50.680341 60.850390
-53.225343 -48.343040 69.498298
-40.393239 -62.152093 67.123048
-40.008196 -67.192760 62.325574
6
90.265665 -31.989129 28.788981
91.948002 -31.334528 23.742627
91.894428 -33.748733 20.406791
83.686878 -50.104513 22.046411
82.155260 -44.797131 35.266560
88.740829 -33.927088 31.209261
5
-61.063353 -50.680341 60.850390
-67.966516 -34.679498 64.636561
-56.414347 -35.248459 74.665705
-50.504980 -42.196664 75.290694
-53.225343 -48.343040 69.498298
6
31.753156 40.266845 85.850558
35.649479 37.186836 85.710290
38.288273 27.878567 88.072661
25.286243 19.729620 94.717200
16.491001 22.236702 96.091498
11.574317 36.290328 92.461058
6
50.637594 25.724761 -82.304743
51.614041 26.296691 -81.513648
56.764344 40.510236 -71.670985
49.522793 46.965759 -73.087006
45.172034 44.167569 -77.515890
48.336219 27.355609 -83.158166
6
-49.479357 -80.048602 -33.823284
-55.008468 -81.220914 -19.422449
-47.499604 -87.488539 -9.462731
-34.841839 -91.086732 -22.119075
-35.165426 -90.615941 -23.497746
-48.352305 -80.691771 -33.924808
5
25.313489 -74.360587 61.884815
32.074386 -76.904608 55.289376
31.050157 -83.525923 45.379598
11.017181 -81.926546 56.273110
11.152177 -81.614160 56.698834
5
26.235865 -3.006057 -96.450210
-1.606540 -1.706842 -99.972525
0.409255 -21.005342 -97.768134
14.944243 -19.572887 -96.920440
26.526013 -3.916648 -96.338105
8
-33.533928 -31.293896 88.860383
-34.562082 -31.847972 88.267600
-39.928948 -30.281414 86.537362
-43.396137 -24.784169 86.617090
-43.939857 -17.135869 88.179651
-41.732661 -13.397272 89.882691
-26.453807 -15.292763 95.217265
-26.201275 -18.504421 94.715783
7
-19.520161 -66.918947 -71.699497
-24.891259 -73.593190 -62.964019
-24.816889 -80.038032 -54.571379
-2.434472 -83.615883 -54.794685
-0.264253 -71.272231 -70.144132
-8.497107 -66.582701 -74.125185
-14.033311 -65.406272 -74.330921
7
46.263865 75.331161 46.742604
51.313340 71.100563 48.079632
48.706433 57.772029 65.498672
47.654781 58.201245 65.891099
37.085399 64.627322 66.693196
32.621282 73.992722 58.829661
34.705459 78.540594 51.253353
6
85.665581 -47.324478 -20.537820
89.258009 -44.400366 -7.849543
96.000655 -27.972451 -1.190095
97.353913 -22.616224 -3.274443
96.001884 -21.400408 -18.046074
90.482359 -30.911090 -29.282200
7
-32.748150 -94.453617 2.464330
-38.261139 -92.150194 6.665353
-37.211957 -92.131969 11.268118
-35.429904 -92.587805 13.123269
-17.536840 -97.131948 16.057521
-10.357236 -98.534284 13.554429
-7.468655 -99.567413 5.527161
5
-76.256491 64.502251 -4.940361
-81.472886 57.448456 -7.864080
-76.778146 61.652446 -17.438243
-70.765585 69.135008 -14.580212
-70.513854 69.679840 -13.134545
5
-60.597042 53.314494 59.038659
-71.655799 55.980193 41.613273
-71.415589 57.390437 40.076818
-56.620263 67.795365 46.882133
-54.617477 58.661274 59.797877
8
51.313340 71.100563 48.079632
64.612785 67.775146 35.095835
64.835100 67.510278 35.196196
68.071548 53.667301 49.860657
67.067686 52.026099 52.869751
66.289838 51.914704 53.949244
51.247400 55.409298 65.601172
48.706433 57.772029 65.498672
5
-3.249015 88.060927 -47.272793
-3.053597 93.261169 -35.958724
-19.464679 92.943291 -31.347583
-9.820499 85.771272 -50.466293
-8.526497 85.872105 -50.529996
8
-97.603012 -21.762503 0.213398
-97.342171 -20.543284 -10.123003
-97.317081 -13.262240 -18.801564
-97.676787 -2.570563 -21.275278
-98.827324 4.941112 -14.448026
-99.840286 -5.185312 2.242719
-98.376616 -17.281044 4.838072
-98.203224 -18.295836 4.624842
6
46.566000 -64.594091 -60.491413
53.682456 -61.831051 -57.403093
61.576387 -43.961394 -65.389176
59.082175 -42.583207 -68.527127
50.148323 -49.022257 -71.287895
42.577455 -57.980395 -69.465345
8
-67.051060 -69.585007 25.730959
-62.228337 -73.912317 25.779904
-56.780243 -80.661502 16.423341
-57.358239 -81.379169 9.352182
-67.556432 -73.703556 1.978458
-71.232816 -70.120011 3.011650
-73.580136 -67.129144 8.924220
-72.144097 -66.104515 20.625769
7
-16.128123 54.006510 -82.602546
-18.694644 62.419570 -75.857152
-30.864376 66.238537 -68.263069
-37.054006 63.953983 -67.356430
-41.486805 57.090660 -70.848441
-27.539328 50.585261 -81.747885
-17.497779 52.525478 -83.276058
6
26.287466 -96.480936 -0.630895
26.075843 -96.540171 0.213941
34.390200 -93.600121 7.505429
41.290979 -90.860035 6.285626
48.143258 -87.572651 -3.641095
46.882798 -87.746564 -10.126390
6
-11.155204 78.341757 61.140253
-14.452376 87.448333 46.302461
-4.780448 92.234590 38.339637
7.129043 91.862891 38.863686
12.216283 89.832481 42.200567
9.301806 79.945692 59.347812
8
93.526157 21.821412 -27.869049
96.683016 3.903181 -25.242019
99.108814 0.519826 -13.310626
99.307744 1.007879 -11.702824
98.911755 14.319832 -3.377446
98.518088 16.836407 -3.274396
95.414153 27.675517 -11.410750
92.721207 30.606009 -21.588192
6
8.782213 96.247390 -25.677083
9.031916 95.874660 -26.953183
9.263925 95.769267 -27.247517
32.294101 89.806323 -29.864952
35.757089 90.152660 -24.370648
25.894626 95.143503 -16.648791
4
78.775310 -15.008547 -59.742732
72.018253 -19.841063 -66.480850
75.212099 -35.029645 -55.821717
81.393963 -30.786163 -49.266977
7
45.492047 -77.582826 43.719318
41.174676 -82.691223 38.298925
36.100106 -85.413878 37.433297
33.222179 -85.795898 39.183551
31.050157 -83.525923 45.379598
32.074386 -76.904608 55.289376
40.200322 -73.241299 54.951307
6
65.149742 -74.886228 -12.147590
47.010570 -87.571569 -11.010294
46.882798 -87.746564 -10.126390
48.143258 -87.572651 -3.641095
62.451876 -76.640991 15.030694
68.385232 -72.353710 9.402159
9
-4.102976 -26.215499 -96.415316
-1.067922 -23.443390 -97.207340
0.409255 -21.005342 -97.768134
-1.606540 -1.706842 -99.972525
-3.658564 2.334762 -99.905775
-26.504742 7.499466 -96.131455
-27.757681 6.087756 -95.877267
-29.839993 -19.102314 -93.512975
-15.647294 -26.477779 -95.152979
5
-17.497779 52.525478 -83.276058
-27.539328 50.585261 -81.747885
-37.992121 40.700514 -83.066641
-24.745572 29.617051 -92.252301
-18.250809 37.950711 -90.700890
8
77.738495 -57.954074 -24.455095
85.665581 -47.324478 -20.537820
90.482359 -30.911090 -29.282200
87.350465 -27.351600 -40.271407
86.807662 -27.374296 -41.413496
84.255603 -29.803669 -44.863512
72.722159 -59.248526 -34.656886
73.019603 -61.783472 -29.170879
5
48.810858 50.458680 -71.213915
53.984874 54.391910 -64.242925
48.816474 65.149911 -58.072721
40.622293 65.718655 -63.489273
38.716434 58.111813 -71.582504
6
42.555562 -10.707468 -89.857522
43.793280 -15.811303 -88.499443
54.163338 -22.400183 -81.022001
62.248228 -9.994850 -77.622555
55.514459 -0.425612 -83.174297
50.357668 2.377381 -86.362337
5
99.477404 -9.806152 -2.843483
97.839460 -20.584303 -1.930425
98.117399 -15.544191 11.460986
98.304542 -2.373279 18.181985
99.779750 0.746926 6.591175
7
72.362886 27.158858 63.450841
74.835116 19.797979 63.306756
74.745490 16.665153 64.306955
74.017682 14.613576 65.634032
59.060628 13.232115 79.603727
56.093507 20.473438 80.214443
69.492511 29.725954 65.476398
6
-75.938099 -18.811275 -62.285962
-76.851217 -28.702363 -57.184481
-71.231468 -35.530690 -60.528077
-60.243179 -38.836139 -69.731727
-57.355926 -23.851415 -78.367135
-70.101572 -14.991497 -69.721049
5
-64.658710 73.725054 19.592538
-61.243583 78.654733 7.915594
-51.327049 85.097958 11.129761
-49.751761 85.248176 16.047143
-57.033365 77.654509 26.776343
7
24.571285 96.934144 0.153939
24.608026 96.924773 0.182872
23.210494 96.028548 15.485185
8.211652 97.480958 20.737204
2.467738 99.121667 12.992510
6.504948 99.724951 3.552426
13.158509 99.109144 -2.056996
5
34.705459 78.540594 51.253353
30.061520 83.953516 45.256074
43.245406 85.388521 28.959200
44.271754 84.822775 29.070754
46.263865 75.331161 46.742604
6
10.899583 -61.572324 78.038760
25.408742 -74.045567 62.222583
25.313489 -74.360587 61.884815
11.152177 -81.614160 56.698834
1.410478 -69.253625 72.124517
4.926746 -62.649505 77.786675
6
77.027748 -45.014843 45.170676
81.503068 -29.909856 49.625099
81.834850 -29.493905 49.327142
88.740829 -33.927088 31.209261
82.155260 -44.797131 35.266560
81.158982 -45.519264 36.622620
4
-30.786437 86.435912 39.762148
-35.491065 87.637289 32.559022
-28.887570 93.467731 20.719351
-21.125572 93.387842 28.851709
6
-49.067240 -45.170579 -74.511910
-47.836117 -29.376181 -82.757150
-50.083400 -22.854145 -83.482580
-57.355926 -23.851415 -78.367135
-60.243179 -38.836139 -69.731727
-58.844104 -40.790116 -69.810729
6
-81.230004 -44.540296 37.654329
-66.922347 -63.116071 39.214297
-67.051060 -69.585007 25.730959
-72.144097 -66.104515 20.625769
-82.801431 -49.405492 26.514532
-83.605443 -46.905182 28.461091
8
92.721207 30.606009 -21.588192
95.414153 27.675517 -11.410750
92.191431 38.482336 4.455315
83.270256 55.315462 2.502829
79.080769 60.611622 -8.512535
79.370149 59.434105 -12.960191
80.842514 56.523927 -16.417479
89.773046 36.666437 -24.420742
6
-43.396137 -24.784169 86.617090
-59.267804 -23.563470 77.020064
-65.981810 -13.954696 73.835406
-65.639495 -8.171286 74.997912
-64.635753 -5.843910 76.079354
-43.939857 -17.135869 88.179651
6
70.980103 58.821859 -38.753243
80.842514 56.523927 -16.417479
79.370149 59.434105 -12.960191
63.675461 72.917220 -25.070195
61.079979 73.350415 -29.815310
61.210538 66.318854 -43.070635
6
-95.674868 -3.947253 28.822539
-97.523287 -5.161034 21.507494
-99.526375 3.753653 8.967201
-99.100574 9.168083 9.747948
-97.132237 8.895199 22.050034
-95.748431 -1.937489 28.783401
6
8.093324 -48.095162 -87.300364
16.600760 -36.678400 -91.537477
-1.067922 -23.443390 -97.207340
-4.102976 -26.215499 -96.415316
-1.959331 -41.552016 -90.937292
3.825512 -47.824087 -87.739513
5
58.390708 -63.942595 50.018695
58.165510 -67.231271 45.790061
45.492047 -77.582826 43.719318
40.200322 -73.241299 54.951307
46.412522 -63.532352 61.721293
6
89.716394 -17.585637 40.518071
91.362081 -9.719249 39.477922
94.648105 -6.591069 31.595790
94.238475 -24.723857 22.535324
91.948002 -31.334528 23.742627
90.265665 -31.989129 28.788981
6
-3.658564 2.334762 -99.905775
4.434816 13.706859 -98.956831
1.807662 27.653452 -96.083396
-26.331032 19.843087 -94.408308
-27.210665 17.774696 -94.570819
-26.504742 7.499466 -96.131455
5
18.481217 -20.269016 96.164503
14.110691 -8.019188 98.674115
17.714177 1.701176 98.403831
34.563786 1.909507 93.817368
38.774839 -12.124361 91.375663
7
-19.464679 92.943291 -31.347583
-19.754402 92.974731 -31.071902
-21.122924 92.536243 -31.478022
-33.175747 84.768815 -41.395867
-24.105300 82.145746 -51.681824
-13.380434 84.262786 -52.160779
-9.820499 85.771272 -50.466293
4
-26.906336 -81.537531 -51.260903
-33.913547 -81.337140 -47.266701
-31.010381 -88.875537 -33.756410
-15.458417 -90.377518 -39.911672
7
-51.327049 85.097958 11.129761
-48.528339 87.255220 5.614874
-29.974172 95.276834 4.886084
-30.429134 94.599052 11.184238
-30.791908 94.361921 12.152626
-42.662824 88.288590 19.621627
-49.751761 85.248176 16.047143
6
-37.054006 63.953983 -67.356430
-42.992943 69.717507 -57.367901
-53.645153 62.778819 -56.400510
-55.782173 58.667279 -58.706894
-47.890704 51.726632 -70.928387
-41.486805 57.090660 -70.848441
6
17.084583 -41.851734 89.199492
14.830729 -24.725331 95.753368
16.760769 -23.198839 95.816963
32.907969 -35.713604 87.416269
27.795261 -45.468540 84.616992
23.570382 -47.457483 84.806983
6
62.248228 -9.994850 -77.622555
54.163338 -22.400183 -81.022001
54.659840 -32.403037 -77.216223
57.168998 -35.272422 -74.078080
70.747848 -19.144322 -68.031146
67.388344 -9.354686 -73.289160
7
0.633189 57.873354 81.549212
-14.847093 75.087259 64.354234
-11.155204 78.341757 61.140253
9.301806 79.945692 59.347812
10.410250 78.741709 60.756646
11.932722 62.938805 76.787479
2.666578 57.309861 81.905245
6
-90.977798 14.492666 38.897338
-90.905721 18.776992 37.196432
-84.864527 27.029915 45.468625
-79.706660 13.241541 58.919521
-82.356073 9.194666 55.972630
-88.092398 8.652286 46.528136
5
-95.748431 -1.937489 28.783401
-97.132237 8.895199 22.050034
-93.321628 23.501964 27.179615
-90.905721 18.776992 37.196432
-90.977798 14.492666 38.897338
5
-88.092398 8.652286 46.528136
-82.356073 9.194666 55.972630
-82.085225 -3.059541 57.032053
-86.998094 -7.408773 48.748762
-89.518996 1.189036 44.552616
6
-41.486805 57.090660 -70.848441
-47.890704 51.726632 -70.928387
-48.931517 49.109352 -72.069260
-45.111272 39.621057 -79.969650
-37.992121 40.700514 -83.066641
-27.539328 50.585261 -81.747885
5
35.416961 4.930427 93.388060
25.286243 19.729620 94.717200
38.288273 27.878567 88.072661
44.044967 22.048652 87.028144
40.329727 9.340369 91.028955
6
-16.423682 96.783333 19.059093
-15.259029 94.465954 29.040412
-21.125572 93.387842 28.851709
-28.887570 93.467731 20.719351
-30.791908 94.361921 12.152626
-30.429134 94.599052 11.184238
5
13.267693 -97.914990 -15.382558
21.934168 -96.071810 -17.002928
15.815161 -93.115074 -32.855193
6.230373 -91.869502 -39.002271
0.953741 -97.254167 -23.253332
7
-17.459211 14.777019 97.348938
-5.962213 8.002921 99.500780
-5.901354 7.906062 99.512151
-2.494890 -5.597107 99.812063
-6.018951 -15.041215 98.678945
-23.794938 -9.932060 96.618606
-24.701471 -4.710057 96.786635
6
58.165510 -67.231271 45.790061
58.390708 -63.942595 50.018695
68.061010 -50.962505 52.635748
70.961358 -49.940679 49.703262
72.404357 -60.519274 33.091186
63.635931 -69.870892 32.688326
5
72.404357 -60.519274 33.091186
70.961358 -49.940679 49.703262
77.027748 -45.014843 45.170676
81.158982 -45.519264 36.622620
75.030463 -58.378205 31.022812
5
17.038714 60.792949 -77.549336
29.335127 47.602428 -82.906328
35.851594 51.893292 -77.599932
36.509174 57.128049 -73.508273
17.551433 62.613967 -75.969983
7
71.350101 70.041121 -1.845120
79.080769 60.611622 -8.512535
83.270256 55.315462 2.502829
82.520913 55.727058 9.208363
77.077729 61.702832 15.867709
69.103786 70.921930 13.955163
67.282539 73.554898 7.920660
5
29.335127 47.602428 -82.906328
28.306238 41.240372 -86.590927
35.096192 38.614815 -85.306233
41.549268 45.104214 -78.989038
35.851594 51.893292 -77.599932
4
20.342211 61.642171 76.068635
37.085399 64.627322 66.693196
47.654781 58.201245 65.891099
31.695444 45.355311 83.296426
6
-69.266216 69.362581 19.774317
-70.055894 68.271779 20.763814
-85.650187 48.990796 16.246454
-87.900180 45.769315 13.368926
-86.902724 48.310135 10.679299
-73.914249 67.110727 5.730108
5
13.333289 90.246263 -40.961390
29.941785 87.387351 -38.300659
31.534570 87.823085 -35.953813
32.294101 89.806323 -29.864952
9.263925 95.769267 -27.247517
7
66.032747 -46.098307 59.284251
68.061010 -50.962505 52.635748
58.390708 -63.942595 50.018695
46.412522 -63.532352 61.721293
46.152974 -63.233339 62.220960
47.144285 -57.992815 66.439821
54.955014 -48.573740 67.974541
7
36.101751 -33.549810 87.011918
32.907969 -35.713604 87.416269
16.760769 -23.198839 95.816963
18.481217 -20.269016 96.164503
38.774839 -12.124361 91.375663
39.057934 -12.304220 91.230937
41.579846 -17.145564 89.314870
5
20.465339 -90.635558 36.964381
5.871375 -86.593767 49.669372
11.017181 -81.926546 56.273110
31.050157 -83.525923 45.379598
33.222179 -85.795898 39.183551
6
-0.264253 -71.272231 -70.144132
7.510392 -70.419091 -70.602731
16.313537 -52.282511 -83.668438
8.093324 -48.095162 -87.300364
3.825512 -47.824087 -87.739513
-8.497107 -66.582701 -74.125185
8
91.894428 -33.748733 20.406791
91.948002 -31.334528 23.742627
94.238475 -24.723857 22.535324
98.117399 -15.544191 11.460986
97.839460 -20.584303 -1.930425
97.353913 -22.616224 -3.274443
96.000655 -27.972451 -1.190095
92.545526 -35.428171 13.422754
4
99.108814 0.519826 -13.310626
96.683016 3.903181 -25.242019
94.718392 -4.451590 -31.758615
96.756081 -14.961213 -20.357378
6
26.091322 -68.147121 -68.375528
31.152270 -60.005152 -73.681190
27.851488 -50.459501 -81.719847
16.313537 -52.282511 -83.668438
7.510392 -70.419091 -70.602731
20.810143 -71.697104 -66.531671
