400
6
-26.641677 -16.566810 94.951366
-24.973129 -9.753471 96.339050
-17.584476 -0.313366 98.441292
-14.296941 -0.164974 98.972573
-6.371327 -12.907106 98.958642
-17.379906 -20.628716 96.293276
6
-22.924016 -95.321018 19.707687
-42.760606 -87.416053 23.020953
-47.371555 -82.724606 30.208861
-39.368042 -83.189038 39.111907
-30.730660 -85.755335 41.251050
-22.892343 -93.611752 26.697948
6
-7.889013 -79.911011 -59.598606
-6.756706 -75.500150 -65.223265
-13.959540 -62.613715 -76.711498
-25.779327 -66.564992 -70.032337
-27.284793 -71.689095 -64.157725
-18.383498 -79.999468 -57.115077
6
79.084092 -39.609741 -46.655919
63.238927 -42.427041 -64.813458
62.435309 -44.384538 -64.279429
73.241374 -55.365263 -39.628132
74.156906 -54.748980 -38.772444
75.583996 -52.364640 -39.306539
5
-2.170328 8.382432 -99.624417
-7.297762 -3.890877 -99.657432
-1.360609 -13.768572 -99.038251
11.503350 2.941577 -99.292598
1.307405 11.419893 -99.337187
6
-66.526067 71.891885 -20.145456
-65.660352 72.448454 -20.974740
-55.763237 79.833654 -22.738715
-48.493492 86.830956 -10.429108
-49.976821 86.372519 -6.488868
-59.419257 80.322600 -4.199039
5
-15.603711 -24.782629 95.615613
4.533609 -34.463800 93.764028
5.333611 -39.987960 91.501451
-4.725359 -44.322626 89.516344
-18.851809 -40.552020 89.443518
7
2.971656 0.701704 99.953373
5.325801 9.443097 99.410582
19.556875 5.315873 97.924819
18.693260 -8.394865 97.877925
18.326615 -8.919823 97.900827
18.301476 -8.919526 97.905557
3.142127 -0.866264 99.946869
6
26.254519 -88.668718 38.059935
26.913651 -89.182587 36.360989
25.854997 -94.189421 21.444627
9.305707 -96.126366 25.944662
7.759932 -95.437294 28.835851
22.016641 -88.760799 40.457238
4
-38.484488 -50.003520 77.579586
-22.624698 -52.742536 81.892295
-16.062857 -62.464236 76.421227
-41.425407 -57.638899 70.439286
7
32.730055 45.521698 82.804097
24.731533 42.492030 87.079152
22.189624 43.312075 87.359514
15.083848 49.264216 85.705977
20.014023 61.843442 75.992286
21.394136 62.706455 74.901211
31.809099 59.179890 74.067009
6
-58.457314 46.996562 66.136720
-61.809125 45.058987 64.415214
-66.548158 44.956506 59.584018
-63.844060 60.422214 47.676955
-49.517718 67.722716 54.420854
-43.058478 67.341842 60.091961
7
7.773711 -41.725666 90.545780
5.333611 -39.987960 91.501451
4.533609 -34.463800 93.764028
7.412246 -27.734445 95.790705
19.516704 -23.374850 95.250799
24.006594 -25.942634 93.544980
26.145756 -35.016881 89.945636
6
-92.534424 -3.760271 37.725864
-88.958927 0.840203 45.668406
-88.497702 0.112865 46.563334
-86.079002 -17.290862 47.868898
-92.073226 -22.450362 31.913982
-92.947888 -21.622891 29.885460
7
-98.999044 -10.034454 9.924667
-99.922543 2.694710 -2.867738
-99.423416 9.739931 -4.485318
-98.412924 14.608093 10.074722
-98.422669 11.968649 13.028036
-97.641332 -8.564195 19.819807
-97.521021 -11.072386 19.158619
7
-71.708540 -60.327633 -34.906475
-77.091866 -59.692136 -22.219205
-76.056298 -63.030284 -15.576352
-71.501274 -69.286326 -9.325923
-59.935751 -79.318272 -10.785059
-55.278379 -81.513080 -17.318158
-53.702766 -74.024371 -40.452507
5
34.352624 -92.780042 14.552009
36.830579 -91.553179 16.171696
48.260754 -86.264772 15.142282
53.995173 -83.785169 8.035345
45.476715 -89.041198 -1.879755
6
-22.624698 -52.742536 81.892295
-21.737128 -41.996999 88.112141
-18.851809 -40.552020 89.443518
-4.725359 -44.322626 89.516344
-11.560115 -65.799573 74.409542
-16.062857 -62.464236 76.421227
5
-19.022724 73.758640 64.790424
-15.933388 67.335452 72.194626
-34.908644 58.431096 73.261133
-41.350245 67.979612 60.571689
-39.521882 69.793086 59.723915
7
65.237786 -61.403406 44.425815
63.260353 -56.347234 53.133012
66.401381 -47.834683 57.469119
67.701214 -46.737745 56.851814
79.016443 -42.771285 43.897825
79.375216 -43.135732 42.882207
65.890799 -61.022343 43.984955
6
-85.335650 -20.675292 -47.857696
-83.316303 -28.312761 -47.505591
-74.659331 -38.103203 -54.535587
-73.988882 -38.148403 -55.410690
-73.079369 -32.021644 -60.282835
-79.468934 -16.303250 -58.471297
6
-48.183037 39.527329 -78.204764
-32.623700 41.118057 -85.117564
-31.534845 50.949744 -80.060460
-33.181376 52.541877 -78.347607
-45.021256 49.755601 -74.144903
-48.676421 42.317591 -76.418764
5
-59.419257 80.322600 -4.199039
-49.976821 86.372519 -6.488868
-45.119375 89.121492 4.647760
-59.529119 79.272131 13.123002
-65.883339 74.892537 7.105883
8
-53.702766 -74.024371 -40.452507
-55.278379 -81.513080 -17.318158
-52.214777 -83.621551 -16.764645
-37.312438 -90.023796 -22.438763
-35.229198 -88.691698 -29.877858
-38.731154 -82.324475 -41.503958
-46.283524 -77.893737 -42.313133
-53.461820 -74.061272 -40.703338
6
-53.950053 81.336883 21.764728
-40.354474 90.537336 13.210114
-38.107885 91.195886 15.201959
-39.805718 87.079121 28.857089
-43.778030 85.031313 29.208901
-52.768241 81.459826 24.079231
6
-85.141457 -50.511087 14.126657
-91.306810 -40.771395 -0.871708
-93.643547 -34.756792 4.780321
-86.546535 -44.930845 22.156634
-85.842651 -46.042829 22.607456
-84.697452 -49.818257 18.560250
6
3.257042 17.506731 -98.401758
1.082356 13.591046 -99.066200
1.307405 11.419893 -99.337187
11.503350 2.941577 -99.292598
15.486601 2.466596 -98.762752
23.417800 23.195048 -94.411845
6
-88.891154 43.181402 15.288207
-82.136016 52.131285 23.151759
-77.771444 48.961131 39.426008
-77.084917 40.443100 49.216575
-82.366842 33.621050 45.665395
-90.939366 37.059936 18.883666
6
94.582361 -29.858460 12.753409
93.447610 -31.028840 17.457241
92.980570 -14.630091 33.772386
97.370752 -5.814724 22.025567
97.621514 -6.013927 20.829609
98.626191 -13.438465 9.606355
6
74.715066 55.073468 -37.209838
80.634241 53.070929 -26.107388
74.531567 63.666620 -19.789063
65.545942 70.408124 -27.320792
65.785829 67.337290 -33.732982
74.248486 55.479144 -37.539671
8
-30.629620 -36.089001 88.087515
-27.636775 -16.752088 94.633906
-26.641677 -16.566810 94.951366
-17.379906 -20.628716 96.293276
-15.603711 -24.782629 95.615613
-18.851809 -40.552020 89.443518
-21.737128 -41.996999 88.112141
-28.542413 -39.015641 87.539194
6
-59.964953 -18.199832 77.929266
-59.294278 -9.354628 79.979244
-54.712831 -4.106968 83.604061
-41.350490 -4.772345 90.925034
-35.561664 -15.416705 92.182934
-45.845656 -24.484224 85.432421
6
38.202048 -40.825539 -82.908859
52.727450 -22.512393 -81.932950
51.751301 -20.317476 -83.120413
44.621647 -16.124271 -88.027930
34.545925 -22.388609 -91.133579
31.650354 -30.348279 -89.873450
7
21.237630 -97.511303 6.364651
28.105558 -94.795077 14.965659
34.352624 -92.780042 14.552009
45.476715 -89.041198 -1.879755
44.131615 -89.384859 -7.921329
22.447613 -97.150796 -7.604443
18.804914 -98.199552 -1.795333
7
86.492316 14.500530 48.050120
85.190437 33.987728 39.842487
86.577997 36.972837 33.723283
92.938234 27.634540 24.470734
95.811755 18.419035 21.928219
95.841319 16.736420 23.115661
90.027289 10.980834 42.124916
5
1.726627 35.283235 -93.552724
-11.146154 34.196307 -93.307962
-12.901515 20.744718 -96.970138
1.082356 13.591046 -99.066200
3.257042 17.506731 -98.401758
5
-7.100094 89.056869 -44.927305
-7.584802 89.355407 -44.250220
-33.184133 86.092022 -38.561341
-22.648167 78.822177 -57.219970
-8.842504 85.161560 -51.665451
5
-45.859177 -39.427200 79.639386
-44.158475 -30.533484 84.366673
-30.629620 -36.089001 88.087515
-28.542413 -39.015641 87.539194
-39.653826 -46.250244 79.299994
4
-6.108744 99.798690 -1.704327
-17.716684 96.736034 18.117912
-23.427593 96.054921 14.986663
-28.046741 95.917470 -3.635826
6
52.071369 55.060580 -65.244962
56.816301 56.320094 -59.999625
56.822988 56.363193 -59.952803
45.877642 67.626077 -57.636409
39.869236 66.731492 -62.907487
37.993243 61.855607 -68.777884
6
29.936683 -14.581878 94.292968
20.516110 -12.926081 97.015492
18.326615 -8.919823 97.900827
18.693260 -8.394865 97.877925
33.200394 -1.730703 94.311921
37.943712 -4.618657 92.406400
6
-84.268369 30.566871 -44.322774
-76.184562 55.344219 -33.659024
-77.338338 56.022827 -29.668575
-87.988471 43.876855 -18.244192
-85.469293 28.826409 -43.174508
-85.281265 28.740058 -43.601776
8
-6.108744 99.798690 -1.704327
-28.046741 95.917470 -3.635826
-29.086473 95.543468 -5.042099
-29.747520 93.075328 -21.261901
-11.966004 96.625599 -22.810269
-0.690416 98.910843 -14.702665
0.060123 99.320826 -11.634857
-1.036382 99.800353 -6.230198
7
-27.636775 -16.752088 94.633906
-35.561664 -15.416705 92.182934
-41.350490 -4.772345 90.925034
-36.692042 12.111096 92.233483
-31.168900 9.877163 94.503658
-24.973129 -9.753471 96.339050
-26.641677 -16.566810 94.951366
6
-71.503006 19.598912 67.105907
-73.376828 25.427381 63.002296
-69.574790 42.611243 57.824135
-66.548158 44.956506 59.584018
-61.809125 45.058987 64.415214
-58.553999 21.357026 78.200426
7
94.960233 0.405928 -31.343090
91.570069 0.307602 -40.184921
91.132123 -0.369055 -41.167947
91.107497 -10.746955 -39.798580
94.935974 -16.826986 -26.533251
95.051650 -16.776918 -26.148017
97.666081 -9.218673 -19.399810
4
18.301476 -8.919526 97.905557
4.654479 -18.949627 98.077762
-2.678963 -12.139886 99.224222
3.142127 -0.866264 99.946869
8
-44.281728 -12.480419 -88.788331
-42.679734 -32.341113 -84.454086
-40.972609 -32.186170 -85.353944
-25.146323 -19.783527 -94.743203
-26.476584 -13.024516 -95.547645
-28.953369 -8.456857 -95.342457
-37.577322 -5.087629 -92.531405
-41.867423 -6.224113 -90.600107
6
54.374848 -75.148999 37.363135
66.697206 -70.148181 25.114050
67.506316 -70.268654 22.476956
60.012610 -79.421792 9.521848
50.759146 -80.360338 31.076119
52.844516 -76.633568 36.534276
5
-6.284965 -87.620122 47.782983
-24.223156 -84.548757 47.589351
-27.237146 -73.610600 61.964647
-10.955067 -66.633453 73.756148
-4.356609 -68.989497 72.259735
6
-95.504785 7.383068 28.711083
-98.422669 11.968649 13.028036
-98.412924 14.608093 10.074722
-92.772765 31.869066 19.431335
-92.721170 20.725076 31.197049
-93.460661 12.295751 33.375431
5
-21.737128 -41.996999 88.112141
-22.624698 -52.742536 81.892295
-38.484488 -50.003520 77.579586
-39.653826 -46.250244 79.299994
-28.542413 -39.015641 87.539194
8
-13.488896 -93.603886 -32.501728
-17.302125 -95.004784 -25.975516
-18.364909 -97.191133 -14.717805
-10.861006 -99.404903 -0.838902
-8.041215 -99.657636 -1.922089
6.006370 -96.123108 -26.912295
1.310549 -94.672863 -32.176568
-8.436357 -93.689053 -33.929180
5
54.917360 -23.046441 -80.330225
52.727450 -22.512393 -81.932950
38.202048 -40.825539 -82.908859
38.273723 -41.515248 -82.532456
63.169358 -34.546511 -69.398637
7
-14.296941 -0.164974 98.972573
-17.584476 -0.313366 98.441292
-24.170311 9.773196 96.541601
-14.711268 15.774440 97.646022
-13.442879 15.802186 97.824230
-11.084704 13.851639 98.413726
-11.633834 2.343899 99.293303
6
-37.916196 -50.380014 -77.615825
-44.253717 -34.121655 -82.929616
-46.880838 -33.747402 -81.629039
-54.421731 -42.506195 -72.329099
-47.635987 -57.155839 -66.813343
-38.177673 -52.202067 -76.271945
5
38.501639 26.811602 88.310599
36.260287 32.254560 87.434747
41.638354 41.316444 80.988881
45.687276 41.317490 78.775236
54.656571 27.845577 78.976472
7
69.212519 38.570191 -61.007931
56.816301 56.320094 -59.999625
52.071369 55.060580 -65.244962
49.160423 43.783174 -75.274740
55.888130 37.192005 -74.116609
70.377005 32.751521 -63.042962
70.579600 34.572054 -61.832784
6
-65.348368 67.160891 34.914260
-66.534276 67.141160 32.638240
-57.217249 79.748375 19.141134
-53.950053 81.336883 21.764728
-52.768241 81.459826 24.079231
-54.645711 74.839816 37.587873
6
98.915143 10.099103 -10.667833
99.470070 1.001792 -10.232380
99.930303 -1.997679 -3.153398
99.714031 1.353639 7.435026
98.378080 15.618960 8.820519
98.582888 15.862741 -5.457806
6
41.638354 41.316444 80.988881
32.730055 45.521698 82.804097
31.809099 59.179890 74.067009
43.535275 59.418519 67.632236
46.912535 45.846972 75.480257
45.687276 41.317490 78.775236
5
-57.007812 20.235372 79.628130
-52.734815 19.628221 82.666633
-54.712831 -4.106968 83.604061
-59.294278 -9.354628 79.979244
-67.350846 1.718587 73.897970
6
66.127974 -12.362094 -73.988308
60.894822 2.881260 -79.268651
59.841677 2.819217 -80.068881
51.751301 -20.317476 -83.120413
52.727450 -22.512393 -81.932950
54.917360 -23.046441 -80.330225
6
-87.728889 0.152703 47.996029
-77.971150 8.810448 61.990933
-76.872664 8.412103 63.402130
-75.117598 2.253478 65.971723
-77.063594 -7.420755 63.294035
-78.073655 -8.235258 61.940980
8
13.228826 90.040557 -41.445098
14.455286 90.206388 -40.667584
15.898660 93.271284 -32.368198
14.203136 94.653023 -28.966813
-0.690416 98.910843 -14.702665
-11.966004 96.625599 -22.810269
-7.584802 89.355407 -44.250220
-7.100094 89.056869 -44.927305
6
94.001637 33.410804 -6.885521
93.857845 33.928131 -6.291802
84.734761 53.043289 -2.535713
82.348352 51.286862 -24.257098
89.347444 36.635381 -25.978513
91.295539 33.630977 -23.110213
7
-6.813980 53.614991 -84.136808
-14.514087 50.751434 -84.933110
-16.063721 37.225696 -91.412277
-11.146154 34.196307 -93.307962
1.726627 35.283235 -93.552724
6.405275 38.580822 -92.035279
2.160727 52.035802 -85.367479
4
-94.111011 -22.276297 25.433920
-86.546535 -44.930845 22.156634
-93.643547 -34.756792 4.780321
-94.252618 -32.958444 5.494092
7
-77.091866 -59.692136 -22.219205
-71.708540 -60.327633 -34.906475
-72.326298 -58.659690 -36.441012
-79.302418 -45.143481 -40.904677
-85.292338 -38.098665 -35.689057
-87.668182 -36.536118 -31.295397
-83.182599 -51.363229 -21.035063
7
-47.635987 -57.155839 -66.813343
-48.243285 -57.894253 -65.733104
-34.055634 -70.151784 -62.601446
-27.284793 -71.689095 -64.157725
-25.779327 -66.564992 -70.032337
-34.480609 -55.115266 -75.982860
-38.177673 -52.202067 -76.271945
6
-88.891154 43.181402 15.288207
-88.621728 46.322135 0.670219
-76.287267 64.555543 -3.582576
-68.773156 72.235773 7.228141
-73.861680 62.965927 24.077881
-82.136016 52.131285 23.151759
4
-2.170328 8.382432 -99.624417
-18.190003 7.388520 -98.053728
-20.010886 -0.960256 -97.972661
-7.297762 -3.890877 -99.657432
6
-65.883339 74.892537 7.105883
-59.529119 79.272131 13.123002
-57.217249 79.748375 19.141134
-66.534276 67.141160 32.638240
-73.861680 62.965927 24.077881
-68.773156 72.235773 7.228141
6
31.339015 55.917907 -76.753201
41.102978 43.774520 -79.964596
49.160423 43.783174 -75.274740
52.071369 55.060580 -65.244962
37.993243 61.855607 -68.777884
36.007807 61.498447 -70.152540
4
67.701214 -46.737745 56.851814
70.595789 -30.688184 63.831575
79.159731 -37.849423 47.970388
79.016443 -42.771285 43.897825
6
-46.770820 -3.051264 -88.335611
-60.904731 -6.057021 -79.081769
-60.904685 -10.974941 -78.550430
-55.178421 -17.670381 -81.505211
-44.281728 -12.480419 -88.788331
-41.867423 -6.224113 -90.600107
5
18.544194 -29.271865 -93.804428
16.625801 -15.488591 -97.384220
-1.351857 -14.198945 -98.977585
-2.586381 -23.500496 -97.165000
12.554973 -32.847225 -93.613206
6
-0.074037 64.176424 76.690163
-2.334990 66.341913 74.788357
4.994487 77.999022 62.379546
18.600639 74.606631 63.936428
21.394136 62.706455 74.901211
20.014023 61.843442 75.992286
7
38.463499 -74.568057 -54.407391
19.370194 -74.840388 -63.432736
17.507615 -75.219276 -63.525931
15.079742 -77.023172 -61.967995
17.698181 -87.617420 -44.832601
25.032502 -87.673257 -41.070353
40.580885 -76.863275 -49.449254
6
7.412246 -27.734445 95.790705
4.654479 -18.949627 98.077762
18.301476 -8.919526 97.905557
18.326615 -8.919823 97.900827
20.516110 -12.926081 97.015492
19.516704 -23.374850 95.250799
7
-1.036382 99.800353 -6.230198
8.726254 99.230032 8.789385
2.245672 98.051177 19.517266
-12.537733 95.835394 25.658966
-15.910780 96.298265 21.759855
-17.716684 96.736034 18.117912
-6.108744 99.798690 -1.704327
5
36.007807 61.498447 -70.152540
37.993243 61.855607 -68.777884
39.869236 66.731492 -62.907487
30.554894 79.960451 -51.698401
22.156736 75.115476 -62.183152
6
-69.574790 42.611243 57.824135
-77.084917 40.443100 49.216575
-77.771444 48.961131 39.426008
-65.555763 62.183899 42.843956
-63.844060 60.422214 47.676955
-66.548158 44.956506 59.584018
6
-76.120402 -48.437754 43.121553
-74.217643 -63.579433 21.198991
-75.105894 -63.125385 19.346587
-84.697452 -49.818257 18.560250
-85.842651 -46.042829 22.607456
-76.721449 -47.399424 43.210113
6
26.913651 -89.182587 36.360989
41.903920 -86.555935 27.425019
36.830579 -91.553179 16.171696
34.352624 -92.780042 14.552009
28.105558 -94.795077 14.965659
25.854997 -94.189421 21.444627
4
-97.216939 18.522178 -14.345580
-85.469293 28.826409 -43.174508
-87.988471 43.876855 -18.244192
-90.543040 41.271275 -9.931756
5
36.260287 32.254560 87.434747
28.389846 35.348419 89.131958
24.731533 42.492030 87.079152
32.730055 45.521698 82.804097
41.638354 41.316444 80.988881
5
68.234965 -69.214273 -23.523903
67.784156 -71.805321 -15.789367
75.726660 -64.934243 -7.001217
78.115775 -57.455176 -24.430074
75.099227 -58.416491 -30.783433
6
-82.136016 52.131285 23.151759
-73.861680 62.965927 24.077881
-66.534276 67.141160 32.638240
-65.348368 67.160891 34.914260
-65.555763 62.183899 42.843956
-77.771444 48.961131 39.426008
8
17.727315 0.643335 -98.414066
15.486601 2.466596 -98.762752
11.503350 2.941577 -99.292598
-1.360609 -13.768572 -99.038251
-1.351922 -14.198782 -98.977608
-1.351857 -14.198945 -98.977585
16.625801 -15.488591 -97.384220
21.279476 -8.671512 -97.324143
6
50.925756 -79.058893 -34.003805
48.963354 -75.820490 -43.056280
40.580885 -76.863275 -49.449254
25.032502 -87.673257 -41.070353
23.996150 -92.863993 -28.292466
48.231059 -84.866981 -21.710839
5
-45.845656 -24.484224 85.432421
-35.561664 -15.416705 92.182934
-27.636775 -16.752088 94.633906
-30.629620 -36.089001 88.087515
-44.158475 -30.533484 84.366673
7
-24.718571 75.535672 -60.690646
-22.648167 78.822177 -57.219970
-33.184133 86.092022 -38.561341
-36.621906 86.158258 -35.150968
-43.645389 81.704120 -37.676474
-45.076763 79.960102 -39.679561
-43.376833 74.397091 -50.828370
7
32.801156 26.825998 -90.578419
28.179303 27.822973 -91.824883
23.417800 23.195048 -94.411845
15.486601 2.466596 -98.762752
17.727315 0.643335 -98.414066
43.029033 10.118095 -89.700203
39.819732 19.494435 -89.634569
6
80.792072 -55.947004 18.508752
79.559372 -59.504101 11.382807
67.506316 -70.268654 22.476956
66.697206 -70.148181 25.114050
72.439025 -60.635791 32.800740
75.380467 -57.535543 31.740299
8
-91.016347 -4.605361 -41.168133
-90.039521 -14.583005 -40.990495
-89.065256 -17.164112 -42.104316
-85.335650 -20.675292 -47.857696
-79.468934 -16.303250 -58.471297
-79.406456 -16.099256 -58.612530
-83.835920 -4.070268 -54.359649
-88.892434 1.068395 -45.792944
6
73.166523 -15.529537 66.373891
67.405373 -8.522881 73.374902
66.419146 7.794110 74.348833
73.842883 3.795840 67.326222
77.235227 -10.581633 62.631851
77.232240 -10.590554 62.634026
5
39.518639 -70.729258 58.614411
44.802793 -67.150265 59.021620
53.514550 -64.872970 54.108138
56.219391 -71.713178 41.189808
54.954069 -73.566346 39.598524
6
-28.046741 95.917470 -3.635826
-23.427593 96.054921 14.986663
-38.107885 91.195886 15.201959
-40.354474 90.537336 13.210114
-44.280582 89.506873 5.267808
-29.086473 95.543468 -5.042099
4
53.112339 -53.680518 -65.555179
42.269701 -49.647365 -75.818280
36.433436 -65.198180 -66.496632
39.377077 -71.263246 -58.060275
7
-8.842504 85.161560 -51.665451
-22.648167 78.822177 -57.219970
-24.718571 75.535672 -60.690646
-24.287155 70.073462 -67.080877
-18.687354 68.726879 -70.195434
-17.415101 68.813893 -70.436939
0.992869 78.474573 -61.973830
7
97.775241 -9.096577 -18.901181
97.666081 -9.218673 -19.399810
95.051650 -16.776918 -26.148017
93.336444 -27.593068 -22.954972
93.734605 -30.777697 -16.326582
95.552236 -27.742922 -10.005027
97.370380 -21.559215 -7.362702
5
-17.302125 -95.004784 -25.975516
-35.229198 -88.691698 -29.877858
-37.312438 -90.023796 -22.438763
-32.867352 -93.133392 -15.681471
-18.364909 -97.191133 -14.717805
9
52.222661 -56.760739 63.647562
50.006178 -58.239436 64.090173
37.273419 -57.902101 72.512337
34.707516 -50.365734 79.111827
40.623264 -41.173789 81.574932
41.815952 -40.312891 81.402070
41.984965 -40.272276 81.335149
54.143019 -41.958853 72.855941
56.461861 -46.533076 68.166935
7
-36.692042 12.111096 92.233483
-39.547808 17.555122 90.154249
-26.944045 29.102849 91.798925
-25.121287 28.782602 92.414732
-14.711268 15.774440 97.646022
-24.170311 9.773196 96.541601
-31.168900 9.877163 94.503658
8
-4.356609 -68.989497 72.259735
-10.955067 -66.633453 73.756148
-11.560115 -65.799573 74.409542
-4.725359 -44.322626 89.516344
5.333611 -39.987960 91.501451
7.773711 -41.725666 90.545780
11.692773 -49.501220 86.098248
-2.199821 -68.831676 72.507663
8
19.556875 5.315873 97.924819
5.325801 9.443097 99.410582
4.893642 11.034947 99.268737
7.688214 19.522706 97.774001
14.711353 24.378247 95.860717
23.468385 22.172355 94.644712
29.226199 17.094841 94.093547
27.361755 9.370979 95.726272
5
-85.141457 -50.511087 14.126657
-84.697452 -49.818257 18.560250
-75.105894 -63.125385 19.346587
-75.842048 -64.641890 8.331261
-81.580552 -57.525642 5.950970
5
-65.045261 -48.377662 -58.555237
-73.988882 -38.148403 -55.410690
-74.659331 -38.103203 -54.535587
-79.302418 -45.143481 -40.904677
-72.326298 -58.659690 -36.441012
7
65.890799 -61.022343 43.984955
72.439025 -60.635791 32.800740
66.697206 -70.148181 25.114050
54.374848 -75.148999 37.363135
54.954069 -73.566346 39.598524
56.219391 -71.713178 41.189808
65.237786 -61.403406 44.425815
5
31.653894 -21.209479 92.456417
24.006594 -25.942634 93.544980
19.516704 -23.374850 95.250799
20.516110 -12.926081 97.015492
29.936683 -14.581878 94.292968
5
-34.877675 11.234415 -93.044805
-28.206015 17.997120 -94.236534
-31.143059 30.792087 -89.899707
-51.260956 24.747131 -82.218574
-52.991994 22.527170 -81.758029
6
31.650354 -30.348279 -89.873450
34.545925 -22.388609 -91.133579
29.728464 -10.627738 -94.885561
21.279476 -8.671512 -97.324143
16.625801 -15.488591 -97.384220
18.544194 -29.271865 -93.804428
7
19.933959 -75.275388 62.739566
33.186750 -71.986187 60.964158
34.041767 -72.146403 60.299707
36.861659 -82.042399 43.706555
26.254519 -88.668718 38.059935
22.016641 -88.760799 40.457238
15.135054 -85.729251 49.207984
7
64.150184 -76.656514 2.921075
59.936034 -79.519366 9.183807
60.012610 -79.421792 9.521848
67.506316 -70.268654 22.476956
79.559372 -59.504101 11.382807
80.582910 -59.033222 4.633933
77.845983 -62.752625 1.452919
5
11.403321 73.252157 -67.112486
6.833921 67.615389 -73.358412
8.072890 57.599300 -81.345861
22.764684 53.335662 -81.468253
28.476605 56.037669 -77.774434
4
-83.316303 -28.312761 -47.505591
-85.292338 -38.098665 -35.689057
-79.302418 -45.143481 -40.904677
-74.659331 -38.103203 -54.535587
6
79.809798 39.759253 -45.272485
85.575818 33.593814 -39.347618
89.347444 36.635381 -25.978513
82.348352 51.286862 -24.257098
80.634241 53.070929 -26.107388
74.715066 55.073468 -37.209838
6
38.425083 -22.999763 89.412102
44.845672 -10.962877 88.705586
55.507063 -17.143894 81.394428
55.608714 -17.850011 81.172951
41.984965 -40.272276 81.335149
41.815952 -40.312891 81.402070
9
-90.939366 37.059936 18.883666
-92.772765 31.869066 19.431335
-98.412924 14.608093 10.074722
-99.423416 9.739931 -4.485318
-98.089181 14.219433 -13.278562
-97.216939 18.522178 -14.345580
-90.543040 41.271275 -9.931756
-88.621728 46.322135 0.670219
-88.891154 43.181402 15.288207
6
14.034388 -71.876473 68.094116
25.839915 -53.525112 80.419906
34.707516 -50.365734 79.111827
37.273419 -57.902101 72.512337
33.186750 -71.986187 60.964158
19.933959 -75.275388 62.739566
6
65.785829 67.337290 -33.732982
60.026761 69.940691 -38.795459
58.621359 62.720969 -51.279785
59.661595 60.088373 -53.196630
70.276409 55.671676 -44.293236
74.248486 55.479144 -37.539671
5
78.605890 -0.735363 -61.810787
76.584226 -20.395873 -60.982495
81.168192 -23.076481 -53.658183
87.740450 0.644102 -47.970809
84.899641 4.483831 -52.649275
5
-86.079002 -17.290862 47.868898
-88.497702 0.112865 46.563334
-87.728889 0.152703 47.996029
-78.073655 -8.235258 61.940980
-82.517311 -19.358984 53.067157
8
-58.553999 21.357026 78.200426
-61.809125 45.058987 64.415214
-58.457314 46.996562 66.136720
-48.370072 45.510740 74.760342
-45.407464 34.117843 82.305133
-48.773960 21.003761 84.734543
-52.734815 19.628221 82.666633
-57.007812 20.235372 79.628130
7
83.913444 13.596144 52.665727
86.492316 14.500530 48.050120
90.027289 10.980834 42.124916
91.765612 -13.891197 37.230460
91.268338 -13.957476 38.409366
83.273509 -2.670410 55.302726
82.779998 8.090729 55.515871
4
-8.436357 -93.689053 -33.929180
1.310549 -94.672863 -32.176568
9.055951 -88.812846 -45.058496
-3.008187 -82.596471 -56.291862
6
-55.178421 -17.670381 -81.505211
-56.916924 -28.059618 -77.285973
-46.880838 -33.747402 -81.629039
-44.253717 -34.121655 -82.929616
-42.679734 -32.341113 -84.454086
-44.281728 -12.480419 -88.788331
5
-38.761689 -91.846290 -7.860697
-32.867352 -93.133392 -15.681471
-37.312438 -90.023796 -22.438763
-52.214777 -83.621551 -16.764645
-41.200894 -90.825139 -7.299345
6
60.863574 78.299467 12.838176
60.115848 78.782191 13.395941
41.257271 89.952888 14.363688
41.259545 90.700740 8.427679
52.106238 85.139949 -6.010738
65.147627 75.752271 4.168940
7
-8.436357 -93.689053 -33.929180
-3.008187 -82.596471 -56.291862
-3.616255 -81.701725 -57.547813
-7.889013 -79.911011 -59.598606
-18.383498 -79.999468 -57.115077
-25.705117 -84.454840 -46.974749
-13.488896 -93.603886 -32.501728
5
-71.501274 -69.286326 -9.325923
-73.818363 -67.261992 5.164661
-63.916086 -76.117514 10.993544
-58.569563 -80.880010 -5.294355
-59.935751 -79.318272 -10.785059
6
11.569901 88.424044 45.247384
23.924221 86.019531 45.036340
24.164780 76.825910 59.277677
18.600639 74.606631 63.936428
4.994487 77.999022 62.379546
3.274355 79.407862 60.693245
7
-29.396747 33.645491 -89.464028
-31.143059 30.792087 -89.899707
-28.206015 17.997120 -94.236534
-20.563706 15.549182 -96.619651
-12.901515 20.744718 -96.970138
-11.146154 34.196307 -93.307962
-16.063721 37.225696 -91.412277
7
60.966448 -78.477141 -11.154841
49.063342 -85.423006 -17.195888
44.131615 -89.384859 -7.921329
45.476715 -89.041198 -1.879755
53.995173 -83.785169 8.035345
59.936034 -79.519366 9.183807
64.150184 -76.656514 2.921075
4
-83.182599 -51.363229 -21.035063
-87.668182 -36.536118 -31.295397
-88.920989 -34.504904 -30.041127
-90.832205 -41.000317 -8.275540
5
-54.645711 74.839816 37.587873
-52.768241 81.459826 24.079231
-43.778030 85.031313 29.208901
-49.273417 77.773836 39.030256
-52.951236 75.390406 38.890273
6
-37.916196 -50.380014 -77.615825
-21.125057 -44.184440 -87.186394
-24.385106 -37.109129 -89.600665
-40.972609 -32.186170 -85.353944
-42.679734 -32.341113 -84.454086
-44.253717 -34.121655 -82.929616
5
82.754293 -25.642923 -49.941642
91.107497 -10.746955 -39.798580
91.132123 -0.369055 -41.167947
87.740450 0.644102 -47.970809
81.168192 -23.076481 -53.658183
7
-29.086473 95.543468 -5.042099
-44.280582 89.506873 5.267808
-45.119375 89.121492 4.647760
-49.976821 86.372519 -6.488868
-48.493492 86.830956 -10.429108
-30.924320 92.529729 -21.953034
-29.747520 93.075328 -21.261901
6
-51.351344 59.772832 -61.564991
-45.021256 49.755601 -74.144903
-33.181376 52.541877 -78.347607
-30.225377 65.966347 -68.810374
-49.316192 62.095532 -60.926662
-51.307123 60.318955 -61.067198
5
77.845983 -62.752625 1.452919
75.726660 -64.934243 -7.001217
67.784156 -71.805321 -15.789367
60.966448 -78.477141 -11.154841
64.150184 -76.656514 2.921075
7
-2.678963 -12.139886 99.224222
4.654479 -18.949627 98.077762
7.412246 -27.734445 95.790705
4.533609 -34.463800 93.764028
-15.603711 -24.782629 95.615613
-17.379906 -20.628716 96.293276
-6.371327 -12.907106 98.958642
5
-97.680930 -21.386149 -1.033675
-97.792934 -20.714992 -2.726007
-99.558986 -6.641140 -6.625982
-99.922543 2.694710 -2.867738
-98.999044 -10.034454 9.924667
6
-58.457314 46.996562 66.136720
-43.058478 67.341842 60.091961
-41.350245 67.979612 60.571689
-34.908644 58.431096 73.261133
-34.817559 53.808616 76.761778
-48.370072 45.510740 74.760342
7
-97.519740 8.606523 -20.391864
-98.089181 14.219433 -13.278562
-99.423416 9.739931 -4.485318
-99.922543 2.694710 -2.867738
-99.558986 -6.641140 -6.625982
-98.021016 -12.116382 -15.654828
-96.882607 0.571808 -24.767588
5
-34.817559 53.808616 76.761778
-26.373165 47.522304 83.940972
-28.134338 43.731308 85.416811
-45.407464 34.117843 82.305133
-48.370072 45.510740 74.760342
6
45.380311 6.551536 -88.869032
43.029033 10.118095 -89.700203
17.727315 0.643335 -98.414066
21.279476 -8.671512 -97.324143
29.728464 -10.627738 -94.885561
44.684242 4.571851 -89.344371
7
61.722258 -63.852807 -45.969358
48.963354 -75.820490 -43.056280
50.925756 -79.058893 -34.003805
68.234965 -69.214273 -23.523903
75.099227 -58.416491 -30.783433
74.156906 -54.748980 -38.772444
73.241374 -55.365263 -39.628132
6
1.307405 11.419893 -99.337187
1.082356 13.591046 -99.066200
-12.901515 20.744718 -96.970138
-20.563706 15.549182 -96.619651
-18.190003 7.388520 -98.053728
-2.170328 8.382432 -99.624417
9
37.580512 -43.770803 -81.681221
38.273723 -41.515248 -82.532456
38.202048 -40.825539 -82.908859
31.650354 -30.348279 -89.873450
18.544194 -29.271865 -93.804428
12.554973 -32.847225 -93.613206
8.231943 -45.297019 -88.771703
21.697307 -51.791786 -82.745621
30.298604 -48.958258 -81.762361
6
-97.641332 -8.564195 19.819807
-95.808153 2.175282 28.566868
-92.534424 -3.760271 37.725864
-92.947888 -21.622891 29.885460
-94.105691 -21.590238 26.038057
-97.521021 -11.072386 19.158619
6
-74.147487 -12.307098 -65.959726
-79.406456 -16.099256 -58.612530
-79.468934 -16.303250 -58.471297
-73.079369 -32.021644 -60.282835
-63.645832 -27.800692 -71.946714
-66.568597 -20.550570 -71.737689
6
99.470070 1.001792 -10.232380
97.775241 -9.096577 -18.901181
97.370380 -21.559215 -7.362702
97.702847 -21.081709 -3.116924
99.048812 -13.149365 4.053035
99.930303 -1.997679 -3.153398
5
-37.848340 74.472383 54.966966
-39.130017 80.545682 44.511066
-35.008076 84.559532 40.300374
-23.633110 84.048471 48.757878
-23.914172 82.647277 50.966067
4
33.200394 -1.730703 94.311921
18.693260 -8.394865 97.877925
19.556875 5.315873 97.924819
27.361755 9.370979 95.726272
5
-7.843762 65.550593 -75.110553
-6.813980 53.614991 -84.136808
2.160727 52.035802 -85.367479
8.072890 57.599300 -81.345861
6.833921 67.615389 -73.358412
5
-90.952611 -41.505197 -2.222854
-91.306810 -40.771395 -0.871708
-85.141457 -50.511087 14.126657
-81.580552 -57.525642 5.950970
-84.957983 -52.728665 -1.352393
9
-15.612411 77.853431 60.787301
-10.822626 79.788497 59.301488
0.907859 80.064817 59.906602
3.274355 79.407862 60.693245
4.994487 77.999022 62.379546
-2.334990 66.341913 74.788357
-13.928559 66.014535 73.811086
-15.933388 67.335452 72.194626
-19.022724 73.758640 64.790424
7
0.992869 78.474573 -61.973830
-17.415101 68.813893 -70.436939
-7.843762 65.550593 -75.110553
6.833921 67.615389 -73.358412
11.403321 73.252157 -67.112486
11.433358 73.401746 -66.943722
7.253580 76.587966 -63.887941
7
56.096707 -52.548046 -63.967666
53.112339 -53.680518 -65.555179
39.377077 -71.263246 -58.060275
38.463499 -74.568057 -54.407391
40.580885 -76.863275 -49.449254
48.963354 -75.820490 -43.056280
61.722258 -63.852807 -45.969358
5
-51.260956 24.747131 -82.218574
-31.143059 30.792087 -89.899707
-29.396747 33.645491 -89.464028
-32.623700 41.118057 -85.117564
-48.183037 39.527329 -78.204764
5
-23.914172 82.647277 50.966067
-23.633110 84.048471 48.757878
-13.029831 90.878842 39.639116
-10.822626 79.788497 59.301488
-15.612411 77.853431 60.787301
7
-85.281265 28.740058 -43.601776
-85.469293 28.826409 -43.174508
-97.216939 18.522178 -14.345580
-98.089181 14.219433 -13.278562
-97.519740 8.606523 -20.391864
-87.086973 14.484222 -46.968782
-85.551176 18.063370 -48.525365
7
-95.808153 2.175282 28.566868
-95.504785 7.383068 28.711083
-93.460661 12.295751 33.375431
-90.712707 9.408304 41.020588
-89.374920 5.046442 44.571931
-88.958927 0.840203 45.668406
-92.534424 -3.760271 37.725864
5
-61.649032 -60.233544 50.708155
-57.163066 -66.950480 47.434346
-55.243510 -77.110028 31.657514
-63.740873 -71.566591 28.553881
-69.336171 -55.708216 45.706564
4
-60.981336 42.315897 -67.012249
-48.676421 42.317591 -76.418764
-45.021256 49.755601 -74.144903
-51.351344 59.772832 -61.564991
5
81.607053 -25.089561 52.065370
79.159731 -37.849423 47.970388
70.595789 -30.688184 63.831575
69.550880 -26.553496 66.765163
70.971227 -24.467161 66.063931
6
50.925756 -79.058893 -34.003805
48.231059 -84.866981 -21.710839
49.063342 -85.423006 -17.195888
60.966448 -78.477141 -11.154841
67.784156 -71.805321 -15.789367
68.234965 -69.214273 -23.523903
5
95.589303 12.150941 -26.740228
96.550891 14.725499 -21.472894
93.098700 26.994747 -24.574695
90.285367 17.991757 -39.049316
91.206662 15.718449 -37.871825
6
-14.235862 -98.787880 6.188298
-17.694190 -98.088220 8.100410
-22.924016 -95.321018 19.707687
-22.892343 -93.611752 26.697948
-4.444218 -92.062676 38.790626
-0.992755 -94.676624 32.176877
7
87.400854 -47.094916 -11.964935
78.115775 -57.455176 -24.430074
75.726660 -64.934243 -7.001217
77.845983 -62.752625 1.452919
80.582910 -59.033222 4.633933
84.329146 -53.719355 1.681109
87.472217 -47.333349 -10.400261
6
25.839915 -53.525112 80.419906
11.692773 -49.501220 86.098248
7.773711 -41.725666 90.545780
26.145756 -35.016881 89.945636
40.623264 -41.173789 81.574932
34.707516 -50.365734 79.111827
5
89.220445 -34.263884 -29.422753
93.336444 -27.593068 -22.954972
95.051650 -16.776918 -26.148017
94.935974 -16.826986 -26.533251
86.228405 -28.386982 -41.938544
4
29.728464 -10.627738 -94.885561
34.545925 -22.388609 -91.133579
44.621647 -16.124271 -88.027930
44.684242 4.571851 -89.344371
6
-44.747891 -60.036924 66.281174
-38.841376 -68.572086 61.556613
-44.439719 -74.321269 50.014601
-57.163066 -66.950480 47.434346
-61.649032 -60.233544 50.708155
-52.469345 -56.641161 63.551135
6
93.522472 -35.138496 -4.339741
95.552236 -27.742922 -10.005027
93.734605 -30.777697 -16.326582
88.633092 -43.487884 -15.905309
87.400854 -47.094916 -11.964935
87.472217 -47.333349 -10.400261
6
-39.368042 -83.189038 39.111907
-47.371555 -82.724606 30.208861
-49.433081 -81.716458 29.644410
-55.243510 -77.110028 31.657514
-57.163066 -66.950480 47.434346
-44.439719 -74.321269 50.014601
6
-90.543040 41.271275 -9.931756
-87.988471 43.876855 -18.244192
-77.338338 56.022827 -29.668575
-70.918347 67.942533 -18.825523
-76.287267 64.555543 -3.582576
-88.621728 46.322135 0.670219
5
93.734605 -30.777697 -16.326582
93.336444 -27.593068 -22.954972
89.220445 -34.263884 -29.422753
87.417481 -40.559313 -26.704421
88.633092 -43.487884 -15.905309
4
41.903920 -86.555935 27.425019
49.059768 -82.001935 29.475783
48.260754 -86.264772 15.142282
36.830579 -91.553179 16.171696
7
-38.841376 -68.572086 61.556613
-44.747891 -60.036924 66.281174
-41.425407 -57.638899 70.439286
-16.062857 -62.464236 76.421227
-11.560115 -65.799573 74.409542
-10.955067 -66.633453 73.756148
-27.237146 -73.610600 61.964647
5
-11.084704 13.851639 98.413726
-13.442879 15.802186 97.824230
-6.406962 30.028622 95.169494
7.688214 19.522706 97.774001
4.893642 11.034947 99.268737
5
63.260353 -56.347234 53.133012
56.256090 -59.800948 57.088518
52.222661 -56.760739 63.647562
56.461861 -46.533076 68.166935
66.401381 -47.834683 57.469119
6
-0.992755 -94.676624 32.176877
7.759932 -95.437294 28.835851
9.305707 -96.126366 25.944662
8.362333 -97.963585 18.253972
-14.129401 -98.810993 6.061982
-14.235862 -98.787880 6.188298
6
71.439396 61.494407 33.389379
67.904628 64.782441 34.528204
60.863574 78.299467 12.838176
65.147627 75.752271 4.168940
70.403706 71.012017 0.781986
78.359924 61.967943 4.438070
6
-87.086973 14.484222 -46.968782
-97.519740 8.606523 -20.391864
-96.882607 0.571808 -24.767588
-96.657238 -0.150555 -25.638947
-91.016347 -4.605361 -41.168133
-88.892434 1.068395 -45.792944
6
36.007807 61.498447 -70.152540
22.156736 75.115476 -62.183152
11.433358 73.401746 -66.943722
11.403321 73.252157 -67.112486
28.476605 56.037669 -77.774434
31.339015 55.917907 -76.753201
8
-57.893333 -43.429623 69.008912
-56.485702 -41.061587 71.577312
-45.859177 -39.427200 79.639386
-39.653826 -46.250244 79.299994
-38.484488 -50.003520 77.579586
-41.425407 -57.638899 70.439286
-44.747891 -60.036924 66.281174
-52.469345 -56.641161 63.551135
6
48.967403 77.406199 40.130710
63.275068 67.170507 38.527767
53.440258 58.984245 60.539225
46.599492 62.256805 62.869528
43.213197 69.865774 57.020990
47.127904 77.671954 41.785502
5
-34.494845 85.861469 37.919834
-11.405034 92.496519 36.253539
-13.029831 90.878842 39.639116
-23.633110 84.048471 48.757878
-35.008076 84.559532 40.300374
6
-83.093985 22.295278 50.973623
-73.376828 25.427381 63.002296
-71.503006 19.598912 67.105907
-76.872664 8.412103 63.402130
-77.971150 8.810448 61.990933
-82.837578 15.813384 53.738931
8
84.899641 4.483831 -52.649275
87.740450 0.644102 -47.970809
91.132123 -0.369055 -41.167947
91.570069 0.307602 -40.184921
91.206662 15.718449 -37.871825
90.285367 17.991757 -39.049316
87.292449 21.306965 -43.886691
83.491885 18.029476 -52.000415
6
79.084092 -39.609741 -46.655919
75.583996 -52.364640 -39.306539
87.417481 -40.559313 -26.704421
89.220445 -34.263884 -29.422753
86.228405 -28.386982 -41.938544
83.113746 -28.313747 -47.858509
7
-53.461820 -74.061272 -40.703338
-52.676645 -58.769017 -61.411511
-64.405591 -48.644137 -59.039544
-65.045261 -48.377662 -58.555237
-72.326298 -58.659690 -36.441012
-71.708540 -60.327633 -34.906475
-53.702766 -74.024371 -40.452507
6
8.939985 -65.344064 -75.168011
18.119769 -59.450725 -78.340827
21.697307 -51.791786 -82.745621
8.231943 -45.297019 -88.771703
2.506532 -47.397088 -88.018369
0.544266 -51.333408 -85.817160
5
77.232240 -10.590554 62.634026
77.235227 -10.581633 62.631851
83.273509 -2.670410 55.302726
91.268338 -13.957476 38.409366
85.155629 -19.431495 48.692257
6
41.161114 89.399980 -17.703282
36.228020 89.408211 -26.338228
37.939838 82.746405 -41.395667
51.762584 78.472827 -34.097660
53.085453 81.384552 -23.632377
45.449916 87.440554 -16.983951
6
-58.553999 21.357026 78.200426
-57.007812 20.235372 79.628130
-67.350846 1.718587 73.897970
-75.117598 2.253478 65.971723
-76.872664 8.412103 63.402130
-71.503006 19.598912 67.105907
6
82.818134 -41.119897 38.082946
92.309115 -14.718195 35.530298
92.980570 -14.630091 33.772386
93.447610 -31.028840 17.457241
90.611986 -37.405042 19.756790
86.252207 -42.994142 26.684463
5
63.399428 -34.607617 -69.157974
73.792085 -21.432212 -63.995223
66.127974 -12.362094 -73.988308
54.917360 -23.046441 -80.330225
63.169358 -34.546511 -69.398637
7
-37.577322 -5.087629 -92.531405
-28.953369 -8.456857 -95.342457
-20.010886 -0.960256 -97.972661
-18.190003 7.388520 -98.053728
-20.563706 15.549182 -96.619651
-28.206015 17.997120 -94.236534
-34.877675 11.234415 -93.044805
8
63.399428 -34.607617 -69.157974
63.238927 -42.427041 -64.813458
79.084092 -39.609741 -46.655919
83.113746 -28.313747 -47.858509
82.754293 -25.642923 -49.941642
81.168192 -23.076481 -53.658183
76.584226 -20.395873 -60.982495
73.792085 -21.432212 -63.995223
5
-69.913550 48.937225 -52.127187
-74.327906 56.021751 -36.563996
-76.184562 55.344219 -33.659024
-84.268369 30.566871 -44.322774
-71.921369 41.550073 -55.685798
6
59.546564 16.327839 78.661352
43.949798 12.298793 88.978396
34.188594 18.058603 92.222703
38.501639 26.811602 88.310599
54.656571 27.845577 78.976472
56.533880 26.187077 78.218651
6
2.245672 98.051177 19.517266
14.390329 94.876226 28.132190
4.441206 92.055178 38.808760
-5.864536 92.439537 37.690042
-10.608123 92.903392 35.446122
-12.537733 95.835394 25.658966
7
67.904628 64.782441 34.528204
64.216542 66.556435 38.032573
63.275068 67.170507 38.527767
48.967403 77.406199 40.130710
49.896583 79.536999 34.412161
60.115848 78.782191 13.395941
60.863574 78.299467 12.838176
4
61.722258 -63.852807 -45.969358
73.241374 -55.365263 -39.628132
62.435309 -44.384538 -64.279429
56.096707 -52.548046 -63.967666
6
-60.904685 -10.974941 -78.550430
-66.568597 -20.550570 -71.737689
-63.645832 -27.800692 -71.946714
-63.433367 -27.959556 -72.072680
-56.916924 -28.059618 -77.285973
-55.178421 -17.670381 -81.505211
6
-36.692042 12.111096 92.233483
-41.350490 -4.772345 90.925034
-54.712831 -4.106968 83.604061
-52.734815 19.628221 82.666633
-48.773960 21.003761 84.734543
-39.547808 17.555122 90.154249
5
0.907859 80.064817 59.906602
-5.864536 92.439537 37.690042
4.441206 92.055178 38.808760
11.569901 88.424044 45.247384
3.274355 79.407862 60.693245
6
36.433436 -65.198180 -66.496632
30.417366 -63.129563 -71.340326
24.452989 -65.146900 -71.818749
19.370194 -74.840388 -63.432736
38.463499 -74.568057 -54.407391
39.377077 -71.263246 -58.060275
4
-97.641332 -8.564195 19.819807
-98.422669 11.968649 13.028036
-95.504785 7.383068 28.711083
-95.808153 2.175282 28.566868
6
-85.551176 18.063370 -48.525365
-87.086973 14.484222 -46.968782
-88.892434 1.068395 -45.792944
-83.835920 -4.070268 -54.359649
-70.830225 9.213399 -69.987088
-70.525350 12.576331 -69.771133
7
-51.307123 60.318955 -61.067198
-49.316192 62.095532 -60.926662
-43.376833 74.397091 -50.828370
-45.076763 79.960102 -39.679561
-59.485115 69.661642 -40.109558
-61.091284 67.055876 -42.087581
-57.452517 60.077285 -55.587123
6
93.857845 33.928131 -6.291802
94.275239 33.214508 2.995962
91.762629 37.893550 11.987441
85.428910 50.528783 12.196042
81.818025 57.372144 3.774631
84.734761 53.043289 -2.535713
6
62.492646 13.395613 76.910511
76.457690 22.583902 60.367118
83.913444 13.596144 52.665727
82.779998 8.090729 55.515871
73.842883 3.795840 67.326222
66.419146 7.794110 74.348833
5
85.428910 50.528783 12.196042
91.762629 37.893550 11.987441
92.938234 27.634540 24.470734
86.577997 36.972837 33.723283
83.592139 45.195577 31.140232
5
-13.959540 -62.613715 -76.711498
-12.613604 -59.288813 -79.534481
-14.883597 -57.435608 -80.496145
-34.480609 -55.115266 -75.982860
-25.779327 -66.564992 -70.032337
6
-84.414686 25.624504 47.090822
-82.366842 33.621050 45.665395
-77.084917 40.443100 49.216575
-69.574790 42.611243 57.824135
-73.376828 25.427381 63.002296
-83.093985 22.295278 50.973623
5
97.702847 -21.081709 -3.116924
94.786736 -30.933210 7.655796
94.582361 -29.858460 12.753409
98.626191 -13.438465 9.606355
99.048812 -13.149365 4.053035
5
-69.336171 -55.708216 45.706564
-63.740873 -71.566591 28.553881
-66.860676 -70.212656 24.491488
-74.217643 -63.579433 21.198991
-76.120402 -48.437754 43.121553
6
-24.223156 -84.548757 47.589351
-30.730660 -85.755335 41.251050
-39.368042 -83.189038 39.111907
-44.439719 -74.321269 50.014601
-38.841376 -68.572086 61.556613
-27.237146 -73.610600 61.964647
6
29.581072 87.276969 38.828995
23.924221 86.019531 45.036340
11.569901 88.424044 45.247384
4.441206 92.055178 38.808760
14.390329 94.876226 28.132190
26.665996 93.238312 24.403727
4
38.991093 90.512280 16.947619
41.257271 89.952888 14.363688
60.115848 78.782191 13.395941
49.896583 79.536999 34.412161
4
83.273509 -2.670410 55.302726
77.235227 -10.581633 62.631851
73.842883 3.795840 67.326222
82.779998 8.090729 55.515871
5
80.792072 -55.947004 18.508752
75.380467 -57.535543 31.740299
80.006058 -43.113012 41.716889
82.818134 -41.119897 38.082946
86.252207 -42.994142 26.684463
7
-46.770820 -3.051264 -88.335611
-56.357142 20.058239 -80.134509
-65.491285 18.862604 -73.178506
-70.525350 12.576331 -69.771133
-70.830225 9.213399 -69.987088
-70.457602 5.226182 -70.770144
-60.904731 -6.057021 -79.081769
5
-61.020211 -39.685222 -68.568338
-54.421731 -42.506195 -72.329099
-46.880838 -33.747402 -81.629039
-56.916924 -28.059618 -77.285973
-63.433367 -27.959556 -72.072680
7
28.476605 56.037669 -77.774434
22.764684 53.335662 -81.468253
19.275829 36.266246 -91.176761
28.179303 27.822973 -91.824883
32.801156 26.825998 -90.578419
41.102978 43.774520 -79.964596
31.339015 55.917907 -76.753201
6
-52.676645 -58.769017 -61.411511
-48.243285 -57.894253 -65.733104
-47.635987 -57.155839 -66.813343
-54.421731 -42.506195 -72.329099
-61.020211 -39.685222 -68.568338
-64.405591 -48.644137 -59.039544
5
-53.461820 -74.061272 -40.703338
-46.283524 -77.893737 -42.313133
-34.055634 -70.151784 -62.601446
-48.243285 -57.894253 -65.733104
-52.676645 -58.769017 -61.411511
6
-26.476584 -13.024516 -95.547645
-1.351922 -14.198782 -98.977608
-1.360609 -13.768572 -99.038251
-7.297762 -3.890877 -99.657432
-20.010886 -0.960256 -97.972661
-28.953369 -8.456857 -95.342457
5
44.684242 4.571851 -89.344371
44.621647 -16.124271 -88.027930
51.751301 -20.317476 -83.120413
59.841677 2.819217 -80.068881
45.380311 6.551536 -88.869032
6
54.656571 27.845577 78.976472
45.687276 41.317490 78.775236
46.912535 45.846972 75.480257
58.165825 44.205970 68.283007
62.619902 36.008199 69.153145
56.533880 26.187077 78.218651
5
-43.645389 81.704120 -37.676474
-36.621906 86.158258 -35.150968
-30.924320 92.529729 -21.953034
-48.493492 86.830956 -10.429108
-55.763237 79.833654 -22.738715
5
15.079742 -77.023172 -61.967995
-3.616255 -81.701725 -57.547813
-3.008187 -82.596471 -56.291862
9.055951 -88.812846 -45.058496
17.698181 -87.617420 -44.832601
7
7.253580 76.587966 -63.887941
11.433358 73.401746 -66.943722
22.156736 75.115476 -62.183152
30.554894 79.960451 -51.698401
31.038238 80.617662 -50.372814
14.455286 90.206388 -40.667584
13.228826 90.040557 -41.445098
6
-89.374920 5.046442 44.571931
-82.837578 15.813384 53.738931
-77.971150 8.810448 61.990933
-87.728889 0.152703 47.996029
-88.497702 0.112865 46.563334
-88.958927 0.840203 45.668406
5
86.228405 -28.386982 -41.938544
94.935974 -16.826986 -26.533251
91.107497 -10.746955 -39.798580
82.754293 -25.642923 -49.941642
83.113746 -28.313747 -47.858509
5
-13.488896 -93.603886 -32.501728
-25.705117 -84.454840 -46.974749
-38.731154 -82.324475 -41.503958
-35.229198 -88.691698 -29.877858
-17.302125 -95.004784 -25.975516
4
-57.452517 60.077285 -55.587123
-61.091284 67.055876 -42.087581
-74.327906 56.021751 -36.563996
-69.913550 48.937225 -52.127187
5
18.804914 -98.199552 -1.795333
22.447613 -97.150796 -7.604443
19.974973 -95.127513 -23.489502
6.006370 -96.123108 -26.912295
-8.041215 -99.657636 -1.922089
5
56.256090 -59.800948 57.088518
53.514550 -64.872970 54.108138
44.802793 -67.150265 59.021620
50.006178 -58.239436 64.090173
52.222661 -56.760739 63.647562
5
15.083848 49.264216 85.705977
22.189624 43.312075 87.359514
13.864745 28.960399 94.705143
3.212258 40.790069 91.246105
4.659467 47.406372 87.925680
4
-96.657238 -0.150555 -25.638947
-95.001081 -16.086795 -26.758356
-90.039521 -14.583005 -40.990495
-91.016347 -4.605361 -41.168133
8
67.405373 -8.522881 73.374902
73.166523 -15.529537 66.373891
70.971227 -24.467161 66.063931
69.550880 -26.553496 66.765163
66.768649 -27.676146 69.108454
55.608714 -17.850011 81.172951
55.507063 -17.143894 81.394428
58.323942 -13.021925 80.179469
5
0.992869 78.474573 -61.973830
7.253580 76.587966 -63.887941
13.228826 90.040557 -41.445098
-7.100094 89.056869 -44.927305
-8.842504 85.161560 -51.665451
6
19.370194 -74.840388 -63.432736
24.452989 -65.146900 -71.818749
18.119769 -59.450725 -78.340827
8.939985 -65.344064 -75.168011
8.644504 -65.865852 -74.745984
17.507615 -75.219276 -63.525931
5
65.237786 -61.403406 44.425815
56.219391 -71.713178 41.189808
53.514550 -64.872970 54.108138
56.256090 -59.800948 57.088518
63.260353 -56.347234 53.133012
6
-18.383498 -79.999468 -57.115077
-27.284793 -71.689095 -64.157725
-34.055634 -70.151784 -62.601446
-46.283524 -77.893737 -42.313133
-38.731154 -82.324475 -41.503958
-25.705117 -84.454840 -46.974749
5
72.136297 26.694236 -63.904400
70.377005 32.751521 -63.042962
55.888130 37.192005 -74.116609
52.124440 26.850167 -81.006859
68.585098 15.980230 -70.998004
4
-2.199821 -68.831676 72.507663
11.692773 -49.501220 86.098248
25.839915 -53.525112 80.419906
14.034388 -71.876473 68.094116
6
-56.485702 -41.061587 71.577312
-61.042372 -19.165516 76.853834
-59.964953 -18.199832 77.929266
-45.845656 -24.484224 85.432421
-44.158475 -30.533484 84.366673
-45.859177 -39.427200 79.639386
7
83.491885 18.029476 -52.000415
87.292449 21.306965 -43.886691
85.575818 33.593814 -39.347618
79.809798 39.759253 -45.272485
70.579600 34.572054 -61.832784
70.377005 32.751521 -63.042962
72.136297 26.694236 -63.904400
5
79.375216 -43.135732 42.882207
80.006058 -43.113012 41.716889
75.380467 -57.535543 31.740299
72.439025 -60.635791 32.800740
65.890799 -61.022343 43.984955
8
-90.952261 -40.826500 -7.802764
-95.817477 -22.532657 -17.643424
-97.792934 -20.714992 -2.726007
-97.680930 -21.386149 -1.033675
-94.252618 -32.958444 5.494092
-93.643547 -34.756792 4.780321
-91.306810 -40.771395 -0.871708
-90.952611 -41.505197 -2.222854
6
-23.427593 96.054921 14.986663
-17.716684 96.736034 18.117912
-15.910780 96.298265 21.759855
-36.500269 87.274385 32.417773
-39.805718 87.079121 28.857089
-38.107885 91.195886 15.201959
6
0.907859 80.064817 59.906602
-10.822626 79.788497 59.301488
-13.029831 90.878842 39.639116
-11.405034 92.496519 36.253539
-10.608123 92.903392 35.446122
-5.864536 92.439537 37.690042
6
74.715066 55.073468 -37.209838
74.248486 55.479144 -37.539671
70.276409 55.671676 -44.293236
69.212519 38.570191 -61.007931
70.579600 34.572054 -61.832784
79.809798 39.759253 -45.272485
4
-90.712707 9.408304 41.020588
-93.460661 12.295751 33.375431
-92.721170 20.725076 31.197049
-84.549258 25.476513 46.929418
5
-0.690416 98.910843 -14.702665
14.203136 94.653023 -28.966813
30.412109 94.921957 -8.057648
27.135785 96.064521 -5.937751
0.060123 99.320826 -11.634857
9
62.435309 -44.384538 -64.279429
63.238927 -42.427041 -64.813458
63.399428 -34.607617 -69.157974
63.169358 -34.546511 -69.398637
38.273723 -41.515248 -82.532456
37.580512 -43.770803 -81.681221
42.269701 -49.647365 -75.818280
53.112339 -53.680518 -65.555179
56.096707 -52.548046 -63.967666
5
21.091152 97.083637 11.398716
8.726254 99.230032 8.789385
-1.036382 99.800353 -6.230198
0.060123 99.320826 -11.634857
27.135785 96.064521 -5.937751
7
47.127904 77.671954 41.785502
29.581072 87.276969 38.828995
26.665996 93.238312 24.403727
27.560703 93.551365 22.103162
38.991093 90.512280 16.947619
49.896583 79.536999 34.412161
48.967403 77.406199 40.130710
6
-97.521021 -11.072386 19.158619
-94.105691 -21.590238 26.038057
-94.111011 -22.276297 25.433920
-94.252618 -32.958444 5.494092
-97.680930 -21.386149 -1.033675
-98.999044 -10.034454 9.924667
5
22.764684 53.335662 -81.468253
8.072890 57.599300 -81.345861
2.160727 52.035802 -85.367479
6.405275 38.580822 -92.035279
19.275829 36.266246 -91.176761
6
83.592139 45.195577 31.140232
86.577997 36.972837 33.723283
85.190437 33.987728 39.842487
73.556499 37.473231 56.437562
73.033834 50.000914 46.539958
76.169287 54.033364 35.758010
7
-26.944045 29.102849 91.798925
-28.134338 43.731308 85.416811
-26.373165 47.522304 83.940972
-18.495960 49.711739 84.774067
-17.834396 49.507553 85.034913
-9.913630 33.073525 93.850210
-25.121287 28.782602 92.414732
8
45.380311 6.551536 -88.869032
59.841677 2.819217 -80.068881
60.894822 2.881260 -79.268651
67.581267 9.753051 -73.059225
68.585098 15.980230 -70.998004
52.124440 26.850167 -81.006859
39.819732 19.494435 -89.634569
43.029033 10.118095 -89.700203
6
-18.687354 68.726879 -70.195434
-17.976545 52.572198 -83.144499
-14.514087 50.751434 -84.933110
-6.813980 53.614991 -84.136808
-7.843762 65.550593 -75.110553
-17.415101 68.813893 -70.436939
5
70.276409 55.671676 -44.293236
59.661595 60.088373 -53.196630
56.822988 56.363193 -59.952803
56.816301 56.320094 -59.999625
69.212519 38.570191 -61.007931
5
70.971227 -24.467161 66.063931
73.166523 -15.529537 66.373891
77.232240 -10.590554 62.634026
85.155629 -19.431495 48.692257
81.607053 -25.089561 52.065370
5
-82.517311 -19.358984 53.067157
-78.073655 -8.235258 61.940980
-77.063594 -7.420755 63.294035
-66.347846 -19.839600 72.141207
-74.724555 -34.310832 56.912281
6
28.179303 27.822973 -91.824883
19.275829 36.266246 -91.176761
6.405275 38.580822 -92.035279
1.726627 35.283235 -93.552724
3.257042 17.506731 -98.401758
23.417800 23.195048 -94.411845
6
73.556499 37.473231 56.437562
85.190437 33.987728 39.842487
86.492316 14.500530 48.050120
83.913444 13.596144 52.665727
76.457690 22.583902 60.367118
73.188828 37.169716 57.112237
10
81.607053 -25.089561 52.065370
85.155629 -19.431495 48.692257
91.268338 -13.957476 38.409366
91.765612 -13.891197 37.230460
92.309115 -14.718195 35.530298
82.818134 -41.119897 38.082946
80.006058 -43.113012 41.716889
79.375216 -43.135732 42.882207
79.016443 -42.771285 43.897825
79.159731 -37.849423 47.970388
6
-21.125057 -44.184440 -87.186394
-37.916196 -50.380014 -77.615825
-38.177673 -52.202067 -76.271945
-34.480609 -55.115266 -75.982860
-14.883597 -57.435608 -80.496145
-21.019105 -44.237637 -87.185025
5
45.449916 87.440554 -16.983951
52.106238 85.139949 -6.010738
41.259545 90.700740 8.427679
31.327635 94.605474 -8.269432
41.161114 89.399980 -17.703282
6
98.582888 15.862741 -5.457806
94.001637 33.410804 -6.885521
91.295539 33.630977 -23.110213
93.098700 26.994747 -24.574695
96.550891 14.725499 -21.472894
98.915143 10.099103 -10.667833
5
2.971656 0.701704 99.953373
-11.633834 2.343899 99.293303
-11.084704 13.851639 98.413726
4.893642 11.034947 99.268737
5.325801 9.443097 99.410582
6
-13.928559 66.014535 73.811086
-2.334990 66.341913 74.788357
-0.074037 64.176424 76.690163
-0.380494 51.004199 86.014109
-17.834396 49.507553 85.034913
-18.495960 49.711739 84.774067
7
99.714031 1.353639 7.435026
97.621514 -6.013927 20.829609
97.370752 -5.814724 22.025567
95.841319 16.736420 23.115661
95.811755 18.419035 21.928219
97.128616 18.315307 15.184913
98.378080 15.618960 8.820519
5
-49.316192 62.095532 -60.926662
-30.225377 65.966347 -68.810374
-24.287155 70.073462 -67.080877
-24.718571 75.535672 -60.690646
-43.376833 74.397091 -50.828370
8
-66.582725 37.106499 -64.729039
-65.491285 18.862604 -73.178506
-56.357142 20.058239 -80.134509
-52.991994 22.527170 -81.758029
-51.260956 24.747131 -82.218574
-48.183037 39.527329 -78.204764
-48.676421 42.317591 -76.418764
-60.981336 42.315897 -67.012249
7
-20.316991 -26.173708 -94.351242
-8.343281 -27.973899 -95.644397
-2.586381 -23.500496 -97.165000
-1.351857 -14.198945 -98.977585
-1.351922 -14.198782 -98.977608
-26.476584 -13.024516 -95.547645
-25.146323 -19.783527 -94.743203
6
28.389846 35.348419 89.131958
23.468385 22.172355 94.644712
14.711353 24.378247 95.860717
13.864745 28.960399 94.705143
22.189624 43.312075 87.359514
24.731533 42.492030 87.079152
7
15.135054 -85.729251 49.207984
-4.771220 -88.354792 46.590408
-6.284965 -87.620122 47.782983
-4.356609 -68.989497 72.259735
-2.199821 -68.831676 72.507663
14.034388 -71.876473 68.094116
19.933959 -75.275388 62.739566
6
-82.517311 -19.358984 53.067157
-74.724555 -34.310832 56.912281
-74.503740 -35.449760 56.502276
-76.869604 -46.891474 43.500041
-92.073226 -22.450362 31.913982
-86.079002 -17.290862 47.868898
6
94.786736 -30.933210 7.655796
94.025897 -33.682303 4.963179
86.239275 -50.495177 3.608952
90.611986 -37.405042 19.756790
93.447610 -31.028840 17.457241
94.582361 -29.858460 12.753409
4
74.531567 63.666620 -19.789063
70.363134 71.055386 -0.401881
62.124518 75.208576 -22.004872
65.545942 70.408124 -27.320792
6
58.521025 54.700841 59.859065
53.440258 58.984245 60.539225
63.275068 67.170507 38.527767
64.216542 66.556435 38.032573
64.928113 55.522127 51.977241
59.272783 54.364723 59.424019
6
-34.908644 58.431096 73.261133
-15.933388 67.335452 72.194626
-13.928559 66.014535 73.811086
-18.495960 49.711739 84.774067
-26.373165 47.522304 83.940972
-34.817559 53.808616 76.761778
7
-73.988882 -38.148403 -55.410690
-65.045261 -48.377662 -58.555237
-64.405591 -48.644137 -59.039544
-61.020211 -39.685222 -68.568338
-63.433367 -27.959556 -72.072680
-63.645832 -27.800692 -71.946714
-73.079369 -32.021644 -60.282835
5
-63.916086 -76.117514 10.993544
-63.305292 -76.436651 12.242483
-55.854908 -81.538419 15.222202
-50.417919 -86.227530 4.779813
-58.569563 -80.880010 -5.294355
5
72.987746 37.286087 57.293425
62.619902 36.008199 69.153145
58.165825 44.205970 68.283007
58.521025 54.700841 59.859065
59.272783 54.364723 59.424019
6
-70.918347 67.942533 -18.825523
-66.526067 71.891885 -20.145456
-59.419257 80.322600 -4.199039
-65.883339 74.892537 7.105883
-68.773156 72.235773 7.228141
-76.287267 64.555543 -3.582576
7
43.334271 -6.929968 89.856088
44.845672 -10.962877 88.705586
38.425083 -22.999763 89.412102
31.653894 -21.209479 92.456417
29.936683 -14.581878 94.292968
37.943712 -4.618657 92.406400
40.830181 -4.859034 91.155286
6
62.492646 13.395613 76.910511
66.419146 7.794110 74.348833
67.405373 -8.522881 73.374902
58.323942 -13.021925 80.179469
57.502685 3.679085 81.730689
61.593759 13.775304 77.565778
6
68.585098 15.980230 -70.998004
67.581267 9.753051 -73.059225
78.605890 -0.735363 -61.810787
84.899641 4.483831 -52.649275
83.491885 18.029476 -52.000415
72.136297 26.694236 -63.904400
5
-17.694190 -98.088220 8.100410
-24.484250 -96.727465 6.657256
-41.991803 -90.328569 8.799893
-42.760606 -87.416053 23.020953
-22.924016 -95.321018 19.707687
5
24.452989 -65.146900 -71.818749
30.417366 -63.129563 -71.340326
30.298604 -48.958258 -81.762361
21.697307 -51.791786 -82.745621
18.119769 -59.450725 -78.340827
5
-11.292260 -59.045230 -79.913364
-12.613604 -59.288813 -79.534481
-13.959540 -62.613715 -76.711498
-6.756706 -75.500150 -65.223265
4.539920 -67.052196 -74.049930
6
57.502685 3.679085 81.730689
43.334271 -6.929968 89.856088
40.830181 -4.859034 91.155286
43.949798 12.298793 88.978396
59.546564 16.327839 78.661352
61.593759 13.775304 77.565778
5
43.213197 69.865774 57.020990
24.164780 76.825910 59.277677
23.924221 86.019531 45.036340
29.581072 87.276969 38.828995
47.127904 77.671954 41.785502
6
13.864745 28.960399 94.705143
14.711353 24.378247 95.860717
7.688214 19.522706 97.774001
-6.406962 30.028622 95.169494
-6.939792 31.802103 94.554035
3.212258 40.790069 91.246105
6
-84.414686 25.624504 47.090822
-83.093985 22.295278 50.973623
-82.837578 15.813384 53.738931
-89.374920 5.046442 44.571931
-90.712707 9.408304 41.020588
-84.549258 25.476513 46.929418
7
66.401381 -47.834683 57.469119
56.461861 -46.533076 68.166935
54.143019 -41.958853 72.855941
66.768649 -27.676146 69.108454
69.550880 -26.553496 66.765163
70.595789 -30.688184 63.831575
67.701214 -46.737745 56.851814
6
34.188594 18.058603 92.222703
29.226199 17.094841 94.093547
23.468385 22.172355 94.644712
28.389846 35.348419 89.131958
36.260287 32.254560 87.434747
38.501639 26.811602 88.310599
8
-76.869604 -46.891474 43.500041
-76.721449 -47.399424 43.210113
-85.842651 -46.042829 22.607456
-86.546535 -44.930845 22.156634
-94.111011 -22.276297 25.433920
-94.105691 -21.590238 26.038057
-92.947888 -21.622891 29.885460
-92.073226 -22.450362 31.913982
5
58.323942 -13.021925 80.179469
55.507063 -17.143894 81.394428
44.845672 -10.962877 88.705586
43.334271 -6.929968 89.856088
57.502685 3.679085 81.730689
6
15.135054 -85.729251 49.207984
22.016641 -88.760799 40.457238
7.759932 -95.437294 28.835851
-0.992755 -94.676624 32.176877
-4.444218 -92.062676 38.790626
-4.771220 -88.354792 46.590408
6
97.702847 -21.081709 -3.116924
97.370380 -21.559215 -7.362702
95.552236 -27.742922 -10.005027
93.522472 -35.138496 -4.339741
94.025897 -33.682303 4.963179
94.786736 -30.933210 7.655796
7
46.599492 62.256805 62.869528
43.535275 59.418519 67.632236
31.809099 59.179890 74.067009
21.394136 62.706455 74.901211
18.600639 74.606631 63.936428
24.164780 76.825910 59.277677
43.213197 69.865774 57.020990
7
45.449916 87.440554 -16.983951
53.085453 81.384552 -23.632377
62.124518 75.208576 -22.004872
70.363134 71.055386 -0.401881
70.403706 71.012017 0.781986
65.147627 75.752271 4.168940
52.106238 85.139949 -6.010738
6
-7.337616 -41.047343 -90.891556
2.506532 -47.397088 -88.018369
8.231943 -45.297019 -88.771703
12.554973 -32.847225 -93.613206
-2.586381 -23.500496 -97.165000
-8.343281 -27.973899 -95.644397
7
88.633092 -43.487884 -15.905309
87.417481 -40.559313 -26.704421
75.583996 -52.364640 -39.306539
74.156906 -54.748980 -38.772444
75.099227 -58.416491 -30.783433
78.115775 -57.455176 -24.430074
87.400854 -47.094916 -11.964935
5
97.128616 18.315307 15.184913
95.811755 18.419035 21.928219
92.938234 27.634540 24.470734
91.762629 37.893550 11.987441
94.275239 33.214508 2.995962
7
-77.063594 -7.420755 63.294035
-75.117598 2.253478 65.971723
-67.350846 1.718587 73.897970
-59.294278 -9.354628 79.979244
-59.964953 -18.199832 77.929266
-61.042372 -19.165516 76.853834
-66.347846 -19.839600 72.141207
7
-41.991803 -90.328569 8.799893
-46.101931 -88.591521 5.114130
-50.417919 -86.227530 4.779813
-55.854908 -81.538419 15.222202
-49.433081 -81.716458 29.644410
-47.371555 -82.724606 30.208861
-42.760606 -87.416053 23.020953
6
92.980570 -14.630091 33.772386
92.309115 -14.718195 35.530298
91.765612 -13.891197 37.230460
90.027289 10.980834 42.124916
95.841319 16.736420 23.115661
97.370752 -5.814724 22.025567
7
98.915143 10.099103 -10.667833
96.550891 14.725499 -21.472894
95.589303 12.150941 -26.740228
94.960233 0.405928 -31.343090
97.666081 -9.218673 -19.399810
97.775241 -9.096577 -18.901181
99.470070 1.001792 -10.232380
4
54.143019 -41.958853 72.855941
41.984965 -40.272276 81.335149
55.608714 -17.850011 81.172951
66.768649 -27.676146 69.108454
5
-39.547808 17.555122 90.154249
-48.773960 21.003761 84.734543
-45.407464 34.117843 82.305133
-28.134338 43.731308 85.416811
-26.944045 29.102849 91.798925
7
-90.952261 -40.826500 -7.802764
-90.952611 -41.505197 -2.222854
-84.957983 -52.728665 -1.352393
-76.056298 -63.030284 -15.576352
-77.091866 -59.692136 -22.219205
-83.182599 -51.363229 -21.035063
-90.832205 -41.000317 -8.275540
6
-82.366842 33.621050 45.665395
-84.414686 25.624504 47.090822
-84.549258 25.476513 46.929418
-92.721170 20.725076 31.197049
-92.772765 31.869066 19.431335
-90.939366 37.059936 18.883666
7
-3.616255 -81.701725 -57.547813
15.079742 -77.023172 -61.967995
17.507615 -75.219276 -63.525931
8.644504 -65.865852 -74.745984
4.539920 -67.052196 -74.049930
-6.756706 -75.500150 -65.223265
-7.889013 -79.911011 -59.598606
6
-13.442879 15.802186 97.824230
-14.711268 15.774440 97.646022
-25.121287 28.782602 92.414732
-9.913630 33.073525 93.850210
-6.939792 31.802103 94.554035
-6.406962 30.028622 95.169494
5
-83.835920 -4.070268 -54.359649
-79.406456 -16.099256 -58.612530
-74.147487 -12.307098 -65.959726
-70.457602 5.226182 -70.770144
-70.830225 9.213399 -69.987088
5
-19.022724 73.758640 64.790424
-39.521882 69.793086 59.723915
-37.848340 74.472383 54.966966
-23.914172 82.647277 50.966067
-15.612411 77.853431 60.787301
6
31.038238 80.617662 -50.372814
30.554894 79.960451 -51.698401
39.869236 66.731492 -62.907487
45.877642 67.626077 -57.636409
45.918406 73.526478 -49.853355
34.825108 80.471650 -48.078326
6
26.145756 -35.016881 89.945636
24.006594 -25.942634 93.544980
31.653894 -21.209479 92.456417
38.425083 -22.999763 89.412102
41.815952 -40.312891 81.402070
40.623264 -41.173789 81.574932
4
-20.316991 -26.173708 -94.351242
-25.146323 -19.783527 -94.743203
-40.972609 -32.186170 -85.353944
-24.385106 -37.109129 -89.600665
5
42.269701 -49.647365 -75.818280
37.580512 -43.770803 -81.681221
30.298604 -48.958258 -81.762361
30.417366 -63.129563 -71.340326
36.433436 -65.198180 -66.496632
6
18.804914 -98.199552 -1.795333
-8.041215 -99.657636 -1.922089
-10.861006 -99.404903 -0.838902
-14.129401 -98.810993 6.061982
8.362333 -97.963585 18.253972
21.237630 -97.511303 6.364651
6
19.974973 -95.127513 -23.489502
22.447613 -97.150796 -7.604443
44.131615 -89.384859 -7.921329
49.063342 -85.423006 -17.195888
48.231059 -84.866981 -21.710839
23.996150 -92.863993 -28.292466
6
26.665996 93.238312 24.403727
14.390329 94.876226 28.132190
2.245672 98.051177 19.517266
8.726254 99.230032 8.789385
21.091152 97.083637 11.398716
27.560703 93.551365 22.103162
5
-95.812460 -22.498993 -17.713494
-98.021016 -12.116382 -15.654828
-99.558986 -6.641140 -6.625982
-97.792934 -20.714992 -2.726007
-95.817477 -22.532657 -17.643424
5
-90.039521 -14.583005 -40.990495
-95.001081 -16.086795 -26.758356
-95.282285 -22.734472 -20.110442
-90.016469 -31.885872 -29.670295
-89.065256 -17.164112 -42.104316
6
-57.893333 -43.429623 69.008912
-74.503740 -35.449760 56.502276
-74.724555 -34.310832 56.912281
-66.347846 -19.839600 72.141207
-61.042372 -19.165516 76.853834
-56.485702 -41.061587 71.577312
6
73.792085 -21.432212 -63.995223
76.584226 -20.395873 -60.982495
78.605890 -0.735363 -61.810787
67.581267 9.753051 -73.059225
60.894822 2.881260 -79.268651
66.127974 -12.362094 -73.988308
7
62.124518 75.208576 -22.004872
53.085453 81.384552 -23.632377
51.762584 78.472827 -34.097660
54.872572 74.055337 -38.791855
60.026761 69.940691 -38.795459
65.785829 67.337290 -33.732982
65.545942 70.408124 -27.320792
7
37.943712 -4.618657 92.406400
33.200394 -1.730703 94.311921
27.361755 9.370979 95.726272
29.226199 17.094841 94.093547
34.188594 18.058603 92.222703
43.949798 12.298793 88.978396
40.830181 -4.859034 91.155286
8
-76.184562 55.344219 -33.659024
-74.327906 56.021751 -36.563996
-61.091284 67.055876 -42.087581
-59.485115 69.661642 -40.109558
-65.660352 72.448454 -20.974740
-66.526067 71.891885 -20.145456
-70.918347 67.942533 -18.825523
-77.338338 56.022827 -29.668575
6
14.455286 90.206388 -40.667584
31.038238 80.617662 -50.372814
34.825108 80.471650 -48.078326
37.939838 82.746405 -41.395667
36.228020 89.408211 -26.338228
15.898660 93.271284 -32.368198
6
78.359924 61.967943 4.438070
81.818025 57.372144 3.774631
85.428910 50.528783 12.196042
83.592139 45.195577 31.140232
76.169287 54.033364 35.758010
71.439396 61.494407 33.389379
7
17.698181 -87.617420 -44.832601
9.055951 -88.812846 -45.058496
1.310549 -94.672863 -32.176568
6.006370 -96.123108 -26.912295
19.974973 -95.127513 -23.489502
23.996150 -92.863993 -28.292466
25.032502 -87.673257 -41.070353
6
98.378080 15.618960 8.820519
97.128616 18.315307 15.184913
94.275239 33.214508 2.995962
93.857845 33.928131 -6.291802
94.001637 33.410804 -6.885521
98.582888 15.862741 -5.457806
6
-84.957983 -52.728665 -1.352393
-81.580552 -57.525642 5.950970
-75.842048 -64.641890 8.331261
-73.818363 -67.261992 5.164661
-71.501274 -69.286326 -9.325923
-76.056298 -63.030284 -15.576352
7
-65.491285 18.862604 -73.178506
-66.582725 37.106499 -64.729039
-71.921369 41.550073 -55.685798
-84.268369 30.566871 -44.322774
-85.281265 28.740058 -43.601776
-85.551176 18.063370 -48.525365
-70.525350 12.576331 -69.771133
4
91.570069 0.307602 -40.184921
94.960233 0.405928 -31.343090
95.589303 12.150941 -26.740228
91.206662 15.718449 -37.871825
6
-95.282285 -22.734472 -20.110442
-95.001081 -16.086795 -26.758356
-96.657238 -0.150555 -25.638947
-96.882607 0.571808 -24.767588
-98.021016 -12.116382 -15.654828
-95.812460 -22.498993 -17.713494
6
55.888130 37.192005 -74.116609
49.160423 43.783174 -75.274740
41.102978 43.774520 -79.964596
32.801156 26.825998 -90.578419
39.819732 19.494435 -89.634569
52.124440 26.850167 -81.006859
6
3.212258 40.790069 91.246105
-6.939792 31.802103 94.554035
-9.913630 33.073525 93.850210
-17.834396 49.507553 85.034913
-0.380494 51.004199 86.014109
4.659467 47.406372 87.925680
6
-8.343281 -27.973899 -95.644397
-20.316991 -26.173708 -94.351242
-24.385106 -37.109129 -89.600665
-21.125057 -44.184440 -87.186394
-21.019105 -44.237637 -87.185025
-7.337616 -41.047343 -90.891556
4
47.601655 72.963530 -49.095883
58.621359 62.720969 -51.279785
60.026761 69.940691 -38.795459
54.872572 74.055337 -38.791855
5
-24.484250 -96.727465 6.657256
-38.761689 -91.846290 -7.860697
-41.200894 -90.825139 -7.299345
-46.101931 -88.591521 5.114130
-41.991803 -90.328569 8.799893
5
99.930303 -1.997679 -3.153398
99.048812 -13.149365 4.053035
98.626191 -13.438465 9.606355
97.621514 -6.013927 20.829609
99.714031 1.353639 7.435026
6
34.041767 -72.146403 60.299707
39.518639 -70.729258 58.614411
54.954069 -73.566346 39.598524
54.374848 -75.148999 37.363135
52.844516 -76.633568 36.534276
36.861659 -82.042399 43.706555
6
-30.225377 65.966347 -68.810374
-33.181376 52.541877 -78.347607
-31.534845 50.949744 -80.060460
-17.976545 52.572198 -83.144499
-18.687354 68.726879 -70.195434
-24.287155 70.073462 -67.080877
6
34.825108 80.471650 -48.078326
45.918406 73.526478 -49.853355
47.601655 72.963530 -49.095883
54.872572 74.055337 -38.791855
51.762584 78.472827 -34.097660
37.939838 82.746405 -41.395667
5
8.362333 -97.963585 18.253972
9.305707 -96.126366 25.944662
25.854997 -94.189421 21.444627
28.105558 -94.795077 14.965659
21.237630 -97.511303 6.364651
6
-55.854908 -81.538419 15.222202
-63.305292 -76.436651 12.242483
-66.860676 -70.212656 24.491488
-63.740873 -71.566591 28.553881
-55.243510 -77.110028 31.657514
-49.433081 -81.716458 29.644410
6
85.575818 33.593814 -39.347618
87.292449 21.306965 -43.886691
90.285367 17.991757 -39.049316
93.098700 26.994747 -24.574695
91.295539 33.630977 -23.110213
89.347444 36.635381 -25.978513
7
-57.452517 60.077285 -55.587123
-69.913550 48.937225 -52.127187
-71.921369 41.550073 -55.685798
-66.582725 37.106499 -64.729039
-60.981336 42.315897 -67.012249
-51.351344 59.772832 -61.564991
-51.307123 60.318955 -61.067198
4
-31.168900 9.877163 94.503658
-24.170311 9.773196 96.541601
-17.584476 -0.313366 98.441292
-24.973129 -9.753471 96.339050
6
-12.537733 95.835394 25.658966
-10.608123 92.903392 35.446122
-11.405034 92.496519 36.253539
-34.494845 85.861469 37.919834
-36.500269 87.274385 32.417773
-15.910780 96.298265 21.759855
5
-45.076763 79.960102 -39.679561
-43.645389 81.704120 -37.676474
-55.763237 79.833654 -22.738715
-65.660352 72.448454 -20.974740
-59.485115 69.661642 -40.109558
7
-21.019105 -44.237637 -87.185025
-14.883597 -57.435608 -80.496145
-12.613604 -59.288813 -79.534481
-11.292260 -59.045230 -79.913364
0.544266 -51.333408 -85.817160
2.506532 -47.397088 -88.018369
-7.337616 -41.047343 -90.891556
6
-63.844060 60.422214 47.676955
-65.555763 62.183899 42.843956
-65.348368 67.160891 34.914260
-54.645711 74.839816 37.587873
-52.951236 75.390406 38.890273
-49.517718 67.722716 54.420854
7
36.861659 -82.042399 43.706555
52.844516 -76.633568 36.534276
50.759146 -80.360338 31.076119
49.059768 -82.001935 29.475783
41.903920 -86.555935 27.425019
26.913651 -89.182587 36.360989
26.254519 -88.668718 38.059935
8
84.734761 53.043289 -2.535713
81.818025 57.372144 3.774631
78.359924 61.967943 4.438070
70.403706 71.012017 0.781986
70.363134 71.055386 -0.401881
74.531567 63.666620 -19.789063
80.634241 53.070929 -26.107388
82.348352 51.286862 -24.257098
6
59.936034 -79.519366 9.183807
53.995173 -83.785169 8.035345
48.260754 -86.264772 15.142282
49.059768 -82.001935 29.475783
50.759146 -80.360338 31.076119
60.012610 -79.421792 9.521848
6
-59.529119 79.272131 13.123002
-45.119375 89.121492 4.647760
-44.280582 89.506873 5.267808
-40.354474 90.537336 13.210114
-53.950053 81.336883 21.764728
-57.217249 79.748375 19.141134
7
-85.335650 -20.675292 -47.857696
-89.065256 -17.164112 -42.104316
-90.016469 -31.885872 -29.670295
-88.920989 -34.504904 -30.041127
-87.668182 -36.536118 -31.295397
-85.292338 -38.098665 -35.689057
-83.316303 -28.312761 -47.505591
5
8.644504 -65.865852 -74.745984
8.939985 -65.344064 -75.168011
0.544266 -51.333408 -85.817160
-11.292260 -59.045230 -79.913364
4.539920 -67.052196 -74.049930
6
-7.584802 89.355407 -44.250220
-11.966004 96.625599 -22.810269
-29.747520 93.075328 -21.261901
-30.924320 92.529729 -21.953034
-36.621906 86.158258 -35.150968
-33.184133 86.092022 -38.561341
5
-60.904731 -6.057021 -79.081769
-70.457602 5.226182 -70.770144
-74.147487 -12.307098 -65.959726
-66.568597 -20.550570 -71.737689
-60.904685 -10.974941 -78.550430
7
-55.278379 -81.513080 -17.318158
-59.935751 -79.318272 -10.785059
-58.569563 -80.880010 -5.294355
-50.417919 -86.227530 4.779813
-46.101931 -88.591521 5.114130
-41.200894 -90.825139 -7.299345
-52.214777 -83.621551 -16.764645
6
53.440258 58.984245 60.539225
58.521025 54.700841 59.859065
58.165825 44.205970 68.283007
46.912535 45.846972 75.480257
43.535275 59.418519 67.632236
46.599492 62.256805 62.869528
5
20.014023 61.843442 75.992286
15.083848 49.264216 85.705977
4.659467 47.406372 87.925680
-0.380494 51.004199 86.014109
-0.074037 64.176424 76.690163
8
-18.364909 -97.191133 -14.717805
-32.867352 -93.133392 -15.681471
-38.761689 -91.846290 -7.860697
-24.484250 -96.727465 6.657256
-17.694190 -98.088220 8.100410
-14.235862 -98.787880 6.188298
-14.129401 -98.810993 6.061982
-10.861006 -99.404903 -0.838902
6
59.661595 60.088373 -53.196630
58.621359 62.720969 -51.279785
47.601655 72.963530 -49.095883
45.918406 73.526478 -49.853355
45.877642 67.626077 -57.636409
56.822988 56.363193 -59.952803
6
33.186750 -71.986187 60.964158
37.273419 -57.902101 72.512337
50.006178 -58.239436 64.090173
44.802793 -67.150265 59.021620
39.518639 -70.729258 58.614411
34.041767 -72.146403 60.299707
6
71.439396 61.494407 33.389379
76.169287 54.033364 35.758010
73.033834 50.000914 46.539958
64.928113 55.522127 51.977241
64.216542 66.556435 38.032573
67.904628 64.782441 34.528204
7
-90.832205 -41.000317 -8.275540
-88.920989 -34.504904 -30.041127
-90.016469 -31.885872 -29.670295
-95.282285 -22.734472 -20.110442
-95.812460 -22.498993 -17.713494
-95.817477 -22.532657 -17.643424
-90.952261 -40.826500 -7.802764
6
36.228020 89.408211 -26.338228
41.161114 89.399980 -17.703282
31.327635 94.605474 -8.269432
30.412109 94.921957 -8.057648
14.203136 94.653023 -28.966813
15.898660 93.271284 -32.368198
8
-52.951236 75.390406 38.890273
-49.273417 77.773836 39.030256
-39.130017 80.545682 44.511066
-37.848340 74.472383 54.966966
-39.521882 69.793086 59.723915
-41.350245 67.979612 60.571689
-43.058478 67.341842 60.091961
-49.517718 67.722716 54.420854
8
27.560703 93.551365 22.103162
21.091152 97.083637 11.398716
27.135785 96.064521 -5.937751
30.412109 94.921957 -8.057648
31.327635 94.605474 -8.269432
41.259545 90.700740 8.427679
41.257271 89.952888 14.363688
38.991093 90.512280 16.947619
6
3.142127 -0.866264 99.946869
-2.678963 -12.139886 99.224222
-6.371327 -12.907106 98.958642
-14.296941 -0.164974 98.972573
-11.633834 2.343899 99.293303
2.971656 0.701704 99.953373
6
-41.867423 -6.224113 -90.600107
-37.577322 -5.087629 -92.531405
-34.877675 11.234415 -93.044805
-52.991994 22.527170 -81.758029
-56.357142 20.058239 -80.134509
-46.770820 -3.051264 -88.335611
5
94.025897 -33.682303 4.963179
93.522472 -35.138496 -4.339741
87.472217 -47.333349 -10.400261
84.329146 -53.719355 1.681109
86.239275 -50.495177 3.608952
6
-31.534845 50.949744 -80.060460
-32.623700 41.118057 -85.117564
-29.396747 33.645491 -89.464028
-16.063721 37.225696 -91.412277
-14.514087 50.751434 -84.933110
-17.976545 52.572198 -83.144499
6
59.272783 54.364723 59.424019
64.928113 55.522127 51.977241
73.033834 50.000914 46.539958
73.556499 37.473231 56.437562
73.188828 37.169716 57.112237
72.987746 37.286087 57.293425
7
-75.105894 -63.125385 19.346587
-74.217643 -63.579433 21.198991
-66.860676 -70.212656 24.491488
-63.305292 -76.436651 12.242483
-63.916086 -76.117514 10.993544
-73.818363 -67.261992 5.164661
-75.842048 -64.641890 8.331261
8
-52.469345 -56.641161 63.551135
-61.649032 -60.233544 50.708155
-69.336171 -55.708216 45.706564
-76.120402 -48.437754 43.121553
-76.721449 -47.399424 43.210113
-76.869604 -46.891474 43.500041
-74.503740 -35.449760 56.502276
-57.893333 -43.429623 69.008912
8
72.987746 37.286087 57.293425
73.188828 37.169716 57.112237
76.457690 22.583902 60.367118
62.492646 13.395613 76.910511
61.593759 13.775304 77.565778
59.546564 16.327839 78.661352
56.533880 26.187077 78.218651
62.619902 36.008199 69.153145
7
-34.494845 85.861469 37.919834
-35.008076 84.559532 40.300374
-39.130017 80.545682 44.511066
-49.273417 77.773836 39.030256
-43.778030 85.031313 29.208901
-39.805718 87.079121 28.857089
-36.500269 87.274385 32.417773
6
-24.223156 -84.548757 47.589351
-6.284965 -87.620122 47.782983
-4.771220 -88.354792 46.590408
-4.444218 -92.062676 38.790626
-22.892343 -93.611752 26.697948
-30.730660 -85.755335 41.251050
7
86.239275 -50.495177 3.608952
84.329146 -53.719355 1.681109
80.582910 -59.033222 4.633933
79.559372 -59.504101 11.382807
80.792072 -55.947004 18.508752
86.252207 -42.994142 26.684463
90.611986 -37.405042 19.756790
