100
7
28.417789 82.961485 -48.060600
-25.618850 91.724980 -30.499223
-26.607113 91.288207 -30.960053
-29.616928 87.325492 -38.692325
-27.279562 82.070617 -50.201985
-7.605843 76.270745 -64.225576
27.704003 82.614252 -49.064994
4
-91.535592 40.010800 -4.513460
-81.915835 42.830590 -38.148874
-68.051719 71.229318 -17.185686
-79.206632 60.932916 3.672754
6
-60.288349 -78.880088 11.968567
-34.241165 -93.261271 11.396397
-34.368866 -92.981600 -13.160664
-37.579451 -91.194225 -16.474166
-59.107421 -78.053778 -20.345037
-75.152719 -65.328057 -9.182253
6
-4.169570 -93.870593 34.218803
12.063074 -74.641763 65.445317
15.238900 -73.985371 65.528168
37.140588 -74.195568 55.817510
40.134787 -76.817559 49.882477
21.332554 -94.633426 24.278321
6
83.230449 55.111927 5.947089
37.028411 85.856199 -35.462795
36.518992 83.451840 -41.257165
60.674377 60.010928 -52.127809
61.627401 59.308599 -51.812678
86.081033 41.574080 -29.353905
5
86.404869 -47.010999 -18.004575
90.019750 -39.599788 -18.119091
94.510909 -9.319197 -31.318375
73.505805 -24.298052 -63.296929
71.960542 -57.357164 -39.138678
7
49.113730 49.082346 -71.963635
46.665918 18.667931 -86.451145
47.938360 15.436764 -86.392245
62.370013 3.462632 -78.089639
66.381679 8.367272 -74.319994
61.627401 59.308599 -51.812678
60.674377 60.010928 -52.127809
6
-63.365541 -29.221577 -71.630355
-43.454810 -25.892468 -86.262736
-33.491793 -14.666831 -93.076226
-29.787004 1.278200 -95.452085
-52.182752 12.217834 -84.425617
-76.999548 -16.313358 -61.684228
6
-34.241165 -93.261271 11.396397
-60.288349 -78.880088 11.968567
-62.855299 -70.745425 32.315572
-52.204332 -74.110405 42.217954
-25.952097 -92.695391 27.093415
-26.143414 -92.858016 26.342185
5
90.019750 -39.599788 -18.119091
98.114212 -17.208428 8.801785
98.834388 -3.060318 14.913024
96.712894 1.968320 -25.352352
94.510909 -9.319197 -31.318375
4
86.237503 -20.306688 46.375980
68.701180 -29.969292 66.196597
53.039573 -19.403311 82.524634
73.630548 -2.295683 67.625973
5
-86.802097 -18.726016 45.986219
-78.256522 -16.688878 59.978314
-55.010003 -35.206951 75.725624
-49.788693 -55.698984 66.473373
-72.671325 -45.325657 51.618440
4
-51.423823 -51.123069 -68.862342
-19.098805 -47.918947 -85.668023
-43.454810 -25.892468 -86.262736
-63.365541 -29.221577 -71.630355
6
-74.515368 -60.157313 28.784675
-72.671325 -45.325657 51.618440
-49.788693 -55.698984 66.473373
-49.217752 -56.256600 66.428969
-52.204332 -74.110405 42.217954
-62.855299 -70.745425 32.315572
8
-54.562991 74.060634 39.216101
-55.371747 77.445304 30.597297
-45.119577 86.657456 21.323909
-24.055037 94.513313 22.104045
-10.710373 79.698778 59.442348
-11.670304 78.143438 61.297693
-13.717407 77.364650 61.859063
-52.462119 73.014854 43.778500
6
53.039573 -19.403311 82.524634
68.701180 -29.969292 66.196597
60.981685 -47.209255 63.659409
46.899780 -53.352661 70.383977
39.214724 -37.842420 83.846029
39.693205 -19.419869 89.706846
7
-86.802097 -18.726016 45.986219
-96.260287 -6.696035 26.251102
-97.112574 1.920354 23.779407
-96.018383 5.857156 27.315999
-68.780081 22.846459 68.900941
-56.143681 4.877613 82.608086
-78.256522 -16.688878 59.978314
7
-52.568326 3.802979 84.982989
-56.143681 4.877613 82.608086
-68.780081 22.846459 68.900941
-65.251630 36.598675 66.353310
-58.991261 43.073443 68.298680
-32.752029 40.091184 85.557008
-41.809446 11.292693 90.135705
5
-48.723023 47.690423 -73.155250
-27.279562 82.070617 -50.201985
-29.616928 87.325492 -38.692325
-58.037505 71.417140 -39.131064
-64.353015 48.289642 -59.386866
6
-46.865517 -66.805030 -57.798887
-35.098225 -73.933341 -57.462820
-18.134271 -65.095521 -73.713780
-18.505467 -48.066788 -85.715410
-19.098805 -47.918947 -85.668023
-51.423823 -51.123069 -68.862342
5
48.504629 -69.265817 -53.381154
42.752032 -35.008299 -83.346762
31.275821 -37.380492 -87.318508
16.835948 -61.817604 -76.779780
15.911373 -67.395912 -72.143047
6
98.834388 -3.060318 14.913024
98.114212 -17.208428 8.801785
89.607088 -43.361322 9.506079
83.959712 -37.648334 39.158266
87.541566 -20.698732 43.681080
96.921763 0.976858 24.601169
4
-83.963013 -20.919142 -50.125861
-78.926474 -15.817890 -59.333010
-81.612984 29.198619 -49.867439
-99.668969 5.970167 -5.518491
4
86.081033 41.574080 -29.353905
61.627401 59.308599 -51.812678
66.381679 8.367272 -74.319994
89.975710 26.901792 -34.360808
5
27.704003 82.614252 -49.064994
-7.605843 76.270745 -64.225576
-9.288874 55.727776 -82.511404
20.419322 55.552097 -80.604068
20.666396 55.769793 -80.390486
6
50.690568 74.763321 42.905852
53.808642 71.419816 44.764270
39.978531 57.986101 70.988233
28.895085 59.445505 75.042029
14.406844 88.974041 43.313540
16.661055 90.631204 38.838051
7
63.330663 -70.384938 32.174332
40.134787 -76.817559 49.882477
37.140588 -74.195568 55.817510
46.899780 -53.352661 70.383977
60.981685 -47.209255 63.659409
75.467969 -52.298248 39.616649
69.953975 -62.986073 33.751978
5
-20.307343 -76.425424 61.210835
8.236010 -74.007510 66.746211
12.063074 -74.641763 65.445317
-4.169570 -93.870593 34.218803
-22.218501 -92.625138 30.445394
6
-55.044379 -67.438306 -49.215762
-59.107421 -78.053778 -20.345037
-37.579451 -91.194225 -16.474166
-30.979742 -79.283564 -52.482112
-35.098225 -73.933341 -57.462820
-46.865517 -66.805030 -57.798887
5
12.435173 30.875544 -94.297759
-15.390569 38.400069 -91.041557
-15.849427 7.447236 -98.454732
6.705251 -3.984036 -99.695371
9.903621 -1.026296 -99.503090
6
88.701881 33.929047 31.317665
83.398052 31.768360 45.116917
49.470575 46.013915 73.725042
39.978531 57.986101 70.988233
53.808642 71.419816 44.764270
82.751735 52.569547 19.712765
5
37.140588 -74.195568 55.817510
15.238900 -73.985371 65.528168
18.206731 -52.585011 83.086290
39.214724 -37.842420 83.846029
46.899780 -53.352661 70.383977
5
-14.517694 4.293931 98.847351
-41.809446 11.292693 90.135705
-32.752029 40.091184 85.557008
-26.303489 45.470294 85.091591
4.971735 39.825208 91.592765
4
16.661055 90.631204 38.838051
12.888847 96.258847 23.835100
36.744801 92.959573 2.887468
50.690568 74.763321 42.905852
6
36.744801 92.959573 2.887468
37.099104 92.839419 2.121041
82.480849 54.872562 13.634933
82.751735 52.569547 19.712765
53.808642 71.419816 44.764270
50.690568 74.763321 42.905852
7
-11.670304 78.143438 61.297693
18.515888 56.868889 80.144191
6.405902 40.189587 91.344193
4.971735 39.825208 91.592765
-26.303489 45.470294 85.091591
-28.229683 57.652236 76.676624
-13.717407 77.364650 61.859063
5
69.953975 -62.986073 33.751978
86.217116 -50.631254 1.756428
85.353204 -51.957977 -3.898619
59.475718 -80.276037 4.289152
63.330663 -70.384938 32.174332
6
75.467969 -52.298248 39.616649
60.981685 -47.209255 63.659409
68.701180 -29.969292 66.196597
86.237503 -20.306688 46.375980
87.541566 -20.698732 43.681080
83.959712 -37.648334 39.158266
5
-75.152719 -65.328057 -9.182253
-59.107421 -78.053778 -20.345037
-55.044379 -67.438306 -49.215762
-84.552256 -40.639403 -34.631705
-84.268017 -53.225751 -8.119164
5
-74.551717 45.824009 48.396299
-84.956358 38.337042 36.231043
-73.645729 65.399746 17.296817
-55.371747 77.445304 30.597297
-54.562991 74.060634 39.216101
8
63.330663 -70.384938 32.174332
59.475718 -80.276037 4.289152
58.009473 -81.421877 2.319269
49.848813 -86.689148 -0.295838
39.338424 -91.913605 2.092278
24.212366 -96.010289 13.992347
21.332554 -94.633426 24.278321
40.134787 -76.817559 49.882477
7
48.504629 -69.265817 -53.381154
51.348292 -71.119312 -48.014543
68.948740 -60.889235 -39.224639
71.960542 -57.357164 -39.138678
73.505805 -24.298052 -63.296929
64.092132 -16.585987 -74.947339
42.752032 -35.008299 -83.346762
7
89.975710 26.901792 -34.360808
66.381679 8.367272 -74.319994
62.370013 3.462632 -78.089639
64.092132 -16.585987 -74.947339
73.505805 -24.298052 -63.296929
94.510909 -9.319197 -31.318375
96.712894 1.968320 -25.352352
7
6.405902 40.189587 91.344193
18.515888 56.868889 80.144191
28.895085 59.445505 75.042029
39.978531 57.986101 70.988233
49.470575 46.013915 73.725042
52.778538 19.676514 82.627240
35.692396 3.560561 93.345462
5
-52.568326 3.802979 84.982989
-47.747663 -16.418391 86.316842
-55.010003 -35.206951 75.725624
-78.256522 -16.688878 59.978314
-56.143681 4.877613 82.608086
6
85.353204 -51.957977 -3.898619
86.404869 -47.010999 -18.004575
71.960542 -57.357164 -39.138678
68.948740 -60.889235 -39.224639
58.009473 -81.421877 2.319269
59.475718 -80.276037 4.289152
5
-96.260287 -6.696035 26.251102
-86.802097 -18.726016 45.986219
-72.671325 -45.325657 51.618440
-74.515368 -60.157313 28.784675
-87.871387 -47.597181 3.623220
5
16.835948 -61.817604 -76.779780
31.275821 -37.380492 -87.318508
24.631225 -33.213449 -91.050368
-14.474709 -44.742453 -88.253021
-15.618679 -46.417998 -87.186159
8
-84.268017 -53.225751 -8.119164
-84.552256 -40.639403 -34.631705
-83.963013 -20.919142 -50.125861
-99.668969 5.970167 -5.518491
-99.075677 9.390961 9.788772
-97.112574 1.920354 23.779407
-96.260287 -6.696035 26.251102
-87.871387 -47.597181 3.623220
6
-0.597970 -18.615689 98.250183
-11.482007 -34.006672 93.336540
-47.747663 -16.418391 86.316842
-52.568326 3.802979 84.982989
-41.809446 11.292693 90.135705
-14.517694 4.293931 98.847351
6
-33.491793 -14.666831 -93.076226
-14.069041 -30.254522 -94.269433
7.066913 -6.309415 -99.550239
6.705251 -3.984036 -99.695371
-15.849427 7.447236 -98.454732
-29.787004 1.278200 -95.452085
6
-9.100733 98.985224 -10.913394
33.534714 91.113822 -23.951917
37.099104 92.839419 2.121041
36.744801 92.959573 2.887468
12.888847 96.258847 23.835100
-9.809778 98.456297 14.495719
7
70.776419 13.687324 69.306246
83.398052 31.768360 45.116917
88.701881 33.929047 31.317665
96.921763 0.976858 24.601169
87.541566 -20.698732 43.681080
86.237503 -20.306688 46.375980
73.630548 -2.295683 67.625973
5
-7.035254 -97.405996 -21.507608
-10.155366 -86.269497 -49.542330
-30.979742 -79.283564 -52.482112
-37.579451 -91.194225 -16.474166
-34.368866 -92.981600 -13.160664
7
-99.075677 9.390961 9.788772
-91.535592 40.010800 -4.513460
-79.206632 60.932916 3.672754
-73.645729 65.399746 17.296817
-84.956358 38.337042 36.231043
-96.018383 5.857156 27.315999
-97.112574 1.920354 23.779407
5
75.467969 -52.298248 39.616649
83.959712 -37.648334 39.158266
89.607088 -43.361322 9.506079
86.217116 -50.631254 1.756428
69.953975 -62.986073 33.751978
5
20.666396 55.769793 -80.390486
20.419322 55.552097 -80.604068
25.019323 37.111979 -89.424463
46.665918 18.667931 -86.451145
49.113730 49.082346 -71.963635
6
-15.732248 -45.899232 87.440019
-11.803416 -38.259337 91.634614
18.206731 -52.585011 83.086290
15.238900 -73.985371 65.528168
12.063074 -74.641763 65.445317
8.236010 -74.007510 66.746211
6
-99.668969 5.970167 -5.518491
-81.612984 29.198619 -49.867439
-78.321156 38.189772 -49.064628
-81.915835 42.830590 -38.148874
-91.535592 40.010800 -4.513460
-99.075677 9.390961 9.788772
5
49.848813 -86.689148 -0.295838
40.060472 -82.522976 -39.813529
24.794305 -88.885576 -38.530466
18.611979 -94.039820 -28.462369
39.338424 -91.913605 2.092278
5
-10.710373 79.698778 59.442348
14.406844 88.974041 43.313540
28.895085 59.445505 75.042029
18.515888 56.868889 80.144191
-11.670304 78.143438 61.297693
6
8.346502 -74.042796 -66.693330
-18.134271 -65.095521 -73.713780
-35.098225 -73.933341 -57.462820
-30.979742 -79.283564 -52.482112
-10.155366 -86.269497 -49.542330
6.807090 -81.173262 -58.004871
7
73.630548 -2.295683 67.625973
53.039573 -19.403311 82.524634
39.693205 -19.419869 89.706846
32.960949 -10.897331 93.780723
35.692396 3.560561 93.345462
52.778538 19.676514 82.627240
70.776419 13.687324 69.306246
4
8.236010 -74.007510 66.746211
-20.307343 -76.425424 61.210835
-37.029123 -58.957805 71.783155
-15.732248 -45.899232 87.440019
7
32.960949 -10.897331 93.780723
39.693205 -19.419869 89.706846
39.214724 -37.842420 83.846029
18.206731 -52.585011 83.086290
-11.803416 -38.259337 91.634614
-11.482007 -34.006672 93.336540
-0.597970 -18.615689 98.250183
4
70.776419 13.687324 69.306246
52.778538 19.676514 82.627240
49.470575 46.013915 73.725042
83.398052 31.768360 45.116917
8
-15.732248 -45.899232 87.440019
-37.029123 -58.957805 71.783155
-49.217752 -56.256600 66.428969
-49.788693 -55.698984 66.473373
-55.010003 -35.206951 75.725624
-47.747663 -16.418391 86.316842
-11.482007 -34.006672 93.336540
-11.803416 -38.259337 91.634614
5
58.009473 -81.421877 2.319269
68.948740 -60.889235 -39.224639
51.348292 -71.119312 -48.014543
40.060472 -82.522976 -39.813529
49.848813 -86.689148 -0.295838
6
6.807090 -81.173262 -58.004871
-10.155366 -86.269497 -49.542330
-7.035254 -97.405996 -21.507608
0.610760 -98.185515 -18.953409
18.611979 -94.039820 -28.462369
24.794305 -88.885576 -38.530466
6
-29.787004 1.278200 -95.452085
-15.849427 7.447236 -98.454732
-15.390569 38.400069 -91.041557
-19.148688 46.796434 -86.275266
-48.023506 47.108149 -73.990305
-52.182752 12.217834 -84.425617
6
-25.952097 -92.695391 27.093415
-52.204332 -74.110405 42.217954
-49.217752 -56.256600 66.428969
-37.029123 -58.957805 71.783155
-20.307343 -76.425424 61.210835
-22.218501 -92.625138 30.445394
7
8.346502 -74.042796 -66.693330
6.807090 -81.173262 -58.004871
24.794305 -88.885576 -38.530466
40.060472 -82.522976 -39.813529
51.348292 -71.119312 -48.014543
48.504629 -69.265817 -53.381154
15.911373 -67.395912 -72.143047
4
-52.462119 73.014854 43.778500
-13.717407 77.364650 61.859063
-28.229683 57.652236 76.676624
-51.040194 62.544183 59.017996
5
-47.895351 87.325479 -8.960807
-66.750082 72.274716 -17.910667
-58.037505 71.417140 -39.131064
-29.616928 87.325492 -38.692325
-26.607113 91.288207 -30.960053
6
-52.462119 73.014854 43.778500
-51.040194 62.544183 59.017996
-58.991261 43.073443 68.298680
-65.251630 36.598675 66.353310
-74.551717 45.824009 48.396299
-54.562991 74.060634 39.216101
6
36.518992 83.451840 -41.257165
28.417789 82.961485 -48.060600
27.704003 82.614252 -49.064994
20.666396 55.769793 -80.390486
49.113730 49.082346 -71.963635
60.674377 60.010928 -52.127809
7
-45.119577 86.657456 21.323909
-47.895351 87.325479 -8.960807
-26.607113 91.288207 -30.960053
-25.618850 91.724980 -30.499223
-9.100733 98.985224 -10.913394
-9.809778 98.456297 14.495719
-24.055037 94.513313 22.104045
7
-43.454810 -25.892468 -86.262736
-19.098805 -47.918947 -85.668023
-18.505467 -48.066788 -85.715410
-15.618679 -46.417998 -87.186159
-14.474709 -44.742453 -88.253021
-14.069041 -30.254522 -94.269433
-33.491793 -14.666831 -93.076226
6
-87.871387 -47.597181 3.623220
-74.515368 -60.157313 28.784675
-62.855299 -70.745425 32.315572
-60.288349 -78.880088 11.968567
-75.152719 -65.328057 -9.182253
-84.268017 -53.225751 -8.119164
8
-76.999548 -16.313358 -61.684228
-52.182752 12.217834 -84.425617
-48.023506 47.108149 -73.990305
-48.723023 47.690423 -73.155250
-64.353015 48.289642 -59.386866
-78.321156 38.189772 -49.064628
-81.612984 29.198619 -49.867439
-78.926474 -15.817890 -59.333010
6
-19.148688 46.796434 -86.275266
-15.390569 38.400069 -91.041557
12.435173 30.875544 -94.297759
25.019323 37.111979 -89.424463
20.419322 55.552097 -80.604068
-9.288874 55.727776 -82.511404
6
-27.279562 82.070617 -50.201985
-48.723023 47.690423 -73.155250
-48.023506 47.108149 -73.990305
-19.148688 46.796434 -86.275266
-9.288874 55.727776 -82.511404
-7.605843 76.270745 -64.225576
7
-68.051719 71.229318 -17.185686
-66.750082 72.274716 -17.910667
-47.895351 87.325479 -8.960807
-45.119577 86.657456 21.323909
-55.371747 77.445304 30.597297
-73.645729 65.399746 17.296817
-79.206632 60.932916 3.672754
9
9.903621 -1.026296 -99.503090
6.705251 -3.984036 -99.695371
7.066913 -6.309415 -99.550239
24.631225 -33.213449 -91.050368
31.275821 -37.380492 -87.318508
42.752032 -35.008299 -83.346762
64.092132 -16.585987 -74.947339
62.370013 3.462632 -78.089639
47.938360 15.436764 -86.392245
5
46.665918 18.667931 -86.451145
25.019323 37.111979 -89.424463
12.435173 30.875544 -94.297759
9.903621 -1.026296 -99.503090
47.938360 15.436764 -86.392245
6
36.518992 83.451840 -41.257165
37.028411 85.856199 -35.462795
33.534714 91.113822 -23.951917
-9.100733 98.985224 -10.913394
-25.618850 91.724980 -30.499223
28.417789 82.961485 -48.060600
6
86.404869 -47.010999 -18.004575
85.353204 -51.957977 -3.898619
86.217116 -50.631254 1.756428
89.607088 -43.361322 9.506079
98.114212 -17.208428 8.801785
90.019750 -39.599788 -18.119091
5
-51.040194 62.544183 59.017996
-28.229683 57.652236 76.676624
-26.303489 45.470294 85.091591
-32.752029 40.091184 85.557008
-58.991261 43.073443 68.298680
4
-14.069041 -30.254522 -94.269433
-14.474709 -44.742453 -88.253021
24.631225 -33.213449 -91.050368
7.066913 -6.309415 -99.550239
6
-81.915835 42.830590 -38.148874
-78.321156 38.189772 -49.064628
-64.353015 48.289642 -59.386866
-58.037505 71.417140 -39.131064
-66.750082 72.274716 -17.910667
-68.051719 71.229318 -17.185686
5
83.230449 55.111927 5.947089
82.480849 54.872562 13.634933
37.099104 92.839419 2.121041
33.534714 91.113822 -23.951917
37.028411 85.856199 -35.462795
6
14.406844 88.974041 43.313540
-10.710373 79.698778 59.442348
-24.055037 94.513313 22.104045
-9.809778 98.456297 14.495719
12.888847 96.258847 23.835100
16.661055 90.631204 38.838051
6
-14.517694 4.293931 98.847351
4.971735 39.825208 91.592765
6.405902 40.189587 91.344193
35.692396 3.560561 93.345462
32.960949 -10.897331 93.780723
-0.597970 -18.615689 98.250183
5
24.212366 -96.010289 13.992347
39.338424 -91.913605 2.092278
18.611979 -94.039820 -28.462369
0.610760 -98.185515 -18.953409
5.352002 -99.803412 -3.261153
8
-78.926474 -15.817890 -59.333010
-83.963013 -20.919142 -50.125861
-84.552256 -40.639403 -34.631705
-55.044379 -67.438306 -49.215762
-46.865517 -66.805030 -57.798887
-51.423823 -51.123069 -68.862342
-63.365541 -29.221577 -71.630355
-76.999548 -16.313358 -61.684228
6
15.911373 -67.395912 -72.143047
16.835948 -61.817604 -76.779780
-15.618679 -46.417998 -87.186159
-18.505467 -48.066788 -85.715410
-18.134271 -65.095521 -73.713780
8.346502 -74.042796 -66.693330
6
-34.241165 -93.261271 11.396397
-26.143414 -92.858016 26.342185
5.352002 -99.803412 -3.261153
0.610760 -98.185515 -18.953409
-7.035254 -97.405996 -21.507608
-34.368866 -92.981600 -13.160664
7
24.212366 -96.010289 13.992347
5.352002 -99.803412 -3.261153
-26.143414 -92.858016 26.342185
-25.952097 -92.695391 27.093415
-22.218501 -92.625138 30.445394
-4.169570 -93.870593 34.218803
21.332554 -94.633426 24.278321
5
-65.251630 36.598675 66.353310
-68.780081 22.846459 68.900941
-96.018383 5.857156 27.315999
-84.956358 38.337042 36.231043
-74.551717 45.824009 48.396299
9
89.975710 26.901792 -34.360808
96.712894 1.968320 -25.352352
98.834388 -3.060318 14.913024
96.921763 0.976858 24.601169
88.701881 33.929047 31.317665
82.751735 52.569547 19.712765
82.480849 54.872562 13.634933
83.230449 55.111927 5.947089
86.081033 41.574080 -29.353905
