100
6
55.305252 19.204119 81.071147
40.441633 54.491712 73.451532
57.650004 59.445121 56.060277
62.963178 56.140341 53.701958
74.189967 41.658286 52.539851
76.381344 33.671185 55.064885
6
20.364780 50.616945 83.804538
35.253176 4.633309 93.465213
21.739832 3.858748 97.531993
-6.514555 25.165730 96.562139
-5.794537 33.218224 94.143364
8.605985 49.431312 86.501344
7
20.468866 -97.497505 8.675374
28.094747 -95.550949 8.983389
51.278850 -85.773120 -3.667604
50.792577 -80.094836 -31.700653
50.546778 -80.092177 -32.097764
28.683652 -90.852708 -30.381468
19.760931 -97.828610 6.250490
5
-93.840924 -34.095324 -5.602659
-65.655044 -75.425325 -0.659882
-68.455920 -56.465815 -46.102047
-80.699949 -42.799261 -40.690802
-93.783546 -28.307767 -20.082751
7
76.381344 33.671185 55.064885
74.189967 41.658286 52.539851
82.365970 56.666227 2.187633
85.392084 52.040172 -0.111933
95.050034 30.725495 4.629786
96.855568 19.530132 15.413397
83.100752 25.328211 49.525212
8
-75.998258 44.706276 -47.176411
-51.581369 75.901301 -39.728514
-51.495441 76.582228 -38.514697
-55.901020 82.824258 -3.901048
-72.480854 66.553840 17.807646
-90.944034 38.727039 15.145930
-91.827897 37.153840 13.683180
-92.442527 36.464005 11.169406
7
0.938495 -56.771387 -82.317245
14.807552 -71.649276 -68.169771
47.960887 -69.529618 -53.529296
48.128263 -68.744157 -54.386682
32.156915 -30.178926 -89.750572
32.086141 -30.153781 -89.784347
5.348951 -51.808923 -85.365240
5
-93.056675 -33.729884 14.239037
-54.556131 -77.784578 31.195962
-60.922542 -79.226008 3.418120
-65.655044 -75.425325 -0.659882
-93.840924 -34.095324 -5.602659
5
-36.267110 -48.002697 -79.877642
-34.583601 -15.691671 -92.508086
-49.139595 1.201887 -87.085336
-51.949214 0.490436 -85.446116
-64.604492 -21.865778 -73.131029
6
-64.308419 -59.094174 -48.706324
-36.492481 -89.626106 -25.208333
-32.218814 -91.197433 -25.396380
-20.769302 -84.754043 -48.840438
-24.422479 -57.568527 -78.034654
-34.721853 -52.437030 -77.747995
7
50.792577 -80.094836 -31.700653
76.590345 -61.855054 -17.546263
84.793187 -48.672980 -21.001345
81.923097 -44.302728 -36.412560
74.959229 -46.950534 -46.655775
50.900789 -71.226385 -48.331271
50.546778 -80.092177 -32.097764
7
-80.699949 -42.799261 -40.690802
-68.455920 -56.465815 -46.102047
-64.308419 -59.094174 -48.706324
-34.721853 -52.437030 -77.747995
-36.267110 -48.002697 -79.877642
-64.604492 -21.865778 -73.131029
-73.126824 -20.960062 -64.908732
6
4.463138 99.203242 -11.781224
28.968296 90.447091 -31.307531
49.563869 82.191046 -28.072315
54.342668 82.715683 -14.317483
18.774213 98.212223 1.374136
10.972179 99.382952 -1.624869
7
-16.441534 -92.488815 34.285494
-33.661729 -88.095910 33.256558
-48.597167 -78.417969 38.586753
-48.970313 -71.716655 49.584572
-47.912981 -69.904931 53.081511
-4.896432 -65.024740 75.814300
1.439821 -82.961179 55.815496
4
-31.867345 94.153129 10.938953
-55.901020 82.824258 -3.901048
-51.495441 76.582228 -38.514697
-8.276387 98.446170 -15.487192
6
54.342668 82.715683 -14.317483
66.800520 74.357494 2.941697
39.265537 85.018479 35.072436
37.453984 85.643321 35.530558
31.688119 88.574227 33.918571
18.774213 98.212223 1.374136
4
-22.082713 -96.357674 -15.084843
-33.661729 -88.095910 33.256558
-16.441534 -92.488815 34.285494
2.928462 -97.496666 22.041420
4
-67.696961 -34.192535 65.176622
-61.493816 -8.400375 78.408828
-33.280449 -26.290682 90.560542
-52.296967 -50.410398 68.730044
7
48.503561 3.296625 87.387281
46.728846 1.442525 88.398722
35.253176 4.633309 93.465213
20.364780 50.616945 83.804538
31.833147 57.532234 75.343831
40.441633 54.491712 73.451532
55.305252 19.204119 81.071147
8
-32.218814 -91.197433 -25.396380
-36.492481 -89.626106 -25.208333
-60.922542 -79.226008 3.418120
-54.556131 -77.784578 31.195962
-48.597167 -78.417969 38.586753
-33.661729 -88.095910 33.256558
-22.082713 -96.357674 -15.084843
-22.176058 -95.901235 -17.640170
5
57.650004 59.445121 56.060277
39.265537 85.018479 35.072436
66.800520 74.357494 2.941697
70.060322 71.259603 3.690572
62.963178 56.140341 53.701958
7
50.546778 -80.092177 -32.097764
50.900789 -71.226385 -48.331271
47.960887 -69.529618 -53.529296
14.807552 -71.649276 -68.169771
10.456841 -81.990447 -56.286953
27.705826 -91.040905 -30.723619
28.683652 -90.852708 -30.381468
4
-41.264367 81.499941 40.681833
-39.716424 82.630086 39.935880
-10.330676 82.913185 54.942524
-33.415796 66.519216 66.772588
6
39.128941 69.820330 -59.950375
17.619157 75.358962 -63.329236
6.851116 59.576520 -80.023125
23.048545 47.939337 -84.679304
44.622349 48.345011 -75.310065
46.932869 49.583555 -73.066935
8
90.144019 -10.396569 -42.023413
93.047751 -1.706369 -36.595142
92.896730 1.201262 -36.996682
82.869811 19.974742 -52.283880
73.708723 25.973857 -62.388965
66.074672 11.631646 -74.154181
67.082528 -26.628047 -69.216195
68.918267 -27.151748 -67.179276
6
0.889652 77.579327 63.092445
-5.725568 83.877320 54.146219
0.021819 91.503476 40.337494
31.688119 88.574227 33.918571
37.453984 85.643321 35.530558
24.777752 70.623789 66.320008
6
-64.183074 3.327310 -76.612415
-51.949214 0.490436 -85.446116
-49.139595 1.201887 -87.085336
-40.466739 30.568519 -86.185896
-76.295235 40.799345 -50.144297
-78.153663 35.951502 -50.985238
6
93.047751 -1.706369 -36.595142
90.144019 -10.396569 -42.023413
81.923097 -44.302728 -36.412560
84.793187 -48.672980 -21.001345
94.769332 -31.798367 -2.763612
97.091756 -22.907719 -6.958975
5
2.928462 -97.496666 22.041420
-16.441534 -92.488815 34.285494
1.439821 -82.961179 55.815496
25.478689 -84.641794 46.761129
9.989594 -97.336381 20.635819
6
-12.517663 -8.070404 -98.884664
10.951971 -1.791878 -99.382310
14.828348 20.002142 -96.850578
13.040894 22.585817 -96.539194
-21.951340 38.853486 -89.490476
-14.898934 -7.650030 -98.587519
7
49.386278 8.015165 -86.583790
66.074672 11.631646 -74.154181
73.708723 25.973857 -62.388965
71.624575 30.881571 -62.579939
46.932869 49.583555 -73.066935
44.622349 48.345011 -75.310065
35.225034 20.329376 -91.355971
5
-64.604492 -21.865778 -73.131029
-51.949214 0.490436 -85.446116
-64.183074 3.327310 -76.612415
-75.469192 -7.630349 -65.162710
-73.126824 -20.960062 -64.908732
5
19.760931 -97.828610 6.250490
28.683652 -90.852708 -30.381468
27.705826 -91.040905 -30.723619
4.158139 -96.049687 -27.516675
-4.133773 -97.833665 -20.285114
5
72.187102 52.943997 -44.564061
50.463334 77.492167 -38.058060
39.128941 69.820330 -59.950375
46.932869 49.583555 -73.066935
71.624575 30.881571 -62.579939
5
-68.455920 -56.465815 -46.102047
-65.655044 -75.425325 -0.659882
-60.922542 -79.226008 3.418120
-36.492481 -89.626106 -25.208333
-64.308419 -59.094174 -48.706324
4
-83.486952 -25.281374 48.895614
-67.877278 4.680868 73.285501
-61.493816 -8.400375 78.408828
-67.696961 -34.192535 65.176622
6
23.048545 47.939337 -84.679304
6.851116 59.576520 -80.023125
-19.486951 50.204204 -84.260291
-22.579137 39.439093 -89.077160
-21.951340 38.853486 -89.490476
13.040894 22.585817 -96.539194
4
68.918267 -27.151748 -67.179276
74.959229 -46.950534 -46.655775
81.923097 -44.302728 -36.412560
90.144019 -10.396569 -42.023413
6
-0.421848 90.902086 -41.672926
-3.207306 98.589598 -16.425722
-8.276387 98.446170 -15.487192
-51.495441 76.582228 -38.514697
-51.581369 75.901301 -39.728514
-33.227229 76.359128 -55.364563
6
97.091756 -22.907719 -6.958975
94.769332 -31.798367 -2.763612
93.222005 -35.268219 8.112365
93.810603 -30.071348 17.183851
95.583880 -3.177931 29.216819
97.274999 17.031316 15.732415
5
83.100752 25.328211 49.525212
83.543512 -1.174655 54.946354
48.503561 3.296625 87.387281
55.305252 19.204119 81.071147
76.381344 33.671185 55.064885
6
83.100752 25.328211 49.525212
96.855568 19.530132 15.413397
97.274999 17.031316 15.732415
95.583880 -3.177931 29.216819
86.032348 -10.374127 49.908042
83.543512 -1.174655 54.946354
5
71.651908 -68.220107 14.560939
76.590345 -61.855054 -17.546263
50.792577 -80.094836 -31.700653
51.278850 -85.773120 -3.667604
64.318468 -75.044823 15.212141
6
-93.783546 -28.307767 -20.082751
-80.699949 -42.799261 -40.690802
-73.126824 -20.960062 -64.908732
-75.469192 -7.630349 -65.162710
-87.931619 10.653968 -46.416844
-96.143925 -15.297992 -22.854257
5
10.972179 99.382952 -1.624869
18.774213 98.212223 1.374136
31.688119 88.574227 33.918571
0.021819 91.503476 40.337494
-8.457449 95.820439 27.329746
5
-3.207306 98.589598 -16.425722
-0.421848 90.902086 -41.672926
9.634672 87.977341 -46.552772
28.968296 90.447091 -31.307531
4.463138 99.203242 -11.781224
5
-0.421848 90.902086 -41.672926
-33.227229 76.359128 -55.364563
-29.925484 73.811668 -60.467372
17.348820 75.583812 -63.135614
9.634672 87.977341 -46.552772
7
9.989594 -97.336381 20.635819
20.468866 -97.497505 8.675374
19.760931 -97.828610 6.250490
-4.133773 -97.833665 -20.285114
-22.176058 -95.901235 -17.640170
-22.082713 -96.357674 -15.084843
2.928462 -97.496666 22.041420
6
-91.781623 -24.157865 31.504465
-88.249601 -26.486010 38.865141
-48.970313 -71.716655 49.584572
-48.597167 -78.417969 38.586753
-54.556131 -77.784578 31.195962
-93.056675 -33.729884 14.239037
7
-33.415796 66.519216 66.772588
-10.330676 82.913185 54.942524
-5.725568 83.877320 54.146219
0.889652 77.579327 63.092445
-3.952513 64.018896 76.720001
-32.646338 55.320906 76.640811
-38.066873 55.801484 73.736745
6
-21.951340 38.853486 -89.490476
-22.579137 39.439093 -89.077160
-40.466739 30.568519 -86.185896
-49.139595 1.201887 -87.085336
-34.583601 -15.691671 -92.508086
-14.898934 -7.650030 -98.587519
6
-32.218814 -91.197433 -25.396380
-22.176058 -95.901235 -17.640170
-4.133773 -97.833665 -20.285114
4.158139 -96.049687 -27.516675
1.146552 -86.918475 -49.435455
-20.769302 -84.754043 -48.840438
5
-55.522725 52.843801 64.224292
-76.315555 31.964401 56.162382
-90.944034 38.727039 15.145930
-72.480854 66.553840 17.807646
-60.607902 70.275323 37.256692
9
82.365970 56.666227 2.187633
70.060322 71.259603 3.690572
66.800520 74.357494 2.941697
54.342668 82.715683 -14.317483
49.563869 82.191046 -28.072315
50.463334 77.492167 -38.058060
72.187102 52.943997 -44.564061
85.583193 51.302889 -6.597772
85.392084 52.040172 -0.111933
7
-67.916632 6.387622 73.119966
-74.678988 15.388183 64.701257
-76.315555 31.964401 56.162382
-55.522725 52.843801 64.224292
-43.152653 52.795052 73.147324
-44.665990 39.022092 80.512270
-54.806404 15.919871 82.114650
8
-76.295235 40.799345 -50.144297
-40.466739 30.568519 -86.185896
-22.579137 39.439093 -89.077160
-19.486951 50.204204 -84.260291
-29.925484 73.811668 -60.467372
-33.227229 76.359128 -55.364563
-51.581369 75.901301 -39.728514
-75.998258 44.706276 -47.176411
6
1.146552 -86.918475 -49.435455
10.456841 -81.990447 -56.286953
14.807552 -71.649276 -68.169771
0.938495 -56.771387 -82.317245
-24.422479 -57.568527 -78.034654
-20.769302 -84.754043 -48.840438
6
-83.486952 -25.281374 48.895614
-67.696961 -34.192535 65.176622
-52.296967 -50.410398 68.730044
-47.912981 -69.904931 53.081511
-48.970313 -71.716655 49.584572
-88.249601 -26.486010 38.865141
7
-88.249601 -26.486010 38.865141
-91.781623 -24.157865 31.504465
-94.121892 -5.853208 33.268745
-74.678988 15.388183 64.701257
-67.916632 6.387622 73.119966
-67.877278 4.680868 73.285501
-83.486952 -25.281374 48.895614
7
31.580654 -26.390654 -91.138333
32.086141 -30.153781 -89.784347
32.156915 -30.178926 -89.750572
62.593347 -29.346490 -72.255494
67.082528 -26.628047 -69.216195
66.074672 11.631646 -74.154181
49.386278 8.015165 -86.583790
6
-1.377242 -45.894313 88.835890
-10.678387 -32.021604 94.130702
21.739832 3.858748 97.531993
35.253176 4.633309 93.465213
46.728846 1.442525 88.398722
51.238097 -31.203353 80.006301
5
64.318468 -75.044823 15.212141
51.278850 -85.773120 -3.667604
28.094747 -95.550949 8.983389
44.591353 -83.909485 31.157817
55.160298 -78.586192 27.956250
5
14.828348 20.002142 -96.850578
35.225034 20.329376 -91.355971
44.622349 48.345011 -75.310065
23.048545 47.939337 -84.679304
13.040894 22.585817 -96.539194
6
-55.522725 52.843801 64.224292
-60.607902 70.275323 37.256692
-41.264367 81.499941 40.681833
-33.415796 66.519216 66.772588
-38.066873 55.801484 73.736745
-43.152653 52.795052 73.147324
5
55.160298 -78.586192 27.956250
44.591353 -83.909485 31.157817
28.884579 -82.988147 47.735193
36.789682 -68.152247 63.259707
56.595929 -51.115645 64.684555
4
-75.469192 -7.630349 -65.162710
-64.183074 3.327310 -76.612415
-78.153663 35.951502 -50.985238
-87.931619 10.653968 -46.416844
6
56.595929 -51.115645 64.684555
36.789682 -68.152247 63.259707
-1.362790 -60.871469 79.327215
-1.377242 -45.894313 88.835890
51.238097 -31.203353 80.006301
59.958154 -45.268088 65.998636
6
36.789682 -68.152247 63.259707
28.884579 -82.988147 47.735193
25.478689 -84.641794 46.761129
1.439821 -82.961179 55.815496
-4.896432 -65.024740 75.814300
-1.362790 -60.871469 79.327215
4
8.605985 49.431312 86.501344
-5.794537 33.218224 94.143364
-32.646338 55.320906 76.640811
-3.952513 64.018896 76.720001
6
78.983101 -57.718633 20.741967
93.222005 -35.268219 8.112365
94.769332 -31.798367 -2.763612
84.793187 -48.672980 -21.001345
76.590345 -61.855054 -17.546263
71.651908 -68.220107 14.560939
7
59.958154 -45.268088 65.998636
67.493008 -43.197227 59.822183
78.983101 -57.718633 20.741967
71.651908 -68.220107 14.560939
64.318468 -75.044823 15.212141
55.160298 -78.586192 27.956250
56.595929 -51.115645 64.684555
5
-19.486951 50.204204 -84.260291
6.851116 59.576520 -80.023125
17.619157 75.358962 -63.329236
17.348820 75.583812 -63.135614
-29.925484 73.811668 -60.467372
5
95.050034 30.725495 4.629786
85.392084 52.040172 -0.111933
85.583193 51.302889 -6.597772
82.869811 19.974742 -52.283880
92.896730 1.201262 -36.996682
5
82.869811 19.974742 -52.283880
85.583193 51.302889 -6.597772
72.187102 52.943997 -44.564061
71.624575 30.881571 -62.579939
73.708723 25.973857 -62.388965
6
-28.124155 6.078081 95.771023
-20.035171 17.392405 96.416265
-6.514555 25.165730 96.562139
21.739832 3.858748 97.531993
-10.678387 -32.021604 94.130702
-27.531845 -24.759242 92.892289
6
9.989594 -97.336381 20.635819
25.478689 -84.641794 46.761129
28.884579 -82.988147 47.735193
44.591353 -83.909485 31.157817
28.094747 -95.550949 8.983389
20.468866 -97.497505 8.675374
6
-96.143925 -15.297992 -22.854257
-87.931619 10.653968 -46.416844
-78.153663 35.951502 -50.985238
-76.295235 40.799345 -50.144297
-75.998258 44.706276 -47.176411
-92.442527 36.464005 11.169406
7
-31.867345 94.153129 10.938953
-8.276387 98.446170 -15.487192
-3.207306 98.589598 -16.425722
4.463138 99.203242 -11.781224
10.972179 99.382952 -1.624869
-8.457449 95.820439 27.329746
-28.075207 94.222315 18.273974
5
10.951971 -1.791878 -99.382310
-12.517663 -8.070404 -98.884664
5.348951 -51.808923 -85.365240
32.086141 -30.153781 -89.784347
31.580654 -26.390654 -91.138333
8
59.958154 -45.268088 65.998636
51.238097 -31.203353 80.006301
46.728846 1.442525 88.398722
48.503561 3.296625 87.387281
83.543512 -1.174655 54.946354
86.032348 -10.374127 49.908042
81.372571 -27.404362 51.259200
67.493008 -43.197227 59.822183
7
-20.035171 17.392405 96.416265
-44.665990 39.022092 80.512270
-43.152653 52.795052 73.147324
-38.066873 55.801484 73.736745
-32.646338 55.320906 76.640811
-5.794537 33.218224 94.143364
-6.514555 25.165730 96.562139
7
-67.916632 6.387622 73.119966
-54.806404 15.919871 82.114650
-28.124155 6.078081 95.771023
-27.531845 -24.759242 92.892289
-33.280449 -26.290682 90.560542
-61.493816 -8.400375 78.408828
-67.877278 4.680868 73.285501
4
74.189967 41.658286 52.539851
62.963178 56.140341 53.701958
70.060322 71.259603 3.690572
82.365970 56.666227 2.187633
8
-34.721853 -52.437030 -77.747995
-24.422479 -57.568527 -78.034654
0.938495 -56.771387 -82.317245
5.348951 -51.808923 -85.365240
-12.517663 -8.070404 -98.884664
-14.898934 -7.650030 -98.587519
-34.583601 -15.691671 -92.508086
-36.267110 -48.002697 -79.877642
6
-3.952513 64.018896 76.720001
0.889652 77.579327 63.092445
24.777752 70.623789 66.320008
31.833147 57.532234 75.343831
20.364780 50.616945 83.804538
8.605985 49.431312 86.501344
7
48.128263 -68.744157 -54.386682
47.960887 -69.529618 -53.529296
50.900789 -71.226385 -48.331271
74.959229 -46.950534 -46.655775
68.918267 -27.151748 -67.179276
67.082528 -26.628047 -69.216195
62.593347 -29.346490 -72.255494
6
93.047751 -1.706369 -36.595142
97.091756 -22.907719 -6.958975
97.274999 17.031316 15.732415
96.855568 19.530132 15.413397
95.050034 30.725495 4.629786
92.896730 1.201262 -36.996682
8
-1.362790 -60.871469 79.327215
-4.896432 -65.024740 75.814300
-47.912981 -69.904931 53.081511
-52.296967 -50.410398 68.730044
-33.280449 -26.290682 90.560542
-27.531845 -24.759242 92.892289
-10.678387 -32.021604 94.130702
-1.377242 -45.894313 88.835890
5
49.386278 8.015165 -86.583790
35.225034 20.329376 -91.355971
14.828348 20.002142 -96.850578
10.951971 -1.791878 -99.382310
31.580654 -26.390654 -91.138333
4
86.032348 -10.374127 49.908042
95.583880 -3.177931 29.216819
93.810603 -30.071348 17.183851
81.372571 -27.404362 51.259200
4
4.158139 -96.049687 -27.516675
27.705826 -91.040905 -30.723619
10.456841 -81.990447 -56.286953
1.146552 -86.918475 -49.435455
5
-94.121892 -5.853208 33.268745
-91.827897 37.153840 13.683180
-90.944034 38.727039 15.145930
-76.315555 31.964401 56.162382
-74.678988 15.388183 64.701257
8
-96.143925 -15.297992 -22.854257
-92.442527 36.464005 11.169406
-91.827897 37.153840 13.683180
-94.121892 -5.853208 33.268745
-91.781623 -24.157865 31.504465
-93.056675 -33.729884 14.239037
-93.840924 -34.095324 -5.602659
-93.783546 -28.307767 -20.082751
6
40.441633 54.491712 73.451532
31.833147 57.532234 75.343831
24.777752 70.623789 66.320008
37.453984 85.643321 35.530558
39.265537 85.018479 35.072436
57.650004 59.445121 56.060277
7
-28.075207 94.222315 18.273974
-39.716424 82.630086 39.935880
-41.264367 81.499941 40.681833
-60.607902 70.275323 37.256692
-72.480854 66.553840 17.807646
-55.901020 82.824258 -3.901048
-31.867345 94.153129 10.938953
7
50.463334 77.492167 -38.058060
49.563869 82.191046 -28.072315
28.968296 90.447091 -31.307531
9.634672 87.977341 -46.552772
17.348820 75.583812 -63.135614
17.619157 75.358962 -63.329236
39.128941 69.820330 -59.950375
3
32.156915 -30.178926 -89.750572
48.128263 -68.744157 -54.386682
62.593347 -29.346490 -72.255494
5
67.493008 -43.197227 59.822183
81.372571 -27.404362 51.259200
93.810603 -30.071348 17.183851
93.222005 -35.268219 8.112365
78.983101 -57.718633 20.741967
6
-8.457449 95.820439 27.329746
0.021819 91.503476 40.337494
-5.725568 83.877320 54.146219
-10.330676 82.913185 54.942524
-39.716424 82.630086 39.935880
-28.075207 94.222315 18.273974
4
-28.124155 6.078081 95.771023
-54.806404 15.919871 82.114650
-44.665990 39.022092 80.512270
-20.035171 17.392405 96.416265
