100
6
-73.445485 66.475475 -13.666456
-73.160140 66.279507 -15.956843
-36.673866 83.584236 -40.849762
-23.114008 94.012043 -25.049518
-40.148445 91.411870 5.654417
-53.262358 83.672119 12.731762
7
64.397659 -75.373382 13.107051
59.998242 -79.964669 2.421286
10.539443 -99.389760 -3.255099
5.816415 -99.830454 0.223051
33.036673 -87.322148 35.824863
41.507111 -82.219046 38.951101
62.272268 -75.276902 21.343680
4
-65.776539 36.869120 -65.681922
-58.836441 56.955447 -57.396431
-74.112114 61.837236 -26.144805
-85.838646 27.761620 -43.139533
6
78.227976 -14.922160 -60.479029
74.932698 21.492439 -62.635181
53.385745 34.993877 -76.976560
44.581392 29.714641 -84.436601
53.967146 -3.523082 -84.113822
64.683764 -15.611721 -74.647739
4
29.832763 31.363139 -90.146324
9.215013 63.555424 -76.653712
-21.870480 53.829501 -81.388371
-2.377441 30.884113 -95.081646
7
29.832763 31.363139 -90.146324
-2.377441 30.884113 -95.081646
-21.820956 4.978705 -97.463113
0.484608 -10.202673 -99.476985
11.813932 -11.680477 -98.610331
12.421054 -11.365159 -98.572565
31.944200 29.832724 -89.942074
6
-91.519066 40.175662 3.190098
-73.445485 66.475475 -13.666456
-53.262358 83.672119 12.731762
-52.464283 76.821968 36.686296
-81.252544 38.587155 43.692741
-93.050708 34.209202 13.088019
7
12.168361 -30.911236 -94.320870
35.548437 -53.085819 -76.929867
41.518839 -51.327931 -75.110782
45.343165 -38.096473 -80.577020
32.601679 -18.039894 -92.799207
12.421054 -11.365159 -98.572565
11.813932 -11.680477 -98.610331
5
-68.481364 -50.230346 52.794083
-82.005602 -18.307746 54.220916
-73.309803 -10.981322 67.119918
-64.726767 -11.288945 75.385710
-46.527418 -52.262487 71.441107
6
41.518839 -51.327931 -75.110782
35.548437 -53.085819 -76.929867
20.194872 -61.807928 -75.973332
18.501861 -65.243798 -73.491006
20.143761 -86.448103 -46.053820
58.137865 -60.970134 -53.876075
6
18.707821 83.209472 -52.213037
54.581175 52.012778 -65.692970
70.538022 60.789657 -36.455521
70.650693 61.715613 -34.636147
29.303869 88.596932 -35.942550
18.151950 84.499755 -50.302069
7
-52.464283 76.821968 36.686296
-49.628429 76.935591 40.223549
-39.555647 61.437828 68.269642
-47.555410 42.523336 77.008109
-78.814229 32.503866 52.266778
-80.026673 32.593798 50.332653
-81.252544 38.587155 43.692741
5
16.761197 84.908191 -50.096521
-17.447240 94.970377 -26.004256
-23.114008 94.012043 -25.049518
-36.673866 83.584236 -40.849762
-33.958799 72.542746 -59.869441
5
12.421054 -11.365159 -98.572565
32.601679 -18.039894 -92.799207
53.967146 -3.523082 -84.113822
44.581392 29.714641 -84.436601
31.944200 29.832724 -89.942074
4
63.752089 -40.520074 65.527054
80.693662 -30.225710 50.743860
81.214167 -45.112229 37.001970
65.590812 -70.919657 25.850484
6
-21.035651 -75.710188 -61.850375
-13.754340 -70.092692 -69.984517
-15.075993 -65.235318 -74.276967
-27.439443 -57.437306 -77.123491
-43.134821 -64.220708 -63.364721
-40.547221 -70.513066 -58.170701
7
-92.307598 7.852518 -37.651632
-92.565761 6.943657 -37.193622
-87.650708 -30.831031 -36.970270
-82.870826 -36.200088 -42.684657
-67.056595 -30.425469 -67.658731
-66.403961 -18.737687 -72.383790
-69.658883 1.047077 -71.739415
7
-49.628429 76.935591 40.223549
-4.340987 88.101899 47.108504
-1.680740 87.202862 48.916622
-0.875530 72.682503 68.676687
-9.268852 66.851904 73.789643
-19.540545 63.187205 75.003628
-39.555647 61.437828 68.269642
7
-64.726767 -11.288945 75.385710
-73.309803 -10.981322 67.119918
-82.364406 24.979453 50.912980
-80.026673 32.593798 50.332653
-78.814229 32.503866 52.266778
-61.020173 10.343157 78.546532
-58.959651 -3.341427 80.700647
5
81.214167 -45.112229 37.001970
80.693662 -30.225710 50.743860
84.721989 -15.242980 50.890433
94.447128 -21.527272 24.825725
93.552421 -26.461793 23.403375
6
-44.802410 20.054184 -87.123899
-29.396129 5.467632 -95.425220
-21.820956 4.978705 -97.463113
-2.377441 30.884113 -95.081646
-21.870480 53.829501 -81.388371
-25.675788 53.873774 -80.239457
6
62.873732 52.814556 57.074658
60.860203 52.132874 59.818050
26.887471 54.152473 79.652832
22.792378 62.681307 74.508800
38.311084 77.215751 50.695055
46.508767 75.831208 45.678906
7
-37.990816 -16.053525 -91.098750
-31.999957 -38.876905 -86.397853
-31.894975 -38.942588 -86.407091
-20.408975 -37.927382 -90.249584
0.484608 -10.202673 -99.476985
-21.820956 4.978705 -97.463113
-29.396129 5.467632 -95.425220
8
18.151950 84.499755 -50.302069
16.761197 84.908191 -50.096521
-33.958799 72.542746 -59.869441
-36.717866 66.948211 -64.573488
-25.675788 53.873774 -80.239457
-21.870480 53.829501 -81.388371
9.215013 63.555424 -76.653712
18.707821 83.209472 -52.213037
6
-3.751071 -73.956513 -67.203896
-13.754340 -70.092692 -69.984517
-21.035651 -75.710188 -61.850375
-17.270937 -86.197944 -47.661611
-0.980964 -90.826075 -41.828959
7.124176 -89.340460 -44.356829
5
67.174144 18.584197 71.709567
47.942525 29.351184 82.704427
60.860203 52.132874 59.818050
62.873732 52.814556 57.074658
71.011482 46.636901 52.748165
7
82.380988 -2.899502 56.612417
84.721989 -15.242980 50.890433
80.693662 -30.225710 50.743860
63.752089 -40.520074 65.527054
61.260926 -39.604041 68.400430
51.756408 -16.085216 84.038920
71.989833 -1.081872 69.399521
5
-68.899661 -62.641943 -36.453035
-53.077285 -54.999131 -64.481760
-56.736913 -41.302381 -71.239287
-67.056595 -30.425469 -67.658731
-82.870826 -36.200088 -42.684657
6
-33.958799 72.542746 -59.869441
-36.673866 83.584236 -40.849762
-73.160140 66.279507 -15.956843
-74.112114 61.837236 -26.144805
-58.836441 56.955447 -57.396431
-36.717866 66.948211 -64.573488
5
-35.209030 -85.015575 -39.149408
-17.270937 -86.197944 -47.661611
-21.035651 -75.710188 -61.850375
-40.547221 -70.513066 -58.170701
-44.302989 -77.231464 -45.525226
7
-92.996872 -29.510436 21.925234
-86.630197 -16.632611 47.101648
-82.005602 -18.307746 54.220916
-68.481364 -50.230346 52.794083
-77.389767 -56.683268 28.245903
-82.507145 -54.669297 14.277221
-88.957111 -44.191592 11.564412
8
-88.957111 -44.191592 11.564412
-82.507145 -54.669297 14.277221
-66.254636 -74.851171 -2.761424
-66.608334 -67.179495 -32.407489
-68.899661 -62.641943 -36.453035
-82.870826 -36.200088 -42.684657
-87.650708 -30.831031 -36.970270
-92.612209 -37.715012 -0.746041
6
92.176187 -37.922051 8.091260
97.534441 -14.203630 -16.890523
93.884218 -16.937392 -29.981301
86.041217 -28.345933 -42.348755
85.476891 -30.219532 -42.195746
76.044561 -64.732828 5.185138
5
83.319403 26.704582 -48.422540
70.538022 60.789657 -36.455521
54.581175 52.012778 -65.692970
53.385745 34.993877 -76.976560
74.932698 21.492439 -62.635181
4
9.221229 -70.223560 70.594763
22.224506 -38.896653 89.404260
46.385792 -56.714002 68.057918
37.700418 -79.062032 48.248043
7
-98.856145 8.673138 12.338530
-93.050708 34.209202 13.088019
-81.252544 38.587155 43.692741
-80.026673 32.593798 50.332653
-82.364406 24.979453 50.912980
-90.578974 3.416193 42.234809
-98.504700 3.397943 16.890174
8
-11.363355 -99.345705 1.142351
5.816415 -99.830454 0.223051
10.539443 -99.389760 -3.255099
24.199723 -91.763918 -31.523909
17.767942 -88.382812 -43.275615
7.124176 -89.340460 -44.356829
-0.980964 -90.826075 -41.828959
-18.926230 -97.971657 -6.584250
5
-3.751071 -73.956513 -67.203896
7.124176 -89.340460 -44.356829
17.767942 -88.382812 -43.275615
20.143761 -86.448103 -46.053820
18.501861 -65.243798 -73.491006
5
98.267068 -7.676017 16.871934
94.447128 -21.527272 24.825725
84.721989 -15.242980 50.890433
82.380988 -2.899502 56.612417
91.585052 21.689272 33.789847
7
-99.607036 -1.323691 -8.757070
-92.565761 6.943657 -37.193622
-92.307598 7.852518 -37.651632
-92.269344 8.856953 -37.522293
-91.519066 40.175662 3.190098
-93.050708 34.209202 13.088019
-98.856145 8.673138 12.338530
6
-66.254636 -74.851171 -2.761424
-57.071089 -82.113615 -0.495039
-33.424366 -93.713141 -10.032897
-35.209030 -85.015575 -39.149408
-44.302989 -77.231464 -45.525226
-66.608334 -67.179495 -32.407489
5
-86.630197 -16.632611 47.101648
-90.578974 3.416193 42.234809
-82.364406 24.979453 50.912980
-73.309803 -10.981322 67.119918
-82.005602 -18.307746 54.220916
4
-47.555410 42.523336 77.008109
-45.197612 36.849378 81.236071
-61.020173 10.343157 78.546532
-78.814229 32.503866 52.266778
6
-37.333076 -56.554256 73.538137
-27.342270 -70.236772 65.720592
-37.064718 -82.143134 43.344114
-77.389767 -56.683268 28.245903
-68.481364 -50.230346 52.794083
-46.527418 -52.262487 71.441107
7
88.497189 37.132278 28.097002
71.011482 46.636901 52.748165
62.873732 52.814556 57.074658
46.508767 75.831208 45.678906
50.520959 83.538539 21.655144
50.696143 83.474157 21.493397
88.607181 44.781914 11.972788
6
-0.823106 99.483801 10.114139
22.511861 94.299249 24.512605
9.123976 88.364009 45.919005
-1.680740 87.202862 48.916622
-4.340987 88.101899 47.108504
-7.916676 98.556266 14.966250
4
-92.612209 -37.715012 -0.746041
-87.650708 -30.831031 -36.970270
-92.565761 6.943657 -37.193622
-99.607036 -1.323691 -8.757070
5
-56.736913 -41.302381 -71.239287
-31.999957 -38.876905 -86.397853
-37.990816 -16.053525 -91.098750
-66.403961 -18.737687 -72.383790
-67.056595 -30.425469 -67.658731
5
-0.749510 -49.411090 -86.936658
0.281936 -53.008115 -84.794223
20.194872 -61.807928 -75.973332
35.548437 -53.085819 -76.929867
12.168361 -30.911236 -94.320870
6
-39.555647 61.437828 68.269642
-19.540545 63.187205 75.003628
-16.497157 27.774902 94.638251
-33.056566 29.645393 89.601418
-45.197612 36.849378 81.236071
-47.555410 42.523336 77.008109
6
58.137865 -60.970134 -53.876075
20.143761 -86.448103 -46.053820
17.767942 -88.382812 -43.275615
24.199723 -91.763918 -31.523909
56.749207 -81.726265 -10.017242
58.743752 -60.856778 -53.344392
6
91.585052 21.689272 33.789847
82.380988 -2.899502 56.612417
71.989833 -1.081872 69.399521
67.174144 18.584197 71.709567
71.011482 46.636901 52.748165
88.497189 37.132278 28.097002
6
26.887471 54.152473 79.652832
22.790710 31.568178 92.108814
8.727215 27.867894 95.641080
-9.268852 66.851904 73.789643
-0.875530 72.682503 68.676687
22.792378 62.681307 74.508800
4
56.749207 -81.726265 -10.017242
24.199723 -91.763918 -31.523909
10.539443 -99.389760 -3.255099
59.998242 -79.964669 2.421286
6
-7.916676 98.556266 14.966250
-4.340987 88.101899 47.108504
-49.628429 76.935591 40.223549
-52.464283 76.821968 36.686296
-53.262358 83.672119 12.731762
-40.148445 91.411870 5.654417
5
88.607181 44.781914 11.972788
50.696143 83.474157 21.493397
54.513918 83.561474 -6.761120
76.244150 61.296409 -20.726307
89.672792 44.204581 2.178388
6
71.989833 -1.081872 69.399521
51.756408 -16.085216 84.038920
48.085341 -15.662835 86.269783
32.342865 26.033965 90.973467
47.942525 29.351184 82.704427
67.174144 18.584197 71.709567
6
9.221229 -70.223560 70.594763
37.700418 -79.062032 48.248043
41.507111 -82.219046 38.951101
33.036673 -87.322148 35.824863
1.217115 -93.316343 35.924627
-20.988578 -72.240803 65.884337
4
64.683764 -15.611721 -74.647739
53.967146 -3.523082 -84.113822
32.601679 -18.039894 -92.799207
45.343165 -38.096473 -80.577020
6
-47.737294 -3.015648 87.818316
-33.056566 29.645393 89.601418
-16.497157 27.774902 94.638251
-3.214229 20.399112 97.844494
-9.289679 -16.709909 98.155391
-12.468054 -18.301351 97.517220
5
-9.268852 66.851904 73.789643
8.727215 27.867894 95.641080
-3.214229 20.399112 97.844494
-16.497157 27.774902 94.638251
-19.540545 63.187205 75.003628
6
86.041217 -28.345933 -42.348755
93.884218 -16.937392 -29.981301
90.907279 22.053181 -35.348605
83.319403 26.704582 -48.422540
74.932698 21.492439 -62.635181
78.227976 -14.922160 -60.479029
7
29.303869 88.596932 -35.942550
30.306792 90.499714 -29.854651
21.528771 97.227623 -9.126958
5.161758 99.850399 -1.803922
-17.447240 94.970377 -26.004256
16.761197 84.908191 -50.096521
18.151950 84.499755 -50.302069
6
-18.926230 -97.971657 -6.584250
-33.424366 -93.713141 -10.032897
-57.071089 -82.113615 -0.495039
-37.038151 -83.965232 39.724239
-13.213155 -97.582780 17.407287
-11.363355 -99.345705 1.142351
5
0.484608 -10.202673 -99.476985
-20.408975 -37.927382 -90.249584
-0.749510 -49.411090 -86.936658
12.168361 -30.911236 -94.320870
11.813932 -11.680477 -98.610331
8
78.227976 -14.922160 -60.479029
64.683764 -15.611721 -74.647739
45.343165 -38.096473 -80.577020
41.518839 -51.327931 -75.110782
58.137865 -60.970134 -53.876075
58.743752 -60.856778 -53.344392
85.476891 -30.219532 -42.195746
86.041217 -28.345933 -42.348755
6
48.085341 -15.662835 86.269783
51.756408 -16.085216 84.038920
61.260926 -39.604041 68.400430
46.385792 -56.714002 68.057918
22.224506 -38.896653 89.404260
21.961045 -31.137808 92.456203
7
89.672792 44.204581 2.178388
76.244150 61.296409 -20.726307
70.650693 61.715613 -34.636147
70.538022 60.789657 -36.455521
83.319403 26.704582 -48.422540
90.907279 22.053181 -35.348605
90.045058 43.469629 1.509591
6
-37.064718 -82.143134 43.344114
-37.038151 -83.965232 39.724239
-57.071089 -82.113615 -0.495039
-66.254636 -74.851171 -2.761424
-82.507145 -54.669297 14.277221
-77.389767 -56.683268 28.245903
6
-92.269344 8.856953 -37.522293
-85.838646 27.761620 -43.139533
-74.112114 61.837236 -26.144805
-73.160140 66.279507 -15.956843
-73.445485 66.475475 -13.666456
-91.519066 40.175662 3.190098
6
99.205487 -8.358488 -9.402504
97.534441 -14.203630 -16.890523
92.176187 -37.922051 8.091260
93.552421 -26.461793 23.403375
94.447128 -21.527272 24.825725
98.267068 -7.676017 16.871934
6
1.217115 -93.316343 35.924627
-13.213155 -97.582780 17.407287
-37.038151 -83.965232 39.724239
-37.064718 -82.143134 43.344114
-27.342270 -70.236772 65.720592
-20.988578 -72.240803 65.884337
7
92.176187 -37.922051 8.091260
76.044561 -64.732828 5.185138
64.397659 -75.373382 13.107051
62.272268 -75.276902 21.343680
65.590812 -70.919657 25.850484
81.214167 -45.112229 37.001970
93.552421 -26.461793 23.403375
6
38.311084 77.215751 50.695055
9.123976 88.364009 45.919005
22.511861 94.299249 24.512605
36.719220 91.280882 17.874547
50.520959 83.538539 21.655144
46.508767 75.831208 45.678906
6
0.281936 -53.008115 -84.794223
-0.749510 -49.411090 -86.936658
-20.408975 -37.927382 -90.249584
-31.894975 -38.942588 -86.407091
-27.439443 -57.437306 -77.123491
-15.075993 -65.235318 -74.276967
6
-23.114008 94.012043 -25.049518
-17.447240 94.970377 -26.004256
5.161758 99.850399 -1.803922
-0.823106 99.483801 10.114139
-7.916676 98.556266 14.966250
-40.148445 91.411870 5.654417
7
89.672792 44.204581 2.178388
90.045058 43.469629 1.509591
99.205487 -8.358488 -9.402504
98.267068 -7.676017 16.871934
91.585052 21.689272 33.789847
88.497189 37.132278 28.097002
88.607181 44.781914 11.972788
5
-33.424366 -93.713141 -10.032897
-18.926230 -97.971657 -6.584250
-0.980964 -90.826075 -41.828959
-17.270937 -86.197944 -47.661611
-35.209030 -85.015575 -39.149408
6
-65.776539 36.869120 -65.681922
-56.538014 18.951987 -80.276243
-44.802410 20.054184 -87.123899
-25.675788 53.873774 -80.239457
-36.717866 66.948211 -64.573488
-58.836441 56.955447 -57.396431
5
60.860203 52.132874 59.818050
47.942525 29.351184 82.704427
32.342865 26.033965 90.973467
22.790710 31.568178 92.108814
26.887471 54.152473 79.652832
7
18.707821 83.209472 -52.213037
9.215013 63.555424 -76.653712
29.832763 31.363139 -90.146324
31.944200 29.832724 -89.942074
44.581392 29.714641 -84.436601
53.385745 34.993877 -76.976560
54.581175 52.012778 -65.692970
5
70.650693 61.715613 -34.636147
76.244150 61.296409 -20.726307
54.513918 83.561474 -6.761120
30.306792 90.499714 -29.854651
29.303869 88.596932 -35.942550
6
50.696143 83.474157 21.493397
50.520959 83.538539 21.655144
36.719220 91.280882 17.874547
21.528771 97.227623 -9.126958
30.306792 90.499714 -29.854651
54.513918 83.561474 -6.761120
6
-53.077285 -54.999131 -64.481760
-43.134821 -64.220708 -63.364721
-27.439443 -57.437306 -77.123491
-31.894975 -38.942588 -86.407091
-31.999957 -38.876905 -86.397853
-56.736913 -41.302381 -71.239287
8
-37.333076 -56.554256 73.538137
-12.468054 -18.301351 97.517220
-9.289679 -16.709909 98.155391
21.961045 -31.137808 92.456203
22.224506 -38.896653 89.404260
9.221229 -70.223560 70.594763
-20.988578 -72.240803 65.884337
-27.342270 -70.236772 65.720592
6
-69.658883 1.047077 -71.739415
-66.403961 -18.737687 -72.383790
-37.990816 -16.053525 -91.098750
-29.396129 5.467632 -95.425220
-44.802410 20.054184 -87.123899
-56.538014 18.951987 -80.276243
7
48.085341 -15.662835 86.269783
21.961045 -31.137808 92.456203
-9.289679 -16.709909 98.155391
-3.214229 20.399112 97.844494
8.727215 27.867894 95.641080
22.790710 31.568178 92.108814
32.342865 26.033965 90.973467
5
90.045058 43.469629 1.509591
90.907279 22.053181 -35.348605
93.884218 -16.937392 -29.981301
97.534441 -14.203630 -16.890523
99.205487 -8.358488 -9.402504
5
-33.056566 29.645393 89.601418
-47.737294 -3.015648 87.818316
-58.959651 -3.341427 80.700647
-61.020173 10.343157 78.546532
-45.197612 36.849378 81.236071
6
18.501861 -65.243798 -73.491006
20.194872 -61.807928 -75.973332
0.281936 -53.008115 -84.794223
-15.075993 -65.235318 -74.276967
-13.754340 -70.092692 -69.984517
-3.751071 -73.956513 -67.203896
6
-44.302989 -77.231464 -45.525226
-40.547221 -70.513066 -58.170701
-43.134821 -64.220708 -63.364721
-53.077285 -54.999131 -64.481760
-68.899661 -62.641943 -36.453035
-66.608334 -67.179495 -32.407489
5
22.511861 94.299249 24.512605
-0.823106 99.483801 10.114139
5.161758 99.850399 -1.803922
21.528771 97.227623 -9.126958
36.719220 91.280882 17.874547
6
-46.527418 -52.262487 71.441107
-64.726767 -11.288945 75.385710
-58.959651 -3.341427 80.700647
-47.737294 -3.015648 87.818316
-12.468054 -18.301351 97.517220
-37.333076 -56.554256 73.538137
4
-92.996872 -29.510436 21.925234
-98.504700 3.397943 16.890174
-90.578974 3.416193 42.234809
-86.630197 -16.632611 47.101648
5
22.792378 62.681307 74.508800
-0.875530 72.682503 68.676687
-1.680740 87.202862 48.916622
9.123976 88.364009 45.919005
38.311084 77.215751 50.695055
6
-85.838646 27.761620 -43.139533
-92.269344 8.856953 -37.522293
-92.307598 7.852518 -37.651632
-69.658883 1.047077 -71.739415
-56.538014 18.951987 -80.276243
-65.776539 36.869120 -65.681922
5
-11.363355 -99.345705 1.142351
-13.213155 -97.582780 17.407287
1.217115 -93.316343 35.924627
33.036673 -87.322148 35.824863
5.816415 -99.830454 0.223051
6
76.044561 -64.732828 5.185138
85.476891 -30.219532 -42.195746
58.743752 -60.856778 -53.344392
56.749207 -81.726265 -10.017242
59.998242 -79.964669 2.421286
64.397659 -75.373382 13.107051
6
-99.607036 -1.323691 -8.757070
-98.856145 8.673138 12.338530
-98.504700 3.397943 16.890174
-92.996872 -29.510436 21.925234
-88.957111 -44.191592 11.564412
-92.612209 -37.715012 -0.746041
7
61.260926 -39.604041 68.400430
63.752089 -40.520074 65.527054
65.590812 -70.919657 25.850484
62.272268 -75.276902 21.343680
41.507111 -82.219046 38.951101
37.700418 -79.062032 48.248043
46.385792 -56.714002 68.057918
