100
8
-77.136504 -37.374800 51.508098
-78.500510 -36.695172 49.911263
-86.454909 -7.364108 49.712359
-85.316473 -4.489070 51.970642
-70.583436 1.873863 70.812903
-61.345717 -7.071910 78.655521
-60.334100 -10.101279 79.106009
-63.735712 -33.934185 69.182586
5
97.888459 -4.887796 19.848403
89.572755 8.435673 43.652732
87.076370 36.855300 32.548312
87.264617 48.354085 6.838789
95.006052 31.091205 2.680879
6
-1.076193 9.000560 99.588311
-31.899288 23.925947 91.705968
-33.433471 31.055359 88.981839
-30.308703 36.092979 88.196822
15.501134 46.561909 87.130382
21.450086 35.443621 91.014524
7
9.304627 -46.880891 -87.838522
14.183118 -61.831501 -77.302682
26.710783 -65.224150 -70.939019
57.473231 -50.398217 -64.473618
60.373920 -43.904535 -66.538572
46.123432 -31.208032 -83.058340
23.590694 -36.525441 -90.052048
6
95.006052 31.091205 2.680879
87.264617 48.354085 6.838789
87.186245 48.510758 6.727928
75.291063 60.796131 -25.200918
79.684842 46.578813 -38.480386
95.813682 -0.402679 -28.628241
7
-99.224292 -11.775916 3.983436
-99.225260 -11.116127 5.547920
-86.454909 -7.364108 49.712359
-78.500510 -36.695172 49.911263
-82.148453 -46.344332 33.224006
-86.731666 -47.356275 15.329751
-98.356795 -17.927606 -2.131174
6
-37.681465 10.440258 92.038623
-31.899288 23.925947 91.705968
-1.076193 9.000560 99.588311
-0.038329 -7.199175 99.740515
-6.136254 -24.760379 96.691623
-16.823871 -28.629892 94.325429
5
17.313246 -46.602854 86.766500
33.300702 -48.143925 81.075433
26.811607 -71.964168 64.049171
26.236563 -72.166609 64.059529
4.213352 -68.141823 73.068048
6
-76.644044 -63.647608 8.641327
-50.787399 -75.166501 42.078941
-32.538501 -91.365954 24.362029
-30.087063 -93.506427 18.743446
-50.579911 -85.826167 -8.691474
-69.780816 -71.569767 -2.899342
5
-63.918847 76.167425 -10.625647
-81.731876 56.031676 -13.429507
-75.776428 53.187816 -37.801973
-59.183907 72.928726 -34.331707
-56.303838 80.832386 -17.204742
6
-83.831679 -26.746480 -47.506582
-94.305655 -10.717271 -31.489420
-95.478188 -10.418254 -27.845567
-98.027319 -17.938942 -8.296936
-80.436317 -53.018442 -26.814989
-76.046170 -42.500202 -49.099011
6
87.076370 36.855300 32.548312
67.928748 50.482281 53.265603
62.556155 63.122817 45.850163
67.132992 69.022949 26.999887
87.186245 48.510758 6.727928
87.264617 48.354085 6.838789
4
57.813596 -61.118786 -54.056287
57.473231 -50.398217 -64.473618
26.710783 -65.224150 -70.939019
37.517071 -85.009162 -36.958243
5
31.442583 29.925827 90.087784
59.147922 45.278382 66.718749
63.950018 44.013637 63.033285
72.088244 14.751661 67.717602
44.973548 9.709996 88.786801
6
13.017427 89.965568 41.674252
10.218577 93.412442 34.200824
45.589862 88.997430 -1.010899
53.272678 82.737102 17.793083
35.146636 79.707271 49.106669
19.699417 85.059427 48.752711
7
-21.446842 77.733660 59.139759
-19.288554 71.036655 67.688591
-40.663889 59.832392 69.040082
-54.603393 59.571949 58.903756
-58.348571 61.157139 53.434527
-48.240247 73.844977 47.114731
-29.727060 80.754613 50.941087
5
-17.713290 95.794352 22.576124
-29.727060 80.754613 50.941087
-48.240247 73.844977 47.114731
-48.482358 84.219979 23.589322
-31.438011 94.251798 11.324753
5
-26.873207 94.218297 -20.018574
-23.528661 88.512376 -40.149240
-10.006028 82.186248 -56.082974
19.719310 86.556770 -46.033406
3.681365 98.409175 -17.380504
6
-48.482358 84.219979 23.589322
-48.240247 73.844977 47.114731
-58.348571 61.157139 53.434527
-60.680755 59.813712 52.346593
-81.067006 51.114007 28.556940
-68.438671 71.300693 15.243342
5
63.013028 -44.787403 63.430646
76.682531 -60.929498 20.183799
68.402068 -72.884053 3.011959
44.183568 -89.654929 3.131457
43.802112 -71.411190 54.606016
6
43.096361 -0.459191 90.235762
-0.038329 -7.199175 99.740515
-1.076193 9.000560 99.588311
21.450086 35.443621 91.014524
31.442583 29.925827 90.087784
44.973548 9.709996 88.786801
7
-35.100464 92.909795 -11.650212
-56.303838 80.832386 -17.204742
-59.183907 72.928726 -34.331707
-51.335570 70.962103 -48.260120
-47.733079 72.386105 -49.817717
-23.528661 88.512376 -40.149240
-26.873207 94.218297 -20.018574
5
4.033106 -30.048124 95.293464
44.977168 -16.242075 87.825107
55.875371 -35.279813 75.055165
33.300702 -48.143925 81.075433
17.313246 -46.602854 86.766500
6
-11.850448 57.179073 -81.179557
-15.805261 56.793150 -80.775812
-15.952538 55.179231 -81.858225
0.182536 29.851057 -95.440458
14.015451 24.467296 -95.942267
27.609930 46.473444 -84.130320
5
-6.136254 -24.760379 96.691623
-0.038329 -7.199175 99.740515
43.096361 -0.459191 90.235762
44.977168 -16.242075 87.825107
4.033106 -30.048124 95.293464
5
3.750518 -2.360203 -99.901767
-10.645907 -38.266084 -91.773479
9.304627 -46.880891 -87.838522
23.590694 -36.525441 -90.052048
22.199042 3.676099 -97.435562
6
-76.422682 13.460421 -63.074486
-86.107235 34.566176 -37.292406
-91.650862 29.342359 -27.187230
-95.478188 -10.418254 -27.845567
-94.305655 -10.717271 -31.489420
-77.339623 11.644856 -62.313562
7
75.291063 60.796131 -25.200918
87.186245 48.510758 6.727928
67.132992 69.022949 26.999887
53.272678 82.737102 17.793083
45.589862 88.997430 -1.010899
45.625943 88.964801 -1.880795
57.032497 77.781990 -26.405611
9
-16.823871 -28.629892 94.325429
-6.136254 -24.760379 96.691623
4.033106 -30.048124 95.293464
17.313246 -46.602854 86.766500
4.213352 -68.141823 73.068048
-11.252484 -70.855488 69.662626
-25.441107 -61.317132 74.786091
-29.017156 -51.595965 80.596905
-22.894475 -33.683149 91.330655
5
-99.225260 -11.116127 5.547920
-87.211259 34.179339 35.013841
-87.128663 33.344328 36.010441
-85.316473 -4.489070 51.970642
-86.454909 -7.364108 49.712359
7
-98.356795 -17.927606 -2.131174
-86.731666 -47.356275 15.329751
-76.644044 -63.647608 8.641327
-69.780816 -71.569767 -2.899342
-77.348499 -58.139530 -25.238952
-80.436317 -53.018442 -26.814989
-98.027319 -17.938942 -8.296936
7
37.517071 -85.009162 -36.958243
27.870482 -95.460972 -10.509004
30.171083 -95.300112 -2.755804
44.183568 -89.654929 3.131457
68.402068 -72.884053 3.011959
79.437831 -59.235366 -13.446281
57.813596 -61.118786 -54.056287
7
98.254507 -11.368216 14.724657
94.071611 -17.788072 -28.881076
92.749547 -22.126755 -30.131846
79.437831 -59.235366 -13.446281
68.402068 -72.884053 3.011959
76.682531 -60.929498 20.183799
90.710170 -32.726650 26.469445
5
-10.064569 -77.068664 62.921582
11.066553 -90.552648 40.960340
16.405762 -98.226239 9.080577
-30.087063 -93.506427 18.743446
-32.538501 -91.365954 24.362029
6
21.450086 35.443621 91.014524
15.501134 46.561909 87.130382
15.466265 47.690799 86.523883
40.841077 60.889818 68.003210
59.147922 45.278382 66.718749
31.442583 29.925827 90.087784
5
-60.898987 -57.214558 54.934577
-55.242064 -70.226766 44.905631
-82.148453 -46.344332 33.224006
-78.500510 -36.695172 49.911263
-77.136504 -37.374800 51.508098
6
-11.252484 -70.855488 69.662626
-10.064569 -77.068664 62.921582
-32.538501 -91.365954 24.362029
-50.787399 -75.166501 42.078941
-50.938594 -74.640818 42.825319
-25.441107 -61.317132 74.786091
4
-69.003706 -20.055742 -69.543193
-77.339623 11.644856 -62.313562
-94.305655 -10.717271 -31.489420
-83.831679 -26.746480 -47.506582
4
38.300292 47.722140 -79.092889
23.349970 70.369322 -67.103930
-11.850448 57.179073 -81.179557
27.609930 46.473444 -84.130320
8
19.719310 86.556770 -46.033406
-10.006028 82.186248 -56.082974
-17.984657 61.299504 -76.934536
-17.728246 58.888391 -78.853451
-15.805261 56.793150 -80.775812
-11.850448 57.179073 -81.179557
23.349970 70.369322 -67.103930
24.153340 85.101038 -46.630779
5
39.604976 76.023766 51.495951
35.146636 79.707271 49.106669
53.272678 82.737102 17.793083
67.132992 69.022949 26.999887
62.556155 63.122817 45.850163
6
98.254507 -11.368216 14.724657
90.710170 -32.726650 26.469445
74.935937 -23.768479 61.803436
82.242270 3.584814 56.774626
89.572755 8.435673 43.652732
97.888459 -4.887796 19.848403
5
-67.095984 22.747743 70.573856
-70.583436 1.873863 70.812903
-85.316473 -4.489070 51.970642
-87.128663 33.344328 36.010441
-68.497770 25.628790 68.199858
7
57.032497 77.781990 -26.405611
45.625943 88.964801 -1.880795
9.126255 99.164739 -9.114057
3.681365 98.409175 -17.380504
19.719310 86.556770 -46.033406
24.153340 85.101038 -46.630779
49.135180 79.576415 -35.402375
6
-52.478761 -29.446907 -79.867762
-49.934013 12.514906 -85.731975
-65.284874 22.236624 -72.411448
-76.422682 13.460421 -63.074486
-77.339623 11.644856 -62.313562
-69.003706 -20.055742 -69.543193
5
74.935937 -23.768479 61.803436
90.710170 -32.726650 26.469445
76.682531 -60.929498 20.183799
63.013028 -44.787403 63.430646
62.685150 -37.319032 68.394897
8
44.973548 9.709996 88.786801
72.088244 14.751661 67.717602
82.242270 3.584814 56.774626
74.935937 -23.768479 61.803436
62.685150 -37.319032 68.394897
55.875371 -35.279813 75.055165
44.977168 -16.242075 87.825107
43.096361 -0.459191 90.235762
7
43.802112 -71.411190 54.606016
44.183568 -89.654929 3.131457
30.171083 -95.300112 -2.755804
16.405762 -98.226239 9.080577
11.066553 -90.552648 40.960340
26.236563 -72.166609 64.059529
26.811607 -71.964168 64.049171
6
-90.875483 41.693249 -1.821958
-90.600140 42.304368 -1.398222
-83.135372 48.337238 27.423007
-87.211259 34.179339 35.013841
-99.225260 -11.116127 5.547920
-99.224292 -11.775916 3.983436
6
22.199042 3.676099 -97.435562
23.324078 4.911724 -97.117776
14.015451 24.467296 -95.942267
0.182536 29.851057 -95.440458
-14.854026 8.837965 -98.494915
3.750518 -2.360203 -99.901767
4
26.648007 -95.663598 -11.762643
-5.240416 -85.421399 -51.727388
-43.962180 -82.126528 -36.367020
-45.009512 -85.506184 -25.745606
6
62.685150 -37.319032 68.394897
63.013028 -44.787403 63.430646
43.802112 -71.411190 54.606016
26.811607 -71.964168 64.049171
33.300702 -48.143925 81.075433
55.875371 -35.279813 75.055165
7
-43.802347 -48.451160 -75.722120
-4.752942 -80.696181 -58.868802
14.183118 -61.831501 -77.302682
9.304627 -46.880891 -87.838522
-10.645907 -38.266084 -91.773479
-21.940624 -37.723041 -89.975448
-42.287833 -44.021744 -79.207482
6
13.017427 89.965568 41.674252
19.699417 85.059427 48.752711
6.713967 63.822362 76.691778
-13.696929 67.615132 72.391906
-19.288554 71.036655 67.688591
-21.446842 77.733660 59.139759
5
49.135180 79.576415 -35.402375
24.153340 85.101038 -46.630779
23.349970 70.369322 -67.103930
38.300292 47.722140 -79.092889
43.064345 45.845816 -77.740744
7
57.032497 77.781990 -26.405611
49.135180 79.576415 -35.402375
43.064345 45.845816 -77.740744
45.590445 43.321535 -77.748028
72.852610 38.691235 -56.528626
79.684842 46.578813 -38.480386
75.291063 60.796131 -25.200918
4
-17.984657 61.299504 -76.934536
-10.006028 82.186248 -56.082974
-23.528661 88.512376 -40.149240
-47.733079 72.386105 -49.817717
5
-51.335570 70.962103 -48.260120
-59.183907 72.928726 -34.331707
-75.776428 53.187816 -37.801973
-76.473990 49.892258 -40.773661
-61.034017 44.622546 -65.449806
5
95.813682 -0.402679 -28.628241
79.684842 46.578813 -38.480386
72.852610 38.691235 -56.528626
74.139691 9.016637 -66.498169
94.219143 -15.298545 -29.811200
4
-30.334438 41.433913 85.808232
-40.663889 59.832392 69.040082
-19.288554 71.036655 67.688591
-13.696929 67.615132 72.391906
6
72.088244 14.751661 67.717602
63.950018 44.013637 63.033285
67.928748 50.482281 53.265603
87.076370 36.855300 32.548312
89.572755 8.435673 43.652732
82.242270 3.584814 56.774626
6
-68.497770 25.628790 68.199858
-87.128663 33.344328 36.010441
-87.211259 34.179339 35.013841
-83.135372 48.337238 27.423007
-81.067006 51.114007 28.556940
-60.680755 59.813712 52.346593
7
-45.009512 -85.506184 -25.745606
-50.579911 -85.826167 -8.691474
-30.087063 -93.506427 18.743446
16.405762 -98.226239 9.080577
30.171083 -95.300112 -2.755804
27.870482 -95.460972 -10.509004
26.648007 -95.663598 -11.762643
6
-98.027319 -17.938942 -8.296936
-95.478188 -10.418254 -27.845567
-91.650862 29.342359 -27.187230
-90.875483 41.693249 -1.821958
-99.224292 -11.775916 3.983436
-98.356795 -17.927606 -2.131174
6
6.713967 63.822362 76.691778
19.699417 85.059427 48.752711
35.146636 79.707271 49.106669
39.604976 76.023766 51.495951
40.841077 60.889818 68.003210
15.466265 47.690799 86.523883
6
-31.438011 94.251798 11.324753
-48.482358 84.219979 23.589322
-68.438671 71.300693 15.243342
-63.918847 76.167425 -10.625647
-56.303838 80.832386 -17.204742
-35.100464 92.909795 -11.650212
6
-25.441107 -61.317132 74.786091
-50.938594 -74.640818 42.825319
-55.242064 -70.226766 44.905631
-60.898987 -57.214558 54.934577
-51.354720 -46.426920 72.161165
-29.017156 -51.595965 80.596905
6
-54.603393 59.571949 58.903756
-40.663889 59.832392 69.040082
-30.334438 41.433913 85.808232
-30.308703 36.092979 88.196822
-33.433471 31.055359 88.981839
-48.854035 32.572813 80.946248
5
-29.017156 -51.595965 80.596905
-51.354720 -46.426920 72.161165
-63.735712 -33.934185 69.182586
-60.334100 -10.101279 79.106009
-22.894475 -33.683149 91.330655
6
94.219143 -15.298545 -29.811200
74.139691 9.016637 -66.498169
61.868985 2.622051 -78.519765
72.657304 -34.412851 -59.469923
92.749547 -22.126755 -30.131846
94.071611 -17.788072 -28.881076
5
-36.924584 15.302196 -91.664704
-26.923489 8.315502 -95.947789
-14.854026 8.837965 -98.494915
0.182536 29.851057 -95.440458
-15.952538 55.179231 -81.858225
7
26.710783 -65.224150 -70.939019
14.183118 -61.831501 -77.302682
-4.752942 -80.696181 -58.868802
-5.240416 -85.421399 -51.727388
26.648007 -95.663598 -11.762643
27.870482 -95.460972 -10.509004
37.517071 -85.009162 -36.958243
6
-42.287833 -44.021744 -79.207482
-21.940624 -37.723041 -89.975448
-26.923489 8.315502 -95.947789
-36.924584 15.302196 -91.664704
-49.934013 12.514906 -85.731975
-52.478761 -29.446907 -79.867762
6
-51.335570 70.962103 -48.260120
-61.034017 44.622546 -65.449806
-60.850715 44.233038 -65.883449
-17.728246 58.888391 -78.853451
-17.984657 61.299504 -76.934536
-47.733079 72.386105 -49.817717
6
-68.497770 25.628790 68.199858
-60.680755 59.813712 52.346593
-58.348571 61.157139 53.434527
-54.603393 59.571949 58.903756
-48.854035 32.572813 80.946248
-67.095984 22.747743 70.573856
5
45.589862 88.997430 -1.010899
10.218577 93.412442 34.200824
-1.480448 96.745278 25.261818
9.126255 99.164739 -9.114057
45.625943 88.964801 -1.880795
6
22.199042 3.676099 -97.435562
23.590694 -36.525441 -90.052048
46.123432 -31.208032 -83.058340
51.670095 3.359480 -85.550659
47.062987 7.710468 -87.895529
23.324078 4.911724 -97.117776
7
-48.854035 32.572813 80.946248
-33.433471 31.055359 88.981839
-31.899288 23.925947 91.705968
-37.681465 10.440258 92.038623
-61.345717 -7.071910 78.655521
-70.583436 1.873863 70.812903
-67.095984 22.747743 70.573856
6
-50.787399 -75.166501 42.078941
-76.644044 -63.647608 8.641327
-86.731666 -47.356275 15.329751
-82.148453 -46.344332 33.224006
-55.242064 -70.226766 44.905631
-50.938594 -74.640818 42.825319
6
-45.009512 -85.506184 -25.745606
-43.962180 -82.126528 -36.367020
-52.835789 -68.534148 -50.114369
-77.348499 -58.139530 -25.238952
-69.780816 -71.569767 -2.899342
-50.579911 -85.826167 -8.691474
6
59.147922 45.278382 66.718749
40.841077 60.889818 68.003210
39.604976 76.023766 51.495951
62.556155 63.122817 45.850163
67.928748 50.482281 53.265603
63.950018 44.013637 63.033285
5
-77.348499 -58.139530 -25.238952
-52.835789 -68.534148 -50.114369
-53.029252 -57.016963 -62.745234
-76.046170 -42.500202 -49.099011
-80.436317 -53.018442 -26.814989
5
72.657304 -34.412851 -59.469923
61.868985 2.622051 -78.519765
51.670095 3.359480 -85.550659
46.123432 -31.208032 -83.058340
60.373920 -43.904535 -66.538572
6
95.006052 31.091205 2.680879
95.813682 -0.402679 -28.628241
94.219143 -15.298545 -29.811200
94.071611 -17.788072 -28.881076
98.254507 -11.368216 14.724657
97.888459 -4.887796 19.848403
6
-5.240416 -85.421399 -51.727388
-4.752942 -80.696181 -58.868802
-43.802347 -48.451160 -75.722120
-53.029252 -57.016963 -62.745234
-52.835789 -68.534148 -50.114369
-43.962180 -82.126528 -36.367020
5
-14.854026 8.837965 -98.494915
-26.923489 8.315502 -95.947789
-21.940624 -37.723041 -89.975448
-10.645907 -38.266084 -91.773479
3.750518 -2.360203 -99.901767
4
-51.354720 -46.426920 72.161165
-60.898987 -57.214558 54.934577
-77.136504 -37.374800 51.508098
-63.735712 -33.934185 69.182586
6
-21.446842 77.733660 59.139759
-29.727060 80.754613 50.941087
-17.713290 95.794352 22.576124
-1.480448 96.745278 25.261818
10.218577 93.412442 34.200824
13.017427 89.965568 41.674252
7
-86.107235 34.566176 -37.292406
-76.473990 49.892258 -40.773661
-75.776428 53.187816 -37.801973
-81.731876 56.031676 -13.429507
-90.600140 42.304368 -1.398222
-90.875483 41.693249 -1.821958
-91.650862 29.342359 -27.187230
7
-42.287833 -44.021744 -79.207482
-52.478761 -29.446907 -79.867762
-69.003706 -20.055742 -69.543193
-83.831679 -26.746480 -47.506582
-76.046170 -42.500202 -49.099011
-53.029252 -57.016963 -62.745234
-43.802347 -48.451160 -75.722120
6
-68.438671 71.300693 15.243342
-81.067006 51.114007 28.556940
-83.135372 48.337238 27.423007
-90.600140 42.304368 -1.398222
-81.731876 56.031676 -13.429507
-63.918847 76.167425 -10.625647
7
-35.100464 92.909795 -11.650212
-26.873207 94.218297 -20.018574
3.681365 98.409175 -17.380504
9.126255 99.164739 -9.114057
-1.480448 96.745278 25.261818
-17.713290 95.794352 22.576124
-31.438011 94.251798 11.324753
6
15.501134 46.561909 87.130382
-30.308703 36.092979 88.196822
-30.334438 41.433913 85.808232
-13.696929 67.615132 72.391906
6.713967 63.822362 76.691778
15.466265 47.690799 86.523883
5
-22.894475 -33.683149 91.330655
-60.334100 -10.101279 79.106009
-61.345717 -7.071910 78.655521
-37.681465 10.440258 92.038623
-16.823871 -28.629892 94.325429
7
-49.934013 12.514906 -85.731975
-36.924584 15.302196 -91.664704
-15.952538 55.179231 -81.858225
-15.805261 56.793150 -80.775812
-17.728246 58.888391 -78.853451
-60.850715 44.233038 -65.883449
-65.284874 22.236624 -72.411448
6
72.852610 38.691235 -56.528626
45.590445 43.321535 -77.748028
47.062987 7.710468 -87.895529
51.670095 3.359480 -85.550659
61.868985 2.622051 -78.519765
74.139691 9.016637 -66.498169
7
23.324078 4.911724 -97.117776
47.062987 7.710468 -87.895529
45.590445 43.321535 -77.748028
43.064345 45.845816 -77.740744
38.300292 47.722140 -79.092889
27.609930 46.473444 -84.130320
14.015451 24.467296 -95.942267
5
26.236563 -72.166609 64.059529
11.066553 -90.552648 40.960340
-10.064569 -77.068664 62.921582
-11.252484 -70.855488 69.662626
4.213352 -68.141823 73.068048
6
57.813596 -61.118786 -54.056287
79.437831 -59.235366 -13.446281
92.749547 -22.126755 -30.131846
72.657304 -34.412851 -59.469923
60.373920 -43.904535 -66.538572
57.473231 -50.398217 -64.473618
6
-76.422682 13.460421 -63.074486
-65.284874 22.236624 -72.411448
-60.850715 44.233038 -65.883449
-61.034017 44.622546 -65.449806
-76.473990 49.892258 -40.773661
-86.107235 34.566176 -37.292406
