100
6
-49.033010 -5.009344 -87.009599
-44.933538 -8.930261 -88.888850
-4.953138 -7.482093 -99.596610
-2.681201 -6.218864 -99.770421
-26.467459 37.891468 -88.677564
-50.469068 3.616002 -86.254262
5
-27.032604 -90.735642 -32.191328
-17.269368 -88.133752 -43.979662
-27.693724 -73.657378 -61.706145
-44.716432 -66.329860 -60.006586
-43.337396 -84.173690 -32.197205
4
67.862703 69.637859 -23.349991
49.041184 86.235677 12.584529
36.781897 92.988609 -0.459046
54.992396 77.559701 -30.989177
8
-2.681201 -6.218864 -99.770421
9.185983 -5.874696 -99.403751
21.262473 26.815627 -93.961851
21.180436 28.221223 -93.567899
9.820931 42.750363 -89.866322
-8.550836 51.720582 -85.157880
-25.678410 43.416089 -86.346178
-26.467459 37.891468 -88.677564
6
-89.580560 -38.866995 -21.556440
-91.478069 -16.526189 -36.859842
-93.557128 -5.192160 -34.930004
-98.955447 10.811908 9.535316
-96.979559 4.326672 24.005104
-92.794935 -25.073903 27.575342
6
38.634160 -81.018617 44.083845
40.064409 -79.179615 46.102405
74.529265 -51.381766 42.488856
69.074122 -71.738455 9.075230
65.717248 -74.956111 7.926206
35.046759 -92.573217 14.209999
7
53.834255 -52.029268 -66.293501
67.190782 -67.305285 -30.909504
71.798848 -63.032824 -29.526066
87.073419 -33.974847 -35.551786
61.040643 -37.283119 -69.885685
58.933585 -39.262759 -70.606433
53.898653 -49.970734 -67.807529
7
-36.791320 92.938896 2.959791
-28.531411 95.838107 1.007925
-6.154212 97.749433 20.178552
-6.085312 97.584889 20.979953
-20.408886 84.211269 49.919330
-26.118413 82.718027 49.754964
-50.772224 82.014531 26.377982
4
77.181019 -45.279753 44.641173
74.529265 -51.381766 42.488856
40.064409 -79.179615 46.102405
28.091714 -48.709766 82.693496
6
2.561955 33.077624 94.336139
3.655095 35.979126 93.231662
21.358489 49.808994 84.040937
26.326980 49.205839 82.979970
44.307889 28.864630 84.874284
36.162112 17.169643 91.637902
4
-86.964921 18.402697 -45.808769
-59.692913 14.203189 -78.962178
-55.652421 36.968112 -74.405422
-70.733421 42.451114 -56.521554
7
81.616406 -31.462387 48.465250
93.847377 5.020226 34.168218
96.449244 13.222728 22.862692
98.761100 14.342164 6.367687
97.028188 -22.267373 -9.470733
95.243811 -30.466436 -0.642477
81.199729 -38.210490 44.119866
7
71.798848 -63.032824 -29.526066
67.190782 -67.305285 -30.909504
65.548477 -69.218617 -30.202321
63.071430 -73.949547 -23.525713
65.717248 -74.956111 7.926206
69.074122 -71.738455 9.075230
79.460854 -60.711271 -0.337896
6
81.616406 -31.462387 48.465250
81.199729 -38.210490 44.119866
77.181019 -45.279753 44.641173
28.091714 -48.709766 82.693496
22.230386 -43.058412 87.474471
74.022384 -18.399639 64.669467
6
74.022384 -18.399639 64.669467
70.214207 -0.948331 71.197372
71.483799 5.286153 69.728925
75.507987 12.893490 64.282983
93.847377 5.020226 34.168218
81.616406 -31.462387 48.465250
6
-56.472038 25.666644 78.435530
-59.310216 4.956989 80.359981
-80.357228 -1.813396 59.493088
-88.490569 13.295096 44.639216
-77.432704 40.674288 48.474515
-73.397097 43.908957 51.815727
5
5.584867 -66.821736 -74.186689
-27.693724 -73.657378 -61.706145
-17.269368 -88.133752 -43.979662
6.920868 -89.061160 -44.946762
16.299787 -85.464194 -49.296942
5
-41.404089 -44.567416 -79.369055
-44.933538 -8.930261 -88.888850
-49.033010 -5.009344 -87.009599
-82.944178 -21.791569 -51.433363
-48.898843 -52.152496 -69.921530
6
71.483799 5.286153 69.728925
48.699547 30.274425 81.925657
56.221215 43.814682 70.138781
71.990781 41.736156 55.456476
74.725047 38.848597 53.916175
75.507987 12.893490 64.282983
6
22.392358 -22.927819 94.725379
21.390374 -42.651715 87.882211
-1.094018 -53.017220 84.781941
-36.079744 -25.059080 89.834818
-39.364759 -13.388746 90.945903
-10.507260 8.584035 99.075284
5
21.358489 49.808994 84.040937
3.655095 35.979126 93.231662
-9.394481 64.184120 76.106126
-0.051423 76.104242 64.870191
9.710252 76.359888 63.834775
5
53.898653 -49.970734 -67.807529
58.933585 -39.262759 -70.606433
21.737592 -24.774706 -94.412346
6.254596 -63.148277 -77.286319
6.446674 -63.671240 -76.840182
5
-47.794763 -40.087150 78.158052
-35.128853 -66.091551 66.316442
-51.365359 -69.687454 50.052559
-51.871249 -69.216719 50.183856
-60.460231 -40.662928 68.491508
4
-44.933538 -8.930261 -88.888850
-41.404089 -44.567416 -79.369055
-19.052139 -45.803818 -86.827566
-4.953138 -7.482093 -99.596610
6
70.214207 -0.948331 71.197372
37.663682 -3.243158 92.579312
36.162112 17.169643 91.637902
44.307889 28.864630 84.874284
48.699547 30.274425 81.925657
71.483799 5.286153 69.728925
9
6.446674 -63.671240 -76.840182
6.254596 -63.148277 -77.286319
-19.052139 -45.803818 -86.827566
-41.404089 -44.567416 -79.369055
-48.898843 -52.152496 -69.921530
-45.935916 -64.894978 -60.650914
-44.716432 -66.329860 -60.006586
-27.693724 -73.657378 -61.706145
5.584867 -66.821736 -74.186689
5
-67.900605 73.246322 -4.948147
-67.074767 67.008261 -31.794160
-61.915126 68.786600 -37.880348
-53.396543 76.509753 -35.987037
-48.010288 87.470524 -6.627189
6
93.963234 -24.212048 -24.180308
97.028188 -22.267373 -9.470733
98.761100 14.342164 6.367687
98.425310 16.931064 5.079121
90.425129 23.621030 -35.571661
89.306249 19.465014 -40.564852
5
-75.328217 65.367526 7.262664
-86.068369 50.748034 4.107663
-86.224247 47.199625 -18.373206
-67.074767 67.008261 -31.794160
-67.900605 73.246322 -4.948147
6
-60.460231 -40.662928 68.491508
-51.871249 -69.216719 50.183856
-81.716243 -41.401275 40.104738
-83.650271 -35.729828 41.545296
-79.852345 -28.925561 52.791239
-68.536021 -32.174839 65.326821
5
33.058440 -93.700371 -11.286273
28.746221 -95.422182 8.262079
35.046759 -92.573217 14.209999
65.717248 -74.956111 7.926206
63.071430 -73.949547 -23.525713
9
48.542689 80.456786 34.209838
34.679982 80.161239 48.697788
30.008397 81.062063 50.283577
-6.085312 97.584889 20.979953
-6.154212 97.749433 20.178552
30.640780 95.112666 -3.837117
36.781897 92.988609 -0.459046
49.041184 86.235677 12.584529
52.670901 82.503442 20.468471
6
-33.327389 54.101662 77.215901
-9.394481 64.184120 76.106126
3.655095 35.979126 93.231662
2.561955 33.077624 94.336139
-9.560585 23.171118 96.807513
-36.210921 37.875248 85.171796
7
-36.210921 37.875248 85.171796
-9.560585 23.171118 96.807513
-10.507260 8.584035 99.075284
-39.364759 -13.388746 90.945903
-51.943897 -6.277695 85.219846
-59.310216 4.956989 80.359981
-56.472038 25.666644 78.435530
6
-48.010288 87.470524 -6.627189
-53.396543 76.509753 -35.987037
-35.303366 83.203855 -42.787742
-21.762256 96.670554 -13.461362
-28.531411 95.838107 1.007925
-36.791320 92.938896 2.959791
6
79.275907 54.945594 -26.387729
81.324691 54.232682 -21.097653
75.021399 64.714022 13.560421
52.670901 82.503442 20.468471
49.041184 86.235677 12.584529
67.862703 69.637859 -23.349991
5
-65.914266 56.252134 49.909988
-60.052623 74.769796 28.340080
-50.772224 82.014531 26.377982
-26.118413 82.718027 49.754964
-42.151668 64.298116 63.945205
5
-68.536021 -32.174839 65.326821
-79.852345 -28.925561 52.791239
-80.357228 -1.813396 59.493088
-59.310216 4.956989 80.359981
-51.943897 -6.277695 85.219846
6
-48.177958 -87.269613 -7.930885
-9.991282 -99.397801 4.500170
-11.471866 -99.081937 -7.153038
-27.032604 -90.735642 -32.191328
-43.337396 -84.173690 -32.197205
-52.629043 -82.728371 -19.651984
4
37.048615 -80.535710 -46.275258
65.548477 -69.218617 -30.202321
67.190782 -67.305285 -30.909504
53.834255 -52.029268 -66.293501
7
75.021399 64.714022 13.560421
82.186053 53.775781 18.804732
77.952168 38.681975 49.266258
74.725047 38.848597 53.916175
71.990781 41.736156 55.456476
48.542689 80.456786 34.209838
52.670901 82.503442 20.468471
6
48.844204 75.643297 -43.500982
14.432261 91.320596 -38.108510
4.923030 81.922666 -57.135283
17.690696 75.169077 -63.534629
53.668507 58.777964 -60.537941
55.678055 60.861187 -56.532027
5
27.039015 57.039730 -77.558757
9.820931 42.750363 -89.866322
21.180436 28.221223 -93.567899
37.357814 37.793018 -84.711755
40.644640 51.833705 -75.241480
6
-77.022438 -63.099579 9.272928
-81.716243 -41.401275 40.104738
-51.871249 -69.216719 50.183856
-51.365359 -69.687454 50.052559
-49.059089 -79.780075 35.047760
-58.217208 -78.374152 21.639060
5
53.573137 57.446194 -61.885812
40.644640 51.833705 -75.241480
37.357814 37.793018 -84.711755
61.508670 25.746179 -74.523941
65.415117 27.138754 -70.599933
5
16.101637 -11.753529 -97.992815
49.965763 -0.662810 -86.619762
51.432966 13.619483 -84.670890
21.262473 26.815627 -93.961851
9.185983 -5.874696 -99.403751
6
-26.873373 80.974471 -52.162792
-40.899016 60.399730 -68.404262
-32.053819 46.189033 -82.699008
-25.678410 43.416089 -86.346178
-8.550836 51.720582 -85.157880
2.663330 81.119132 -58.417404
8
49.965763 -0.662810 -86.619762
64.763671 -16.005975 -74.494803
77.267364 5.089410 -63.276001
76.713101 17.294460 -61.773795
74.773020 20.358740 -63.202192
65.415117 27.138754 -70.599933
61.508670 25.746179 -74.523941
51.432966 13.619483 -84.670890
7
-86.964921 18.402697 -45.808769
-70.733421 42.451114 -56.521554
-62.849150 58.353507 -51.428129
-61.915126 68.786600 -37.880348
-67.074767 67.008261 -31.794160
-86.224247 47.199625 -18.373206
-89.458718 15.266796 -42.000747
4
6.920868 -89.061160 -44.946762
-17.269368 -88.133752 -43.979662
-27.032604 -90.735642 -32.191328
-11.471866 -99.081937 -7.153038
6
-77.022438 -63.099579 9.272928
-58.217208 -78.374152 21.639060
-48.177958 -87.269613 -7.930885
-52.629043 -82.728371 -19.651984
-79.960766 -56.676124 -19.851771
-83.005845 -52.914228 -17.610060
6
-36.079744 -25.059080 89.834818
-1.094018 -53.017220 84.781941
-9.655125 -64.399542 75.891222
-10.870550 -64.987608 75.222616
-35.128853 -66.091551 66.316442
-47.794763 -40.087150 78.158052
6
82.186053 53.775781 18.804732
98.208328 18.176719 4.973052
98.425310 16.931064 5.079121
98.761100 14.342164 6.367687
96.449244 13.222728 22.862692
77.952168 38.681975 49.266258
6
-26.467459 37.891468 -88.677564
-25.678410 43.416089 -86.346178
-32.053819 46.189033 -82.699008
-55.652421 36.968112 -74.405422
-59.692913 14.203189 -78.962178
-50.469068 3.616002 -86.254262
6
-9.560585 23.171118 96.807513
2.561955 33.077624 94.336139
36.162112 17.169643 91.637902
37.663682 -3.243158 92.579312
22.392358 -22.927819 94.725379
-10.507260 8.584035 99.075284
5
26.548393 -86.095401 -43.390837
33.058440 -93.700371 -11.286273
63.071430 -73.949547 -23.525713
65.548477 -69.218617 -30.202321
37.048615 -80.535710 -46.275258
5
75.507987 12.893490 64.282983
74.725047 38.848597 53.916175
77.952168 38.681975 49.266258
96.449244 13.222728 22.862692
93.847377 5.020226 34.168218
6
54.992396 77.559701 -30.989177
36.781897 92.988609 -0.459046
30.640780 95.112666 -3.837117
14.218226 93.446507 -32.643412
14.432261 91.320596 -38.108510
48.844204 75.643297 -43.500982
7
55.678055 60.861187 -56.532027
75.820961 53.493466 -37.277754
79.055174 53.527989 -29.749518
79.275907 54.945594 -26.387729
67.862703 69.637859 -23.349991
54.992396 77.559701 -30.989177
48.844204 75.643297 -43.500982
6
-62.849150 58.353507 -51.428129
-40.899016 60.399730 -68.404262
-26.873373 80.974471 -52.162792
-35.303366 83.203855 -42.787742
-53.396543 76.509753 -35.987037
-61.915126 68.786600 -37.880348
6
-39.364759 -13.388746 90.945903
-36.079744 -25.059080 89.834818
-47.794763 -40.087150 78.158052
-60.460231 -40.662928 68.491508
-68.536021 -32.174839 65.326821
-51.943897 -6.277695 85.219846
5
51.432966 13.619483 -84.670890
61.508670 25.746179 -74.523941
37.357814 37.793018 -84.711755
21.180436 28.221223 -93.567899
21.262473 26.815627 -93.961851
6
98.425310 16.931064 5.079121
98.208328 18.176719 4.973052
81.324691 54.232682 -21.097653
79.275907 54.945594 -26.387729
79.055174 53.527989 -29.749518
90.425129 23.621030 -35.571661
8
-89.458718 15.266796 -42.000747
-93.557128 -5.192160 -34.930004
-91.478069 -16.526189 -36.859842
-82.944178 -21.791569 -51.433363
-49.033010 -5.009344 -87.009599
-50.469068 3.616002 -86.254262
-59.692913 14.203189 -78.962178
-86.964921 18.402697 -45.808769
5
87.073419 -33.974847 -35.551786
92.320290 -26.052095 -28.253360
77.267364 5.089410 -63.276001
64.763671 -16.005975 -74.494803
61.040643 -37.283119 -69.885685
6
-75.328217 65.367526 7.262664
-67.900605 73.246322 -4.948147
-48.010288 87.470524 -6.627189
-36.791320 92.938896 2.959791
-50.772224 82.014531 26.377982
-60.052623 74.769796 28.340080
5
42.818593 57.487708 69.726118
56.221215 43.814682 70.138781
48.699547 30.274425 81.925657
44.307889 28.864630 84.874284
26.326980 49.205839 82.979970
6
90.425129 23.621030 -35.571661
79.055174 53.527989 -29.749518
75.820961 53.493466 -37.277754
74.773020 20.358740 -63.202192
76.713101 17.294460 -61.773795
89.306249 19.465014 -40.564852
6
58.933585 -39.262759 -70.606433
61.040643 -37.283119 -69.885685
64.763671 -16.005975 -74.494803
49.965763 -0.662810 -86.619762
16.101637 -11.753529 -97.992815
21.737592 -24.774706 -94.412346
7
21.737592 -24.774706 -94.412346
16.101637 -11.753529 -97.992815
9.185983 -5.874696 -99.403751
-2.681201 -6.218864 -99.770421
-4.953138 -7.482093 -99.596610
-19.052139 -45.803818 -86.827566
6.254596 -63.148277 -77.286319
6
-96.979559 4.326672 24.005104
-88.490569 13.295096 44.639216
-80.357228 -1.813396 59.493088
-79.852345 -28.925561 52.791239
-83.650271 -35.729828 41.545296
-92.794935 -25.073903 27.575342
6
-73.397097 43.908957 51.815727
-65.914266 56.252134 49.909988
-42.151668 64.298116 63.945205
-33.327389 54.101662 77.215901
-36.210921 37.875248 85.171796
-56.472038 25.666644 78.435530
5
-9.655125 -64.399542 75.891222
9.915587 -83.633909 53.917070
-13.835612 -96.287206 23.180805
-17.467682 -94.894094 26.267680
-10.870550 -64.987608 75.222616
5
17.690696 75.169077 -63.534629
27.039015 57.039730 -77.558757
40.644640 51.833705 -75.241480
53.573137 57.446194 -61.885812
53.668507 58.777964 -60.537941
5
71.990781 41.736156 55.456476
56.221215 43.814682 70.138781
42.818593 57.487708 69.726118
34.679982 80.161239 48.697788
48.542689 80.456786 34.209838
7
-21.762256 96.670554 -13.461362
-35.303366 83.203855 -42.787742
-26.873373 80.974471 -52.162792
2.663330 81.119132 -58.417404
4.923030 81.922666 -57.135283
14.432261 91.320596 -38.108510
14.218226 93.446507 -32.643412
6
22.230386 -43.058412 87.474471
21.390374 -42.651715 87.882211
22.392358 -22.927819 94.725379
37.663682 -3.243158 92.579312
70.214207 -0.948331 71.197372
74.022384 -18.399639 64.669467
5
9.710252 76.359888 63.834775
-0.051423 76.104242 64.870191
-20.408886 84.211269 49.919330
-6.085312 97.584889 20.979953
30.008397 81.062063 50.283577
6
81.199729 -38.210490 44.119866
95.243811 -30.466436 -0.642477
79.460854 -60.711271 -0.337896
69.074122 -71.738455 9.075230
74.529265 -51.381766 42.488856
77.181019 -45.279753 44.641173
7
-89.580560 -38.866995 -21.556440
-83.005845 -52.914228 -17.610060
-79.960766 -56.676124 -19.851771
-45.935916 -64.894978 -60.650914
-48.898843 -52.152496 -69.921530
-82.944178 -21.791569 -51.433363
-91.478069 -16.526189 -36.859842
6
-88.708902 45.054218 10.042320
-98.955447 10.811908 9.535316
-93.557128 -5.192160 -34.930004
-89.458718 15.266796 -42.000747
-86.224247 47.199625 -18.373206
-86.068369 50.748034 4.107663
5
89.306249 19.465014 -40.564852
76.713101 17.294460 -61.773795
77.267364 5.089410 -63.276001
92.320290 -26.052095 -28.253360
93.963234 -24.212048 -24.180308
6
-83.005845 -52.914228 -17.610060
-89.580560 -38.866995 -21.556440
-92.794935 -25.073903 27.575342
-83.650271 -35.729828 41.545296
-81.716243 -41.401275 40.104738
-77.022438 -63.099579 9.272928
5
-10.870550 -64.987608 75.222616
-17.467682 -94.894094 26.267680
-49.059089 -79.780075 35.047760
-51.365359 -69.687454 50.052559
-35.128853 -66.091551 66.316442
6
17.690696 75.169077 -63.534629
4.923030 81.922666 -57.135283
2.663330 81.119132 -58.417404
-8.550836 51.720582 -85.157880
9.820931 42.750363 -89.866322
27.039015 57.039730 -77.558757
6
55.678055 60.861187 -56.532027
53.668507 58.777964 -60.537941
53.573137 57.446194 -61.885812
65.415117 27.138754 -70.599933
74.773020 20.358740 -63.202192
75.820961 53.493466 -37.277754
6
30.008397 81.062063 50.283577
34.679982 80.161239 48.697788
42.818593 57.487708 69.726118
26.326980 49.205839 82.979970
21.358489 49.808994 84.040937
9.710252 76.359888 63.834775
7
6.446674 -63.671240 -76.840182
5.584867 -66.821736 -74.186689
16.299787 -85.464194 -49.296942
26.548393 -86.095401 -43.390837
37.048615 -80.535710 -46.275258
53.834255 -52.029268 -66.293501
53.898653 -49.970734 -67.807529
4
75.021399 64.714022 13.560421
81.324691 54.232682 -21.097653
98.208328 18.176719 4.973052
82.186053 53.775781 18.804732
7
93.963234 -24.212048 -24.180308
92.320290 -26.052095 -28.253360
87.073419 -33.974847 -35.551786
71.798848 -63.032824 -29.526066
79.460854 -60.711271 -0.337896
95.243811 -30.466436 -0.642477
97.028188 -22.267373 -9.470733
6
-0.051423 76.104242 64.870191
-9.394481 64.184120 76.106126
-33.327389 54.101662 77.215901
-42.151668 64.298116 63.945205
-26.118413 82.718027 49.754964
-20.408886 84.211269 49.919330
5
14.218226 93.446507 -32.643412
30.640780 95.112666 -3.837117
-6.154212 97.749433 20.178552
-28.531411 95.838107 1.007925
-21.762256 96.670554 -13.461362
5
-88.490569 13.295096 44.639216
-96.979559 4.326672 24.005104
-98.955447 10.811908 9.535316
-88.708902 45.054218 10.042320
-77.432704 40.674288 48.474515
8
21.390374 -42.651715 87.882211
22.230386 -43.058412 87.474471
28.091714 -48.709766 82.693496
40.064409 -79.179615 46.102405
38.634160 -81.018617 44.083845
9.915587 -83.633909 53.917070
-9.655125 -64.399542 75.891222
-1.094018 -53.017220 84.781941
6
38.634160 -81.018617 44.083845
35.046759 -92.573217 14.209999
28.746221 -95.422182 8.262079
-6.123047 -99.260789 10.478746
-13.835612 -96.287206 23.180805
9.915587 -83.633909 53.917070
5
-52.629043 -82.728371 -19.651984
-43.337396 -84.173690 -32.197205
-44.716432 -66.329860 -60.006586
-45.935916 -64.894978 -60.650914
-79.960766 -56.676124 -19.851771
5
-40.899016 60.399730 -68.404262
-62.849150 58.353507 -51.428129
-70.733421 42.451114 -56.521554
-55.652421 36.968112 -74.405422
-32.053819 46.189033 -82.699008
8
16.299787 -85.464194 -49.296942
6.920868 -89.061160 -44.946762
-11.471866 -99.081937 -7.153038
-9.991282 -99.397801 4.500170
-6.123047 -99.260789 10.478746
28.746221 -95.422182 8.262079
33.058440 -93.700371 -11.286273
26.548393 -86.095401 -43.390837
7
-58.217208 -78.374152 21.639060
-49.059089 -79.780075 35.047760
-17.467682 -94.894094 26.267680
-13.835612 -96.287206 23.180805
-6.123047 -99.260789 10.478746
-9.991282 -99.397801 4.500170
-48.177958 -87.269613 -7.930885
7
-73.397097 43.908957 51.815727
-77.432704 40.674288 48.474515
-88.708902 45.054218 10.042320
-86.068369 50.748034 4.107663
-75.328217 65.367526 7.262664
-60.052623 74.769796 28.340080
-65.914266 56.252134 49.909988
