100
6
43.994008 72.882821 52.465433
60.888744 78.129347 13.724650
73.244398 67.241783 10.667742
67.706824 37.210116 63.491679
67.045714 37.097868 64.254342
66.546838 37.355749 64.622491
5
47.377268 80.321746 -36.108332
46.295700 76.511544 -44.751445
56.529401 61.577645 -54.887343
79.367703 51.097441 -33.012410
80.555262 58.372213 -10.175191
10
12.271230 96.987062 21.045824
13.428083 96.146228 23.991443
13.368640 95.668607 25.861112
-29.487145 81.866742 49.278239
-36.270772 79.251212 49.027303
-37.031843 79.335566 48.316773
-46.876268 83.124285 29.882582
-36.633143 92.646241 -8.642149
-35.646021 92.927021 -9.691749
-29.293376 95.088315 -10.005525
5
52.794930 -19.809093 -82.585078
77.200032 -45.837945 -44.034508
88.203148 -35.130498 -31.401478
87.309703 -23.063931 -42.954289
62.419203 -4.623034 -77.990196
6
77.573385 13.487925 -61.647756
88.465285 0.767249 -46.618717
97.564901 8.767251 -20.105359
95.484923 19.565357 -22.356794
87.240122 29.885013 -38.678769
79.856117 23.382488 -55.464041
7
82.253937 56.829920 2.156391
73.244398 67.241783 10.667742
60.888744 78.129347 13.724650
59.577859 79.328375 12.549409
41.575443 89.465952 -16.350105
47.377268 80.321746 -36.108332
80.555262 58.372213 -10.175191
4
40.923778 38.478018 82.732621
-18.990850 36.999408 90.941693
-18.522976 39.760397 89.866624
21.611839 60.132041 76.922468
5
-36.774147 -92.898548 -4.185918
-8.055443 -95.595705 28.223588
27.616514 -94.340159 18.364710
-5.463253 -96.030350 -27.355524
-8.065698 -95.560737 -28.338844
6
-54.767964 -57.447151 60.830050
-56.816164 -39.881796 71.981705
-45.110075 -29.032353 84.393149
-29.920661 -31.843873 89.948440
-17.785996 -47.487890 86.189086
-28.912600 -58.186577 76.015682
5
59.500873 33.899003 72.873203
45.220573 -15.753818 87.789048
29.935808 -20.996832 93.075133
20.109551 9.049299 97.538280
46.402282 34.979741 81.383327
4
27.616514 -94.340159 18.364710
28.497458 -94.072161 18.393572
29.798314 -92.175517 -24.813999
-5.463253 -96.030350 -27.355524
6
-81.689689 53.078686 -22.570949
-91.422494 32.761653 -23.845372
-91.270331 23.276509 -33.584681
-81.388618 28.825758 -50.447682
-73.479748 41.870472 -53.362817
-71.073517 52.314745 -47.028955
7
13.368640 95.668607 25.861112
13.428083 96.146228 23.991443
59.577859 79.328375 12.549409
60.888744 78.129347 13.724650
43.994008 72.882821 52.465433
30.886180 77.435626 55.224702
26.078900 80.370247 53.483777
7
26.505472 -26.023405 92.845260
21.392524 -41.809997 88.285243
3.985770 -50.132562 86.434020
-17.785996 -47.487890 86.189086
-29.920661 -31.843873 89.948440
-29.461750 -30.383838 90.602581
-8.762389 -12.294500 98.853760
5
-97.584549 21.833357 -0.748494
-99.271666 12.018531 -0.831365
-94.349104 7.288878 -32.328297
-91.270331 23.276509 -33.584681
-91.422494 32.761653 -23.845372
5
38.137030 -75.739579 53.000784
-1.494519 -81.185493 58.366790
3.985770 -50.132562 86.434020
21.392524 -41.809997 88.285243
26.722907 -47.415217 83.890902
8
67.429976 -45.170087 58.419702
69.758043 -29.983923 65.075186
89.753807 -11.514965 42.563596
93.250048 -12.279921 33.965160
93.678923 -13.748601 32.175074
93.783450 -22.805423 26.164427
90.035870 -32.789942 28.607024
68.618935 -53.915118 48.832385
7
-25.211885 29.338978 92.214886
-31.943494 18.644741 92.908486
-56.955835 -6.678516 81.923320
-68.056512 -5.773637 73.040922
-67.645993 22.175740 70.230023
-59.251842 33.142808 73.421887
-24.411005 31.779258 91.619766
6
67.569141 -73.638232 -3.438311
52.816346 -73.486450 42.546154
62.569770 -64.711147 43.560204
79.991343 -58.988044 11.036113
78.431688 -61.971236 -2.834822
71.098886 -70.124399 -5.245661
5
-81.388618 28.825758 -50.447682
-91.270331 23.276509 -33.584681
-94.349104 7.288878 -32.328297
-91.486538 -8.491569 -39.472860
-80.289930 11.268845 -58.536658
5
99.436121 9.369650 4.966631
98.646963 3.089018 -16.100765
95.380967 -26.306874 -14.505844
93.783450 -22.805423 26.164427
93.678923 -13.748601 32.175074
5
-84.545826 -42.533623 -32.293872
-74.206259 -49.382070 -45.330368
-73.894173 -37.191307 -56.182363
-81.100454 -22.230747 -54.115711
-89.795999 -15.103213 -41.334871
6
46.295237 -72.345435 -51.214149
39.814147 -86.433306 -30.726492
55.328911 -83.197886 -4.101621
67.569141 -73.638232 -3.438311
71.098886 -70.124399 -5.245661
56.877251 -67.841680 -46.502525
6
56.877251 -67.841680 -46.502525
71.098886 -70.124399 -5.245661
78.431688 -61.971236 -2.834822
91.525661 -34.197571 -21.297408
88.203148 -35.130498 -31.401478
77.200032 -45.837945 -44.034508
5
-22.286591 -60.928516 -76.098776
-12.273994 -54.603845 -82.872005
-42.384753 -23.838632 -87.379931
-49.077172 -21.915568 -84.327570
-54.663019 -41.723364 -72.602447
4
-8.762389 -12.294500 98.853760
-29.461750 -30.383838 90.602581
-31.943494 18.644741 92.908486
-25.211885 29.338978 92.214886
6
67.045714 37.097868 64.254342
67.706824 37.210116 63.491679
90.509585 28.429129 31.619609
93.250048 -12.279921 33.965160
89.753807 -11.514965 42.563596
77.139840 7.133191 63.234189
7
-58.362322 -71.519048 -38.456016
-57.086952 -81.995098 -4.228936
-36.774147 -92.898548 -4.185918
-8.065698 -95.560737 -28.338844
-6.530977 -90.089311 -42.909934
-29.320032 -72.532311 -62.284827
-51.852213 -69.359190 -50.006506
5
33.700885 39.452506 -85.485379
17.939503 73.053883 -65.888576
-4.909388 63.474340 -77.116186
7.460842 37.943056 -92.220715
15.315930 33.850509 -92.841614
4
-2.219648 96.510070 -26.093670
33.568541 93.114003 -14.245541
12.271230 96.987062 21.045824
-29.293376 95.088315 -10.005525
7
-97.380117 -22.474825 -3.463380
-97.433504 -22.318127 -2.934883
-96.548594 -25.566756 4.970905
-78.998916 -52.936095 30.934466
-69.661220 -65.218487 29.897548
-57.253007 -81.887248 -4.070862
-85.626784 -48.218908 -18.520011
6
-43.495377 53.549661 -72.391891
-35.567223 53.110947 -76.903836
-17.214122 68.441490 -70.847981
-18.378568 74.525089 -64.095548
-41.362509 82.882793 -37.677388
-56.607795 65.031199 -50.660643
8
-17.643978 -83.314675 52.415217
-11.680140 -85.722724 50.151660
-8.055443 -95.595705 28.223588
-36.774147 -92.898548 -4.185918
-57.086952 -81.995098 -4.228936
-57.253007 -81.887248 -4.070862
-69.661220 -65.218487 29.897548
-61.732779 -66.147606 42.585893
6
80.555262 58.372213 -10.175191
79.367703 51.097441 -33.012410
87.240122 29.885013 -38.678769
95.484923 19.565357 -22.356794
87.835817 47.575468 4.630776
82.253937 56.829920 2.156391
7
-97.433504 -22.318127 -2.934883
-97.380117 -22.474825 -3.463380
-91.265167 -12.050850 -39.056962
-91.486538 -8.491569 -39.472860
-94.349104 7.288878 -32.328297
-99.271666 12.018531 -0.831365
-99.624159 8.612350 0.924364
6
3.985770 -50.132562 86.434020
-1.494519 -81.185493 58.366790
-11.680140 -85.722724 50.151660
-17.643978 -83.314675 52.415217
-28.912600 -58.186577 76.015682
-17.785996 -47.487890 86.189086
5
-86.161548 36.454853 35.316162
-87.676932 37.446980 30.174148
-80.545248 58.825799 7.210305
-60.290852 74.123964 29.506798
-81.400868 42.600542 39.485345
5
-1.407255 -25.435822 -96.700768
4.991352 -50.999850 -85.872590
26.423498 -57.558255 -77.387635
52.170032 -20.251161 -82.874473
13.878361 1.539583 -99.020305
7
-35.567223 53.110947 -76.903836
-43.495377 53.549661 -72.391891
-61.880682 32.559861 -71.488717
-59.821414 23.325121 -76.663793
-54.562916 20.815068 -81.176482
-30.361746 28.474897 -90.924939
-28.679243 31.006156 -90.642811
5
93.678923 -13.748601 32.175074
93.250048 -12.279921 33.965160
90.509585 28.429129 31.619609
92.251581 33.392046 19.355027
99.436121 9.369650 4.966631
6
21.611839 60.132041 76.922468
-18.522976 39.760397 89.866624
-19.376238 44.225247 87.571051
10.948292 80.208734 58.708550
26.078900 80.370247 53.483777
30.886180 77.435626 55.224702
7
-6.530977 -90.089311 -42.909934
29.273997 -65.498912 -69.662944
26.423498 -57.558255 -77.387635
4.991352 -50.999850 -85.872590
-12.273994 -54.603845 -82.872005
-22.286591 -60.928516 -76.098776
-29.320032 -72.532311 -62.284827
6
-73.479748 41.870472 -53.362817
-81.388618 28.825758 -50.447682
-80.289930 11.268845 -58.536658
-73.585297 8.953015 -67.119652
-59.821414 23.325121 -76.663793
-61.880682 32.559861 -71.488717
5
79.367703 51.097441 -33.012410
56.529401 61.577645 -54.887343
56.424868 57.494851 -59.250117
79.856117 23.382488 -55.464041
87.240122 29.885013 -38.678769
7
26.505472 -26.023405 92.845260
-8.762389 -12.294500 98.853760
-25.211885 29.338978 92.214886
-24.411005 31.779258 91.619766
-19.259892 36.296140 91.168233
20.109551 9.049299 97.538280
29.935808 -20.996832 93.075133
7
-5.463253 -96.030350 -27.355524
29.798314 -92.175517 -24.813999
39.814147 -86.433306 -30.726492
46.295237 -72.345435 -51.214149
29.273997 -65.498912 -69.662944
-6.530977 -90.089311 -42.909934
-8.065698 -95.560737 -28.338844
4
62.305849 -19.070332 75.857127
77.139840 7.133191 63.234189
89.753807 -11.514965 42.563596
69.758043 -29.983923 65.075186
5
-97.380117 -22.474825 -3.463380
-85.626784 -48.218908 -18.520011
-84.545826 -42.533623 -32.293872
-89.795999 -15.103213 -41.334871
-91.265167 -12.050850 -39.056962
5
-66.127390 44.128768 60.661522
-81.400868 42.600542 39.485345
-60.290852 74.123964 29.506798
-46.876268 83.124285 29.882582
-37.031843 79.335566 48.316773
5
-99.624159 8.612350 0.924364
-90.780928 4.773578 41.665767
-90.620464 2.814781 42.190146
-96.548594 -25.566756 4.970905
-97.433504 -22.318127 -2.934883
5
59.577859 79.328375 12.549409
13.428083 96.146228 23.991443
12.271230 96.987062 21.045824
33.568541 93.114003 -14.245541
41.575443 89.465952 -16.350105
6
82.253937 56.829920 2.156391
87.835817 47.575468 4.630776
92.251581 33.392046 19.355027
90.509585 28.429129 31.619609
67.706824 37.210116 63.491679
73.244398 67.241783 10.667742
5
-71.073517 52.314745 -47.028955
-73.479748 41.870472 -53.362817
-61.880682 32.559861 -71.488717
-43.495377 53.549661 -72.391891
-56.607795 65.031199 -50.660643
5
-28.679243 31.006156 -90.642811
7.460842 37.943056 -92.220715
-4.909388 63.474340 -77.116186
-17.214122 68.441490 -70.847981
-35.567223 53.110947 -76.903836
5
-51.852213 -69.359190 -50.006506
-55.971172 -42.923182 -70.886023
-73.894173 -37.191307 -56.182363
-74.206259 -49.382070 -45.330368
-58.362322 -71.519048 -38.456016
6
66.546838 37.355749 64.622491
67.045714 37.097868 64.254342
77.139840 7.133191 63.234189
62.305849 -19.070332 75.857127
45.220573 -15.753818 87.789048
59.500873 33.899003 72.873203
7
-73.585297 8.953015 -67.119652
-80.289930 11.268845 -58.536658
-91.486538 -8.491569 -39.472860
-91.265167 -12.050850 -39.056962
-89.795999 -15.103213 -41.334871
-81.100454 -22.230747 -54.115711
-68.581133 -11.248823 -71.903353
6
95.380967 -26.306874 -14.505844
91.525661 -34.197571 -21.297408
78.431688 -61.971236 -2.834822
79.991343 -58.988044 11.036113
90.035870 -32.789942 28.607024
93.783450 -22.805423 26.164427
6
-29.293376 95.088315 -10.005525
-35.646021 92.927021 -9.691749
-41.362509 82.882793 -37.677388
-18.378568 74.525089 -64.095548
7.306707 87.103324 -48.575950
-2.219648 96.510070 -26.093670
4
68.618935 -53.915118 48.832385
90.035870 -32.789942 28.607024
79.991343 -58.988044 11.036113
62.569770 -64.711147 43.560204
7
-82.755647 -14.827530 54.144688
-78.461288 -14.627694 60.248293
-56.816164 -39.881796 71.981705
-54.767964 -57.447151 60.830050
-61.732779 -66.147606 42.585893
-69.661220 -65.218487 29.897548
-78.998916 -52.936095 30.934466
5
46.402282 34.979741 81.383327
20.109551 9.049299 97.538280
-19.259892 36.296140 91.168233
-18.990850 36.999408 90.941693
40.923778 38.478018 82.732621
5
63.903690 2.135811 -76.887949
77.573385 13.487925 -61.647756
79.856117 23.382488 -55.464041
56.424868 57.494851 -59.250117
39.415102 38.972566 -83.232138
6
-46.876268 83.124285 29.882582
-60.290852 74.123964 29.506798
-80.545248 58.825799 7.210305
-81.003629 57.718722 -10.342202
-80.077661 58.471248 -12.987735
-36.633143 92.646241 -8.642149
7
-2.219648 96.510070 -26.093670
7.306707 87.103324 -48.575950
21.989962 80.557191 -55.018002
46.295700 76.511544 -44.751445
47.377268 80.321746 -36.108332
41.575443 89.465952 -16.350105
33.568541 93.114003 -14.245541
4
13.368640 95.668607 25.861112
26.078900 80.370247 53.483777
10.948292 80.208734 58.708550
-29.487145 81.866742 49.278239
7
-80.077661 58.471248 -12.987735
-81.689689 53.078686 -22.570949
-71.073517 52.314745 -47.028955
-56.607795 65.031199 -50.660643
-41.362509 82.882793 -37.677388
-35.646021 92.927021 -9.691749
-36.633143 92.646241 -8.642149
4
-50.536579 -11.059478 -85.578865
-27.402505 11.067718 -95.533284
-30.361746 28.474897 -90.924939
-54.562916 20.815068 -81.176482
5
-12.273994 -54.603845 -82.872005
4.991352 -50.999850 -85.872590
-1.407255 -25.435822 -96.700768
-21.050986 -16.233554 -96.401907
-42.384753 -23.838632 -87.379931
7
12.107369 7.026602 -99.015345
15.315930 33.850509 -92.841614
7.460842 37.943056 -92.220715
-28.679243 31.006156 -90.642811
-30.361746 28.474897 -90.924939
-27.402505 11.067718 -95.533284
-20.756205 4.354623 -97.725213
4
-80.545248 58.825799 7.210305
-87.676932 37.446980 30.174148
-94.794551 31.200118 6.367546
-81.003629 57.718722 -10.342202
7
98.646963 3.089018 -16.100765
97.564901 8.767251 -20.105359
88.465285 0.767249 -46.618717
87.309703 -23.063931 -42.954289
88.203148 -35.130498 -31.401478
91.525661 -34.197571 -21.297408
95.380967 -26.306874 -14.505844
6
-86.161548 36.454853 35.316162
-81.400868 42.600542 39.485345
-66.127390 44.128768 60.661522
-59.251842 33.142808 73.421887
-67.645993 22.175740 70.230023
-89.206350 14.806549 42.696525
6
-50.536579 -11.059478 -85.578865
-54.562916 20.815068 -81.176482
-59.821414 23.325121 -76.663793
-73.585297 8.953015 -67.119652
-68.581133 -11.248823 -71.903353
-51.571972 -17.481302 -83.873332
7
-55.971172 -42.923182 -70.886023
-54.663019 -41.723364 -72.602447
-49.077172 -21.915568 -84.327570
-51.571972 -17.481302 -83.873332
-68.581133 -11.248823 -71.903353
-81.100454 -22.230747 -54.115711
-73.894173 -37.191307 -56.182363
8
-99.624159 8.612350 0.924364
-99.271666 12.018531 -0.831365
-97.584549 21.833357 -0.748494
-94.794551 31.200118 6.367546
-87.676932 37.446980 30.174148
-86.161548 36.454853 35.316162
-89.206350 14.806549 42.696525
-90.780928 4.773578 41.665767
5
-78.461288 -14.627694 60.248293
-68.056512 -5.773637 73.040922
-56.955835 -6.678516 81.923320
-45.110075 -29.032353 84.393149
-56.816164 -39.881796 71.981705
4
-17.643978 -83.314675 52.415217
-61.732779 -66.147606 42.585893
-54.767964 -57.447151 60.830050
-28.912600 -58.186577 76.015682
7
56.424868 57.494851 -59.250117
56.529401 61.577645 -54.887343
46.295700 76.511544 -44.751445
21.989962 80.557191 -55.018002
17.939503 73.053883 -65.888576
33.700885 39.452506 -85.485379
39.415102 38.972566 -83.232138
7
21.611839 60.132041 76.922468
30.886180 77.435626 55.224702
43.994008 72.882821 52.465433
66.546838 37.355749 64.622491
59.500873 33.899003 72.873203
46.402282 34.979741 81.383327
40.923778 38.478018 82.732621
6
-74.206259 -49.382070 -45.330368
-84.545826 -42.533623 -32.293872
-85.626784 -48.218908 -18.520011
-57.253007 -81.887248 -4.070862
-57.086952 -81.995098 -4.228936
-58.362322 -71.519048 -38.456016
4
-78.998916 -52.936095 30.934466
-96.548594 -25.566756 4.970905
-90.620464 2.814781 42.190146
-82.755647 -14.827530 54.144688
7
-67.645993 22.175740 70.230023
-68.056512 -5.773637 73.040922
-78.461288 -14.627694 60.248293
-82.755647 -14.827530 54.144688
-90.620464 2.814781 42.190146
-90.780928 4.773578 41.665767
-89.206350 14.806549 42.696525
8
29.935808 -20.996832 93.075133
45.220573 -15.753818 87.789048
62.305849 -19.070332 75.857127
69.758043 -29.983923 65.075186
67.429976 -45.170087 58.419702
26.722907 -47.415217 83.890902
21.392524 -41.809997 88.285243
26.505472 -26.023405 92.845260
5
-51.852213 -69.359190 -50.006506
-29.320032 -72.532311 -62.284827
-22.286591 -60.928516 -76.098776
-54.663019 -41.723364 -72.602447
-55.971172 -42.923182 -70.886023
5
88.465285 0.767249 -46.618717
77.573385 13.487925 -61.647756
63.903690 2.135811 -76.887949
62.419203 -4.623034 -77.990196
87.309703 -23.063931 -42.954289
5
29.798314 -92.175517 -24.813999
28.497458 -94.072161 18.393572
29.843905 -93.537321 18.976587
55.328911 -83.197886 -4.101621
39.814147 -86.433306 -30.726492
6
-4.909388 63.474340 -77.116186
17.939503 73.053883 -65.888576
21.989962 80.557191 -55.018002
7.306707 87.103324 -48.575950
-18.378568 74.525089 -64.095548
-17.214122 68.441490 -70.847981
7
52.170032 -20.251161 -82.874473
26.423498 -57.558255 -77.387635
29.273997 -65.498912 -69.662944
46.295237 -72.345435 -51.214149
56.877251 -67.841680 -46.502525
77.200032 -45.837945 -44.034508
52.794930 -19.809093 -82.585078
9
39.415102 38.972566 -83.232138
33.700885 39.452506 -85.485379
15.315930 33.850509 -92.841614
12.107369 7.026602 -99.015345
13.878361 1.539583 -99.020305
52.170032 -20.251161 -82.874473
52.794930 -19.809093 -82.585078
62.419203 -4.623034 -77.990196
63.903690 2.135811 -76.887949
5
12.107369 7.026602 -99.015345
-20.756205 4.354623 -97.725213
-21.050986 -16.233554 -96.401907
-1.407255 -25.435822 -96.700768
13.878361 1.539583 -99.020305
6
-81.003629 57.718722 -10.342202
-94.794551 31.200118 6.367546
-97.584549 21.833357 -0.748494
-91.422494 32.761653 -23.845372
-81.689689 53.078686 -22.570949
-80.077661 58.471248 -12.987735
5
29.843905 -93.537321 18.976587
45.426993 -77.663394 43.643849
52.816346 -73.486450 42.546154
67.569141 -73.638232 -3.438311
55.328911 -83.197886 -4.101621
5
-56.955835 -6.678516 81.923320
-31.943494 18.644741 92.908486
-29.461750 -30.383838 90.602581
-29.920661 -31.843873 89.948440
-45.110075 -29.032353 84.393149
4
-36.270772 79.251212 49.027303
-29.487145 81.866742 49.278239
10.948292 80.208734 58.708550
-19.376238 44.225247 87.571051
8
45.426993 -77.663394 43.643849
29.843905 -93.537321 18.976587
28.497458 -94.072161 18.393572
27.616514 -94.340159 18.364710
-8.055443 -95.595705 28.223588
-11.680140 -85.722724 50.151660
-1.494519 -81.185493 58.366790
38.137030 -75.739579 53.000784
9
-18.990850 36.999408 90.941693
-19.259892 36.296140 91.168233
-24.411005 31.779258 91.619766
-59.251842 33.142808 73.421887
-66.127390 44.128768 60.661522
-37.031843 79.335566 48.316773
-36.270772 79.251212 49.027303
-19.376238 44.225247 87.571051
-18.522976 39.760397 89.866624
7
62.569770 -64.711147 43.560204
52.816346 -73.486450 42.546154
45.426993 -77.663394 43.643849
38.137030 -75.739579 53.000784
26.722907 -47.415217 83.890902
67.429976 -45.170087 58.419702
68.618935 -53.915118 48.832385
6
95.484923 19.565357 -22.356794
97.564901 8.767251 -20.105359
98.646963 3.089018 -16.100765
99.436121 9.369650 4.966631
92.251581 33.392046 19.355027
87.835817 47.575468 4.630776
7
-20.756205 4.354623 -97.725213
-27.402505 11.067718 -95.533284
-50.536579 -11.059478 -85.578865
-51.571972 -17.481302 -83.873332
-49.077172 -21.915568 -84.327570
-42.384753 -23.838632 -87.379931
-21.050986 -16.233554 -96.401907
