100
6
11.280958 -73.721479 66.617441
25.474087 -68.377967 68.377807
46.747985 -80.076000 37.449434
45.410172 -85.885528 23.697941
31.510294 -93.355434 17.084039
21.483702 -94.589590 24.315837
7
-38.116281 -6.955923 -92.188742
-25.498024 -30.690016 -91.695004
16.602462 -25.861297 -95.160662
11.662969 16.515319 -97.934771
-24.137552 20.201649 -94.917185
-38.940773 9.199296 -91.645999
-39.696952 7.893628 -91.443111
5
57.781519 -59.803837 55.540950
75.082684 -56.432206 34.321956
60.387296 -77.555655 18.398232
45.410172 -85.885528 23.697941
46.747985 -80.076000 37.449434
5
72.326458 64.739911 24.033879
66.300158 70.396934 25.466854
59.913009 79.910454 4.975008
59.805716 76.405392 -24.196949
86.060261 50.927511 -0.141817
6
85.333264 28.611521 -43.584573
85.409494 28.536477 -43.484339
97.789774 17.921233 -10.769838
95.063378 28.366605 12.581329
87.960809 47.568068 -0.418349
84.992597 30.208952 -43.170333
8
85.333264 28.611521 -43.584573
84.992597 30.208952 -43.170333
50.670816 75.864071 -40.952548
46.213141 77.318631 -43.430115
33.621920 34.606418 -87.589739
33.383789 29.465164 -89.539526
62.367321 8.443462 -77.711165
84.393966 25.636786 -47.121265
7
27.312332 41.237849 86.910738
29.630383 47.153372 83.057811
52.793285 51.694105 67.383889
62.179584 45.200797 63.957699
62.770624 44.378026 63.956545
61.018797 16.063550 77.580080
52.525731 11.373880 84.330792
7
-83.731501 54.669692 0.510462
-87.059810 35.821915 33.725063
-88.303628 23.440973 40.656981
-95.306644 9.873715 28.620857
-99.118265 11.305214 -6.910976
-90.013163 30.741833 -30.863736
-87.320924 39.710316 -28.251497
8
2.497166 -14.686889 98.884071
-9.914401 -26.467779 95.922684
-30.674595 -34.504642 88.704559
-48.760253 -30.297811 81.880891
-57.145759 -7.003982 81.763724
-45.550253 19.827117 86.787441
-14.426979 8.939881 98.549180
-13.679312 8.374965 98.705301
7
-88.742839 19.762092 -41.643346
-84.167460 20.680622 -49.881364
-60.231975 36.379270 -71.053909
-58.212742 53.671138 -61.079339
-62.907182 61.931406 -46.980713
-87.320924 39.710316 -28.251497
-90.013163 30.741833 -30.863736
5
-90.023301 -38.721704 19.910674
-73.274602 -62.941049 25.870003
-72.499418 -64.597571 23.895361
-88.849435 -45.662599 -4.550276
-93.096069 -36.468202 -1.786693
6
-56.698592 -61.674098 -54.603803
-75.599140 -27.931516 -59.199666
-80.114387 -20.898159 -56.079872
-86.816542 -16.864351 -46.674207
-88.539314 -20.453661 -41.742517
-81.470882 -49.704972 -29.864881
6
-30.674595 -34.504642 88.704559
-27.658716 -66.563143 69.313371
-45.603701 -70.219063 54.677103
-56.097917 -61.175983 55.772062
-58.846075 -35.767262 72.510981
-48.760253 -30.297811 81.880891
6
32.763061 83.180008 44.807009
28.095492 87.400674 39.645499
23.861050 95.015661 20.066750
59.913009 79.910454 4.975008
66.300158 70.396934 25.466854
63.953165 71.055326 29.345075
7
-32.536624 -75.508834 -56.919101
-33.847788 -75.522781 -56.130534
-45.696414 -88.089378 -12.332849
-21.776783 -97.544657 3.288091
8.874118 -94.982179 -29.993926
6.436445 -90.677517 -41.667254
-9.815020 -84.074102 -53.246697
7
38.821087 -30.237417 87.055280
28.372536 -18.361538 94.116168
52.525731 11.373880 84.330792
61.018797 16.063550 77.580080
71.435094 7.350441 69.591654
77.477668 -19.445316 60.158878
75.625800 -22.161562 61.559756
5
-81.071991 -55.758239 -17.842395
-74.501748 -64.974332 -15.093897
-35.841391 -74.872435 -55.763009
-56.698592 -61.674098 -54.603803
-81.470882 -49.704972 -29.864881
6
-39.354007 64.038850 65.956712
-21.469420 53.771229 81.533545
-23.957957 47.203110 84.840336
-46.489861 22.199152 85.708171
-48.862079 24.401522 83.767911
-43.338886 62.717201 64.717027
6
-81.071991 -55.758239 -17.842395
-88.849435 -45.662599 -4.550276
-72.499418 -64.597571 23.895361
-62.867849 -76.214928 15.456985
-62.500670 -77.783497 6.587404
-74.501748 -64.974332 -15.093897
5
32.763061 83.180008 44.807009
63.953165 71.055326 29.345075
62.179584 45.200797 63.957699
52.793285 51.694105 67.383889
32.593718 79.814129 50.669068
6
92.018158 -37.053019 12.638528
99.024770 -12.855949 5.368387
99.139963 -7.651015 -10.617420
97.026549 -10.972333 -21.574444
88.888981 -28.595013 -35.792098
86.681951 -49.689853 -4.142199
6
72.326458 64.739911 24.033879
86.322419 32.886970 38.299962
62.770624 44.378026 63.956545
62.179584 45.200797 63.957699
63.953165 71.055326 29.345075
66.300158 70.396934 25.466854
6
-44.650064 62.612031 63.922651
-74.841703 27.998852 60.123073
-83.784246 20.978029 50.399628
-88.303628 23.440973 40.656981
-87.059810 35.821915 33.725063
-58.766776 68.781370 42.609732
5
52.793285 51.694105 67.383889
29.630383 47.153372 83.057811
17.057234 62.093986 76.507435
15.705538 70.993886 68.652780
32.593718 79.814129 50.669068
5
-45.696414 -88.089378 -12.332849
-33.847788 -75.522781 -56.130534
-35.841391 -74.872435 -55.763009
-74.501748 -64.974332 -15.093897
-62.500670 -77.783497 6.587404
5
20.473246 36.697121 90.742314
27.312332 41.237849 86.910738
52.525731 11.373880 84.330792
28.372536 -18.361538 94.116168
6.661443 -14.136733 98.771342
6
26.398157 -41.303403 -87.161724
41.871833 -48.294644 -76.904986
70.566004 -20.969372 -67.681050
62.759863 5.000471 -77.692952
24.994951 -36.899426 -89.519186
25.747707 -40.195685 -87.871284
5
-26.230270 -53.033711 -80.618847
-25.498024 -30.690016 -91.695004
-38.116281 -6.955923 -92.188742
-55.535275 -32.192285 -76.677832
-32.545132 -69.284379 -64.346633
8
59.913009 79.910454 4.975008
23.861050 95.015661 20.066750
20.752635 96.491224 16.086389
25.164451 94.405508 -21.315497
41.124813 80.560423 -42.647017
46.213141 77.318631 -43.430115
50.670816 75.864071 -40.952548
59.805716 76.405392 -24.196949
5
-24.908672 53.329329 -80.842691
-58.212742 53.671138 -61.079339
-60.231975 36.379270 -71.053909
-38.940773 9.199296 -91.645999
-24.137552 20.201649 -94.917185
8
-58.766776 68.781370 42.609732
-56.892873 75.845841 31.790082
-52.337707 80.198331 28.792224
-31.947242 89.207061 31.960506
-23.970505 79.619554 55.553052
-39.354007 64.038850 65.956712
-43.338886 62.717201 64.717027
-44.650064 62.612031 63.922651
7
-57.145759 -7.003982 81.763724
-81.923445 12.520615 55.962339
-83.784246 20.978029 50.399628
-74.841703 27.998852 60.123073
-48.862079 24.401522 83.767911
-46.489861 22.199152 85.708171
-45.550253 19.827117 86.787441
6
88.411643 -19.470330 42.476906
83.934600 -17.240847 51.553235
88.012378 17.585584 44.097262
90.006927 26.514983 34.579023
94.283998 22.741512 24.358804
97.432625 6.630608 21.515545
5
20.752635 96.491224 16.086389
23.861050 95.015661 20.066750
28.095492 87.400674 39.645499
-4.156666 87.727357 47.818752
-14.136991 97.800463 15.336717
7
-21.629770 -97.483381 5.398475
8.778172 -96.017209 26.526199
21.483702 -94.589590 24.315837
31.510294 -93.355434 17.084039
28.234409 -95.911648 -1.942666
8.874118 -94.982179 -29.993926
-21.776783 -97.544657 3.288091
5
57.160735 -56.988798 59.033273
57.781519 -59.803837 55.540950
46.747985 -80.076000 37.449434
25.474087 -68.377967 68.377807
40.761747 -49.823634 76.525064
5
-25.498024 -30.690016 -91.695004
-26.230270 -53.033711 -80.618847
25.747707 -40.195685 -87.871284
24.994951 -36.899426 -89.519186
16.602462 -25.861297 -95.160662
6
81.002921 -34.150556 -47.668294
82.224468 -31.264889 -47.556740
70.566004 -20.969372 -67.681050
41.871833 -48.294644 -76.904986
46.745202 -60.379633 -64.569234
49.482894 -59.843971 -63.009065
6
62.367321 8.443462 -77.711165
62.759863 5.000471 -77.692952
70.566004 -20.969372 -67.681050
82.224468 -31.264889 -47.556740
85.751220 -28.865122 -42.585597
84.393966 25.636786 -47.121265
5
-96.319916 -8.344609 25.550759
-91.259102 -24.978886 32.370226
-90.023301 -38.721704 19.910674
-93.096069 -36.468202 -1.786693
-96.684749 -24.838163 -5.926624
7
92.018158 -37.053019 12.638528
86.681951 -49.689853 -4.142199
76.204277 -64.429178 -6.464459
60.387296 -77.555655 18.398232
75.082684 -56.432206 34.321956
79.727995 -49.863391 34.016012
89.949710 -37.710699 22.067009
6
-32.536624 -75.508834 -56.919101
-9.815020 -84.074102 -53.246697
26.398157 -41.303403 -87.161724
25.747707 -40.195685 -87.871284
-26.230270 -53.033711 -80.618847
-32.545132 -69.284379 -64.346633
7
-23.056578 96.070885 -15.452481
25.164451 94.405508 -21.315497
20.752635 96.491224 16.086389
-14.136991 97.800463 15.336717
-16.022308 97.644150 14.453570
-23.911269 97.077844 -2.035530
-23.266103 96.044604 -15.301061
5
75.082684 -56.432206 34.321956
57.781519 -59.803837 55.540950
57.160735 -56.988798 59.033273
73.277979 -40.036022 55.022311
79.727995 -49.863391 34.016012
5
-51.354188 4.987419 -85.661386
-84.167460 20.680622 -49.881364
-88.742839 19.762092 -41.643346
-86.816542 -16.864351 -46.674207
-80.114387 -20.898159 -56.079872
4
97.789774 17.921233 -10.769838
85.409494 28.536477 -43.484339
97.026549 -10.972333 -21.574444
99.139963 -7.651015 -10.617420
6
62.744653 -73.622715 -25.353585
66.882058 -70.362958 -23.996758
69.674694 -61.358510 -37.156026
49.482894 -59.843971 -63.009065
46.745202 -60.379633 -64.569234
34.863865 -79.260423 -50.022957
5
-27.640062 76.105328 -58.685655
-22.374879 57.697087 -78.551963
-2.133608 63.957242 -76.843470
14.679416 82.827009 -54.075884
-6.134032 85.919831 -50.795238
6
-14.136991 97.800463 15.336717
-4.156666 87.727357 47.818752
-11.683376 82.279484 55.620008
-23.970505 79.619554 55.553052
-31.947242 89.207061 31.960506
-16.022308 97.644150 14.453570
5
-58.846075 -35.767262 72.510981
-76.560136 -30.864660 56.443940
-81.923445 12.520615 55.962339
-57.145759 -7.003982 81.763724
-48.760253 -30.297811 81.880891
6
-23.266103 96.044604 -15.301061
-47.672860 82.091765 -31.436294
-49.973535 76.313915 -40.973555
-27.640062 76.105328 -58.685655
-6.134032 85.919831 -50.795238
-23.056578 96.070885 -15.452481
9
6.661443 -14.136733 98.771342
28.372536 -18.361538 94.116168
38.821087 -30.237417 87.055280
40.761747 -49.823634 76.525064
25.474087 -68.377967 68.377807
11.280958 -73.721479 66.617441
7.901904 -73.405263 67.447960
-9.914401 -26.467779 95.922684
2.497166 -14.686889 98.884071
5
-30.674595 -34.504642 88.704559
-9.914401 -26.467779 95.922684
7.901904 -73.405263 67.447960
-10.662044 -77.870392 61.826555
-27.658716 -66.563143 69.313371
7
-62.907182 61.931406 -46.980713
-49.973535 76.313915 -40.973555
-47.672860 82.091765 -31.436294
-63.362309 77.149875 -5.754530
-77.553295 63.097423 2.049791
-83.731501 54.669692 0.510462
-87.320924 39.710316 -28.251497
5
-23.056578 96.070885 -15.452481
-6.134032 85.919831 -50.795238
14.679416 82.827009 -54.075884
41.124813 80.560423 -42.647017
25.164451 94.405508 -21.315497
6
-9.815020 -84.074102 -53.246697
6.436445 -90.677517 -41.667254
34.863865 -79.260423 -50.022957
46.745202 -60.379633 -64.569234
41.871833 -48.294644 -76.904986
26.398157 -41.303403 -87.161724
4
-44.650064 62.612031 63.922651
-43.338886 62.717201 64.717027
-48.862079 24.401522 83.767911
-74.841703 27.998852 60.123073
5
-58.846075 -35.767262 72.510981
-56.097917 -61.175983 55.772062
-73.150994 -60.389430 31.655155
-79.764620 -33.433033 50.197985
-76.560136 -30.864660 56.443940
4
-45.550253 19.827117 86.787441
-46.489861 22.199152 85.708171
-23.957957 47.203110 84.840336
-14.426979 8.939881 98.549180
7
-96.684749 -24.838163 -5.926624
-93.096069 -36.468202 -1.786693
-88.849435 -45.662599 -4.550276
-81.071991 -55.758239 -17.842395
-81.470882 -49.704972 -29.864881
-88.539314 -20.453661 -41.742517
-97.052383 -21.515149 -10.859708
7
-21.776783 -97.544657 3.288091
-45.696414 -88.089378 -12.332849
-62.500670 -77.783497 6.587404
-62.867849 -76.214928 15.456985
-57.819118 -79.176587 19.698164
-29.249417 -93.824768 18.476594
-21.629770 -97.483381 5.398475
5
-7.047792 51.116279 85.658944
-16.646415 54.243476 82.344047
1.043392 74.082582 67.161614
15.705538 70.993886 68.652780
17.057234 62.093986 76.507435
7
94.283998 22.741512 24.358804
90.006927 26.514983 34.579023
86.322419 32.886970 38.299962
72.326458 64.739911 24.033879
86.060261 50.927511 -0.141817
87.960809 47.568068 -0.418349
95.063378 28.366605 12.581329
6
-97.052383 -21.515149 -10.859708
-88.539314 -20.453661 -41.742517
-86.816542 -16.864351 -46.674207
-88.742839 19.762092 -41.643346
-90.013163 30.741833 -30.863736
-99.118265 11.305214 -6.910976
6
-0.984389 43.363557 90.103457
-7.047792 51.116279 85.658944
17.057234 62.093986 76.507435
29.630383 47.153372 83.057811
27.312332 41.237849 86.910738
20.473246 36.697121 90.742314
7
76.204277 -64.429178 -6.464459
66.882058 -70.362958 -23.996758
62.744653 -73.622715 -25.353585
28.234409 -95.911648 -1.942666
31.510294 -93.355434 17.084039
45.410172 -85.885528 23.697941
60.387296 -77.555655 18.398232
5
38.821087 -30.237417 87.055280
75.625800 -22.161562 61.559756
73.277979 -40.036022 55.022311
57.160735 -56.988798 59.033273
40.761747 -49.823634 76.525064
6
-23.970505 79.619554 55.553052
-11.683376 82.279484 55.620008
1.043392 74.082582 67.161614
-16.646415 54.243476 82.344047
-21.469420 53.771229 81.533545
-39.354007 64.038850 65.956712
5
-87.059810 35.821915 33.725063
-83.731501 54.669692 0.510462
-77.553295 63.097423 2.049791
-56.892873 75.845841 31.790082
-58.766776 68.781370 42.609732
8
86.681951 -49.689853 -4.142199
88.888981 -28.595013 -35.792098
85.751220 -28.865122 -42.585597
82.224468 -31.264889 -47.556740
81.002921 -34.150556 -47.668294
69.674694 -61.358510 -37.156026
66.882058 -70.362958 -23.996758
76.204277 -64.429178 -6.464459
6
16.602462 -25.861297 -95.160662
24.994951 -36.899426 -89.519186
62.759863 5.000471 -77.692952
62.367321 8.443462 -77.711165
33.383789 29.465164 -89.539526
11.662969 16.515319 -97.934771
5
-47.672860 82.091765 -31.436294
-23.266103 96.044604 -15.301061
-23.911269 97.077844 -2.035530
-49.729681 86.377568 8.116318
-63.362309 77.149875 -5.754530
7
-13.679312 8.374965 98.705301
-14.426979 8.939881 98.549180
-23.957957 47.203110 84.840336
-21.469420 53.771229 81.533545
-16.646415 54.243476 82.344047
-7.047792 51.116279 85.658944
-0.984389 43.363557 90.103457
8
-62.867849 -76.214928 15.456985
-72.499418 -64.597571 23.895361
-73.274602 -62.941049 25.870003
-73.150994 -60.389430 31.655155
-56.097917 -61.175983 55.772062
-45.603701 -70.219063 54.677103
-42.900551 -79.432959 43.011019
-57.819118 -79.176587 19.698164
5
-16.022308 97.644150 14.453570
-31.947242 89.207061 31.960506
-52.337707 80.198331 28.792224
-49.729681 86.377568 8.116318
-23.911269 97.077844 -2.035530
5
-63.362309 77.149875 -5.754530
-49.729681 86.377568 8.116318
-52.337707 80.198331 28.792224
-56.892873 75.845841 31.790082
-77.553295 63.097423 2.049791
5
8.778172 -96.017209 26.526199
-21.629770 -97.483381 5.398475
-29.249417 -93.824768 18.476594
-20.487877 -88.649271 41.491610
-16.922639 -88.551205 43.270178
5
89.949710 -37.710699 22.067009
88.411643 -19.470330 42.476906
97.432625 6.630608 21.515545
99.024770 -12.855949 5.368387
92.018158 -37.053019 12.638528
6
-39.696952 7.893628 -91.443111
-51.354188 4.987419 -85.661386
-80.114387 -20.898159 -56.079872
-75.599140 -27.931516 -59.199666
-55.535275 -32.192285 -76.677832
-38.116281 -6.955923 -92.188742
8
-95.306644 9.873715 28.620857
-88.303628 23.440973 40.656981
-83.784246 20.978029 50.399628
-81.923445 12.520615 55.962339
-76.560136 -30.864660 56.443940
-79.764620 -33.433033 50.197985
-91.259102 -24.978886 32.370226
-96.319916 -8.344609 25.550759
5
28.234409 -95.911648 -1.942666
62.744653 -73.622715 -25.353585
34.863865 -79.260423 -50.022957
6.436445 -90.677517 -41.667254
8.874118 -94.982179 -29.993926
7
-32.545132 -69.284379 -64.346633
-55.535275 -32.192285 -76.677832
-75.599140 -27.931516 -59.199666
-56.698592 -61.674098 -54.603803
-35.841391 -74.872435 -55.763009
-33.847788 -75.522781 -56.130534
-32.536624 -75.508834 -56.919101
4
77.477668 -19.445316 60.158878
71.435094 7.350441 69.591654
88.012378 17.585584 44.097262
83.934600 -17.240847 51.553235
6
-27.658716 -66.563143 69.313371
-10.662044 -77.870392 61.826555
-16.922639 -88.551205 43.270178
-20.487877 -88.649271 41.491610
-42.900551 -79.432959 43.011019
-45.603701 -70.219063 54.677103
6
11.280958 -73.721479 66.617441
21.483702 -94.589590 24.315837
8.778172 -96.017209 26.526199
-16.922639 -88.551205 43.270178
-10.662044 -77.870392 61.826555
7.901904 -73.405263 67.447960
3
81.002921 -34.150556 -47.668294
49.482894 -59.843971 -63.009065
69.674694 -61.358510 -37.156026
6
84.393966 25.636786 -47.121265
85.751220 -28.865122 -42.585597
88.888981 -28.595013 -35.792098
97.026549 -10.972333 -21.574444
85.409494 28.536477 -43.484339
85.333264 28.611521 -43.584573
5
-90.023301 -38.721704 19.910674
-91.259102 -24.978886 32.370226
-79.764620 -33.433033 50.197985
-73.150994 -60.389430 31.655155
-73.274602 -62.941049 25.870003
6
71.435094 7.350441 69.591654
61.018797 16.063550 77.580080
62.770624 44.378026 63.956545
86.322419 32.886970 38.299962
90.006927 26.514983 34.579023
88.012378 17.585584 44.097262
5
2.497166 -14.686889 98.884071
-13.679312 8.374965 98.705301
-0.984389 43.363557 90.103457
20.473246 36.697121 90.742314
6.661443 -14.136733 98.771342
5
-38.940773 9.199296 -91.645999
-60.231975 36.379270 -71.053909
-84.167460 20.680622 -49.881364
-51.354188 4.987419 -85.661386
-39.696952 7.893628 -91.443111
6
95.063378 28.366605 12.581329
97.789774 17.921233 -10.769838
99.139963 -7.651015 -10.617420
99.024770 -12.855949 5.368387
97.432625 6.630608 21.515545
94.283998 22.741512 24.358804
4
-57.819118 -79.176587 19.698164
-42.900551 -79.432959 43.011019
-20.487877 -88.649271 41.491610
-29.249417 -93.824768 18.476594
5
-99.118265 11.305214 -6.910976
-95.306644 9.873715 28.620857
-96.319916 -8.344609 25.550759
-96.684749 -24.838163 -5.926624
-97.052383 -21.515149 -10.859708
5
84.992597 30.208952 -43.170333
87.960809 47.568068 -0.418349
86.060261 50.927511 -0.141817
59.805716 76.405392 -24.196949
50.670816 75.864071 -40.952548
7
33.621920 34.606418 -87.589739
-2.133608 63.957242 -76.843470
-22.374879 57.697087 -78.551963
-24.908672 53.329329 -80.842691
-24.137552 20.201649 -94.917185
11.662969 16.515319 -97.934771
33.383789 29.465164 -89.539526
6
-27.640062 76.105328 -58.685655
-49.973535 76.313915 -40.973555
-62.907182 61.931406 -46.980713
-58.212742 53.671138 -61.079339
-24.908672 53.329329 -80.842691
-22.374879 57.697087 -78.551963
5
-2.133608 63.957242 -76.843470
33.621920 34.606418 -87.589739
46.213141 77.318631 -43.430115
41.124813 80.560423 -42.647017
14.679416 82.827009 -54.075884
7
79.727995 -49.863391 34.016012
73.277979 -40.036022 55.022311
75.625800 -22.161562 61.559756
77.477668 -19.445316 60.158878
83.934600 -17.240847 51.553235
88.411643 -19.470330 42.476906
89.949710 -37.710699 22.067009
7
32.593718 79.814129 50.669068
15.705538 70.993886 68.652780
1.043392 74.082582 67.161614
-11.683376 82.279484 55.620008
-4.156666 87.727357 47.818752
28.095492 87.400674 39.645499
32.763061 83.180008 44.807009
