100
7
-35.989542 88.077974 30.773743
-59.836847 61.062044 51.874642
-64.904025 58.143035 49.059709
-68.128840 62.069353 38.805367
-61.073613 78.166970 12.646683
-53.840354 83.748580 9.348345
-34.484483 90.547098 24.739512
7
64.039970 62.758898 -44.274179
70.821111 67.280370 -21.394440
57.348284 80.079494 17.275675
56.800778 80.385185 17.660509
41.698806 89.902206 13.371721
39.449699 86.912413 -29.832093
52.308212 72.847740 -44.238645
4
-10.440128 70.903971 69.739735
-5.262073 87.172989 48.715301
26.279473 92.361736 27.905179
24.471923 77.205293 58.655500
8
25.510324 -88.749197 -38.377121
3.771775 -94.398960 -32.781246
-1.957144 -99.945059 -2.674835
1.176635 -99.777120 6.568250
7.882078 -99.050364 11.264915
28.662682 -95.630794 5.762100
34.660926 -89.562244 -27.878750
25.836086 -88.719735 -38.227023
4
71.736514 -43.145961 54.701906
61.065531 -25.544829 74.956405
68.846586 -7.899293 72.095414
89.442537 -20.991362 39.489179
5
-6.878008 -4.994257 -99.638097
-38.971174 0.573104 -92.091906
-46.099052 -6.933560 -88.469221
-36.741012 -41.448996 -83.259106
-11.208072 -36.947986 -92.245463
8
-79.360683 -59.923745 -10.536928
-71.713405 -69.423051 -6.134128
-59.231821 -80.335619 -6.146529
-50.104644 -83.925168 -21.120863
-46.452321 -75.489231 -46.298573
-52.922111 -60.237567 -59.755215
-79.420413 -45.959367 -39.750906
-83.040515 -46.919984 -30.046428
6
-18.595867 -10.926400 97.646339
-37.515506 -13.475370 91.711511
-54.883973 1.172541 83.584536
-19.413272 29.835712 93.450282
-8.604650 14.398223 98.583220
-10.688882 -0.051919 99.427084
5
-54.202418 -75.555395 36.789674
-41.794654 -77.260609 47.791267
-22.627555 -84.207835 48.959517
-22.078658 -95.330759 20.605322
-45.390777 -87.880928 14.718010
5
-12.192938 69.286471 71.068398
-16.195782 62.283913 76.540256
-23.291319 61.548849 75.294446
-59.836847 61.062044 51.874642
-35.989542 88.077974 30.773743
6
92.090686 -19.364668 33.827727
97.119098 -0.221476 23.829220
99.479592 -2.316560 -9.921915
94.500917 -30.119696 -12.742863
85.955721 -50.680946 6.561686
85.392168 -49.247268 16.819160
7
-2.839946 -80.380279 59.421759
13.541777 -81.674370 56.088479
15.845466 -83.878298 52.089848
7.882078 -99.050364 11.264915
1.176635 -99.777120 6.568250
-22.078658 -95.330759 20.605322
-22.627555 -84.207835 48.959517
5
-83.040515 -46.919984 -30.046428
-97.581168 -19.559835 -9.763632
-91.223292 -34.737006 21.717535
-85.187600 -48.729822 19.195763
-79.360683 -59.923745 -10.536928
7
-73.054973 36.186207 -57.909666
-56.645178 75.253052 -33.590206
-60.045308 74.601638 -28.795078
-83.725375 53.559703 -11.019065
-85.963202 49.969742 -10.646724
-81.878758 33.114687 -46.896551
-79.079330 32.184123 -52.063825
5
-36.741012 -41.448996 -83.259106
-46.099052 -6.933560 -88.469221
-61.414075 0.316126 -78.919019
-69.140010 -9.055337 -71.677471
-41.460918 -44.244135 -79.520116
7
15.845466 -83.878298 52.089848
13.541777 -81.674370 56.088479
27.186113 -63.124822 72.637264
45.795630 -57.499448 67.798036
64.765702 -58.800198 48.455552
65.449566 -65.643520 37.513765
42.190297 -81.627567 39.457815
5
98.609274 2.444165 -16.438892
81.116531 -26.019588 -52.374512
86.857266 -39.285291 -30.207305
94.500917 -30.119696 -12.742863
99.479592 -2.316560 -9.921915
7
62.331272 46.620817 -62.779868
55.468524 26.490094 -78.876598
60.916123 9.784508 -78.698726
70.274748 -7.542376 -70.743002
82.769422 7.720859 -55.584270
74.803417 47.223444 -46.630410
68.129702 53.705418 -49.740042
8
-69.140010 -9.055337 -71.677471
-61.414075 0.316126 -78.919019
-58.181401 21.715664 -78.379554
-66.985564 36.686867 -64.552367
-73.054973 36.186207 -57.909666
-79.079330 32.184123 -52.063825
-80.912998 24.461194 -53.429736
-74.679927 -9.566469 -65.813305
5
-6.981285 99.415188 -8.239056
4.582185 98.913789 13.966600
-15.315994 95.942623 23.673476
-24.423732 94.579919 21.403744
-24.530332 96.178474 -12.164044
7
-26.929558 63.098855 -72.755298
-27.433844 64.075186 -71.706030
-30.243864 64.019944 -70.616963
-66.985564 36.686867 -64.552367
-58.181401 21.715664 -78.379554
-41.448377 21.244636 -88.491228
-36.737380 24.175028 -89.810539
7
-12.192938 69.286471 71.068398
-35.989542 88.077974 30.773743
-34.484483 90.547098 24.739512
-24.423732 94.579919 21.403744
-15.315994 95.942623 23.673476
-5.262073 87.172989 48.715301
-10.440128 70.903971 69.739735
6
14.330634 -52.159167 -84.107397
34.519327 -19.569693 -91.790213
28.370719 -3.356885 -95.832320
4.260412 14.836935 -98.801388
-6.878008 -4.994257 -99.638097
-11.208072 -36.947986 -92.245463
6
-46.452321 -75.489231 -46.298573
-24.317513 -89.262899 -37.957786
-5.239139 -91.517308 -39.964156
-7.943364 -77.775889 -62.352338
-51.865736 -59.788874 -61.116577
-52.922111 -60.237567 -59.755215
8
97.119098 -0.221476 23.829220
89.386291 25.906369 36.591679
89.453776 38.065104 23.432240
92.554973 35.793032 -12.346488
93.551337 28.457312 -20.936303
97.880344 6.994914 -19.248623
98.609274 2.444165 -16.438892
99.479592 -2.316560 -9.921915
6
-7.943364 -77.775889 -62.352338
-5.239139 -91.517308 -39.964156
3.771775 -94.398960 -32.781246
25.510324 -88.749197 -38.377121
22.312671 -57.955235 -78.379433
16.882745 -55.797648 -81.250203
5
23.067345 72.923963 -64.420441
6.308361 91.887544 -38.947193
-8.973725 89.748777 -43.181353
-20.934762 69.515205 -68.770430
20.326559 69.931867 -68.530030
5
34.519327 -19.569693 -91.790213
69.613941 -16.330192 -69.908683
70.274748 -7.542376 -70.743002
60.916123 9.784508 -78.698726
28.370719 -3.356885 -95.832320
6
-41.794654 -77.260609 47.791267
-54.202418 -75.555395 36.789674
-59.290669 -71.676187 36.703417
-62.741311 -44.255658 64.069998
-45.814039 -50.845450 72.909630
-40.677341 -55.696946 72.409972
5
57.328576 -51.009864 -64.120420
22.312671 -57.955235 -78.379433
25.510324 -88.749197 -38.377121
25.836086 -88.719735 -38.227023
61.253148 -63.037107 -47.690408
6
-24.317513 -89.262899 -37.957786
-32.295224 -92.963590 -17.742306
-28.074647 -95.443800 -10.114112
-1.957144 -99.945059 -2.674835
3.771775 -94.398960 -32.781246
-5.239139 -91.517308 -39.964156
6
-98.439462 15.186344 8.890850
-97.601574 19.301988 10.068073
-77.987748 30.173405 54.840467
-70.863914 9.617168 69.898611
-88.335658 -18.828067 42.922202
-91.026697 -18.899848 36.836615
5
85.955721 -50.680946 6.561686
94.500917 -30.119696 -12.742863
86.857266 -39.285291 -30.207305
69.967754 -66.079844 -27.165559
68.830704 -70.696198 -16.259820
6
-36.737380 24.175028 -89.810539
-41.448377 21.244636 -88.491228
-38.971174 0.573104 -92.091906
-6.878008 -4.994257 -99.638097
4.260412 14.836935 -98.801388
4.259866 14.864218 -98.797310
7
57.348284 80.079494 17.275675
79.883585 58.461953 14.170844
89.453776 38.065104 23.432240
89.386291 25.906369 36.591679
81.496444 29.976002 49.596058
58.626702 61.492857 52.740292
56.800778 80.385185 17.660509
6
-41.794654 -77.260609 47.791267
-40.677341 -55.696946 72.409972
-34.165229 -57.149208 74.610356
-13.211791 -68.715626 71.439564
-2.839946 -80.380279 59.421759
-22.627555 -84.207835 48.959517
5
7.882078 -99.050364 11.264915
15.845466 -83.878298 52.089848
42.190297 -81.627567 39.457815
42.252261 -90.243892 8.413461
28.662682 -95.630794 5.762100
7
70.274748 -7.542376 -70.743002
69.613941 -16.330192 -69.908683
70.997459 -24.651413 -65.967178
81.116531 -26.019588 -52.374512
98.609274 2.444165 -16.438892
97.880344 6.994914 -19.248623
82.769422 7.720859 -55.584270
6
10.912539 93.492297 -33.765468
39.449699 86.912413 -29.832093
41.698806 89.902206 13.371721
30.619203 93.701889 16.805371
29.525078 94.135776 16.331731
9.073682 96.914075 -22.920088
6
-19.157307 -43.407388 88.027247
-36.945668 -23.077428 90.013610
-37.515506 -13.475370 91.711511
-18.595867 -10.926400 97.646339
8.275948 -37.153733 92.472206
-2.723515 -43.730826 89.889918
7
24.471923 77.205293 58.655500
26.279473 92.361736 27.905179
30.619203 93.701889 16.805371
41.698806 89.902206 13.371721
56.800778 80.385185 17.660509
58.626702 61.492857 52.740292
48.054513 61.700740 62.320001
5
12.533101 48.328472 86.644562
21.263849 20.311069 95.578811
-8.604650 14.398223 98.583220
-19.413272 29.835712 93.450282
-14.479285 60.003743 78.675925
7
65.611831 -65.639535 37.236259
65.449566 -65.643520 37.513765
64.765702 -58.800198 48.455552
71.736514 -43.145961 54.701906
89.442537 -20.991362 39.489179
92.090686 -19.364668 33.827727
85.392168 -49.247268 16.819160
4
24.102312 57.979265 -77.829836
15.269092 32.153885 -93.450428
55.468524 26.490094 -78.876598
62.331272 46.620817 -62.779868
5
-60.045308 74.601638 -28.795078
-52.357703 85.160214 2.531600
-53.840354 83.748580 9.348345
-61.073613 78.166970 12.646683
-83.725375 53.559703 -11.019065
4
89.453776 38.065104 23.432240
79.883585 58.461953 14.170844
84.141853 53.527520 -7.413039
92.554973 35.793032 -12.346488
7
68.129702 53.705418 -49.740042
74.803417 47.223444 -46.630410
93.551337 28.457312 -20.936303
92.554973 35.793032 -12.346488
84.141853 53.527520 -7.413039
70.821111 67.280370 -21.394440
64.039970 62.758898 -44.274179
5
45.795630 -57.499448 67.798036
57.719381 -27.664567 76.831926
61.065531 -25.544829 74.956405
71.736514 -43.145961 54.701906
64.765702 -58.800198 48.455552
7
-64.663033 6.530719 76.000275
-23.291319 61.548849 75.294446
-16.195782 62.283913 76.540256
-14.479285 60.003743 78.675925
-19.413272 29.835712 93.450282
-54.883973 1.172541 83.584536
-61.383148 3.108615 78.882480
7
9.745418 28.797822 -95.266533
15.269092 32.153885 -93.450428
24.102312 57.979265 -77.829836
20.326559 69.931867 -68.530030
-20.934762 69.515205 -68.770430
-27.433844 64.075186 -71.706030
-26.929558 63.098855 -72.755298
8
65.895750 10.573154 74.471193
68.846586 -7.899293 72.095414
61.065531 -25.544829 74.956405
57.719381 -27.664567 76.831926
26.286664 -25.992218 92.916177
27.165723 -6.976855 95.986181
32.855879 9.134049 94.005640
52.646380 15.929895 83.514053
5
-91.026697 -18.899848 36.836615
-91.223292 -34.737006 21.717535
-97.581168 -19.559835 -9.763632
-99.713298 0.323792 -7.559978
-98.439462 15.186344 8.890850
7
-51.865736 -59.788874 -61.116577
-7.943364 -77.775889 -62.352338
16.882745 -55.797648 -81.250203
14.330634 -52.159167 -84.107397
-11.208072 -36.947986 -92.245463
-36.741012 -41.448996 -83.259106
-41.460918 -44.244135 -79.520116
6
-70.863914 9.617168 69.898611
-64.663033 6.530719 76.000275
-61.383148 3.108615 78.882480
-63.235036 -43.691428 63.971786
-75.710597 -39.231356 52.237976
-88.335658 -18.828067 42.922202
6
-91.223292 -34.737006 21.717535
-91.026697 -18.899848 36.836615
-88.335658 -18.828067 42.922202
-75.710597 -39.231356 52.237976
-77.524926 -55.408370 30.328178
-85.187600 -48.729822 19.195763
7
-61.383148 3.108615 78.882480
-54.883973 1.172541 83.584536
-37.515506 -13.475370 91.711511
-36.945668 -23.077428 90.013610
-45.814039 -50.845450 72.909630
-62.741311 -44.255658 64.069998
-63.235036 -43.691428 63.971786
5
-10.688882 -0.051919 99.427084
-8.604650 14.398223 98.583220
21.263849 20.311069 95.578811
32.855879 9.134049 94.005640
27.165723 -6.976855 95.986181
7
55.468524 26.490094 -78.876598
15.269092 32.153885 -93.450428
9.745418 28.797822 -95.266533
4.259866 14.864218 -98.797310
4.260412 14.836935 -98.801388
28.370719 -3.356885 -95.832320
60.916123 9.784508 -78.698726
6
-34.484483 90.547098 24.739512
-53.840354 83.748580 9.348345
-52.357703 85.160214 2.531600
-27.246574 94.984034 -15.351141
-24.530332 96.178474 -12.164044
-24.423732 94.579919 21.403744
5
-89.815527 43.908885 -2.276172
-85.963202 49.969742 -10.646724
-83.725375 53.559703 -11.019065
-61.073613 78.166970 12.646683
-68.128840 62.069353 38.805367
4
-50.104644 -83.925168 -21.120863
-32.295224 -92.963590 -17.742306
-24.317513 -89.262899 -37.957786
-46.452321 -75.489231 -46.298573
7
-99.713298 0.323792 -7.559978
-98.038411 3.089280 -19.466030
-81.878758 33.114687 -46.896551
-85.963202 49.969742 -10.646724
-89.815527 43.908885 -2.276172
-97.601574 19.301988 10.068073
-98.439462 15.186344 8.890850
8
41.563185 51.830269 74.740383
12.533101 48.328472 86.644562
-14.479285 60.003743 78.675925
-16.195782 62.283913 76.540256
-12.192938 69.286471 71.068398
-10.440128 70.903971 69.739735
24.471923 77.205293 58.655500
48.054513 61.700740 62.320001
5
-59.231821 -80.335619 -6.146529
-47.312904 -87.709332 8.280229
-28.074647 -95.443800 -10.114112
-32.295224 -92.963590 -17.742306
-50.104644 -83.925168 -21.120863
7
13.541777 -81.674370 56.088479
-2.839946 -80.380279 59.421759
-13.211791 -68.715626 71.439564
-2.723515 -43.730826 89.889918
8.275948 -37.153733 92.472206
16.940271 -37.036133 91.331003
27.186113 -63.124822 72.637264
6
-1.957144 -99.945059 -2.674835
-28.074647 -95.443800 -10.114112
-47.312904 -87.709332 8.280229
-45.390777 -87.880928 14.718010
-22.078658 -95.330759 20.605322
1.176635 -99.777120 6.568250
5
52.308212 72.847740 -44.238645
39.449699 86.912413 -29.832093
10.912539 93.492297 -33.765468
6.308361 91.887544 -38.947193
23.067345 72.923963 -64.420441
6
-64.904025 58.143035 49.059709
-59.836847 61.062044 51.874642
-23.291319 61.548849 75.294446
-64.663033 6.530719 76.000275
-70.863914 9.617168 69.898611
-77.987748 30.173405 54.840467
4
-2.723515 -43.730826 89.889918
-13.211791 -68.715626 71.439564
-34.165229 -57.149208 74.610356
-19.157307 -43.407388 88.027247
6
-27.433844 64.075186 -71.706030
-20.934762 69.515205 -68.770430
-8.973725 89.748777 -43.181353
-28.311401 92.633636 -24.849024
-52.396748 77.128473 -36.135570
-30.243864 64.019944 -70.616963
6
48.054513 61.700740 62.320001
58.626702 61.492857 52.740292
81.496444 29.976002 49.596058
65.895750 10.573154 74.471193
52.646380 15.929895 83.514053
41.563185 51.830269 74.740383
5
-36.945668 -23.077428 90.013610
-19.157307 -43.407388 88.027247
-34.165229 -57.149208 74.610356
-40.677341 -55.696946 72.409972
-45.814039 -50.845450 72.909630
8
10.912539 93.492297 -33.765468
9.073682 96.914075 -22.920088
-6.981285 99.415188 -8.239056
-24.530332 96.178474 -12.164044
-27.246574 94.984034 -15.351141
-28.311401 92.633636 -24.849024
-8.973725 89.748777 -43.181353
6.308361 91.887544 -38.947193
4
9.073682 96.914075 -22.920088
29.525078 94.135776 16.331731
4.582185 98.913789 13.966600
-6.981285 99.415188 -8.239056
7
-52.922111 -60.237567 -59.755215
-51.865736 -59.788874 -61.116577
-41.460918 -44.244135 -79.520116
-69.140010 -9.055337 -71.677471
-74.679927 -9.566469 -65.813305
-82.821590 -22.953547 -51.124543
-79.420413 -45.959367 -39.750906
4
-36.737380 24.175028 -89.810539
4.259866 14.864218 -98.797310
9.745418 28.797822 -95.266533
-26.929558 63.098855 -72.755298
6
85.392168 -49.247268 16.819160
85.955721 -50.680946 6.561686
68.830704 -70.696198 -16.259820
62.921037 -76.805157 -11.912636
57.164945 -82.038722 1.348022
65.611831 -65.639535 37.236259
5
28.662682 -95.630794 5.762100
42.252261 -90.243892 8.413461
57.164945 -82.038722 1.348022
62.921037 -76.805157 -11.912636
34.660926 -89.562244 -27.878750
5
-61.414075 0.316126 -78.919019
-46.099052 -6.933560 -88.469221
-38.971174 0.573104 -92.091906
-41.448377 21.244636 -88.491228
-58.181401 21.715664 -78.379554
6
4.582185 98.913789 13.966600
29.525078 94.135776 16.331731
30.619203 93.701889 16.805371
26.279473 92.361736 27.905179
-5.262073 87.172989 48.715301
-15.315994 95.942623 23.673476
5
-79.360683 -59.923745 -10.536928
-85.187600 -48.729822 19.195763
-77.524926 -55.408370 30.328178
-63.071762 -69.632273 34.253459
-71.713405 -69.423051 -6.134128
6
-52.357703 85.160214 2.531600
-60.045308 74.601638 -28.795078
-56.645178 75.253052 -33.590206
-52.396748 77.128473 -36.135570
-28.311401 92.633636 -24.849024
-27.246574 94.984034 -15.351141
7
-71.713405 -69.423051 -6.134128
-63.071762 -69.632273 34.253459
-59.290669 -71.676187 36.703417
-54.202418 -75.555395 36.789674
-45.390777 -87.880928 14.718010
-47.312904 -87.709332 8.280229
-59.231821 -80.335619 -6.146529
6
-77.524926 -55.408370 30.328178
-75.710597 -39.231356 52.237976
-63.235036 -43.691428 63.971786
-62.741311 -44.255658 64.069998
-59.290669 -71.676187 36.703417
-63.071762 -69.632273 34.253459
6
26.286664 -25.992218 92.916177
16.940271 -37.036133 91.331003
8.275948 -37.153733 92.472206
-18.595867 -10.926400 97.646339
-10.688882 -0.051919 99.427084
27.165723 -6.976855 95.986181
4
70.821111 67.280370 -21.394440
84.141853 53.527520 -7.413039
79.883585 58.461953 14.170844
57.348284 80.079494 17.275675
5
-66.985564 36.686867 -64.552367
-30.243864 64.019944 -70.616963
-52.396748 77.128473 -36.135570
-56.645178 75.253052 -33.590206
-73.054973 36.186207 -57.909666
5
-97.601574 19.301988 10.068073
-89.815527 43.908885 -2.276172
-68.128840 62.069353 38.805367
-64.904025 58.143035 49.059709
-77.987748 30.173405 54.840467
6
61.253148 -63.037107 -47.690408
25.836086 -88.719735 -38.227023
34.660926 -89.562244 -27.878750
62.921037 -76.805157 -11.912636
68.830704 -70.696198 -16.259820
69.967754 -66.079844 -27.165559
7
81.496444 29.976002 49.596058
89.386291 25.906369 36.591679
97.119098 -0.221476 23.829220
92.090686 -19.364668 33.827727
89.442537 -20.991362 39.489179
68.846586 -7.899293 72.095414
65.895750 10.573154 74.471193
7
14.330634 -52.159167 -84.107397
16.882745 -55.797648 -81.250203
22.312671 -57.955235 -78.379433
57.328576 -51.009864 -64.120420
70.997459 -24.651413 -65.967178
69.613941 -16.330192 -69.908683
34.519327 -19.569693 -91.790213
5
-98.038411 3.089280 -19.466030
-90.569299 -4.446793 -42.159556
-80.912998 24.461194 -53.429736
-79.079330 32.184123 -52.063825
-81.878758 33.114687 -46.896551
7
-79.420413 -45.959367 -39.750906
-82.821590 -22.953547 -51.124543
-90.569299 -4.446793 -42.159556
-98.038411 3.089280 -19.466030
-99.713298 0.323792 -7.559978
-97.581168 -19.559835 -9.763632
-83.040515 -46.919984 -30.046428
5
57.164945 -82.038722 1.348022
42.252261 -90.243892 8.413461
42.190297 -81.627567 39.457815
65.449566 -65.643520 37.513765
65.611831 -65.639535 37.236259
4
-80.912998 24.461194 -53.429736
-90.569299 -4.446793 -42.159556
-82.821590 -22.953547 -51.124543
-74.679927 -9.566469 -65.813305
7
52.308212 72.847740 -44.238645
23.067345 72.923963 -64.420441
20.326559 69.931867 -68.530030
24.102312 57.979265 -77.829836
62.331272 46.620817 -62.779868
68.129702 53.705418 -49.740042
64.039970 62.758898 -44.274179
5
26.286664 -25.992218 92.916177
57.719381 -27.664567 76.831926
45.795630 -57.499448 67.798036
27.186113 -63.124822 72.637264
16.940271 -37.036133 91.331003
5
41.563185 51.830269 74.740383
52.646380 15.929895 83.514053
32.855879 9.134049 94.005640
21.263849 20.311069 95.578811
12.533101 48.328472 86.644562
4
93.551337 28.457312 -20.936303
74.803417 47.223444 -46.630410
82.769422 7.720859 -55.584270
97.880344 6.994914 -19.248623
6
61.253148 -63.037107 -47.690408
69.967754 -66.079844 -27.165559
86.857266 -39.285291 -30.207305
81.116531 -26.019588 -52.374512
70.997459 -24.651413 -65.967178
57.328576 -51.009864 -64.120420
