100
6
-54.101138 -68.081007 49.376546
-70.850255 -53.976576 45.461749
-74.952531 -40.237442 52.564878
-74.318342 -35.748756 56.558028
-60.137618 -36.239243 71.205226
-43.964279 -50.300568 74.410987
4
-75.542517 -11.555008 -64.496589
-77.732615 15.923365 -60.861211
-91.949081 19.179439 -34.314949
-88.504769 -15.735154 -43.809938
7
-82.071356 -55.183349 -14.801708
-83.871475 -51.912810 -16.451013
-91.518276 -40.251956 -2.045767
-89.273273 -40.016111 20.712162
-87.850893 -41.980636 22.800148
-78.138324 -58.845203 20.776054
-74.201301 -67.027853 -1.197459
6
-50.835834 -85.292886 -11.867666
-47.870080 -82.124137 -31.049662
-53.376219 -77.140453 -34.645776
-82.071356 -55.183349 -14.801708
-74.201301 -67.027853 -1.197459
-60.387551 -79.655226 2.896300
6
-30.153813 44.638326 -84.250623
-35.607433 56.593202 -74.359399
-65.055639 36.379292 -66.665665
-66.029227 24.868852 -70.863823
-56.911923 16.913429 -80.467192
-48.552679 20.665526 -84.944531
6
-51.427873 -83.389905 20.032416
-51.952054 -81.860601 24.491346
-45.954790 -78.139845 42.217554
-31.339453 -80.212509 50.831015
-8.189233 -97.223119 21.922626
-11.294336 -98.623616 12.075611
5
83.283752 48.990065 -25.764126
94.681279 31.429479 -6.902415
95.201052 30.606265 -0.127574
84.311869 47.971463 24.295011
69.791853 71.615604 -0.550064
7
80.125950 47.283692 -36.661761
83.283752 48.990065 -25.764126
69.791853 71.615604 -0.550064
58.390940 81.176387 -0.944607
54.949463 83.431123 -4.450184
55.022821 82.071807 -15.385305
61.807622 63.786916 -45.946133
5
94.681279 31.429479 -6.902415
83.283752 48.990065 -25.764126
80.125950 47.283692 -36.661761
80.970887 23.492202 -53.775755
95.262664 3.964389 -30.154741
6
-14.427712 -98.893380 -3.455510
-50.835834 -85.292886 -11.867666
-60.387551 -79.655226 2.896300
-51.427873 -83.389905 20.032416
-11.294336 -98.623616 12.075611
-9.751403 -99.318957 6.376120
6
96.823184 -8.802546 23.404832
98.021306 -8.151601 18.038154
97.486028 -19.681051 -10.446562
95.651901 -26.831590 -11.435892
87.568486 -48.141339 -3.764533
80.662186 -52.386436 27.372853
6
-1.561326 74.060235 -67.176215
6.982378 52.993439 -84.515926
32.800557 42.126904 -84.554405
43.161866 48.657989 -75.956919
43.919270 64.984695 -62.032952
41.397245 67.678160 -60.876390
5
-61.367740 -48.473853 -62.324040
-26.353150 -41.710351 -86.981367
-46.712730 -15.477388 -87.053842
-57.977392 -12.190628 -80.560602
-64.580773 -17.306662 -74.362646
6
-31.678494 90.169420 -29.427008
-35.857734 91.823461 -16.812939
-71.260493 69.996170 -4.741131
-86.179903 49.931469 -8.937155
-74.838042 56.120486 -35.351924
-34.038028 73.098888 -59.143598
6
65.010574 6.295662 75.723114
69.092956 5.135266 72.109587
59.973774 -37.992498 70.425255
48.087220 -41.630765 77.165398
37.074004 -32.411384 87.034593
39.213632 -16.114805 90.568229
6
-72.545267 6.392223 68.529729
-84.085462 9.080463 53.358976
-88.785718 40.349913 22.112911
-76.655284 48.523834 42.064296
-62.832913 28.976457 72.196883
-68.446532 8.444106 72.413876
5
-34.038028 73.098888 -59.143598
-74.838042 56.120486 -35.351924
-65.055639 36.379292 -66.665665
-35.607433 56.593202 -74.359399
-32.386875 72.183290 -61.160959
7
31.015977 37.312888 87.440023
23.706160 52.431340 81.786139
30.723761 72.812103 61.273552
33.138903 74.182871 58.298497
57.280511 66.586737 47.803238
76.187391 46.292568 45.304301
36.998096 35.007368 86.055942
5
87.568486 -48.141339 -3.764533
95.651901 -26.831590 -11.435892
71.631909 -51.795899 -46.755262
55.766751 -69.002596 -46.137959
58.798650 -77.776216 -22.216638
8
50.627179 -86.185741 -2.984422
25.766926 -96.427456 -6.149086
-9.751403 -99.318957 6.376120
-11.294336 -98.623616 12.075611
-8.189233 -97.223119 21.922626
9.421766 -91.416644 39.423693
39.247483 -86.120498 32.293883
52.777224 -82.990771 18.085810
6
7.454087 -92.120991 -38.185856
39.803585 -75.297302 -52.402203
-8.925492 -66.526593 -74.125219
-17.980192 -75.442071 -63.128492
-18.258855 -82.600595 -53.326878
6.118984 -92.161077 -38.326152
7
-45.954790 -78.139845 42.217554
-54.101138 -68.081007 49.376546
-43.964279 -50.300568 74.410987
-34.245653 -53.571836 77.183507
-30.225963 -58.158546 75.524662
-23.139499 -73.956693 63.205784
-31.339453 -80.212509 50.831015
5
24.963418 96.247413 10.642525
29.990587 87.316244 38.424448
29.104798 86.527543 40.815377
-15.619151 96.058121 22.997382
-13.676030 97.935556 14.886000
5
89.439513 -0.244212 44.727104
96.823184 -8.802546 23.404832
80.662186 -52.386436 27.372853
71.867531 -60.046493 35.063894
72.011536 -41.458608 55.637420
6
34.250454 81.327479 -47.039851
55.022821 82.071807 -15.385305
54.949463 83.431123 -4.450184
38.215199 92.246864 -5.487689
14.291373 95.552895 -25.795366
12.507446 93.224545 -33.952144
5
-46.168592 66.830540 58.327867
-23.544440 79.191674 56.341265
-8.974514 56.438285 82.062038
-32.975784 46.056348 82.410014
-42.721672 49.032786 75.964759
7
79.558321 42.846539 42.832787
76.187391 46.292568 45.304301
57.280511 66.586737 47.803238
57.009614 81.829683 7.335324
58.390940 81.176387 -0.944607
69.791853 71.615604 -0.550064
84.311869 47.971463 24.295011
6
-83.880462 -42.932739 -33.479068
-83.871475 -51.912810 -16.451013
-82.071356 -55.183349 -14.801708
-53.376219 -77.140453 -34.645776
-59.027213 -56.787815 -57.366647
-62.346116 -51.721875 -58.632836
6
-47.870080 -82.124137 -31.049662
-28.747674 -87.292059 -39.416592
-18.258855 -82.600595 -53.326878
-17.980192 -75.442071 -63.128492
-59.027213 -56.787815 -57.366647
-53.376219 -77.140453 -34.645776
5
33.138903 74.182871 58.298497
29.104798 86.527543 40.815377
29.990587 87.316244 38.424448
57.009614 81.829683 7.335324
57.280511 66.586737 47.803238
4
-30.225963 -58.158546 75.524662
7.156176 -54.064604 83.820091
3.172260 -78.891628 61.368133
-23.139499 -73.956693 63.205784
6
38.215199 92.246864 -5.487689
54.949463 83.431123 -4.450184
58.390940 81.176387 -0.944607
57.009614 81.829683 7.335324
29.990587 87.316244 38.424448
24.963418 96.247413 10.642525
8
-89.358171 44.533909 -5.643418
-86.179903 49.931469 -8.937155
-71.260493 69.996170 -4.741131
-49.544987 83.696677 23.241355
-56.893101 64.731578 50.724727
-76.655284 48.523834 42.064296
-88.785718 40.349913 22.112911
-89.564670 40.178657 19.074733
8
-40.901519 -5.488913 91.087527
-31.801440 16.970199 93.277440
-30.344476 18.245167 93.521798
-16.520547 19.984611 96.579951
-2.256261 14.191652 98.962146
0.833873 -9.450329 99.548963
-6.871330 -24.349315 96.746554
-16.525042 -25.235939 95.341860
6
-51.103875 -8.616971 85.522756
-68.446532 8.444106 72.413876
-62.832913 28.976457 72.196883
-60.182345 30.266040 73.905698
-31.801440 16.970199 93.277440
-40.901519 -5.488913 91.087527
6
-9.751403 -99.318957 6.376120
25.766926 -96.427456 -6.149086
7.454087 -92.120991 -38.185856
6.118984 -92.161077 -38.326152
-14.505449 -98.807328 -5.167590
-14.427712 -98.893380 -3.455510
6
29.338132 -5.069305 95.465052
39.213632 -16.114805 90.568229
37.074004 -32.411384 87.034593
11.369790 -40.499788 90.722076
-6.871330 -24.349315 96.746554
0.833873 -9.450329 99.548963
5
-45.954790 -78.139845 42.217554
-51.952054 -81.860601 24.491346
-71.965585 -61.214133 32.768650
-70.850255 -53.976576 45.461749
-54.101138 -68.081007 49.376546
6
-74.201301 -67.027853 -1.197459
-78.138324 -58.845203 20.776054
-71.965585 -61.214133 32.768650
-51.952054 -81.860601 24.491346
-51.427873 -83.389905 20.032416
-60.387551 -79.655226 2.896300
6
95.262664 3.964389 -30.154741
80.970887 23.492202 -53.775755
80.692226 23.312148 -54.270695
77.404740 -18.701188 -60.487782
80.126916 -23.859962 -54.866926
96.194023 -8.750420 -25.887065
6
50.193538 -15.354362 -85.116698
39.025257 3.532082 -92.003009
25.597213 11.726228 -95.954564
18.004816 8.417466 -98.004964
19.369125 -40.928526 -89.161050
29.214380 -41.530797 -86.149364
6
-57.977392 -12.190628 -80.560602
-46.712730 -15.477388 -87.053842
-24.019855 2.125665 -97.049102
-25.526525 5.339471 -96.539560
-48.552679 20.665526 -84.944531
-56.911923 16.913429 -80.467192
5
-78.138324 -58.845203 20.776054
-87.850893 -41.980636 22.800148
-74.952531 -40.237442 52.564878
-70.850255 -53.976576 45.461749
-71.965585 -61.214133 32.768650
6
23.706160 52.431340 81.786139
-4.888513 54.945979 83.408883
-8.974514 56.438285 82.062038
-23.544440 79.191674 56.341265
-19.233789 83.704505 51.221257
30.723761 72.812103 61.273552
5
-30.344476 18.245167 93.521798
-32.975784 46.056348 82.410014
-8.974514 56.438285 82.062038
-4.888513 54.945979 83.408883
-16.520547 19.984611 96.579951
7
55.766751 -69.002596 -46.137959
53.664175 -69.003359 -48.566375
39.803585 -75.297302 -52.402203
7.454087 -92.120991 -38.185856
25.766926 -96.427456 -6.149086
50.627179 -86.185741 -2.984422
58.798650 -77.776216 -22.216638
7
80.970887 23.492202 -53.775755
80.125950 47.283692 -36.661761
61.807622 63.786916 -45.946133
43.919270 64.984695 -62.032952
43.161866 48.657989 -75.956919
70.999804 24.349096 -66.076844
80.692226 23.312148 -54.270695
8
-89.358171 44.533909 -5.643418
-91.538699 39.283303 -8.802764
-91.949081 19.179439 -34.314949
-77.732615 15.923365 -60.861211
-66.029227 24.868852 -70.863823
-65.055639 36.379292 -66.665665
-74.838042 56.120486 -35.351924
-86.179903 49.931469 -8.937155
6
-62.832913 28.976457 72.196883
-76.655284 48.523834 42.064296
-56.893101 64.731578 50.724727
-46.168592 66.830540 58.327867
-42.721672 49.032786 75.964759
-60.182345 30.266040 73.905698
8
-6.322558 76.630820 -63.935457
-32.386875 72.183290 -61.160959
-35.607433 56.593202 -74.359399
-30.153813 44.638326 -84.250623
-18.825838 39.517774 -89.910697
-13.994567 39.599714 -90.752492
6.982378 52.993439 -84.515926
-1.561326 74.060235 -67.176215
5
-24.019855 2.125665 -97.049102
-46.712730 -15.477388 -87.053842
-26.353150 -41.710351 -86.981367
-10.919265 -46.671035 -87.764367
-9.292231 -3.785165 -99.495362
7
29.214380 -41.530797 -86.149364
19.369125 -40.928526 -89.161050
-8.270460 -49.288120 -86.615707
-8.925492 -66.526593 -74.125219
39.803585 -75.297302 -52.402203
53.664175 -69.003359 -48.566375
51.698002 -63.180300 -57.754361
6
13.863332 8.361698 -98.680748
-13.994567 39.599714 -90.752492
-18.825838 39.517774 -89.910697
-25.526525 5.339471 -96.539560
-24.019855 2.125665 -97.049102
-9.292231 -3.785165 -99.495362
5
61.807622 63.786916 -45.946133
55.022821 82.071807 -15.385305
34.250454 81.327479 -47.039851
41.397245 67.678160 -60.876390
43.919270 64.984695 -62.032952
6
37.074004 -32.411384 87.034593
48.087220 -41.630765 77.165398
40.081245 -62.581440 66.910815
36.270865 -65.839806 65.951076
8.572487 -52.408053 84.734340
11.369790 -40.499788 90.722076
6
40.081245 -62.581440 66.910815
71.268303 -60.850019 34.901350
52.777224 -82.990771 18.085810
39.247483 -86.120498 32.293883
35.215382 -67.536166 64.797709
36.270865 -65.839806 65.951076
6
96.194023 -8.750420 -25.887065
97.486028 -19.681051 -10.446562
98.021306 -8.151601 18.038154
95.201052 30.606265 -0.127574
94.681279 31.429479 -6.902415
95.262664 3.964389 -30.154741
6
-23.139499 -73.956693 63.205784
3.172260 -78.891628 61.368133
3.514616 -79.079141 61.107585
9.421766 -91.416644 39.423693
-8.189233 -97.223119 21.922626
-31.339453 -80.212509 50.831015
8
-89.273273 -40.016111 20.712162
-94.849252 -16.589838 26.988823
-94.164509 -14.240589 30.500015
-88.336060 -16.808708 43.751661
-77.400906 -30.722681 55.364398
-74.318342 -35.748756 56.558028
-74.952531 -40.237442 52.564878
-87.850893 -41.980636 22.800148
7
-88.504769 -15.735154 -43.809938
-89.083526 -26.368361 -36.997769
-83.880462 -42.932739 -33.479068
-62.346116 -51.721875 -58.632836
-61.367740 -48.473853 -62.324040
-64.580773 -17.306662 -74.362646
-75.542517 -11.555008 -64.496589
5
-89.564670 40.178657 19.074733
-88.785718 40.349913 22.112911
-84.085462 9.080463 53.358976
-88.336060 -16.808708 43.751661
-94.164509 -14.240589 30.500015
7
89.439513 -0.244212 44.727104
84.639667 9.476402 52.405387
79.558321 42.846539 42.832787
84.311869 47.971463 24.295011
95.201052 30.606265 -0.127574
98.021306 -8.151601 18.038154
96.823184 -8.802546 23.404832
6
-9.292231 -3.785165 -99.495362
-10.919265 -46.671035 -87.764367
-8.270460 -49.288120 -86.615707
19.369125 -40.928526 -89.161050
18.004816 8.417466 -98.004964
13.863332 8.361698 -98.680748
4
-18.825838 39.517774 -89.910697
-30.153813 44.638326 -84.250623
-48.552679 20.665526 -84.944531
-25.526525 5.339471 -96.539560
5
-14.647886 98.521552 8.885001
14.291373 95.552895 -25.795366
38.215199 92.246864 -5.487689
24.963418 96.247413 10.642525
-13.676030 97.935556 14.886000
6
27.373956 31.371615 90.920230
31.015977 37.312888 87.440023
36.998096 35.007368 86.055942
65.010574 6.295662 75.723114
39.213632 -16.114805 90.568229
29.338132 -5.069305 95.465052
6
-60.137618 -36.239243 71.205226
-74.318342 -35.748756 56.558028
-77.400906 -30.722681 55.364398
-72.545267 6.392223 68.529729
-68.446532 8.444106 72.413876
-51.103875 -8.616971 85.522756
8
-59.027213 -56.787815 -57.366647
-17.980192 -75.442071 -63.128492
-8.925492 -66.526593 -74.125219
-8.270460 -49.288120 -86.615707
-10.919265 -46.671035 -87.764367
-26.353150 -41.710351 -86.981367
-61.367740 -48.473853 -62.324040
-62.346116 -51.721875 -58.632836
6
3.514616 -79.079141 61.107585
3.172260 -78.891628 61.368133
7.156176 -54.064604 83.820091
8.572487 -52.408053 84.734340
36.270865 -65.839806 65.951076
35.215382 -67.536166 64.797709
5
-14.505449 -98.807328 -5.167590
-28.747674 -87.292059 -39.416592
-47.870080 -82.124137 -31.049662
-50.835834 -85.292886 -11.867666
-14.427712 -98.893380 -3.455510
5
72.011536 -41.458608 55.637420
59.973774 -37.992498 70.425255
69.092956 5.135266 72.109587
84.639667 9.476402 52.405387
89.439513 -0.244212 44.727104
6
-51.103875 -8.616971 85.522756
-40.901519 -5.488913 91.087527
-16.525042 -25.235939 95.341860
-34.245653 -53.571836 77.183507
-43.964279 -50.300568 74.410987
-60.137618 -36.239243 71.205226
4
-94.849252 -16.589838 26.988823
-89.273273 -40.016111 20.712162
-91.518276 -40.251956 -2.045767
-98.852567 -15.061439 1.150252
6
25.597213 11.726228 -95.954564
39.025257 3.532082 -92.003009
68.626467 19.414205 -70.096339
70.999804 24.349096 -66.076844
43.161866 48.657989 -75.956919
32.800557 42.126904 -84.554405
5
-88.504769 -15.735154 -43.809938
-91.949081 19.179439 -34.314949
-91.538699 39.283303 -8.802764
-99.623777 -7.229323 -4.779114
-89.083526 -26.368361 -36.997769
6
-46.168592 66.830540 58.327867
-56.893101 64.731578 50.724727
-49.544987 83.696677 23.241355
-17.908559 94.850870 26.126539
-19.233789 83.704505 51.221257
-23.544440 79.191674 56.341265
5
12.429140 93.213266 -34.011814
-31.678494 90.169420 -29.427008
-34.038028 73.098888 -59.143598
-32.386875 72.183290 -61.160959
-6.322558 76.630820 -63.935457
7
58.798650 -77.776216 -22.216638
50.627179 -86.185741 -2.984422
52.777224 -82.990771 18.085810
71.268303 -60.850019 34.901350
71.867531 -60.046493 35.063894
80.662186 -52.386436 27.372853
87.568486 -48.141339 -3.764533
6
13.863332 8.361698 -98.680748
18.004816 8.417466 -98.004964
25.597213 11.726228 -95.954564
32.800557 42.126904 -84.554405
6.982378 52.993439 -84.515926
-13.994567 39.599714 -90.752492
4
6.118984 -92.161077 -38.326152
-18.258855 -82.600595 -53.326878
-28.747674 -87.292059 -39.416592
-14.505449 -98.807328 -5.167590
5
39.025257 3.532082 -92.003009
50.193538 -15.354362 -85.116698
59.970076 -17.302554 -78.129454
63.182598 -15.956080 -75.850925
68.626467 19.414205 -70.096339
5
80.692226 23.312148 -54.270695
70.999804 24.349096 -66.076844
68.626467 19.414205 -70.096339
63.182598 -15.956080 -75.850925
77.404740 -18.701188 -60.487782
6
12.507446 93.224545 -33.952144
14.291373 95.552895 -25.795366
-14.647886 98.521552 8.885001
-35.857734 91.823461 -16.812939
-31.678494 90.169420 -29.427008
12.429140 93.213266 -34.011814
7
-16.525042 -25.235939 95.341860
-6.871330 -24.349315 96.746554
11.369790 -40.499788 90.722076
8.572487 -52.408053 84.734340
7.156176 -54.064604 83.820091
-30.225963 -58.158546 75.524662
-34.245653 -53.571836 77.183507
4
29.338132 -5.069305 95.465052
0.833873 -9.450329 99.548963
-2.256261 14.191652 98.962146
27.373956 31.371615 90.920230
6
-2.256261 14.191652 98.962146
-16.520547 19.984611 96.579951
-4.888513 54.945979 83.408883
23.706160 52.431340 81.786139
31.015977 37.312888 87.440023
27.373956 31.371615 90.920230
6
30.723761 72.812103 61.273552
-19.233789 83.704505 51.221257
-17.908559 94.850870 26.126539
-15.619151 96.058121 22.997382
29.104798 86.527543 40.815377
33.138903 74.182871 58.298497
4
51.698002 -63.180300 -57.754361
59.970076 -17.302554 -78.129454
50.193538 -15.354362 -85.116698
29.214380 -41.530797 -86.149364
4
9.421766 -91.416644 39.423693
3.514616 -79.079141 61.107585
35.215382 -67.536166 64.797709
39.247483 -86.120498 32.293883
4
-77.400906 -30.722681 55.364398
-88.336060 -16.808708 43.751661
-84.085462 9.080463 53.358976
-72.545267 6.392223 68.529729
6
-6.322558 76.630820 -63.935457
-1.561326 74.060235 -67.176215
41.397245 67.678160 -60.876390
34.250454 81.327479 -47.039851
12.507446 93.224545 -33.952144
12.429140 93.213266 -34.011814
6
-64.580773 -17.306662 -74.362646
-57.977392 -12.190628 -80.560602
-56.911923 16.913429 -80.467192
-66.029227 24.868852 -70.863823
-77.732615 15.923365 -60.861211
-75.542517 -11.555008 -64.496589
5
95.651901 -26.831590 -11.435892
97.486028 -19.681051 -10.446562
96.194023 -8.750420 -25.887065
80.126916 -23.859962 -54.866926
71.631909 -51.795899 -46.755262
6
69.092956 5.135266 72.109587
65.010574 6.295662 75.723114
36.998096 35.007368 86.055942
76.187391 46.292568 45.304301
79.558321 42.846539 42.832787
84.639667 9.476402 52.405387
6
72.011536 -41.458608 55.637420
71.867531 -60.046493 35.063894
71.268303 -60.850019 34.901350
40.081245 -62.581440 66.910815
48.087220 -41.630765 77.165398
59.973774 -37.992498 70.425255
6
-89.083526 -26.368361 -36.997769
-99.623777 -7.229323 -4.779114
-98.852567 -15.061439 1.150252
-91.518276 -40.251956 -2.045767
-83.871475 -51.912810 -16.451013
-83.880462 -42.932739 -33.479068
8
51.698002 -63.180300 -57.754361
53.664175 -69.003359 -48.566375
55.766751 -69.002596 -46.137959
71.631909 -51.795899 -46.755262
80.126916 -23.859962 -54.866926
77.404740 -18.701188 -60.487782
63.182598 -15.956080 -75.850925
59.970076 -17.302554 -78.129454
5
-60.182345 30.266040 73.905698
-42.721672 49.032786 75.964759
-32.975784 46.056348 82.410014
-30.344476 18.245167 93.521798
-31.801440 16.970199 93.277440
7
-71.260493 69.996170 -4.741131
-35.857734 91.823461 -16.812939
-14.647886 98.521552 8.885001
-13.676030 97.935556 14.886000
-15.619151 96.058121 22.997382
-17.908559 94.850870 26.126539
-49.544987 83.696677 23.241355
7
-94.164509 -14.240589 30.500015
-94.849252 -16.589838 26.988823
-98.852567 -15.061439 1.150252
-99.623777 -7.229323 -4.779114
-91.538699 39.283303 -8.802764
-89.358171 44.533909 -5.643418
-89.564670 40.178657 19.074733
