100
9
99.168493 -5.313979 11.720565
95.187036 -14.650639 26.921869
91.943381 -10.637622 37.858363
86.778833 5.601635 49.376673
81.858340 30.039126 48.957768
90.749699 41.040249 8.954887
94.157615 33.656933 -1.246794
95.726573 28.816480 -2.456361
97.439219 22.374309 -2.233603
6
73.641914 -23.388368 -63.481121
55.519944 -22.442520 -80.086635
54.346897 -23.296108 -80.645558
42.322823 -46.319585 -77.867032
52.078592 -65.444891 -54.815933
67.690679 -55.057482 -48.853307
6
-23.326169 -41.821384 -87.788734
-20.618424 -41.780626 -88.483105
4.517254 -16.296504 -98.559720
3.528231 -14.684948 -98.852941
-36.520263 4.055241 -93.004438
-38.595192 2.837606 -92.208238
5
-46.121309 87.111164 -16.866237
-6.547010 99.669983 4.799085
-21.045729 92.415505 31.881841
-31.779683 90.161525 29.341969
-60.424069 79.488734 -5.520242
6
-6.547010 99.669983 4.799085
-46.121309 87.111164 -16.866237
-46.069667 87.115303 -16.985574
-31.557524 90.186442 -29.504717
2.069851 96.285832 -26.921259
4.736062 99.824050 -3.567740
5
25.075686 58.205045 -77.352329
30.637942 80.802653 -50.321445
5.338392 92.051476 -38.704357
-11.339305 83.267399 -54.202956
9.419430 63.067778 -77.030706
6
37.918888 60.119541 70.340591
32.531384 75.569617 56.841376
35.372431 76.848434 53.320815
61.688027 67.363381 40.703345
77.035224 33.413690 54.305613
68.631648 32.863920 64.881890
6
-44.021425 -67.207388 59.542264
-42.962025 -76.700771 47.657698
-73.194448 -65.508533 18.740460
-86.127344 -41.844120 28.829677
-86.005383 -41.777801 29.286336
-53.490030 -60.843485 58.624969
6
-12.436183 36.452792 92.285076
-35.147977 48.157957 80.283441
-33.241175 56.754736 75.325456
-15.224667 66.231411 73.359456
-5.811015 63.910288 76.692289
-5.511016 40.234902 91.382610
4
-2.716041 -57.000542 -82.119190
-5.786808 -70.854209 -70.329182
21.696298 -80.195876 -55.658712
17.946161 -54.380503 -81.979853
7
-76.552015 -20.684019 60.925860
-86.005383 -41.777801 29.286336
-86.127344 -41.844120 28.829677
-94.820321 -28.900283 13.186370
-86.923623 9.930331 48.432141
-82.529375 5.538264 56.198130
-75.659884 -14.975226 63.650016
5
-90.521493 -25.840786 -33.735931
-92.655066 0.775332 -37.609010
-97.675649 -21.340079 2.017093
-96.552006 -25.821603 3.309841
-95.409482 -29.895123 -1.819990
5
97.439219 22.374309 -2.233603
93.059853 -5.049588 -36.254178
90.633477 -18.729458 -37.878494
91.156943 -34.816487 -21.868332
99.168493 -5.313979 11.720565
7
-59.747396 41.437439 68.652658
-70.079175 19.520976 68.613706
-82.529375 5.538264 56.198130
-86.923623 9.930331 48.432141
-87.816622 12.562683 46.156472
-86.201283 23.209164 45.062995
-70.970445 46.183591 53.200299
6
76.854057 61.808820 16.526456
61.633158 78.721431 2.071288
64.172163 73.533796 -21.787941
80.215002 52.791549 -27.903509
94.157615 33.656933 -1.246794
90.749699 41.040249 8.954887
3
-53.490030 -60.843485 58.624969
-86.005383 -41.777801 29.286336
-76.552015 -20.684019 60.925860
6
-22.915619 56.666618 -79.143975
-38.403852 66.699020 -63.846573
-45.759326 64.303165 -61.409992
-55.515180 36.792928 -74.594539
-22.162770 29.009521 -93.098117
-19.480186 31.072479 -93.032378
5
-31.557524 90.186442 -29.504717
-27.382666 77.079233 -57.523747
-11.339305 83.267399 -54.202956
5.338392 92.051476 -38.704357
2.069851 96.285832 -26.921259
6
-4.019307 -13.101728 99.056499
-21.089238 -16.787791 96.298568
-49.116489 -3.068917 87.052583
-45.805186 13.009195 87.935464
-42.559556 16.353324 89.001421
-21.511992 18.471466 95.895981
7
-75.313816 -42.969003 -49.814595
-66.515358 -28.636805 -68.961152
-67.150200 -24.591393 -69.900745
-81.491276 -0.901741 -57.951349
-92.046513 3.146863 -38.955575
-92.655066 0.775332 -37.609010
-90.521493 -25.840786 -33.735931
6
-92.046513 3.146863 -38.955575
-81.491276 -0.901741 -57.951349
-71.807177 24.123849 -65.282227
-81.352624 50.159621 -29.423852
-86.234188 48.218159 -15.449079
-90.582828 39.823863 -14.450299
6
91.156943 -34.816487 -21.868332
86.269682 -46.323824 -20.289043
86.048230 -48.962479 -14.084664
85.470264 -44.978475 25.918542
95.187036 -14.650639 26.921869
99.168493 -5.313979 11.720565
6
-45.805186 13.009195 87.935464
-49.116489 -3.068917 87.052583
-60.347507 -16.715950 77.966374
-75.659884 -14.975226 63.650016
-82.529375 5.538264 56.198130
-70.079175 19.520976 68.613706
5
-19.480186 31.072479 -93.032378
-22.162770 29.009521 -93.098117
-36.520263 4.055241 -93.004438
3.528231 -14.684948 -98.852941
2.390863 27.156276 -96.212372
6
22.259303 -61.411053 75.717937
-3.826510 -65.582845 75.393954
-14.707670 -59.482238 79.028778
6.555380 -17.889157 98.168249
12.825406 -16.838254 97.734243
26.994325 -55.911008 78.391744
5
-95.409482 -29.895123 -1.819990
-70.353769 -66.896998 -23.982052
-69.482137 -66.399501 -27.628589
-75.313816 -42.969003 -49.814595
-90.521493 -25.840786 -33.735931
5
93.059853 -5.049588 -36.254178
81.543062 15.566189 -55.753232
77.434993 10.777303 -62.351196
73.866905 -23.153411 -63.305607
90.633477 -18.729458 -37.878494
7
-18.566504 90.877084 37.371655
-25.453136 80.442085 53.676893
-43.667119 66.062991 61.064425
-49.190499 64.289221 58.712783
-61.408875 68.134286 39.833016
-31.779683 90.161525 29.341969
-21.045729 92.415505 31.881841
6
-49.190499 64.289221 58.712783
-43.667119 66.062991 61.064425
-33.241175 56.754736 75.325456
-35.147977 48.157957 80.283441
-46.913249 39.942841 78.763676
-59.391261 41.655780 68.829311
5
70.724461 48.025130 -51.880993
81.850957 18.982077 -54.222704
95.726573 28.816480 -2.456361
94.157615 33.656933 -1.246794
80.215002 52.791549 -27.903509
5
-21.511992 18.471466 95.895981
-42.559556 16.353324 89.001421
-46.913249 39.942841 78.763676
-35.147977 48.157957 80.283441
-12.436183 36.452792 92.285076
6
-98.280710 17.848533 4.725661
-87.816622 12.562683 46.156472
-86.923623 9.930331 48.432141
-94.820321 -28.900283 13.186370
-96.552006 -25.821603 3.309841
-97.675649 -21.340079 2.017093
8
-6.995683 -87.782527 47.384474
-32.940682 -86.943190 36.821097
-42.962025 -76.700771 47.657698
-44.021425 -67.207388 59.542264
-35.314893 -60.361787 71.479458
-14.707670 -59.482238 79.028778
-3.826510 -65.582845 75.393954
3.615344 -80.742734 58.885824
7
32.531384 75.569617 56.841376
37.918888 60.119541 70.340591
30.482571 42.765894 85.099301
14.084465 35.820047 92.296003
-5.511016 40.234902 91.382610
-5.811015 63.910288 76.692289
27.644810 76.889085 57.652694
6
81.858340 30.039126 48.957768
86.778833 5.601635 49.376673
72.215901 1.281643 69.160835
66.827940 27.822534 68.992268
68.631648 32.863920 64.881890
77.035224 33.413690 54.305613
6
-81.352624 50.159621 -29.423852
-71.807177 24.123849 -65.282227
-61.413435 27.495657 -73.975529
-55.515180 36.792928 -74.594539
-45.759326 64.303165 -61.409992
-46.642985 64.451777 -60.583829
4
-60.347507 -16.715950 77.966374
-49.116489 -3.068917 87.052583
-21.089238 -16.787791 96.298568
-43.258276 -36.509602 82.436463
7
-31.350839 -94.431869 -9.987344
-28.521163 -83.416346 -47.204412
-33.215664 -79.197597 -51.229486
-69.482137 -66.399501 -27.628589
-70.353769 -66.896998 -23.982052
-67.126242 -73.239275 -11.405098
-44.847452 -89.377706 0.575983
6
-55.515180 36.792928 -74.594539
-61.413435 27.495657 -73.975529
-47.435682 1.644985 -88.017897
-38.595192 2.837606 -92.208238
-36.520263 4.055241 -93.004438
-22.162770 29.009521 -93.098117
4
-70.970445 46.183591 53.200299
-86.201283 23.209164 45.062995
-77.740394 60.124912 18.477723
-68.565939 63.742660 35.150895
5
-90.582828 39.823863 -14.450299
-98.280710 17.848533 4.725661
-97.675649 -21.340079 2.017093
-92.655066 0.775332 -37.609010
-92.046513 3.146863 -38.955575
5
61.688027 67.363381 40.703345
35.372431 76.848434 53.320815
34.238420 93.577746 8.422358
61.633158 78.721431 2.071288
76.854057 61.808820 16.526456
8
14.084465 35.820047 92.296003
16.348116 -14.739925 97.547290
12.825406 -16.838254 97.734243
6.555380 -17.889157 98.168249
-4.019307 -13.101728 99.056499
-21.511992 18.471466 95.895981
-12.436183 36.452792 92.285076
-5.511016 40.234902 91.382610
5
27.644810 76.889085 57.652694
-5.811015 63.910288 76.692289
-15.224667 66.231411 73.359456
-25.453136 80.442085 53.676893
-18.566504 90.877084 37.371655
7
9.419430 63.067778 -77.030706
-22.915619 56.666618 -79.143975
-19.480186 31.072479 -93.032378
2.390863 27.156276 -96.212372
25.571595 37.452943 -89.125589
30.726135 47.091410 -82.694037
25.075686 58.205045 -77.352329
5
50.433379 -50.276411 70.205105
53.336676 -29.746752 79.185414
74.694874 -28.900605 59.878467
69.736776 -55.434338 45.429245
56.030150 -57.847679 59.281264
5
50.433379 -50.276411 70.205105
56.030150 -57.847679 59.281264
30.793064 -80.401627 50.866154
22.259303 -61.411053 75.717937
26.994325 -55.911008 78.391744
5
55.519944 -22.442520 -80.086635
55.558917 3.357606 -83.077874
35.445964 12.580618 -92.656957
23.601938 -12.947143 -96.308463
54.346897 -23.296108 -80.645558
7
90.633477 -18.729458 -37.878494
73.866905 -23.153411 -63.305607
73.641914 -23.388368 -63.481121
67.690679 -55.057482 -48.853307
80.013978 -52.963687 -28.153351
86.269682 -46.323824 -20.289043
91.156943 -34.816487 -21.868332
6
-6.995683 -87.782527 47.384474
3.615344 -80.742734 58.885824
30.473514 -80.844066 50.354761
32.200837 -88.588130 33.395347
32.182314 -88.603757 33.371739
20.442551 -94.193122 26.641283
5
97.439219 22.374309 -2.233603
95.726573 28.816480 -2.456361
81.850957 18.982077 -54.222704
81.543062 15.566189 -55.753232
93.059853 -5.049588 -36.254178
6
66.324453 -71.062417 23.477646
65.613864 -75.185681 6.475658
56.671108 -82.071048 -7.261448
46.372510 -88.422437 -5.573408
32.182314 -88.603757 33.371739
32.200837 -88.588130 33.395347
6
86.269682 -46.323824 -20.289043
80.013978 -52.963687 -28.153351
58.685118 -79.367234 -16.028072
56.671108 -82.071048 -7.261448
65.613864 -75.185681 6.475658
86.048230 -48.962479 -14.084664
6
30.726135 47.091410 -82.694037
50.125079 43.009116 -75.084568
69.038012 48.849781 -53.361520
42.475764 79.939077 -42.491805
30.637942 80.802653 -50.321445
25.075686 58.205045 -77.352329
6
-39.448486 -47.538940 -78.637562
-32.733786 -78.004242 -53.327644
-5.786808 -70.854209 -70.329182
-2.716041 -57.000542 -82.119190
-20.618424 -41.780626 -88.483105
-23.326169 -41.821384 -87.788734
5
86.048230 -48.962479 -14.084664
65.613864 -75.185681 6.475658
66.324453 -71.062417 23.477646
74.396886 -57.446042 34.132911
85.470264 -44.978475 25.918542
4
-15.224667 66.231411 73.359456
-33.241175 56.754736 75.325456
-43.667119 66.062991 61.064425
-25.453136 80.442085 53.676893
6
16.916864 -90.560618 -38.892085
6.440694 -93.242216 -35.558495
-4.902151 -99.626976 -7.101723
1.219554 -99.509655 9.815355
11.065194 -98.381731 14.092424
34.261751 -93.357799 -10.509695
7
25.579401 -83.308689 -49.044435
16.916864 -90.560618 -38.892085
34.261751 -93.357799 -10.509695
46.372510 -88.422437 -5.573408
56.671108 -82.071048 -7.261448
58.685118 -79.367234 -16.028072
43.663610 -75.048403 -49.610748
7
74.396886 -57.446042 34.132911
66.324453 -71.062417 23.477646
32.200837 -88.588130 33.395347
30.473514 -80.844066 50.354761
30.793064 -80.401627 50.866154
56.030150 -57.847679 59.281264
69.736776 -55.434338 45.429245
5
-81.491276 -0.901741 -57.951349
-67.150200 -24.591393 -69.900745
-47.435682 1.644985 -88.017897
-61.413435 27.495657 -73.975529
-71.807177 24.123849 -65.282227
5
37.918888 60.119541 70.340591
68.631648 32.863920 64.881890
66.827940 27.822534 68.992268
48.179031 15.387532 86.267055
30.482571 42.765894 85.099301
6
77.434993 10.777303 -62.351196
64.157928 14.347532 -75.351898
55.558917 3.357606 -83.077874
55.519944 -22.442520 -80.086635
73.641914 -23.388368 -63.481121
73.866905 -23.153411 -63.305607
5
34.238420 93.577746 8.422358
31.480485 94.750541 5.595898
45.691446 81.167014 -36.389664
64.172163 73.533796 -21.787941
61.633158 78.721431 2.071288
5
-44.847452 -89.377706 0.575983
-32.419500 -88.387176 33.714731
1.219554 -99.509655 9.815355
-4.902151 -99.626976 -7.101723
-31.350839 -94.431869 -9.987344
7
69.038012 48.849781 -53.361520
50.125079 43.009116 -75.084568
64.157928 14.347532 -75.351898
77.434993 10.777303 -62.351196
81.543062 15.566189 -55.753232
81.850957 18.982077 -54.222704
70.724461 48.025130 -51.880993
4
-31.350839 -94.431869 -9.987344
-4.902151 -99.626976 -7.101723
6.440694 -93.242216 -35.558495
-28.521163 -83.416346 -47.204412
7
-81.352624 50.159621 -29.423852
-46.642985 64.451777 -60.583829
-46.069667 87.115303 -16.985574
-46.121309 87.111164 -16.866237
-60.424069 79.488734 -5.520242
-79.889713 60.026294 -3.804967
-86.234188 48.218159 -15.449079
7
4.736062 99.824050 -3.567740
2.069851 96.285832 -26.921259
5.338392 92.051476 -38.704357
30.637942 80.802653 -50.321445
42.475764 79.939077 -42.491805
45.691446 81.167014 -36.389664
31.480485 94.750541 5.595898
6
66.827940 27.822534 68.992268
72.215901 1.281643 69.160835
68.283836 -4.637715 72.909597
45.150532 -11.550997 88.476007
43.398607 -10.471373 89.481346
48.179031 15.387532 86.267055
7
21.696298 -80.195876 -55.658712
25.579401 -83.308689 -49.044435
43.663610 -75.048403 -49.610748
52.078592 -65.444891 -54.815933
42.322823 -46.319585 -77.867032
23.694949 -48.726616 -84.049190
17.946161 -54.380503 -81.979853
7
16.348116 -14.739925 97.547290
43.398607 -10.471373 89.481346
45.150532 -11.550997 88.476007
53.336676 -29.746752 79.185414
50.433379 -50.276411 70.205105
26.994325 -55.911008 78.391744
12.825406 -16.838254 97.734243
6
-38.403852 66.699020 -63.846573
-27.382666 77.079233 -57.523747
-31.557524 90.186442 -29.504717
-46.069667 87.115303 -16.985574
-46.642985 64.451777 -60.583829
-45.759326 64.303165 -61.409992
8
-28.521163 -83.416346 -47.204412
6.440694 -93.242216 -35.558495
16.916864 -90.560618 -38.892085
25.579401 -83.308689 -49.044435
21.696298 -80.195876 -55.658712
-5.786808 -70.854209 -70.329182
-32.733786 -78.004242 -53.327644
-33.215664 -79.197597 -51.229486
5
23.601938 -12.947143 -96.308463
11.029161 -17.851892 -97.773552
23.694949 -48.726616 -84.049190
42.322823 -46.319585 -77.867032
54.346897 -23.296108 -80.645558
6
-32.419500 -88.387176 33.714731
-32.940682 -86.943190 36.821097
-6.995683 -87.782527 47.384474
20.442551 -94.193122 26.641283
11.065194 -98.381731 14.092424
1.219554 -99.509655 9.815355
6
80.215002 52.791549 -27.903509
64.172163 73.533796 -21.787941
45.691446 81.167014 -36.389664
42.475764 79.939077 -42.491805
69.038012 48.849781 -53.361520
70.724461 48.025130 -51.880993
5
67.690679 -55.057482 -48.853307
52.078592 -65.444891 -54.815933
43.663610 -75.048403 -49.610748
58.685118 -79.367234 -16.028072
80.013978 -52.963687 -28.153351
7
-53.490030 -60.843485 58.624969
-76.552015 -20.684019 60.925860
-75.659884 -14.975226 63.650016
-60.347507 -16.715950 77.966374
-43.258276 -36.509602 82.436463
-35.314893 -60.361787 71.479458
-44.021425 -67.207388 59.542264
5
68.283836 -4.637715 72.909597
78.788007 -21.603363 57.669269
74.694874 -28.900605 59.878467
53.336676 -29.746752 79.185414
45.150532 -11.550997 88.476007
7
-95.409482 -29.895123 -1.819990
-96.552006 -25.821603 3.309841
-94.820321 -28.900283 13.186370
-86.127344 -41.844120 28.829677
-73.194448 -65.508533 18.740460
-67.126242 -73.239275 -11.405098
-70.353769 -66.896998 -23.982052
7
-90.582828 39.823863 -14.450299
-86.234188 48.218159 -15.449079
-79.889713 60.026294 -3.804967
-77.740394 60.124912 18.477723
-86.201283 23.209164 45.062995
-87.816622 12.562683 46.156472
-98.280710 17.848533 4.725661
6
-49.190499 64.289221 58.712783
-59.391261 41.655780 68.829311
-59.747396 41.437439 68.652658
-70.970445 46.183591 53.200299
-68.565939 63.742660 35.150895
-61.408875 68.134286 39.833016
5
14.084465 35.820047 92.296003
30.482571 42.765894 85.099301
48.179031 15.387532 86.267055
43.398607 -10.471373 89.481346
16.348116 -14.739925 97.547290
5
81.858340 30.039126 48.957768
77.035224 33.413690 54.305613
61.688027 67.363381 40.703345
76.854057 61.808820 16.526456
90.749699 41.040249 8.954887
9
-18.566504 90.877084 37.371655
-21.045729 92.415505 31.881841
-6.547010 99.669983 4.799085
4.736062 99.824050 -3.567740
31.480485 94.750541 5.595898
34.238420 93.577746 8.422358
35.372431 76.848434 53.320815
32.531384 75.569617 56.841376
27.644810 76.889085 57.652694
6
17.946161 -54.380503 -81.979853
23.694949 -48.726616 -84.049190
11.029161 -17.851892 -97.773552
4.517254 -16.296504 -98.559720
-20.618424 -41.780626 -88.483105
-2.716041 -57.000542 -82.119190
7
11.029161 -17.851892 -97.773552
23.601938 -12.947143 -96.308463
35.445964 12.580618 -92.656957
25.571595 37.452943 -89.125589
2.390863 27.156276 -96.212372
3.528231 -14.684948 -98.852941
4.517254 -16.296504 -98.559720
6
-60.424069 79.488734 -5.520242
-31.779683 90.161525 29.341969
-61.408875 68.134286 39.833016
-68.565939 63.742660 35.150895
-77.740394 60.124912 18.477723
-79.889713 60.026294 -3.804967
5
30.793064 -80.401627 50.866154
30.473514 -80.844066 50.354761
3.615344 -80.742734 58.885824
-3.826510 -65.582845 75.393954
22.259303 -61.411053 75.717937
7
95.187036 -14.650639 26.921869
85.470264 -44.978475 25.918542
74.396886 -57.446042 34.132911
69.736776 -55.434338 45.429245
74.694874 -28.900605 59.878467
78.788007 -21.603363 57.669269
91.943381 -10.637622 37.858363
6
55.558917 3.357606 -83.077874
64.157928 14.347532 -75.351898
50.125079 43.009116 -75.084568
30.726135 47.091410 -82.694037
25.571595 37.452943 -89.125589
35.445964 12.580618 -92.656957
6
-66.515358 -28.636805 -68.961152
-39.448486 -47.538940 -78.637562
-23.326169 -41.821384 -87.788734
-38.595192 2.837606 -92.208238
-47.435682 1.644985 -88.017897
-67.150200 -24.591393 -69.900745
5
34.261751 -93.357799 -10.509695
11.065194 -98.381731 14.092424
20.442551 -94.193122 26.641283
32.182314 -88.603757 33.371739
46.372510 -88.422437 -5.573408
5
9.419430 63.067778 -77.030706
-11.339305 83.267399 -54.202956
-27.382666 77.079233 -57.523747
-38.403852 66.699020 -63.846573
-22.915619 56.666618 -79.143975
6
-67.126242 -73.239275 -11.405098
-73.194448 -65.508533 18.740460
-42.962025 -76.700771 47.657698
-32.940682 -86.943190 36.821097
-32.419500 -88.387176 33.714731
-44.847452 -89.377706 0.575983
6
-69.482137 -66.399501 -27.628589
-33.215664 -79.197597 -51.229486
-32.733786 -78.004242 -53.327644
-39.448486 -47.538940 -78.637562
-66.515358 -28.636805 -68.961152
-75.313816 -42.969003 -49.814595
6
6.555380 -17.889157 98.168249
-14.707670 -59.482238 79.028778
-35.314893 -60.361787 71.479458
-43.258276 -36.509602 82.436463
-21.089238 -16.787791 96.298568
-4.019307 -13.101728 99.056499
6
-42.559556 16.353324 89.001421
-45.805186 13.009195 87.935464
-70.079175 19.520976 68.613706
-59.747396 41.437439 68.652658
-59.391261 41.655780 68.829311
-46.913249 39.942841 78.763676
5
91.943381 -10.637622 37.858363
78.788007 -21.603363 57.669269
68.283836 -4.637715 72.909597
72.215901 1.281643 69.160835
86.778833 5.601635 49.376673
