100
6
-69.437910 -69.212817 -19.696768
-72.161398 -69.224496 0.837762
-36.182203 -91.426402 18.222549
-32.934288 -93.206184 15.097682
-25.533051 -95.488324 -15.167178
-59.745747 -73.560738 -31.925908
6
10.164588 -85.885716 -50.202838
21.499652 -91.480652 -34.191450
37.149451 -84.538948 -38.380784
44.042974 -63.033491 -63.929613
22.914253 -57.866360 -78.271460
11.654564 -62.337085 -77.319202
6
91.109266 -0.920342 -41.209885
85.266488 -1.560006 -52.222528
74.361853 -30.111308 -59.696096
76.156276 -47.680359 -43.895387
86.883698 -41.741377 -26.624807
91.894991 -1.828816 -39.395000
7
-45.233012 52.874060 -71.821365
-32.980908 47.650898 -81.496329
-31.011767 48.021258 -82.050162
9.955349 75.937761 -64.298892
6.303349 79.982798 -59.691036
-35.371693 76.782773 -53.415814
-45.640152 58.279967 -67.234084
6
-69.471202 53.151686 48.462877
-71.151957 26.826273 64.944207
-72.849369 24.565884 63.949095
-87.340927 17.960742 45.265597
-86.460883 41.049777 28.972944
-81.402109 48.372076 32.153365
4
38.466870 -18.867618 90.356587
25.081472 13.494870 95.858272
35.261593 27.203030 89.535553
60.732846 -20.410476 76.778473
7
-83.933137 51.111950 -18.514782
-87.571171 45.959876 -14.797967
-97.592347 18.579197 -11.425727
-91.127654 -5.281037 -40.839457
-90.499552 -4.999324 -42.247341
-76.424209 15.457702 -62.613096
-76.178201 17.046080 -62.500503
5
96.634742 -2.437827 -25.608273
98.967642 -10.891900 -9.315167
99.239567 -3.795100 11.709212
99.224695 6.703296 10.465453
96.786557 24.639962 -5.023411
5
17.565478 -96.258130 -20.635562
21.499652 -91.480652 -34.191450
10.164588 -85.885716 -50.202838
-21.962471 -84.454258 -48.837774
-24.469227 -95.606061 -16.147382
7
-0.368592 -58.494733 -81.106290
-12.125790 -46.527748 -87.682004
-24.448768 -44.445650 -86.179127
-51.569326 -57.966126 -63.091464
-52.291624 -59.512373 -61.023467
-49.968134 -67.092869 -54.788070
-30.436418 -77.529708 -55.342289
10
22.924464 93.208344 -28.047702
6.518792 81.406125 -57.710902
6.303349 79.982798 -59.691036
9.955349 75.937761 -64.298892
23.686436 67.087987 -70.272005
35.292960 61.406200 -70.595223
65.045086 65.439506 -38.559148
65.940068 66.554957 -34.962052
58.199956 78.492930 -21.251471
24.410618 93.162226 -26.924365
6
74.775688 6.620748 66.066346
35.527904 28.003770 89.182716
35.461940 29.353151 88.774114
47.212510 43.460818 76.695085
60.680791 48.627349 62.874657
76.106983 17.092803 62.574461
6
62.366210 77.199456 12.275982
53.442920 67.721598 50.573110
44.334357 73.454051 51.370878
25.320453 90.530584 34.104077
21.913000 93.942973 26.354093
56.569665 82.433588 2.139275
7
-82.344201 -47.126591 -31.599320
-94.799370 -25.138455 -19.522745
-95.891997 -27.728886 5.986132
-91.579680 -37.068622 15.462195
-79.716241 -59.485693 10.333114
-72.161398 -69.224496 0.837762
-69.437910 -69.212817 -19.696768
6
-35.371693 76.782773 -53.415814
6.303349 79.982798 -59.691036
6.518792 81.406125 -57.710902
-14.280967 95.449897 -26.179595
-14.781577 95.454258 -25.884157
-35.863091 83.210236 -42.307154
5
76.810855 59.878788 22.685311
77.858559 48.215232 40.166357
62.239746 52.316556 58.216768
53.442920 67.721598 50.573110
62.366210 77.199456 12.275982
7
17.565478 -96.258130 -20.635562
-24.469227 -95.606061 -16.147382
-25.533051 -95.488324 -15.167178
-32.934288 -93.206184 15.097682
8.489901 -97.825740 18.922109
20.702730 -96.775769 14.347384
25.005358 -96.818699 0.933555
4
35.382778 58.872277 -72.678154
22.235155 36.558134 -90.383078
43.497636 16.041884 -88.603688
54.617036 23.186201 -80.494593
5
51.833076 -78.866871 -33.065827
64.482652 -59.748803 -47.666215
50.731020 -59.801938 -62.049108
44.042974 -63.033491 -63.929613
37.149451 -84.538948 -38.380784
7
-35.195039 24.175294 90.426016
-39.099388 27.497815 87.835688
-41.148829 66.984580 61.804853
-4.478144 71.175246 70.100147
-2.480696 69.895912 71.473125
-9.535636 44.443357 89.072216
-29.867441 25.499132 91.965919
6
-82.344201 -47.126591 -31.599320
-69.437910 -69.212817 -19.696768
-59.745747 -73.560738 -31.925908
-49.968134 -67.092869 -54.788070
-52.291624 -59.512373 -61.023467
-75.537269 -40.227465 -51.728831
8
-30.288040 9.812871 -94.796320
-25.735210 3.301859 -96.575342
-25.710598 3.297429 -96.582049
7.554538 19.430460 -97.802792
8.760362 28.315123 -95.506596
-10.271994 44.435110 -88.994422
-31.011767 48.021258 -82.050162
-32.980908 47.650898 -81.496329
5
-42.152093 67.544187 60.506065
-55.168635 66.994250 49.680903
-55.446877 73.711325 38.630096
-11.889587 97.967979 16.152796
-5.600157 97.678230 20.678530
5
73.553322 14.482894 -66.182736
65.045086 65.439506 -38.559148
35.292960 61.406200 -70.595223
35.382778 58.872277 -72.678154
54.617036 23.186201 -80.494593
6
-70.309928 71.102636 0.963895
-72.182810 68.468724 -10.083443
-53.535929 81.891687 -20.679841
-17.246291 98.199282 7.711453
-16.353068 98.079513 10.629505
-63.336492 76.619668 10.858878
8
-64.169527 -50.894792 57.375883
-65.210538 -33.752150 67.885036
-35.707642 -24.467078 90.146139
-35.288865 -24.898765 90.192835
-31.134671 -72.305443 61.664862
-32.861756 -74.289322 58.319822
-33.770033 -74.500393 57.526310
-53.818190 -64.201947 54.605060
6
60.732846 -20.410476 76.778473
35.261593 27.203030 89.535553
35.527904 28.003770 89.182716
74.775688 6.620748 66.066346
76.765891 -17.445509 61.665648
69.362802 -25.023331 67.547277
3
-14.280967 95.449897 -26.179595
6.518792 81.406125 -57.710902
22.924464 93.208344 -28.047702
6
-24.469227 -95.606061 -16.147382
-21.962471 -84.454258 -48.837774
-30.436418 -77.529708 -55.342289
-49.968134 -67.092869 -54.788070
-59.745747 -73.560738 -31.925908
-25.533051 -95.488324 -15.167178
5
-90.819209 36.766913 20.001633
-98.236752 10.079187 15.746447
-99.415321 5.885951 9.052601
-97.592347 18.579197 -11.425727
-87.571171 45.959876 -14.797967
6
7.554538 19.430460 -97.802792
27.210141 -9.346560 -95.771864
31.568838 -8.583797 -94.497232
43.497636 16.041884 -88.603688
22.235155 36.558134 -90.383078
8.760362 28.315123 -95.506596
6
-75.537269 -40.227465 -51.728831
-77.728830 -32.891175 -53.632077
-90.499552 -4.999324 -42.247341
-91.127654 -5.281037 -40.839457
-94.799370 -25.138455 -19.522745
-82.344201 -47.126591 -31.599320
8
-81.402109 48.372076 32.153365
-86.460883 41.049777 28.972944
-90.819209 36.766913 20.001633
-87.571171 45.959876 -14.797967
-83.933137 51.111950 -18.514782
-78.843452 58.945425 -17.582578
-72.182810 68.468724 -10.083443
-70.309928 71.102636 0.963895
6
20.702730 -96.775769 14.347384
36.869258 -82.109852 43.573273
42.435667 -78.408513 45.291492
73.569202 -67.516201 5.397696
68.503944 -72.838239 -1.341845
25.005358 -96.818699 0.933555
5
-89.414351 -32.693346 30.597694
-86.759831 -15.567955 47.226798
-77.348706 -14.466346 61.708205
-65.210538 -33.752150 67.885036
-64.169527 -50.894792 57.375883
6
-73.406133 -6.198938 67.624794
-77.348706 -14.466346 61.708205
-86.759831 -15.567955 47.226798
-91.331681 8.489483 39.830298
-87.340927 17.960742 45.265597
-72.849369 24.565884 63.949095
5
27.210141 -9.346560 -95.771864
7.554538 19.430460 -97.802792
-25.710598 3.297429 -96.582049
-1.291701 -21.931542 -97.556850
25.264025 -11.596596 -96.058566
4
-10.271994 44.435110 -88.994422
23.686436 67.087987 -70.272005
9.955349 75.937761 -64.298892
-31.011767 48.021258 -82.050162
7
-24.448768 -44.445650 -86.179127
-12.125790 -46.527748 -87.682004
-1.291701 -21.931542 -97.556850
-25.710598 3.297429 -96.582049
-25.735210 3.301859 -96.575342
-38.040390 -14.714800 -91.303907
-37.921752 -25.126888 -89.053805
7
54.617036 23.186201 -80.494593
43.497636 16.041884 -88.603688
31.568838 -8.583797 -94.497232
44.940825 -14.499953 -88.148021
51.284826 -14.018998 -84.695539
74.538288 12.005788 -65.573659
73.553322 14.482894 -66.182736
7
74.361853 -30.111308 -59.696096
67.798078 -31.892664 -66.228986
58.814632 -41.180559 -69.606039
50.731020 -59.801938 -62.049108
64.482652 -59.748803 -47.666215
72.198227 -53.498301 -43.878785
76.156276 -47.680359 -43.895387
4
-58.225941 -30.833362 -75.226615
-51.569326 -57.966126 -63.091464
-24.448768 -44.445650 -86.179127
-37.921752 -25.126888 -89.053805
7
25.005358 -96.818699 0.933555
68.503944 -72.838239 -1.341845
67.229826 -73.570425 -8.218454
51.833076 -78.866871 -33.065827
37.149451 -84.538948 -38.380784
21.499652 -91.480652 -34.191450
17.565478 -96.258130 -20.635562
5
-5.026134 97.666058 20.882505
-4.478144 71.175246 70.100147
-41.148829 66.984580 61.804853
-42.152093 67.544187 60.506065
-5.600157 97.678230 20.678530
7
11.654564 -62.337085 -77.319202
22.914253 -57.866360 -78.271460
23.219333 -57.367444 -78.548323
25.264025 -11.596596 -96.058566
-1.291701 -21.931542 -97.556850
-12.125790 -46.527748 -87.682004
-0.368592 -58.494733 -81.106290
5
91.626605 -21.865024 33.563164
91.533235 -17.806254 36.119305
99.239567 -3.795100 11.709212
98.967642 -10.891900 -9.315167
92.796650 -36.431304 -7.844857
6
25.264025 -11.596596 -96.058566
23.219333 -57.367444 -78.548323
45.076121 -39.309458 -80.143059
44.940825 -14.499953 -88.148021
31.568838 -8.583797 -94.497232
27.210141 -9.346560 -95.771864
8
68.503944 -72.838239 -1.341845
73.569202 -67.516201 5.397696
73.933534 -67.109430 5.491532
88.758393 -44.533207 -11.778840
86.883698 -41.741377 -26.624807
76.156276 -47.680359 -43.895387
72.198227 -53.498301 -43.878785
67.229826 -73.570425 -8.218454
6
-76.178201 17.046080 -62.500503
-76.424209 15.457702 -62.613096
-71.155502 8.009226 -69.805063
-30.288040 9.812871 -94.796320
-32.980908 47.650898 -81.496329
-45.233012 52.874060 -71.821365
7
-35.707642 -24.467078 90.146139
-41.891142 -5.039399 90.662763
-35.195039 24.175294 90.426016
-29.867441 25.499132 91.965919
8.366976 5.662476 99.488341
0.237646 -27.948352 96.014755
-35.288865 -24.898765 90.192835
5
-31.134671 -72.305443 61.664862
5.712987 -59.509707 80.162065
19.977002 -82.338386 53.116001
-4.882562 -85.806877 51.120841
-32.861756 -74.289322 58.319822
5
-53.818190 -64.201947 54.605060
-33.770033 -74.500393 57.526310
-36.182203 -91.426402 18.222549
-72.161398 -69.224496 0.837762
-79.716241 -59.485693 10.333114
5
-91.579680 -37.068622 15.462195
-89.414351 -32.693346 30.597694
-64.169527 -50.894792 57.375883
-53.818190 -64.201947 54.605060
-79.716241 -59.485693 10.333114
5
44.940825 -14.499953 -88.148021
45.076121 -39.309458 -80.143059
58.814632 -41.180559 -69.606039
67.798078 -31.892664 -66.228986
51.284826 -14.018998 -84.695539
6
89.360642 29.068005 34.201268
91.779647 29.070990 27.043927
99.224695 6.703296 10.465453
99.239567 -3.795100 11.709212
91.533235 -17.806254 36.119305
90.486307 -16.713595 39.152063
5
-83.933137 51.111950 -18.514782
-76.178201 17.046080 -62.500503
-45.233012 52.874060 -71.821365
-45.640152 58.279967 -67.234084
-78.843452 58.945425 -17.582578
6
8.820483 69.434975 71.421168
14.952103 71.085839 68.725819
27.435060 68.978156 67.002474
47.212510 43.460818 76.695085
35.461940 29.353151 88.774114
30.994153 33.281258 89.060206
4
-9.535636 44.443357 89.072216
-2.480696 69.895912 71.473125
8.820483 69.434975 71.421168
30.994153 33.281258 89.060206
6
53.442920 67.721598 50.573110
62.239746 52.316556 58.216768
60.680791 48.627349 62.874657
47.212510 43.460818 76.695085
27.435060 68.978156 67.002474
44.334357 73.454051 51.370878
6
-52.291624 -59.512373 -61.023467
-51.569326 -57.966126 -63.091464
-58.225941 -30.833362 -75.226615
-64.381780 -22.762184 -73.053880
-77.728830 -32.891175 -53.632077
-75.537269 -40.227465 -51.728831
5
-91.127654 -5.281037 -40.839457
-97.592347 18.579197 -11.425727
-99.415321 5.885951 9.052601
-95.891997 -27.728886 5.986132
-94.799370 -25.138455 -19.522745
4
-17.246291 98.199282 7.711453
-53.535929 81.891687 -20.679841
-35.863091 83.210236 -42.307154
-14.781577 95.454258 -25.884157
6
0.237646 -27.948352 96.014755
11.373954 -39.138012 91.317299
13.951166 -49.780476 85.599470
5.712987 -59.509707 80.162065
-31.134671 -72.305443 61.664862
-35.288865 -24.898765 90.192835
5
-86.460883 41.049777 28.972944
-87.340927 17.960742 45.265597
-91.331681 8.489483 39.830298
-98.236752 10.079187 15.746447
-90.819209 36.766913 20.001633
4
27.435060 68.978156 67.002474
14.952103 71.085839 68.725819
25.320453 90.530584 34.104077
44.334357 73.454051 51.370878
8
91.755727 39.269066 -6.231135
91.344214 40.579996 3.081967
76.810855 59.878788 22.685311
62.366210 77.199456 12.275982
56.569665 82.433588 2.139275
58.199956 78.492930 -21.251471
65.940068 66.554957 -34.962052
85.066442 47.712440 -22.073139
5
-21.962471 -84.454258 -48.837774
10.164588 -85.885716 -50.202838
11.654564 -62.337085 -77.319202
-0.368592 -58.494733 -81.106290
-30.436418 -77.529708 -55.342289
7
51.555016 -56.177578 64.700542
13.951166 -49.780476 85.599470
11.373954 -39.138012 91.317299
38.466870 -18.867618 90.356587
60.732846 -20.410476 76.778473
69.362802 -25.023331 67.547277
58.163635 -49.609240 64.466386
4
67.229826 -73.570425 -8.218454
72.198227 -53.498301 -43.878785
64.482652 -59.748803 -47.666215
51.833076 -78.866871 -33.065827
5
8.489901 -97.825740 18.922109
-4.882562 -85.806877 51.120841
19.977002 -82.338386 53.116001
36.869258 -82.109852 43.573273
20.702730 -96.775769 14.347384
7
-89.414351 -32.693346 30.597694
-91.579680 -37.068622 15.462195
-95.891997 -27.728886 5.986132
-99.415321 5.885951 9.052601
-98.236752 10.079187 15.746447
-91.331681 8.489483 39.830298
-86.759831 -15.567955 47.226798
7
91.109266 -0.920342 -41.209885
85.066442 47.712440 -22.073139
65.940068 66.554957 -34.962052
65.045086 65.439506 -38.559148
73.553322 14.482894 -66.182736
74.538288 12.005788 -65.573659
85.266488 -1.560006 -52.222528
6
-4.882562 -85.806877 51.120841
8.489901 -97.825740 18.922109
-32.934288 -93.206184 15.097682
-36.182203 -91.426402 18.222549
-33.770033 -74.500393 57.526310
-32.861756 -74.289322 58.319822
6
-70.309928 71.102636 0.963895
-63.336492 76.619668 10.858878
-55.446877 73.711325 38.630096
-55.168635 66.994250 49.680903
-69.471202 53.151686 48.462877
-81.402109 48.372076 32.153365
8
25.320453 90.530584 34.104077
14.952103 71.085839 68.725819
8.820483 69.434975 71.421168
-2.480696 69.895912 71.473125
-4.478144 71.175246 70.100147
-5.026134 97.666058 20.882505
-4.103313 97.724167 20.812258
21.913000 93.942973 26.354093
8
25.081472 13.494870 95.858272
8.366976 5.662476 99.488341
-29.867441 25.499132 91.965919
-9.535636 44.443357 89.072216
30.994153 33.281258 89.060206
35.461940 29.353151 88.774114
35.527904 28.003770 89.182716
35.261593 27.203030 89.535553
6
42.435667 -78.408513 45.291492
36.869258 -82.109852 43.573273
19.977002 -82.338386 53.116001
5.712987 -59.509707 80.162065
13.951166 -49.780476 85.599470
51.555016 -56.177578 64.700542
6
-71.151957 26.826273 64.944207
-39.099388 27.497815 87.835688
-35.195039 24.175294 90.426016
-41.891142 -5.039399 90.662763
-73.406133 -6.198938 67.624794
-72.849369 24.565884 63.949095
5
-65.210538 -33.752150 67.885036
-77.348706 -14.466346 61.708205
-73.406133 -6.198938 67.624794
-41.891142 -5.039399 90.662763
-35.707642 -24.467078 90.146139
5
8.366976 5.662476 99.488341
25.081472 13.494870 95.858272
38.466870 -18.867618 90.356587
11.373954 -39.138012 91.317299
0.237646 -27.948352 96.014755
6
-71.151957 26.826273 64.944207
-69.471202 53.151686 48.462877
-55.168635 66.994250 49.680903
-42.152093 67.544187 60.506065
-41.148829 66.984580 61.804853
-39.099388 27.497815 87.835688
5
74.361853 -30.111308 -59.696096
85.266488 -1.560006 -52.222528
74.538288 12.005788 -65.573659
51.284826 -14.018998 -84.695539
67.798078 -31.892664 -66.228986
4
-63.336492 76.619668 10.858878
-16.353068 98.079513 10.629505
-11.889587 97.967979 16.152796
-55.446877 73.711325 38.630096
6
76.765891 -17.445509 61.665648
74.775688 6.620748 66.066346
76.106983 17.092803 62.574461
88.132109 30.561812 36.037578
89.360642 29.068005 34.201268
90.486307 -16.713595 39.152063
6
96.786557 24.639962 -5.023411
91.755727 39.269066 -6.231135
85.066442 47.712440 -22.073139
91.109266 -0.920342 -41.209885
91.894991 -1.828816 -39.395000
96.634742 -2.437827 -25.608273
6
-10.271994 44.435110 -88.994422
8.760362 28.315123 -95.506596
22.235155 36.558134 -90.383078
35.382778 58.872277 -72.678154
35.292960 61.406200 -70.595223
23.686436 67.087987 -70.272005
6
-77.728830 -32.891175 -53.632077
-64.381780 -22.762184 -73.053880
-66.171482 -5.222938 -74.793422
-71.155502 8.009226 -69.805063
-76.424209 15.457702 -62.613096
-90.499552 -4.999324 -42.247341
5
88.758393 -44.533207 -11.778840
73.933534 -67.109430 5.491532
79.856558 -56.775950 19.985536
91.626605 -21.865024 33.563164
92.796650 -36.431304 -7.844857
6
91.344214 40.579996 3.081967
91.779647 29.070990 27.043927
89.360642 29.068005 34.201268
88.132109 30.561812 36.037578
77.858559 48.215232 40.166357
76.810855 59.878788 22.685311
6
73.933534 -67.109430 5.491532
73.569202 -67.516201 5.397696
42.435667 -78.408513 45.291492
51.555016 -56.177578 64.700542
58.163635 -49.609240 64.466386
79.856558 -56.775950 19.985536
7
58.163635 -49.609240 64.466386
69.362802 -25.023331 67.547277
76.765891 -17.445509 61.665648
90.486307 -16.713595 39.152063
91.533235 -17.806254 36.119305
91.626605 -21.865024 33.563164
79.856558 -56.775950 19.985536
6
58.814632 -41.180559 -69.606039
45.076121 -39.309458 -80.143059
23.219333 -57.367444 -78.548323
22.914253 -57.866360 -78.271460
44.042974 -63.033491 -63.929613
50.731020 -59.801938 -62.049108
10
-17.246291 98.199282 7.711453
-14.781577 95.454258 -25.884157
-14.280967 95.449897 -26.179595
22.924464 93.208344 -28.047702
24.410618 93.162226 -26.924365
-4.103313 97.724167 20.812258
-5.026134 97.666058 20.882505
-5.600157 97.678230 20.678530
-11.889587 97.967979 16.152796
-16.353068 98.079513 10.629505
6
-45.640152 58.279967 -67.234084
-35.371693 76.782773 -53.415814
-35.863091 83.210236 -42.307154
-53.535929 81.891687 -20.679841
-72.182810 68.468724 -10.083443
-78.843452 58.945425 -17.582578
6
96.634742 -2.437827 -25.608273
91.894991 -1.828816 -39.395000
86.883698 -41.741377 -26.624807
88.758393 -44.533207 -11.778840
92.796650 -36.431304 -7.844857
98.967642 -10.891900 -9.315167
5
76.106983 17.092803 62.574461
60.680791 48.627349 62.874657
62.239746 52.316556 58.216768
77.858559 48.215232 40.166357
88.132109 30.561812 36.037578
5
99.224695 6.703296 10.465453
91.779647 29.070990 27.043927
91.344214 40.579996 3.081967
91.755727 39.269066 -6.231135
96.786557 24.639962 -5.023411
5
56.569665 82.433588 2.139275
21.913000 93.942973 26.354093
-4.103313 97.724167 20.812258
24.410618 93.162226 -26.924365
58.199956 78.492930 -21.251471
5
-37.921752 -25.126888 -89.053805
-38.040390 -14.714800 -91.303907
-66.171482 -5.222938 -74.793422
-64.381780 -22.762184 -73.053880
-58.225941 -30.833362 -75.226615
5
-71.155502 8.009226 -69.805063
-66.171482 -5.222938 -74.793422
-38.040390 -14.714800 -91.303907
-25.735210 3.301859 -96.575342
-30.288040 9.812871 -94.796320
