100
5
-1.559972 16.783867 98.569104
-17.478172 5.798360 98.289839
-44.300985 20.414693 87.296409
-13.514707 57.606529 80.615387
-10.194399 57.061924 81.486263
5
33.745721 -75.245361 -56.562903
5.323661 -91.092562 -40.912148
32.549682 -94.458696 -4.251222
36.550473 -92.922347 -5.431431
46.028283 -77.594393 -43.133599
5
60.193542 79.854096 0.246687
47.453038 85.709343 -20.052875
56.220440 76.815014 -30.638470
72.723182 61.231139 -31.017519
80.099383 59.849867 -1.442982
5
66.115388 27.512153 -69.798545
89.340496 16.377772 -41.833532
88.844830 33.290833 -31.596150
74.729330 55.676585 -36.271823
57.837853 40.900676 -70.582700
7
6.478977 93.115887 35.881116
-1.932570 92.957269 36.813195
-30.569004 91.901850 24.891483
-45.859910 88.477744 -8.279948
-42.607913 89.919400 -9.953253
18.051908 98.356622 -0.321805
17.606912 95.413977 24.210939
6
72.366676 -57.410189 -38.303191
73.827734 -56.820069 -36.344813
83.763290 -20.012051 -50.825477
57.006847 -37.953096 -72.868250
55.687983 -39.465973 -73.084099
55.632701 -40.183932 -72.734134
6
-18.446306 -69.820745 69.172230
-33.084779 -82.517170 45.785522
-54.367043 -73.487039 40.544787
-55.696009 -72.054050 41.305791
-36.019385 -50.794461 78.246576
-23.546769 -55.225982 79.972749
5
73.289353 -67.520299 -8.347450
83.431228 -50.626777 21.821084
95.526254 -29.575909 0.017559
78.924206 -56.341904 -24.424568
78.683933 -56.631439 -24.529958
5
-34.292565 66.181579 66.663472
-46.809823 56.153626 68.232037
-69.053948 51.480738 50.806356
-74.499428 57.837086 33.237129
-48.117460 78.215098 39.586721
6
80.900289 58.779755 0.289071
80.099383 59.849867 -1.442982
72.723182 61.231139 -31.017519
74.729330 55.676585 -36.271823
88.844830 33.290833 -31.596150
94.124882 31.655430 -11.766066
5
-66.986059 43.910502 -59.872663
-48.112215 31.810170 -81.690439
-37.799027 50.542291 -77.567457
-48.232622 67.661278 -55.637807
-62.885645 55.826042 -54.118838
6
60.891668 -69.609140 38.036461
78.931192 -49.871356 35.815008
79.831559 -49.540240 34.244516
83.431228 -50.626777 21.821084
73.289353 -67.520299 -8.347450
56.975349 -82.180988 0.307965
7
-2.294854 -35.653258 -93.400101
2.613780 -44.467013 -89.531296
3.433369 -44.915960 -89.279161
31.156890 -31.550865 -89.631418
19.042907 -5.212699 -98.031604
11.229827 -5.984252 -99.187095
-0.845194 -16.376576 -98.646305
7
78.683933 -56.631439 -24.529958
78.924206 -56.341904 -24.424568
94.110997 -6.518997 -33.175637
92.747062 -4.925613 -37.063740
87.518282 -10.719875 -47.176632
83.763290 -20.012051 -50.825477
73.827734 -56.820069 -36.344813
5
-30.569004 91.901850 24.891483
-1.932570 92.957269 36.813195
-30.014848 67.230786 67.669272
-34.292565 66.181579 66.663472
-48.117460 78.215098 39.586721
6
48.993092 -72.899530 47.805183
46.496959 -53.696554 70.389722
69.405102 -35.438289 62.666256
76.894153 -35.609210 53.096830
78.931192 -49.871356 35.815008
60.891668 -69.609140 38.036461
4
-82.862652 13.477901 54.333481
-71.499370 32.001636 62.158953
-46.530777 19.589374 86.320005
-73.175876 -20.034272 65.145369
5
-1.362764 21.703588 -97.606850
-0.776394 24.473846 -96.955805
-26.764855 31.040215 -91.214843
-41.334654 24.221216 -87.776871
-19.323914 5.718016 -97.948408
6
89.340496 16.377772 -41.833532
66.115388 27.512153 -69.798545
66.095511 4.259723 -74.921547
67.989254 -0.074617 -73.331138
87.518282 -10.719875 -47.176632
92.747062 -4.925613 -37.063740
5
-95.397820 26.691841 13.667539
-89.292749 35.868273 27.207941
-89.525512 19.212904 40.200087
-97.150980 -13.389467 19.555288
-97.371003 -13.384829 18.431879
8
-17.478172 5.798360 98.289839
-1.559972 16.783867 98.569104
24.735587 19.752540 94.857725
28.273133 18.667598 94.085869
44.566847 3.875582 89.435876
17.867599 -22.481160 95.788028
-9.785442 -19.230712 97.644379
-17.253967 -4.726608 98.386787
6
-19.208434 -4.679437 -98.026216
-33.400787 -12.049217 -93.483709
-35.154063 -28.455345 -89.187921
-34.627262 -29.391668 -89.090306
-2.294854 -35.653258 -93.400101
-0.845194 -16.376576 -98.646305
5
29.416229 78.029071 -55.191935
43.690494 73.874046 -51.320230
56.220440 76.815014 -30.638470
47.453038 85.709343 -20.052875
27.565293 94.890823 -15.358592
6
88.546254 35.905108 29.502272
66.533255 44.033954 60.285462
56.070090 56.737668 60.307396
57.270102 68.474039 45.071515
73.959159 63.548840 22.171778
81.379453 55.912580 15.848283
7
87.675541 -0.416041 48.091855
88.361713 -3.554589 46.685893
76.894153 -35.609210 53.096830
69.405102 -35.438289 62.666256
51.171979 0.388955 85.914360
50.965077 1.349701 86.027549
65.105097 11.256248 75.064127
4
46.496959 -53.696554 70.389722
35.051782 -49.427608 79.550513
51.171979 0.388955 85.914360
69.405102 -35.438289 62.666256
8
23.513480 -52.255121 81.954369
25.112661 -51.342950 82.056418
35.051782 -49.427608 79.550513
46.496959 -53.696554 70.389722
48.993092 -72.899530 47.805183
21.190050 -87.871769 42.773052
17.817873 -87.371571 45.262920
10.528549 -78.657018 60.845896
5
-46.530777 19.589374 86.320005
-71.499370 32.001636 62.158953
-69.053948 51.480738 50.806356
-46.809823 56.153626 68.232037
-44.507664 20.444173 87.184309
7
97.403405 20.425860 9.765295
89.953401 32.794816 28.859760
88.546254 35.905108 29.502272
81.379453 55.912580 15.848283
80.900289 58.779755 0.289071
94.124882 31.655430 -11.766066
96.626750 25.077435 -5.864598
6
-44.507664 20.444173 87.184309
-46.809823 56.153626 68.232037
-34.292565 66.181579 66.663472
-30.014848 67.230786 67.669272
-13.514707 57.606529 80.615387
-44.300985 20.414693 87.296409
8
-74.130846 67.042950 3.140148
-63.752495 76.718666 -7.061554
-49.794586 86.151291 -9.922412
-45.859910 88.477744 -8.279948
-30.569004 91.901850 24.891483
-48.117460 78.215098 39.586721
-74.499428 57.837086 33.237129
-76.932409 56.946598 28.956682
7
65.105097 11.256248 75.064127
50.965077 1.349701 86.027549
44.566847 3.875582 89.435876
28.273133 18.667598 94.085869
44.409724 58.763790 67.635740
56.070090 56.737668 60.307396
66.533255 44.033954 60.285462
5
96.626750 25.077435 -5.864598
95.843114 -6.505664 -27.780818
98.586533 -16.746917 0.486059
98.972119 -11.537610 8.450041
97.403405 20.425860 9.765295
7
-58.474775 -53.341331 -61.117944
-46.219027 -59.664278 -65.604690
-39.471018 -57.563132 -71.613718
-34.627262 -29.391668 -89.090306
-35.154063 -28.455345 -89.187921
-65.899780 -19.542056 -72.631447
-73.101924 -34.224891 -59.031902
5
95.843114 -6.505664 -27.780818
94.110997 -6.518997 -33.175637
78.924206 -56.341904 -24.424568
95.526254 -29.575909 0.017559
98.586533 -16.746917 0.486059
6
-19.323914 5.718016 -97.948408
-41.334654 24.221216 -87.776871
-45.847273 24.198302 -85.512980
-54.637097 7.719893 -83.397787
-33.400787 -12.049217 -93.483709
-19.208434 -4.679437 -98.026216
7
96.626750 25.077435 -5.864598
94.124882 31.655430 -11.766066
88.844830 33.290833 -31.596150
89.340496 16.377772 -41.833532
92.747062 -4.925613 -37.063740
94.110997 -6.518997 -33.175637
95.843114 -6.505664 -27.780818
5
-11.006466 -46.037713 88.087381
-9.785442 -19.230712 97.644379
17.867599 -22.481160 95.788028
25.112661 -51.342950 82.056418
23.513480 -52.255121 81.954369
6
-76.734726 -28.542970 57.420211
-97.150980 -13.389467 19.555288
-89.525512 19.212904 40.200087
-82.862652 13.477901 54.333481
-73.175876 -20.034272 65.145369
-73.052239 -23.716864 64.038119
7
66.095511 4.259723 -74.921547
66.115388 27.512153 -69.798545
57.837853 40.900676 -70.582700
56.881053 41.363267 -71.088860
29.758241 41.685377 -85.888162
33.486696 4.781382 -94.105152
43.030672 -1.566990 -90.254672
4
38.161863 88.319585 27.263952
56.095830 81.533891 14.334663
73.959159 63.548840 22.171778
57.270102 68.474039 45.071515
5
33.745721 -75.245361 -56.562903
46.028283 -77.594393 -43.133599
72.366676 -57.410189 -38.303191
55.632701 -40.183932 -72.734134
31.679523 -65.883591 -68.233131
5
43.030672 -1.566990 -90.254672
33.486696 4.781382 -94.105152
19.042907 -5.212699 -98.031604
31.156890 -31.550865 -89.631418
45.005776 -31.465479 -83.572745
4
-26.764855 31.040215 -91.214843
-0.776394 24.473846 -96.955805
13.084774 39.315712 -91.011337
-15.342067 50.901274 -84.697587
8
17.606912 95.413977 24.210939
18.051908 98.356622 -0.321805
21.047329 97.091492 -11.412804
27.565293 94.890823 -15.358592
47.453038 85.709343 -20.052875
60.193542 79.854096 0.246687
56.095830 81.533891 14.334663
38.161863 88.319585 27.263952
5
-4.471272 -75.855329 -65.007513
13.347833 -62.197594 -77.157596
3.433369 -44.915960 -89.279161
2.613780 -44.467013 -89.531296
-30.242124 -59.178461 -74.721641
7
60.891668 -69.609140 38.036461
56.975349 -82.180988 0.307965
36.550473 -92.922347 -5.431431
32.549682 -94.458696 -4.251222
24.416380 -96.844249 5.003185
21.190050 -87.871769 42.773052
48.993092 -72.899530 47.805183
7
-21.568832 -97.629806 1.790651
24.416380 -96.844249 5.003185
32.549682 -94.458696 -4.251222
5.323661 -91.092562 -40.912148
-7.875637 -89.605986 -43.689147
-26.741567 -89.947487 -34.559198
-36.534044 -92.093212 -13.568488
6
-73.101924 -34.224891 -59.031902
-83.154677 -29.966035 -46.768969
-87.634590 -38.526619 -28.911559
-80.422628 -55.807051 -20.439520
-65.099762 -70.069946 -29.192870
-58.474775 -53.341331 -61.117944
6
27.051183 43.025804 -86.122086
17.534709 65.813312 -73.219819
-16.166462 68.878165 -70.671379
-20.196057 57.412195 -79.347080
-15.342067 50.901274 -84.697587
13.084774 39.315712 -91.011337
8
-72.423815 -54.833911 41.809487
-80.196900 -55.970700 20.874338
-86.249125 -49.367634 11.132164
-96.975756 -24.247158 2.788927
-98.200595 -17.783630 6.354974
-97.371003 -13.384829 18.431879
-97.150980 -13.389467 19.555288
-76.734726 -28.542970 57.420211
6
-73.052239 -23.716864 64.038119
-54.255828 -33.585213 76.995705
-36.019385 -50.794461 78.246576
-55.696009 -72.054050 41.305791
-72.423815 -54.833911 41.809487
-76.734726 -28.542970 57.420211
6
55.687983 -39.465973 -73.084099
57.006847 -37.953096 -72.868250
67.989254 -0.074617 -73.331138
66.095511 4.259723 -74.921547
43.030672 -1.566990 -90.254672
45.005776 -31.465479 -83.572745
8
-73.052239 -23.716864 64.038119
-73.175876 -20.034272 65.145369
-46.530777 19.589374 86.320005
-44.507664 20.444173 87.184309
-44.300985 20.414693 87.296409
-17.478172 5.798360 98.289839
-17.253967 -4.726608 98.386787
-54.255828 -33.585213 76.995705
6
-62.885645 55.826042 -54.118838
-48.232622 67.661278 -55.637807
-43.756966 72.529339 -53.149063
-49.794586 86.151291 -9.922412
-63.752495 76.718666 -7.061554
-71.307609 59.999028 -36.267637
7
20.388366 76.343274 -61.286369
17.534709 65.813312 -73.219819
27.051183 43.025804 -86.122086
29.758241 41.685377 -85.888162
56.881053 41.363267 -71.088860
43.690494 73.874046 -51.320230
29.416229 78.029071 -55.191935
4
83.763290 -20.012051 -50.825477
87.518282 -10.719875 -47.176632
67.989254 -0.074617 -73.331138
57.006847 -37.953096 -72.868250
5
88.361713 -3.554589 46.685893
96.553585 -13.052731 22.517359
79.831559 -49.540240 34.244516
78.931192 -49.871356 35.815008
76.894153 -35.609210 53.096830
6
5.323661 -91.092562 -40.912148
33.745721 -75.245361 -56.562903
31.679523 -65.883591 -68.233131
13.347833 -62.197594 -77.157596
-4.471272 -75.855329 -65.007513
-7.875637 -89.605986 -43.689147
6
-84.685113 21.600588 -48.598830
-61.892542 2.064452 -78.517840
-54.637097 7.719893 -83.397787
-45.847273 24.198302 -85.512980
-48.112215 31.810170 -81.690439
-66.986059 43.910502 -59.872663
8
29.758241 41.685377 -85.888162
27.051183 43.025804 -86.122086
13.084774 39.315712 -91.011337
-0.776394 24.473846 -96.955805
-1.362764 21.703588 -97.606850
11.229827 -5.984252 -99.187095
19.042907 -5.212699 -98.031604
33.486696 4.781382 -94.105152
4
10.510835 63.229282 76.756630
24.735587 19.752540 94.857725
-1.559972 16.783867 98.569104
-10.194399 57.061924 81.486263
5
-86.249125 -49.367634 11.132164
-79.973380 -58.876834 -11.737840
-80.422628 -55.807051 -20.439520
-87.634590 -38.526619 -28.911559
-96.975756 -24.247158 2.788927
7
-89.525512 19.212904 40.200087
-89.292749 35.868273 27.207941
-76.932409 56.946598 28.956682
-74.499428 57.837086 33.237129
-69.053948 51.480738 50.806356
-71.499370 32.001636 62.158953
-82.862652 13.477901 54.333481
6
-54.255828 -33.585213 76.995705
-17.253967 -4.726608 98.386787
-9.785442 -19.230712 97.644379
-11.006466 -46.037713 88.087381
-23.546769 -55.225982 79.972749
-36.019385 -50.794461 78.246576
6
-93.935124 24.362282 -24.138593
-93.331900 27.092126 -23.562111
-74.130846 67.042950 3.140148
-76.932409 56.946598 28.956682
-89.292749 35.868273 27.207941
-95.397820 26.691841 13.667539
6
-65.099762 -70.069946 -29.192870
-40.256515 -90.697960 -12.381158
-36.534044 -92.093212 -13.568488
-26.741567 -89.947487 -34.559198
-46.219027 -59.664278 -65.604690
-58.474775 -53.341331 -61.117944
5
-21.568832 -97.629806 1.790651
-20.590077 -91.329390 35.142443
17.817873 -87.371571 45.262920
21.190050 -87.871769 42.773052
24.416380 -96.844249 5.003185
6
89.953401 32.794816 28.859760
97.403405 20.425860 9.765295
98.972119 -11.537610 8.450041
96.553585 -13.052731 22.517359
88.361713 -3.554589 46.685893
87.675541 -0.416041 48.091855
4
-80.196900 -55.970700 20.874338
-68.191942 -73.116345 1.964473
-79.973380 -58.876834 -11.737840
-86.249125 -49.367634 11.132164
7
44.409724 58.763790 67.635740
19.073947 70.164933 68.651779
6.478977 93.115887 35.881116
17.606912 95.413977 24.210939
38.161863 88.319585 27.263952
57.270102 68.474039 45.071515
56.070090 56.737668 60.307396
5
44.409724 58.763790 67.635740
28.273133 18.667598 94.085869
24.735587 19.752540 94.857725
10.510835 63.229282 76.756630
19.073947 70.164933 68.651779
6
-98.200595 -17.783630 6.354974
-96.975756 -24.247158 2.788927
-87.634590 -38.526619 -28.911559
-83.154677 -29.966035 -46.768969
-91.912628 16.635848 -35.711587
-94.022355 19.588726 -27.858188
7
-36.534044 -92.093212 -13.568488
-40.256515 -90.697960 -12.381158
-52.681356 -84.995320 0.685797
-54.367043 -73.487039 40.544787
-33.084779 -82.517170 45.785522
-20.590077 -91.329390 35.142443
-21.568832 -97.629806 1.790651
6
21.047329 97.091492 -11.412804
-5.365871 91.461247 -40.075525
-5.426404 91.059649 -40.971874
20.388366 76.343274 -61.286369
29.416229 78.029071 -55.191935
27.565293 94.890823 -15.358592
7
19.073947 70.164933 68.651779
10.510835 63.229282 76.756630
-10.194399 57.061924 81.486263
-13.514707 57.606529 80.615387
-30.014848 67.230786 67.669272
-1.932570 92.957269 36.813195
6.478977 93.115887 35.881116
6
81.379453 55.912580 15.848283
73.959159 63.548840 22.171778
56.095830 81.533891 14.334663
60.193542 79.854096 0.246687
80.099383 59.849867 -1.442982
80.900289 58.779755 0.289071
7
55.632701 -40.183932 -72.734134
55.687983 -39.465973 -73.084099
45.005776 -31.465479 -83.572745
31.156890 -31.550865 -89.631418
3.433369 -44.915960 -89.279161
13.347833 -62.197594 -77.157596
31.679523 -65.883591 -68.233131
5
-19.208434 -4.679437 -98.026216
-0.845194 -16.376576 -98.646305
11.229827 -5.984252 -99.187095
-1.362764 21.703588 -97.606850
-19.323914 5.718016 -97.948408
6
-46.219027 -59.664278 -65.604690
-26.741567 -89.947487 -34.559198
-7.875637 -89.605986 -43.689147
-4.471272 -75.855329 -65.007513
-30.242124 -59.178461 -74.721641
-39.471018 -57.563132 -71.613718
5
23.513480 -52.255121 81.954369
10.528549 -78.657018 60.845896
-18.446306 -69.820745 69.172230
-23.546769 -55.225982 79.972749
-11.006466 -46.037713 88.087381
7
-45.847273 24.198302 -85.512980
-41.334654 24.221216 -87.776871
-26.764855 31.040215 -91.214843
-15.342067 50.901274 -84.697587
-20.196057 57.412195 -79.347080
-37.799027 50.542291 -77.567457
-48.112215 31.810170 -81.690439
6
-73.101924 -34.224891 -59.031902
-65.899780 -19.542056 -72.631447
-61.892542 2.064452 -78.517840
-84.685113 21.600588 -48.598830
-91.912628 16.635848 -35.711587
-83.154677 -29.966035 -46.768969
4
-71.307609 59.999028 -36.267637
-63.752495 76.718666 -7.061554
-74.130846 67.042950 3.140148
-93.331900 27.092126 -23.562111
5
-35.154063 -28.455345 -89.187921
-33.400787 -12.049217 -93.483709
-54.637097 7.719893 -83.397787
-61.892542 2.064452 -78.517840
-65.899780 -19.542056 -72.631447
5
-5.426404 91.059649 -40.971874
-22.633734 77.771618 -58.645456
-16.166462 68.878165 -70.671379
17.534709 65.813312 -73.219819
20.388366 76.343274 -61.286369
7
-49.794586 86.151291 -9.922412
-43.756966 72.529339 -53.149063
-22.633734 77.771618 -58.645456
-5.426404 91.059649 -40.971874
-5.365871 91.461247 -40.075525
-42.607913 89.919400 -9.953253
-45.859910 88.477744 -8.279948
5
-39.471018 -57.563132 -71.613718
-30.242124 -59.178461 -74.721641
2.613780 -44.467013 -89.531296
-2.294854 -35.653258 -93.400101
-34.627262 -29.391668 -89.090306
6
-52.681356 -84.995320 0.685797
-68.191942 -73.116345 1.964473
-80.196900 -55.970700 20.874338
-72.423815 -54.833911 41.809487
-55.696009 -72.054050 41.305791
-54.367043 -73.487039 40.544787
6
57.837853 40.900676 -70.582700
74.729330 55.676585 -36.271823
72.723182 61.231139 -31.017519
56.220440 76.815014 -30.638470
43.690494 73.874046 -51.320230
56.881053 41.363267 -71.088860
6
79.831559 -49.540240 34.244516
96.553585 -13.052731 22.517359
98.972119 -11.537610 8.450041
98.586533 -16.746917 0.486059
95.526254 -29.575909 0.017559
83.431228 -50.626777 21.821084
4
21.047329 97.091492 -11.412804
18.051908 98.356622 -0.321805
-42.607913 89.919400 -9.953253
-5.365871 91.461247 -40.075525
5
-93.935124 24.362282 -24.138593
-95.397820 26.691841 13.667539
-97.371003 -13.384829 18.431879
-98.200595 -17.783630 6.354974
-94.022355 19.588726 -27.858188
6
-37.799027 50.542291 -77.567457
-20.196057 57.412195 -79.347080
-16.166462 68.878165 -70.671379
-22.633734 77.771618 -58.645456
-43.756966 72.529339 -53.149063
-48.232622 67.661278 -55.637807
6
44.566847 3.875582 89.435876
50.965077 1.349701 86.027549
51.171979 0.388955 85.914360
35.051782 -49.427608 79.550513
25.112661 -51.342950 82.056418
17.867599 -22.481160 95.788028
8
-94.022355 19.588726 -27.858188
-91.912628 16.635848 -35.711587
-84.685113 21.600588 -48.598830
-66.986059 43.910502 -59.872663
-62.885645 55.826042 -54.118838
-71.307609 59.999028 -36.267637
-93.331900 27.092126 -23.562111
-93.935124 24.362282 -24.138593
5
65.105097 11.256248 75.064127
66.533255 44.033954 60.285462
88.546254 35.905108 29.502272
89.953401 32.794816 28.859760
87.675541 -0.416041 48.091855
6
-80.422628 -55.807051 -20.439520
-79.973380 -58.876834 -11.737840
-68.191942 -73.116345 1.964473
-52.681356 -84.995320 0.685797
-40.256515 -90.697960 -12.381158
-65.099762 -70.069946 -29.192870
7
46.028283 -77.594393 -43.133599
36.550473 -92.922347 -5.431431
56.975349 -82.180988 0.307965
73.289353 -67.520299 -8.347450
78.683933 -56.631439 -24.529958
73.827734 -56.820069 -36.344813
72.366676 -57.410189 -38.303191
5
10.528549 -78.657018 60.845896
17.817873 -87.371571 45.262920
-20.590077 -91.329390 35.142443
-33.084779 -82.517170 45.785522
-18.446306 -69.820745 69.172230
