100
5
88.501973 6.906523 46.040208
86.610257 -21.512128 45.120857
72.661827 -24.784217 64.078089
70.310133 0.135922 71.108837
82.963946 11.810154 54.566509
5
28.483968 6.055596 -95.666051
6.804390 -13.815314 -98.807072
22.994384 -45.221830 -86.175660
38.271851 -43.903852 -81.287866
55.162006 -21.336203 -80.634481
4
86.688075 48.528456 -11.409063
73.394501 61.211550 29.434560
62.878767 77.700161 -2.990927
82.683459 53.528657 -17.266394
6
-94.704114 -10.436824 30.367802
-92.435439 -17.508747 33.898871
-80.823614 -51.453574 28.636919
-78.360295 -59.090892 19.181520
-86.177665 -48.248868 -15.667062
-92.716810 -34.707742 -14.105521
6
-21.756716 87.150208 -43.948680
-6.927401 92.135564 -38.249823
-6.066452 99.602434 -6.523284
-33.413702 94.009561 6.762167
-47.701368 86.164755 -17.326698
-30.572927 84.313514 -44.232651
6
-36.102155 -93.253390 0.662989
4.787447 -99.876269 -1.345817
9.060024 -98.895710 -11.728365
-10.129848 -91.952084 -37.976315
-28.995231 -87.948459 -37.740496
-46.356419 -88.492762 -4.484797
7
-8.227737 38.813794 -91.792122
-8.980465 46.797721 -87.916577
-9.797339 47.147516 -87.642021
-39.615674 41.941056 -81.679533
-59.139071 -5.261876 -80.466657
-57.938233 -5.548953 -81.316482
-10.509151 34.792294 -93.161441
4
31.335431 -40.851404 85.727787
49.616778 -6.605799 86.571004
51.067344 -6.229966 85.751466
60.402566 -29.710264 73.951540
7
76.352501 53.417065 -36.289293
88.415142 17.723091 -43.227940
93.799510 7.097661 -33.930445
94.901880 7.016293 -30.731171
93.486708 34.982453 -6.038495
86.688075 48.528456 -11.409063
82.683459 53.528657 -17.266394
7
-8.482942 64.695478 75.779514
-7.731512 73.659997 67.189498
30.055249 77.947207 54.962851
37.389199 62.750509 68.296570
35.953720 58.328587 72.836158
4.937745 49.846248 86.550392
0.126909 50.554017 86.280213
5
-58.476543 79.674000 15.249513
-59.408679 78.692462 -16.676488
-47.701368 86.164755 -17.326698
-33.413702 94.009561 6.762167
-40.295154 90.363403 14.517437
7
57.368157 10.562594 81.223926
58.822116 3.021947 80.813529
51.067344 -6.229966 85.751466
49.616778 -6.605799 86.571004
19.621033 1.921896 98.037347
24.592990 18.416267 95.163154
42.691992 26.748378 86.382394
5
-39.272877 79.050592 -46.996224
-66.136852 68.503077 -30.549063
-78.566559 47.844598 -39.219768
-53.820487 53.651734 -64.998820
-46.704051 62.135519 -62.911914
6
-6.998304 -12.177266 -99.008777
-32.257129 -20.844825 -92.330769
-22.453348 -51.110049 -82.967524
0.254721 -63.566524 -77.196063
22.994384 -45.221830 -86.175660
6.804390 -13.815314 -98.807072
7
-15.754276 36.365614 91.811464
0.126909 50.554017 86.280213
4.937745 49.846248 86.550392
24.592990 18.416267 95.163154
19.621033 1.921896 98.037347
18.500642 1.047448 98.268149
10.077151 1.437965 99.480567
5
73.882799 -67.311273 3.244146
58.311424 -70.233871 40.828682
64.232227 -60.921624 46.505663
88.306402 -35.058266 31.191303
80.323696 -59.536092 1.886152
7
88.598068 -34.269788 31.240422
88.306402 -35.058266 31.191303
64.232227 -60.921624 46.505663
62.058235 -52.055230 58.643231
65.950285 -31.878648 68.075780
72.661827 -24.784217 64.078089
86.610257 -21.512128 45.120857
6
-78.497427 -55.105445 -28.311551
-86.177665 -48.248868 -15.667062
-78.360295 -59.090892 19.181520
-60.947599 -77.957288 14.423990
-48.478969 -87.369312 -4.048823
-66.770760 -68.969936 -28.014525
7
-5.302791 99.689088 -5.828050
-6.066452 99.602434 -6.523284
-6.927401 92.135564 -38.249823
20.920483 80.596794 -55.375899
47.166116 86.062078 -19.200945
48.587172 87.230417 -5.490093
43.786872 89.903888 -0.027343
6
0.254721 -63.566524 -77.196063
0.267162 -63.689826 -77.094324
28.339671 -78.032692 -55.747306
50.375294 -62.288394 -59.853870
38.271851 -43.903852 -81.287866
22.994384 -45.221830 -86.175660
5
-70.306185 -54.834484 45.279352
-80.823614 -51.453574 28.636919
-92.435439 -17.508747 33.898871
-69.443725 -25.240396 67.383169
-61.966166 -36.875070 69.285089
6
-46.704051 62.135519 -62.911914
-53.820487 53.651734 -64.998820
-53.731545 52.483451 -66.018244
-39.615674 41.941056 -81.679533
-9.797339 47.147516 -87.642021
-20.386665 58.138427 -78.767425
5
-15.754276 36.365614 91.811464
10.077151 1.437965 99.480567
-17.609985 -8.113462 98.102294
-20.998620 -5.895757 97.592510
-20.389218 34.127735 91.758256
6
48.587172 87.230417 -5.490093
47.166116 86.062078 -19.200945
71.027191 55.906993 -42.773196
76.352501 53.417065 -36.289293
82.683459 53.528657 -17.266394
62.878767 77.700161 -2.990927
5
-14.620608 -29.049777 94.563990
19.602263 -31.424329 92.888443
27.367343 -43.490729 85.788024
27.008889 -45.294752 84.964141
-25.276928 -51.292997 82.037219
7
53.625288 -82.521782 -17.733695
55.056984 -82.175858 -14.692066
73.882799 -67.311273 3.244146
80.323696 -59.536092 1.886152
89.296357 -40.361512 -19.927591
79.295023 -43.496030 -42.666085
64.550575 -61.086236 -45.844247
4
-10.509151 34.792294 -93.161441
-57.938233 -5.548953 -81.316482
-32.257129 -20.844825 -92.330769
-6.998304 -12.177266 -99.008777
5
-43.512277 -10.650914 89.404920
-65.069426 -8.959811 75.403525
-68.603626 9.903312 72.079588
-48.403399 20.585105 85.049188
-37.728560 -5.317647 92.456900
5
9.060024 -98.895710 -11.728365
31.072964 -91.976146 -23.976225
25.751815 -84.512766 -46.844812
-2.945255 -86.790171 -49.586204
-10.129848 -91.952084 -37.976315
5
6.831957 -99.640870 5.002137
-17.601534 -88.247605 43.618186
12.713970 -87.444172 46.817430
34.990904 -87.276176 34.036830
34.723660 -87.786346 32.982190
5
20.920483 80.596794 -55.375899
22.978545 77.145653 -59.334094
68.960588 55.706967 -46.272791
71.027191 55.906993 -42.773196
47.166116 86.062078 -19.200945
5
-69.609083 68.515520 21.452251
-74.074797 58.279942 33.412165
-90.366643 38.901065 17.904665
-87.313020 46.294290 -15.273347
-76.113002 64.852493 -0.982359
4
-53.869024 -56.181471 -62.783522
-64.657624 -7.134445 -75.950585
-78.267527 -20.420522 -58.797930
-77.704159 -48.843856 -39.703166
5
-14.620608 -29.049777 94.563990
-17.609985 -8.113462 98.102294
10.077151 1.437965 99.480567
18.500642 1.047448 98.268149
19.602263 -31.424329 92.888443
7
-63.680308 -5.425225 -76.911542
-66.797781 0.007381 -74.418119
-83.945645 23.033350 -49.219849
-97.793887 -0.404350 -20.885215
-95.383618 -14.932825 -26.057171
-78.267527 -20.420522 -58.797930
-64.657624 -7.134445 -75.950585
6
-30.572927 84.313514 -44.232651
-47.701368 86.164755 -17.326698
-59.408679 78.692462 -16.676488
-65.896684 70.674639 -25.743397
-66.136852 68.503077 -30.549063
-39.272877 79.050592 -46.996224
7
31.072964 -91.976146 -23.976225
9.060024 -98.895710 -11.728365
4.787447 -99.876269 -1.345817
6.831957 -99.640870 5.002137
34.723660 -87.786346 32.982190
55.056984 -82.175858 -14.692066
53.625288 -82.521782 -17.733695
5
-10.129848 -91.952084 -37.976315
-2.945255 -86.790171 -49.586204
-4.230596 -71.432072 -69.853856
-36.809528 -77.705776 -51.057526
-28.995231 -87.948459 -37.740496
7
28.483968 6.055596 -95.666051
55.162006 -21.336203 -80.634481
69.058954 -14.905658 -70.772044
66.957909 21.243931 -71.171159
64.120044 25.450389 -72.394044
35.377145 19.018150 -91.579297
29.463296 13.027444 -94.668896
5
-69.609083 68.515520 21.452251
-76.113002 64.852493 -0.982359
-65.896684 70.674639 -25.743397
-59.408679 78.692462 -16.676488
-58.476543 79.674000 15.249513
8
-35.162123 78.588052 50.867900
-57.018213 57.449442 58.723803
-68.460774 53.815528 49.163110
-74.074797 58.279942 33.412165
-69.609083 68.515520 21.452251
-58.476543 79.674000 15.249513
-40.295154 90.363403 14.517437
-34.603655 89.235706 28.975434
6
-17.601534 -88.247605 43.618186
-20.665951 -87.016117 44.733810
-32.046808 -75.394011 57.347583
-28.221541 -66.972684 68.689186
7.840469 -71.022960 69.959032
12.713970 -87.444172 46.817430
5
-20.665951 -87.016117 44.733810
-17.601534 -88.247605 43.618186
6.831957 -99.640870 5.002137
4.787447 -99.876269 -1.345817
-36.102155 -93.253390 0.662989
5
98.358001 -17.151052 -5.616492
97.648032 -19.205279 9.798936
93.968371 12.670332 31.771182
94.502627 25.854093 20.020472
95.790983 26.664934 10.633382
6
-12.669134 80.442133 58.039265
-7.731512 73.659997 67.189498
-8.482942 64.695478 75.779514
-52.669501 55.152325 64.684965
-57.018213 57.449442 58.723803
-35.162123 78.588052 50.867900
6
64.550575 -61.086236 -45.844247
50.375294 -62.288394 -59.853870
28.339671 -78.032692 -55.747306
25.751815 -84.512766 -46.844812
31.072964 -91.976146 -23.976225
53.625288 -82.521782 -17.733695
6
-46.356419 -88.492762 -4.484797
-28.995231 -87.948459 -37.740496
-36.809528 -77.705776 -51.057526
-45.049189 -70.818473 -54.362803
-66.770760 -68.969936 -28.014525
-48.478969 -87.369312 -4.048823
5
69.058954 -14.905658 -70.772044
78.660423 -22.012189 -57.688833
93.799510 7.097661 -33.930445
88.415142 17.723091 -43.227940
66.957909 21.243931 -71.171159
5
-99.544603 9.293441 -2.122263
-97.793887 -0.404350 -20.885215
-83.945645 23.033350 -49.219849
-81.818750 43.278349 -37.850714
-87.147651 42.472708 -24.522560
4
-12.669134 80.442133 58.039265
-35.162123 78.588052 50.867900
-34.603655 89.235706 28.975434
-2.738286 91.483891 40.288950
6
-78.497427 -55.105445 -28.311551
-66.770760 -68.969936 -28.014525
-45.049189 -70.818473 -54.362803
-46.728411 -63.269869 -61.752565
-53.869024 -56.181471 -62.783522
-77.704159 -48.843856 -39.703166
5
-35.370921 -75.403249 55.346616
-60.947599 -77.957288 14.423990
-78.360295 -59.090892 19.181520
-80.823614 -51.453574 28.636919
-70.306185 -54.834484 45.279352
8
22.978545 77.145653 -59.334094
20.920483 80.596794 -55.375899
-6.927401 92.135564 -38.249823
-21.756716 87.150208 -43.948680
-20.386665 58.138427 -78.767425
-9.797339 47.147516 -87.642021
-8.980465 46.797721 -87.916577
20.671928 66.426169 -71.834779
7
5.858038 93.892014 33.911254
-2.738286 91.483891 40.288950
-34.603655 89.235706 28.975434
-40.295154 90.363403 14.517437
-33.413702 94.009561 6.762167
-6.066452 99.602434 -6.523284
-5.302791 99.689088 -5.828050
6
29.952254 86.303699 40.675962
30.055249 77.947207 54.962851
-7.731512 73.659997 67.189498
-12.669134 80.442133 58.039265
-2.738286 91.483891 40.288950
5.858038 93.892014 33.911254
8
-32.257129 -20.844825 -92.330769
-57.938233 -5.548953 -81.316482
-59.139071 -5.261876 -80.466657
-63.680308 -5.425225 -76.911542
-64.657624 -7.134445 -75.950585
-53.869024 -56.181471 -62.783522
-46.728411 -63.269869 -61.752565
-22.453348 -51.110049 -82.967524
6
62.058235 -52.055230 58.643231
64.232227 -60.921624 46.505663
58.311424 -70.233871 40.828682
43.533599 -80.201639 40.896490
24.513548 -62.334271 74.253112
28.152093 -50.204666 81.773780
5
28.339671 -78.032692 -55.747306
0.267162 -63.689826 -77.094324
-4.230596 -71.432072 -69.853856
-2.945255 -86.790171 -49.586204
25.751815 -84.512766 -46.844812
6
-78.566559 47.844598 -39.219768
-81.818750 43.278349 -37.850714
-83.945645 23.033350 -49.219849
-66.797781 0.007381 -74.418119
-53.731545 52.483451 -66.018244
-53.820487 53.651734 -64.998820
8
-42.324971 -46.125313 77.981103
-43.512277 -10.650914 89.404920
-37.728560 -5.317647 92.456900
-20.998620 -5.895757 97.592510
-17.609985 -8.113462 98.102294
-14.620608 -29.049777 94.563990
-25.276928 -51.292997 82.037219
-30.573634 -55.518357 77.349628
7
64.550575 -61.086236 -45.844247
79.295023 -43.496030 -42.666085
78.660423 -22.012189 -57.688833
69.058954 -14.905658 -70.772044
55.162006 -21.336203 -80.634481
38.271851 -43.903852 -81.287866
50.375294 -62.288394 -59.853870
6
89.296357 -40.361512 -19.927591
98.266896 -17.356236 -6.509851
94.901880 7.016293 -30.731171
93.799510 7.097661 -33.930445
78.660423 -22.012189 -57.688833
79.295023 -43.496030 -42.666085
6
29.463296 13.027444 -94.668896
-8.227737 38.813794 -91.792122
-10.509151 34.792294 -93.161441
-6.998304 -12.177266 -99.008777
6.804390 -13.815314 -98.807072
28.483968 6.055596 -95.666051
6
27.367343 -43.490729 85.788024
19.602263 -31.424329 92.888443
18.500642 1.047448 98.268149
19.621033 1.921896 98.037347
49.616778 -6.605799 86.571004
31.335431 -40.851404 85.727787
5
-30.572927 84.313514 -44.232651
-39.272877 79.050592 -46.996224
-46.704051 62.135519 -62.911914
-20.386665 58.138427 -78.767425
-21.756716 87.150208 -43.948680
5
-39.615674 41.941056 -81.679533
-53.731545 52.483451 -66.018244
-66.797781 0.007381 -74.418119
-63.680308 -5.425225 -76.911542
-59.139071 -5.261876 -80.466657
6
70.310133 0.135922 71.108837
72.661827 -24.784217 64.078089
65.950285 -31.878648 68.075780
60.402566 -29.710264 73.951540
51.067344 -6.229966 85.751466
58.822116 3.021947 80.813529
6
-20.389218 34.127735 91.758256
-40.855109 33.925750 84.734312
-52.669501 55.152325 64.684965
-8.482942 64.695478 75.779514
0.126909 50.554017 86.280213
-15.754276 36.365614 91.811464
5
40.624375 86.044472 30.757258
29.952254 86.303699 40.675962
5.858038 93.892014 33.911254
-5.302791 99.689088 -5.828050
43.786872 89.903888 -0.027343
7
-32.046808 -75.394011 57.347583
-20.665951 -87.016117 44.733810
-36.102155 -93.253390 0.662989
-46.356419 -88.492762 -4.484797
-48.478969 -87.369312 -4.048823
-60.947599 -77.957288 14.423990
-35.370921 -75.403249 55.346616
7
-92.716810 -34.707742 -14.105521
-95.383618 -14.932825 -26.057171
-97.793887 -0.404350 -20.885215
-99.544603 9.293441 -2.122263
-98.635519 8.666329 13.997471
-94.969960 -8.419292 30.163259
-94.704114 -10.436824 30.367802
7
-76.113002 64.852493 -0.982359
-87.313020 46.294290 -15.273347
-87.147651 42.472708 -24.522560
-81.818750 43.278349 -37.850714
-78.566559 47.844598 -39.219768
-66.136852 68.503077 -30.549063
-65.896684 70.674639 -25.743397
4
25.521999 61.426683 -74.668536
35.377145 19.018150 -91.579297
64.120044 25.450389 -72.394044
63.563462 32.435479 -70.054450
5
46.067687 43.533205 77.347451
42.691992 26.748378 86.382394
24.592990 18.416267 95.163154
4.937745 49.846248 86.550392
35.953720 58.328587 72.836158
7
73.202999 55.228233 39.889387
73.485672 55.624101 38.804836
94.502627 25.854093 20.020472
93.968371 12.670332 31.771182
88.501973 6.906523 46.040208
82.963946 11.810154 54.566509
73.058518 33.949835 59.244085
7
-94.704114 -10.436824 30.367802
-94.969960 -8.419292 30.163259
-78.674158 18.603194 58.858288
-68.603626 9.903312 72.079588
-65.069426 -8.959811 75.403525
-69.443725 -25.240396 67.383169
-92.435439 -17.508747 33.898871
5
-61.966166 -36.875070 69.285089
-69.443725 -25.240396 67.383169
-65.069426 -8.959811 75.403525
-43.512277 -10.650914 89.404920
-42.324971 -46.125313 77.981103
6
-92.716810 -34.707742 -14.105521
-86.177665 -48.248868 -15.667062
-78.497427 -55.105445 -28.311551
-77.704159 -48.843856 -39.703166
-78.267527 -20.420522 -58.797930
-95.383618 -14.932825 -26.057171
6
29.463296 13.027444 -94.668896
35.377145 19.018150 -91.579297
25.521999 61.426683 -74.668536
20.671928 66.426169 -71.834779
-8.980465 46.797721 -87.916577
-8.227737 38.813794 -91.792122
4
67.700427 33.797471 65.378767
57.368157 10.562594 81.223926
42.691992 26.748378 86.382394
46.067687 43.533205 77.347451
5
25.521999 61.426683 -74.668536
63.563462 32.435479 -70.054450
68.960588 55.706967 -46.272791
22.978545 77.145653 -59.334094
20.671928 66.426169 -71.834779
7
27.008889 -45.294752 84.964141
27.367343 -43.490729 85.788024
31.335431 -40.851404 85.727787
60.402566 -29.710264 73.951540
65.950285 -31.878648 68.075780
62.058235 -52.055230 58.643231
28.152093 -50.204666 81.773780
6
-68.460774 53.815528 49.163110
-78.674158 18.603194 58.858288
-94.969960 -8.419292 30.163259
-98.635519 8.666329 13.997471
-90.366643 38.901065 17.904665
-74.074797 58.279942 33.412165
7
73.394501 61.211550 29.434560
86.688075 48.528456 -11.409063
93.486708 34.982453 -6.038495
95.790983 26.664934 10.633382
94.502627 25.854093 20.020472
73.485672 55.624101 38.804836
72.288761 59.685600 34.813275
6
73.882799 -67.311273 3.244146
55.056984 -82.175858 -14.692066
34.723660 -87.786346 32.982190
34.990904 -87.276176 34.036830
43.533599 -80.201639 40.896490
58.311424 -70.233871 40.828682
6
73.058518 33.949835 59.244085
82.963946 11.810154 54.566509
70.310133 0.135922 71.108837
58.822116 3.021947 80.813529
57.368157 10.562594 81.223926
67.700427 33.797471 65.378767
7
-30.573634 -55.518357 77.349628
-28.221541 -66.972684 68.689186
-32.046808 -75.394011 57.347583
-35.370921 -75.403249 55.346616
-70.306185 -54.834484 45.279352
-61.966166 -36.875070 69.285089
-42.324971 -46.125313 77.981103
7
-30.573634 -55.518357 77.349628
-25.276928 -51.292997 82.037219
27.008889 -45.294752 84.964141
28.152093 -50.204666 81.773780
24.513548 -62.334271 74.253112
7.840469 -71.022960 69.959032
-28.221541 -66.972684 68.689186
7
63.563462 32.435479 -70.054450
64.120044 25.450389 -72.394044
66.957909 21.243931 -71.171159
88.415142 17.723091 -43.227940
76.352501 53.417065 -36.289293
71.027191 55.906993 -42.773196
68.960588 55.706967 -46.272791
6
43.786872 89.903888 -0.027343
48.587172 87.230417 -5.490093
62.878767 77.700161 -2.990927
73.394501 61.211550 29.434560
72.288761 59.685600 34.813275
40.624375 86.044472 30.757258
5
12.713970 -87.444172 46.817430
7.840469 -71.022960 69.959032
24.513548 -62.334271 74.253112
43.533599 -80.201639 40.896490
34.990904 -87.276176 34.036830
5
-99.544603 9.293441 -2.122263
-87.147651 42.472708 -24.522560
-87.313020 46.294290 -15.273347
-90.366643 38.901065 17.904665
-98.635519 8.666329 13.997471
7
-22.453348 -51.110049 -82.967524
-46.728411 -63.269869 -61.752565
-45.049189 -70.818473 -54.362803
-36.809528 -77.705776 -51.057526
-4.230596 -71.432072 -69.853856
0.267162 -63.689826 -77.094324
0.254721 -63.566524 -77.196063
7
-57.018213 57.449442 58.723803
-52.669501 55.152325 64.684965
-40.855109 33.925750 84.734312
-48.403399 20.585105 85.049188
-68.603626 9.903312 72.079588
-78.674158 18.603194 58.858288
-68.460774 53.815528 49.163110
5
-20.998620 -5.895757 97.592510
-37.728560 -5.317647 92.456900
-48.403399 20.585105 85.049188
-40.855109 33.925750 84.734312
-20.389218 34.127735 91.758256
5
94.901880 7.016293 -30.731171
98.266896 -17.356236 -6.509851
98.358001 -17.151052 -5.616492
95.790983 26.664934 10.633382
93.486708 34.982453 -6.038495
6
46.067687 43.533205 77.347451
35.953720 58.328587 72.836158
37.389199 62.750509 68.296570
73.202999 55.228233 39.889387
73.058518 33.949835 59.244085
67.700427 33.797471 65.378767
7
37.389199 62.750509 68.296570
30.055249 77.947207 54.962851
29.952254 86.303699 40.675962
40.624375 86.044472 30.757258
72.288761 59.685600 34.813275
73.485672 55.624101 38.804836
73.202999 55.228233 39.889387
7
98.266896 -17.356236 -6.509851
89.296357 -40.361512 -19.927591
80.323696 -59.536092 1.886152
88.306402 -35.058266 31.191303
88.598068 -34.269788 31.240422
97.648032 -19.205279 9.798936
98.358001 -17.151052 -5.616492
5
88.598068 -34.269788 31.240422
86.610257 -21.512128 45.120857
88.501973 6.906523 46.040208
93.968371 12.670332 31.771182
97.648032 -19.205279 9.798936
