100
5
-19.620953 10.338956 -97.509611
-62.161990 15.648291 -76.752967
-65.462989 6.741344 -75.293767
-32.102892 -29.218679 -90.087031
-19.186776 7.082423 -97.886194
6
34.694486 11.195374 93.117969
44.445875 37.980694 81.129718
54.628830 39.943459 73.622082
70.191505 8.302500 70.740520
67.757405 -3.451219 73.464435
46.444663 -6.314090 88.334736
7
40.162578 -33.347415 -85.293126
37.686614 -31.343355 -87.162568
8.261508 -57.928673 -81.092641
7.977863 -59.914474 -79.665611
31.918087 -72.015619 -61.603461
33.687970 -71.422096 -61.351487
48.368424 -57.184934 -66.259934
7
-33.073707 -70.704147 62.506428
-42.588654 -56.933690 70.318998
-26.010566 -46.537947 84.603014
-13.384748 -48.658570 86.331872
-4.423570 -52.640228 84.908412
-9.166264 -65.589097 74.926965
-17.159928 -71.901395 67.347801
5
37.686614 -31.343355 -87.162568
35.160321 -11.354431 -92.923779
12.855683 -14.223190 -98.144955
-13.228157 -36.128219 -92.302587
8.261508 -57.928673 -81.092641
6
-19.686134 86.850782 -45.490634
5.388875 68.406294 -72.742965
9.574629 69.792656 -70.974021
20.451449 93.217511 -29.870284
11.786534 94.724793 -29.804213
-18.604499 87.872721 -43.957452
6
56.034924 45.151773 69.436335
79.873661 43.735626 41.320616
86.057590 35.636912 36.388209
88.885969 17.712672 42.255719
70.191505 8.302500 70.740520
54.628830 39.943459 73.622082
5
-19.186776 7.082423 -97.886194
-32.102892 -29.218679 -90.087031
-31.805923 -30.453424 -89.782917
-13.228157 -36.128219 -92.302587
12.855683 -14.223190 -98.144955
5
66.786192 -32.333344 67.038492
68.261022 -5.033803 72.904689
88.818853 -13.778846 43.833261
84.785900 -34.881965 39.932438
78.374708 -38.583561 48.669435
5
-98.712332 14.978938 -5.613094
-95.974148 26.753710 8.555806
-96.310914 23.277483 13.504322
-94.596064 -29.700676 13.017469
-94.938294 -30.849953 -5.916133
6
-23.086931 -6.230659 97.098777
7.748712 14.781746 98.597452
11.826102 10.643561 98.726176
14.030746 -19.144152 97.142368
13.409525 -20.180559 97.020254
-20.000644 -9.852510 97.482831
7
-55.623824 82.396278 -10.809416
-56.736049 81.153996 -13.966019
-41.466388 77.413894 -47.829152
-35.275280 79.343463 -49.601103
-19.686134 86.850782 -45.490634
-18.604499 87.872721 -43.957452
-32.531302 94.519058 2.803951
6
-27.723188 -4.563238 95.971880
-23.086931 -6.230659 97.098777
-20.000644 -9.852510 97.482831
-13.384748 -48.658570 86.331872
-26.010566 -46.537947 84.603014
-43.943253 -28.365784 85.231290
6
95.537500 28.385863 -8.174897
90.553383 41.398341 -9.287742
89.872724 42.650338 -10.190302
83.618506 38.985904 -38.575182
89.239946 -0.907833 -45.115495
95.485604 -8.719518 -28.398404
7
-47.837446 -76.913700 42.377605
-44.399954 -79.868179 40.616721
-42.887349 -81.963668 37.982002
-43.215238 -88.210932 18.742322
-64.019675 -76.209808 9.671941
-80.268140 -50.850874 31.164311
-79.084486 -51.705493 32.744254
5
78.374708 -38.583561 48.669435
57.963577 -72.298041 37.592778
47.532425 -66.075712 58.091900
57.705972 -41.227325 70.500556
66.786192 -32.333344 67.038492
4
48.368424 -57.184934 -66.259934
33.687970 -71.422096 -61.351487
54.546598 -75.856495 -35.643525
66.389753 -54.072609 -51.658045
5
96.823403 -22.409811 -11.091846
93.326101 -35.179608 -7.254941
88.684832 -38.481504 25.576836
88.688613 -38.436988 25.630603
98.417099 -4.305419 17.191219
5
-71.776251 56.217952 41.081768
-82.430295 53.404301 18.794337
-79.202120 60.664904 6.840585
-65.335031 75.661030 2.596586
-59.962407 68.809314 40.863040
6
6.783557 81.750004 57.191959
54.916862 48.579818 68.001026
56.034924 45.151773 69.436335
54.628830 39.943459 73.622082
44.445875 37.980694 81.129718
12.528930 45.411096 88.209173
5
-75.724104 46.711483 -45.649725
-66.329508 47.086795 -58.165540
-41.466388 77.413894 -47.829152
-56.736049 81.153996 -13.966019
-75.008295 61.369723 -24.647775
6
-98.712332 14.978938 -5.613094
-92.704806 15.377720 -34.195681
-88.686487 30.262314 -34.912740
-92.198620 38.200882 -6.333019
-94.586869 31.735047 6.797862
-95.974148 26.753710 8.555806
5
-45.327870 -61.930924 -64.108852
-20.359293 -74.483027 -63.543511
-14.537253 -72.158754 -67.688866
-37.005687 -37.085701 -85.177637
-40.240556 -38.919907 -82.860959
7
57.705972 -41.227325 70.500556
41.039587 -37.951139 82.918414
43.280224 -10.115479 89.579570
46.444663 -6.314090 88.334736
67.757405 -3.451219 73.464435
68.261022 -5.033803 72.904689
66.786192 -32.333344 67.038492
5
63.800778 41.234204 -65.032309
78.556754 6.217106 -61.564470
86.078322 -1.044792 -50.886451
89.239946 -0.907833 -45.115495
83.618506 38.985904 -38.575182
6
-32.488904 61.197420 72.106497
-50.780668 42.787136 74.770213
-76.335747 34.769259 54.442193
-71.776251 56.217952 41.081768
-59.962407 68.809314 40.863040
-25.167615 84.279896 47.576152
6
-64.347811 -9.426671 75.963788
-77.342185 -20.122841 60.110380
-88.994579 -17.238969 42.223012
-87.261929 18.003840 45.400633
-78.196962 29.823745 54.733713
-61.299860 6.020558 78.778678
6
56.037941 -82.484611 7.485853
57.227206 -81.396884 9.979692
88.684832 -38.481504 25.576836
93.326101 -35.179608 -7.254941
82.890363 -53.718310 -15.605479
56.686405 -82.249224 4.660124
7
37.179205 21.212748 -90.375473
58.917070 43.706774 -67.959523
50.811058 60.212404 -61.584923
9.574629 69.792656 -70.974021
5.388875 68.406294 -72.742965
3.391088 65.661195 -75.346586
32.881771 23.403518 -91.493522
4
32.881771 23.403518 -91.493522
3.391088 65.661195 -75.346586
-6.652673 60.009631 -79.715658
-5.458852 26.194124 -96.353873
5
12.324151 -86.565696 48.523145
-9.166264 -65.589097 74.926965
-4.423570 -52.640228 84.908412
9.787416 -48.815190 86.725335
30.467933 -69.487626 65.139656
5
-42.887349 -81.963668 37.982002
-44.399954 -79.868179 40.616721
-33.073707 -70.704147 62.506428
-17.159928 -71.901395 67.347801
-15.487955 -85.826835 48.927268
9
-88.891509 -14.400814 -43.484666
-82.473840 -15.756020 -54.312186
-65.462989 6.741344 -75.293767
-62.161990 15.648291 -76.752967
-60.702534 38.157084 -69.708245
-66.329508 47.086795 -58.165540
-75.724104 46.711483 -45.649725
-88.686487 30.262314 -34.912740
-92.704806 15.377720 -34.195681
6
51.151509 -84.915389 -13.149140
54.546598 -75.856495 -35.643525
33.687970 -71.422096 -61.351487
31.918087 -72.015619 -61.603461
14.754385 -91.033071 -38.668955
14.646723 -91.505555 -37.579342
6
78.374708 -38.583561 48.669435
84.785900 -34.881965 39.932438
88.688613 -38.436988 25.630603
88.684832 -38.481504 25.576836
57.227206 -81.396884 9.979692
57.963577 -72.298041 37.592778
6
70.191505 8.302500 70.740520
88.885969 17.712672 42.255719
94.787241 3.035934 31.720058
88.818853 -13.778846 43.833261
68.261022 -5.033803 72.904689
67.757405 -3.451219 73.464435
6
-23.086931 -6.230659 97.098777
-27.723188 -4.563238 95.971880
-39.221584 14.704140 90.804491
-30.006909 23.649697 92.413620
5.550698 21.995960 97.392851
7.748712 14.781746 98.597452
7
-59.962407 68.809314 40.863040
-65.335031 75.661030 2.596586
-55.623824 82.396278 -10.809416
-32.531302 94.519058 2.803951
-25.003416 96.025811 12.404547
-14.347908 89.758218 41.684527
-25.167615 84.279896 47.576152
5
43.280224 -10.115479 89.579570
41.039587 -37.951139 82.918414
11.096812 -47.122513 87.500455
13.409525 -20.180559 97.020254
14.030746 -19.144152 97.142368
5
-1.100992 89.693091 44.203363
3.087625 90.617315 42.177824
55.508905 66.299400 50.230977
54.916862 48.579818 68.001026
6.783557 81.750004 57.191959
4
10.764611 43.828486 89.236691
5.550698 21.995960 97.392851
-30.006909 23.649697 92.413620
-22.173576 46.208523 85.866786
4
-25.003416 96.025811 12.404547
-32.531302 94.519058 2.803951
-18.604499 87.872721 -43.957452
11.786534 94.724793 -29.804213
7
89.872724 42.650338 -10.190302
90.553383 41.398341 -9.287742
86.057590 35.636912 36.388209
79.873661 43.735626 41.320616
65.123205 71.380753 25.763468
63.905567 74.294226 19.910966
76.894832 63.678685 -5.675367
4
30.814635 94.238536 -13.021390
25.197153 92.655055 -27.931064
49.738413 74.085903 -45.137227
74.233467 66.382119 -9.099810
5
43.280224 -10.115479 89.579570
14.030746 -19.144152 97.142368
11.826102 10.643561 98.726176
34.694486 11.195374 93.117969
46.444663 -6.314090 88.334736
9
3.087625 90.617315 42.177824
-1.100992 89.693091 44.203363
-14.347908 89.758218 41.684527
-25.003416 96.025811 12.404547
11.786534 94.724793 -29.804213
20.451449 93.217511 -29.870284
25.197153 92.655055 -27.931064
30.814635 94.238536 -13.021390
29.974509 93.365482 19.606520
7
7.977863 -59.914474 -79.665611
8.261508 -57.928673 -81.092641
-13.228157 -36.128219 -92.302587
-31.805923 -30.453424 -89.782917
-37.005687 -37.085701 -85.177637
-14.537253 -72.158754 -67.688866
-6.651460 -71.306223 -69.793843
5
49.738413 74.085903 -45.137227
25.197153 92.655055 -27.931064
20.451449 93.217511 -29.870284
9.574629 69.792656 -70.974021
50.811058 60.212404 -61.584923
4
-59.493386 -50.022165 62.915181
-56.363669 -53.221981 63.170860
-47.837446 -76.913700 42.377605
-79.084486 -51.705493 32.744254
6
-6.652673 60.009631 -79.715658
3.391088 65.661195 -75.346586
5.388875 68.406294 -72.742965
-19.686134 86.850782 -45.490634
-35.275280 79.343463 -49.601103
-24.453001 58.519713 -77.314254
7
-43.943253 -28.365784 85.231290
-48.519325 -27.735052 82.925521
-64.347811 -9.426671 75.963788
-61.299860 6.020558 78.778678
-39.882197 14.798424 90.500923
-39.221584 14.704140 90.804491
-27.723188 -4.563238 95.971880
6
88.818853 -13.778846 43.833261
94.787241 3.035934 31.720058
98.167900 -0.392151 19.050188
98.417099 -4.305419 17.191219
88.688613 -38.436988 25.630603
84.785900 -34.881965 39.932438
8
-13.048338 -99.117236 2.348292
-14.213480 -98.958317 2.286579
-33.737082 -93.597757 10.063262
-43.215238 -88.210932 18.742322
-42.887349 -81.963668 37.982002
-15.487955 -85.826835 48.927268
8.608559 -92.237022 37.659321
12.491075 -96.561091 22.801948
5
54.916862 48.579818 68.001026
55.508905 66.299400 50.230977
65.123205 71.380753 25.763468
79.873661 43.735626 41.320616
56.034924 45.151773 69.436335
5
-5.458852 26.194124 -96.353873
-6.652673 60.009631 -79.715658
-24.453001 58.519713 -77.314254
-38.464195 46.449646 -79.768014
-13.955877 20.801701 -96.811790
6
-32.488904 61.197420 72.106497
-22.173576 46.208523 85.866786
-30.006909 23.649697 92.413620
-39.221584 14.704140 90.804491
-39.882197 14.798424 90.500923
-50.780668 42.787136 74.770213
5
-61.299860 6.020558 78.778678
-78.196962 29.823745 54.733713
-76.335747 34.769259 54.442193
-50.780668 42.787136 74.770213
-39.882197 14.798424 90.500923
6
-62.831739 -58.730458 -51.018682
-73.991245 -64.255927 -19.911591
-72.078013 -66.835131 -18.380025
-54.014959 -80.670186 -23.973011
-39.229508 -84.092085 -37.276896
-54.650737 -63.449523 -54.657616
5
-94.938294 -30.849953 -5.916133
-93.837149 -32.465888 -11.855612
-88.891509 -14.400814 -43.484666
-92.704806 15.377720 -34.195681
-98.712332 14.978938 -5.613094
7
56.037941 -82.484611 7.485853
56.686405 -82.249224 4.660124
51.151509 -84.915389 -13.149140
14.646723 -91.505555 -37.579342
7.464962 -93.853989 -33.700194
-13.048338 -99.117236 2.348292
12.491075 -96.561091 22.801948
5
-64.019675 -76.209808 9.671941
-43.215238 -88.210932 18.742322
-33.737082 -93.597757 10.063262
-54.014959 -80.670186 -23.973011
-72.078013 -66.835131 -18.380025
6
13.409525 -20.180559 97.020254
11.096812 -47.122513 87.500455
9.787416 -48.815190 86.725335
-4.423570 -52.640228 84.908412
-13.384748 -48.658570 86.331872
-20.000644 -9.852510 97.482831
5
-72.397034 -32.328121 -60.939003
-62.831739 -58.730458 -51.018682
-54.650737 -63.449523 -54.657616
-45.327870 -61.930924 -64.108852
-40.240556 -38.919907 -82.860959
5
-33.073707 -70.704147 62.506428
-44.399954 -79.868179 40.616721
-47.837446 -76.913700 42.377605
-56.363669 -53.221981 63.170860
-42.588654 -56.933690 70.318998
6
98.417099 -4.305419 17.191219
98.167900 -0.392151 19.050188
95.537500 28.385863 -8.174897
95.485604 -8.719518 -28.398404
95.500730 -9.426237 -28.120395
96.823403 -22.409811 -11.091846
4
14.754385 -91.033071 -38.668955
31.918087 -72.015619 -61.603461
7.977863 -59.914474 -79.665611
-6.651460 -71.306223 -69.793843
7
44.445875 37.980694 81.129718
34.694486 11.195374 93.117969
11.826102 10.643561 98.726176
7.748712 14.781746 98.597452
5.550698 21.995960 97.392851
10.764611 43.828486 89.236691
12.528930 45.411096 88.209173
8
75.519026 -43.586787 -48.959867
75.938465 -43.509967 -48.375948
95.500730 -9.426237 -28.120395
95.485604 -8.719518 -28.398404
89.239946 -0.907833 -45.115495
86.078322 -1.044792 -50.886451
73.677664 -28.574324 -61.278950
72.971554 -32.313627 -60.257628
8
63.800778 41.234204 -65.032309
83.618506 38.985904 -38.575182
89.872724 42.650338 -10.190302
76.894832 63.678685 -5.675367
74.233467 66.382119 -9.099810
49.738413 74.085903 -45.137227
50.811058 60.212404 -61.584923
58.917070 43.706774 -67.959523
4
66.211526 -7.454562 -74.568514
73.677664 -28.574324 -61.278950
86.078322 -1.044792 -50.886451
78.556754 6.217106 -61.564470
4
-48.519325 -27.735052 82.925521
-60.358382 -46.438407 64.810031
-77.342185 -20.122841 60.110380
-64.347811 -9.426671 75.963788
8
-96.310914 23.277483 13.504322
-95.974148 26.753710 8.555806
-94.586869 31.735047 6.797862
-82.430295 53.404301 18.794337
-71.776251 56.217952 41.081768
-76.335747 34.769259 54.442193
-78.196962 29.823745 54.733713
-87.261929 18.003840 45.400633
5
63.905567 74.294226 19.910966
65.123205 71.380753 25.763468
55.508905 66.299400 50.230977
3.087625 90.617315 42.177824
29.974509 93.365482 19.606520
5
-75.008295 61.369723 -24.647775
-81.934513 56.207832 -11.287833
-92.198620 38.200882 -6.333019
-88.686487 30.262314 -34.912740
-75.724104 46.711483 -45.649725
9
37.179205 21.212748 -90.375473
32.881771 23.403518 -91.493522
-5.458852 26.194124 -96.353873
-13.955877 20.801701 -96.811790
-19.620953 10.338956 -97.509611
-19.186776 7.082423 -97.886194
12.855683 -14.223190 -98.144955
35.160321 -11.354431 -92.923779
38.803792 -3.110433 -92.111839
5
95.500730 -9.426237 -28.120395
75.938465 -43.509967 -48.375948
82.890363 -53.718310 -15.605479
93.326101 -35.179608 -7.254941
96.823403 -22.409811 -11.091846
7
-40.240556 -38.919907 -82.860959
-37.005687 -37.085701 -85.177637
-31.805923 -30.453424 -89.782917
-32.102892 -29.218679 -90.087031
-65.462989 6.741344 -75.293767
-82.473840 -15.756020 -54.312186
-72.397034 -32.328121 -60.939003
5
75.519026 -43.586787 -48.959867
72.971554 -32.313627 -60.257628
40.162578 -33.347415 -85.293126
48.368424 -57.184934 -66.259934
66.389753 -54.072609 -51.658045
5
-94.586869 31.735047 6.797862
-92.198620 38.200882 -6.333019
-81.934513 56.207832 -11.287833
-79.202120 60.664904 6.840585
-82.430295 53.404301 18.794337
8
-94.596064 -29.700676 13.017469
-91.962206 -31.588034 23.348420
-80.268140 -50.850874 31.164311
-64.019675 -76.209808 9.671941
-72.078013 -66.835131 -18.380025
-73.991245 -64.255927 -19.911591
-93.837149 -32.465888 -11.855612
-94.938294 -30.849953 -5.916133
8
12.528930 45.411096 88.209173
10.764611 43.828486 89.236691
-22.173576 46.208523 85.866786
-32.488904 61.197420 72.106497
-25.167615 84.279896 47.576152
-14.347908 89.758218 41.684527
-1.100992 89.693091 44.203363
6.783557 81.750004 57.191959
7
-88.994579 -17.238969 42.223012
-77.342185 -20.122841 60.110380
-60.358382 -46.438407 64.810031
-59.493386 -50.022165 62.915181
-79.084486 -51.705493 32.744254
-80.268140 -50.850874 31.164311
-91.962206 -31.588034 23.348420
6
-66.329508 47.086795 -58.165540
-60.702534 38.157084 -69.708245
-38.464195 46.449646 -79.768014
-24.453001 58.519713 -77.314254
-35.275280 79.343463 -49.601103
-41.466388 77.413894 -47.829152
7
-43.943253 -28.365784 85.231290
-26.010566 -46.537947 84.603014
-42.588654 -56.933690 70.318998
-56.363669 -53.221981 63.170860
-59.493386 -50.022165 62.915181
-60.358382 -46.438407 64.810031
-48.519325 -27.735052 82.925521
5
-14.213480 -98.958317 2.286579
-35.683255 -85.455612 -37.736504
-39.229508 -84.092085 -37.276896
-54.014959 -80.670186 -23.973011
-33.737082 -93.597757 10.063262
5
29.974509 93.365482 19.606520
30.814635 94.238536 -13.021390
74.233467 66.382119 -9.099810
76.894832 63.678685 -5.675367
63.905567 74.294226 19.910966
5
7.464962 -93.853989 -33.700194
-25.737940 -84.624605 -46.650131
-35.683255 -85.455612 -37.736504
-14.213480 -98.958317 2.286579
-13.048338 -99.117236 2.348292
6
47.532425 -66.075712 58.091900
30.467933 -69.487626 65.139656
9.787416 -48.815190 86.725335
11.096812 -47.122513 87.500455
41.039587 -37.951139 82.918414
57.705972 -41.227325 70.500556
7
66.389753 -54.072609 -51.658045
54.546598 -75.856495 -35.643525
51.151509 -84.915389 -13.149140
56.686405 -82.249224 4.660124
82.890363 -53.718310 -15.605479
75.938465 -43.509967 -48.375948
75.519026 -43.586787 -48.959867
6
-79.202120 60.664904 6.840585
-81.934513 56.207832 -11.287833
-75.008295 61.369723 -24.647775
-56.736049 81.153996 -13.966019
-55.623824 82.396278 -10.809416
-65.335031 75.661030 2.596586
5
-19.620953 10.338956 -97.509611
-13.955877 20.801701 -96.811790
-38.464195 46.449646 -79.768014
-60.702534 38.157084 -69.708245
-62.161990 15.648291 -76.752967
6
98.167900 -0.392151 19.050188
94.787241 3.035934 31.720058
88.885969 17.712672 42.255719
86.057590 35.636912 36.388209
90.553383 41.398341 -9.287742
95.537500 28.385863 -8.174897
7
14.646723 -91.505555 -37.579342
14.754385 -91.033071 -38.668955
-6.651460 -71.306223 -69.793843
-14.537253 -72.158754 -67.688866
-20.359293 -74.483027 -63.543511
-25.737940 -84.624605 -46.650131
7.464962 -93.853989 -33.700194
8
12.491075 -96.561091 22.801948
8.608559 -92.237022 37.659321
12.324151 -86.565696 48.523145
30.467933 -69.487626 65.139656
47.532425 -66.075712 58.091900
57.963577 -72.298041 37.592778
57.227206 -81.396884 9.979692
56.037941 -82.484611 7.485853
7
72.971554 -32.313627 -60.257628
73.677664 -28.574324 -61.278950
66.211526 -7.454562 -74.568514
38.803792 -3.110433 -92.111839
35.160321 -11.354431 -92.923779
37.686614 -31.343355 -87.162568
40.162578 -33.347415 -85.293126
5
-96.310914 23.277483 13.504322
-87.261929 18.003840 45.400633
-88.994579 -17.238969 42.223012
-91.962206 -31.588034 23.348420
-94.596064 -29.700676 13.017469
5
12.324151 -86.565696 48.523145
8.608559 -92.237022 37.659321
-15.487955 -85.826835 48.927268
-17.159928 -71.901395 67.347801
-9.166264 -65.589097 74.926965
6
-45.327870 -61.930924 -64.108852
-54.650737 -63.449523 -54.657616
-39.229508 -84.092085 -37.276896
-35.683255 -85.455612 -37.736504
-25.737940 -84.624605 -46.650131
-20.359293 -74.483027 -63.543511
6
-93.837149 -32.465888 -11.855612
-73.991245 -64.255927 -19.911591
-62.831739 -58.730458 -51.018682
-72.397034 -32.328121 -60.939003
-82.473840 -15.756020 -54.312186
-88.891509 -14.400814 -43.484666
6
38.803792 -3.110433 -92.111839
66.211526 -7.454562 -74.568514
78.556754 6.217106 -61.564470
63.800778 41.234204 -65.032309
58.917070 43.706774 -67.959523
37.179205 21.212748 -90.375473
