200
4
13.314030 57.110226 -81.000979
1.056654 62.552508 -78.013250
-17.672551 47.288419 -86.321992
-1.074168 39.040887 -92.057891
7
-7.651315 96.870878 -23.611233
-4.047775 93.017855 -36.486905
11.017360 84.714260 -51.981843
24.698787 88.140421 -40.264575
17.936143 93.880475 -29.406652
-4.133461 98.642243 -15.894100
-6.427090 98.442060 -16.366228
6
-27.463323 65.146674 -70.722533
-10.512864 75.145150 -65.135905
-28.882662 82.653935 -48.312719
-46.456378 75.072532 -46.967222
-51.626477 70.211349 -49.041547
-46.626921 63.282791 -61.816006
7
-20.376070 97.608342 -7.578086
-6.427090 98.442060 -16.366228
-4.133461 98.642243 -15.894100
1.591721 99.348172 -11.287481
10.991904 94.028708 32.214595
-5.189583 94.267929 32.964008
-11.203957 95.682987 26.818600
6
27.636294 -5.091402 -95.970375
30.420757 11.063158 -94.615982
14.841608 25.488236 -95.551434
5.705391 25.733185 -96.463733
-5.493639 17.929663 -98.226000
-8.561432 4.935460 -99.510518
6
-87.922707 -47.155220 -6.781060
-93.651216 -34.817449 -4.146690
-95.411854 -29.940018 0.416400
-95.015088 -28.542691 12.547821
-82.517029 -52.970513 19.623063
-82.238145 -55.677700 11.699626
6
96.309757 -26.378790 5.346976
96.259501 -24.888388 10.708714
95.995278 -5.750103 27.419754
98.343456 18.066359 1.473558
97.681181 -19.681445 -8.427787
96.914227 -24.448877 -3.144032
6
39.381273 -14.557567 90.758981
41.929989 5.509652 90.617436
50.545000 13.370907 85.243309
59.467699 7.208012 80.072701
57.220874 -12.288617 81.084903
54.602089 -15.409314 82.347829
5
14.841608 25.488236 -95.551434
30.420757 11.063158 -94.615982
39.445666 16.132523 -90.464253
35.998924 47.290602 -80.421866
25.803902 51.907380 -81.484861
7
77.232711 -22.902837 -59.250050
78.428272 -9.967841 -61.234371
65.681159 0.079318 -75.405431
64.569551 0.219504 -76.359184
58.435230 -11.061218 -80.392620
58.190387 -28.186385 -76.285035
67.138250 -38.049871 -63.597663
5
-66.591686 68.300219 30.010455
-40.291999 73.390896 54.683920
-45.247879 62.935479 63.180337
-69.305377 51.188838 50.758916
-77.837975 56.434380 27.502917
5
82.457306 -53.967433 16.979662
72.740041 -66.411130 17.275651
70.353333 -56.872415 42.613811
80.288828 -40.307138 43.920823
85.259903 -48.248346 20.071024
5
-70.725532 -33.430944 62.291822
-49.446749 -26.925397 82.644068
-42.554398 -39.460443 81.437071
-42.265879 -45.493162 78.383466
-67.536230 -38.019011 63.193453
5
31.723327 -94.774124 3.390565
29.550025 -91.267878 28.230665
43.090194 -85.834073 27.852236
45.730659 -85.062887 25.942477
53.062677 -84.143255 10.211023
6
-96.185129 -8.549644 25.987006
-95.882204 4.218567 28.085700
-92.646156 3.473969 37.478279
-79.585961 -16.593992 58.229840
-79.457730 -21.439851 56.804947
-88.821250 -25.079413 38.494267
4
27.306131 65.351279 -70.594515
45.722401 68.618748 -56.576757
31.047097 80.445735 -50.641500
19.429962 76.757562 -61.079892
7
-76.740833 -27.706468 57.820378
-70.725532 -33.430944 62.291822
-67.536230 -38.019011 63.193453
-58.260702 -56.504794 58.420021
-59.353842 -62.747112 50.397632
-68.578591 -62.739200 36.888612
-75.487367 -55.991065 34.156377
5
33.627044 46.530934 81.878532
38.120857 51.572641 76.727199
50.342327 29.652564 81.156488
48.637761 19.225603 85.233470
27.827855 24.322599 92.919436
7
25.195946 -74.391885 61.895168
33.497815 -68.603167 64.587165
39.942860 -69.527996 59.753039
44.915423 -75.101596 48.397883
41.991674 -78.777435 45.064566
24.116100 -86.047061 44.881144
17.178880 -83.994602 51.476139
5
-76.105189 -0.648602 64.865858
-59.856815 8.724046 79.630727
-43.090393 -7.159247 89.955340
-47.975239 -13.976551 86.620047
-78.674351 -14.215085 60.068942
7
60.407571 75.857628 -24.424282
62.134237 74.067194 -25.561442
84.092268 53.687866 -6.789947
85.895113 51.163415 -2.081957
83.190218 55.353391 3.922989
72.392684 68.704342 6.246014
59.606674 79.231301 -13.017121
9
-55.775947 -82.993769 -1.038317
-56.375746 -78.773634 24.829213
-48.400737 -82.605118 28.874958
-42.642840 -86.108745 27.692457
-33.949989 -91.922671 19.940431
-32.999583 -93.517902 12.861940
-37.616994 -92.457984 -6.040123
-43.001296 -89.673857 -10.463644
-49.354976 -86.313646 -10.678995
4
51.348800 69.066728 50.922370
45.783299 81.846363 34.714008
58.997035 75.873512 27.614490
69.581146 58.418293 41.782379
8
27.693884 -5.547184 -95.928502
31.250375 -9.363910 -94.528997
58.435230 -11.061218 -80.392620
64.569551 0.219504 -76.359184
56.806759 16.735134 -80.578703
39.445666 16.132523 -90.464253
30.420757 11.063158 -94.615982
27.636294 -5.091402 -95.970375
5
93.965266 2.262543 -34.138096
87.560705 10.703225 -47.101635
84.657178 9.292759 -52.409988
83.857492 -3.896052 -54.339137
93.858861 -14.108804 -31.487391
7
77.044511 41.513437 48.381586
76.513561 47.061620 43.941767
83.190218 55.353391 3.922989
85.895113 51.163415 -2.081957
95.211803 29.626639 -7.548164
98.310806 18.243397 1.471025
93.433693 22.311449 27.791082
7
-45.163881 -73.738470 50.228098
-44.340631 -74.819063 49.356016
-48.400737 -82.605118 28.874958
-56.375746 -78.773634 24.829213
-59.618663 -75.974330 25.952191
-68.578591 -62.739200 36.888612
-59.353842 -62.747112 50.397632
5
84.657178 9.292759 -52.409988
79.919650 16.529227 -57.789569
65.681159 0.079318 -75.405431
78.428272 -9.967841 -61.234371
83.857492 -3.896052 -54.339137
7
-33.417277 -58.526833 73.877570
-33.643946 -58.127346 74.089787
-25.023407 -51.983778 81.679348
-8.101128 -50.228935 86.089638
-2.512752 -63.891217 76.886920
-16.722998 -67.059511 72.272839
-27.321606 -64.059175 71.763166
6
-76.182465 62.652530 -16.458810
-72.791918 68.189539 -7.177976
-78.737584 55.707935 26.401116
-78.803573 55.621016 26.387487
-91.931724 39.266360 -2.590570
-86.065660 47.351092 -18.723683
5
80.613783 -43.447298 -40.171512
89.427736 -24.358488 -37.541232
77.232711 -22.902837 -59.250050
67.138250 -38.049871 -63.597663
65.458031 -50.046370 -56.662218
4
-33.949989 -91.922671 19.940431
-20.122354 -93.381218 29.581060
-6.408677 -99.059044 12.092753
-32.999583 -93.517902 12.861940
5
45.322086 82.853586 -32.881481
29.949141 85.442594 -42.457181
31.047097 80.445735 -50.641500
45.722401 68.618748 -56.576757
48.754544 67.431977 -55.461004
8
3.235188 60.098003 79.860901
3.718730 62.164813 78.241339
5.027647 63.776742 76.858636
37.302995 53.736131 75.636729
38.254626 52.944876 75.719374
38.120857 51.572641 76.727199
33.627044 46.530934 81.878532
7.898132 39.753309 91.418236
6
7.353055 -27.306739 95.918062
11.116034 -43.792330 89.211354
8.551642 -46.776524 87.970599
-7.025788 -48.504140 87.166431
-9.017982 -41.063236 90.733051
-1.987658 -29.239010 95.609254
6
86.830738 -21.845059 44.533317
84.572680 -27.603531 45.667350
81.633348 -31.180926 48.618375
76.444081 -0.283521 64.468768
76.616774 2.001400 64.232891
86.533926 0.790482 50.112421
5
-97.402454 11.389945 19.571182
-95.882204 4.218567 28.085700
-96.185129 -8.549644 25.987006
-97.013030 -17.522228 16.776277
-99.789378 -4.815550 4.346326
5
-64.800845 62.637438 -43.328995
-51.879832 70.137961 -48.878926
-57.113141 81.732796 -7.605206
-72.791918 68.189539 -7.177976
-76.182465 62.652530 -16.458810
8
34.985939 93.625492 3.201758
38.204606 92.405789 1.256315
43.753634 89.911570 1.236552
61.865680 76.851310 16.325252
58.997035 75.873512 27.614490
45.783299 81.846363 34.714008
43.901036 82.826350 34.820895
29.696241 91.126860 28.531186
6
6.268363 -22.450500 -97.245476
27.693884 -5.547184 -95.928502
27.636294 -5.091402 -95.970375
-8.561432 4.935460 -99.510518
-24.768177 -16.148639 -95.528838
-24.651255 -16.764718 -95.452920
7
-76.740833 -27.706468 57.820378
-79.457730 -21.439851 56.804947
-79.585961 -16.593992 58.229840
-78.674351 -14.215085 60.068942
-47.975239 -13.976551 86.620047
-49.446749 -26.925397 82.644068
-70.725532 -33.430944 62.291822
7
-16.722998 -67.059511 72.272839
-2.512752 -63.891217 76.886920
4.131763 -65.213519 75.697592
5.020691 -67.328936 73.767249
-0.834400 -84.792394 53.005224
-1.496068 -84.854690 52.890863
-4.117502 -84.327888 53.589677
5
82.888856 -47.765129 -29.119238
97.624448 -19.724751 -8.966684
94.040939 -16.339676 -29.821416
89.427736 -24.358488 -37.541232
80.613783 -43.447298 -40.171512
7
-27.590485 -89.182661 -35.849939
-35.816809 -79.048091 -49.684560
-49.924837 -71.845903 -48.432189
-56.992030 -78.913498 -22.903458
-55.902665 -80.676928 -19.134403
-49.354976 -86.313646 -10.678995
-43.001296 -89.673857 -10.463644
6
4.239636 27.694473 95.995009
26.564318 23.291921 93.551181
27.632586 11.048860 95.469172
14.009214 -7.592801 98.722294
0.697078 2.296900 99.971188
-1.834390 13.135319 99.116590
9
93.858861 -14.108804 -31.487391
94.040939 -16.339676 -29.821416
97.624448 -19.724751 -8.966684
97.681181 -19.681445 -8.427787
98.343456 18.066359 1.473558
98.310806 18.243397 1.471025
95.211803 29.626639 -7.548164
93.935142 27.909059 -19.931722
93.965266 2.262543 -34.138096
7
-75.171570 44.006929 -49.118482
-63.901191 38.380783 -66.659983
-49.012577 53.436424 -68.864475
-46.626921 63.282791 -61.816006
-51.626477 70.211349 -49.041547
-51.879832 70.137961 -48.878926
-64.800845 62.637438 -43.328995
6
38.204606 92.405789 1.256315
34.985939 93.625492 3.201758
1.591721 99.348172 -11.287481
-4.133461 98.642243 -15.894100
17.936143 93.880475 -29.406652
38.805739 89.654079 -21.360259
6
94.040939 -16.339676 -29.821416
93.858861 -14.108804 -31.487391
83.857492 -3.896052 -54.339137
78.428272 -9.967841 -61.234371
77.232711 -22.902837 -59.250050
89.427736 -24.358488 -37.541232
5
39.381273 -14.557567 90.758981
54.602089 -15.409314 82.347829
57.079955 -30.629942 76.181923
34.359892 -37.853987 85.944596
30.442713 -19.122486 93.314371
7
-26.801130 30.756410 -91.300289
-5.493639 17.929663 -98.226000
5.705391 25.733185 -96.463733
-1.074168 39.040887 -92.057891
-17.672551 47.288419 -86.321992
-21.410720 46.333400 -85.993006
-25.145021 42.677233 -86.869913
5
-11.203957 95.682987 26.818600
-5.189583 94.267929 32.964008
-18.648185 81.023513 55.564696
-32.684447 79.096013 51.725696
-36.575317 87.165419 32.625695
7
-35.929569 -56.583345 74.211799
-42.265879 -45.493162 78.383466
-42.554398 -39.460443 81.437071
-25.895945 -30.438911 91.667185
-21.989303 -37.880140 89.897528
-25.023407 -51.983778 81.679348
-33.643946 -58.127346 74.089787
6
32.480110 -56.069855 76.165700
33.497815 -68.603167 64.587165
25.195946 -74.391885 61.895168
5.020691 -67.328936 73.767249
4.131763 -65.213519 75.697592
8.794698 -61.642466 78.248704
6
-92.646156 3.473969 37.478279
-95.882204 4.218567 28.085700
-97.402454 11.389945 19.571182
-96.918930 17.119970 17.709536
-87.195001 38.567104 30.159745
-84.205090 23.058755 48.762656
7
-5.189583 94.267929 32.964008
10.991904 94.028708 32.214595
11.146698 93.991061 32.271220
8.031431 79.385525 60.277977
0.191348 75.889149 65.121429
-13.184515 78.720994 60.242623
-18.648185 81.023513 55.564696
7
-27.463323 65.146674 -70.722533
-21.410720 46.333400 -85.993006
-17.672551 47.288419 -86.321992
1.056654 62.552508 -78.013250
-5.615943 74.134134 -66.877435
-9.579068 75.194133 -65.223338
-10.512864 75.145150 -65.135905
6
-75.627194 -21.332764 -61.850148
-76.974103 -18.087377 -61.219558
-89.121657 -7.540429 -44.726638
-92.110503 -19.643034 -33.612594
-79.956316 -50.230963 -32.921695
-68.681916 -51.084824 -51.702371
6
0.943235 -83.045868 -55.700037
10.245607 -90.012692 -42.340795
27.896554 -60.931822 -74.223280
25.862327 -53.313754 -80.552987
25.825270 -53.301942 -80.572690
2.022482 -70.739365 -70.653038
4
59.606674 79.231301 -13.017121
72.392684 68.704342 6.246014
61.865680 76.851310 16.325252
43.753634 89.911570 1.236552
5
-10.512864 75.145150 -65.135905
-9.579068 75.194133 -65.223338
-4.047775 93.017855 -36.486905
-7.651315 96.870878 -23.611233
-28.882662 82.653935 -48.312719
9
5.207123 -94.035857 -33.617606
7.250583 -93.727861 -34.095705
10.265086 -90.036916 -42.284533
10.245607 -90.012692 -42.340795
0.943235 -83.045868 -55.700037
-20.074543 -77.599762 -59.793726
-29.672543 -77.478664 -55.826488
-35.816809 -79.048091 -49.684560
-27.590485 -89.182661 -35.849939
7
-57.113141 81.732796 -7.605206
-40.843455 91.276393 -0.657500
-45.129103 87.565550 17.194141
-66.591686 68.300219 30.010455
-77.837975 56.434380 27.502917
-78.737584 55.707935 26.401116
-72.791918 68.189539 -7.177976
5
-76.182465 62.652530 -16.458810
-86.065660 47.351092 -18.723683
-88.112899 26.344109 -39.269645
-75.171570 44.006929 -49.118482
-64.800845 62.637438 -43.328995
6
-88.821250 -25.079413 38.494267
-79.457730 -21.439851 56.804947
-76.740833 -27.706468 57.820378
-75.487367 -55.991065 34.156377
-81.418802 -52.682009 24.404601
-90.306252 -29.114140 31.577647
8
67.509597 59.005891 -44.280459
62.134237 74.067194 -25.561442
60.407571 75.857628 -24.424282
46.068133 83.000043 -31.443918
45.322086 82.853586 -32.881481
48.754544 67.431977 -55.461004
51.430183 65.298514 -55.597125
63.294488 58.383154 -50.845011
8
80.613783 -43.447298 -40.171512
65.458031 -50.046370 -56.662218
64.887377 -50.887597 -56.569257
55.723143 -71.798597 -41.712022
58.002529 -73.622923 -34.862184
62.526683 -71.826366 -30.518633
82.125625 -50.623655 -26.317812
82.888856 -47.765129 -29.119238
6
-78.674351 -14.215085 60.068942
-79.585961 -16.593992 58.229840
-92.646156 3.473969 37.478279
-84.205090 23.058755 48.762656
-78.782605 21.387765 57.756945
-76.105189 -0.648602 64.865858
7
96.309757 -26.378790 5.346976
85.259903 -48.248346 20.071024
80.288828 -40.307138 43.920823
81.439877 -31.507078 48.732437
81.633348 -31.180926 48.618375
84.572680 -27.603531 45.667350
96.259501 -24.888388 10.708714
6
-97.602129 20.889291 6.120620
-96.918930 17.119970 17.709536
-97.402454 11.389945 19.571182
-99.789378 -4.815550 4.346326
-99.560546 -7.440353 -5.686726
-99.121499 5.485807 -12.034712
4
-93.651216 -34.817449 -4.146690
-92.758689 -19.666059 -31.765891
-99.466638 -8.319292 -6.097314
-95.411854 -29.940018 0.416400
6
29.696241 91.126860 28.531186
27.216298 91.424215 30.014762
11.146698 93.991061 32.271220
10.991904 94.028708 32.214595
1.591721 99.348172 -11.287481
34.985939 93.625492 3.201758
5
25.195946 -74.391885 61.895168
17.178880 -83.994602 51.476139
7.347468 -85.723748 50.965221
-0.834400 -84.792394 53.005224
5.020691 -67.328936 73.767249
6
31.929017 -46.688855 82.466288
33.916120 -53.067209 77.676046
32.480110 -56.069855 76.165700
8.794698 -61.642466 78.248704
8.551642 -46.776524 87.970599
11.116034 -43.792330 89.211354
5
-72.706153 -68.558771 3.675629
-74.407837 -66.442835 6.987380
-59.618663 -75.974330 25.952191
-56.375746 -78.773634 24.829213
-55.775947 -82.993769 -1.038317
6
45.730659 -85.062887 25.942477
43.090194 -85.834073 27.852236
41.991674 -78.777435 45.064566
44.915423 -75.101596 48.397883
57.322244 -70.278594 42.131693
57.633573 -73.466797 35.791073
5
-25.023407 -51.983778 81.679348
-21.989303 -37.880140 89.897528
-9.017982 -41.063236 90.733051
-7.025788 -48.504140 87.166431
-8.101128 -50.228935 86.089638
5
64.199948 52.071166 -56.275752
52.557368 40.456725 -74.839672
59.516818 25.217663 -76.300838
73.442518 29.395877 -61.172535
73.396610 30.847614 -60.509193
6
41.700768 46.800630 -77.914999
35.998924 47.290602 -80.421866
39.445666 16.132523 -90.464253
56.806759 16.735134 -80.578703
59.516818 25.217663 -76.300838
52.557368 40.456725 -74.839672
6
87.560705 10.703225 -47.101635
90.227737 29.977315 -30.988965
89.486581 30.811388 -32.292571
78.249521 22.586908 -58.024512
79.919650 16.529227 -57.789569
84.657178 9.292759 -52.409988
6
57.633573 -73.466797 35.791073
57.322244 -70.278594 42.131693
64.317264 -61.222720 45.989869
70.353333 -56.872415 42.613811
72.740041 -66.411130 17.275651
69.531751 -70.475603 14.089890
6
-35.816809 -79.048091 -49.684560
-29.672543 -77.478664 -55.826488
-34.676902 -42.172268 -83.779546
-36.955693 -42.451122 -82.656996
-59.203926 -56.744419 -57.227319
-49.924837 -71.845903 -48.432189
6
19.449867 -97.619964 -9.594026
31.723327 -94.774124 3.390565
53.062677 -84.143255 10.211023
56.794096 -81.938090 7.783321
49.706778 -84.703813 -18.828177
19.514223 -97.291351 -12.393067
6
64.199948 52.071166 -56.275752
73.396610 30.847614 -60.509193
82.049291 41.098953 -39.733989
73.247301 54.713437 -40.512624
67.509597 59.005891 -44.280459
63.294488 58.383154 -50.845011
6
64.887377 -50.887597 -56.569257
65.458031 -50.046370 -56.662218
67.138250 -38.049871 -63.597663
58.190387 -28.186385 -76.285035
49.897019 -31.529881 -80.722698
27.129035 -52.988417 -80.350751
5
27.216298 91.424215 30.014762
25.105410 78.485166 56.655071
24.503647 78.199220 57.310150
8.031431 79.385525 60.277977
11.146698 93.991061 32.271220
6
14.841608 25.488236 -95.551434
25.803902 51.907380 -81.484861
23.385949 54.923467 -80.227864
13.314030 57.110226 -81.000979
-1.074168 39.040887 -92.057891
5.705391 25.733185 -96.463733
6
29.949141 85.442594 -42.457181
24.698787 88.140421 -40.264575
11.017360 84.714260 -51.981843
11.025453 79.603805 -59.511962
19.429962 76.757562 -61.079892
31.047097 80.445735 -50.641500
6
7.898132 39.753309 91.418236
33.627044 46.530934 81.878532
27.827855 24.322599 92.919436
26.564318 23.291921 93.551181
4.239636 27.694473 95.995009
3.253183 30.945121 95.035869
5
5.027647 63.776742 76.858636
0.191348 75.889149 65.121429
8.031431 79.385525 60.277977
24.503647 78.199220 57.310150
37.302995 53.736131 75.636729
5
-27.321606 -64.059175 71.763166
-16.722998 -67.059511 72.272839
-4.117502 -84.327888 53.589677
-25.515390 -82.395488 50.595934
-25.817389 -82.165070 50.816962
7
-99.789378 -4.815550 4.346326
-97.013030 -17.522228 16.776277
-95.185064 -26.312179 15.731268
-95.015088 -28.542691 12.547821
-95.411854 -29.940018 0.416400
-99.466638 -8.319292 -6.097314
-99.560546 -7.440353 -5.686726
6
27.129035 -52.988417 -80.350751
49.897019 -31.529881 -80.722698
33.219294 -19.242202 -92.337512
23.032502 -50.189858 -83.369551
25.825270 -53.301942 -80.572690
25.862327 -53.313754 -80.552987
6
-32.088362 15.273600 93.472211
-37.953226 -5.873819 92.331202
-43.090393 -7.159247 89.955340
-59.856815 8.724046 79.630727
-57.624343 20.567779 79.097418
-48.283747 28.119218 82.933644
6
8.794698 -61.642466 78.248704
4.131763 -65.213519 75.697592
-2.512752 -63.891217 76.886920
-8.101128 -50.228935 86.089638
-7.025788 -48.504140 87.166431
8.551642 -46.776524 87.970599
6
17.262456 -15.076549 97.338098
30.442713 -19.122486 93.314371
34.359892 -37.853987 85.944596
31.929017 -46.688855 82.466288
11.116034 -43.792330 89.211354
7.353055 -27.306739 95.918062
7
-68.578591 -62.739200 36.888612
-59.618663 -75.974330 25.952191
-74.407837 -66.442835 6.987380
-82.238145 -55.677700 11.699626
-82.517029 -52.970513 19.623063
-81.418802 -52.682009 24.404601
-75.487367 -55.991065 34.156377
6
-26.548277 -85.164688 45.190318
-25.515390 -82.395488 50.595934
-4.117502 -84.327888 53.589677
-1.496068 -84.854690 52.890863
-8.075463 -93.000802 35.855791
-19.453695 -93.054506 31.022776
7
41.955788 54.017004 72.951183
46.162067 67.719275 57.298895
51.348800 69.066728 50.922370
69.581146 58.418293 41.782379
76.513561 47.061620 43.941767
77.044511 41.513437 48.381586
76.493254 40.732255 49.896547
6
-27.994519 18.188397 94.262872
-1.834390 13.135319 99.116590
0.697078 2.296900 99.971188
-25.818934 -13.490078 95.662952
-37.953226 -5.873819 92.331202
-32.088362 15.273600 93.472211
7
57.079955 -30.629942 76.181923
54.602089 -15.409314 82.347829
57.220874 -12.288617 81.084903
68.486654 -12.333499 71.815479
74.761172 -32.280464 58.040837
65.023384 -36.879020 66.422115
59.821024 -34.863956 72.152267
5
-78.782605 21.387765 57.756945
-70.402531 31.840689 63.479557
-57.624343 20.567779 79.097418
-59.856815 8.724046 79.630727
-76.105189 -0.648602 64.865858
6
-97.602129 20.889291 6.120620
-95.704514 28.925457 -1.990979
-91.931724 39.266360 -2.590570
-78.803573 55.621016 26.387487
-87.195001 38.567104 30.159745
-96.918930 17.119970 17.709536
6
-86.065660 47.351092 -18.723683
-91.931724 39.266360 -2.590570
-95.704514 28.925457 -1.990979
-92.929333 17.426546 -32.564620
-89.963351 18.390593 -39.602798
-88.112899 26.344109 -39.269645
6
58.997035 75.873512 27.614490
61.865680 76.851310 16.325252
72.392684 68.704342 6.246014
83.190218 55.353391 3.922989
76.513561 47.061620 43.941767
69.581146 58.418293 41.782379
6
76.526183 35.365161 53.787067
88.443689 5.101085 46.386343
86.533926 0.790482 50.112421
76.616774 2.001400 64.232891
72.320236 13.127072 67.804597
73.780949 26.826269 61.941286
5
-26.274811 37.700242 88.816249
-16.647249 46.761675 86.811375
-11.568429 46.165965 87.948139
-2.586972 33.950659 94.024786
-24.219969 31.340076 91.821527
7
17.262456 -15.076549 97.338098
7.353055 -27.306739 95.918062
-1.987658 -29.239010 95.609254
-23.695013 -18.861644 95.303645
-25.818934 -13.490078 95.662952
0.697078 2.296900 99.971188
14.009214 -7.592801 98.722294
6
-27.994519 18.188397 94.262872
-32.088362 15.273600 93.472211
-48.283747 28.119218 82.933644
-43.288790 45.149011 78.023378
-26.274811 37.700242 88.816249
-24.219969 31.340076 91.821527
6
-25.817389 -82.165070 50.816962
-25.515390 -82.395488 50.595934
-26.548277 -85.164688 45.190318
-42.642840 -86.108745 27.692457
-48.400737 -82.605118 28.874958
-44.340631 -74.819063 49.356016
7
-88.112899 26.344109 -39.269645
-89.963351 18.390593 -39.602798
-89.440034 15.132316 -42.089113
-65.032241 16.663968 -74.115584
-62.457054 19.766035 -75.554088
-63.901191 38.380783 -66.659983
-75.171570 44.006929 -49.118482
6
31.929017 -46.688855 82.466288
34.359892 -37.853987 85.944596
57.079955 -30.629942 76.181923
59.821024 -34.863956 72.152267
40.645800 -51.479503 75.483639
33.916120 -53.067209 77.676046
7
76.526183 35.365161 53.787067
73.780949 26.826269 61.941286
50.342327 29.652564 81.156488
38.120857 51.572641 76.727199
38.254626 52.944876 75.719374
41.955788 54.017004 72.951183
76.493254 40.732255 49.896547
5
-19.453695 -93.054506 31.022776
-20.122354 -93.381218 29.581060
-33.949989 -91.922671 19.940431
-42.642840 -86.108745 27.692457
-26.548277 -85.164688 45.190318
5
-89.440034 15.132316 -42.089113
-89.121657 -7.540429 -44.726638
-76.974103 -18.087377 -61.219558
-65.233971 -2.559093 -75.749456
-65.032241 16.663968 -74.115584
6
56.794096 -81.938090 7.783321
67.409257 -73.287586 9.215300
73.987390 -66.866832 -7.395465
62.526683 -71.826366 -30.518633
58.002529 -73.622923 -34.862184
49.706778 -84.703813 -18.828177
7
-18.648185 81.023513 55.564696
-13.184515 78.720994 60.242623
-24.497516 57.916210 77.753356
-41.638521 53.017060 73.860848
-45.247879 62.935479 63.180337
-40.291999 73.390896 54.683920
-32.684447 79.096013 51.725696
6
-49.924837 -71.845903 -48.432189
-59.203926 -56.744419 -57.227319
-68.681916 -51.084824 -51.702371
-79.956316 -50.230963 -32.921695
-80.046189 -51.058141 -31.395443
-56.992030 -78.913498 -22.903458
5
-2.586972 33.950659 94.024786
-11.568429 46.165965 87.948139
3.235188 60.098003 79.860901
7.898132 39.753309 91.418236
3.253183 30.945121 95.035869
8
45.722401 68.618748 -56.576757
27.306131 65.351279 -70.594515
23.385949 54.923467 -80.227864
25.803902 51.907380 -81.484861
35.998924 47.290602 -80.421866
41.700768 46.800630 -77.914999
51.430183 65.298514 -55.597125
48.754544 67.431977 -55.461004
5
96.914227 -24.448877 -3.144032
85.419358 -51.535236 -6.903093
82.457306 -53.967433 16.979662
85.259903 -48.248346 20.071024
96.309757 -26.378790 5.346976
5
-53.517084 -30.430625 -78.802911
-75.627194 -21.332764 -61.850148
-68.681916 -51.084824 -51.702371
-59.203926 -56.744419 -57.227319
-36.955693 -42.451122 -82.656996
5
-43.644502 46.875848 76.797216
-68.675135 36.918004 62.616186
-69.305377 51.188838 50.758916
-45.247879 62.935479 63.180337
-41.638521 53.017060 73.860848
5
92.651011 5.387756 37.239257
94.601509 -5.362060 31.965650
86.830738 -21.845059 44.533317
86.533926 0.790482 50.112421
88.443689 5.101085 46.386343
7
78.249521 22.586908 -58.024512
73.442518 29.395877 -61.172535
59.516818 25.217663 -76.300838
56.806759 16.735134 -80.578703
64.569551 0.219504 -76.359184
65.681159 0.079318 -75.405431
79.919650 16.529227 -57.789569
6
14.009214 -7.592801 98.722294
27.632586 11.048860 95.469172
41.929989 5.509652 90.617436
39.381273 -14.557567 90.758981
30.442713 -19.122486 93.314371
17.262456 -15.076549 97.338098
8
80.288828 -40.307138 43.920823
70.353333 -56.872415 42.613811
64.317264 -61.222720 45.989869
56.908298 -57.225796 59.047895
56.947698 -54.638154 61.413613
65.023384 -36.879020 66.422115
74.761172 -32.280464 58.040837
81.439877 -31.507078 48.732437
5
63.294488 58.383154 -50.845011
51.430183 65.298514 -55.597125
41.700768 46.800630 -77.914999
52.557368 40.456725 -74.839672
64.199948 52.071166 -56.275752
5
56.908298 -57.225796 59.047895
64.317264 -61.222720 45.989869
57.322244 -70.278594 42.131693
44.915423 -75.101596 48.397883
39.942860 -69.527996 59.753039
6
27.632586 11.048860 95.469172
26.564318 23.291921 93.551181
27.827855 24.322599 92.919436
48.637761 19.225603 85.233470
50.545000 13.370907 85.243309
41.929989 5.509652 90.617436
6
-36.575317 87.165419 32.625695
-45.129103 87.565550 17.194141
-40.843455 91.276393 -0.657500
-32.091469 94.536134 -5.749521
-20.376070 97.608342 -7.578086
-11.203957 95.682987 26.818600
6
53.062677 -84.143255 10.211023
45.730659 -85.062887 25.942477
57.633573 -73.466797 35.791073
69.531751 -70.475603 14.089890
67.409257 -73.287586 9.215300
56.794096 -81.938090 7.783321
6
60.407571 75.857628 -24.424282
59.606674 79.231301 -13.017121
43.753634 89.911570 1.236552
38.204606 92.405789 1.256315
38.805739 89.654079 -21.360259
46.068133 83.000043 -31.443918
7
-54.276207 21.425422 -81.209880
-62.457054 19.766035 -75.554088
-65.032241 16.663968 -74.115584
-65.233971 -2.559093 -75.749456
-61.375881 -5.566265 -78.752891
-32.718174 -7.535192 -94.195233
-40.516729 16.616299 -89.901576
5
-24.651255 -16.764718 -95.452920
-32.455781 -41.404752 -85.042747
-23.227578 -48.246389 -84.455702
16.886847 -47.562178 -86.328869
6.268363 -22.450500 -97.245476
5
-55.775947 -82.993769 -1.038317
-49.354976 -86.313646 -10.678995
-55.902665 -80.676928 -19.134403
-74.065146 -66.406742 -10.222463
-72.706153 -68.558771 3.675629
5
-55.902665 -80.676928 -19.134403
-56.992030 -78.913498 -22.903458
-80.046189 -51.058141 -31.395443
-82.647498 -52.418487 -20.535170
-74.065146 -66.406742 -10.222463
6
2.022482 -70.739365 -70.653038
25.825270 -53.301942 -80.572690
23.032502 -50.189858 -83.369551
16.886847 -47.562178 -86.328869
-23.227578 -48.246389 -84.455702
-16.980555 -59.131530 -78.836051
5
96.259501 -24.888388 10.708714
84.572680 -27.603531 45.667350
86.830738 -21.845059 44.533317
94.601509 -5.362060 31.965650
95.995278 -5.750103 27.419754
6
-40.843455 91.276393 -0.657500
-57.113141 81.732796 -7.605206
-51.879832 70.137961 -48.878926
-51.626477 70.211349 -49.041547
-46.456378 75.072532 -46.967222
-32.091469 94.536134 -5.749521
6
-28.882662 82.653935 -48.312719
-7.651315 96.870878 -23.611233
-6.427090 98.442060 -16.366228
-20.376070 97.608342 -7.578086
-32.091469 94.536134 -5.749521
-46.456378 75.072532 -46.967222
6
73.780949 26.826269 61.941286
72.320236 13.127072 67.804597
59.467699 7.208012 80.072701
50.545000 13.370907 85.243309
48.637761 19.225603 85.233470
50.342327 29.652564 81.156488
8
-24.768177 -16.148639 -95.528838
-32.718174 -7.535192 -94.195233
-61.375881 -5.566265 -78.752891
-53.517084 -30.430625 -78.802911
-36.955693 -42.451122 -82.656996
-34.676902 -42.172268 -83.779546
-32.455781 -41.404752 -85.042747
-24.651255 -16.764718 -95.452920
6
-32.455781 -41.404752 -85.042747
-34.676902 -42.172268 -83.779546
-29.672543 -77.478664 -55.826488
-20.074543 -77.599762 -59.793726
-16.980555 -59.131530 -78.836051
-23.227578 -48.246389 -84.455702
5
-95.015088 -28.542691 12.547821
-95.185064 -26.312179 15.731268
-90.306252 -29.114140 31.577647
-81.418802 -52.682009 24.404601
-82.517029 -52.970513 19.623063
7
3.850536 -99.287031 11.280906
6.250146 -97.938395 19.209538
9.819777 -96.811405 23.046125
27.947974 -91.466483 29.202625
29.550025 -91.267878 28.230665
31.723327 -94.774124 3.390565
19.449867 -97.619964 -9.594026
6
-25.145021 42.677233 -86.869913
-21.410720 46.333400 -85.993006
-27.463323 65.146674 -70.722533
-46.626921 63.282791 -61.816006
-49.012577 53.436424 -68.864475
-43.262953 45.628111 -77.758552
5
31.250375 -9.363910 -94.528997
33.219294 -19.242202 -92.337512
49.897019 -31.529881 -80.722698
58.190387 -28.186385 -76.285035
58.435230 -11.061218 -80.392620
5
-33.417277 -58.526833 73.877570
-27.321606 -64.059175 71.763166
-25.817389 -82.165070 50.816962
-44.340631 -74.819063 49.356016
-45.163881 -73.738470 50.228098
5
-88.821250 -25.079413 38.494267
-90.306252 -29.114140 31.577647
-95.185064 -26.312179 15.731268
-97.013030 -17.522228 16.776277
-96.185129 -8.549644 25.987006
7
85.419358 -51.535236 -6.903093
83.280552 -54.575208 -9.268023
73.987390 -66.866832 -7.395465
67.409257 -73.287586 9.215300
69.531751 -70.475603 14.089890
72.740041 -66.411130 17.275651
82.457306 -53.967433 16.979662
5
-43.001296 -89.673857 -10.463644
-37.616994 -92.457984 -6.040123
-20.394839 -97.592661 -7.728075
5.207123 -94.035857 -33.617606
-27.590485 -89.182661 -35.849939
8
-49.446749 -26.925397 82.644068
-47.975239 -13.976551 86.620047
-43.090393 -7.159247 89.955340
-37.953226 -5.873819 92.331202
-25.818934 -13.490078 95.662952
-23.695013 -18.861644 95.303645
-25.895945 -30.438911 91.667185
-42.554398 -39.460443 81.437071
5
7.347468 -85.723748 50.965221
17.178880 -83.994602 51.476139
24.116100 -86.047061 44.881144
27.947974 -91.466483 29.202625
9.819777 -96.811405 23.046125
6
6.268363 -22.450500 -97.245476
16.886847 -47.562178 -86.328869
23.032502 -50.189858 -83.369551
33.219294 -19.242202 -92.337512
31.250375 -9.363910 -94.528997
27.693884 -5.547184 -95.928502
8
95.211803 29.626639 -7.548164
85.895113 51.163415 -2.081957
84.092268 53.687866 -6.789947
73.247301 54.713437 -40.512624
82.049291 41.098953 -39.733989
89.486581 30.811388 -32.292571
90.227737 29.977315 -30.988965
93.935142 27.909059 -19.931722
6
-1.496068 -84.854690 52.890863
-0.834400 -84.792394 53.005224
7.347468 -85.723748 50.965221
9.819777 -96.811405 23.046125
6.250146 -97.938395 19.209538
-8.075463 -93.000802 35.855791
6
76.616774 2.001400 64.232891
76.444081 -0.283521 64.468768
68.486654 -12.333499 71.815479
57.220874 -12.288617 81.084903
59.467699 7.208012 80.072701
72.320236 13.127072 67.804597
5
43.901036 82.826350 34.820895
45.783299 81.846363 34.714008
51.348800 69.066728 50.922370
46.162067 67.719275 57.298895
37.582677 76.515485 52.277366
6
-45.163881 -73.738470 50.228098
-59.353842 -62.747112 50.397632
-58.260702 -56.504794 58.420021
-35.929569 -56.583345 74.211799
-33.643946 -58.127346 74.089787
-33.417277 -58.526833 73.877570
5
27.947974 -91.466483 29.202625
24.116100 -86.047061 44.881144
41.991674 -78.777435 45.064566
43.090194 -85.834073 27.852236
29.550025 -91.267878 28.230665
6
64.887377 -50.887597 -56.569257
27.129035 -52.988417 -80.350751
25.862327 -53.313754 -80.552987
27.896554 -60.931822 -74.223280
44.652800 -76.264655 -46.795617
55.723143 -71.798597 -41.712022
5
-53.517084 -30.430625 -78.802911
-61.375881 -5.566265 -78.752891
-65.233971 -2.559093 -75.749456
-76.974103 -18.087377 -61.219558
-75.627194 -21.332764 -61.850148
7
-79.956316 -50.230963 -32.921695
-92.110503 -19.643034 -33.612594
-92.758689 -19.666059 -31.765891
-93.651216 -34.817449 -4.146690
-87.922707 -47.155220 -6.781060
-82.647498 -52.418487 -20.535170
-80.046189 -51.058141 -31.395443
4
67.509597 59.005891 -44.280459
73.247301 54.713437 -40.512624
84.092268 53.687866 -6.789947
62.134237 74.067194 -25.561442
6
-8.561432 4.935460 -99.510518
-5.493639 17.929663 -98.226000
-26.801130 30.756410 -91.300289
-40.516729 16.616299 -89.901576
-32.718174 -7.535192 -94.195233
-24.768177 -16.148639 -95.528838
5
-1.987658 -29.239010 95.609254
-9.017982 -41.063236 90.733051
-21.989303 -37.880140 89.897528
-25.895945 -30.438911 91.667185
-23.695013 -18.861644 95.303645
6
93.433693 22.311449 27.791082
98.310806 18.243397 1.471025
98.343456 18.066359 1.473558
95.995278 -5.750103 27.419754
94.601509 -5.362060 31.965650
92.651011 5.387756 37.239257
4
93.965266 2.262543 -34.138096
93.935142 27.909059 -19.931722
90.227737 29.977315 -30.988965
87.560705 10.703225 -47.101635
7
39.942860 -69.527996 59.753039
33.497815 -68.603167 64.587165
32.480110 -56.069855 76.165700
33.916120 -53.067209 77.676046
40.645800 -51.479503 75.483639
56.947698 -54.638154 61.413613
56.908298 -57.225796 59.047895
5
89.486581 30.811388 -32.292571
82.049291 41.098953 -39.733989
73.396610 30.847614 -60.509193
73.442518 29.395877 -61.172535
78.249521 22.586908 -58.024512
5
-20.394839 -97.592661 -7.728075
-37.616994 -92.457984 -6.040123
-32.999583 -93.517902 12.861940
-6.408677 -99.059044 12.092753
-3.433828 -99.378987 10.584226
4
62.526683 -71.826366 -30.518633
73.987390 -66.866832 -7.395465
83.280552 -54.575208 -9.268023
82.125625 -50.623655 -26.317812
5
-4.047775 93.017855 -36.486905
-9.579068 75.194133 -65.223338
-5.615943 74.134134 -66.877435
11.025453 79.603805 -59.511962
11.017360 84.714260 -51.981843
4
-99.121499 5.485807 -12.034712
-92.929333 17.426546 -32.564620
-95.704514 28.925457 -1.990979
-97.602129 20.889291 6.120620
6
76.493254 40.732255 49.896547
77.044511 41.513437 48.381586
93.433693 22.311449 27.791082
92.651011 5.387756 37.239257
88.443689 5.101085 46.386343
76.526183 35.365161 53.787067
9
-99.560546 -7.440353 -5.686726
-99.466638 -8.319292 -6.097314
-92.758689 -19.666059 -31.765891
-92.110503 -19.643034 -33.612594
-89.121657 -7.540429 -44.726638
-89.440034 15.132316 -42.089113
-89.963351 18.390593 -39.602798
-92.929333 17.426546 -32.564620
-99.121499 5.485807 -12.034712
7
38.254626 52.944876 75.719374
37.302995 53.736131 75.636729
24.503647 78.199220 57.310150
25.105410 78.485166 56.655071
37.582677 76.515485 52.277366
46.162067 67.719275 57.298895
41.955788 54.017004 72.951183
6
45.322086 82.853586 -32.881481
46.068133 83.000043 -31.443918
38.805739 89.654079 -21.360259
17.936143 93.880475 -29.406652
24.698787 88.140421 -40.264575
29.949141 85.442594 -42.457181
5
-26.801130 30.756410 -91.300289
-25.145021 42.677233 -86.869913
-43.262953 45.628111 -77.758552
-54.276207 21.425422 -81.209880
-40.516729 16.616299 -89.901576
4
-20.074543 -77.599762 -59.793726
0.943235 -83.045868 -55.700037
2.022482 -70.739365 -70.653038
-16.980555 -59.131530 -78.836051
5
29.696241 91.126860 28.531186
43.901036 82.826350 34.820895
37.582677 76.515485 52.277366
25.105410 78.485166 56.655071
27.216298 91.424215 30.014762
5
76.444081 -0.283521 64.468768
81.633348 -31.180926 48.618375
81.439877 -31.507078 48.732437
74.761172 -32.280464 58.040837
68.486654 -12.333499 71.815479
7
19.514223 -97.291351 -12.393067
49.706778 -84.703813 -18.828177
58.002529 -73.622923 -34.862184
55.723143 -71.798597 -41.712022
44.652800 -76.264655 -46.795617
10.265086 -90.036916 -42.284533
7.250583 -93.727861 -34.095705
7
-41.638521 53.017060 73.860848
-24.497516 57.916210 77.753356
-21.695896 56.911412 79.311911
-16.647249 46.761675 86.811375
-26.274811 37.700242 88.816249
-43.288790 45.149011 78.023378
-43.644502 46.875848 76.797216
9
-68.675135 36.918004 62.616186
-70.402531 31.840689 63.479557
-78.782605 21.387765 57.756945
-84.205090 23.058755 48.762656
-87.195001 38.567104 30.159745
-78.803573 55.621016 26.387487
-78.737584 55.707935 26.401116
-77.837975 56.434380 27.502917
-69.305377 51.188838 50.758916
5
-43.262953 45.628111 -77.758552
-49.012577 53.436424 -68.864475
-63.901191 38.380783 -66.659983
-62.457054 19.766035 -75.554088
-54.276207 21.425422 -81.209880
6
5.027647 63.776742 76.858636
3.718730 62.164813 78.241339
-21.695896 56.911412 79.311911
-24.497516 57.916210 77.753356
-13.184515 78.720994 60.242623
0.191348 75.889149 65.121429
7
19.514223 -97.291351 -12.393067
7.250583 -93.727861 -34.095705
5.207123 -94.035857 -33.617606
-20.394839 -97.592661 -7.728075
-3.433828 -99.378987 10.584226
3.850536 -99.287031 11.280906
19.449867 -97.619964 -9.594026
5
-11.568429 46.165965 87.948139
-16.647249 46.761675 86.811375
-21.695896 56.911412 79.311911
3.718730 62.164813 78.241339
3.235188 60.098003 79.860901
4
44.652800 -76.264655 -46.795617
27.896554 -60.931822 -74.223280
10.245607 -90.012692 -42.340795
10.265086 -90.036916 -42.284533
4
-58.260702 -56.504794 58.420021
-67.536230 -38.019011 63.193453
-42.265879 -45.493162 78.383466
-35.929569 -56.583345 74.211799
7
23.385949 54.923467 -80.227864
27.306131 65.351279 -70.594515
19.429962 76.757562 -61.079892
11.025453 79.603805 -59.511962
-5.615943 74.134134 -66.877435
1.056654 62.552508 -78.013250
13.314030 57.110226 -81.000979
4
40.645800 -51.479503 75.483639
59.821024 -34.863956 72.152267
65.023384 -36.879020 66.422115
56.947698 -54.638154 61.413613
5
-36.575317 87.165419 32.625695
-32.684447 79.096013 51.725696
-40.291999 73.390896 54.683920
-66.591686 68.300219 30.010455
-45.129103 87.565550 17.194141
6
-74.065146 -66.406742 -10.222463
-82.647498 -52.418487 -20.535170
-87.922707 -47.155220 -6.781060
-82.238145 -55.677700 11.699626
-74.407837 -66.442835 6.987380
-72.706153 -68.558771 3.675629
6
3.253183 30.945121 95.035869
4.239636 27.694473 95.995009
-1.834390 13.135319 99.116590
-27.994519 18.188397 94.262872
-24.219969 31.340076 91.821527
-2.586972 33.950659 94.024786
6
-48.283747 28.119218 82.933644
-57.624343 20.567779 79.097418
-70.402531 31.840689 63.479557
-68.675135 36.918004 62.616186
-43.644502 46.875848 76.797216
-43.288790 45.149011 78.023378
7
82.125625 -50.623655 -26.317812
83.280552 -54.575208 -9.268023
85.419358 -51.535236 -6.903093
96.914227 -24.448877 -3.144032
97.681181 -19.681445 -8.427787
97.624448 -19.724751 -8.966684
82.888856 -47.765129 -29.119238
7
-8.075463 -93.000802 35.855791
6.250146 -97.938395 19.209538
3.850536 -99.287031 11.280906
-3.433828 -99.378987 10.584226
-6.408677 -99.059044 12.092753
-20.122354 -93.381218 29.581060
-19.453695 -93.054506 31.022776
