200
5
60.552433 1.704486 79.564424
46.266210 12.698537 87.739301
53.422768 36.312336 76.337554
67.348241 28.452822 68.225006
66.842024 12.293120 73.355457
6
58.103128 77.130351 25.979520
64.700547 63.763620 41.809569
45.130091 70.982542 54.080991
42.453846 75.370098 50.169904
45.616428 83.236706 31.476855
51.326399 82.465808 23.769546
6
58.215914 77.764912 -23.738699
43.463111 89.798137 -6.874050
28.333230 94.205492 -17.959768
28.058065 92.982147 -23.813133
57.659149 77.669578 -25.354668
58.216707 77.761313 -23.748543
5
99.943611 -2.468558 2.276165
99.795794 -1.018149 6.305774
97.852885 20.060348 -4.732369
97.505979 4.325249 -21.768699
98.234161 -0.145447 -18.709047
7
48.918719 -29.206906 82.182210
50.584234 -20.626164 83.760353
61.137485 -1.616268 79.117606
78.097837 -13.760030 60.921174
78.915860 -24.703536 56.231862
74.085144 -31.168775 59.497050
54.327193 -33.504203 76.980676
7
-32.515127 -83.495614 -44.398750
-32.403488 -88.766864 -32.717852
-18.818298 -95.761646 -21.807770
1.769355 -95.579898 -29.348807
4.733924 -92.763558 -37.047434
-6.671944 -78.133999 -62.052908
-13.189258 -77.431776 -61.889931
6
14.491572 87.147576 46.853969
14.344002 90.791615 39.384417
23.305898 91.080270 34.076672
45.616428 83.236706 31.476855
42.453846 75.370098 50.169904
18.479885 84.100356 50.849030
5
40.133911 -41.432275 -81.686203
40.736606 -48.307447 -77.504319
63.270690 -41.548402 -65.349446
64.726792 -31.456691 -69.432838
47.686421 -16.748338 -86.287302
8
-6.182032 72.274195 68.834753
-6.713090 69.028956 72.041222
-14.265564 62.910154 76.412081
-33.111634 56.227033 75.776913
-46.976465 61.334902 63.492059
-49.580674 67.623267 54.487159
-13.373373 80.412790 57.921810
-10.032045 79.600587 59.691746
5
-56.012129 -68.271232 -46.922066
-32.515127 -83.495614 -44.398750
-13.189258 -77.431776 -61.889931
-33.239684 -59.805670 -72.927398
-53.814588 -64.169561 -54.646661
7
45.707723 42.293314 78.243720
49.534478 41.814622 76.143765
53.422768 36.312336 76.337554
46.266210 12.698537 87.739301
45.621264 12.715414 88.073938
41.321545 15.715887 89.696939
34.520703 30.772595 88.664358
6
18.479885 84.100356 50.849030
42.453846 75.370098 50.169904
45.130091 70.982542 54.080991
43.850376 65.472876 61.566606
25.618061 64.541327 71.959239
19.297062 72.731541 65.861570
5
50.345374 63.680651 -58.396215
62.814139 68.021221 -37.782237
57.788172 76.520362 -28.375365
37.003585 80.502829 -46.368408
33.414093 69.002657 -64.203830
7
-80.152914 12.159056 58.546287
-82.273608 26.421589 50.328451
-75.548973 32.186082 57.064952
-64.869084 29.207798 70.277355
-62.852448 21.151732 74.847672
-63.362589 16.164742 75.656351
-67.242104 7.789597 73.605853
7
-43.013788 29.302321 -85.388454
-33.087165 40.644658 -85.166022
-27.405287 58.484512 -76.344692
-38.487433 69.382488 -60.866969
-48.718123 62.468669 -61.026305
-53.473317 55.054670 -64.106066
-55.944978 41.592518 -71.695340
5
-64.057949 -12.573534 75.752792
-66.101982 -11.266729 74.186177
-67.242104 7.789597 73.605853
-63.362589 16.164742 75.656351
-35.372952 6.379624 93.316958
8
-35.372952 6.379624 93.316958
-63.362589 16.164742 75.656351
-62.852448 21.151732 74.847672
-42.234703 29.566185 85.685883
-36.765265 28.319524 88.579455
-34.513629 25.686935 90.271761
-33.423780 20.118886 92.076497
-35.231109 6.401349 93.369115
6
-18.824509 -98.025744 6.049074
-22.990324 -93.504437 26.988244
0.390793 -95.280522 30.355715
4.136841 -96.280999 26.699360
4.728020 -97.361077 22.326362
-5.127548 -99.652361 6.566215
4
-5.127548 -99.652361 6.566215
4.728020 -97.361077 22.326362
27.236047 -95.331767 13.040398
9.971040 -99.395170 -4.602025
6
21.934489 34.978435 91.079017
15.085139 33.581098 92.977139
6.843643 46.642987 88.190682
11.171722 56.234447 81.932165
23.848780 60.821969 75.709469
32.944895 49.153394 80.613757
7
63.585658 49.666063 59.077460
63.545794 52.682239 56.449214
69.889999 57.241098 42.881752
80.393793 48.117911 34.950032
80.677503 47.683115 34.892135
73.011702 31.348024 60.717319
72.255685 31.474818 61.550400
6
84.095156 43.863938 31.685321
80.677503 47.683115 34.892135
80.393793 48.117911 34.950032
72.808142 66.462467 16.784366
74.836513 66.165384 4.651689
82.824094 55.636536 -6.689202
6
-86.354780 -47.925059 15.685683
-80.942042 -56.611315 15.605926
-72.799329 -68.176274 7.228650
-76.985074 -62.866107 -11.006859
-85.475882 -51.599471 -5.600734
-90.599267 -41.158891 9.885269
6
-98.763640 7.107427 13.972398
-95.458401 -2.305924 29.704823
-93.631068 -18.543625 29.822091
-94.995657 -29.960886 8.841404
-97.716037 -20.518309 -5.529486
-99.609247 -4.455020 -7.625657
6
-95.458401 -2.305924 29.704823
-92.277930 7.276520 37.839609
-84.207451 -1.351932 53.919175
-81.710653 -11.064642 56.576876
-89.467042 -22.040065 38.857224
-93.631068 -18.543625 29.822091
7
-26.305001 -3.280798 96.422421
-27.872421 -2.521485 96.004012
-35.231109 6.401349 93.369115
-33.423780 20.118886 92.076497
-7.369769 24.027103 96.790417
-6.646124 23.488558 96.974825
-3.940159 5.680164 99.760768
6
70.363595 -64.921581 28.881705
70.275933 -69.120855 16.840450
45.278840 -88.387137 11.727774
44.736964 -88.619479 12.049561
44.926814 -80.886795 37.932939
65.884039 -65.982735 36.132701
6
62.831486 -61.908407 -47.112138
69.859412 -55.396326 -45.286969
63.270690 -41.548402 -65.349446
40.736606 -48.307447 -77.504319
29.444277 -66.358390 -68.772077
30.780069 -67.158847 -67.396414
5
4.136841 -96.280999 26.699360
27.398158 -87.366098 40.205793
27.998142 -95.073449 13.309519
27.236047 -95.331767 13.040398
4.728020 -97.361077 22.326362
6
3.355663 -11.562449 -99.272601
-19.637682 -24.484974 -94.946551
-19.809192 -34.641681 -91.692693
11.398173 -35.978942 -92.604522
12.825923 -34.260215 -93.068434
16.373374 -21.543685 -96.269321
10
-23.736911 -97.141716 0.214666
-49.164242 -87.079084 -0.332357
-51.662632 -85.602477 1.785619
-56.504447 -81.454213 13.132350
-54.449223 -80.420846 23.827916
-45.496572 -82.454156 33.635905
-38.620313 -85.065986 35.668606
-26.555618 -90.896199 32.135342
-22.990324 -93.504437 26.988244
-18.824509 -98.025744 6.049074
7
-18.824509 -98.025744 6.049074
-5.127548 -99.652361 6.566215
9.971040 -99.395170 -4.602025
11.333332 -98.611141 -12.140775
1.769355 -95.579898 -29.348807
-18.818298 -95.761646 -21.807770
-23.736911 -97.141716 0.214666
7
-49.560716 -27.126988 -82.509769
-26.029214 -41.082718 -87.376715
-23.950571 -40.079393 -88.430834
-19.809192 -34.641681 -91.692693
-19.637682 -24.484974 -94.946551
-22.956125 -18.179717 -95.616495
-41.975449 -6.527627 -90.528735
8
58.216707 77.761313 -23.748543
57.659149 77.669578 -25.354668
57.788172 76.520362 -28.375365
62.814139 68.021221 -37.782237
81.186941 43.828384 -38.571406
86.898545 39.931907 -29.224744
88.761488 42.864963 -16.852095
82.901672 55.480448 -7.016600
6
-53.487848 84.466255 -2.121759
-67.133495 71.767675 -18.506610
-63.467044 71.614002 -29.040815
-56.103444 76.830483 -30.813640
-43.222866 88.185711 -18.843148
-42.202667 89.861262 -11.995354
8
74.495141 -20.885269 -63.358343
64.726792 -31.456691 -69.432838
63.270690 -41.548402 -65.349446
69.859412 -55.396326 -45.286969
73.284777 -53.660989 -41.831087
78.819077 -44.977798 -42.006557
82.084105 -29.003878 -49.203402
81.118507 -25.121704 -52.808028
6
-27.872421 -2.521485 96.004012
-47.191698 -26.199424 84.181553
-63.105141 -14.002151 76.299941
-64.057949 -12.573534 75.752792
-35.372952 6.379624 93.316958
-35.231109 6.401349 93.369115
8
28.333230 94.205492 -17.959768
27.042906 95.063101 -15.221302
-4.155160 99.891175 -2.118462
-4.421641 99.861320 -2.857605
-0.651051 96.700813 -25.466231
11.434780 92.901329 -35.193592
23.329244 92.263274 -30.712125
28.058065 92.982147 -23.813133
7
-89.772312 36.228212 -25.068879
-89.067660 41.132402 -19.366916
-91.322792 40.271118 -6.195536
-95.197603 30.535990 -2.229275
-96.799347 24.658935 -4.671556
-97.105385 16.058940 -17.682044
-91.120325 31.845981 -26.132735
5
-38.620313 -85.065986 35.668606
-24.300316 -72.688742 64.232714
-14.946175 -77.685416 61.168521
-11.661253 -88.050951 45.946111
-26.555618 -90.896199 32.135342
6
19.297062 72.731541 65.861570
25.618061 64.541327 71.959239
23.848780 60.821969 75.709469
11.171722 56.234447 81.932165
-6.713090 69.028956 72.041222
-6.182032 72.274195 68.834753
6
94.576073 -24.622937 -21.191444
78.819077 -44.977798 -42.006557
73.284777 -53.660989 -41.831087
78.126844 -61.444015 -10.992234
92.696403 -37.365178 -3.349668
95.094088 -27.417755 -14.331126
7
27.173976 57.803639 -76.943579
3.236905 52.760973 -84.886997
-0.702077 38.266413 -92.386085
15.187700 19.820269 -96.832281
36.841594 24.194299 -89.762647
40.153755 29.750403 -86.617490
39.405667 39.246722 -83.107691
5
-47.605197 -47.374626 74.090418
-46.296798 -28.088307 84.069338
-18.105301 -35.917698 91.553902
-17.783727 -40.267451 89.790152
-21.007153 -44.000624 87.307758
7
-58.404256 -67.970254 -44.373274
-59.976558 -73.353612 -31.969674
-59.966174 -73.374268 -31.941741
-46.301403 -86.030413 -21.329512
-32.403488 -88.766864 -32.717852
-32.515127 -83.495614 -44.398750
-56.012129 -68.271232 -46.922066
6
36.841594 24.194299 -89.762647
15.187700 19.820269 -96.832281
13.355320 15.829610 -97.831789
28.903939 -14.363183 -94.648092
46.438367 -11.794523 -87.774525
46.745464 -11.174792 -87.692563
6
51.326399 82.465808 23.769546
45.616428 83.236706 31.476855
23.305898 91.080270 34.076672
30.276494 94.794150 9.869300
45.930864 88.177206 10.730150
49.102066 86.147284 12.947301
5
57.788172 76.520362 -28.375365
57.659149 77.669578 -25.354668
28.058065 92.982147 -23.813133
23.329244 92.263274 -30.712125
37.003585 80.502829 -46.368408
5
-77.770242 15.946823 -60.806976
-78.781156 20.830377 -57.962270
-95.944801 6.266939 -27.483097
-92.470782 -5.095565 -37.725185
-80.637589 -5.173632 -58.913604
5
-0.691177 3.436505 -99.938545
3.355663 -11.562449 -99.272601
16.373374 -21.543685 -96.269321
28.903939 -14.363183 -94.648092
13.355320 15.829610 -97.831789
5
-8.609393 -47.060352 87.813448
-4.980226 -61.855914 78.415835
-24.706918 -66.592177 70.392117
-21.007153 -44.000624 87.307758
-17.783727 -40.267451 89.790152
7
-41.003781 90.498144 -11.347942
-24.729444 95.970109 -13.348887
-4.421641 99.861320 -2.857605
-4.155160 99.891175 -2.118462
-3.970241 99.910558 1.455224
-11.386081 98.904738 9.392020
-28.300296 94.857299 14.184012
7
86.898545 39.931907 -29.224744
92.946672 11.909256 -34.915410
97.505979 4.325249 -21.768699
97.852885 20.060348 -4.732369
97.032707 23.710360 -4.740531
91.148250 39.191699 -12.490283
88.761488 42.864963 -16.852095
6
96.992798 -1.063348 24.315969
96.184822 22.127916 16.088364
97.032707 23.710360 -4.740531
97.852885 20.060348 -4.732369
99.795794 -1.018149 6.305774
97.374186 -4.385729 22.339053
4
-23.950571 -40.079393 -88.430834
11.023834 -64.498198 -75.620484
11.398173 -35.978942 -92.604522
-19.809192 -34.641681 -91.692693
6
-14.644539 -28.293545 94.789307
-18.105301 -35.917698 91.553902
-46.296798 -28.088307 84.069338
-47.191698 -26.199424 84.181553
-27.872421 -2.521485 96.004012
-26.305001 -3.280798 96.422421
5
-77.770242 15.946823 -60.806976
-80.637589 -5.173632 -58.913604
-80.520947 -5.613022 -59.032797
-65.951921 -14.893399 -73.678563
-51.339901 10.610232 -85.156547
6
16.373374 -21.543685 -96.269321
12.825923 -34.260215 -93.068434
40.133911 -41.432275 -81.686203
47.686421 -16.748338 -86.287302
46.438367 -11.794523 -87.774525
28.903939 -14.363183 -94.648092
7
12.340469 91.833268 37.608027
14.344002 90.791615 39.384417
14.491572 87.147576 46.853969
-10.032045 79.600587 59.691746
-13.373373 80.412790 57.921810
-16.179986 90.688432 38.907792
-6.241312 94.078389 33.321206
7
-80.520947 -5.613022 -59.032797
-81.591660 -21.686033 -53.595867
-78.893115 -28.917737 -54.218455
-61.651737 -37.341702 -69.315660
-61.438582 -37.171374 -69.595903
-58.694958 -29.098306 -75.552568
-65.951921 -14.893399 -73.678563
6
8.371360 1.483555 99.637942
12.199757 1.452653 99.242409
20.362674 -7.807321 97.593070
18.695145 -29.037320 93.847353
17.946016 -29.605484 93.816074
-8.721418 -27.063860 95.872229
6
98.234161 -0.145447 -18.709047
97.505979 4.325249 -21.768699
92.946672 11.909256 -34.915410
88.906888 2.148934 -45.726878
92.168025 -15.519560 -35.555568
94.864174 -21.665720 -23.051791
6
-3.572379 77.773924 -62.757110
-19.154452 81.948158 -54.014872
-37.417131 71.524400 -59.027269
-38.487433 69.382488 -60.866969
-27.405287 58.484512 -76.344692
-5.253597 58.777539 -80.731658
5
-95.197603 30.535990 -2.229275
-91.322792 40.271118 -6.195536
-82.345855 56.221980 7.632107
-84.234189 52.616073 11.668347
-89.900562 40.468497 16.738866
4
-53.852087 45.458456 70.947033
-42.234703 29.566185 85.685883
-62.852448 21.151732 74.847672
-64.869084 29.207798 70.277355
5
-72.799329 -68.176274 7.228650
-80.942042 -56.611315 15.605926
-68.229260 -65.145783 33.178232
-54.449223 -80.420846 23.827916
-56.504447 -81.454213 13.132350
4
50.146723 44.108576 74.429427
44.959042 64.133589 62.173686
63.545794 52.682239 56.449214
63.585658 49.666063 59.077460
6
51.326399 82.465808 23.769546
49.102066 86.147284 12.947301
60.815693 79.381558 0.140745
74.836513 66.165384 4.651689
72.808142 66.462467 16.784366
58.103128 77.130351 25.979520
5
-79.711663 -42.593068 -42.800483
-74.912718 -49.611174 -43.895514
-62.500711 -42.906633 -65.212590
-61.651737 -37.341702 -69.315660
-78.893115 -28.917737 -54.218455
6
46.745464 -11.174792 -87.692563
46.438367 -11.794523 -87.774525
47.686421 -16.748338 -86.287302
64.726792 -31.456691 -69.432838
74.495141 -20.885269 -63.358343
72.503449 4.434171 -68.728364
8
-23.950571 -40.079393 -88.430834
-26.029214 -41.082718 -87.376715
-33.459888 -58.180336 -74.131534
-33.239684 -59.805670 -72.927398
-13.189258 -77.431776 -61.889931
-6.671944 -78.133999 -62.052908
12.209238 -67.139109 -73.097705
11.023834 -64.498198 -75.620484
5
-4.980226 -61.855914 78.415835
-8.609393 -47.060352 87.813448
12.431423 -47.840259 86.929680
19.824289 -63.485575 74.676498
12.472383 -67.133895 73.058057
7
-24.300316 -72.688742 64.232714
-26.800856 -68.613667 67.630457
-24.706918 -66.592177 70.392117
-4.980226 -61.855914 78.415835
12.472383 -67.133895 73.058057
4.091689 -76.524105 64.244217
-14.946175 -77.685416 61.168521
7
-18.357910 92.766800 -32.516273
-24.729444 95.970109 -13.348887
-41.003781 90.498144 -11.347942
-42.202667 89.861262 -11.995354
-43.222866 88.185711 -18.843148
-35.888069 88.644132 -29.227800
-20.596363 91.292546 -35.234369
7
9.971040 -99.395170 -4.602025
27.236047 -95.331767 13.040398
27.998142 -95.073449 13.309519
29.836862 -94.645855 12.325739
35.810292 -92.627616 -11.736601
28.018737 -94.795545 -15.124650
11.333332 -98.611141 -12.140775
7
-28.772530 94.611277 14.860946
-59.603206 77.707291 20.224606
-61.066030 77.311537 17.142523
-53.487848 84.466255 -2.121759
-42.202667 89.861262 -11.995354
-41.003781 90.498144 -11.347942
-28.300296 94.857299 14.184012
6
-22.956125 -18.179717 -95.616495
-14.018767 6.198450 -98.818285
-21.715829 13.446019 -96.683128
-43.475301 15.469034 -88.716442
-46.007799 12.090943 -87.960738
-41.975449 -6.527627 -90.528735
6
-28.300296 94.857299 14.184012
-11.386081 98.904738 9.392020
-6.241312 94.078389 33.321206
-16.179986 90.688432 38.907792
-27.304461 90.027329 33.904961
-28.772530 94.611277 14.860946
7
40.736606 -48.307447 -77.504319
40.133911 -41.432275 -81.686203
12.825923 -34.260215 -93.068434
11.398173 -35.978942 -92.604522
11.023834 -64.498198 -75.620484
12.209238 -67.139109 -73.097705
29.444277 -66.358390 -68.772077
6
67.348241 28.452822 68.225006
53.422768 36.312336 76.337554
49.534478 41.814622 76.143765
50.146723 44.108576 74.429427
63.585658 49.666063 59.077460
72.255685 31.474818 61.550400
5
-46.301403 -86.030413 -21.329512
-59.966174 -73.374268 -31.941741
-63.780828 -76.050214 -12.180760
-51.662632 -85.602477 1.785619
-49.164242 -87.079084 -0.332357
5
-18.668794 82.957602 -52.626157
-19.154452 81.948158 -54.014872
-3.572379 77.773924 -62.757110
12.831730 79.424042 -59.389968
11.104801 92.580641 -36.131818
4
-28.772530 94.611277 14.860946
-27.304461 90.027329 33.904961
-53.463866 69.694433 47.794361
-59.603206 77.707291 20.224606
5
50.345374 63.680651 -58.396215
63.238094 45.938686 -62.374519
72.901265 38.242563 -56.770696
81.186941 43.828384 -38.571406
62.814139 68.021221 -37.782237
6
-20.596363 91.292546 -35.234369
-18.668794 82.957602 -52.626157
11.104801 92.580641 -36.131818
11.434780 92.901329 -35.193592
-0.651051 96.700813 -25.466231
-18.357910 92.766800 -32.516273
4
21.934489 34.978435 91.079017
32.944895 49.153394 80.613757
45.707723 42.293314 78.243720
34.520703 30.772595 88.664358
5
-82.039570 46.677192 -33.026485
-77.062227 56.206561 -30.037240
-81.785330 56.010666 -13.189586
-89.067660 41.132402 -19.366916
-89.772312 36.228212 -25.068879
5
-11.386081 98.904738 9.392020
-3.970241 99.910558 1.455224
9.269265 99.129880 9.345990
12.340469 91.833268 37.608027
-6.241312 94.078389 33.321206
8
12.472383 -67.133895 73.058057
19.824289 -63.485575 74.676498
28.027989 -63.409584 72.067028
32.235984 -65.245843 68.584410
30.960338 -84.833538 42.950301
27.815355 -86.646542 41.456999
10.265133 -86.309674 49.449643
4.091689 -76.524105 64.244217
7
13.355320 15.829610 -97.831789
15.187700 19.820269 -96.832281
-0.702077 38.266413 -92.386085
-5.593875 36.210790 -93.045619
-21.715829 13.446019 -96.683128
-14.018767 6.198450 -98.818285
-0.691177 3.436505 -99.938545
6
-88.514160 28.877212 36.487671
-74.977770 53.647185 38.733881
-61.896537 62.426518 47.662863
-75.548973 32.186082 57.064952
-82.273608 26.421589 50.328451
-88.034586 26.571176 39.292293
4
-67.659342 60.815363 -41.517527
-73.899179 44.619034 -50.478244
-53.473317 55.054670 -64.106066
-48.718123 62.468669 -61.026305
6
36.841594 24.194299 -89.762647
46.745464 -11.174792 -87.692563
72.503449 4.434171 -68.728364
73.667503 7.125790 -67.248213
71.342612 17.804779 -67.773310
40.153755 29.750403 -86.617490
6
-78.362210 25.182361 -56.790956
-75.815827 41.239642 -50.509923
-82.039570 46.677192 -33.026485
-89.772312 36.228212 -25.068879
-91.120325 31.845981 -26.132735
-78.397332 25.090646 -56.783078
6
43.530080 -88.962757 -13.811588
35.810292 -92.627616 -11.736601
29.836862 -94.645855 12.325739
44.736964 -88.619479 12.049561
45.278840 -88.387137 11.727774
50.031284 -86.016025 -9.905253
5
-14.018767 6.198450 -98.818285
-22.956125 -18.179717 -95.616495
-19.637682 -24.484974 -94.946551
3.355663 -11.562449 -99.272601
-0.691177 3.436505 -99.938545
7
-8.721418 -27.063860 95.872229
17.946016 -29.605484 93.816074
12.431423 -47.840259 86.929680
-8.609393 -47.060352 87.813448
-17.783727 -40.267451 89.790152
-18.105301 -35.917698 91.553902
-14.644539 -28.293545 94.789307
7
-75.548973 32.186082 57.064952
-61.896537 62.426518 47.662863
-53.486699 69.087421 48.642587
-49.580674 67.623267 54.487159
-46.976465 61.334902 63.492059
-53.852087 45.458456 70.947033
-64.869084 29.207798 70.277355
6
-53.814588 -64.169561 -54.646661
-62.500711 -42.906633 -65.212590
-74.912718 -49.611174 -43.895514
-72.089241 -55.509308 -41.495277
-58.404256 -67.970254 -44.373274
-56.012129 -68.271232 -46.922066
6
-94.995657 -29.960886 8.841404
-90.599267 -41.158891 9.885269
-85.475882 -51.599471 -5.600734
-87.574132 -42.278299 -23.309156
-95.255432 -25.742063 -16.240345
-97.716037 -20.518309 -5.529486
6
-75.815827 41.239642 -50.509923
-73.899179 44.619034 -50.478244
-67.659342 60.815363 -41.517527
-68.708612 63.343950 -35.590315
-77.062227 56.206561 -30.037240
-82.039570 46.677192 -33.026485
5
30.780069 -67.158847 -67.396414
31.978512 -85.767494 -40.265515
41.148918 -84.222441 -34.833131
52.920960 -76.795516 -36.080752
62.831486 -61.908407 -47.112138
6
84.367213 6.154099 53.331983
78.097837 -13.760030 60.921174
61.137485 -1.616268 79.117606
60.552433 1.704486 79.564424
66.842024 12.293120 73.355457
83.632614 7.929098 54.246800
9
-61.896537 62.426518 47.662863
-74.977770 53.647185 38.733881
-84.234189 52.616073 11.668347
-82.345855 56.221980 7.632107
-78.803925 61.411453 4.309860
-61.066030 77.311537 17.142523
-59.603206 77.707291 20.224606
-53.463866 69.694433 47.794361
-53.486699 69.087421 48.642587
5
39.405667 39.246722 -83.107691
40.153755 29.750403 -86.617490
71.342612 17.804779 -67.773310
72.901265 38.242563 -56.770696
63.238094 45.938686 -62.374519
5
-54.449223 -80.420846 23.827916
-68.229260 -65.145783 33.178232
-69.258494 -61.772980 37.247281
-52.855147 -60.111940 59.940705
-45.496572 -82.454156 33.635905
6
-53.814588 -64.169561 -54.646661
-33.239684 -59.805670 -72.927398
-33.459888 -58.180336 -74.131534
-61.438582 -37.171374 -69.595903
-61.651737 -37.341702 -69.315660
-62.500711 -42.906633 -65.212590
5
81.118507 -25.121704 -52.808028
82.084105 -29.003878 -49.203402
92.168025 -15.519560 -35.555568
88.906888 2.148934 -45.726878
88.326020 1.993196 -46.845933
7
82.901672 55.480448 -7.016600
88.761488 42.864963 -16.852095
91.148250 39.191699 -12.490283
91.736485 34.712839 19.479121
85.299858 41.862947 31.167738
84.095156 43.863938 31.685321
82.824094 55.636536 -6.689202
6
-87.168778 -42.732696 -23.990014
-78.046906 -57.816780 -23.788662
-72.089241 -55.509308 -41.495277
-74.912718 -49.611174 -43.895514
-79.711663 -42.593068 -42.800483
-82.358660 -41.092235 -39.095771
5
-14.946175 -77.685416 61.168521
4.091689 -76.524105 64.244217
10.265133 -86.309674 49.449643
-0.953809 -89.990849 43.597447
-11.661253 -88.050951 45.946111
6
9.269265 99.129880 9.345990
26.459179 96.161377 7.273340
30.276494 94.794150 9.869300
23.305898 91.080270 34.076672
14.344002 90.791615 39.384417
12.340469 91.833268 37.608027
7
44.926814 -80.886795 37.932939
44.736964 -88.619479 12.049561
29.836862 -94.645855 12.325739
27.998142 -95.073449 13.309519
27.398158 -87.366098 40.205793
27.815355 -86.646542 41.456999
30.960338 -84.833538 42.950301
9
-51.339901 10.610232 -85.156547
-46.007799 12.090943 -87.960738
-43.475301 15.469034 -88.716442
-43.013788 29.302321 -85.388454
-55.944978 41.592518 -71.695340
-78.362210 25.182361 -56.790956
-78.397332 25.090646 -56.783078
-78.781156 20.830377 -57.962270
-77.770242 15.946823 -60.806976
6
18.727315 15.439496 97.009843
14.803425 32.622564 93.362878
15.085139 33.581098 92.977139
21.934489 34.978435 91.079017
34.520703 30.772595 88.664358
41.321545 15.715887 89.696939
5
-7.369769 24.027103 96.790417
-33.423780 20.118886 92.076497
-34.513629 25.686935 90.271761
-13.840678 41.198905 90.061567
-13.067186 41.213155 90.170530
7
-93.631068 -18.543625 29.822091
-89.467042 -22.040065 38.857224
-82.542111 -35.712669 43.719619
-82.163894 -47.403453 31.654496
-86.354780 -47.925059 15.685683
-90.599267 -41.158891 9.885269
-94.995657 -29.960886 8.841404
5
19.297062 72.731541 65.861570
-6.182032 72.274195 68.834753
-10.032045 79.600587 59.691746
14.491572 87.147576 46.853969
18.479885 84.100356 50.849030
6
44.959042 64.133589 62.173686
43.850376 65.472876 61.566606
45.130091 70.982542 54.080991
64.700547 63.763620 41.809569
69.889999 57.241098 42.881752
63.545794 52.682239 56.449214
6
-89.467042 -22.040065 38.857224
-81.710653 -11.064642 56.576876
-73.063642 -14.752643 66.663811
-72.666120 -40.858273 55.228947
-72.700496 -40.863054 55.180148
-82.542111 -35.712669 43.719619
7
-91.631640 -21.842170 -33.564300
-92.470782 -5.095565 -37.725185
-95.944801 6.266939 -27.483097
-97.808194 9.022564 -18.765675
-99.609247 -4.455020 -7.625657
-97.716037 -20.518309 -5.529486
-95.255432 -25.742063 -16.240345
7
-97.169310 18.653685 14.497076
-91.507157 31.445668 25.250943
-88.514160 28.877212 36.487671
-88.034586 26.571176 39.292293
-92.277930 7.276520 37.839609
-95.458401 -2.305924 29.704823
-98.763640 7.107427 13.972398
6
12.199757 1.452653 99.242409
18.727315 15.439496 97.009843
41.321545 15.715887 89.696939
45.621264 12.715414 88.073938
32.368482 -5.581642 94.451716
20.362674 -7.807321 97.593070
6
-51.222782 -56.351871 64.812755
-26.800856 -68.613667 67.630457
-24.300316 -72.688742 64.232714
-38.620313 -85.065986 35.668606
-45.496572 -82.454156 33.635905
-52.855147 -60.111940 59.940705
8
84.367213 6.154099 53.331983
93.906262 5.903816 33.863829
96.992798 -1.063348 24.315969
97.374186 -4.385729 22.339053
92.418123 -27.439593 26.569894
92.354778 -27.535750 26.690399
78.915860 -24.703536 56.231862
78.097837 -13.760030 60.921174
5
-14.644539 -28.293545 94.789307
-26.305001 -3.280798 96.422421
-3.940159 5.680164 99.760768
8.371360 1.483555 99.637942
-8.721418 -27.063860 95.872229
8
43.850376 65.472876 61.566606
44.959042 64.133589 62.173686
50.146723 44.108576 74.429427
49.534478 41.814622 76.143765
45.707723 42.293314 78.243720
32.944895 49.153394 80.613757
23.848780 60.821969 75.709469
25.618061 64.541327 71.959239
6
14.803425 32.622564 93.362878
18.727315 15.439496 97.009843
12.199757 1.452653 99.242409
8.371360 1.483555 99.637942
-3.940159 5.680164 99.760768
-6.646124 23.488558 96.974825
6
-63.467044 71.614002 -29.040815
-67.133495 71.767675 -18.506610
-78.638368 61.739509 -2.059158
-81.785330 56.010666 -13.189586
-77.062227 56.206561 -30.037240
-68.708612 63.343950 -35.590315
4
-34.513629 25.686935 90.271761
-36.765265 28.319524 88.579455
-32.461880 54.238306 77.488273
-13.840678 41.198905 90.061567
7
73.284777 -53.660989 -41.831087
69.859412 -55.396326 -45.286969
62.831486 -61.908407 -47.112138
52.920960 -76.795516 -36.080752
60.821011 -78.612459 -10.994816
73.475769 -67.697209 -4.289432
78.126844 -61.444015 -10.992234
6
66.842024 12.293120 73.355457
67.348241 28.452822 68.225006
72.255685 31.474818 61.550400
73.011702 31.348024 60.717319
80.945619 21.138006 54.781306
83.632614 7.929098 54.246800
5
-63.780828 -76.050214 -12.180760
-59.966174 -73.374268 -31.941741
-59.976558 -73.353612 -31.969674
-76.297010 -62.123913 -17.871365
-76.600335 -63.153155 -12.002822
8
81.186941 43.828384 -38.571406
72.901265 38.242563 -56.770696
71.342612 17.804779 -67.773310
73.667503 7.125790 -67.248213
88.326020 1.993196 -46.845933
88.906888 2.148934 -45.726878
92.946672 11.909256 -34.915410
86.898545 39.931907 -29.224744
4
-43.222866 88.185711 -18.843148
-56.103444 76.830483 -30.813640
-40.418916 74.389643 -53.221164
-35.888069 88.644132 -29.227800
6
43.463111 89.798137 -6.874050
45.930864 88.177206 10.730150
30.276494 94.794150 9.869300
26.459179 96.161377 7.273340
27.042906 95.063101 -15.221302
28.333230 94.205492 -17.959768
5
-3.970241 99.910558 1.455224
-4.155160 99.891175 -2.118462
27.042906 95.063101 -15.221302
26.459179 96.161377 7.273340
9.269265 99.129880 9.345990
6
-0.702077 38.266413 -92.386085
3.236905 52.760973 -84.886997
-5.253597 58.777539 -80.731658
-27.405287 58.484512 -76.344692
-33.087165 40.644658 -85.166022
-5.593875 36.210790 -93.045619
5
4.733924 -92.763558 -37.047434
1.769355 -95.579898 -29.348807
11.333332 -98.611141 -12.140775
28.018737 -94.795545 -15.124650
27.797819 -88.021886 -38.463345
6
-98.763640 7.107427 13.972398
-99.609247 -4.455020 -7.625657
-97.808194 9.022564 -18.765675
-97.105385 16.058940 -17.682044
-96.799347 24.658935 -4.671556
-97.169310 18.653685 14.497076
6
-16.179986 90.688432 38.907792
-13.373373 80.412790 57.921810
-49.580674 67.623267 54.487159
-53.486699 69.087421 48.642587
-53.463866 69.694433 47.794361
-27.304461 90.027329 33.904961
6
27.173976 57.803639 -76.943579
39.405667 39.246722 -83.107691
63.238094 45.938686 -62.374519
50.345374 63.680651 -58.396215
33.414093 69.002657 -64.203830
30.926539 68.296119 -66.175443
6
-87.574132 -42.278299 -23.309156
-87.168778 -42.732696 -23.990014
-82.358660 -41.092235 -39.095771
-90.880690 -22.720192 -34.992757
-91.631640 -21.842170 -33.564300
-95.255432 -25.742063 -16.240345
7
29.444277 -66.358390 -68.772077
12.209238 -67.139109 -73.097705
-6.671944 -78.133999 -62.052908
4.733924 -92.763558 -37.047434
27.797819 -88.021886 -38.463345
31.978512 -85.767494 -40.265515
30.780069 -67.158847 -67.396414
7
-76.600335 -63.153155 -12.002822
-76.297010 -62.123913 -17.871365
-78.046906 -57.816780 -23.788662
-87.168778 -42.732696 -23.990014
-87.574132 -42.278299 -23.309156
-85.475882 -51.599471 -5.600734
-76.985074 -62.866107 -11.006859
6
-63.105141 -14.002151 76.299941
-58.195935 -49.871005 64.234850
-72.666120 -40.858273 55.228947
-73.063642 -14.752643 66.663811
-66.101982 -11.266729 74.186177
-64.057949 -12.573534 75.752792
5
60.815693 79.381558 0.140745
49.102066 86.147284 12.947301
45.930864 88.177206 10.730150
43.463111 89.798137 -6.874050
58.215914 77.764912 -23.738699
6
82.901672 55.480448 -7.016600
82.824094 55.636536 -6.689202
74.836513 66.165384 4.651689
60.815693 79.381558 0.140745
58.215914 77.764912 -23.738699
58.216707 77.761313 -23.748543
5
-96.799347 24.658935 -4.671556
-95.197603 30.535990 -2.229275
-89.900562 40.468497 16.738866
-91.507157 31.445668 25.250943
-97.169310 18.653685 14.497076
6
88.348982 29.256615 36.585623
85.299858 41.862947 31.167738
91.736485 34.712839 19.479121
96.184822 22.127916 16.088364
96.992798 -1.063348 24.315969
93.906262 5.903816 33.863829
5
95.094088 -27.417755 -14.331126
99.943611 -2.468558 2.276165
98.234161 -0.145447 -18.709047
94.864174 -21.665720 -23.051791
94.576073 -24.622937 -21.191444
4
-0.651051 96.700813 -25.466231
-4.421641 99.861320 -2.857605
-24.729444 95.970109 -13.348887
-18.357910 92.766800 -32.516273
8
-51.222782 -56.351871 64.812755
-52.855147 -60.111940 59.940705
-69.258494 -61.772980 37.247281
-72.263246 -57.524760 38.326562
-72.700496 -40.863054 55.180148
-72.666120 -40.858273 55.228947
-58.195935 -49.871005 64.234850
-51.990389 -54.736315 65.581516
5
-82.358660 -41.092235 -39.095771
-79.711663 -42.593068 -42.800483
-78.893115 -28.917737 -54.218455
-81.591660 -21.686033 -53.595867
-90.880690 -22.720192 -34.992757
6
-51.990389 -54.736315 65.581516
-47.605197 -47.374626 74.090418
-21.007153 -44.000624 87.307758
-24.706918 -66.592177 70.392117
-26.800856 -68.613667 67.630457
-51.222782 -56.351871 64.812755
4
-82.542111 -35.712669 43.719619
-72.700496 -40.863054 55.180148
-72.263246 -57.524760 38.326562
-82.163894 -47.403453 31.654496
5
-72.089241 -55.509308 -41.495277
-78.046906 -57.816780 -23.788662
-76.297010 -62.123913 -17.871365
-59.976558 -73.353612 -31.969674
-58.404256 -67.970254 -44.373274
4
96.184822 22.127916 16.088364
91.736485 34.712839 19.479121
91.148250 39.191699 -12.490283
97.032707 23.710360 -4.740531
6
-72.799329 -68.176274 7.228650
-56.504447 -81.454213 13.132350
-51.662632 -85.602477 1.785619
-63.780828 -76.050214 -12.180760
-76.600335 -63.153155 -12.002822
-76.985074 -62.866107 -11.006859
5
-26.555618 -90.896199 32.135342
-11.661253 -88.050951 45.946111
-0.953809 -89.990849 43.597447
0.390793 -95.280522 30.355715
-22.990324 -93.504437 26.988244
6
-86.354780 -47.925059 15.685683
-82.163894 -47.403453 31.654496
-72.263246 -57.524760 38.326562
-69.258494 -61.772980 37.247281
-68.229260 -65.145783 33.178232
-80.942042 -56.611315 15.605926
5
72.503449 4.434171 -68.728364
74.495141 -20.885269 -63.358343
81.118507 -25.121704 -52.808028
88.326020 1.993196 -46.845933
73.667503 7.125790 -67.248213
5
41.148918 -84.222441 -34.833131
43.530080 -88.962757 -13.811588
50.031284 -86.016025 -9.905253
60.821011 -78.612459 -10.994816
52.920960 -76.795516 -36.080752
6
-58.195935 -49.871005 64.234850
-63.105141 -14.002151 76.299941
-47.191698 -26.199424 84.181553
-46.296798 -28.088307 84.069338
-47.605197 -47.374626 74.090418
-51.990389 -54.736315 65.581516
6
-13.067186 41.213155 90.170530
-13.840678 41.198905 90.061567
-32.461880 54.238306 77.488273
-33.111634 56.227033 75.776913
-14.265564 62.910154 76.412081
-6.255122 45.734069 88.708897
5
-6.255122 45.734069 88.708897
-14.265564 62.910154 76.412081
-6.713090 69.028956 72.041222
11.171722 56.234447 81.932165
6.843643 46.642987 88.190682
6
-80.152914 12.159056 58.546287
-67.242104 7.789597 73.605853
-66.101982 -11.266729 74.186177
-73.063642 -14.752643 66.663811
-81.710653 -11.064642 56.576876
-84.207451 -1.351932 53.919175
5
73.475769 -67.697209 -4.289432
60.821011 -78.612459 -10.994816
50.031284 -86.016025 -9.905253
45.278840 -88.387137 11.727774
70.275933 -69.120855 16.840450
5
58.103128 77.130351 25.979520
72.808142 66.462467 16.784366
80.393793 48.117911 34.950032
69.889999 57.241098 42.881752
64.700547 63.763620 41.809569
5
-18.818298 -95.761646 -21.807770
-32.403488 -88.766864 -32.717852
-46.301403 -86.030413 -21.329512
-49.164242 -87.079084 -0.332357
-23.736911 -97.141716 0.214666
5
-84.207451 -1.351932 53.919175
-92.277930 7.276520 37.839609
-88.034586 26.571176 39.292293
-82.273608 26.421589 50.328451
-80.152914 12.159056 58.546287
6
80.945619 21.138006 54.781306
73.011702 31.348024 60.717319
80.677503 47.683115 34.892135
84.095156 43.863938 31.685321
85.299858 41.862947 31.167738
88.348982 29.256615 36.585623
6
-65.951921 -14.893399 -73.678563
-58.694958 -29.098306 -75.552568
-49.560716 -27.126988 -82.509769
-41.975449 -6.527627 -90.528735
-46.007799 12.090943 -87.960738
-51.339901 10.610232 -85.156547
8
-63.467044 71.614002 -29.040815
-68.708612 63.343950 -35.590315
-67.659342 60.815363 -41.517527
-48.718123 62.468669 -61.026305
-38.487433 69.382488 -60.866969
-37.417131 71.524400 -59.027269
-40.418916 74.389643 -53.221164
-56.103444 76.830483 -30.813640
6
41.148918 -84.222441 -34.833131
31.978512 -85.767494 -40.265515
27.797819 -88.021886 -38.463345
28.018737 -94.795545 -15.124650
35.810292 -92.627616 -11.736601
43.530080 -88.962757 -13.811588
5
-55.944978 41.592518 -71.695340
-53.473317 55.054670 -64.106066
-73.899179 44.619034 -50.478244
-75.815827 41.239642 -50.509923
-78.362210 25.182361 -56.790956
5
83.632614 7.929098 54.246800
80.945619 21.138006 54.781306
88.348982 29.256615 36.585623
93.906262 5.903816 33.863829
84.367213 6.154099 53.331983
6
99.795794 -1.018149 6.305774
99.943611 -2.468558 2.276165
95.094088 -27.417755 -14.331126
92.696403 -37.365178 -3.349668
92.418123 -27.439593 26.569894
97.374186 -4.385729 22.339053
7
92.354778 -27.535750 26.690399
92.418123 -27.439593 26.569894
92.696403 -37.365178 -3.349668
78.126844 -61.444015 -10.992234
73.475769 -67.697209 -4.289432
70.275933 -69.120855 16.840450
70.363595 -64.921581 28.881705
6
61.137485 -1.616268 79.117606
50.584234 -20.626164 83.760353
32.368482 -5.581642 94.451716
45.621264 12.715414 88.073938
46.266210 12.698537 87.739301
60.552433 1.704486 79.564424
6
-78.397332 25.090646 -56.783078
-91.120325 31.845981 -26.132735
-97.105385 16.058940 -17.682044
-97.808194 9.022564 -18.765675
-95.944801 6.266939 -27.483097
-78.781156 20.830377 -57.962270
6
92.354778 -27.535750 26.690399
70.363595 -64.921581 28.881705
65.884039 -65.982735 36.132701
63.190187 -59.774623 49.335533
74.085144 -31.168775 59.497050
78.915860 -24.703536 56.231862
4
51.402857 -59.047373 62.218598
54.327193 -33.504203 76.980676
74.085144 -31.168775 59.497050
63.190187 -59.774623 49.335533
6
-78.638368 61.739509 -2.059158
-78.803925 61.411453 4.309860
-82.345855 56.221980 7.632107
-91.322792 40.271118 -6.195536
-89.067660 41.132402 -19.366916
-81.785330 56.010666 -13.189586
7
-7.369769 24.027103 96.790417
-13.067186 41.213155 90.170530
-6.255122 45.734069 88.708897
6.843643 46.642987 88.190682
15.085139 33.581098 92.977139
14.803425 32.622564 93.362878
-6.646124 23.488558 96.974825
5
-49.560716 -27.126988 -82.509769
-58.694958 -29.098306 -75.552568
-61.438582 -37.171374 -69.595903
-33.459888 -58.180336 -74.131534
-26.029214 -41.082718 -87.376715
6
51.402857 -59.047373 62.218598
63.190187 -59.774623 49.335533
65.884039 -65.982735 36.132701
44.926814 -80.886795 37.932939
30.960338 -84.833538 42.950301
32.235984 -65.245843 68.584410
6
-36.765265 28.319524 88.579455
-42.234703 29.566185 85.685883
-53.852087 45.458456 70.947033
-46.976465 61.334902 63.492059
-33.111634 56.227033 75.776913
-32.461880 54.238306 77.488273
7
23.329244 92.263274 -30.712125
11.434780 92.901329 -35.193592
11.104801 92.580641 -36.131818
12.831730 79.424042 -59.389968
30.926539 68.296119 -66.175443
33.414093 69.002657 -64.203830
37.003585 80.502829 -46.368408
6
-20.596363 91.292546 -35.234369
-35.888069 88.644132 -29.227800
-40.418916 74.389643 -53.221164
-37.417131 71.524400 -59.027269
-19.154452 81.948158 -54.014872
-18.668794 82.957602 -52.626157
6
-0.953809 -89.990849 43.597447
10.265133 -86.309674 49.449643
27.815355 -86.646542 41.456999
27.398158 -87.366098 40.205793
4.136841 -96.280999 26.699360
0.390793 -95.280522 30.355715
6
40.728994 -33.592173 84.927704
18.695145 -29.037320 93.847353
20.362674 -7.807321 97.593070
32.368482 -5.581642 94.451716
50.584234 -20.626164 83.760353
48.918719 -29.206906 82.182210
5
-84.234189 52.616073 11.668347
-74.977770 53.647185 38.733881
-88.514160 28.877212 36.487671
-91.507157 31.445668 25.250943
-89.900562 40.468497 16.738866
6
-90.880690 -22.720192 -34.992757
-81.591660 -21.686033 -53.595867
-80.520947 -5.613022 -59.032797
-80.637589 -5.173632 -58.913604
-92.470782 -5.095565 -37.725185
-91.631640 -21.842170 -33.564300
5
-61.066030 77.311537 17.142523
-78.803925 61.411453 4.309860
-78.638368 61.739509 -2.059158
-67.133495 71.767675 -18.506610
-53.487848 84.466255 -2.121759
6
32.235984 -65.245843 68.584410
28.027989 -63.409584 72.067028
40.728994 -33.592173 84.927704
48.918719 -29.206906 82.182210
54.327193 -33.504203 76.980676
51.402857 -59.047373 62.218598
5
-5.593875 36.210790 -93.045619
-33.087165 40.644658 -85.166022
-43.013788 29.302321 -85.388454
-43.475301 15.469034 -88.716442
-21.715829 13.446019 -96.683128
6
30.926539 68.296119 -66.175443
12.831730 79.424042 -59.389968
-3.572379 77.773924 -62.757110
-5.253597 58.777539 -80.731658
3.236905 52.760973 -84.886997
27.173976 57.803639 -76.943579
6
12.431423 -47.840259 86.929680
17.946016 -29.605484 93.816074
18.695145 -29.037320 93.847353
40.728994 -33.592173 84.927704
28.027989 -63.409584 72.067028
19.824289 -63.485575 74.676498
5
94.576073 -24.622937 -21.191444
94.864174 -21.665720 -23.051791
92.168025 -15.519560 -35.555568
82.084105 -29.003878 -49.203402
78.819077 -44.977798 -42.006557
