200
7
6.361037 5.480204 -99.646899
12.246927 17.266024 -97.733808
-4.843903 26.911894 -96.188807
-17.365292 19.736217 -96.482788
-26.783648 3.305588 -96.289715
-23.637492 -7.316272 -96.890356
-18.409269 -8.411227 -97.930333
6
59.277889 -73.447284 -33.039798
65.344489 -71.958834 -23.495191
76.734757 -61.031940 -19.669250
78.650277 -54.814365 -28.452054
64.038832 -58.079576 -50.257247
58.367423 -66.003674 -47.294387
6
31.129968 94.918207 4.632397
41.769252 89.719446 14.344010
39.264674 88.666472 24.424210
22.777946 93.626254 26.744901
16.034056 96.643338 20.074219
17.508037 98.106455 8.282033
6
-38.572982 -88.162041 27.195211
-35.504013 -92.178242 15.576804
-39.938797 -91.585695 4.117396
-63.314135 -77.369597 2.294710
-68.693604 -72.432788 5.888973
-59.506179 -76.402305 24.933963
6
19.478798 73.060270 65.442902
14.824834 71.346746 68.482597
-1.249866 80.140567 59.799058
6.730614 90.524592 41.952319
12.696001 89.869802 41.978926
18.229384 86.329455 47.062881
7
71.372224 20.484395 66.980559
71.474849 35.269067 60.394030
75.344343 40.960455 51.434144
91.704281 12.416671 37.896585
88.606228 7.650960 45.720884
73.402025 17.281335 65.677227
71.587626 19.478898 67.050610
9
52.823144 66.943328 -52.233191
63.724947 61.785764 -46.061377
71.373037 66.891011 -20.772151
70.315543 68.686815 -18.380583
69.558314 69.573447 -17.921397
69.313184 69.821824 -17.905177
50.599018 80.675863 -30.514660
43.434981 80.194288 -41.015591
44.205579 74.359559 -50.164955
5
89.331508 -41.844891 16.397766
92.004107 -38.806145 5.415467
78.814831 -61.055703 -7.773252
63.426198 -75.527367 16.514668
66.466307 -70.794150 23.883433
6
-2.030113 65.682692 -75.376804
5.737580 86.356805 -50.095732
2.268655 92.646202 -37.570393
-15.752980 91.428072 -37.319584
-24.591999 80.120650 -54.551948
-23.861620 76.453976 -59.878315
7
-99.246332 -8.494994 8.831794
-98.765712 -10.042300 12.020244
-91.219953 -29.103025 28.843269
-89.980308 -33.197137 28.310672
-91.018624 -40.316689 9.496036
-95.304843 -30.225976 -1.837721
-99.318683 -8.643302 7.816167
6
53.359674 -84.389177 5.586766
53.566016 -84.253671 5.656919
65.973873 -74.423672 -10.419462
65.344489 -71.958834 -23.495191
59.277889 -73.447284 -33.039798
38.897888 -91.346412 -11.949361
4
-0.302731 -56.785375 -82.312390
-21.962798 -66.745024 -71.152914
-9.117029 -81.915455 -56.628068
7.140899 -77.390045 -62.926851
7
64.956266 -54.482641 -53.031361
64.038832 -58.079576 -50.257247
78.650277 -54.814365 -28.452054
84.864740 -46.393486 -25.409061
86.696116 -35.781903 -34.690617
81.038805 -35.104525 -46.908256
70.135413 -43.647094 -56.355612
6
43.434981 80.194288 -41.015591
50.599018 80.675863 -30.514660
46.262594 87.973616 -10.973389
28.859459 94.952434 -12.294995
14.898194 95.608544 -25.239850
14.777750 95.308098 -26.419397
5
48.112398 76.420575 42.954545
61.777499 65.049677 44.182351
64.563267 53.181332 54.802649
52.902584 55.673560 64.045072
44.640937 72.534288 52.401945
6
-60.230924 77.734369 -18.154989
-72.558994 68.771486 -2.382249
-78.499218 61.139519 -9.991591
-74.241396 60.870761 -27.981521
-63.221695 69.257852 -34.732797
-63.091671 69.372078 -34.741270
7
-8.058545 -99.669921 0.983161
-25.105149 -96.654882 -5.250260
-39.578378 -91.775862 3.277681
-39.938797 -91.585695 4.117396
-35.504013 -92.178242 15.576804
-21.497052 -96.142385 17.161545
-7.024358 -99.718570 2.620164
6
-4.927797 55.883972 -82.781027
-4.843903 26.911894 -96.188807
12.246927 17.266024 -97.733808
14.403079 17.418545 -97.412246
30.803226 45.566799 -83.515436
-1.918306 58.675346 -80.953838
6
-49.199525 86.833936 -6.266922
-48.700810 86.844398 -9.288793
-41.976079 89.241438 -16.552174
-27.070822 94.099806 -20.307562
-21.473265 97.282191 -8.664537
-35.766321 93.171440 6.312929
5
39.264674 88.666472 24.424210
45.695663 80.115106 38.645520
18.229384 86.329455 47.062881
12.696001 89.869802 41.978926
22.777946 93.626254 26.744901
8
-46.730363 58.554814 -66.239014
-34.127293 47.901850 -80.874845
-4.927797 55.883972 -82.781027
-1.918306 58.675346 -80.953838
-1.801230 65.250023 -75.757443
-2.030113 65.682692 -75.376804
-23.861620 76.453976 -59.878315
-46.674125 58.756409 -66.100003
6
-33.003552 15.420407 93.128817
-27.186641 9.187146 95.793961
-22.859520 -9.975459 96.839726
-42.104233 -18.536330 88.789853
-55.943569 -10.309983 82.243670
-53.227521 12.677146 83.702574
5
-63.221695 69.257852 -34.732797
-74.241396 60.870761 -27.981521
-80.526582 48.807561 -33.664397
-74.541480 42.762419 -51.136516
-67.505839 46.166944 -57.546286
6
-98.876012 5.868115 -13.751343
-93.917064 34.284764 2.034703
-95.267124 22.457514 20.489879
-99.246332 -8.494994 8.831794
-99.318683 -8.643302 7.816167
-99.393857 -0.957778 -10.951890
5
-35.766321 93.171440 6.312929
-21.473265 97.282191 -8.664537
-9.433067 99.552351 0.588868
-20.102373 95.088038 23.540594
-32.792795 92.226239 20.468351
6
-9.623696 -12.583112 98.737277
-22.859520 -9.975459 96.839726
-27.186641 9.187146 95.793961
-2.456372 23.513303 97.165276
5.520073 17.396157 98.320407
3.507267 -4.007683 99.858087
5
-89.209604 36.512194 -26.617782
-80.526582 48.807561 -33.664397
-74.241396 60.870761 -27.981521
-78.499218 61.139519 -9.991591
-93.285742 36.008461 1.077523
5
-31.330692 -90.625745 -28.378903
-44.342738 -77.122200 -45.671521
-55.490820 -68.671688 -46.957088
-49.348234 -83.871693 -23.028047
-41.587227 -88.660341 -20.244665
4
43.027781 -9.546222 -89.763465
44.018785 7.556455 -89.472043
21.675636 12.533477 -96.814662
20.989207 -15.037438 -96.609154
6
-0.714426 47.605123 87.938853
-11.134569 36.155548 92.567801
-14.910044 36.971097 91.710570
-29.060191 53.464101 79.354239
-9.462681 63.901892 76.334828
-8.823901 63.808025 76.489704
5
-55.669568 -68.217857 -47.404885
-31.231280 -70.574204 -63.591579
-28.153718 -65.807928 -69.833264
-33.302226 -59.597013 -73.069541
-55.524752 -57.132008 -60.439521
6
-55.735782 -68.350879 -47.134699
-55.490820 -68.671688 -46.957088
-44.342738 -77.122200 -45.671521
-21.907211 -82.958803 -51.360599
-31.231280 -70.574204 -63.591579
-55.669568 -68.217857 -47.404885
7
69.313184 69.821824 -17.905177
69.558314 69.573447 -17.921397
74.643410 64.339278 16.994669
74.440921 64.488511 17.314189
69.238103 69.964119 17.638228
63.830536 76.128232 11.408550
61.905264 78.369111 -5.101056
6
-33.302226 -59.597013 -73.069541
-28.153718 -65.807928 -69.833264
-21.962798 -66.745024 -71.152914
-0.302731 -56.785375 -82.312390
0.962881 -50.129682 -86.522181
-30.535036 -38.842404 -86.941815
7
-60.751516 -29.325566 -73.819133
-61.309172 -32.577144 -71.971627
-55.524752 -57.132008 -60.439521
-33.302226 -59.597013 -73.069541
-30.535036 -38.842404 -86.941815
-37.692204 -30.394941 -87.495402
-57.155097 -28.501830 -76.947649
5
-46.674125 58.756409 -66.100003
-23.861620 76.453976 -59.878315
-24.591999 80.120650 -54.551948
-51.760579 75.009335 -41.163601
-52.757985 74.182260 -41.395499
5
13.976938 -45.704767 87.839168
-19.264402 -63.165265 75.093489
-20.710442 -60.664680 76.752031
-13.648203 -38.721169 91.183319
-6.544398 -33.993002 93.817092
6
-56.240894 60.363052 56.508970
-31.937080 73.803905 59.439099
-28.932424 70.245525 65.026771
-32.040682 53.944742 77.867576
-42.651084 49.935770 75.414216
-43.720694 50.088546 74.696977
6
-62.732410 16.981302 -76.001843
-65.181622 20.954607 -72.885256
-81.530795 12.987054 -56.427528
-81.912716 10.305287 -56.427901
-77.320071 -15.630976 -61.459574
-68.082042 -21.839222 -69.913403
4
76.717916 44.124263 46.555459
70.051591 60.224456 38.285631
74.999758 62.911144 20.426067
83.021559 45.328187 32.446513
6
-9.117029 -81.915455 -56.628068
-16.311651 -85.197142 -49.753161
-16.157361 -86.688873 -47.159082
3.720837 -92.230342 -38.467121
25.864244 -80.512354 -53.374167
7.140899 -77.390045 -62.926851
7
57.978606 43.555264 -68.857971
69.306626 30.580133 -65.279760
78.987656 33.503216 -51.366183
82.389922 37.252264 -42.710298
82.562070 37.796060 -41.892272
63.724947 61.785764 -46.061377
52.823144 66.943328 -52.233191
5
55.421400 -32.863321 76.475293
66.784998 -48.712164 56.275120
53.331347 -58.541525 61.062733
46.062953 -53.018702 71.184420
50.651267 -37.119536 77.824091
6
11.580725 -98.909017 9.104565
37.946152 -89.681600 22.744236
53.359674 -84.389177 5.586766
38.897888 -91.346412 -11.949361
30.243625 -94.096197 -15.206211
26.075918 -95.605530 -13.402578
6
76.882647 -40.496582 49.488235
72.840005 -24.901047 63.830021
80.044232 -10.081175 59.087146
84.764370 -7.001502 52.592590
88.118307 -33.080766 33.776129
87.832340 -34.249458 33.353480
5
36.650427 73.039738 -57.636298
32.151547 45.651767 -82.958991
57.978606 43.555264 -68.857971
52.823144 66.943328 -52.233191
44.205579 74.359559 -50.164955
6
30.350310 -77.877047 -54.900129
58.367423 -66.003674 -47.294387
64.038832 -58.079576 -50.257247
64.956266 -54.482641 -53.031361
42.962846 -50.552080 -74.824335
33.093657 -55.208846 -76.529688
6
6.684474 -89.066481 44.971989
16.769882 -80.683168 56.648014
36.187253 -76.172297 53.742571
44.513537 -75.695213 47.841193
34.811626 -88.147629 31.908404
4.433686 -92.693735 37.258743
6
-60.440773 78.943830 10.713761
-69.443967 71.727672 5.716328
-72.558994 68.771486 -2.382249
-60.230924 77.734369 -18.154989
-48.700810 86.844398 -9.288793
-49.199525 86.833936 -6.266922
7
13.852117 50.894901 84.957801
15.617266 48.749808 85.904349
20.437690 24.017643 94.897069
5.520073 17.396157 98.320407
-2.456372 23.513303 97.165276
-11.134569 36.155548 92.567801
-0.714426 47.605123 87.938853
6
86.823020 49.479436 3.680856
88.061465 38.934697 27.004956
83.021559 45.328187 32.446513
74.999758 62.911144 20.426067
74.440921 64.488511 17.314189
74.643410 64.339278 16.994669
5
-84.483538 -1.267784 53.487611
-80.819987 5.846476 58.599902
-77.387823 6.872483 62.959462
-57.221553 -10.892334 81.283768
-66.983469 -22.154436 70.868863
7
32.151547 45.651767 -82.958991
32.023654 45.576334 -83.049885
47.984957 12.082436 -86.899129
62.894240 15.123097 -76.260124
66.638976 17.803150 -72.403693
69.306626 30.580133 -65.279760
57.978606 43.555264 -68.857971
6
3.507267 -4.007683 99.858087
5.520073 17.396157 98.320407
20.437690 24.017643 94.897069
33.998133 22.305649 91.359646
30.601241 -12.978673 94.313934
26.348833 -16.014914 95.127606
6
-27.186641 9.187146 95.793961
-33.003552 15.420407 93.128817
-27.769680 28.616058 91.705867
-14.910044 36.971097 91.710570
-11.134569 36.155548 92.567801
-2.456372 23.513303 97.165276
8
26.348833 -16.014914 95.127606
30.601241 -12.978673 94.313934
41.983750 -11.016198 90.088890
58.267749 -20.651069 78.602817
59.228959 -25.843931 76.315278
55.421400 -32.863321 76.475293
50.651267 -37.119536 77.824091
25.986167 -33.342581 90.625556
6
-80.782615 54.926509 21.383354
-69.443967 71.727672 5.716328
-60.440773 78.943830 10.713761
-55.758112 80.086756 21.843638
-56.888435 78.702448 23.866937
-75.128627 54.436490 37.314313
5
87.806074 -0.222415 -47.854403
86.262262 2.191876 -50.537292
75.094670 4.185687 -65.903494
74.182126 -14.742353 -65.419227
82.430820 -13.735950 -54.922523
6
17.846830 -17.578819 -96.811548
16.508393 -17.863186 -96.996802
3.693679 -35.619546 -93.368114
1.378954 -49.851527 -86.677123
21.910782 -48.973960 -84.388796
31.493710 -34.328814 -88.485472
5
-91.580696 -12.229277 -38.254685
-84.253668 -19.085876 -50.369124
-77.320071 -15.630976 -61.459574
-81.912716 10.305287 -56.427901
-92.429961 -3.912918 -37.965661
7
36.650427 73.039738 -57.636298
33.238210 73.828232 -58.690830
-1.801230 65.250023 -75.757443
-1.918306 58.675346 -80.953838
30.803226 45.566799 -83.515436
32.023654 45.576334 -83.049885
32.151547 45.651767 -82.958991
5
-53.227521 12.677146 83.702574
-53.756047 14.233852 83.112483
-42.926720 34.134644 83.618914
-27.769680 28.616058 91.705867
-33.003552 15.420407 93.128817
5
17.508037 98.106455 8.282033
4.172087 99.778926 -5.172967
14.898194 95.608544 -25.239850
28.859459 94.952434 -12.294995
31.129968 94.918207 4.632397
6
-92.429961 -3.912918 -37.965661
-81.912716 10.305287 -56.427901
-81.530795 12.987054 -56.427528
-84.903107 20.793723 -48.570397
-89.879516 22.054154 -37.885180
-95.682220 8.954191 -27.653846
6
-45.176797 85.438450 25.677389
-55.758112 80.086756 21.843638
-60.440773 78.943830 10.713761
-49.199525 86.833936 -6.266922
-35.766321 93.171440 6.312929
-32.792795 92.226239 20.468351
8
-42.104233 -18.536330 88.789853
-38.396876 -32.890481 86.278017
-39.616873 -43.742928 80.728307
-55.171764 -49.482789 67.138142
-68.367287 -27.173495 67.731198
-66.983469 -22.154436 70.868863
-57.221553 -10.892334 81.283768
-55.943569 -10.309983 82.243670
5
-14.171386 72.506384 67.394332
-9.462681 63.901892 76.334828
-29.060191 53.464101 79.354239
-32.040682 53.944742 77.867576
-28.932424 70.245525 65.026771
6
-49.933719 10.842615 -85.959650
-44.503427 11.945566 -88.751048
-37.421662 39.540003 -83.882104
-63.455220 27.611696 -72.187459
-65.181622 20.954607 -72.885256
-62.732410 16.981302 -76.001843
7
96.877513 -24.721745 -1.892807
92.226129 -38.346071 4.890806
92.004107 -38.806145 5.415467
89.331508 -41.844891 16.397766
87.832340 -34.249458 33.353480
88.118307 -33.080766 33.776129
95.903240 -4.227070 28.012504
6
-43.720694 50.088546 74.696977
-65.881704 28.047536 69.806424
-73.141970 35.987796 57.923490
-71.190918 51.046545 48.229695
-56.575048 60.391041 56.144333
-56.240894 60.363052 56.508970
5
-21.084836 -87.750859 43.072224
-37.394204 -87.113715 31.825685
-49.266976 -70.211886 51.410662
-47.973430 -68.182503 55.224055
-26.115793 -71.766586 64.556352
5
16.373434 59.178244 78.929374
35.972734 53.148294 76.689121
37.023396 42.901964 82.393505
15.617266 48.749808 85.904349
13.852117 50.894901 84.957801
7
70.135413 -43.647094 -56.355612
81.038805 -35.104525 -46.908256
84.994389 -23.064542 -47.370674
82.430820 -13.735950 -54.922523
74.182126 -14.742353 -65.419227
73.277723 -16.024956 -66.133018
69.561475 -40.660965 -59.227419
8
-18.409269 -8.411227 -97.930333
-23.637492 -7.316272 -96.890356
-37.692204 -30.394941 -87.495402
-30.535036 -38.842404 -86.941815
0.962881 -50.129682 -86.522181
1.378954 -49.851527 -86.677123
3.693679 -35.619546 -93.368114
-15.381259 -10.395907 -98.261600
7
14.824834 71.346746 68.482597
13.774913 69.388227 70.679034
-8.823901 63.808025 76.489704
-9.462681 63.901892 76.334828
-14.171386 72.506384 67.394332
-9.038874 80.020154 59.288057
-1.249866 80.140567 59.799058
5
44.640937 72.534288 52.401945
52.902584 55.673560 64.045072
52.116873 53.846466 66.214724
38.540797 55.966209 73.364777
30.063926 71.451365 63.173276
4
-39.616873 -43.742928 80.728307
-38.396876 -32.890481 86.278017
-13.648203 -38.721169 91.183319
-20.710442 -60.664680 76.752031
6
58.267749 -20.651069 78.602817
63.678618 -4.644789 76.964015
73.252428 -3.271695 67.995425
80.044232 -10.081175 59.087146
72.840005 -24.901047 63.830021
59.228959 -25.843931 76.315278
9
63.605783 -70.184965 32.068286
66.466307 -70.794150 23.883433
63.426198 -75.527367 16.514668
53.566016 -84.253671 5.656919
53.359674 -84.389177 5.586766
37.946152 -89.681600 22.744236
34.811626 -88.147629 31.908404
44.513537 -75.695213 47.841193
47.603633 -74.036266 47.460778
6
62.521202 -14.382412 -76.708836
73.277723 -16.024956 -66.133018
74.182126 -14.742353 -65.419227
75.094670 4.185687 -65.903494
66.638976 17.803150 -72.403693
62.894240 15.123097 -76.260124
6
-58.980775 -79.377853 -14.846703
-69.602807 -63.432454 -33.641835
-78.073587 -62.485976 -0.132992
-73.547580 -67.551834 5.244349
-68.693604 -72.432788 5.888973
-63.314135 -77.369597 2.294710
5
58.612444 7.590816 80.665736
63.678618 -4.644789 76.964015
58.267749 -20.651069 78.602817
41.983750 -11.016198 90.088890
52.693915 10.027899 84.396639
6
21.024958 -57.120047 79.342620
15.719973 -45.802646 87.492857
25.986167 -33.342581 90.625556
50.651267 -37.119536 77.824091
46.062953 -53.018702 71.184420
32.609387 -58.772482 74.043387
5
-49.933719 10.842615 -85.959650
-62.732410 16.981302 -76.001843
-68.082042 -21.839222 -69.913403
-60.751516 -29.325566 -73.819133
-57.155097 -28.501830 -76.947649
5
-49.266976 -70.211886 51.410662
-37.394204 -87.113715 31.825685
-38.572982 -88.162041 27.195211
-59.506179 -76.402305 24.933963
-60.078564 -69.707513 39.133474
6
-22.859520 -9.975459 96.839726
-9.623696 -12.583112 98.737277
-6.544398 -33.993002 93.817092
-13.648203 -38.721169 91.183319
-38.396876 -32.890481 86.278017
-42.104233 -18.536330 88.789853
6
-55.943569 -10.309983 82.243670
-57.221553 -10.892334 81.283768
-77.387823 6.872483 62.959462
-65.341913 25.302190 71.345873
-53.756047 14.233852 83.112483
-53.227521 12.677146 83.702574
5
21.024958 -57.120047 79.342620
32.609387 -58.772482 74.043387
36.187253 -76.172297 53.742571
16.769882 -80.683168 56.648014
11.843109 -70.912687 69.506342
6
-21.252945 -92.968699 -30.085435
-16.157361 -86.688873 -47.159082
-16.311651 -85.197142 -49.753161
-21.907211 -82.958803 -51.360599
-44.342738 -77.122200 -45.671521
-31.330692 -90.625745 -28.378903
6
-61.309172 -32.577144 -71.971627
-80.714301 -45.777820 -37.277243
-69.206220 -62.732045 -35.709798
-55.735782 -68.350879 -47.134699
-55.669568 -68.217857 -47.404885
-55.524752 -57.132008 -60.439521
5
63.605783 -70.184965 32.068286
47.603633 -74.036266 47.460778
53.331347 -58.541525 61.062733
66.784998 -48.712164 56.275120
71.685950 -46.913552 51.577546
6
-21.962798 -66.745024 -71.152914
-28.153718 -65.807928 -69.833264
-31.231280 -70.574204 -63.591579
-21.907211 -82.958803 -51.360599
-16.311651 -85.197142 -49.753161
-9.117029 -81.915455 -56.628068
5
70.315543 68.686815 -18.380583
87.768527 47.919481 0.639540
86.823020 49.479436 3.680856
74.643410 64.339278 16.994669
69.558314 69.573447 -17.921397
6
6.730614 90.524592 41.952319
-7.482368 93.816901 33.799457
5.849585 97.564041 21.143325
16.034056 96.643338 20.074219
22.777946 93.626254 26.744901
12.696001 89.869802 41.978926
5
16.769882 -80.683168 56.648014
6.684474 -89.066481 44.971989
-19.955991 -68.739108 69.833326
-19.074064 -67.649032 71.132191
11.843109 -70.912687 69.506342
6
-26.783648 3.305588 -96.289715
-44.503427 11.945566 -88.751048
-49.933719 10.842615 -85.959650
-57.155097 -28.501830 -76.947649
-37.692204 -30.394941 -87.495402
-23.637492 -7.316272 -96.890356
4
-41.976079 89.241438 -16.552174
-50.291550 76.793949 -39.666728
-20.394090 92.156363 -33.034616
-27.070822 94.099806 -20.307562
6
28.859459 94.952434 -12.294995
46.262594 87.973616 -10.973389
49.296187 86.863114 -4.968428
44.214268 88.870720 12.128214
41.769252 89.719446 14.344010
31.129968 94.918207 4.632397
6
-25.105149 -96.654882 -5.250260
-18.076051 -94.791216 -26.227499
-21.252945 -92.968699 -30.085435
-31.330692 -90.625745 -28.378903
-41.587227 -88.660341 -20.244665
-39.578378 -91.775862 3.277681
6
4.433686 -92.693735 37.258743
34.811626 -88.147629 31.908404
37.946152 -89.681600 22.744236
11.580725 -98.909017 9.104565
10.906532 -98.936215 9.626679
4.043079 -92.881202 36.833895
7
-93.917064 34.284764 2.034703
-93.353945 35.821680 1.359470
-80.782615 54.926509 21.383354
-75.128627 54.436490 37.314313
-74.498714 52.069279 41.698103
-93.365449 21.087144 28.952119
-95.267124 22.457514 20.489879
6
47.984957 12.082436 -86.899129
32.023654 45.576334 -83.049885
30.803226 45.566799 -83.515436
14.403079 17.418545 -97.412246
21.675636 12.533477 -96.814662
44.018785 7.556455 -89.472043
7
47.799881 32.975848 81.411085
71.372224 20.484395 66.980559
71.587626 19.478898 67.050610
58.612444 7.590816 80.665736
52.693915 10.027899 84.396639
41.267755 24.666649 87.684256
43.874228 30.905017 84.379690
5
-60.078564 -69.707513 39.133474
-59.506179 -76.402305 24.933963
-68.693604 -72.432788 5.888973
-73.547580 -67.551834 5.244349
-76.580057 -54.441422 34.229030
7
-80.714301 -45.777820 -37.277243
-83.797925 -41.941606 -34.911451
-89.355226 -37.805574 -24.215330
-80.924221 -58.744488 -0.596306
-78.073587 -62.485976 -0.132992
-69.602807 -63.432454 -33.641835
-69.206220 -62.732045 -35.709798
7
-32.792795 92.226239 20.468351
-20.102373 95.088038 23.540594
-12.931458 93.378493 33.365169
-20.322455 85.290989 48.087889
-28.897766 81.472171 50.271309
-39.103476 81.034621 43.638383
-45.176797 85.438450 25.677389
5
78.814831 -61.055703 -7.773252
78.390162 -61.487476 -8.618172
65.973873 -74.423672 -10.419462
53.566016 -84.253671 5.656919
63.426198 -75.527367 16.514668
7
44.205579 74.359559 -50.164955
43.434981 80.194288 -41.015591
14.777750 95.308098 -26.419397
2.268655 92.646202 -37.570393
5.737580 86.356805 -50.095732
33.238210 73.828232 -58.690830
36.650427 73.039738 -57.636298
6
-65.881704 28.047536 69.806424
-65.341913 25.302190 71.345873
-77.387823 6.872483 62.959462
-80.819987 5.846476 58.599902
-82.382918 23.281755 51.681861
-73.141970 35.987796 57.923490
6
-53.756047 14.233852 83.112483
-65.341913 25.302190 71.345873
-65.881704 28.047536 69.806424
-43.720694 50.088546 74.696977
-42.651084 49.935770 75.414216
-42.926720 34.134644 83.618914
6
-74.498714 52.069279 41.698103
-71.190918 51.046545 48.229695
-73.141970 35.987796 57.923490
-82.382918 23.281755 51.681861
-93.194404 20.208944 30.106505
-93.365449 21.087144 28.952119
6
26.075918 -95.605530 -13.402578
30.243625 -94.096197 -15.206211
26.056060 -80.490123 -53.314368
25.864244 -80.512354 -53.374167
3.720837 -92.230342 -38.467121
2.599622 -97.233545 -23.213783
5
84.994389 -23.064542 -47.370674
96.305841 -6.126813 -26.223028
92.405789 -0.680746 -38.219195
87.806074 -0.222415 -47.854403
82.430820 -13.735950 -54.922523
5
16.373434 59.178244 78.929374
13.852117 50.894901 84.957801
-0.714426 47.605123 87.938853
-8.823901 63.808025 76.489704
13.774913 69.388227 70.679034
5
-74.541480 42.762419 -51.136516
-80.526582 48.807561 -33.664397
-89.209604 36.512194 -26.617782
-89.879516 22.054154 -37.885180
-84.903107 20.793723 -48.570397
6
86.696116 -35.781903 -34.690617
98.512056 -8.520928 -14.925436
98.545294 -7.174972 -15.405999
96.305841 -6.126813 -26.223028
84.994389 -23.064542 -47.370674
81.038805 -35.104525 -46.908256
5
30.601241 -12.978673 94.313934
33.998133 22.305649 91.359646
41.267755 24.666649 87.684256
52.693915 10.027899 84.396639
41.983750 -11.016198 90.088890
6
32.609387 -58.772482 74.043387
46.062953 -53.018702 71.184420
53.331347 -58.541525 61.062733
47.603633 -74.036266 47.460778
44.513537 -75.695213 47.841193
36.187253 -76.172297 53.742571
5
99.325810 10.385430 5.150375
95.221543 30.338885 3.522767
90.886231 41.545417 -3.697491
89.591485 35.838857 -26.247707
98.577472 -6.936048 -15.309255
6
-31.937080 73.803905 59.439099
-28.897766 81.472171 50.271309
-20.322455 85.290989 48.087889
-9.038874 80.020154 59.288057
-14.171386 72.506384 67.394332
-28.932424 70.245525 65.026771
8
75.344343 40.960455 51.434144
75.336131 41.023513 51.395902
76.717916 44.124263 46.555459
83.021559 45.328187 32.446513
88.061465 38.934697 27.004956
90.980471 31.363085 27.182913
91.954842 12.446719 37.274470
91.704281 12.416671 37.896585
10
-15.752980 91.428072 -37.319584
2.268655 92.646202 -37.570393
14.777750 95.308098 -26.419397
14.898194 95.608544 -25.239850
4.172087 99.778926 -5.172967
-3.363790 99.941388 -0.635578
-9.433067 99.552351 0.588868
-21.473265 97.282191 -8.664537
-27.070822 94.099806 -20.307562
-20.394090 92.156363 -33.034616
6
71.685950 -46.913552 51.577546
76.882647 -40.496582 49.488235
87.832340 -34.249458 33.353480
89.331508 -41.844891 16.397766
66.466307 -70.794150 23.883433
63.605783 -70.184965 32.068286
6
-42.926720 34.134644 83.618914
-42.651084 49.935770 75.414216
-32.040682 53.944742 77.867576
-29.060191 53.464101 79.354239
-14.910044 36.971097 91.710570
-27.769680 28.616058 91.705867
6
48.850969 -24.996389 -83.598824
50.690977 -29.546358 -80.978007
69.561475 -40.660965 -59.227419
73.277723 -16.024956 -66.133018
62.521202 -14.382412 -76.708836
49.380235 -21.802616 -84.179797
6
-89.341832 -5.208792 44.619564
-92.414742 2.015683 38.150392
-93.194404 20.208944 30.106505
-82.382918 23.281755 51.681861
-80.819987 5.846476 58.599902
-84.483538 -1.267784 53.487611
5
88.606228 7.650960 45.720884
84.764370 -7.001502 52.592590
80.044232 -10.081175 59.087146
73.252428 -3.271695 67.995425
73.402025 17.281335 65.677227
4
-18.409269 -8.411227 -97.930333
-15.381259 -10.395907 -98.261600
11.226240 -13.456390 -98.452512
6.361037 5.480204 -99.646899
5
94.801637 8.387470 30.696904
91.954842 12.446719 37.274470
90.980471 31.363085 27.182913
95.221543 30.338885 3.522767
99.325810 10.385430 5.150375
7
45.695663 80.115106 38.645520
39.264674 88.666472 24.424210
41.769252 89.719446 14.344010
44.214268 88.870720 12.128214
63.830536 76.128232 11.408550
69.238103 69.964119 17.638228
47.598084 78.135039 40.365060
5
69.313184 69.821824 -17.905177
61.905264 78.369111 -5.101056
49.296187 86.863114 -4.968428
46.262594 87.973616 -10.973389
50.599018 80.675863 -30.514660
8
92.405789 -0.680746 -38.219195
96.305841 -6.126813 -26.223028
98.545294 -7.174972 -15.405999
98.577472 -6.936048 -15.309255
89.591485 35.838857 -26.247707
85.022938 39.058912 -35.291662
82.562070 37.796060 -41.892272
82.389922 37.252264 -42.710298
5
76.717916 44.124263 46.555459
75.336131 41.023513 51.395902
64.563267 53.181332 54.802649
61.777499 65.049677 44.182351
70.051591 60.224456 38.285631
4
-15.381259 -10.395907 -98.261600
3.693679 -35.619546 -93.368114
16.508393 -17.863186 -96.996802
11.226240 -13.456390 -98.452512
6
-20.102373 95.088038 23.540594
-9.433067 99.552351 0.588868
-3.363790 99.941388 -0.635578
5.849585 97.564041 21.143325
-7.482368 93.816901 33.799457
-12.931458 93.378493 33.365169
7
18.229384 86.329455 47.062881
45.695663 80.115106 38.645520
47.598084 78.135039 40.365060
48.112398 76.420575 42.954545
44.640937 72.534288 52.401945
30.063926 71.451365 63.173276
19.478798 73.060270 65.442902
6
-92.429961 -3.912918 -37.965661
-95.682220 8.954191 -27.653846
-98.876012 5.868115 -13.751343
-99.393857 -0.957778 -10.951890
-95.334409 -20.699702 -21.974365
-91.580696 -12.229277 -38.254685
9
26.056060 -80.490123 -53.314368
30.350310 -77.877047 -54.900129
33.093657 -55.208846 -76.529688
21.910782 -48.973960 -84.388796
1.378954 -49.851527 -86.677123
0.962881 -50.129682 -86.522181
-0.302731 -56.785375 -82.312390
7.140899 -77.390045 -62.926851
25.864244 -80.512354 -53.374167
6
30.243625 -94.096197 -15.206211
38.897888 -91.346412 -11.949361
59.277889 -73.447284 -33.039798
58.367423 -66.003674 -47.294387
30.350310 -77.877047 -54.900129
26.056060 -80.490123 -53.314368
5
17.508037 98.106455 8.282033
16.034056 96.643338 20.074219
5.849585 97.564041 21.143325
-3.363790 99.941388 -0.635578
4.172087 99.778926 -5.172967
7
-52.757985 74.182260 -41.395499
-51.760579 75.009335 -41.163601
-50.291550 76.793949 -39.666728
-41.976079 89.241438 -16.552174
-48.700810 86.844398 -9.288793
-60.230924 77.734369 -18.154989
-63.091671 69.372078 -34.741270
6
62.521202 -14.382412 -76.708836
62.894240 15.123097 -76.260124
47.984957 12.082436 -86.899129
44.018785 7.556455 -89.472043
43.027781 -9.546222 -89.763465
49.380235 -21.802616 -84.179797
5
-15.752980 91.428072 -37.319584
-20.394090 92.156363 -33.034616
-50.291550 76.793949 -39.666728
-51.760579 75.009335 -41.163601
-24.591999 80.120650 -54.551948
7
-98.876012 5.868115 -13.751343
-95.682220 8.954191 -27.653846
-89.879516 22.054154 -37.885180
-89.209604 36.512194 -26.617782
-93.285742 36.008461 1.077523
-93.353945 35.821680 1.359470
-93.917064 34.284764 2.034703
5
50.690977 -29.546358 -80.978007
42.962846 -50.552080 -74.824335
64.956266 -54.482641 -53.031361
70.135413 -43.647094 -56.355612
69.561475 -40.660965 -59.227419
5
84.864740 -46.393486 -25.409061
92.226129 -38.346071 4.890806
96.877513 -24.721745 -1.892807
98.512056 -8.520928 -14.925436
86.696116 -35.781903 -34.690617
6
-80.782615 54.926509 21.383354
-93.353945 35.821680 1.359470
-93.285742 36.008461 1.077523
-78.499218 61.139519 -9.991591
-72.558994 68.771486 -2.382249
-69.443967 71.727672 5.716328
7
-78.073587 -62.485976 -0.132992
-80.924221 -58.744488 -0.596306
-91.018624 -40.316689 9.496036
-89.980308 -33.197137 28.310672
-79.771047 -45.898773 39.113715
-76.580057 -54.441422 34.229030
-73.547580 -67.551834 5.244349
6
-64.187558 45.656969 -61.606807
-63.455220 27.611696 -72.187459
-37.421662 39.540003 -83.882104
-37.028188 39.964840 -83.855381
-34.127293 47.901850 -80.874845
-46.730363 58.554814 -66.239014
4
55.060649 42.527561 71.831271
71.474849 35.269067 60.394030
71.372224 20.484395 66.980559
47.799881 32.975848 81.411085
6
-74.721272 -29.751196 59.427248
-79.663546 -45.846667 39.392925
-79.771047 -45.898773 39.113715
-89.980308 -33.197137 28.310672
-91.219953 -29.103025 28.843269
-89.378435 -10.564886 43.587595
4
5.737580 86.356805 -50.095732
-2.030113 65.682692 -75.376804
-1.801230 65.250023 -75.757443
33.238210 73.828232 -58.690830
7
52.116873 53.846466 66.214724
52.902584 55.673560 64.045072
64.563267 53.181332 54.802649
75.336131 41.023513 51.395902
75.344343 40.960455 51.434144
71.474849 35.269067 60.394030
55.060649 42.527561 71.831271
9
-26.115793 -71.766586 64.556352
-47.973430 -68.182503 55.224055
-55.491126 -55.980047 61.538356
-55.171764 -49.482789 67.138142
-39.616873 -43.742928 80.728307
-20.710442 -60.664680 76.752031
-19.264402 -63.165265 75.093489
-19.074064 -67.649032 71.132191
-19.955991 -68.739108 69.833326
6
-12.931458 93.378493 33.365169
-7.482368 93.816901 33.799457
6.730614 90.524592 41.952319
-1.249866 80.140567 59.799058
-9.038874 80.020154 59.288057
-20.322455 85.290989 48.087889
5
-99.393857 -0.957778 -10.951890
-99.318683 -8.643302 7.816167
-95.304843 -30.225976 -1.837721
-93.487209 -29.445453 -19.826930
-95.334409 -20.699702 -21.974365
7
-21.084836 -87.750859 43.072224
-26.115793 -71.766586 64.556352
-19.955991 -68.739108 69.833326
6.684474 -89.066481 44.971989
4.433686 -92.693735 37.258743
4.043079 -92.881202 36.833895
0.124047 -93.061882 36.598779
7
96.877513 -24.721745 -1.892807
95.903240 -4.227070 28.012504
94.801637 8.387470 30.696904
99.325810 10.385430 5.150375
98.577472 -6.936048 -15.309255
98.545294 -7.174972 -15.405999
98.512056 -8.520928 -14.925436
6
50.690977 -29.546358 -80.978007
48.850969 -24.996389 -83.598824
31.493710 -34.328814 -88.485472
21.910782 -48.973960 -84.388796
33.093657 -55.208846 -76.529688
42.962846 -50.552080 -74.824335
5
66.638976 17.803150 -72.403693
75.094670 4.185687 -65.903494
86.262262 2.191876 -50.537292
78.987656 33.503216 -51.366183
69.306626 30.580133 -65.279760
6
-95.334409 -20.699702 -21.974365
-93.487209 -29.445453 -19.826930
-89.355226 -37.805574 -24.215330
-83.797925 -41.941606 -34.911451
-84.253668 -19.085876 -50.369124
-91.580696 -12.229277 -38.254685
7
92.004107 -38.806145 5.415467
92.226129 -38.346071 4.890806
84.864740 -46.393486 -25.409061
78.650277 -54.814365 -28.452054
76.734757 -61.031940 -19.669250
78.390162 -61.487476 -8.618172
78.814831 -61.055703 -7.773252
5
4.043079 -92.881202 36.833895
10.906532 -98.936215 9.626679
-7.024358 -99.718570 2.620164
-21.497052 -96.142385 17.161545
0.124047 -93.061882 36.598779
5
-17.365292 19.736217 -96.482788
-37.028188 39.964840 -83.855381
-37.421662 39.540003 -83.882104
-44.503427 11.945566 -88.751048
-26.783648 3.305588 -96.289715
6
87.768527 47.919481 0.639540
90.886231 41.545417 -3.697491
95.221543 30.338885 3.522767
90.980471 31.363085 27.182913
88.061465 38.934697 27.004956
86.823020 49.479436 3.680856
6
-89.341832 -5.208792 44.619564
-84.483538 -1.267784 53.487611
-66.983469 -22.154436 70.868863
-68.367287 -27.173495 67.731198
-74.721272 -29.751196 59.427248
-89.378435 -10.564886 43.587595
6
49.380235 -21.802616 -84.179797
43.027781 -9.546222 -89.763465
20.989207 -15.037438 -96.609154
17.846830 -17.578819 -96.811548
31.493710 -34.328814 -88.485472
48.850969 -24.996389 -83.598824
7
-60.078564 -69.707513 39.133474
-76.580057 -54.441422 34.229030
-79.771047 -45.898773 39.113715
-79.663546 -45.846667 39.392925
-55.491126 -55.980047 61.538356
-47.973430 -68.182503 55.224055
-49.266976 -70.211886 51.410662
7
-61.309172 -32.577144 -71.971627
-60.751516 -29.325566 -73.819133
-68.082042 -21.839222 -69.913403
-77.320071 -15.630976 -61.459574
-84.253668 -19.085876 -50.369124
-83.797925 -41.941606 -34.911451
-80.714301 -45.777820 -37.277243
5
-45.176797 85.438450 25.677389
-39.103476 81.034621 43.638383
-53.538767 68.391820 49.559654
-56.888435 78.702448 23.866937
-55.758112 80.086756 21.843638
6
-16.157361 -86.688873 -47.159082
-21.252945 -92.968699 -30.085435
-18.076051 -94.791216 -26.227499
-6.263873 -97.414038 -21.708731
2.599622 -97.233545 -23.213783
3.720837 -92.230342 -38.467121
6
85.022938 39.058912 -35.291662
89.591485 35.838857 -26.247707
90.886231 41.545417 -3.697491
87.768527 47.919481 0.639540
70.315543 68.686815 -18.380583
71.373037 66.891011 -20.772151
7
43.874228 30.905017 84.379690
37.023396 42.901964 82.393505
35.972734 53.148294 76.689121
38.540797 55.966209 73.364777
52.116873 53.846466 66.214724
55.060649 42.527561 71.831271
47.799881 32.975848 81.411085
5
-93.487209 -29.445453 -19.826930
-95.304843 -30.225976 -1.837721
-91.018624 -40.316689 9.496036
-80.924221 -58.744488 -0.596306
-89.355226 -37.805574 -24.215330
5
-68.367287 -27.173495 67.731198
-55.171764 -49.482789 67.138142
-55.491126 -55.980047 61.538356
-79.663546 -45.846667 39.392925
-74.721272 -29.751196 59.427248
7
19.478798 73.060270 65.442902
30.063926 71.451365 63.173276
38.540797 55.966209 73.364777
35.972734 53.148294 76.689121
16.373434 59.178244 78.929374
13.774913 69.388227 70.679034
14.824834 71.346746 68.482597
6
15.719973 -45.802646 87.492857
21.024958 -57.120047 79.342620
11.843109 -70.912687 69.506342
-19.074064 -67.649032 71.132191
-19.264402 -63.165265 75.093489
13.976938 -45.704767 87.839168
6
-75.128627 54.436490 37.314313
-56.888435 78.702448 23.866937
-53.538767 68.391820 49.559654
-56.575048 60.391041 56.144333
-71.190918 51.046545 48.229695
-74.498714 52.069279 41.698103
7
47.598084 78.135039 40.365060
69.238103 69.964119 17.638228
74.440921 64.488511 17.314189
74.999758 62.911144 20.426067
70.051591 60.224456 38.285631
61.777499 65.049677 44.182351
48.112398 76.420575 42.954545
6
0.124047 -93.061882 36.598779
-21.497052 -96.142385 17.161545
-35.504013 -92.178242 15.576804
-38.572982 -88.162041 27.195211
-37.394204 -87.113715 31.825685
-21.084836 -87.750859 43.072224
4
63.724947 61.785764 -46.061377
82.562070 37.796060 -41.892272
85.022938 39.058912 -35.291662
71.373037 66.891011 -20.772151
6
66.784998 -48.712164 56.275120
55.421400 -32.863321 76.475293
59.228959 -25.843931 76.315278
72.840005 -24.901047 63.830021
76.882647 -40.496582 49.488235
71.685950 -46.913552 51.577546
6
-56.240894 60.363052 56.508970
-56.575048 60.391041 56.144333
-53.538767 68.391820 49.559654
-39.103476 81.034621 43.638383
-28.897766 81.472171 50.271309
-31.937080 73.803905 59.439099
6
-95.267124 22.457514 20.489879
-93.365449 21.087144 28.952119
-93.194404 20.208944 30.106505
-92.414742 2.015683 38.150392
-98.765712 -10.042300 12.020244
-99.246332 -8.494994 8.831794
5
71.587626 19.478898 67.050610
73.402025 17.281335 65.677227
73.252428 -3.271695 67.995425
63.678618 -4.644789 76.964015
58.612444 7.590816 80.665736
4
65.973873 -74.423672 -10.419462
78.390162 -61.487476 -8.618172
76.734757 -61.031940 -19.669250
65.344489 -71.958834 -23.495191
7
25.986167 -33.342581 90.625556
15.719973 -45.802646 87.492857
13.976938 -45.704767 87.839168
-6.544398 -33.993002 93.817092
-9.623696 -12.583112 98.737277
3.507267 -4.007683 99.858087
26.348833 -16.014914 95.127606
7
-46.674125 58.756409 -66.100003
-52.757985 74.182260 -41.395499
-63.091671 69.372078 -34.741270
-63.221695 69.257852 -34.732797
-67.505839 46.166944 -57.546286
-64.187558 45.656969 -61.606807
-46.730363 58.554814 -66.239014
4
61.905264 78.369111 -5.101056
63.830536 76.128232 11.408550
44.214268 88.870720 12.128214
49.296187 86.863114 -4.968428
6
-58.980775 -79.377853 -14.846703
-49.348234 -83.871693 -23.028047
-55.490820 -68.671688 -46.957088
-55.735782 -68.350879 -47.134699
-69.206220 -62.732045 -35.709798
-69.602807 -63.432454 -33.641835
7
-67.505839 46.166944 -57.546286
-74.541480 42.762419 -51.136516
-84.903107 20.793723 -48.570397
-81.530795 12.987054 -56.427528
-65.181622 20.954607 -72.885256
-63.455220 27.611696 -72.187459
-64.187558 45.656969 -61.606807
5
-89.378435 -10.564886 43.587595
-91.219953 -29.103025 28.843269
-98.765712 -10.042300 12.020244
-92.414742 2.015683 38.150392
-89.341832 -5.208792 44.619564
7
88.606228 7.650960 45.720884
91.704281 12.416671 37.896585
91.954842 12.446719 37.274470
94.801637 8.387470 30.696904
95.903240 -4.227070 28.012504
88.118307 -33.080766 33.776129
84.764370 -7.001502 52.592590
5
-34.127293 47.901850 -80.874845
-37.028188 39.964840 -83.855381
-17.365292 19.736217 -96.482788
-4.843903 26.911894 -96.188807
-4.927797 55.883972 -82.781027
7
2.599622 -97.233545 -23.213783
-6.263873 -97.414038 -21.708731
-8.058545 -99.669921 0.983161
-7.024358 -99.718570 2.620164
10.906532 -98.936215 9.626679
11.580725 -98.909017 9.104565
26.075918 -95.605530 -13.402578
4
-6.263873 -97.414038 -21.708731
-18.076051 -94.791216 -26.227499
-25.105149 -96.654882 -5.250260
-8.058545 -99.669921 0.983161
6
20.437690 24.017643 94.897069
15.617266 48.749808 85.904349
37.023396 42.901964 82.393505
43.874228 30.905017 84.379690
41.267755 24.666649 87.684256
33.998133 22.305649 91.359646
5
92.405789 -0.680746 -38.219195
82.389922 37.252264 -42.710298
78.987656 33.503216 -51.366183
86.262262 2.191876 -50.537292
87.806074 -0.222415 -47.854403
6
-41.587227 -88.660341 -20.244665
-49.348234 -83.871693 -23.028047
-58.980775 -79.377853 -14.846703
-63.314135 -77.369597 2.294710
-39.938797 -91.585695 4.117396
-39.578378 -91.775862 3.277681
8
20.989207 -15.037438 -96.609154
21.675636 12.533477 -96.814662
14.403079 17.418545 -97.412246
12.246927 17.266024 -97.733808
6.361037 5.480204 -99.646899
11.226240 -13.456390 -98.452512
16.508393 -17.863186 -96.996802
17.846830 -17.578819 -96.811548
