200
6
-38.493677 -15.198903 -91.034225
-25.094838 -5.177399 -96.661490
-24.854882 -4.487701 -96.757922
-36.439938 13.290324 -92.171027
-58.856471 18.365132 -78.731428
-57.681995 9.394819 -81.145085
6
-31.563502 87.332227 -37.105626
-6.755832 91.241531 -40.365106
6.869163 96.267752 -26.178896
-11.393783 98.177722 -15.209094
-21.395728 95.813814 -19.024614
-32.486338 89.316580 -31.099620
7
-66.642923 -30.583092 67.995553
-80.308391 -35.667403 47.732575
-91.452114 -22.896027 33.350904
-90.298350 -12.715204 41.043045
-72.869494 -8.637991 67.936897
-67.608650 -17.910016 71.472385
-65.006962 -27.725290 70.748874
5
56.377290 12.961507 81.569605
42.947556 -6.986167 90.037220
31.017698 -4.973902 94.937678
29.471519 7.272567 95.281369
49.407578 19.416738 84.745982
7
-40.708710 -54.796248 -73.076482
-55.024811 -55.094765 -62.744220
-56.536924 -60.245090 -56.339200
-30.959301 -82.921567 -46.535313
-30.150963 -82.772985 -47.323909
-16.955746 -67.953538 -71.378003
-17.640964 -67.355841 -71.777344
6
-34.476428 92.135731 17.955025
-53.723806 83.137783 14.207803
-56.848534 82.211505 3.084256
-44.638777 89.230198 -6.734337
-39.014730 91.971222 -4.375518
-36.743368 92.994323 -1.407430
5
-21.944418 -39.130526 89.371385
-48.129296 -31.190520 81.918999
-42.893042 -16.315609 88.848117
-20.802503 -26.414815 94.178094
-15.408938 -33.899256 92.808432
6
63.853835 70.148253 31.652969
54.253874 81.955021 18.436154
53.607483 84.133304 6.915550
54.786017 83.501634 5.096026
72.071334 69.320555 0.619323
71.193060 66.684327 22.017011
7
19.604511 37.791220 -90.484733
8.776862 42.284576 -90.194131
-5.235414 39.953615 -91.522124
-12.416818 30.329938 -94.477074
-6.854599 17.284006 -98.256184
20.558649 15.966624 -96.552622
20.780144 36.201878 -90.871391
6
74.658781 -47.381400 -46.701921
60.725677 -62.211686 -49.417590
52.433037 -75.294389 -39.768475
53.570538 -76.931159 -34.810835
59.063927 -75.667320 -28.034074
73.967722 -62.259005 -25.545887
6
-12.416818 30.329938 -94.477074
-16.733445 30.668858 -93.698522
-36.439938 13.290324 -92.171027
-24.854882 -4.487701 -96.757922
-9.254186 8.152730 -99.236551
-6.854599 17.284006 -98.256184
5
-6.854599 17.284006 -98.256184
-9.254186 8.152730 -99.236551
3.989305 -6.523811 -99.707198
27.938300 7.508499 -95.723946
20.558649 15.966624 -96.552622
5
-54.376551 -82.459248 -15.609713
-60.913302 -61.676553 -49.855516
-81.646663 -49.230640 -30.168967
-81.844444 -53.176137 -21.766613
-74.706952 -65.232693 -12.789335
5
11.688848 -79.100545 60.053931
-1.757626 -70.600938 70.798434
4.114933 -58.788855 80.789466
31.687540 -49.433582 80.945789
34.908930 -57.127092 74.282312
6
-62.464713 26.891500 -73.314438
-62.416083 26.706937 -73.423239
-35.112767 39.410802 -84.934577
-31.206427 50.214426 -80.651537
-38.066976 64.078888 -66.669344
-46.972032 62.470070 -62.378831
5
13.083286 -63.756803 -75.920338
-3.807509 -70.221824 -71.094291
-1.178651 -85.449155 -51.933156
16.919963 -84.097080 -51.394514
20.491136 -66.744126 -71.591445
7
95.977932 6.951579 -27.201325
91.254892 13.243197 -38.693183
90.504968 12.161296 -40.754799
88.969210 5.779947 -45.288762
85.852786 -17.773420 -48.097866
85.905604 -23.553095 -45.447540
96.682886 -18.485731 -17.626606
4
-54.195482 7.780840 83.679796
-68.916219 7.464795 72.075180
-49.180563 40.374527 77.143825
-37.593885 40.637513 83.278403
5
96.981466 -19.057079 -15.212594
99.869564 3.283990 -3.909672
99.724281 6.319792 -3.889461
95.977932 6.951579 -27.201325
96.682886 -18.485731 -17.626606
8
71.054752 8.845354 69.806747
73.521971 16.849549 65.655255
77.456724 21.229761 59.579804
85.763408 17.470155 48.367671
94.837217 -1.998806 31.652915
94.346948 -6.604298 32.481329
92.055313 -9.674001 37.844854
79.325454 -6.774033 60.511031
5
-85.023475 30.949955 -42.580618
-87.625447 41.867037 -23.852299
-89.796337 38.690182 -20.968731
-92.233537 12.924669 -36.413288
-90.961114 13.202894 -39.392377
5
-97.103687 4.956026 -23.373314
-92.233537 12.924669 -36.413288
-89.796337 38.690182 -20.968731
-93.007821 34.744973 -11.930305
-97.336923 5.410995 -22.276546
7
26.694944 -84.551682 46.242762
28.879324 -88.440334 36.664587
22.214888 -95.507089 19.618735
20.329689 -96.226888 18.085624
-3.107168 -92.786095 37.162967
-4.503381 -90.362329 42.595412
13.160075 -82.075973 55.590890
6
-31.206427 50.214426 -80.651537
-35.112767 39.410802 -84.934577
-16.733445 30.668858 -93.698522
-12.416818 30.329938 -94.477074
-5.235414 39.953615 -91.522124
-11.166652 58.535633 -80.304954
7
42.551977 68.684340 58.921903
16.736982 79.775027 57.929426
16.094103 80.203852 57.518015
17.260246 83.764615 51.822517
35.555261 87.627405 32.515554
39.518328 85.871218 32.625691
52.499255 69.680804 48.871401
6
-84.620684 42.507424 32.131897
-80.584363 42.489295 41.241002
-77.087222 21.022854 60.129858
-77.542078 18.624664 60.335297
-89.805430 19.357040 39.500504
-87.747500 36.240376 31.416739
7
-4.503381 -90.362329 42.595412
-16.549370 -88.411943 43.697217
-24.087488 -81.314040 52.988865
-19.950956 -69.544374 69.032886
-1.757626 -70.600938 70.798434
11.688848 -79.100545 60.053931
13.160075 -82.075973 55.590890
5
-45.137731 86.798526 -20.702683
-32.486338 89.316580 -31.099620
-21.395728 95.813814 -19.024614
-39.014730 91.971222 -4.375518
-44.638777 89.230198 -6.734337
7
-6.467126 55.431309 82.979192
-19.146909 59.628501 77.960488
-14.460584 71.981230 67.893991
-8.900518 77.993876 61.949464
16.094103 80.203852 57.518015
16.736982 79.775027 57.929426
18.332945 52.330793 83.218936
6
-81.063235 52.208503 -26.514604
-87.625447 41.867037 -23.852299
-85.023475 30.949955 -42.580618
-73.010894 38.451700 -56.487841
-73.015891 38.510054 -56.441610
-79.807585 53.081944 -28.514147
6
48.605168 49.849386 -71.781449
65.688524 54.476464 -52.128041
51.344648 75.882370 -40.069852
46.706905 78.757809 -40.195430
42.569333 75.930221 -49.218426
41.249622 57.432954 -70.710144
7
-8.848075 81.557423 -57.184774
-17.152907 75.659637 -63.098314
-17.560449 74.061115 -64.858167
-11.633561 68.481974 -71.936635
15.229586 70.702434 -69.059580
15.516536 79.597768 -58.510105
13.385535 81.245579 -56.744897
7
-26.083354 -37.228536 -89.071290
-17.414997 -32.502207 -92.953345
-11.709513 -20.079848 -97.260922
-25.094838 -5.177399 -96.661490
-38.493677 -15.198903 -91.034225
-40.302725 -22.611670 -88.681468
-32.029947 -36.409934 -87.455127
6
72.029788 50.788854 47.246185
60.187062 45.408443 65.693157
43.393305 58.355899 68.641170
42.551977 68.684340 58.921903
52.499255 69.680804 48.871401
61.886436 65.512040 43.338685
7
24.311740 -87.379661 -42.115722
16.919963 -84.097080 -51.394514
-1.178651 -85.449155 -51.933156
-2.263274 -86.312029 -50.449096
-0.995368 -92.624960 -37.677926
20.728431 -91.666240 -34.170638
22.894936 -90.498995 -35.857409
6
15.288437 97.359921 16.950203
13.264097 98.376936 12.084791
16.753828 98.543300 2.920151
34.672443 93.796447 0.219563
43.181478 89.899565 7.309462
29.572535 93.017520 21.753304
6
90.991988 41.238754 4.452333
95.111141 29.930987 7.616230
94.583489 22.223313 23.666176
89.386347 31.326030 32.074301
84.048756 42.019372 34.207879
90.709123 41.847782 4.540713
5
13.832181 -98.743067 -7.647056
20.728431 -91.666240 -34.170638
-0.995368 -92.624960 -37.677926
-13.864169 -96.549469 -22.045063
-13.578187 -96.708257 -21.520825
6
-65.006962 -27.725290 70.748874
-67.608650 -17.910016 71.472385
-45.924544 -5.734961 88.645623
-42.893042 -16.315609 88.848117
-48.129296 -31.190520 81.918999
-54.828438 -33.469910 76.639465
7
20.780144 36.201878 -90.871391
38.999924 33.887295 -85.619257
50.652703 44.064824 -74.112043
48.605168 49.849386 -71.781449
41.249622 57.432954 -70.710144
33.292742 58.490236 -73.962731
19.604511 37.791220 -90.484733
5
79.325454 -6.774033 60.511031
92.055313 -9.674001 37.844854
85.469532 -28.184704 43.595660
80.016829 -31.360120 51.125825
75.894287 -18.471892 62.440743
4
40.298681 -31.600418 -85.891966
44.138731 -57.897907 -68.553664
65.098940 -39.382398 -64.893411
55.249359 -23.570787 -79.949524
6
-37.345963 40.706664 83.356143
-19.562760 16.101677 96.736934
-27.089406 5.020960 96.129881
-45.328071 -3.928306 89.050179
-54.195482 7.780840 83.679796
-37.593885 40.637513 83.278403
6
-58.687942 68.958124 -42.432329
-73.015891 38.510054 -56.441610
-73.010894 38.451700 -56.487841
-62.464713 26.891500 -73.314438
-46.972032 62.470070 -62.378831
-53.472182 70.056062 -47.253296
5
-27.089406 5.020960 96.129881
-20.802503 -26.414815 94.178094
-42.893042 -16.315609 88.848117
-45.924544 -5.734961 88.645623
-45.328071 -3.928306 89.050179
6
15.486557 -98.683933 -4.652740
39.839482 -91.156094 -10.167707
40.150258 -88.221595 -24.594858
22.894936 -90.498995 -35.857409
20.728431 -91.666240 -34.170638
13.832181 -98.743067 -7.647056
6
-67.681242 73.449505 -4.941637
-78.645074 60.695600 -11.445371
-81.063235 52.208503 -26.514604
-79.807585 53.081944 -28.514147
-61.100993 69.359931 -38.155847
-59.594783 75.664778 -26.894296
6
78.659727 57.460328 -22.604382
78.614124 60.791704 -11.143978
49.385341 84.651583 -19.879579
42.016307 85.568550 -30.210150
46.706905 78.757809 -40.195430
51.344648 75.882370 -40.069852
5
60.187062 45.408443 65.693157
59.591807 37.376985 71.075857
50.320880 35.552021 78.764604
36.647688 50.254713 78.303325
43.393305 58.355899 68.641170
6
3.147384 -40.948763 -91.177260
1.486712 -38.982304 -92.076977
-17.414997 -32.502207 -92.953345
-26.083354 -37.228536 -89.071290
-14.790154 -48.400663 -86.247476
3.377529 -45.791233 -88.835552
8
99.869564 3.283990 -3.909672
96.383595 -22.287169 14.611116
96.282304 -22.390956 15.111688
94.346948 -6.604298 32.481329
94.837217 -1.998806 31.652915
96.183320 4.146632 27.047630
99.666187 7.665416 -2.809390
99.724281 6.319792 -3.889461
6
13.264097 98.376936 12.084791
15.288437 97.359921 16.950203
8.556965 94.107093 32.720536
-16.328011 93.043288 32.807660
-21.378184 94.588344 24.413489
-11.962215 98.850053 9.250540
6
-71.163570 -67.702382 18.765228
-71.585356 -66.658379 20.789356
-56.772602 -73.598397 36.880179
-44.116945 -85.133227 28.390646
-42.969549 -86.877474 24.615490
-68.652013 -70.590754 17.431192
8
36.599647 -31.305482 -87.638077
40.298681 -31.600418 -85.891966
55.249359 -23.570787 -79.949524
59.944957 -12.338922 -79.084468
47.491684 7.326753 -87.697541
40.438661 8.905371 -91.024222
30.244389 6.310749 -95.107578
27.292000 -23.384978 -93.318216
7
59.816653 -79.771625 -7.645639
59.063927 -75.667320 -28.034074
53.570538 -76.931159 -34.810835
40.150258 -88.221595 -24.594858
39.839482 -91.156094 -10.167707
45.721801 -88.760144 -5.581559
59.691610 -79.881414 -7.474719
6
-46.972032 62.470070 -62.378831
-38.066976 64.078888 -66.669344
-17.560449 74.061115 -64.858167
-17.152907 75.659637 -63.098314
-33.493238 84.228989 -42.233640
-53.472182 70.056062 -47.253296
4
38.799042 -58.764976 71.002196
57.626235 -52.241012 62.849771
57.719705 -68.185764 44.934812
43.578893 -73.365805 52.137690
7
65.688524 54.476464 -52.128041
48.605168 49.849386 -71.781449
50.652703 44.064824 -74.112043
63.056369 28.771520 -72.083937
64.186090 28.297026 -71.270080
74.405130 32.903474 -58.148414
74.361920 47.980686 -46.563491
5
15.288437 97.359921 16.950203
29.572535 93.017520 21.753304
35.555261 87.627405 32.515554
17.260246 83.764615 51.822517
8.556965 94.107093 32.720536
7
-37.345963 40.706664 83.356143
-29.901864 51.654094 80.235485
-19.146909 59.628501 77.960488
-6.467126 55.431309 82.979192
3.688515 21.768936 97.532088
-8.073918 14.935217 98.548217
-19.562760 16.101677 96.736934
6
81.832772 44.566645 36.293410
84.048756 42.019372 34.207879
89.386347 31.326030 32.074301
85.763408 17.470155 48.367671
77.456724 21.229761 59.579804
75.406937 47.170550 45.702659
7
62.295933 -68.010810 38.649015
57.719705 -68.185764 44.934812
57.626235 -52.241012 62.849771
63.204215 -43.852988 63.891648
74.665818 -55.250330 37.046141
74.754017 -56.964858 34.159069
65.574792 -66.616160 35.527929
6
-16.037543 -97.795677 -13.371718
-9.186231 -98.594975 13.951491
13.937135 -98.767432 7.123950
15.486557 -98.683933 -4.652740
13.832181 -98.743067 -7.647056
-13.578187 -96.708257 -21.520825
5
77.096263 -35.762981 52.698913
64.046802 -40.781094 65.076182
64.716031 -28.677206 70.636062
75.894287 -18.471892 62.440743
80.016829 -31.360120 51.125825
6
57.719705 -68.185764 44.934812
62.295933 -68.010810 38.649015
43.417222 -84.776128 30.462322
28.879324 -88.440334 36.664587
26.694944 -84.551682 46.242762
43.578893 -73.365805 52.137690
8
78.869879 60.868765 -8.633402
78.614124 60.791704 -11.143978
78.659727 57.460328 -22.604382
80.446229 52.713238 -27.380993
93.233752 32.679710 -15.475919
90.991988 41.238754 4.452333
90.709123 41.847782 4.540713
85.212560 52.324608 0.977297
6
-8.900518 77.993876 61.949464
-16.796456 86.044679 48.106052
-16.328011 93.043288 32.807660
8.556965 94.107093 32.720536
17.260246 83.764615 51.822517
16.094103 80.203852 57.518015
5
72.655264 9.882232 -67.996721
88.969210 5.779947 -45.288762
90.504968 12.161296 -40.754799
74.405130 32.903474 -58.148414
64.186090 28.297026 -71.270080
6
-37.433559 -91.535041 14.834584
-36.615553 -91.404522 17.450349
-34.667129 -92.003232 18.264596
-10.848805 -98.222943 15.315252
-9.186231 -98.594975 13.951491
-16.037543 -97.795677 -13.371718
6
96.282304 -22.390956 15.111688
85.511974 -48.330356 18.758437
82.690167 -50.143689 25.454799
85.469532 -28.184704 43.595660
92.055313 -9.674001 37.844854
94.346948 -6.604298 32.481329
5
-17.640964 -67.355841 -71.777344
-14.790154 -48.400663 -86.247476
-26.083354 -37.228536 -89.071290
-32.029947 -36.409934 -87.455127
-40.708710 -54.796248 -73.076482
5
72.071334 69.320555 0.619323
78.869879 60.868765 -8.633402
85.212560 52.324608 0.977297
80.155723 55.824346 21.417341
71.193060 66.684327 22.017011
6
24.311740 -87.379661 -42.115722
22.894936 -90.498995 -35.857409
40.150258 -88.221595 -24.594858
53.570538 -76.931159 -34.810835
52.433037 -75.294389 -39.768475
39.836192 -77.763590 -48.640537
8
-55.024811 -55.094765 -62.744220
-58.240875 -49.769786 -64.272614
-71.630165 -33.686256 -61.109375
-82.366463 -36.350292 -43.524959
-84.143311 -42.779281 -33.012670
-81.646663 -49.230640 -30.168967
-60.913302 -61.676553 -49.855516
-56.536924 -60.245090 -56.339200
5
16.919963 -84.097080 -51.394514
24.311740 -87.379661 -42.115722
39.836192 -77.763590 -48.640537
33.103797 -66.036861 -67.403795
20.491136 -66.744126 -71.591445
5
-89.827587 -32.753238 -29.295562
-84.143311 -42.779281 -33.012670
-82.366463 -36.350292 -43.524959
-86.559044 -12.695278 -48.439259
-93.436450 -15.317562 -32.171448
8
38.799042 -58.764976 71.002196
34.908930 -57.127092 74.282312
31.687540 -49.433582 80.945789
33.190941 -41.365969 84.777462
33.481205 -41.222869 84.733016
63.888564 -41.073175 65.048026
63.204215 -43.852988 63.891648
57.626235 -52.241012 62.849771
7
13.385535 81.245579 -56.744897
15.516536 79.597768 -58.510105
42.569333 75.930221 -49.218426
46.706905 78.757809 -40.195430
42.016307 85.568550 -30.210150
36.507006 88.677284 -28.347448
13.132914 95.302495 -27.293972
6
20.780144 36.201878 -90.871391
20.558649 15.966624 -96.552622
27.938300 7.508499 -95.723946
30.244389 6.310749 -95.107578
40.438661 8.905371 -91.024222
38.999924 33.887295 -85.619257
5
23.860785 -23.726812 -94.168473
4.315853 -15.433672 -98.707523
-1.393959 -19.784820 -98.013355
1.486712 -38.982304 -92.076977
3.147384 -40.948763 -91.177260
6
76.818237 -41.954603 -48.360829
65.098940 -39.382398 -64.893411
44.138731 -57.897907 -68.553664
44.136341 -57.902889 -68.550995
60.725677 -62.211686 -49.417590
74.658781 -47.381400 -46.701921
5
90.991988 41.238754 4.452333
93.233752 32.679710 -15.475919
94.780961 26.745168 -17.357001
98.431087 17.469211 -2.479476
95.111141 29.930987 7.616230
6
29.572535 93.017520 21.753304
43.181478 89.899565 7.309462
53.607483 84.133304 6.915550
54.253874 81.955021 18.436154
39.518328 85.871218 32.625691
35.555261 87.627405 32.515554
8
13.033436 -58.073702 -80.359036
13.083286 -63.756803 -75.920338
20.491136 -66.744126 -71.591445
33.103797 -66.036861 -67.403795
44.136341 -57.902889 -68.550995
44.138731 -57.897907 -68.553664
40.298681 -31.600418 -85.891966
36.599647 -31.305482 -87.638077
5
-56.954527 77.757055 26.646245
-75.588320 63.334624 16.587082
-67.056129 74.122709 -3.049528
-56.848534 82.211505 3.084256
-53.723806 83.137783 14.207803
7
-87.747500 36.240376 31.416739
-98.492736 14.414514 9.560477
-93.721008 34.618451 -4.235047
-87.210274 48.340146 7.589361
-82.580256 51.901575 22.061910
-82.585091 51.692986 22.528601
-84.620684 42.507424 32.131897
7
71.193060 66.684327 22.017011
80.155723 55.824346 21.417341
81.832772 44.566645 36.293410
75.406937 47.170550 45.702659
72.029788 50.788854 47.246185
61.886436 65.512040 43.338685
63.853835 70.148253 31.652969
6
16.736982 79.775027 57.929426
42.551977 68.684340 58.921903
43.393305 58.355899 68.641170
36.647688 50.254713 78.303325
23.396541 47.649550 84.747403
18.332945 52.330793 83.218936
4
-63.135668 -51.485110 57.992853
-70.849575 -54.199478 45.196840
-80.308391 -35.667403 47.732575
-66.642923 -30.583092 67.995553
7
-48.528354 -68.416442 54.444369
-46.060507 -60.827504 64.640889
-41.543033 -59.033627 69.204100
-30.786992 -60.555856 73.383577
-19.950956 -69.544374 69.032886
-24.087488 -81.314040 52.988865
-39.041632 -79.404983 46.589694
6
-67.056129 74.122709 -3.049528
-75.588320 63.334624 16.587082
-82.580256 51.901575 22.061910
-87.210274 48.340146 7.589361
-78.645074 60.695600 -11.445371
-67.681242 73.449505 -4.941637
6
80.872746 -58.418248 -6.848889
59.816653 -79.771625 -7.645639
59.691610 -79.881414 -7.474719
62.646275 -76.675797 14.009512
83.080147 -55.656843 0.070978
82.927473 -55.740677 -4.001388
7
55.447282 -19.091828 81.000624
70.147375 8.480287 70.763200
71.054752 8.845354 69.806747
79.325454 -6.774033 60.511031
75.894287 -18.471892 62.440743
64.716031 -28.677206 70.636062
55.461473 -19.468292 80.901240
5
84.048756 42.019372 34.207879
81.832772 44.566645 36.293410
80.155723 55.824346 21.417341
85.212560 52.324608 0.977297
90.709123 41.847782 4.540713
4
-58.687942 68.958124 -42.432329
-61.100993 69.359931 -38.155847
-79.807585 53.081944 -28.514147
-73.015891 38.510054 -56.441610
6
59.691610 -79.881414 -7.474719
45.721801 -88.760144 -5.581559
44.162572 -89.097859 10.546974
50.540013 -84.589025 17.041241
61.626124 -76.964310 16.694786
62.646275 -76.675797 14.009512
5
28.879324 -88.440334 36.664587
43.417222 -84.776128 30.462322
50.540013 -84.589025 17.041241
44.162572 -89.097859 10.546974
22.214888 -95.507089 19.618735
6
43.578893 -73.365805 52.137690
26.694944 -84.551682 46.242762
13.160075 -82.075973 55.590890
11.688848 -79.100545 60.053931
34.908930 -57.127092 74.282312
38.799042 -58.764976 71.002196
7
-38.504996 74.574654 54.368982
-45.797710 67.096007 58.315483
-53.530448 65.277594 53.603423
-57.004705 71.935385 39.695894
-54.192568 75.995348 35.886943
-44.988020 80.544639 38.582887
-39.353219 80.164906 44.999023
6
-38.066976 64.078888 -66.669344
-31.206427 50.214426 -80.651537
-11.166652 58.535633 -80.304954
-10.392388 60.898709 -78.634252
-11.633561 68.481974 -71.936635
-17.560449 74.061115 -64.858167
5
-91.253073 -1.834557 40.859651
-77.404547 17.197195 60.932689
-71.514739 5.834985 69.653393
-72.869494 -8.637991 67.936897
-90.298350 -12.715204 41.043045
6
-11.962215 98.850053 9.250540
-21.378184 94.588344 24.413489
-28.245418 93.033101 23.388853
-34.476428 92.135731 17.955025
-36.743368 92.994323 -1.407430
-14.068363 98.998588 1.166512
5
-74.706952 -65.232693 -12.789335
-81.844444 -53.176137 -21.766613
-92.369021 -38.240360 2.374639
-92.231318 -37.498444 9.340811
-77.292461 -63.322292 4.020295
7
82.927473 -55.740677 -4.001388
83.080147 -55.656843 0.070978
85.511974 -48.330356 18.758437
96.282304 -22.390956 15.111688
96.383595 -22.287169 14.611116
96.460875 -24.609630 -9.469201
88.538973 -44.728618 -12.657053
7
36.507006 88.677284 -28.347448
42.016307 85.568550 -30.210150
49.385341 84.651583 -19.879579
54.786017 83.501634 5.096026
53.607483 84.133304 6.915550
43.181478 89.899565 7.309462
34.672443 93.796447 0.219563
4
55.447282 -19.091828 81.000624
42.947556 -6.986167 90.037220
56.377290 12.961507 81.569605
70.147375 8.480287 70.763200
8
-59.594783 75.664778 -26.894296
-61.100993 69.359931 -38.155847
-58.687942 68.958124 -42.432329
-53.472182 70.056062 -47.253296
-33.493238 84.228989 -42.233640
-31.563502 87.332227 -37.105626
-32.486338 89.316580 -31.099620
-45.137731 86.798526 -20.702683
6
-52.792380 -83.640436 -14.739132
-32.158338 -89.778004 -30.095702
-30.959301 -82.921567 -46.535313
-56.536924 -60.245090 -56.339200
-60.913302 -61.676553 -49.855516
-54.376551 -82.459248 -15.609713
5
15.229586 70.702434 -69.059580
-11.633561 68.481974 -71.936635
-10.392388 60.898709 -78.634252
12.503063 58.425956 -80.187786
20.815880 63.754551 -74.175847
5
61.626124 -76.964310 16.694786
50.540013 -84.589025 17.041241
43.417222 -84.776128 30.462322
62.295933 -68.010810 38.649015
65.574792 -66.616160 35.527929
5
10.824131 95.957278 -25.981514
13.132914 95.302495 -27.293972
36.507006 88.677284 -28.347448
34.672443 93.796447 0.219563
16.753828 98.543300 2.920151
7
62.646275 -76.675797 14.009512
61.626124 -76.964310 16.694786
65.574792 -66.616160 35.527929
74.754017 -56.964858 34.159069
82.690167 -50.143689 25.454799
85.511974 -48.330356 18.758437
83.080147 -55.656843 0.070978
6
-63.135668 -51.485110 57.992853
-66.642923 -30.583092 67.995553
-65.006962 -27.725290 70.748874
-54.828438 -33.469910 76.639465
-41.543033 -59.033627 69.204100
-46.060507 -60.827504 64.640889
5
80.446229 52.713238 -27.380993
80.589346 49.521066 -32.450290
91.475567 16.624875 -36.821653
94.780961 26.745168 -17.357001
93.233752 32.679710 -15.475919
6
-52.914606 -24.592869 -81.211054
-63.214602 -17.060846 -75.583342
-70.116035 -19.293015 -68.640522
-72.897832 -25.197268 -63.647496
-71.630165 -33.686256 -61.109375
-58.240875 -49.769786 -64.272614
8
-96.086017 -9.486842 -26.028390
-93.436450 -15.317562 -32.171448
-86.559044 -12.695278 -48.439259
-86.531289 -12.647708 -48.501253
-83.992585 5.543702 -53.986229
-90.961114 13.202894 -39.392377
-92.233537 12.924669 -36.413288
-97.103687 4.956026 -23.373314
8
59.944957 -12.338922 -79.084468
55.249359 -23.570787 -79.949524
65.098940 -39.382398 -64.893411
76.818237 -41.954603 -48.360829
81.625301 -35.694387 -45.422693
85.905604 -23.553095 -45.447540
85.852786 -17.773420 -48.097866
65.380557 -9.704383 -75.041373
7
15.334688 24.343605 95.771792
29.471519 7.272567 95.281369
31.017698 -4.973902 94.937678
15.335829 -23.136182 96.070440
8.636666 -23.005932 96.933663
-8.073918 14.935217 98.548217
3.688515 21.768936 97.532088
4
80.872746 -58.418248 -6.848889
73.967722 -62.259005 -25.545887
59.063927 -75.667320 -28.034074
59.816653 -79.771625 -7.645639
7
91.254892 13.243197 -38.693183
95.977932 6.951579 -27.201325
99.724281 6.319792 -3.889461
99.666187 7.665416 -2.809390
98.431087 17.469211 -2.479476
94.780961 26.745168 -17.357001
91.475567 16.624875 -36.821653
5
95.111141 29.930987 7.616230
98.431087 17.469211 -2.479476
99.666187 7.665416 -2.809390
96.183320 4.146632 27.047630
94.583489 22.223313 23.666176
7
-63.505624 66.477823 39.341261
-82.585091 51.692986 22.528601
-82.580256 51.901575 22.061910
-75.588320 63.334624 16.587082
-56.954527 77.757055 26.646245
-54.192568 75.995348 35.886943
-57.004705 71.935385 39.695894
6
-99.782318 4.439814 4.876166
-99.461800 -6.802487 7.815140
-97.474856 -17.883616 -13.372685
-96.086017 -9.486842 -26.028390
-97.103687 4.956026 -23.373314
-97.336923 5.410995 -22.276546
5
-82.585091 51.692986 22.528601
-63.505624 66.477823 39.341261
-70.284250 48.811537 51.745126
-80.584363 42.489295 41.241002
-84.620684 42.507424 32.131897
7
74.658781 -47.381400 -46.701921
73.967722 -62.259005 -25.545887
80.872746 -58.418248 -6.848889
82.927473 -55.740677 -4.001388
88.538973 -44.728618 -12.657053
81.625301 -35.694387 -45.422693
76.818237 -41.954603 -48.360829
6
41.249622 57.432954 -70.710144
42.569333 75.930221 -49.218426
15.516536 79.597768 -58.510105
15.229586 70.702434 -69.059580
20.815880 63.754551 -74.175847
33.292742 58.490236 -73.962731
5
-30.150963 -82.772985 -47.323909
-2.263274 -86.312029 -50.449096
-1.178651 -85.449155 -51.933156
-3.807509 -70.221824 -71.094291
-16.955746 -67.953538 -71.378003
7
-11.962215 98.850053 9.250540
-14.068363 98.998588 1.166512
-11.393783 98.177722 -15.209094
6.869163 96.267752 -26.178896
10.824131 95.957278 -25.981514
16.753828 98.543300 2.920151
13.264097 98.376936 12.084791
6
33.190941 -41.365969 84.777462
31.687540 -49.433582 80.945789
4.114933 -58.788855 80.789466
-8.424924 -33.754798 93.753049
8.636666 -23.005932 96.933663
15.335829 -23.136182 96.070440
6
88.538973 -44.728618 -12.657053
96.460875 -24.609630 -9.469201
96.981466 -19.057079 -15.212594
96.682886 -18.485731 -17.626606
85.905604 -23.553095 -45.447540
81.625301 -35.694387 -45.422693
7
-93.721008 34.618451 -4.235047
-93.007821 34.744973 -11.930305
-89.796337 38.690182 -20.968731
-87.625447 41.867037 -23.852299
-81.063235 52.208503 -26.514604
-78.645074 60.695600 -11.445371
-87.210274 48.340146 7.589361
5
-3.107168 -92.786095 37.162967
-10.848805 -98.222943 15.315252
-34.667129 -92.003232 18.264596
-16.549370 -88.411943 43.697217
-4.503381 -90.362329 42.595412
5
64.716031 -28.677206 70.636062
64.046802 -40.781094 65.076182
63.888564 -41.073175 65.048026
33.481205 -41.222869 84.733016
55.461473 -19.468292 80.901240
8
70.147375 8.480287 70.763200
56.377290 12.961507 81.569605
49.407578 19.416738 84.745982
47.746081 24.550986 84.365638
50.320880 35.552021 78.764604
59.591807 37.376985 71.075857
73.521971 16.849549 65.655255
71.054752 8.845354 69.806747
7
45.721801 -88.760144 -5.581559
39.839482 -91.156094 -10.167707
15.486557 -98.683933 -4.652740
13.937135 -98.767432 7.123950
20.329689 -96.226888 18.085624
22.214888 -95.507089 19.618735
44.162572 -89.097859 10.546974
5
-30.786992 -60.555856 73.383577
-41.543033 -59.033627 69.204100
-54.828438 -33.469910 76.639465
-48.129296 -31.190520 81.918999
-21.944418 -39.130526 89.371385
5
-19.146909 59.628501 77.960488
-29.901864 51.654094 80.235485
-45.797710 67.096007 58.315483
-38.504996 74.574654 54.368982
-14.460584 71.981230 67.893991
5
-97.474856 -17.883616 -13.372685
-95.282159 -27.827693 -12.121453
-89.827587 -32.753238 -29.295562
-93.436450 -15.317562 -32.171448
-96.086017 -9.486842 -26.028390
5
-70.706833 -56.060350 43.101983
-57.706196 -68.497485 44.475717
-56.772602 -73.598397 36.880179
-71.585356 -66.658379 20.789356
-75.954347 -58.605127 28.220141
5
-57.681995 9.394819 -81.145085
-63.214602 -17.060846 -75.583342
-52.914606 -24.592869 -81.211054
-40.302725 -22.611670 -88.681468
-38.493677 -15.198903 -91.034225
5
-48.528354 -68.416442 54.444369
-39.041632 -79.404983 46.589694
-44.116945 -85.133227 28.390646
-56.772602 -73.598397 36.880179
-57.706196 -68.497485 44.475717
6
85.469532 -28.184704 43.595660
82.690167 -50.143689 25.454799
74.754017 -56.964858 34.159069
74.665818 -55.250330 37.046141
77.096263 -35.762981 52.698913
80.016829 -31.360120 51.125825
8
-99.782318 4.439814 4.876166
-98.530330 14.153770 9.562684
-92.689161 7.299642 36.816227
-91.253073 -1.834557 40.859651
-90.298350 -12.715204 41.043045
-91.452114 -22.896027 33.350904
-93.746864 -26.462616 22.610958
-99.461800 -6.802487 7.815140
5
-78.363797 8.806892 -61.494341
-83.992585 5.543702 -53.986229
-86.531289 -12.647708 -48.501253
-72.897832 -25.197268 -63.647496
-70.116035 -19.293015 -68.640522
7
3.377529 -45.791233 -88.835552
-14.790154 -48.400663 -86.247476
-17.640964 -67.355841 -71.777344
-16.955746 -67.953538 -71.378003
-3.807509 -70.221824 -71.094291
13.083286 -63.756803 -75.920338
13.033436 -58.073702 -80.359036
6
23.860785 -23.726812 -94.168473
3.147384 -40.948763 -91.177260
3.377529 -45.791233 -88.835552
13.033436 -58.073702 -80.359036
36.599647 -31.305482 -87.638077
27.292000 -23.384978 -93.318216
5
20.329689 -96.226888 18.085624
13.937135 -98.767432 7.123950
-9.186231 -98.594975 13.951491
-10.848805 -98.222943 15.315252
-3.107168 -92.786095 37.162967
6
-62.416083 26.706937 -73.423239
-62.601448 25.656942 -73.639527
-58.856471 18.365132 -78.731428
-36.439938 13.290324 -92.171027
-16.733445 30.668858 -93.698522
-35.112767 39.410802 -84.934577
5
-14.460584 71.981230 67.893991
-38.504996 74.574654 54.368982
-39.353219 80.164906 44.999023
-16.796456 86.044679 48.106052
-8.900518 77.993876 61.949464
7
-52.792380 -83.640436 -14.739132
-54.376551 -82.459248 -15.609713
-74.706952 -65.232693 -12.789335
-77.292461 -63.322292 4.020295
-71.163570 -67.702382 18.765228
-68.652013 -70.590754 17.431192
-52.147496 -84.743691 -9.957180
6
-40.708710 -54.796248 -73.076482
-32.029947 -36.409934 -87.455127
-40.302725 -22.611670 -88.681468
-52.914606 -24.592869 -81.211054
-58.240875 -49.769786 -64.272614
-55.024811 -55.094765 -62.744220
5
-62.536669 48.319305 61.273239
-58.996507 42.855082 68.431383
-77.087222 21.022854 60.129858
-80.584363 42.489295 41.241002
-70.284250 48.811537 51.745126
5
49.407578 19.416738 84.745982
29.471519 7.272567 95.281369
15.334688 24.343605 95.771792
21.900349 34.408712 91.303972
47.746081 24.550986 84.365638
6
-57.681995 9.394819 -81.145085
-58.856471 18.365132 -78.731428
-62.601448 25.656942 -73.639527
-78.363797 8.806892 -61.494341
-70.116035 -19.293015 -68.640522
-63.214602 -17.060846 -75.583342
5
-87.747500 36.240376 31.416739
-89.805430 19.357040 39.500504
-92.689161 7.299642 36.816227
-98.530330 14.153770 9.562684
-98.492736 14.414514 9.560477
5
74.665818 -55.250330 37.046141
63.204215 -43.852988 63.891648
63.888564 -41.073175 65.048026
64.046802 -40.781094 65.076182
77.096263 -35.762981 52.698913
6
72.655264 9.882232 -67.996721
64.186090 28.297026 -71.270080
63.056369 28.771520 -72.083937
47.491684 7.326753 -87.697541
59.944957 -12.338922 -79.084468
65.380557 -9.704383 -75.041373
5
-33.493238 84.228989 -42.233640
-17.152907 75.659637 -63.098314
-8.848075 81.557423 -57.184774
-6.755832 91.241531 -40.365106
-31.563502 87.332227 -37.105626
6
27.292000 -23.384978 -93.318216
30.244389 6.310749 -95.107578
27.938300 7.508499 -95.723946
3.989305 -6.523811 -99.707198
4.315853 -15.433672 -98.707523
23.860785 -23.726812 -94.168473
7
-9.254186 8.152730 -99.236551
-24.854882 -4.487701 -96.757922
-25.094838 -5.177399 -96.661490
-11.709513 -20.079848 -97.260922
-1.393959 -19.784820 -98.013355
4.315853 -15.433672 -98.707523
3.989305 -6.523811 -99.707198
6
-57.706196 -68.497485 44.475717
-70.706833 -56.060350 43.101983
-70.849575 -54.199478 45.196840
-63.135668 -51.485110 57.992853
-46.060507 -60.827504 64.640889
-48.528354 -68.416442 54.444369
8
-73.010894 38.451700 -56.487841
-85.023475 30.949955 -42.580618
-90.961114 13.202894 -39.392377
-83.992585 5.543702 -53.986229
-78.363797 8.806892 -61.494341
-62.601448 25.656942 -73.639527
-62.416083 26.706937 -73.423239
-62.464713 26.891500 -73.314438
5
89.386347 31.326030 32.074301
94.583489 22.223313 23.666176
96.183320 4.146632 27.047630
94.837217 -1.998806 31.652915
85.763408 17.470155 48.367671
6
72.029788 50.788854 47.246185
75.406937 47.170550 45.702659
77.456724 21.229761 59.579804
73.521971 16.849549 65.655255
59.591807 37.376985 71.075857
60.187062 45.408443 65.693157
5
-62.536669 48.319305 61.273239
-70.284250 48.811537 51.745126
-63.505624 66.477823 39.341261
-57.004705 71.935385 39.695894
-53.530448 65.277594 53.603423
7
-99.461800 -6.802487 7.815140
-93.746864 -26.462616 22.610958
-92.584357 -33.012007 18.394138
-92.231318 -37.498444 9.340811
-92.369021 -38.240360 2.374639
-95.282159 -27.827693 -12.121453
-97.474856 -17.883616 -13.372685
6
-13.864169 -96.549469 -22.045063
-0.995368 -92.624960 -37.677926
-2.263274 -86.312029 -50.449096
-30.150963 -82.772985 -47.323909
-30.959301 -82.921567 -46.535313
-32.158338 -89.778004 -30.095702
6
74.361920 47.980686 -46.563491
80.589346 49.521066 -32.450290
80.446229 52.713238 -27.380993
78.659727 57.460328 -22.604382
51.344648 75.882370 -40.069852
65.688524 54.476464 -52.128041
6
18.332945 52.330793 83.218936
23.396541 47.649550 84.747403
21.900349 34.408712 91.303972
15.334688 24.343605 95.771792
3.688515 21.768936 97.532088
-6.467126 55.431309 82.979192
7
55.461473 -19.468292 80.901240
33.481205 -41.222869 84.733016
33.190941 -41.365969 84.777462
15.335829 -23.136182 96.070440
31.017698 -4.973902 94.937678
42.947556 -6.986167 90.037220
55.447282 -19.091828 81.000624
5
44.136341 -57.902889 -68.550995
33.103797 -66.036861 -67.403795
39.836192 -77.763590 -48.640537
52.433037 -75.294389 -39.768475
60.725677 -62.211686 -49.417590
7
-49.180563 40.374527 77.143825
-68.916219 7.464795 72.075180
-71.514739 5.834985 69.653393
-77.404547 17.197195 60.932689
-77.542078 18.624664 60.335297
-77.087222 21.022854 60.129858
-58.996507 42.855082 68.431383
4
-17.414997 -32.502207 -92.953345
1.486712 -38.982304 -92.076977
-1.393959 -19.784820 -98.013355
-11.709513 -20.079848 -97.260922
5
63.056369 28.771520 -72.083937
50.652703 44.064824 -74.112043
38.999924 33.887295 -85.619257
40.438661 8.905371 -91.024222
47.491684 7.326753 -87.697541
5
54.786017 83.501634 5.096026
49.385341 84.651583 -19.879579
78.614124 60.791704 -11.143978
78.869879 60.868765 -8.633402
72.071334 69.320555 0.619323
8
-37.593885 40.637513 83.278403
-49.180563 40.374527 77.143825
-58.996507 42.855082 68.431383
-62.536669 48.319305 61.273239
-53.530448 65.277594 53.603423
-45.797710 67.096007 58.315483
-29.901864 51.654094 80.235485
-37.345963 40.706664 83.356143
7
-52.147496 -84.743691 -9.957180
-37.433559 -91.535041 14.834584
-16.037543 -97.795677 -13.371718
-13.578187 -96.708257 -21.520825
-13.864169 -96.549469 -22.045063
-32.158338 -89.778004 -30.095702
-52.792380 -83.640436 -14.739132
7
-71.514739 5.834985 69.653393
-68.916219 7.464795 72.075180
-54.195482 7.780840 83.679796
-45.328071 -3.928306 89.050179
-45.924544 -5.734961 88.645623
-67.608650 -17.910016 71.472385
-72.869494 -8.637991 67.936897
6
-16.328011 93.043288 32.807660
-16.796456 86.044679 48.106052
-39.353219 80.164906 44.999023
-44.988020 80.544639 38.582887
-28.245418 93.033101 23.388853
-21.378184 94.588344 24.413489
5
-86.559044 -12.695278 -48.439259
-82.366463 -36.350292 -43.524959
-71.630165 -33.686256 -61.109375
-72.897832 -25.197268 -63.647496
-86.531289 -12.647708 -48.501253
5
23.396541 47.649550 84.747403
36.647688 50.254713 78.303325
50.320880 35.552021 78.764604
47.746081 24.550986 84.365638
21.900349 34.408712 91.303972
6
6.869163 96.267752 -26.178896
-6.755832 91.241531 -40.365106
-8.848075 81.557423 -57.184774
13.385535 81.245579 -56.744897
13.132914 95.302495 -27.293972
10.824131 95.957278 -25.981514
6
-97.336923 5.410995 -22.276546
-93.007821 34.744973 -11.930305
-93.721008 34.618451 -4.235047
-98.492736 14.414514 9.560477
-98.530330 14.153770 9.562684
-99.782318 4.439814 4.876166
4
99.869564 3.283990 -3.909672
96.981466 -19.057079 -15.212594
96.460875 -24.609630 -9.469201
96.383595 -22.287169 14.611116
6
74.361920 47.980686 -46.563491
74.405130 32.903474 -58.148414
90.504968 12.161296 -40.754799
91.254892 13.243197 -38.693183
91.475567 16.624875 -36.821653
80.589346 49.521066 -32.450290
7
-8.424924 -33.754798 93.753049
4.114933 -58.788855 80.789466
-1.757626 -70.600938 70.798434
-19.950956 -69.544374 69.032886
-30.786992 -60.555856 73.383577
-21.944418 -39.130526 89.371385
-15.408938 -33.899256 92.808432
6
-28.245418 93.033101 23.388853
-44.988020 80.544639 38.582887
-54.192568 75.995348 35.886943
-56.954527 77.757055 26.646245
-53.723806 83.137783 14.207803
-34.476428 92.135731 17.955025
5
-11.166652 58.535633 -80.304954
-5.235414 39.953615 -91.522124
8.776862 42.284576 -90.194131
12.503063 58.425956 -80.187786
-10.392388 60.898709 -78.634252
5
52.499255 69.680804 48.871401
39.518328 85.871218 32.625691
54.253874 81.955021 18.436154
63.853835 70.148253 31.652969
61.886436 65.512040 43.338685
5
-68.652013 -70.590754 17.431192
-42.969549 -86.877474 24.615490
-36.615553 -91.404522 17.450349
-37.433559 -91.535041 14.834584
-52.147496 -84.743691 -9.957180
6
-67.681242 73.449505 -4.941637
-59.594783 75.664778 -26.894296
-45.137731 86.798526 -20.702683
-44.638777 89.230198 -6.734337
-56.848534 82.211505 3.084256
-67.056129 74.122709 -3.049528
7
-15.408938 -33.899256 92.808432
-20.802503 -26.414815 94.178094
-27.089406 5.020960 96.129881
-19.562760 16.101677 96.736934
-8.073918 14.935217 98.548217
8.636666 -23.005932 96.933663
-8.424924 -33.754798 93.753049
5
-14.068363 98.998588 1.166512
-36.743368 92.994323 -1.407430
-39.014730 91.971222 -4.375518
-21.395728 95.813814 -19.024614
-11.393783 98.177722 -15.209094
6
-77.292461 -63.322292 4.020295
-92.231318 -37.498444 9.340811
-92.584357 -33.012007 18.394138
-75.954347 -58.605127 28.220141
-71.585356 -66.658379 20.789356
-71.163570 -67.702382 18.765228
7
-44.116945 -85.133227 28.390646
-39.041632 -79.404983 46.589694
-24.087488 -81.314040 52.988865
-16.549370 -88.411943 43.697217
-34.667129 -92.003232 18.264596
-36.615553 -91.404522 17.450349
-42.969549 -86.877474 24.615490
6
-95.282159 -27.827693 -12.121453
-92.369021 -38.240360 2.374639
-81.844444 -53.176137 -21.766613
-81.646663 -49.230640 -30.168967
-84.143311 -42.779281 -33.012670
-89.827587 -32.753238 -29.295562
4
65.380557 -9.704383 -75.041373
85.852786 -17.773420 -48.097866
88.969210 5.779947 -45.288762
72.655264 9.882232 -67.996721
5
-92.689161 7.299642 36.816227
-89.805430 19.357040 39.500504
-77.542078 18.624664 60.335297
-77.404547 17.197195 60.932689
-91.253073 -1.834557 40.859651
5
33.292742 58.490236 -73.962731
20.815880 63.754551 -74.175847
12.503063 58.425956 -80.187786
8.776862 42.284576 -90.194131
19.604511 37.791220 -90.484733
7
-70.706833 -56.060350 43.101983
-75.954347 -58.605127 28.220141
-92.584357 -33.012007 18.394138
-93.746864 -26.462616 22.610958
-91.452114 -22.896027 33.350904
-80.308391 -35.667403 47.732575
-70.849575 -54.199478 45.196840
