200
8
94.953165 -23.806077 20.424670
95.594168 -1.173458 29.332201
95.660937 -0.618524 29.130784
99.335020 6.578833 9.448422
99.862382 4.920467 -1.814824
99.266084 -3.744820 -11.498733
98.850472 -10.998018 -10.374383
95.635612 -24.841397 15.386187
6
-41.823354 72.507637 54.712427
-52.121289 68.962381 50.274857
-54.668147 76.324808 34.437151
-52.992999 77.792802 33.764213
-31.018750 84.699613 43.171897
-31.595094 83.150986 45.690956
7
-23.359698 56.716078 -78.978548
-38.105192 30.777387 -87.182262
-34.646291 13.592173 -92.816417
-23.721374 17.299602 -95.592992
-6.835398 39.820476 -91.474625
-6.697495 57.675461 -81.416735
-9.109703 59.119387 -80.136829
6
35.235036 -9.349256 93.118653
20.182131 -12.986650 97.077436
9.918800 2.085294 99.485019
13.052966 20.218948 97.060879
33.814166 15.967663 92.745005
38.571243 2.715286 92.221941
5
6.324905 84.410409 -53.243576
15.633124 80.196223 -57.655627
31.218569 77.788677 -54.537351
33.865664 83.359258 -43.638870
20.655529 89.726467 -39.019358
6
-27.859429 -86.135554 42.479626
-48.856937 -82.734017 27.714295
-55.947358 -77.231958 30.085177
-62.792541 -66.344339 40.688148
-56.139239 -62.104022 54.694390
-37.527244 -65.669614 65.415654
5
60.577990 -60.150703 -52.078787
66.816917 -64.940934 -36.306675
76.473205 -59.623406 -24.431504
80.894933 -52.753700 -25.943340
73.874011 -42.907067 -51.977054
5
57.415489 -79.498080 -19.583587
63.662607 -75.665845 -14.891352
73.859849 -65.485768 -16.010526
76.473205 -59.623406 -24.431504
66.816917 -64.940934 -36.306675
5
52.201385 -18.776003 83.201425
65.548860 -27.500357 70.335463
52.139574 -43.324522 73.514968
39.068670 -38.121898 83.787588
44.618019 -21.098880 86.971660
6
-20.691293 -88.998669 40.633819
-18.177797 -93.514159 30.408384
-28.136453 -95.869675 4.164788
-45.545288 -88.742315 7.101288
-48.856937 -82.734017 27.714295
-27.859429 -86.135554 42.479626
9
31.213381 -85.635686 -41.137017
46.869885 -73.207572 -49.435465
50.261210 -65.402597 -56.535928
40.815927 -60.997044 -67.922167
28.593980 -60.080622 -74.650540
25.319267 -60.384164 -75.582322
7.642673 -83.271862 -54.839644
7.654174 -83.325466 -54.756556
14.949719 -86.690042 -47.553575
7
80.894933 -52.753700 -25.943340
76.473205 -59.623406 -24.431504
73.859849 -65.485768 -16.010526
77.090716 -63.074946 -8.864128
87.218176 -48.529801 -6.152095
87.610377 -47.744235 -6.701484
82.920516 -50.456551 -24.048379
6
-10.752682 27.061196 95.666460
-15.942781 30.600106 93.858730
-15.146837 35.931620 92.084157
4.344145 55.765306 82.893661
20.633003 47.448039 85.574311
11.794735 21.762393 96.887989
5
6.631051 -98.531627 -15.733649
-8.414476 -90.170936 -42.407533
-21.442055 -89.700357 -38.653386
-29.085092 -91.010729 -29.514483
-28.537611 -91.480297 -28.582512
6
50.261210 -65.402597 -56.535928
46.869885 -73.207572 -49.435465
55.724033 -80.613728 -19.906253
57.415489 -79.498080 -19.583587
66.816917 -64.940934 -36.306675
60.577990 -60.150703 -52.078787
6
89.262951 18.573916 -41.074752
79.437895 34.114540 -50.257527
72.338863 24.411259 -64.584668
75.963522 7.597383 -64.589652
85.904996 -4.565827 -50.985144
89.951768 13.218282 -41.640804
5
38.100661 -59.520275 70.750805
26.900817 -68.887389 67.311765
10.607145 -65.783034 74.565950
16.311311 -45.768384 87.402495
28.569583 -44.315006 84.970343
4
-53.247624 51.933937 -66.839784
-39.593379 59.300435 -70.112928
-35.349273 77.180184 -52.854972
-52.618958 74.016156 -41.867099
7
-78.965439 -10.922129 -60.375215
-77.460259 -1.468766 -63.227771
-85.393532 15.150460 -49.783614
-88.297725 13.091606 -45.079059
-93.966092 -6.540348 -33.579718
-91.390514 -12.494196 -38.622130
-87.614241 -15.875535 -45.516065
7
-90.598315 -39.632262 -14.873774
-90.302143 -42.158276 -8.258492
-75.991994 -64.998088 0.682219
-73.862317 -66.861211 -8.598638
-74.093524 -64.978616 -16.968475
-78.273077 -56.443967 -26.218391
-87.248449 -43.325631 -22.596414
5
-63.849169 -72.336101 -26.282544
-64.981970 -62.053251 -43.894620
-66.399511 -59.256218 -45.604885
-78.273077 -56.443967 -26.218391
-74.093524 -64.978616 -16.968475
6
91.048399 38.688693 -14.607326
91.336123 33.828815 -22.656653
96.631754 18.203799 -18.191367
97.366521 17.872034 -14.154541
96.454922 26.388345 -0.321508
93.915606 34.312286 1.589352
4
-64.771368 -35.689298 -67.312287
-78.965439 -10.922129 -60.375215
-87.614241 -15.875535 -45.516065
-70.188557 -41.087502 -58.184050
4
75.536262 -65.431850 3.598066
81.235323 -56.971974 12.450560
87.218176 -48.529801 -6.152095
77.090716 -63.074946 -8.864128
5
-55.947358 -77.231958 30.085177
-48.856937 -82.734017 27.714295
-45.545288 -88.742315 7.101288
-50.793473 -86.137606 0.579607
-72.949894 -68.072646 6.665419
5
-15.744309 69.584142 70.072562
-16.643438 69.090868 70.352313
-36.286380 63.323909 68.362133
-41.823354 72.507637 54.712427
-31.595094 83.150986 45.690956
8
21.837865 97.063996 10.084063
32.689795 94.500136 1.049616
38.057441 92.461812 1.563520
47.334952 84.863074 23.614849
39.647312 83.537805 38.072639
27.560238 87.166465 40.527036
17.527513 95.621587 23.437117
21.704520 97.073053 10.282815
6
-15.359405 -11.586286 98.131782
5.263951 -35.527515 93.327844
0.791498 -37.755574 92.595303
-30.976337 -40.237884 86.147428
-26.734178 -13.794772 95.367647
-23.136333 -11.235234 96.635809
6
1.303745 74.817396 66.337451
26.081695 63.611677 72.617489
27.495155 48.268684 83.151372
20.633003 47.448039 85.574311
4.344145 55.765306 82.893661
-2.235360 71.645466 69.727544
7
-61.263633 -34.537277 -71.091095
-52.515180 -27.555759 -80.516060
-52.795166 -23.963942 -81.476377
-73.037562 -1.265417 -68.292849
-77.460259 -1.468766 -63.227771
-78.965439 -10.922129 -60.375215
-64.771368 -35.689298 -67.312287
6
-39.593379 59.300435 -70.112928
-53.247624 51.933937 -66.839784
-56.312669 48.454240 -66.940795
-56.845623 46.301372 -68.005574
-38.105192 30.777387 -87.182262
-23.359698 56.716078 -78.978548
4
99.335020 6.578833 9.448422
96.454922 26.388345 -0.321508
97.366521 17.872034 -14.154541
99.862382 4.920467 -1.814824
5
-51.009553 -83.600552 -20.223084
-41.984100 -85.659679 -29.995911
-45.459029 -80.096040 -38.962817
-64.981970 -62.053251 -43.894620
-63.849169 -72.336101 -26.282544
5
46.014135 -23.489723 -85.620864
28.593980 -60.080622 -74.650540
40.815927 -60.997044 -67.922167
59.646338 -27.553241 -75.386559
57.345212 -25.002293 -78.015460
6
17.419544 96.024679 -21.813308
17.372688 95.961838 -22.124993
20.655529 89.726467 -39.019358
33.865664 83.359258 -43.638870
40.014862 83.380754 -38.032362
24.017035 95.793134 -15.711702
7
-52.121289 68.962381 50.274857
-41.823354 72.507637 54.712427
-36.286380 63.323909 68.362133
-45.365749 51.625694 72.641149
-47.532976 49.863031 72.486512
-69.092456 42.749351 58.298589
-69.407826 42.684461 57.970600
5
63.193323 1.504430 -77.487680
39.935947 0.813722 -91.675831
38.116207 -18.136821 -90.654346
46.014135 -23.489723 -85.620864
57.345212 -25.002293 -78.015460
4
71.323769 66.364242 -22.554544
52.699662 84.588302 -8.219783
50.431274 79.262029 -34.266855
61.770820 63.776567 -46.009948
5
-51.009553 -83.600552 -20.223084
-63.849169 -72.336101 -26.282544
-74.093524 -64.978616 -16.968475
-73.862317 -66.861211 -8.598638
-52.421105 -83.757189 -15.387040
7
10.607145 -65.783034 74.565950
1.621765 -72.155755 69.216450
-20.649170 -64.116765 73.909757
0.791498 -37.755574 92.595303
5.263951 -35.527515 93.327844
5.405594 -35.549557 93.311353
16.311311 -45.768384 87.402495
6
-71.436849 52.691823 -46.047242
-78.413851 44.608881 -43.142968
-80.864594 22.820291 -54.223166
-67.527986 27.449865 -68.457842
-56.845623 46.301372 -68.005574
-56.312669 48.454240 -66.940795
5
61.640879 4.634292 78.606141
66.670694 15.303401 72.943982
76.645914 -9.115327 63.579200
72.330657 -19.325417 66.293321
61.539667 -2.018498 78.795908
5
77.592965 46.700290 -42.407721
79.437895 34.114540 -50.257527
89.262951 18.573916 -41.074752
89.491859 34.658464 -28.106904
80.566115 45.720506 -37.666119
7
-87.623306 47.415642 8.597277
-83.261246 53.470229 14.439513
-81.677043 54.762693 18.163374
-76.056723 48.133528 43.572221
-75.149550 39.979174 52.480575
-87.515681 32.688306 35.671842
-93.975669 32.246407 11.346493
6
9.877178 -98.996133 -10.109748
7.641014 -98.588500 -14.897069
6.631051 -98.531627 -15.733649
-28.537611 -91.480297 -28.582512
-24.182553 -97.031877 -0.137472
-2.561492 -99.963352 -0.875801
8
65.865630 28.529804 69.625922
67.422671 20.934705 70.823171
66.670694 15.303401 72.943982
61.640879 4.634292 78.606141
38.571243 2.715286 92.221941
33.814166 15.967663 92.745005
48.206162 34.512383 80.529879
62.618246 32.742429 70.759371
4
98.850472 -10.998018 -10.374383
95.795701 -20.818810 -19.742359
93.887663 -34.392992 -1.492942
95.635612 -24.841397 15.386187
7
-62.938279 71.298324 30.908283
-67.326270 72.189590 15.994889
-64.818359 75.664345 8.572470
-47.218677 87.301177 12.202504
-45.673516 87.911849 13.617515
-52.992999 77.792802 33.764213
-54.668147 76.324808 34.437151
5
34.783525 -76.505142 54.194738
34.424140 -76.510500 54.416192
26.900817 -68.887389 67.311765
38.100661 -59.520275 70.750805
52.121211 -59.454671 61.225170
8
-96.796303 24.234215 6.571044
-97.521586 22.019899 2.159716
-95.342551 26.837328 -13.767926
-95.095994 27.371455 -14.406786
-88.379067 44.862691 -13.284561
-86.325852 49.697363 -8.832865
-87.623306 47.415642 8.597277
-93.975669 32.246407 11.346493
7
-74.713469 -26.286662 61.048415
-70.678729 -32.649579 62.757647
-70.687858 -32.712035 62.714826
-81.991206 -45.963348 34.129354
-93.117967 -25.416092 26.135541
-90.423548 -12.117490 40.948118
-88.028509 -12.203309 45.848238
6
-96.796303 24.234215 6.571044
-96.002064 10.864359 25.798631
-95.955174 8.135394 26.952179
-99.250970 -8.546096 8.729783
-99.877873 4.934188 0.253384
-97.521586 22.019899 2.159716
6
-24.735752 -78.242119 -57.151669
-21.442055 -89.700357 -38.653386
-8.414476 -90.170936 -42.407533
7.654174 -83.325466 -54.756556
7.642673 -83.271862 -54.839644
-18.658635 -71.660374 -67.205998
7
-70.188557 -41.087502 -58.184050
-70.320723 -41.584639 -57.669001
-66.209227 -57.466131 -48.103867
-45.576110 -66.168527 -59.536075
-42.214977 -63.786775 -64.413842
-61.263633 -34.537277 -71.091095
-64.771368 -35.689298 -67.312287
6
72.330657 -19.325417 66.293321
76.645914 -9.115327 63.579200
87.351058 -1.085759 48.668406
92.034204 -2.989759 38.997008
74.858031 -30.168420 59.043558
71.460772 -25.697780 65.061372
6
81.305421 -54.649837 20.070471
65.795551 -72.440593 20.574403
61.045529 -67.649136 41.195118
66.274651 -56.326587 49.345580
75.028876 -47.970394 45.491857
83.824953 -44.894532 30.949284
5
-83.261246 53.470229 14.439513
-87.623306 47.415642 8.597277
-86.325852 49.697363 -8.832865
-72.930683 66.889894 -14.382542
-69.690422 71.204108 -8.556876
5
9.877178 -98.996133 -10.109748
-2.561492 -99.963352 -0.875801
-2.566064 -98.062115 19.422588
14.281093 -94.954898 27.921637
18.009781 -98.062361 -7.708509
7
16.311311 -45.768384 87.402495
5.405594 -35.549557 93.311353
20.182131 -12.986650 97.077436
35.235036 -9.349256 93.118653
44.618019 -21.098880 86.971660
39.068670 -38.121898 83.787588
28.569583 -44.315006 84.970343
7
38.057441 92.461812 1.563520
32.689795 94.500136 1.049616
24.017035 95.793134 -15.711702
40.014862 83.380754 -38.032362
50.431274 79.262029 -34.266855
52.699662 84.588302 -8.219783
52.148508 85.084034 -6.421864
7
21.810356 -58.071026 -78.435096
25.319267 -60.384164 -75.582322
28.593980 -60.080622 -74.650540
46.014135 -23.489723 -85.620864
38.116207 -18.136821 -90.654346
35.388167 -19.256081 -91.525302
24.775859 -33.065725 -91.064892
6
9.918800 2.085294 99.485019
20.182131 -12.986650 97.077436
5.405594 -35.549557 93.311353
5.263951 -35.527515 93.327844
-15.359405 -11.586286 98.131782
-10.764500 -5.633966 99.259176
6
93.915606 34.312286 1.589352
96.454922 26.388345 -0.321508
99.335020 6.578833 9.448422
95.660937 -0.618524 29.130784
91.717963 22.897541 32.611622
93.528610 35.239354 3.253782
8
-95.530047 -9.160436 -28.108657
-93.240499 -32.481779 -15.847504
-90.598315 -39.632262 -14.873774
-87.248449 -43.325631 -22.596414
-85.200302 -38.111966 -35.894103
-91.390514 -12.494196 -38.622130
-93.966092 -6.540348 -33.579718
-95.127521 -7.158100 -29.991939
9
-52.421105 -83.757189 -15.387040
-50.793473 -86.137606 0.579607
-45.545288 -88.742315 7.101288
-28.136453 -95.869675 4.164788
-24.182553 -97.031877 -0.137472
-28.537611 -91.480297 -28.582512
-29.085092 -91.010729 -29.514483
-41.984100 -85.659679 -29.995911
-51.009553 -83.600552 -20.223084
7
4.434333 -27.992050 -95.899853
2.025243 -25.184378 -96.755597
-9.954501 -22.402067 -96.948725
-10.625393 -22.589089 -96.834054
-16.274782 -28.969315 -94.318133
-1.725111 -56.157611 -82.724523
9.892497 -55.548037 -82.562425
7
-76.907127 28.873129 57.023120
-93.720311 3.995991 34.648741
-95.955174 8.135394 26.952179
-96.002064 10.864359 25.798631
-87.515681 32.688306 35.671842
-75.149550 39.979174 52.480575
-74.497015 39.371502 53.852386
6
17.242213 57.937627 -79.661393
-6.697495 57.675461 -81.416735
-6.835398 39.820476 -91.474625
14.082317 24.397665 -95.950207
39.065787 35.891825 -84.768161
27.023089 54.079892 -79.656248
5
61.968494 46.218127 63.433355
62.618246 32.742429 70.759371
48.206162 34.512383 80.529879
33.019469 46.613544 82.078573
42.503597 65.566182 62.406090
6
-66.209227 -57.466131 -48.103867
-66.399511 -59.256218 -45.604885
-64.981970 -62.053251 -43.894620
-45.459029 -80.096040 -38.962817
-41.868122 -75.908654 -49.849139
-45.576110 -66.168527 -59.536075
7
55.713786 -57.191022 60.209310
52.139574 -43.324522 73.514968
65.548860 -27.500357 70.335463
71.460772 -25.697780 65.061372
74.858031 -30.168420 59.043558
75.028876 -47.970394 45.491857
66.274651 -56.326587 49.345580
6
47.245103 73.477271 48.672279
56.423757 69.989708 43.792700
67.573249 58.566616 44.763909
61.968494 46.218127 63.433355
42.503597 65.566182 62.406090
39.926103 69.424120 59.884872
9
-69.407826 42.684461 57.970600
-69.092456 42.749351 58.298589
-49.539635 21.738571 84.102670
-49.124198 11.119265 86.389670
-57.019800 2.297547 82.118595
-71.367194 8.595931 69.518584
-75.705201 15.181748 63.547125
-76.907127 28.873129 57.023120
-74.497015 39.371502 53.852386
6
-9.109703 59.119387 -80.136829
-9.792518 76.502096 -63.651676
-32.179828 78.889701 -52.353355
-35.349273 77.180184 -52.854972
-39.593379 59.300435 -70.112928
-23.359698 56.716078 -78.978548
6
77.541058 -30.076806 -55.522698
59.646338 -27.553241 -75.386559
40.815927 -60.997044 -67.922167
50.261210 -65.402597 -56.535928
60.577990 -60.150703 -52.078787
73.874011 -42.907067 -51.977054
5
-30.976337 -40.237884 86.147428
-37.790433 -45.704759 80.516819
-38.406882 -45.243085 80.485866
-49.630284 -13.574703 85.747084
-26.734178 -13.794772 95.367647
4
-71.367194 8.595931 69.518584
-74.713469 -26.286662 61.048415
-88.028509 -12.203309 45.848238
-75.705201 15.181748 63.547125
5
72.338863 24.411259 -64.584668
79.437895 34.114540 -50.257527
77.592965 46.700290 -42.407721
63.161484 60.147480 -48.917355
56.638561 38.706670 -72.758966
6
-88.297725 13.091606 -45.079059
-85.393532 15.150460 -49.783614
-80.864594 22.820291 -54.223166
-78.413851 44.608881 -43.142968
-83.392264 43.863539 -33.492092
-92.095368 26.759296 -28.326370
6
-40.089147 88.318922 -24.343959
-33.218394 89.306532 -30.346033
-20.852537 92.955735 -30.403997
-16.795875 98.175908 -8.910093
-24.790902 96.717898 -5.573093
-36.735509 91.749785 -15.247274
6
-79.627856 -51.810064 31.226940
-62.792541 -66.344339 40.688148
-55.947358 -77.231958 30.085177
-72.949894 -68.072646 6.665419
-74.709345 -66.219669 5.785255
-80.414093 -55.654671 20.883758
5
-33.215759 12.252837 93.523159
-49.124198 11.119265 86.389670
-49.539635 21.738571 84.102670
-41.160143 35.633938 83.881256
-18.601861 29.511539 93.717873
5
-75.705201 15.181748 63.547125
-88.028509 -12.203309 45.848238
-90.423548 -12.117490 40.948118
-93.720311 3.995991 34.648741
-76.907127 28.873129 57.023120
5
17.707679 -92.986287 32.248853
16.458407 -93.492609 31.436491
-17.473607 -88.892167 42.342126
2.244856 -80.214702 59.670446
12.619888 -83.989353 52.787565
4
91.936940 -39.014351 -5.047727
89.934088 -34.064732 -27.412657
82.920516 -50.456551 -24.048379
87.610377 -47.744235 -6.701484
6
66.274651 -56.326587 49.345580
61.045529 -67.649136 41.195118
42.178284 -83.405894 35.559095
34.783525 -76.505142 54.194738
52.121211 -59.454671 61.225170
55.713786 -57.191022 60.209310
7
36.436597 -92.937324 -5.918459
35.220861 -93.212782 -8.418326
18.009781 -98.062361 -7.708509
14.281093 -94.954898 27.921637
16.458407 -93.492609 31.436491
17.707679 -92.986287 32.248853
37.375333 -88.040756 29.187491
6
56.423757 69.989708 43.792700
56.435524 78.019974 26.979905
69.008612 69.729160 19.381840
72.109933 66.297191 20.120637
75.771584 56.110901 33.320171
67.573249 58.566616 44.763909
5
93.887663 -34.392992 -1.492942
95.795701 -20.818810 -19.742359
90.669293 -23.402228 -35.091523
89.934088 -34.064732 -27.412657
91.936940 -39.014351 -5.047727
4
66.670694 15.303401 72.943982
67.422671 20.934705 70.823171
87.351058 -1.085759 48.668406
76.645914 -9.115327 63.579200
6
-9.792518 76.502096 -63.651676
0.360612 84.768786 -53.048306
-3.758611 89.349079 -44.750586
-9.914922 91.450598 -39.223494
-29.684534 83.311972 -46.668446
-32.179828 78.889701 -52.353355
6
80.566115 45.720506 -37.666119
89.491859 34.658464 -28.106904
91.336123 33.828815 -22.656653
91.048399 38.688693 -14.607326
80.538998 57.972977 -12.353286
80.136899 58.258335 -13.566276
7
-1.725111 -56.157611 -82.724523
-21.488176 -64.169153 -73.624575
-18.658635 -71.660374 -67.205998
7.642673 -83.271862 -54.839644
25.319267 -60.384164 -75.582322
21.810356 -58.071026 -78.435096
9.892497 -55.548037 -82.562425
7
67.573249 58.566616 44.763909
75.771584 56.110901 33.320171
82.743380 46.552543 31.406906
88.568733 28.990605 36.264644
65.865630 28.529804 69.625922
62.618246 32.742429 70.759371
61.968494 46.218127 63.433355
6
94.953165 -23.806077 20.424670
83.824953 -44.894532 30.949284
75.028876 -47.970394 45.491857
74.858031 -30.168420 59.043558
92.034204 -2.989759 38.997008
95.594168 -1.173458 29.332201
6
-9.954501 -22.402067 -96.948725
1.641605 7.026785 -99.739307
-23.721374 17.299602 -95.592992
-34.646291 13.592173 -92.816417
-36.394695 11.249835 -92.460085
-10.625393 -22.589089 -96.834054
6
-2.566064 -98.062115 19.422588
-18.177797 -93.514159 30.408384
-20.691293 -88.998669 40.633819
-17.473607 -88.892167 42.342126
16.458407 -93.492609 31.436491
14.281093 -94.954898 27.921637
4
-16.643438 69.090868 70.352313
-22.511068 47.990923 84.794594
-45.365749 51.625694 72.641149
-36.286380 63.323909 68.362133
7
73.874011 -42.907067 -51.977054
80.894933 -52.753700 -25.943340
82.920516 -50.456551 -24.048379
89.934088 -34.064732 -27.412657
90.669293 -23.402228 -35.091523
86.161555 -16.826068 -47.886009
77.541058 -30.076806 -55.522698
7
-45.576110 -66.168527 -59.536075
-41.868122 -75.908654 -49.849139
-24.735752 -78.242119 -57.151669
-18.658635 -71.660374 -67.205998
-21.488176 -64.169153 -73.624575
-24.245348 -62.646399 -74.078281
-42.214977 -63.786775 -64.413842
5
-24.182553 -97.031877 -0.137472
-28.136453 -95.869675 4.164788
-18.177797 -93.514159 30.408384
-2.566064 -98.062115 19.422588
-2.561492 -99.963352 -0.875801
6
-95.447136 -23.796150 17.988535
-93.117967 -25.416092 26.135541
-81.991206 -45.963348 34.129354
-79.627856 -51.810064 31.226940
-80.414093 -55.654671 20.883758
-91.868880 -39.414436 2.571207
5
21.704520 97.073053 10.282815
17.527513 95.621587 23.437117
-5.890264 92.200046 38.268216
-12.044103 97.499061 18.678133
-6.256442 99.065632 12.118476
7
-9.792518 76.502096 -63.651676
-9.109703 59.119387 -80.136829
-6.697495 57.675461 -81.416735
17.242213 57.937627 -79.661393
15.633124 80.196223 -57.655627
6.324905 84.410409 -53.243576
0.360612 84.768786 -53.048306
7
-74.497015 39.371502 53.852386
-75.149550 39.979174 52.480575
-76.056723 48.133528 43.572221
-62.938279 71.298324 30.908283
-54.668147 76.324808 34.437151
-52.121289 68.962381 50.274857
-69.407826 42.684461 57.970600
5
-21.488176 -64.169153 -73.624575
-1.725111 -56.157611 -82.724523
-16.274782 -28.969315 -94.318133
-37.465592 -36.052265 -85.419925
-24.245348 -62.646399 -74.078281
6
89.491859 34.658464 -28.106904
89.262951 18.573916 -41.074752
89.951768 13.218282 -41.640804
96.618151 15.405478 -20.678591
96.631754 18.203799 -18.191367
91.336123 33.828815 -22.656653
5
-37.790433 -45.704759 80.516819
-30.976337 -40.237884 86.147428
0.791498 -37.755574 92.595303
-20.649170 -64.116765 73.909757
-33.389940 -61.656811 71.299015
5
82.743380 46.552543 31.406906
87.826803 47.255682 7.304327
93.528610 35.239354 3.253782
91.717963 22.897541 32.611622
88.568733 28.990605 36.264644
4
-68.247776 -32.120676 65.654423
-53.794302 -10.667636 83.620420
-49.630284 -13.574703 85.747084
-38.406882 -45.243085 80.485866
7
-98.821166 -12.524334 8.804446
-95.447136 -23.796150 17.988535
-91.868880 -39.414436 2.571207
-90.302143 -42.158276 -8.258492
-90.598315 -39.632262 -14.873774
-93.240499 -32.481779 -15.847504
-98.920663 -14.387432 2.775637
5
37.982756 70.163019 60.286491
26.081695 63.611677 72.617489
1.303745 74.817396 66.337451
4.623416 79.720818 60.193150
19.483545 80.851411 55.528739
4
9.892497 -55.548037 -82.562425
21.810356 -58.071026 -78.435096
24.775859 -33.065725 -91.064892
4.434333 -27.992050 -95.899853
5
-40.089147 88.318922 -24.343959
-36.735509 91.749785 -15.247274
-48.569817 87.371809 -2.672050
-58.921195 79.777761 -12.798500
-46.991476 84.245694 -26.352688
6
55.713786 -57.191022 60.209310
52.121211 -59.454671 61.225170
38.100661 -59.520275 70.750805
28.569583 -44.315006 84.970343
39.068670 -38.121898 83.787588
52.139574 -43.324522 73.514968
5
-23.721374 17.299602 -95.592992
1.641605 7.026785 -99.739307
7.893957 8.559399 -99.319797
14.082317 24.397665 -95.950207
-6.835398 39.820476 -91.474625
6
-5.890264 92.200046 38.268216
17.527513 95.621587 23.437117
27.560238 87.166465 40.527036
19.483545 80.851411 55.528739
4.623416 79.720818 60.193150
-6.674576 91.517330 39.749570
6
-66.320699 65.610780 -36.010976
-72.459804 65.567910 -21.223243
-83.647675 46.005857 -29.774615
-83.392264 43.863539 -33.492092
-78.413851 44.608881 -43.142968
-71.436849 52.691823 -46.047242
5
14.949719 -86.690042 -47.553575
7.654174 -83.325466 -54.756556
-8.414476 -90.170936 -42.407533
6.631051 -98.531627 -15.733649
7.641014 -98.588500 -14.897069
8
-52.618958 74.016156 -41.867099
-35.349273 77.180184 -52.854972
-32.179828 78.889701 -52.353355
-29.684534 83.311972 -46.668446
-33.218394 89.306532 -30.346033
-40.089147 88.318922 -24.343959
-46.991476 84.245694 -26.352688
-53.296513 74.114388 -40.823268
5
56.367090 82.510950 -3.833304
79.865638 60.087673 -3.309290
80.467215 59.371310 -0.273576
72.109933 66.297191 20.120637
69.008612 69.729160 19.381840
7
-95.955174 8.135394 26.952179
-93.720311 3.995991 34.648741
-90.423548 -12.117490 40.948118
-93.117967 -25.416092 26.135541
-95.447136 -23.796150 17.988535
-98.821166 -12.524334 8.804446
-99.250970 -8.546096 8.729783
6
-87.248449 -43.325631 -22.596414
-78.273077 -56.443967 -26.218391
-66.399511 -59.256218 -45.604885
-66.209227 -57.466131 -48.103867
-70.320723 -41.584639 -57.669001
-85.200302 -38.111966 -35.894103
6
-85.393532 15.150460 -49.783614
-77.460259 -1.468766 -63.227771
-73.037562 -1.265417 -68.292849
-61.621162 16.153574 -77.083684
-67.527986 27.449865 -68.457842
-80.864594 22.820291 -54.223166
8
35.220861 -93.212782 -8.418326
36.436597 -92.937324 -5.918459
62.134277 -77.668833 10.338473
66.226217 -74.791505 4.507648
63.662607 -75.665845 -14.891352
57.415489 -79.498080 -19.583587
55.724033 -80.613728 -19.906253
36.478161 -92.529334 -10.376226
5
38.693071 68.802177 -61.393051
31.218569 77.788677 -54.537351
15.633124 80.196223 -57.655627
17.242213 57.937627 -79.661393
27.023089 54.079892 -79.656248
7
80.136899 58.258335 -13.566276
80.538998 57.972977 -12.353286
79.865638 60.087673 -3.309290
56.367090 82.510950 -3.833304
52.148508 85.084034 -6.421864
52.699662 84.588302 -8.219783
71.323769 66.364242 -22.554544
8
-38.406882 -45.243085 80.485866
-37.790433 -45.704759 80.516819
-33.389940 -61.656811 71.299015
-37.527244 -65.669614 65.415654
-56.139239 -62.104022 54.694390
-70.687858 -32.712035 62.714826
-70.678729 -32.649579 62.757647
-68.247776 -32.120676 65.654423
6
42.503597 65.566182 62.406090
33.019469 46.613544 82.078573
27.495155 48.268684 83.151372
26.081695 63.611677 72.617489
37.982756 70.163019 60.286491
39.926103 69.424120 59.884872
5
66.226217 -74.791505 4.507648
75.536262 -65.431850 3.598066
77.090716 -63.074946 -8.864128
73.859849 -65.485768 -16.010526
63.662607 -75.665845 -14.891352
6
26.900817 -68.887389 67.311765
34.424140 -76.510500 54.416192
12.619888 -83.989353 52.787565
2.244856 -80.214702 59.670446
1.621765 -72.155755 69.216450
10.607145 -65.783034 74.565950
7
40.014862 83.380754 -38.032362
33.865664 83.359258 -43.638870
31.218569 77.788677 -54.537351
38.693071 68.802177 -61.393051
62.003985 61.990522 -48.090342
61.770820 63.776567 -46.009948
50.431274 79.262029 -34.266855
6
-2.427118 98.253528 -18.448665
-10.169839 91.715599 -38.533405
-9.914922 91.450598 -39.223494
-3.758611 89.349079 -44.750586
17.372688 95.961838 -22.124993
17.419544 96.024679 -21.813308
7
61.884837 -77.206519 14.471364
65.795551 -72.440593 20.574403
81.305421 -54.649837 20.070471
81.235323 -56.971974 12.450560
75.536262 -65.431850 3.598066
66.226217 -74.791505 4.507648
62.134277 -77.668833 10.338473
7
-26.734178 -13.794772 95.367647
-49.630284 -13.574703 85.747084
-53.794302 -10.667636 83.620420
-57.019800 2.297547 82.118595
-49.124198 11.119265 86.389670
-33.215759 12.252837 93.523159
-23.136333 -11.235234 96.635809
4
-76.056723 48.133528 43.572221
-81.677043 54.762693 18.163374
-67.326270 72.189590 15.994889
-62.938279 71.298324 30.908283
6
39.935947 0.813722 -91.675831
39.001185 2.882650 -92.035851
12.647914 4.399428 -99.099320
16.817433 -13.590748 -97.634346
35.388167 -19.256081 -91.525302
38.116207 -18.136821 -90.654346
6
52.201385 -18.776003 83.201425
44.618019 -21.098880 86.971660
35.235036 -9.349256 93.118653
38.571243 2.715286 92.221941
61.640879 4.634292 78.606141
61.539667 -2.018498 78.795908
6
39.926103 69.424120 59.884872
37.982756 70.163019 60.286491
19.483545 80.851411 55.528739
27.560238 87.166465 40.527036
39.647312 83.537805 38.072639
47.245103 73.477271 48.672279
7
-43.753550 6.786720 -89.663634
-36.394695 11.249835 -92.460085
-34.646291 13.592173 -92.816417
-38.105192 30.777387 -87.182262
-56.845623 46.301372 -68.005574
-67.527986 27.449865 -68.457842
-61.621162 16.153574 -77.083684
5
47.245103 73.477271 48.672279
39.647312 83.537805 38.072639
47.334952 84.863074 23.614849
56.435524 78.019974 26.979905
56.423757 69.989708 43.792700
5
72.109933 66.297191 20.120637
80.467215 59.371310 -0.273576
87.826803 47.255682 7.304327
82.743380 46.552543 31.406906
75.771584 56.110901 33.320171
8
-53.296513 74.114388 -40.823268
-46.991476 84.245694 -26.352688
-58.921195 79.777761 -12.798500
-69.657559 71.239467 -8.530116
-69.690422 71.204108 -8.556876
-72.930683 66.889894 -14.382542
-72.459804 65.567910 -21.223243
-66.320699 65.610780 -36.010976
5
13.052966 20.218948 97.060879
9.918800 2.085294 99.485019
-10.764500 -5.633966 99.259176
-10.752682 27.061196 95.666460
11.794735 21.762393 96.887989
5
-27.500742 87.404870 40.051191
-31.018750 84.699613 43.171897
-52.992999 77.792802 33.764213
-45.673516 87.911849 13.617515
-36.197075 92.017344 14.919120
5
61.539667 -2.018498 78.795908
72.330657 -19.325417 66.293321
71.460772 -25.697780 65.061372
65.548860 -27.500357 70.335463
52.201385 -18.776003 83.201425
7
-95.127521 -7.158100 -29.991939
-93.966092 -6.540348 -33.579718
-88.297725 13.091606 -45.079059
-92.095368 26.759296 -28.326370
-95.095994 27.371455 -14.406786
-95.342551 26.837328 -13.767926
-97.380250 -0.894040 -22.721964
5
89.951768 13.218282 -41.640804
85.904996 -4.565827 -50.985144
86.730458 -11.979716 -48.314739
97.789453 0.590659 -20.901530
96.618151 15.405478 -20.678591
5
-81.991206 -45.963348 34.129354
-70.687858 -32.712035 62.714826
-56.139239 -62.104022 54.694390
-62.792541 -66.344339 40.688148
-79.627856 -51.810064 31.226940
6
-53.296513 74.114388 -40.823268
-66.320699 65.610780 -36.010976
-71.436849 52.691823 -46.047242
-56.312669 48.454240 -66.940795
-53.247624 51.933937 -66.839784
-52.618958 74.016156 -41.867099
7
18.009781 -98.062361 -7.708509
35.220861 -93.212782 -8.418326
36.478161 -92.529334 -10.376226
31.213381 -85.635686 -41.137017
14.949719 -86.690042 -47.553575
7.641014 -98.588500 -14.897069
9.877178 -98.996133 -10.109748
5
-29.684534 83.311972 -46.668446
-9.914922 91.450598 -39.223494
-10.169839 91.715599 -38.533405
-20.852537 92.955735 -30.403997
-33.218394 89.306532 -30.346033
7
71.323769 66.364242 -22.554544
61.770820 63.776567 -46.009948
62.003985 61.990522 -48.090342
63.161484 60.147480 -48.917355
77.592965 46.700290 -42.407721
80.566115 45.720506 -37.666119
80.136899 58.258335 -13.566276
5
-42.214977 -63.786775 -64.413842
-24.245348 -62.646399 -74.078281
-37.465592 -36.052265 -85.419925
-52.515180 -27.555759 -80.516060
-61.263633 -34.537277 -71.091095
7
-36.197075 92.017344 14.919120
-45.673516 87.911849 13.617515
-47.218677 87.301177 12.202504
-48.569817 87.371809 -2.672050
-36.735509 91.749785 -15.247274
-24.790902 96.717898 -5.573093
-30.128847 94.809595 10.168253
7
-95.127521 -7.158100 -29.991939
-97.380250 -0.894040 -22.721964
-99.877873 4.934188 0.253384
-99.250970 -8.546096 8.729783
-98.821166 -12.524334 8.804446
-98.920663 -14.387432 2.775637
-95.530047 -9.160436 -28.108657
6
-20.852537 92.955735 -30.403997
-10.169839 91.715599 -38.533405
-2.427118 98.253528 -18.448665
-10.653322 98.997810 -9.270401
-11.430224 98.940882 -8.947172
-16.795875 98.175908 -8.910093
4
-97.521586 22.019899 2.159716
-99.877873 4.934188 0.253384
-97.380250 -0.894040 -22.721964
-95.342551 26.837328 -13.767926
8
95.594168 -1.173458 29.332201
92.034204 -2.989759 38.997008
87.351058 -1.085759 48.668406
67.422671 20.934705 70.823171
65.865630 28.529804 69.625922
88.568733 28.990605 36.264644
91.717963 22.897541 32.611622
95.660937 -0.618524 29.130784
6
-73.862317 -66.861211 -8.598638
-75.991994 -64.998088 0.682219
-74.709345 -66.219669 5.785255
-72.949894 -68.072646 6.665419
-50.793473 -86.137606 0.579607
-52.421105 -83.757189 -15.387040
6
47.334952 84.863074 23.614849
38.057441 92.461812 1.563520
52.148508 85.084034 -6.421864
56.367090 82.510950 -3.833304
69.008612 69.729160 19.381840
56.435524 78.019974 26.979905
6
-10.653322 98.997810 -9.270401
-2.427118 98.253528 -18.448665
17.419544 96.024679 -21.813308
24.017035 95.793134 -15.711702
32.689795 94.500136 1.049616
21.837865 97.063996 10.084063
6
99.862382 4.920467 -1.814824
97.366521 17.872034 -14.154541
96.631754 18.203799 -18.191367
96.618151 15.405478 -20.678591
97.789453 0.590659 -20.901530
99.266084 -3.744820 -11.498733
6
-15.744309 69.584142 70.072562
-2.235360 71.645466 69.727544
4.344145 55.765306 82.893661
-15.146837 35.931620 92.084157
-22.511068 47.990923 84.794594
-16.643438 69.090868 70.352313
4
-69.092456 42.749351 58.298589
-47.532976 49.863031 72.486512
-41.160143 35.633938 83.881256
-49.539635 21.738571 84.102670
7
80.538998 57.972977 -12.353286
91.048399 38.688693 -14.607326
93.915606 34.312286 1.589352
93.528610 35.239354 3.253782
87.826803 47.255682 7.304327
80.467215 59.371310 -0.273576
79.865638 60.087673 -3.309290
8
-33.389940 -61.656811 71.299015
-20.649170 -64.116765 73.909757
1.621765 -72.155755 69.216450
2.244856 -80.214702 59.670446
-17.473607 -88.892167 42.342126
-20.691293 -88.998669 40.633819
-27.859429 -86.135554 42.479626
-37.527244 -65.669614 65.415654
7
27.495155 48.268684 83.151372
33.019469 46.613544 82.078573
48.206162 34.512383 80.529879
33.814166 15.967663 92.745005
13.052966 20.218948 97.060879
11.794735 21.762393 96.887989
20.633003 47.448039 85.574311
9
77.541058 -30.076806 -55.522698
86.161555 -16.826068 -47.886009
86.730458 -11.979716 -48.314739
85.904996 -4.565827 -50.985144
75.963522 7.597383 -64.589652
64.278150 2.938717 -76.548568
63.193323 1.504430 -77.487680
57.345212 -25.002293 -78.015460
59.646338 -27.553241 -75.386559
5
-70.188557 -41.087502 -58.184050
-87.614241 -15.875535 -45.516065
-91.390514 -12.494196 -38.622130
-85.200302 -38.111966 -35.894103
-70.320723 -41.584639 -57.669001
6
-70.678729 -32.649579 62.757647
-74.713469 -26.286662 61.048415
-71.367194 8.595931 69.518584
-57.019800 2.297547 82.118595
-53.794302 -10.667636 83.620420
-68.247776 -32.120676 65.654423
3
-98.920663 -14.387432 2.775637
-93.240499 -32.481779 -15.847504
-95.530047 -9.160436 -28.108657
5
-6.256442 99.065632 12.118476
-11.430224 98.940882 -8.947172
-10.653322 98.997810 -9.270401
21.837865 97.063996 10.084063
21.704520 97.073053 10.282815
4
-93.975669 32.246407 11.346493
-87.515681 32.688306 35.671842
-96.002064 10.864359 25.798631
-96.796303 24.234215 6.571044
4
-61.621162 16.153574 -77.083684
-73.037562 -1.265417 -68.292849
-52.795166 -23.963942 -81.476377
-43.753550 6.786720 -89.663634
7
-45.365749 51.625694 72.641149
-22.511068 47.990923 84.794594
-15.146837 35.931620 92.084157
-15.942781 30.600106 93.858730
-18.601861 29.511539 93.717873
-41.160143 35.633938 83.881256
-47.532976 49.863031 72.486512
7
37.375333 -88.040756 29.187491
17.707679 -92.986287 32.248853
12.619888 -83.989353 52.787565
34.424140 -76.510500 54.416192
34.783525 -76.505142 54.194738
42.178284 -83.405894 35.559095
40.687648 -85.655704 31.742963
5
-95.095994 27.371455 -14.406786
-92.095368 26.759296 -28.326370
-83.392264 43.863539 -33.492092
-83.647675 46.005857 -29.774615
-88.379067 44.862691 -13.284561
6
-41.868122 -75.908654 -49.849139
-45.459029 -80.096040 -38.962817
-41.984100 -85.659679 -29.995911
-29.085092 -91.010729 -29.514483
-21.442055 -89.700357 -38.653386
-24.735752 -78.242119 -57.151669
5
72.338863 24.411259 -64.584668
56.638561 38.706670 -72.758966
40.717782 35.570282 -84.123821
64.278150 2.938717 -76.548568
75.963522 7.597383 -64.589652
5
-48.569817 87.371809 -2.672050
-47.218677 87.301177 12.202504
-64.818359 75.664345 8.572470
-69.657559 71.239467 -8.530116
-58.921195 79.777761 -12.798500
7
-52.795166 -23.963942 -81.476377
-52.515180 -27.555759 -80.516060
-37.465592 -36.052265 -85.419925
-16.274782 -28.969315 -94.318133
-10.625393 -22.589089 -96.834054
-36.394695 11.249835 -92.460085
-43.753550 6.786720 -89.663634
5
0.360612 84.768786 -53.048306
6.324905 84.410409 -53.243576
20.655529 89.726467 -39.019358
17.372688 95.961838 -22.124993
-3.758611 89.349079 -44.750586
5
-88.379067 44.862691 -13.284561
-83.647675 46.005857 -29.774615
-72.459804 65.567910 -21.223243
-72.930683 66.889894 -14.382542
-86.325852 49.697363 -8.832865
8
-31.595094 83.150986 45.690956
-31.018750 84.699613 43.171897
-27.500742 87.404870 40.051191
-6.674576 91.517330 39.749570
4.623416 79.720818 60.193150
1.303745 74.817396 66.337451
-2.235360 71.645466 69.727544
-15.744309 69.584142 70.072562
6
39.460906 35.644256 -84.689574
39.065787 35.891825 -84.768161
14.082317 24.397665 -95.950207
7.893957 8.559399 -99.319797
12.647914 4.399428 -99.099320
39.001185 2.882650 -92.035851
8
56.638561 38.706670 -72.758966
63.161484 60.147480 -48.917355
62.003985 61.990522 -48.090342
38.693071 68.802177 -61.393051
27.023089 54.079892 -79.656248
39.065787 35.891825 -84.768161
39.460906 35.644256 -84.689574
40.717782 35.570282 -84.123821
6
-67.326270 72.189590 15.994889
-81.677043 54.762693 18.163374
-83.261246 53.470229 14.439513
-69.690422 71.204108 -8.556876
-69.657559 71.239467 -8.530116
-64.818359 75.664345 8.572470
5
61.045529 -67.649136 41.195118
65.795551 -72.440593 20.574403
61.884837 -77.206519 14.471364
40.687648 -85.655704 31.742963
42.178284 -83.405894 35.559095
6
-6.256442 99.065632 12.118476
-12.044103 97.499061 18.678133
-30.128847 94.809595 10.168253
-24.790902 96.717898 -5.573093
-16.795875 98.175908 -8.910093
-11.430224 98.940882 -8.947172
7
99.266084 -3.744820 -11.498733
97.789453 0.590659 -20.901530
86.730458 -11.979716 -48.314739
86.161555 -16.826068 -47.886009
90.669293 -23.402228 -35.091523
95.795701 -20.818810 -19.742359
98.850472 -10.998018 -10.374383
6
2.025243 -25.184378 -96.755597
16.817433 -13.590748 -97.634346
12.647914 4.399428 -99.099320
7.893957 8.559399 -99.319797
1.641605 7.026785 -99.739307
-9.954501 -22.402067 -96.948725
5
24.775859 -33.065725 -91.064892
35.388167 -19.256081 -91.525302
16.817433 -13.590748 -97.634346
2.025243 -25.184378 -96.755597
4.434333 -27.992050 -95.899853
6
-5.890264 92.200046 38.268216
-6.674576 91.517330 39.749570
-27.500742 87.404870 40.051191
-36.197075 92.017344 14.919120
-30.128847 94.809595 10.168253
-12.044103 97.499061 18.678133
5
40.687648 -85.655704 31.742963
61.884837 -77.206519 14.471364
62.134277 -77.668833 10.338473
36.436597 -92.937324 -5.918459
37.375333 -88.040756 29.187491
5
-80.414093 -55.654671 20.883758
-74.709345 -66.219669 5.785255
-75.991994 -64.998088 0.682219
-90.302143 -42.158276 -8.258492
-91.868880 -39.414436 2.571207
7
-23.136333 -11.235234 96.635809
-33.215759 12.252837 93.523159
-18.601861 29.511539 93.717873
-15.942781 30.600106 93.858730
-10.752682 27.061196 95.666460
-10.764500 -5.633966 99.259176
-15.359405 -11.586286 98.131782
4
36.478161 -92.529334 -10.376226
55.724033 -80.613728 -19.906253
46.869885 -73.207572 -49.435465
31.213381 -85.635686 -41.137017
9
95.635612 -24.841397 15.386187
93.887663 -34.392992 -1.492942
91.936940 -39.014351 -5.047727
87.610377 -47.744235 -6.701484
87.218176 -48.529801 -6.152095
81.235323 -56.971974 12.450560
81.305421 -54.649837 20.070471
83.824953 -44.894532 30.949284
94.953165 -23.806077 20.424670
6
40.717782 35.570282 -84.123821
39.460906 35.644256 -84.689574
39.001185 2.882650 -92.035851
39.935947 0.813722 -91.675831
63.193323 1.504430 -77.487680
64.278150 2.938717 -76.548568
