200
6
77.934736 20.327988 59.270143
79.428454 24.141557 55.752183
90.610025 22.413416 35.881223
95.891679 12.688304 25.373074
90.042815 -5.748830 43.118932
84.161223 1.975213 53.972096
7
86.383562 48.831419 -12.384377
88.251074 43.626450 -17.563623
99.708599 -0.112137 -7.627762
99.724129 -0.871497 7.371475
96.931805 12.750002 21.015771
90.300017 42.907833 2.196533
86.591147 49.035566 -9.873526
5
-41.052025 80.217092 -43.358383
-58.637907 76.764140 -25.862380
-59.237239 68.008209 -43.195290
-49.947687 70.762803 -49.978537
-43.520282 75.089407 -49.674601
5
41.400705 54.615331 -72.822711
59.836194 49.239537 -63.206787
59.766410 56.845539 -56.538137
47.386225 75.278995 -45.690465
32.257211 78.646219 -52.671098
6
-73.547248 37.866859 -56.186327
-73.865494 28.193033 -61.229419
-69.984320 24.428189 -67.122712
-47.436240 36.501818 -80.108804
-47.432527 36.504858 -80.109617
-50.114979 47.698888 -72.203220
6
-90.289775 -34.675725 -25.403752
-92.694658 -24.126019 -28.733874
-97.102371 -17.849863 -15.890621
-94.126903 -33.503259 4.202122
-92.166097 -38.622744 3.700565
-89.177589 -44.037786 -10.393802
5
-72.770918 -57.897573 36.773150
-83.986339 -41.458391 35.035649
-79.706021 -32.742277 50.743409
-79.356587 -33.011839 51.115072
-69.895826 -45.011773 55.574399
6
-17.428641 -6.196638 98.274331
-5.629956 15.458145 98.637464
11.477119 -4.425875 99.240553
10.219122 -15.334675 98.287422
-0.544578 -26.692127 96.370295
-5.546993 -26.185966 96.351056
6
19.300751 90.928839 36.870411
33.362952 85.191559 40.364734
38.788095 76.937656 50.755107
38.143065 76.844034 51.381914
16.951172 78.822633 59.157843
16.509162 91.150890 37.669123
7
-23.894743 -77.385819 58.655573
-51.580473 -60.025465 61.126086
-49.859246 -55.016887 66.986549
-40.284370 -48.944377 77.340917
-24.660305 -50.323231 82.821747
-18.150271 -57.102836 80.061437
-19.553675 -75.594907 62.474506
7
40.086987 -57.279099 71.499219
42.378770 -52.698258 73.667724
51.889687 -44.155709 73.196542
70.161200 -36.587547 61.145380
74.090849 -47.773447 47.204277
57.540141 -65.649359 48.778005
50.509352 -67.226423 54.124055
4
88.165354 -35.991237 -30.520506
92.650104 -37.578328 -1.956421
94.818129 -31.687625 -2.327414
96.664321 -17.282906 -18.902651
5
92.658909 -17.797613 33.129617
88.128267 -35.442695 31.260582
84.287617 -38.942746 37.135698
84.534135 -19.198141 49.853900
89.827320 -8.602814 43.093435
6
-50.114979 47.698888 -72.203220
-47.432527 36.504858 -80.109617
-40.536365 33.481871 -85.063314
-21.671813 55.743794 -80.143383
-27.690705 66.949688 -68.927238
-49.037802 51.393133 -70.384940
5
23.816742 -63.638782 73.368033
40.086987 -57.279099 71.499219
50.509352 -67.226423 54.124055
41.091892 -78.712481 45.997845
19.320766 -84.667824 49.578902
6
-73.547248 37.866859 -56.186327
-50.114979 47.698888 -72.203220
-49.037802 51.393133 -70.384940
-54.434864 57.433441 -61.141192
-71.144001 53.119941 -46.008727
-74.754894 40.573858 -52.587717
7
5.824141 -52.283213 85.044371
-18.150271 -57.102836 80.061437
-24.660305 -50.323231 82.821747
-24.482004 -34.652116 90.553091
-5.546993 -26.185966 96.351056
-0.544578 -26.692127 96.370295
7.674207 -43.052337 89.931101
6
-79.075508 -1.664090 -61.190643
-86.360457 3.671146 -50.283140
-90.590284 -15.397282 -39.450274
-90.318525 -17.875474 -39.026037
-82.003670 -28.514018 -49.622061
-70.761167 -26.401325 -65.542561
4
34.649021 8.882304 93.383885
42.587198 4.806581 90.350580
36.831362 -17.809909 91.248331
22.546830 -1.767117 97.409023
7
70.161200 -36.587547 61.145380
72.766084 -29.003443 62.160254
77.517551 -22.671273 58.966453
84.534135 -19.198141 49.853900
84.287617 -38.942746 37.135698
78.815987 -46.443360 40.386317
74.090849 -47.773447 47.204277
8
69.595484 -70.869456 11.575349
69.831303 -70.720723 11.052986
69.728176 -70.677683 -11.943476
58.534304 -77.679818 -23.228887
45.153803 -87.926433 -15.168273
45.082120 -88.006575 -14.914599
50.612604 -86.240299 0.987550
68.894467 -71.475367 12.034293
7
86.591147 49.035566 -9.873526
74.320145 66.207152 9.650339
60.278685 79.780354 1.255093
58.103110 80.443450 -12.364462
75.391957 62.140894 -21.320462
76.325364 61.030477 -21.206594
86.383562 48.831419 -12.384377
6
-30.192807 -95.122302 6.335784
-12.253760 -99.107562 5.247530
-10.210768 -99.445378 2.521320
-11.528651 -97.399629 -19.503910
-13.852278 -96.775101 -21.040302
-42.015817 -90.248855 -9.477090
4
-57.640531 -64.517656 50.150187
-38.094260 -85.829568 34.381866
-58.123126 -77.379100 25.182873
-68.230629 -63.671263 35.924247
6
-7.220034 47.512512 -87.695110
-26.709879 18.608610 -94.553170
-25.436043 13.254110 -95.798415
-1.406062 10.717540 -99.414070
17.893528 26.886730 -94.641034
9.580594 50.446957 -85.809771
6
58.773737 -13.261797 79.810855
59.661177 -9.011722 79.745425
69.505695 -3.184942 71.824887
75.386592 -6.716835 65.358594
77.517551 -22.671273 58.966453
72.766084 -29.003443 62.160254
7
98.202384 -14.854452 11.646329
94.818129 -31.687625 -2.327414
92.650104 -37.578328 -1.956421
91.003125 -41.452784 0.312860
90.382586 -39.735147 15.877857
91.097491 -35.826131 20.438579
97.392020 -17.319664 14.656865
7
-6.841551 99.117748 11.351882
-25.093036 95.871197 13.381074
-41.448690 90.914377 -4.072125
-26.231804 90.813697 -32.630736
-5.669746 95.563018 -28.906117
-0.421097 99.465927 -10.312715
-6.043870 99.248596 10.638975
5
67.724729 -56.816556 -46.746550
75.276713 -62.598320 -20.368281
83.705517 -51.661619 -18.012870
86.876537 -37.404587 -32.455574
86.815986 -37.407240 -32.614152
5
-8.871394 -77.992640 61.955198
-19.553675 -75.594907 62.474506
-18.150271 -57.102836 80.061437
5.824141 -52.283213 85.044371
23.458269 -63.604321 73.513264
5
-96.602057 8.394263 -24.445426
-99.770488 -1.186674 -6.666449
-99.705938 -4.636027 -6.101892
-98.038309 -12.947441 -14.861147
-96.632630 -2.298186 -25.629148
6
71.551973 26.410529 -64.674563
59.836194 49.239537 -63.206787
41.400705 54.615331 -72.822711
36.718458 53.791348 -75.883106
39.395465 28.450454 -87.398907
50.812055 22.891211 -83.030883
7
74.090849 -47.773447 47.204277
78.815987 -46.443360 40.386317
77.249739 -59.779337 21.422155
69.595484 -70.869456 11.575349
68.894467 -71.475367 12.034293
64.316409 -73.956599 19.844921
57.540141 -65.649359 48.778005
5
64.316409 -73.956599 19.844921
42.012020 -86.237576 28.250143
41.091892 -78.712481 45.997845
50.509352 -67.226423 54.124055
57.540141 -65.649359 48.778005
7
17.361195 56.914616 -80.369866
12.997291 55.765458 -81.983438
9.580594 50.446957 -85.809771
17.893528 26.886730 -94.641034
20.640230 25.839758 -94.373131
39.395465 28.450454 -87.398907
36.718458 53.791348 -75.883106
6
-4.725892 -33.469437 -94.114094
11.120817 -11.583103 -98.702377
-1.406062 10.717540 -99.414070
-25.436043 13.254110 -95.798415
-27.476613 9.944175 -95.635501
-15.209697 -33.589329 -92.953871
7
7.308213 93.156457 35.615511
-6.841551 99.117748 11.351882
-6.043870 99.248596 10.638975
33.327258 94.052370 6.591325
33.399077 94.018383 6.711584
19.300751 90.928839 36.870411
16.509162 91.150890 37.669123
7
-29.155055 -86.166719 41.536482
-35.489532 -86.888451 34.509276
-38.094260 -85.829568 34.381866
-57.640531 -64.517656 50.150187
-54.914129 -60.128696 58.042901
-51.580473 -60.025465 61.126086
-23.894743 -77.385819 58.655573
4
18.183289 -92.431720 -33.552125
19.377087 -92.960100 -31.352008
40.838899 -88.221024 -23.435769
41.555574 -79.874144 -43.511555
5
-91.146714 40.195679 -8.751225
-93.233040 35.170487 8.404593
-99.050674 13.631335 1.774995
-99.093999 13.410865 0.726747
-96.071077 22.356634 -16.447767
8
-12.830723 64.814533 75.062966
-24.997185 79.172553 55.739103
-20.108017 84.066085 50.284799
-6.816260 84.988428 52.254241
8.275946 73.836324 66.930605
8.169286 70.298370 70.649855
3.242828 64.774805 76.116415
2.985342 64.686762 76.201775
5
59.766410 56.845539 -56.538137
76.325364 61.030477 -21.206594
75.391957 62.140894 -21.320462
49.727441 77.405323 -39.186702
47.386225 75.278995 -45.690465
7
-87.421314 31.148750 -37.246062
-83.401935 51.087478 -20.837150
-89.294967 43.762591 -10.547252
-91.146714 40.195679 -8.751225
-96.071077 22.356634 -16.447767
-94.786729 16.430508 -27.304110
-91.994363 18.168305 -34.741184
5
92.276714 -2.463374 -38.456988
81.359774 0.065969 -58.142780
80.888640 -5.249428 -58.561690
86.006502 -24.160470 -44.934990
93.239467 -10.509917 -34.582414
9
47.386225 75.278995 -45.690465
49.727441 77.405323 -39.186702
43.287881 88.293522 -18.177276
35.563611 92.328088 -14.517361
30.519654 93.422217 -18.461856
14.895213 89.349672 -42.364710
17.853700 85.884479 -48.011475
28.264806 80.013139 -52.905561
32.257211 78.646219 -52.671098
6
41.555574 -79.874144 -43.511555
40.838899 -88.221024 -23.435769
45.153803 -87.926433 -15.168273
58.534304 -77.679818 -23.228887
52.742456 -66.662856 -52.671596
47.854120 -70.881410 -51.824791
7
-87.651179 12.850283 46.391174
-82.353850 36.960421 43.032205
-76.576156 40.825417 49.692834
-69.159479 36.826257 62.135282
-68.505847 32.838083 65.027757
-78.979875 9.365675 60.617352
-87.421249 12.050753 47.035142
6
56.717498 -59.854339 -56.573700
52.742456 -66.662856 -52.671596
58.534304 -77.679818 -23.228887
69.728176 -70.677683 -11.943476
75.276713 -62.598320 -20.368281
67.724729 -56.816556 -46.746550
6
-42.058464 -59.156077 -68.786947
-55.926456 -57.342904 -59.866710
-51.769899 -68.014637 -51.902665
-40.830761 -74.233419 -53.124838
-30.254121 -71.292241 -63.262189
-32.036207 -66.282274 -67.678221
5
-42.904531 16.687558 88.773457
-54.015505 11.132705 83.416954
-54.666260 11.612633 82.926153
-56.987761 31.712972 75.806876
-32.179525 33.553693 88.536026
5
33.265290 13.261426 93.367848
7.868889 27.528967 95.813551
12.970610 32.659201 93.622326
36.838915 35.656756 85.857382
40.245804 33.977693 85.004657
5
-65.662248 -51.222506 -55.359950
-80.191201 -43.989305 -40.426628
-80.637914 -44.962118 -38.417897
-75.840689 -58.838339 -28.039967
-68.201882 -65.818040 -31.882421
5
-78.072378 61.943517 8.228272
-71.068225 62.032942 33.184659
-86.060488 43.096080 27.135224
-88.481834 40.961428 22.206450
-81.584809 57.214598 8.390991
6
14.895213 89.349672 -42.364710
12.596877 89.997644 -41.734191
-16.377076 82.120098 -54.663341
-16.549144 74.665200 -64.430069
9.256213 80.833597 -58.139936
17.853700 85.884479 -48.011475
6
35.028822 59.382753 72.433902
31.248402 63.417797 70.722842
38.143065 76.844034 51.381914
38.788095 76.937656 50.755107
49.924670 71.231744 49.331186
51.794859 51.532743 68.276416
8
60.278685 79.780354 1.255093
49.055533 86.076582 13.578542
43.804823 88.652854 14.893253
33.399077 94.018383 6.711584
33.327258 94.052370 6.591325
35.563611 92.328088 -14.517361
43.287881 88.293522 -18.177276
58.103110 80.443450 -12.364462
7
-78.423687 57.503786 -23.303218
-62.996287 77.199774 -8.465386
-62.906414 77.295085 -8.261530
-78.072378 61.943517 8.228272
-81.584809 57.214598 8.390991
-89.294967 43.762591 -10.547252
-83.401935 51.087478 -20.837150
7
-40.830761 -74.233419 -53.124838
-35.514008 -87.035322 -34.111697
-33.599268 -87.442857 -34.997657
-19.343037 -84.887935 -49.192332
-20.773391 -76.605330 -60.828362
-21.339019 -75.929550 -61.476415
-30.254121 -71.292241 -63.262189
5
73.366249 24.909501 -63.221122
81.359774 0.065969 -58.142780
92.276714 -2.463374 -38.456988
94.914423 7.642210 -30.542576
87.310792 31.536754 -37.178740
7
19.584919 -95.270678 23.236368
13.721138 -88.623107 44.245625
13.921939 -87.977889 45.454051
19.320766 -84.667824 49.578902
41.091892 -78.712481 45.997845
42.012020 -86.237576 28.250143
25.878556 -94.809882 18.476653
6
35.028822 59.382753 72.433902
27.528083 49.941520 82.146511
16.091684 50.856545 84.585280
3.242828 64.774805 76.116415
8.169286 70.298370 70.649855
31.248402 63.417797 70.722842
5
30.519654 93.422217 -18.461856
-0.421097 99.465927 -10.312715
-5.669746 95.563018 -28.906117
12.596877 89.997644 -41.734191
14.895213 89.349672 -42.364710
5
74.320145 66.207152 9.650339
71.406427 67.763136 17.586343
66.269768 71.927017 20.852387
49.055533 86.076582 13.578542
60.278685 79.780354 1.255093
7
37.440991 -9.349400 -92.253786
20.640230 25.839758 -94.373131
17.893528 26.886730 -94.641034
-1.406062 10.717540 -99.414070
11.120817 -11.583103 -98.702377
36.677898 -11.212296 -92.352673
37.440935 -9.350731 -92.253673
6
11.477119 -4.425875 99.240553
22.546830 -1.767117 97.409023
36.831362 -17.809909 91.248331
37.320816 -20.802436 90.412473
31.043605 -28.229270 90.771157
10.219122 -15.334675 98.287422
6
66.269768 71.927017 20.852387
71.406427 67.763136 17.586343
75.462596 52.766707 39.000914
71.373515 56.066426 41.980678
55.024289 71.026349 43.904276
55.931473 74.005816 37.347148
6
73.366249 24.909501 -63.221122
72.585770 25.342689 -63.945712
61.593831 -0.865680 -78.774682
65.961069 -25.461066 -70.716840
80.888640 -5.249428 -58.561690
81.359774 0.065969 -58.142780
6
-82.353850 36.960421 43.032205
-86.060488 43.096080 27.135224
-71.068225 62.032942 33.184659
-69.361018 63.154283 34.649471
-67.941112 60.724657 41.188849
-76.576156 40.825417 49.692834
8
53.013713 -44.444636 -72.209560
45.564235 -41.898694 -78.539162
20.579608 -50.821436 -83.628113
15.144451 -68.257113 -71.495539
21.740230 -77.998955 -58.681560
47.854120 -70.881410 -51.824791
52.742456 -66.662856 -52.671596
56.717498 -59.854339 -56.573700
5
-21.339019 -75.929550 -61.476415
-20.773391 -76.605330 -60.828362
-0.719227 -79.854454 -60.189275
1.037548 -72.452944 -68.916575
-8.141339 -67.248371 -73.562050
7
54.156431 -18.938989 81.904797
37.320816 -20.802436 90.412473
36.831362 -17.809909 91.248331
42.587198 4.806581 90.350580
51.789608 4.758371 85.411910
59.661177 -9.011722 79.745425
58.773737 -13.261797 79.810855
6
-85.297928 -40.823174 32.522790
-83.986339 -41.458391 35.035649
-72.770918 -57.897573 36.773150
-70.753588 -61.356107 35.062201
-75.632430 -60.714532 24.361471
-88.209069 -45.072458 13.697946
7
75.776262 37.906611 53.113529
79.428454 24.141557 55.752183
77.934736 20.327988 59.270143
72.121310 18.753444 66.684518
58.721798 25.089947 76.956124
52.269935 35.345875 77.579141
53.700364 48.172457 69.250886
5
58.721798 25.089947 76.956124
72.121310 18.753444 66.684518
69.505695 -3.184942 71.824887
59.661177 -9.011722 79.745425
51.789608 4.758371 85.411910
6
-32.036207 -66.282274 -67.678221
-30.254121 -71.292241 -63.262189
-21.339019 -75.929550 -61.476415
-8.141339 -67.248371 -73.562050
-8.689735 -64.003599 -76.341521
-21.026035 -54.306917 -81.293693
5
-78.423687 57.503786 -23.303218
-71.252763 55.017281 -43.544719
-59.237239 68.008209 -43.195290
-58.637907 76.764140 -25.862380
-62.996287 77.199774 -8.465386
6
25.878556 -94.809882 18.476653
42.012020 -86.237576 28.250143
64.316409 -73.956599 19.844921
68.894467 -71.475367 12.034293
50.612604 -86.240299 0.987550
26.272513 -94.972828 17.026951
8
-0.246012 -97.468955 -22.354915
5.640028 -99.554603 -7.554537
21.370191 -97.468204 -6.577554
21.411580 -97.454152 -6.650750
19.377087 -92.960100 -31.352008
18.183289 -92.431720 -33.552125
14.458662 -92.182374 -35.963274
3.294785 -95.237465 -30.314513
5
-94.413103 20.537163 25.775780
-98.408677 8.446441 15.632978
-99.050674 13.631335 1.774995
-93.233040 35.170487 8.404593
-90.884875 36.830261 19.582427
4
91.097491 -35.826131 20.438579
88.128267 -35.442695 31.260582
92.658909 -17.797613 33.129617
97.392020 -17.319664 14.656865
6
-65.662248 -51.222506 -55.359950
-68.201882 -65.818040 -31.882421
-61.953843 -72.097751 -31.042482
-51.769899 -68.014637 -51.902665
-55.926456 -57.342904 -59.866710
-62.353402 -50.024411 -60.080043
6
78.815987 -46.443360 40.386317
84.287617 -38.942746 37.135698
88.128267 -35.442695 31.260582
91.097491 -35.826131 20.438579
90.382586 -39.735147 15.877857
77.249739 -59.779337 21.422155
6
-87.113859 8.523023 -48.358388
-86.360457 3.671146 -50.283140
-79.075508 -1.664090 -61.190643
-66.906323 8.582425 -73.823342
-69.984320 24.428189 -67.122712
-73.865494 28.193033 -61.229419
5
49.924670 71.231744 49.331186
55.024289 71.026349 43.904276
71.373515 56.066426 41.980678
53.379734 49.094052 68.850403
51.794859 51.532743 68.276416
6
-70.753588 -61.356107 35.062201
-68.230629 -63.671263 35.924247
-58.123126 -77.379100 25.182873
-64.776363 -76.133405 2.779839
-70.363107 -70.988158 3.116823
-75.632430 -60.714532 24.361471
4
8.421400 61.852131 -78.124221
9.256213 80.833597 -58.139936
-16.549144 74.665200 -64.430069
-16.745988 74.332772 -64.762727
5
-6.043870 99.248596 10.638975
-0.421097 99.465927 -10.312715
30.519654 93.422217 -18.461856
35.563611 92.328088 -14.517361
33.327258 94.052370 6.591325
7
57.560158 -39.968090 -71.339890
65.961069 -25.461066 -70.716840
61.593831 -0.865680 -78.774682
37.440935 -9.350731 -92.253673
36.677898 -11.212296 -92.352673
45.564235 -41.898694 -78.539162
53.013713 -44.444636 -72.209560
7
2.985342 64.686762 76.201775
3.242828 64.774805 76.116415
16.091684 50.856545 84.585280
12.970610 32.659201 93.622326
7.868889 27.528967 95.813551
-6.063457 22.228128 97.309531
-12.127786 29.701591 94.713950
7
90.300017 42.907833 2.196533
82.747068 45.670609 32.666776
76.535590 51.129708 39.090363
75.462596 52.766707 39.000914
71.406427 67.763136 17.586343
74.320145 66.207152 9.650339
86.591147 49.035566 -9.873526
6
53.379734 49.094052 68.850403
71.373515 56.066426 41.980678
75.462596 52.766707 39.000914
76.535590 51.129708 39.090363
75.776262 37.906611 53.113529
53.700364 48.172457 69.250886
6
-27.315151 67.724437 -68.317517
-43.520282 75.089407 -49.674601
-49.947687 70.762803 -49.978537
-54.434864 57.433441 -61.141192
-49.037802 51.393133 -70.384940
-27.690705 66.949688 -68.927238
6
-69.159479 36.826257 62.135282
-55.253167 59.637115 58.228017
-54.205347 60.078268 58.756975
-46.007218 52.254657 71.782914
-57.107668 31.853247 75.657682
-68.505847 32.838083 65.027757
5
96.948821 -15.571990 -18.932493
99.467696 -1.452270 -10.201395
94.914423 7.642210 -30.542576
92.276714 -2.463374 -38.456988
93.239467 -10.509917 -34.582414
6
-13.852278 -96.775101 -21.040302
-11.528651 -97.399629 -19.503910
-0.246012 -97.468955 -22.354915
3.294785 -95.237465 -30.314513
-9.500280 -93.282481 -34.758069
-15.565665 -93.829269 -30.883303
6
5.604114 -85.615820 -51.366577
-9.982728 -87.908009 -46.610376
-9.500280 -93.282481 -34.758069
3.294785 -95.237465 -30.314513
14.458662 -92.182374 -35.963274
9.981563 -86.194074 -49.708651
7
52.269935 35.345875 77.579141
58.721798 25.089947 76.956124
51.789608 4.758371 85.411910
42.587198 4.806581 90.350580
34.649021 8.882304 93.383885
33.265290 13.261426 93.367848
40.245804 33.977693 85.004657
4
49.727441 77.405323 -39.186702
75.391957 62.140894 -21.320462
58.103110 80.443450 -12.364462
43.287881 88.293522 -18.177276
7
96.948821 -15.571990 -18.932493
96.664321 -17.282906 -18.902651
94.818129 -31.687625 -2.327414
98.202384 -14.854452 11.646329
99.724129 -0.871497 7.371475
99.708599 -0.112137 -7.627762
99.467696 -1.452270 -10.201395
6
21.740230 -77.998955 -58.681560
15.144451 -68.257113 -71.495539
1.037548 -72.452944 -68.916575
-0.719227 -79.854454 -60.189275
5.604114 -85.615820 -51.366577
9.981563 -86.194074 -49.708651
5
50.612604 -86.240299 0.987550
45.082120 -88.006575 -14.914599
21.411580 -97.454152 -6.650750
21.370191 -97.468204 -6.577554
26.272513 -94.972828 17.026951
7
-48.185440 -86.323096 -15.049467
-64.776363 -76.133405 2.779839
-58.123126 -77.379100 25.182873
-38.094260 -85.829568 34.381866
-35.489532 -86.888451 34.509276
-30.192807 -95.122302 6.335784
-42.015817 -90.248855 -9.477090
5
87.075651 -49.119647 -2.256395
83.705517 -51.661619 -18.012870
75.276713 -62.598320 -20.368281
69.728176 -70.677683 -11.943476
69.831303 -70.720723 11.052986
5
96.931805 12.750002 21.015771
95.891679 12.688304 25.373074
90.610025 22.413416 35.881223
82.747068 45.670609 32.666776
90.300017 42.907833 2.196533
4
-5.546993 -26.185966 96.351056
-24.482004 -34.652116 90.553091
-40.330313 -15.613504 90.164762
-17.428641 -6.196638 98.274331
5
-97.102371 -17.849863 -15.890621
-98.038309 -12.947441 -14.861147
-99.705938 -4.636027 -6.101892
-97.647826 -15.357633 15.134239
-94.126903 -33.503259 4.202122
7
-42.015817 -90.248855 -9.477090
-13.852278 -96.775101 -21.040302
-15.565665 -93.829269 -30.883303
-33.599268 -87.442857 -34.997657
-35.514008 -87.035322 -34.111697
-48.216997 -86.222979 -15.515125
-48.185440 -86.323096 -15.049467
5
88.251074 43.626450 -17.563623
87.310792 31.536754 -37.178740
94.914423 7.642210 -30.542576
99.467696 -1.452270 -10.201395
99.708599 -0.112137 -7.627762
6
-74.754894 40.573858 -52.587717
-87.421314 31.148750 -37.246062
-91.994363 18.168305 -34.741184
-87.113859 8.523023 -48.358388
-73.865494 28.193033 -61.229419
-73.547248 37.866859 -56.186327
6
7.308213 93.156457 35.615511
-6.816260 84.988428 52.254241
-20.108017 84.066085 50.284799
-29.647415 91.437447 27.572161
-25.093036 95.871197 13.381074
-6.841551 99.117748 11.351882
5
85.705513 -26.202471 -44.362096
86.006502 -24.160470 -44.934990
80.888640 -5.249428 -58.561690
65.961069 -25.461066 -70.716840
57.560158 -39.968090 -71.339890
5
-49.859246 -55.016887 66.986549
-60.702348 -37.013865 70.322107
-58.341628 -22.693430 77.982451
-56.493802 -22.448965 79.400846
-40.284370 -48.944377 77.340917
4
50.812055 22.891211 -83.030883
39.395465 28.450454 -87.398907
20.640230 25.839758 -94.373131
37.440991 -9.349400 -92.253786
6
61.593831 -0.865680 -78.774682
72.585770 25.342689 -63.945712
71.551973 26.410529 -64.674563
50.812055 22.891211 -83.030883
37.440991 -9.349400 -92.253786
37.440935 -9.350731 -92.253673
5
-33.337015 7.783164 93.957787
-41.085021 -15.275043 89.881556
-46.059008 -14.996442 87.485282
-54.015505 11.132705 83.416954
-42.904531 16.687558 88.773457
6
-34.990169 73.392343 58.217283
-28.068722 56.185973 77.815701
-31.171924 51.680047 79.733832
-46.007218 52.254657 71.782914
-54.205347 60.078268 58.756975
-44.870587 70.204421 55.298912
5
-61.953843 -72.097751 -31.042482
-48.216997 -86.222979 -15.515125
-35.514008 -87.035322 -34.111697
-40.830761 -74.233419 -53.124838
-51.769899 -68.014637 -51.902665
7
-91.994363 18.168305 -34.741184
-94.786729 16.430508 -27.304110
-96.602057 8.394263 -24.445426
-96.632630 -2.298186 -25.629148
-90.590284 -15.397282 -39.450274
-86.360457 3.671146 -50.283140
-87.113859 8.523023 -48.358388
9
86.383562 48.831419 -12.384377
76.325364 61.030477 -21.206594
59.766410 56.845539 -56.538137
59.836194 49.239537 -63.206787
71.551973 26.410529 -64.674563
72.585770 25.342689 -63.945712
73.366249 24.909501 -63.221122
87.310792 31.536754 -37.178740
88.251074 43.626450 -17.563623
5
10.219122 -15.334675 98.287422
31.043605 -28.229270 90.771157
30.647644 -31.283308 89.900370
7.674207 -43.052337 89.931101
-0.544578 -26.692127 96.370295
6
12.997291 55.765458 -81.983438
17.361195 56.914616 -80.369866
28.264806 80.013139 -52.905561
17.853700 85.884479 -48.011475
9.256213 80.833597 -58.139936
8.421400 61.852131 -78.124221
4
-69.159479 36.826257 62.135282
-76.576156 40.825417 49.692834
-67.941112 60.724657 41.188849
-55.253167 59.637115 58.228017
8
-97.211706 -12.139641 20.062734
-95.219077 -12.944235 27.672625
-85.297928 -40.823174 32.522790
-88.209069 -45.072458 13.697946
-89.103854 -44.259813 10.078300
-92.166097 -38.622744 3.700565
-94.126903 -33.503259 4.202122
-97.647826 -15.357633 15.134239
6
-62.906414 77.295085 -8.261530
-58.841756 80.691814 -5.145763
-61.160786 73.645155 28.909333
-69.361018 63.154283 34.649471
-71.068225 62.032942 33.184659
-78.072378 61.943517 8.228272
7
-29.155055 -86.166719 41.536482
-23.894743 -77.385819 58.655573
-19.553675 -75.594907 62.474506
-8.871394 -77.992640 61.955198
13.921939 -87.977889 45.454051
13.721138 -88.623107 44.245625
-12.507010 -92.218054 36.597886
8
93.239467 -10.509917 -34.582414
86.006502 -24.160470 -44.934990
85.705513 -26.202471 -44.362096
86.815986 -37.407240 -32.614152
86.876537 -37.404587 -32.455574
88.165354 -35.991237 -30.520506
96.664321 -17.282906 -18.902651
96.948821 -15.571990 -18.932493
5
77.934736 20.327988 59.270143
84.161223 1.975213 53.972096
75.386592 -6.716835 65.358594
69.505695 -3.184942 71.824887
72.121310 18.753444 66.684518
5
-88.209069 -45.072458 13.697946
-75.632430 -60.714532 24.361471
-70.363107 -70.988158 3.116823
-71.145889 -70.220264 2.716062
-89.103854 -44.259813 10.078300
6
-26.852078 36.488466 89.149076
-31.171924 51.680047 79.733832
-28.068722 56.185973 77.815701
-12.830723 64.814533 75.062966
2.985342 64.686762 76.201775
-12.127786 29.701591 94.713950
7
-44.870587 70.204421 55.298912
-54.205347 60.078268 58.756975
-55.253167 59.637115 58.228017
-67.941112 60.724657 41.188849
-69.361018 63.154283 34.649471
-61.160786 73.645155 28.909333
-48.125658 80.040398 35.741511
7
-97.211706 -12.139641 20.062734
-97.647826 -15.357633 15.134239
-99.705938 -4.636027 -6.101892
-99.770488 -1.186674 -6.666449
-99.093999 13.410865 0.726747
-99.050674 13.631335 1.774995
-98.408677 8.446441 15.632978
4
5.640028 -99.554603 -7.554537
-0.246012 -97.468955 -22.354915
-11.528651 -97.399629 -19.503910
-10.210768 -99.445378 2.521320
4
-1.103301 -98.388969 17.843585
-12.507010 -92.218054 36.597886
13.721138 -88.623107 44.245625
19.584919 -95.270678 23.236368
6
-17.428641 -6.196638 98.274331
-40.330313 -15.613504 90.164762
-41.085021 -15.275043 89.881556
-33.337015 7.783164 93.957787
-6.388413 19.415206 97.888906
-5.629956 15.458145 98.637464
6
-94.413103 20.537163 25.775780
-90.884875 36.830261 19.582427
-88.481834 40.961428 22.206450
-86.060488 43.096080 27.135224
-82.353850 36.960421 43.032205
-87.651179 12.850283 46.391174
5
-15.565665 -93.829269 -30.883303
-9.500280 -93.282481 -34.758069
-9.982728 -87.908009 -46.610376
-19.343037 -84.887935 -49.192332
-33.599268 -87.442857 -34.997657
7
23.458269 -63.604321 73.513264
5.824141 -52.283213 85.044371
7.674207 -43.052337 89.931101
30.647644 -31.283308 89.900370
42.378770 -52.698258 73.667724
40.086987 -57.279099 71.499219
23.816742 -63.638782 73.368033
8
-5.629956 15.458145 98.637464
-6.388413 19.415206 97.888906
-6.063457 22.228128 97.309531
7.868889 27.528967 95.813551
33.265290 13.261426 93.367848
34.649021 8.882304 93.383885
22.546830 -1.767117 97.409023
11.477119 -4.425875 99.240553
5
16.509162 91.150890 37.669123
16.951172 78.822633 59.157843
8.275946 73.836324 66.930605
-6.816260 84.988428 52.254241
7.308213 93.156457 35.615511
8
12.997291 55.765458 -81.983438
8.421400 61.852131 -78.124221
-16.745988 74.332772 -64.762727
-27.315151 67.724437 -68.317517
-27.690705 66.949688 -68.927238
-21.671813 55.743794 -80.143383
-7.220034 47.512512 -87.695110
9.580594 50.446957 -85.809771
6
84.534135 -19.198141 49.853900
77.517551 -22.671273 58.966453
75.386592 -6.716835 65.358594
84.161223 1.975213 53.972096
90.042815 -5.748830 43.118932
89.827320 -8.602814 43.093435
6
-12.253760 -99.107562 5.247530
-30.192807 -95.122302 6.335784
-35.489532 -86.888451 34.509276
-29.155055 -86.166719 41.536482
-12.507010 -92.218054 36.597886
-1.103301 -98.388969 17.843585
8
-62.996287 77.199774 -8.465386
-58.637907 76.764140 -25.862380
-41.052025 80.217092 -43.358383
-26.488384 90.435452 -33.463331
-26.231804 90.813697 -32.630736
-41.448690 90.914377 -4.072125
-58.841756 80.691814 -5.145763
-62.906414 77.295085 -8.261530
6
-48.125658 80.040398 35.741511
-61.160786 73.645155 28.909333
-58.841756 80.691814 -5.145763
-41.448690 90.914377 -4.072125
-25.093036 95.871197 13.381074
-29.647415 91.437447 27.572161
8
-12.253760 -99.107562 5.247530
-1.103301 -98.388969 17.843585
19.584919 -95.270678 23.236368
25.878556 -94.809882 18.476653
26.272513 -94.972828 17.026951
21.370191 -97.468204 -6.577554
5.640028 -99.554603 -7.554537
-10.210768 -99.445378 2.521320
6
-80.637914 -44.962118 -38.417897
-80.191201 -43.989305 -40.426628
-82.003670 -28.514018 -49.622061
-90.318525 -17.875474 -39.026037
-92.694658 -24.126019 -28.733874
-90.289775 -34.675725 -25.403752
5
-54.362208 -22.773431 -80.784412
-18.921343 -35.992172 -91.359435
-15.209697 -33.589329 -92.953871
-27.476613 9.944175 -95.635501
-51.658798 -4.472929 -85.506500
6
-81.584809 57.214598 8.390991
-88.481834 40.961428 22.206450
-90.884875 36.830261 19.582427
-93.233040 35.170487 8.404593
-91.146714 40.195679 -8.751225
-89.294967 43.762591 -10.547252
6
-87.421249 12.050753 47.035142
-78.979875 9.365675 60.617352
-76.633516 4.263391 64.102478
-75.889321 -2.624499 65.068602
-83.557703 -22.426307 50.151481
-93.739231 -11.444828 32.893352
6
-93.739231 -11.444828 32.893352
-83.557703 -22.426307 50.151481
-79.706021 -32.742277 50.743409
-83.986339 -41.458391 35.035649
-85.297928 -40.823174 32.522790
-95.219077 -12.944235 27.672625
5
76.535590 51.129708 39.090363
82.747068 45.670609 32.666776
90.610025 22.413416 35.881223
79.428454 24.141557 55.752183
75.776262 37.906611 53.113529
5
-19.343037 -84.887935 -49.192332
-9.982728 -87.908009 -46.610376
5.604114 -85.615820 -51.366577
-0.719227 -79.854454 -60.189275
-20.773391 -76.605330 -60.828362
7
-46.059008 -14.996442 87.485282
-41.085021 -15.275043 89.881556
-40.330313 -15.613504 90.164762
-24.482004 -34.652116 90.553091
-24.660305 -50.323231 82.821747
-40.284370 -48.944377 77.340917
-56.493802 -22.448965 79.400846
6
-29.647415 91.437447 27.572161
-20.108017 84.066085 50.284799
-24.997185 79.172553 55.739103
-34.990169 73.392343 58.217283
-44.870587 70.204421 55.298912
-48.125658 80.040398 35.741511
5
-75.889321 -2.624499 65.068602
-60.173898 -21.792933 76.838597
-79.356587 -33.011839 51.115072
-79.706021 -32.742277 50.743409
-83.557703 -22.426307 50.151481
6
-57.107668 31.853247 75.657682
-56.987761 31.712972 75.806876
-54.666260 11.612633 82.926153
-76.633516 4.263391 64.102478
-78.979875 9.365675 60.617352
-68.505847 32.838083 65.027757
9
-48.185440 -86.323096 -15.049467
-48.216997 -86.222979 -15.515125
-61.953843 -72.097751 -31.042482
-68.201882 -65.818040 -31.882421
-75.840689 -58.838339 -28.039967
-80.827293 -56.303221 -17.230671
-71.145889 -70.220264 2.716062
-70.363107 -70.988158 3.116823
-64.776363 -76.133405 2.779839
7
-16.377076 82.120098 -54.663341
-26.488384 90.435452 -33.463331
-41.052025 80.217092 -43.358383
-43.520282 75.089407 -49.674601
-27.315151 67.724437 -68.317517
-16.745988 74.332772 -64.762727
-16.549144 74.665200 -64.430069
6
51.889687 -44.155709 73.196542
42.378770 -52.698258 73.667724
30.647644 -31.283308 89.900370
31.043605 -28.229270 90.771157
37.320816 -20.802436 90.412473
54.156431 -18.938989 81.904797
6
-92.694658 -24.126019 -28.733874
-90.318525 -17.875474 -39.026037
-90.590284 -15.397282 -39.450274
-96.632630 -2.298186 -25.629148
-98.038309 -12.947441 -14.861147
-97.102371 -17.849863 -15.890621
6
-62.353402 -50.024411 -60.080043
-63.143196 -30.963891 -71.092716
-70.761167 -26.401325 -65.542561
-82.003670 -28.514018 -49.622061
-80.191201 -43.989305 -40.426628
-65.662248 -51.222506 -55.359950
4
-40.536365 33.481871 -85.063314
-26.709879 18.608610 -94.553170
-7.220034 47.512512 -87.695110
-21.671813 55.743794 -80.143383
6
9.981563 -86.194074 -49.708651
14.458662 -92.182374 -35.963274
18.183289 -92.431720 -33.552125
41.555574 -79.874144 -43.511555
47.854120 -70.881410 -51.824791
21.740230 -77.998955 -58.681560
8
-51.658798 -4.472929 -85.506500
-27.476613 9.944175 -95.635501
-25.436043 13.254110 -95.798415
-26.709879 18.608610 -94.553170
-40.536365 33.481871 -85.063314
-47.432527 36.504858 -80.109617
-47.436240 36.501818 -80.108804
-61.733264 6.305442 -78.417125
6
53.013713 -44.444636 -72.209560
56.717498 -59.854339 -56.573700
67.724729 -56.816556 -46.746550
86.815986 -37.407240 -32.614152
85.705513 -26.202471 -44.362096
57.560158 -39.968090 -71.339890
5
-89.177589 -44.037786 -10.393802
-92.166097 -38.622744 3.700565
-89.103854 -44.259813 10.078300
-71.145889 -70.220264 2.716062
-80.827293 -56.303221 -17.230671
5
19.320766 -84.667824 49.578902
13.921939 -87.977889 45.454051
-8.871394 -77.992640 61.955198
23.458269 -63.604321 73.513264
23.816742 -63.638782 73.368033
7
-69.356888 -45.290634 56.021251
-54.914129 -60.128696 58.042901
-57.640531 -64.517656 50.150187
-68.230629 -63.671263 35.924247
-70.753588 -61.356107 35.062201
-72.770918 -57.897573 36.773150
-69.895826 -45.011773 55.574399
8
99.724129 -0.871497 7.371475
98.202384 -14.854452 11.646329
97.392020 -17.319664 14.656865
92.658909 -17.797613 33.129617
89.827320 -8.602814 43.093435
90.042815 -5.748830 43.118932
95.891679 12.688304 25.373074
96.931805 12.750002 21.015771
7
-12.127786 29.701591 94.713950
-6.063457 22.228128 97.309531
-6.388413 19.415206 97.888906
-33.337015 7.783164 93.957787
-42.904531 16.687558 88.773457
-32.179525 33.553693 88.536026
-26.852078 36.488466 89.149076
6
-69.895826 -45.011773 55.574399
-79.356587 -33.011839 51.115072
-60.173898 -21.792933 76.838597
-58.341628 -22.693430 77.982451
-60.702348 -37.013865 70.322107
-69.356888 -45.290634 56.021251
5
40.838899 -88.221024 -23.435769
19.377087 -92.960100 -31.352008
21.411580 -97.454152 -6.650750
45.082120 -88.006575 -14.914599
45.153803 -87.926433 -15.168273
6
92.650104 -37.578328 -1.956421
88.165354 -35.991237 -30.520506
86.876537 -37.404587 -32.455574
83.705517 -51.661619 -18.012870
87.075651 -49.119647 -2.256395
91.003125 -41.452784 0.312860
5
32.257211 78.646219 -52.671098
28.264806 80.013139 -52.905561
17.361195 56.914616 -80.369866
36.718458 53.791348 -75.883106
41.400705 54.615331 -72.822711
5
12.596877 89.997644 -41.734191
-5.669746 95.563018 -28.906117
-26.231804 90.813697 -32.630736
-26.488384 90.435452 -33.463331
-16.377076 82.120098 -54.663341
6
-71.144001 53.119941 -46.008727
-71.252763 55.017281 -43.544719
-78.423687 57.503786 -23.303218
-83.401935 51.087478 -20.837150
-87.421314 31.148750 -37.246062
-74.754894 40.573858 -52.587717
5
49.055533 86.076582 13.578542
66.269768 71.927017 20.852387
55.931473 74.005816 37.347148
44.278801 86.610806 23.193881
43.804823 88.652854 14.893253
5
51.889687 -44.155709 73.196542
54.156431 -18.938989 81.904797
58.773737 -13.261797 79.810855
72.766084 -29.003443 62.160254
70.161200 -36.587547 61.145380
7
-98.408677 8.446441 15.632978
-94.413103 20.537163 25.775780
-87.651179 12.850283 46.391174
-87.421249 12.050753 47.035142
-93.739231 -11.444828 32.893352
-95.219077 -12.944235 27.672625
-97.211706 -12.139641 20.062734
4
-61.733264 6.305442 -78.417125
-47.436240 36.501818 -80.108804
-69.984320 24.428189 -67.122712
-66.906323 8.582425 -73.823342
6
-26.852078 36.488466 89.149076
-32.179525 33.553693 88.536026
-56.987761 31.712972 75.806876
-57.107668 31.853247 75.657682
-46.007218 52.254657 71.782914
-31.171924 51.680047 79.733832
6
36.677898 -11.212296 -92.352673
11.120817 -11.583103 -98.702377
-4.725892 -33.469437 -94.114094
16.753266 -49.840591 -85.060235
20.579608 -50.821436 -83.628113
45.564235 -41.898694 -78.539162
5
-69.356888 -45.290634 56.021251
-60.702348 -37.013865 70.322107
-49.859246 -55.016887 66.986549
-51.580473 -60.025465 61.126086
-54.914129 -60.128696 58.042901
8
-54.362208 -22.773431 -80.784412
-51.658798 -4.472929 -85.506500
-61.733264 6.305442 -78.417125
-66.906323 8.582425 -73.823342
-79.075508 -1.664090 -61.190643
-70.761167 -26.401325 -65.542561
-63.143196 -30.963891 -71.092716
-60.949289 -30.005065 -73.381743
5
33.399077 94.018383 6.711584
43.804823 88.652854 14.893253
44.278801 86.610806 23.193881
33.362952 85.191559 40.364734
19.300751 90.928839 36.870411
5
-22.342499 -45.821723 -86.030126
-41.667921 -49.402570 -76.309701
-42.058464 -59.156077 -68.786947
-32.036207 -66.282274 -67.678221
-21.026035 -54.306917 -81.293693
6
38.788095 76.937656 50.755107
33.362952 85.191559 40.364734
44.278801 86.610806 23.193881
55.931473 74.005816 37.347148
55.024289 71.026349 43.904276
49.924670 71.231744 49.331186
4
-28.068722 56.185973 77.815701
-34.990169 73.392343 58.217283
-24.997185 79.172553 55.739103
-12.830723 64.814533 75.062966
5
-22.342499 -45.821723 -86.030126
-18.921343 -35.992172 -91.359435
-54.362208 -22.773431 -80.784412
-60.949289 -30.005065 -73.381743
-41.667921 -49.402570 -76.309701
8
51.794859 51.532743 68.276416
53.379734 49.094052 68.850403
53.700364 48.172457 69.250886
52.269935 35.345875 77.579141
40.245804 33.977693 85.004657
36.838915 35.656756 85.857382
27.528083 49.941520 82.146511
35.028822 59.382753 72.433902
5
-94.786729 16.430508 -27.304110
-96.071077 22.356634 -16.447767
-99.093999 13.410865 0.726747
-99.770488 -1.186674 -6.666449
-96.602057 8.394263 -24.445426
4
36.838915 35.656756 85.857382
12.970610 32.659201 93.622326
16.091684 50.856545 84.585280
27.528083 49.941520 82.146511
6
-8.689735 -64.003599 -76.341521
-8.141339 -67.248371 -73.562050
1.037548 -72.452944 -68.916575
15.144451 -68.257113 -71.495539
20.579608 -50.821436 -83.628113
16.753266 -49.840591 -85.060235
6
-41.667921 -49.402570 -76.309701
-60.949289 -30.005065 -73.381743
-63.143196 -30.963891 -71.092716
-62.353402 -50.024411 -60.080043
-55.926456 -57.342904 -59.866710
-42.058464 -59.156077 -68.786947
5
-59.237239 68.008209 -43.195290
-71.252763 55.017281 -43.544719
-71.144001 53.119941 -46.008727
-54.434864 57.433441 -61.141192
-49.947687 70.762803 -49.978537
5
16.951172 78.822633 59.157843
38.143065 76.844034 51.381914
31.248402 63.417797 70.722842
8.169286 70.298370 70.649855
8.275946 73.836324 66.930605
7
-21.026035 -54.306917 -81.293693
-8.689735 -64.003599 -76.341521
16.753266 -49.840591 -85.060235
-4.725892 -33.469437 -94.114094
-15.209697 -33.589329 -92.953871
-18.921343 -35.992172 -91.359435
-22.342499 -45.821723 -86.030126
8
-76.633516 4.263391 64.102478
-54.666260 11.612633 82.926153
-54.015505 11.132705 83.416954
-46.059008 -14.996442 87.485282
-56.493802 -22.448965 79.400846
-58.341628 -22.693430 77.982451
-60.173898 -21.792933 76.838597
-75.889321 -2.624499 65.068602
6
91.003125 -41.452784 0.312860
87.075651 -49.119647 -2.256395
69.831303 -70.720723 11.052986
69.595484 -70.869456 11.575349
77.249739 -59.779337 21.422155
90.382586 -39.735147 15.877857
5
-75.840689 -58.838339 -28.039967
-80.637914 -44.962118 -38.417897
-90.289775 -34.675725 -25.403752
-89.177589 -44.037786 -10.393802
-80.827293 -56.303221 -17.230671
