200
7
31.102165 91.579900 -25.412147
19.444050 95.171220 -23.756427
4.469376 85.968158 -50.887135
4.736627 85.541016 -51.578087
20.804668 74.740627 -63.095202
24.823637 74.536967 -61.871056
36.932662 86.777806 -33.250425
8
86.329817 -45.517066 21.802737
77.817567 -60.630191 16.383109
65.661098 -69.295115 29.779308
65.247679 -68.050217 33.345289
70.209376 -59.142160 39.659154
73.342997 -55.488735 39.265826
86.241353 -44.714267 23.728957
86.468957 -44.833562 22.651076
4
87.811869 -47.793427 -2.205424
78.877175 -61.457031 -1.193538
77.817567 -60.630191 16.383109
86.329817 -45.517066 21.802737
6
73.209364 -1.417267 -68.105656
70.107773 -10.497722 -70.531539
68.084806 -35.174953 -64.243146
79.848745 -29.876546 -52.264423
81.137956 -3.621265 -58.339683
77.148353 3.130315 -63.547877
6
98.628493 -16.120623 -3.542007
98.535285 -15.378336 7.369157
97.223127 -9.154702 21.537291
93.171331 33.895456 13.046117
94.047403 32.983407 8.196387
99.595031 -6.364812 -6.349715
5
-0.185529 -62.580251 -77.997935
2.768172 -80.318133 -59.509115
23.963966 -74.718158 -61.991331
28.319623 -65.323546 -70.219892
15.307464 -56.141796 -81.325152
6
-57.893920 81.516203 1.844642
-52.993851 83.554186 -14.503440
-43.351654 87.145078 -22.942743
-37.247673 91.721276 -14.135710
-31.750205 93.654952 14.855115
-36.669418 91.548487 16.559843
7
24.350396 -87.270699 42.318829
6.209606 -98.692937 14.870942
-2.609679 -98.653789 16.143713
-7.315735 -96.847893 23.811039
11.307176 -85.705256 50.266856
11.855409 -85.512881 50.467776
23.874428 -86.509579 44.114674
5
21.925499 21.398607 -95.191240
15.709006 35.061726 -92.324983
12.466215 35.396213 -92.691432
1.297037 22.419743 -97.445743
8.184963 14.732022 -98.569640
5
-42.771330 24.619363 86.974136
-51.691178 17.059030 83.886898
-72.913135 47.643101 49.130538
-71.199710 50.625110 48.659013
-45.353718 45.236241 76.790121
7
-86.762862 -1.953377 -49.682896
-94.782829 20.177971 -24.679239
-95.347928 21.423733 -21.208403
-99.649203 4.379326 -7.131467
-99.432190 -8.464185 -6.449582
-92.576902 -16.439692 -34.047816
-87.031681 -5.533041 -48.937429
6
63.980712 12.441685 75.839785
37.177535 20.336453 90.577368
44.455294 39.087220 80.597246
55.768815 42.769427 71.138003
69.610780 27.173786 66.452424
70.206452 16.765232 69.209689
6
7.784899 -34.595662 93.501527
5.436083 -36.312182 93.015453
-19.660315 -36.759360 90.896763
-22.433809 -15.391534 96.227984
-20.293897 -13.015521 97.050265
-0.744535 -2.565965 99.964301
7
-76.647115 -21.223599 -60.619952
-62.549956 -15.820148 -76.401740
-67.991920 7.372421 -72.957153
-68.324705 7.529141 -72.629517
-85.166283 1.648512 -52.383076
-86.762862 -1.953377 -49.682896
-87.031681 -5.533041 -48.937429
7
-0.185529 -62.580251 -77.997935
-1.529411 -62.127225 -78.344552
-37.083690 -62.813865 -68.404812
-32.923973 -75.641546 -56.518745
-26.492853 -79.216777 -54.980278
0.460030 -83.605252 -54.863013
2.768172 -80.318133 -59.509115
5
20.478611 -5.001240 97.752821
22.695416 -4.409712 97.290660
37.948449 -24.182596 89.303512
33.409428 -35.778872 87.199096
14.776765 -33.212487 93.158885
5
-81.621430 4.027569 57.634373
-81.490215 -14.788826 56.041372
-86.330293 -25.624307 43.479598
-96.213595 -15.549222 22.386732
-95.171733 -0.951195 30.682837
5
-8.767638 99.613921 -0.441978
-22.710555 95.926477 16.803025
-31.750205 93.654952 14.855115
-37.247673 91.721276 -14.135710
-15.107280 97.428830 -16.715061
5
-71.099996 70.022853 6.449083
-78.355644 61.180341 -10.833230
-74.497030 63.852714 -19.313813
-52.993851 83.554186 -14.503440
-57.893920 81.516203 1.844642
6
-92.576902 -16.439692 -34.047816
-99.432190 -8.464185 -6.449582
-99.395678 -9.580784 -5.357963
-90.773206 -40.759120 -9.945811
-86.936539 -45.739015 -18.707772
-89.445644 -28.872734 -34.144429
7
45.854228 62.308327 -63.364519
24.823637 74.536967 -61.871056
20.804668 74.740627 -63.095202
15.530722 69.525333 -70.178521
30.502801 44.035257 -84.442141
49.569408 36.721109 -78.704727
50.764978 40.120307 -76.244855
6
37.948449 -24.182596 89.303512
50.909961 -11.964077 85.235185
53.400213 -11.600976 83.748639
60.212877 -38.441564 69.976108
36.490459 -41.894131 83.146426
33.409428 -35.778872 87.199096
5
-90.503497 36.600384 21.668616
-96.920693 15.870319 18.828496
-98.971712 13.575509 4.506184
-91.193184 40.429462 7.018676
-90.612039 40.613247 11.833108
6
-59.916586 -63.048533 49.344556
-68.849098 -61.147255 38.997627
-76.922001 -52.765038 36.039653
-78.403678 -42.141119 45.574000
-74.272354 -43.220458 51.143029
-60.101149 -57.660490 55.345459
4
12.134598 95.128328 28.343478
17.865441 87.644407 44.713353
-6.658804 84.975835 52.295007
-11.485251 95.076494 28.784533
6
-82.649235 -36.147497 43.156255
-78.403678 -42.141119 45.574000
-76.922001 -52.765038 36.039653
-82.277066 -54.669093 15.549103
-87.298456 -46.753997 13.894003
-89.103172 -42.429243 16.136421
5
4.720023 -89.686461 -43.977951
0.460030 -83.605252 -54.863013
-26.492853 -79.216777 -54.980278
-19.464874 -92.623403 -32.280394
-15.077648 -93.587216 -31.844897
5
4.218854 -97.890346 -19.992033
6.623747 -90.243743 -42.569858
4.720023 -89.686461 -43.977951
-15.077648 -93.587216 -31.844897
-8.738635 -98.851001 -12.333523
5
-18.058422 75.963712 62.477259
-18.480868 70.993935 67.958213
-29.365412 56.811822 76.877106
-39.843991 56.580912 72.187650
-41.923407 61.047736 67.198228
7
-25.596232 36.092536 -89.678100
-11.037079 33.355359 -93.624799
-2.258053 49.778925 -86.700403
-2.081122 54.658228 -83.714676
-3.858785 59.059780 -80.604294
-8.075053 60.422991 -79.270774
-29.755531 52.447951 -79.773560
6
73.174036 55.013788 -40.237341
58.259174 66.985568 -46.030450
56.960201 67.497841 -46.899647
45.854228 62.308327 -63.364519
50.764978 40.120307 -76.244855
77.622380 43.885638 -45.263859
7
-88.863713 45.153515 -8.024997
-92.366738 32.990922 -19.493199
-85.318479 39.509854 -34.054788
-70.891667 59.691491 -37.567239
-69.840495 62.811023 -34.308609
-74.497030 63.852714 -19.313813
-78.355644 61.180341 -10.833230
7
53.632108 -84.219753 5.534455
64.962768 -74.866525 -13.222790
64.839193 -74.625522 -15.063548
62.715854 -75.553820 -18.929921
53.819014 -79.594593 -27.716683
29.404227 -91.762904 -26.738751
27.806710 -94.462363 -17.425525
8
64.839193 -74.625522 -15.063548
64.962768 -74.866525 -13.222790
78.877175 -61.457031 -1.193538
87.811869 -47.793427 -2.205424
94.842668 -27.218067 -16.249465
93.573574 -27.985151 -21.466664
88.064694 -35.713959 -31.130736
81.447095 -47.667383 -33.078563
6
-71.197820 66.852883 21.484004
-90.612039 40.613247 11.833108
-91.193184 40.429462 7.018676
-88.863713 45.153515 -8.024997
-78.355644 61.180341 -10.833230
-71.099996 70.022853 6.449083
6
-48.872069 63.626610 59.692339
-66.861886 59.051680 45.192779
-66.848498 59.128122 45.112564
-42.518911 80.506330 41.362700
-30.792527 80.393743 50.878939
-29.774171 79.414528 52.979538
5
41.314640 -71.110571 56.889253
12.769820 -68.599771 71.631021
10.480426 -66.502566 73.943014
35.348570 -45.337783 81.822760
44.744438 -65.656771 60.721690
5
50.103220 -0.098941 -86.542808
46.743223 -4.718147 -88.276895
59.442520 -17.457829 -78.497204
70.107773 -10.497722 -70.531539
73.209364 -1.417267 -68.105656
8
20.091321 -97.371154 -10.732993
4.218854 -97.890346 -19.992033
-8.738635 -98.851001 -12.333523
-13.220187 -99.112566 -1.387751
-13.124298 -99.135013 0.045211
-2.609679 -98.653789 16.143713
6.209606 -98.692937 14.870942
13.983635 -98.401547 11.026947
6
-21.438366 -38.981056 89.559331
-18.680928 -53.839933 82.172286
-37.977501 -63.369934 67.394072
-50.469541 -52.714173 68.366962
-51.111105 -46.355114 72.379958
-48.129930 -37.966383 79.006732
8
-44.648294 -88.909693 -10.079499
-37.702623 -90.888672 -17.825867
-47.995789 -79.352916 -37.410146
-55.424323 -75.959801 -34.033118
-55.815809 -75.844901 -33.647386
-66.481995 -74.559205 -4.590129
-65.612519 -75.451637 -1.431027
-63.954888 -76.865832 -1.190049
5
-33.894191 30.664257 88.943168
-22.031140 49.512137 84.042710
-12.193649 52.111952 84.472832
4.089744 40.637793 91.278934
-7.854920 30.992125 94.751192
5
-65.078565 -72.992117 20.902897
-68.927529 -72.198243 6.034028
-82.277066 -54.669093 15.549103
-76.922001 -52.765038 36.039653
-68.849098 -61.147255 38.997627
7
-30.476077 -77.403658 55.496688
-37.532488 -82.173441 42.881673
-48.064424 -77.220147 41.555506
-59.916586 -63.048533 49.344556
-60.101149 -57.660490 55.345459
-50.469541 -52.714173 68.366962
-37.977501 -63.369934 67.394072
6
47.405293 -39.460611 -78.712123
53.805921 -37.558113 -75.460659
59.442520 -17.457829 -78.497204
46.743223 -4.718147 -88.276895
44.767011 -5.963696 -89.220788
43.213874 -37.760214 -81.894611
5
-3.858785 59.059780 -80.604294
-2.081122 54.658228 -83.714676
29.669047 43.977355 -84.768744
30.502801 44.035257 -84.442141
15.530722 69.525333 -70.178521
6
-25.301536 91.036776 -32.743513
-42.897295 86.322183 -26.613959
-44.650779 84.059959 -30.663189
-37.034769 78.875053 -49.062733
-21.110286 85.188798 -47.929371
-17.162884 88.225384 -43.837392
5
-26.843376 14.484579 95.234606
-41.475460 24.912201 87.516675
-33.894191 30.664257 88.943168
-7.854920 30.992125 94.751192
-7.906807 12.573883 98.890747
5
-6.127747 96.058320 -27.115491
-8.745313 89.494542 -43.752102
4.469376 85.968158 -50.887135
19.444050 95.171220 -23.756427
17.636668 95.921631 -22.090466
5
58.259174 66.985568 -46.030450
62.038214 74.706618 -23.878469
57.511532 78.495728 -23.040059
42.449825 83.859458 -34.140939
56.960201 67.497841 -46.899647
5
73.174036 55.013788 -40.237341
75.958780 61.712657 -20.538054
69.501841 69.423360 -18.705379
62.038214 74.706618 -23.878469
58.259174 66.985568 -46.030450
6
42.808279 81.504254 39.044945
40.405733 88.820230 21.871063
44.023210 88.377432 15.855175
53.535542 83.967390 9.133634
66.575145 66.118729 34.584154
63.968067 64.449656 41.884701
5
64.839529 -48.333847 -58.819000
51.116313 -64.560721 -56.736548
53.965610 -66.109331 -52.127433
63.691939 -63.120340 -44.262395
70.955045 -53.721286 -45.600494
6
-81.164508 26.954455 -51.824511
-85.166283 1.648512 -52.383076
-68.324705 7.529141 -72.629517
-71.948625 28.455515 -63.353603
-75.816130 30.030882 -57.879708
-80.374674 28.435128 -52.262370
6
81.711109 37.735336 -43.581407
84.755131 22.307228 -48.155532
93.012054 12.902921 -34.384189
96.574663 15.179767 -21.045405
93.246262 34.426193 -10.953170
91.788234 37.200165 -13.822725
6
53.535542 83.967390 9.133634
56.487476 82.465878 2.923035
62.379647 78.148529 1.259806
71.304759 69.892604 5.536722
74.682190 62.974645 21.372051
66.575145 66.118729 34.584154
4
-37.868450 90.775913 18.047552
-42.518911 80.506330 41.362700
-66.848498 59.128122 45.112564
-68.814289 66.563977 28.876126
7
99.595031 -6.364812 -6.349715
96.574663 15.179767 -21.045405
93.012054 12.902921 -34.384189
92.586213 -9.038125 -36.689310
93.573574 -27.985151 -21.466664
94.842668 -27.218067 -16.249465
98.628493 -16.120623 -3.542007
7
64.985766 -38.094144 -65.769950
53.805921 -37.558113 -75.460659
47.405293 -39.460611 -78.712123
42.630007 -61.641349 -66.204430
47.284304 -65.319890 -59.139721
51.116313 -64.560721 -56.736548
64.839529 -48.333847 -58.819000
6
98.628493 -16.120623 -3.542007
94.842668 -27.218067 -16.249465
87.811869 -47.793427 -2.205424
86.329817 -45.517066 21.802737
86.468957 -44.833562 22.651076
98.535285 -15.378336 7.369157
8
91.788234 37.200165 -13.822725
93.246262 34.426193 -10.953170
94.047403 32.983407 8.196387
93.171331 33.895456 13.046117
92.184073 35.572850 15.384050
87.298131 46.646550 14.252566
79.488224 60.587882 -3.275788
79.820529 58.314049 -15.104794
7
-56.120924 -20.244122 80.253457
-71.947464 -24.795638 64.874793
-81.490215 -14.788826 56.041372
-81.621430 4.027569 57.634373
-81.405001 4.522834 57.903107
-55.761093 7.504521 82.670325
-53.038486 -3.490703 84.703802
5
-51.350626 60.137083 -61.209839
-39.473479 56.365225 -72.558982
-30.743408 71.810395 -62.434846
-37.997426 75.925074 -52.835393
-48.755634 68.093007 -54.646414
8
63.968067 64.449656 41.884701
66.575145 66.118729 34.584154
74.682190 62.974645 21.372051
87.298131 46.646550 14.252566
92.184073 35.572850 15.384050
90.290637 34.430816 25.731688
74.269032 50.017197 44.524048
64.063602 64.034867 42.372050
5
-96.213595 -15.549222 22.386732
-86.330293 -25.624307 43.479598
-82.649235 -36.147497 43.156255
-89.103172 -42.429243 16.136421
-96.838423 -17.389139 17.886803
5
0.154456 -1.364899 99.990566
20.478611 -5.001240 97.752821
14.776765 -33.212487 93.158885
7.784899 -34.595662 93.501527
-0.744535 -2.565965 99.964301
6
-46.576399 41.581051 -78.113093
-37.622599 52.725752 -76.187499
-39.473479 56.365225 -72.558982
-51.350626 60.137083 -61.209839
-62.121547 52.366439 -58.298108
-59.810018 43.380109 -67.386407
6
13.202989 3.034098 -99.078127
30.013138 7.810878 -95.069457
30.142302 19.694544 -93.292908
21.925499 21.398607 -95.191240
8.184963 14.732022 -98.569640
8.303691 7.148622 -99.397917
7
-45.353718 45.236241 76.790121
-39.843991 56.580912 72.187650
-29.365412 56.811822 76.877106
-22.031140 49.512137 84.042710
-33.894191 30.664257 88.943168
-41.475460 24.912201 87.516675
-42.771330 24.619363 86.974136
5
24.823637 74.536967 -61.871056
45.854228 62.308327 -63.364519
56.960201 67.497841 -46.899647
42.449825 83.859458 -34.140939
36.932662 86.777806 -33.250425
7
-42.093492 -89.242055 16.247880
-32.854040 -88.336260 33.426297
-7.929129 -96.681974 24.284252
-7.315735 -96.847893 23.811039
-2.609679 -98.653789 16.143713
-13.124298 -99.135013 0.045211
-30.191423 -95.296349 2.661563
5
70.955045 -53.721286 -45.600494
63.691939 -63.120340 -44.262395
62.715854 -75.553820 -18.929921
64.839193 -74.625522 -15.063548
81.447095 -47.667383 -33.078563
6
70.206452 16.765232 69.209689
69.610780 27.173786 66.452424
74.177009 32.913161 58.433682
89.456886 24.981477 37.059295
89.813876 20.683294 38.802951
80.586686 4.061832 59.070192
6
36.932662 86.777806 -33.250425
42.449825 83.859458 -34.140939
57.511532 78.495728 -23.040059
52.035671 85.166611 -6.239975
38.393575 91.032083 -15.462640
31.102165 91.579900 -25.412147
7
13.983635 -98.401547 11.026947
19.633814 -97.296210 12.163919
52.112148 -85.057394 7.040152
53.524550 -84.261368 5.928270
53.632108 -84.219753 5.534455
27.806710 -94.462363 -17.425525
20.091321 -97.371154 -10.732993
6
37.177535 20.336453 90.577368
35.047481 19.302927 91.646446
18.711148 28.499146 94.008998
10.620851 40.553299 90.788917
21.441151 57.231253 79.150873
44.455294 39.087220 80.597246
6
23.963966 -74.718158 -61.991331
34.083887 -79.803059 -49.696684
35.406307 -79.227967 -49.692280
47.284304 -65.319890 -59.139721
42.630007 -61.641349 -66.204430
28.319623 -65.323546 -70.219892
8
12.769820 -68.599771 71.631021
11.855409 -85.512881 50.467776
11.307176 -85.705256 50.266856
-8.378465 -83.858689 53.828632
-16.208740 -77.854817 60.629235
-2.816721 -67.470632 73.754864
9.628208 -66.320251 74.222112
10.480426 -66.502566 73.943014
5
-13.598451 -38.894483 -91.116965
-40.106874 -53.679862 -74.228775
-38.136256 -61.692923 -68.844820
-37.083690 -62.813865 -68.404812
-1.529411 -62.127225 -78.344552
6
-8.738635 -98.851001 -12.333523
-15.077648 -93.587216 -31.844897
-19.464874 -92.623403 -32.280394
-26.868815 -91.886211 -28.896210
-32.341794 -92.589536 -19.523989
-13.220187 -99.112566 -1.387751
6
-15.107280 97.428830 -16.715061
-13.900789 96.720938 -21.256251
-6.127747 96.058320 -27.115491
17.636668 95.921631 -22.090466
10.734632 99.339420 -4.055537
-8.767638 99.613921 -0.441978
8
-63.954888 -76.865832 -1.190049
-65.612519 -75.451637 -1.431027
-68.927529 -72.198243 6.034028
-65.078565 -72.992117 20.902897
-48.064424 -77.220147 41.555506
-37.532488 -82.173441 42.881673
-32.854040 -88.336260 33.426297
-42.093492 -89.242055 16.247880
5
88.064694 -35.713959 -31.130736
93.573574 -27.985151 -21.466664
92.586213 -9.038125 -36.689310
81.137956 -3.621265 -58.339683
79.848745 -29.876546 -52.264423
6
28.319623 -65.323546 -70.219892
42.630007 -61.641349 -66.204430
47.405293 -39.460611 -78.712123
43.213874 -37.760214 -81.894611
23.655070 -39.811256 -88.631267
15.307464 -56.141796 -81.325152
5
-49.066313 -34.712584 -79.922046
-15.638945 -19.089858 -96.907176
-18.274391 -9.580326 -97.848168
-26.245441 0.431671 -96.493474
-54.749116 -23.501298 -80.313282
7
23.680763 68.946076 68.451882
21.603128 67.858232 70.203740
14.629912 69.723027 70.175959
-9.830952 78.830035 60.738603
-6.658804 84.975835 52.295007
17.865441 87.644407 44.713353
26.843831 80.986548 52.159254
8
-53.038486 -3.490703 84.703802
-55.761093 7.504521 82.670325
-51.691178 17.059030 83.886898
-42.771330 24.619363 86.974136
-41.475460 24.912201 87.516675
-26.843376 14.484579 95.234606
-20.293897 -13.015521 97.050265
-22.433809 -15.391534 96.227984
7
-29.774171 79.414528 52.979538
-30.792527 80.393743 50.878939
-15.544556 95.260029 26.151361
-11.485251 95.076494 28.784533
-6.658804 84.975835 52.295007
-9.830952 78.830035 60.738603
-18.029904 76.011298 62.427599
7
-42.518911 80.506330 41.362700
-37.868450 90.775913 18.047552
-36.669418 91.548487 16.559843
-31.750205 93.654952 14.855115
-22.710555 95.926477 16.803025
-15.544556 95.260029 26.151361
-30.792527 80.393743 50.878939
8
-66.481995 -74.559205 -4.590129
-80.534016 -55.219858 -21.564777
-86.936539 -45.739015 -18.707772
-90.773206 -40.759120 -9.945811
-87.298456 -46.753997 13.894003
-82.277066 -54.669093 15.549103
-68.927529 -72.198243 6.034028
-65.612519 -75.451637 -1.431027
6
-59.810018 43.380109 -67.386407
-62.121547 52.366439 -58.298108
-64.134585 52.199515 -56.231358
-75.816130 30.030882 -57.879708
-71.948625 28.455515 -63.353603
-65.894675 32.188094 -67.983957
6
71.304759 69.892604 5.536722
62.379647 78.148529 1.259806
69.501841 69.423360 -18.705379
75.958780 61.712657 -20.538054
79.820529 58.314049 -15.104794
79.488224 60.587882 -3.275788
5
-96.920693 15.870319 18.828496
-90.503497 36.600384 21.668616
-81.240876 37.220145 44.884082
-82.332107 33.728800 45.648572
-95.677845 10.029022 27.297778
6
23.655070 -39.811256 -88.631267
43.213874 -37.760214 -81.894611
44.767011 -5.963696 -89.220788
38.256286 -5.323699 -92.239443
19.838487 -16.559907 -96.603333
14.260582 -27.053254 -95.209019
4
74.682190 62.974645 21.372051
71.304759 69.892604 5.536722
79.488224 60.587882 -3.275788
87.298131 46.646550 14.252566
5
59.442520 -17.457829 -78.497204
53.805921 -37.558113 -75.460659
64.985766 -38.094144 -65.769950
68.084806 -35.174953 -64.243146
70.107773 -10.497722 -70.531539
6
70.411872 -16.170875 69.142397
70.476052 -32.974365 62.815741
62.927119 -39.322156 67.036899
60.212877 -38.441564 69.976108
53.400213 -11.600976 83.748639
56.847427 -8.820356 81.795913
7
-61.042360 70.021001 -37.025528
-44.650779 84.059959 -30.663189
-42.897295 86.322183 -26.613959
-43.351654 87.145078 -22.942743
-52.993851 83.554186 -14.503440
-74.497030 63.852714 -19.313813
-69.840495 62.811023 -34.308609
4
-63.954888 -76.865832 -1.190049
-42.093492 -89.242055 16.247880
-30.191423 -95.296349 2.661563
-44.648294 -88.909693 -10.079499
4
-11.090281 77.178856 -62.613336
-18.385856 78.427458 -59.254486
-30.205543 71.912304 -62.579915
-8.965343 61.947783 -77.987786
4
-73.628793 -53.520895 -41.404282
-80.534016 -55.219858 -21.564777
-66.481995 -74.559205 -4.590129
-55.815809 -75.844901 -33.647386
7
41.450016 -71.610369 56.159161
41.314640 -71.110571 56.889253
44.744438 -65.656771 60.721690
60.653804 -50.988891 61.002042
70.209376 -59.142160 39.659154
65.247679 -68.050217 33.345289
49.330313 -74.227287 45.352289
6
-0.744535 -2.565965 99.964301
-20.293897 -13.015521 97.050265
-26.843376 14.484579 95.234606
-7.906807 12.573883 98.890747
-0.542155 4.026895 99.917417
0.154456 -1.364899 99.990566
4
19.838487 -16.559907 -96.603333
38.256286 -5.323699 -92.239443
30.013138 7.810878 -95.069457
13.202989 3.034098 -99.078127
5
-12.193649 52.111952 84.472832
-22.031140 49.512137 84.042710
-29.365412 56.811822 76.877106
-18.480868 70.993935 67.958213
-10.466036 58.241889 80.612309
5
-13.900789 96.720938 -21.256251
-25.301536 91.036776 -32.743513
-17.162884 88.225384 -43.837392
-8.745313 89.494542 -43.752102
-6.127747 96.058320 -27.115491
7
-47.995789 -79.352916 -37.410146
-41.723935 -80.108577 -42.915372
-32.923973 -75.641546 -56.518745
-37.083690 -62.813865 -68.404812
-38.136256 -61.692923 -68.844820
-57.739711 -59.704208 -55.691412
-55.424323 -75.959801 -34.033118
5
-29.774171 79.414528 52.979538
-18.029904 76.011298 62.427599
-18.058422 75.963712 62.477259
-41.923407 61.047736 67.198228
-48.872069 63.626610 59.692339
7
-70.818064 -36.390165 60.502544
-74.272354 -43.220458 51.143029
-78.403678 -42.141119 45.574000
-82.649235 -36.147497 43.156255
-86.330293 -25.624307 43.479598
-81.490215 -14.788826 56.041372
-71.947464 -24.795638 64.874793
6
65.247679 -68.050217 33.345289
65.661098 -69.295115 29.779308
53.524550 -84.261368 5.928270
52.112148 -85.057394 7.040152
40.390212 -86.231863 30.540082
49.330313 -74.227287 45.352289
8
36.490459 -41.894131 83.146426
35.348570 -45.337783 81.822760
10.480426 -66.502566 73.943014
9.628208 -66.320251 74.222112
5.436083 -36.312182 93.015453
7.784899 -34.595662 93.501527
14.776765 -33.212487 93.158885
33.409428 -35.778872 87.199096
6
-30.205543 71.912304 -62.579915
-18.385856 78.427458 -59.254486
-21.110286 85.188798 -47.929371
-37.034769 78.875053 -49.062733
-37.997426 75.925074 -52.835393
-30.743408 71.810395 -62.434846
6
35.406307 -79.227967 -49.692280
34.083887 -79.803059 -49.696684
22.092559 -89.666152 -38.365350
29.404227 -91.762904 -26.738751
53.819014 -79.594593 -27.716683
51.408245 -78.470967 -34.633795
7
15.307464 -56.141796 -81.325152
23.655070 -39.811256 -88.631267
14.260582 -27.053254 -95.209019
-10.831950 -24.314504 -96.392291
-13.598451 -38.894483 -91.116965
-1.529411 -62.127225 -78.344552
-0.185529 -62.580251 -77.997935
6
77.622380 43.885638 -45.263859
81.711109 37.735336 -43.581407
91.788234 37.200165 -13.822725
79.820529 58.314049 -15.104794
75.958780 61.712657 -20.538054
73.174036 55.013788 -40.237341
5
-8.809110 25.683822 -96.243134
1.297037 22.419743 -97.445743
12.466215 35.396213 -92.691432
-2.258053 49.778925 -86.700403
-11.037079 33.355359 -93.624799
7
50.764978 40.120307 -76.244855
49.569408 36.721109 -78.704727
49.805003 35.685717 -79.031584
77.349247 9.893781 -62.603571
84.755131 22.307228 -48.155532
81.711109 37.735336 -43.581407
77.622380 43.885638 -45.263859
6
49.805003 35.685717 -79.031584
49.112964 33.766072 -80.298002
50.103220 -0.098941 -86.542808
73.209364 -1.417267 -68.105656
77.148353 3.130315 -63.547877
77.349247 9.893781 -62.603571
4
-48.064424 -77.220147 41.555506
-65.078565 -72.992117 20.902897
-68.849098 -61.147255 38.997627
-59.916586 -63.048533 49.344556
6
-71.199710 50.625110 48.659013
-66.861886 59.051680 45.192779
-48.872069 63.626610 59.692339
-41.923407 61.047736 67.198228
-39.843991 56.580912 72.187650
-45.353718 45.236241 76.790121
4
-46.576399 41.581051 -78.113093
-59.810018 43.380109 -67.386407
-65.894675 32.188094 -67.983957
-47.713324 20.976981 -85.342867
5
-26.245441 0.431671 -96.493474
-27.202077 2.593468 -96.194184
-40.582303 12.146919 -90.584375
-59.327665 -17.790348 -78.509437
-54.749116 -23.501298 -80.313282
5
-55.424323 -75.959801 -34.033118
-57.739711 -59.704208 -55.691412
-72.170165 -49.079347 -48.812754
-73.628793 -53.520895 -41.404282
-55.815809 -75.844901 -33.647386
6
49.330313 -74.227287 45.352289
40.390212 -86.231863 30.540082
33.987647 -88.291682 32.394734
24.350396 -87.270699 42.318829
23.874428 -86.509579 44.114674
41.450016 -71.610369 56.159161
5
-48.755634 68.093007 -54.646414
-37.997426 75.925074 -52.835393
-37.034769 78.875053 -49.062733
-44.650779 84.059959 -30.663189
-61.042360 70.021001 -37.025528
6
-73.814272 -43.644380 -51.445325
-89.445644 -28.872734 -34.144429
-86.936539 -45.739015 -18.707772
-80.534016 -55.219858 -21.564777
-73.628793 -53.520895 -41.404282
-72.170165 -49.079347 -48.812754
6
70.206452 16.765232 69.209689
80.586686 4.061832 59.070192
80.678343 3.692879 58.969209
70.411872 -16.170875 69.142397
56.847427 -8.820356 81.795913
63.980712 12.441685 75.839785
5
6.209606 -98.692937 14.870942
24.350396 -87.270699 42.318829
33.987647 -88.291682 32.394734
19.633814 -97.296210 12.163919
13.983635 -98.401547 11.026947
4
-70.891667 59.691491 -37.567239
-85.318479 39.509854 -34.054788
-80.832982 32.486357 -49.098530
-69.988627 55.708477 -44.700756
7
8.303691 7.148622 -99.397917
8.184963 14.732022 -98.569640
1.297037 22.419743 -97.445743
-8.809110 25.683822 -96.243134
-27.202077 2.593468 -96.194184
-26.245441 0.431671 -96.493474
-18.274391 -9.580326 -97.848168
5
15.709006 35.061726 -92.324983
29.669047 43.977355 -84.768744
-2.081122 54.658228 -83.714676
-2.258053 49.778925 -86.700403
12.466215 35.396213 -92.691432
6
-7.854920 30.992125 94.751192
4.089744 40.637793 91.278934
10.620851 40.553299 90.788917
18.711148 28.499146 94.008998
-0.542155 4.026895 99.917417
-7.906807 12.573883 98.890747
5
35.406307 -79.227967 -49.692280
51.408245 -78.470967 -34.633795
53.965610 -66.109331 -52.127433
51.116313 -64.560721 -56.736548
47.284304 -65.319890 -59.139721
6
-37.247673 91.721276 -14.135710
-43.351654 87.145078 -22.942743
-42.897295 86.322183 -26.613959
-25.301536 91.036776 -32.743513
-13.900789 96.720938 -21.256251
-15.107280 97.428830 -16.715061
5
-48.129930 -37.966383 79.006732
-51.111105 -46.355114 72.379958
-70.818064 -36.390165 60.502544
-71.947464 -24.795638 64.874793
-56.120924 -20.244122 80.253457
6
-91.193184 40.429462 7.018676
-98.971712 13.575509 4.506184
-99.649203 4.379326 -7.131467
-95.347928 21.423733 -21.208403
-92.366738 32.990922 -19.493199
-88.863713 45.153515 -8.024997
4
94.047403 32.983407 8.196387
93.246262 34.426193 -10.953170
96.574663 15.179767 -21.045405
99.595031 -6.364812 -6.349715
7
64.985766 -38.094144 -65.769950
64.839529 -48.333847 -58.819000
70.955045 -53.721286 -45.600494
81.447095 -47.667383 -33.078563
88.064694 -35.713959 -31.130736
79.848745 -29.876546 -52.264423
68.084806 -35.174953 -64.243146
4
11.307176 -85.705256 50.266856
-7.315735 -96.847893 23.811039
-7.929129 -96.681974 24.284252
-8.378465 -83.858689 53.828632
7
-73.814272 -43.644380 -51.445325
-72.170165 -49.079347 -48.812754
-57.739711 -59.704208 -55.691412
-38.136256 -61.692923 -68.844820
-40.106874 -53.679862 -74.228775
-48.970702 -38.156945 -78.395905
-73.219048 -40.578957 -54.702095
6
-8.809110 25.683822 -96.243134
-11.037079 33.355359 -93.624799
-25.596232 36.092536 -89.678100
-44.320404 17.871596 -87.842517
-40.582303 12.146919 -90.584375
-27.202077 2.593468 -96.194184
6
80.678343 3.692879 58.969209
89.499661 -15.827503 41.704926
86.057478 -24.868933 44.448246
81.127018 -30.584556 49.829629
70.476052 -32.974365 62.815741
70.411872 -16.170875 69.142397
5
-19.464874 -92.623403 -32.280394
-26.492853 -79.216777 -54.980278
-32.923973 -75.641546 -56.518745
-41.723935 -80.108577 -42.915372
-26.868815 -91.886211 -28.896210
6
53.524550 -84.261368 5.928270
65.661098 -69.295115 29.779308
77.817567 -60.630191 16.383109
78.877175 -61.457031 -1.193538
64.962768 -74.866525 -13.222790
53.632108 -84.219753 5.534455
6
-10.466036 58.241889 80.612309
-18.480868 70.993935 67.958213
-18.058422 75.963712 62.477259
-18.029904 76.011298 62.427599
-9.830952 78.830035 60.738603
14.629912 69.723027 70.175959
6
-2.816721 -67.470632 73.754864
-18.680928 -53.839933 82.172286
-21.438366 -38.981056 89.559331
-19.660315 -36.759360 90.896763
5.436083 -36.312182 93.015453
9.628208 -66.320251 74.222112
6
44.744438 -65.656771 60.721690
35.348570 -45.337783 81.822760
36.490459 -41.894131 83.146426
60.212877 -38.441564 69.976108
62.927119 -39.322156 67.036899
60.653804 -50.988891 61.002042
4
40.390212 -86.231863 30.540082
52.112148 -85.057394 7.040152
19.633814 -97.296210 12.163919
33.987647 -88.291682 32.394734
7
-29.755531 52.447951 -79.773560
-8.075053 60.422991 -79.270774
-8.965343 61.947783 -77.987786
-30.205543 71.912304 -62.579915
-30.743408 71.810395 -62.434846
-39.473479 56.365225 -72.558982
-37.622599 52.725752 -76.187499
6
63.968067 64.449656 41.884701
64.063602 64.034867 42.372050
52.511408 58.161046 62.127649
23.680763 68.946076 68.451882
26.843831 80.986548 52.159254
42.808279 81.504254 39.044945
9
-68.814289 66.563977 28.876126
-66.848498 59.128122 45.112564
-66.861886 59.051680 45.192779
-71.199710 50.625110 48.659013
-72.913135 47.643101 49.130538
-81.240876 37.220145 44.884082
-90.503497 36.600384 21.668616
-90.612039 40.613247 11.833108
-71.197820 66.852883 21.484004
6
-40.106874 -53.679862 -74.228775
-13.598451 -38.894483 -91.116965
-10.831950 -24.314504 -96.392291
-15.638945 -19.089858 -96.907176
-49.066313 -34.712584 -79.922046
-48.970702 -38.156945 -78.395905
7
17.636668 95.921631 -22.090466
19.444050 95.171220 -23.756427
31.102165 91.579900 -25.412147
38.393575 91.032083 -15.462640
33.509603 94.168324 3.071363
15.148274 98.805487 2.829414
10.734632 99.339420 -4.055537
4
81.127018 -30.584556 49.829629
86.057478 -24.868933 44.448246
86.241353 -44.714267 23.728957
73.342997 -55.488735 39.265826
4
-94.782829 20.177971 -24.679239
-86.762862 -1.953377 -49.682896
-85.166283 1.648512 -52.383076
-81.164508 26.954455 -51.824511
6
-57.893920 81.516203 1.844642
-36.669418 91.548487 16.559843
-37.868450 90.775913 18.047552
-68.814289 66.563977 28.876126
-71.197820 66.852883 21.484004
-71.099996 70.022853 6.449083
7
96.162330 -9.290341 25.816581
97.223127 -9.154702 21.537291
98.535285 -15.378336 7.369157
86.468957 -44.833562 22.651076
86.241353 -44.714267 23.728957
86.057478 -24.868933 44.448246
89.499661 -15.827503 41.704926
6
26.843831 80.986548 52.159254
17.865441 87.644407 44.713353
12.134598 95.128328 28.343478
16.967237 95.892884 22.730326
40.405733 88.820230 21.871063
42.808279 81.504254 39.044945
8
49.805003 35.685717 -79.031584
49.569408 36.721109 -78.704727
30.502801 44.035257 -84.442141
29.669047 43.977355 -84.768744
15.709006 35.061726 -92.324983
21.925499 21.398607 -95.191240
30.142302 19.694544 -93.292908
49.112964 33.766072 -80.298002
8
-64.134585 52.199515 -56.231358
-62.121547 52.366439 -58.298108
-51.350626 60.137083 -61.209839
-48.755634 68.093007 -54.646414
-61.042360 70.021001 -37.025528
-69.840495 62.811023 -34.308609
-70.891667 59.691491 -37.567239
-69.988627 55.708477 -44.700756
6
56.487476 82.465878 2.923035
52.035671 85.166611 -6.239975
57.511532 78.495728 -23.040059
62.038214 74.706618 -23.878469
69.501841 69.423360 -18.705379
62.379647 78.148529 1.259806
6
60.653804 -50.988891 61.002042
62.927119 -39.322156 67.036899
70.476052 -32.974365 62.815741
81.127018 -30.584556 49.829629
73.342997 -55.488735 39.265826
70.209376 -59.142160 39.659154
7
14.260582 -27.053254 -95.209019
19.838487 -16.559907 -96.603333
13.202989 3.034098 -99.078127
8.303691 7.148622 -99.397917
-18.274391 -9.580326 -97.848168
-15.638945 -19.089858 -96.907176
-10.831950 -24.314504 -96.392291
5
-80.374674 28.435128 -52.262370
-75.816130 30.030882 -57.879708
-64.134585 52.199515 -56.231358
-69.988627 55.708477 -44.700756
-80.832982 32.486357 -49.098530
6
-51.691178 17.059030 83.886898
-55.761093 7.504521 82.670325
-81.405001 4.522834 57.903107
-82.332107 33.728800 45.648572
-81.240876 37.220145 44.884082
-72.913135 47.643101 49.130538
4
90.290637 34.430816 25.731688
89.456886 24.981477 37.059295
74.177009 32.913161 58.433682
74.269032 50.017197 44.524048
6
-32.854040 -88.336260 33.426297
-37.532488 -82.173441 42.881673
-30.476077 -77.403658 55.496688
-16.208740 -77.854817 60.629235
-8.378465 -83.858689 53.828632
-7.929129 -96.681974 24.284252
5
41.450016 -71.610369 56.159161
23.874428 -86.509579 44.114674
11.855409 -85.512881 50.467776
12.769820 -68.599771 71.631021
41.314640 -71.110571 56.889253
5
-37.702623 -90.888672 -17.825867
-32.341794 -92.589536 -19.523989
-26.868815 -91.886211 -28.896210
-41.723935 -80.108577 -42.915372
-47.995789 -79.352916 -37.410146
7
21.441151 57.231253 79.150873
10.620851 40.553299 90.788917
4.089744 40.637793 91.278934
-12.193649 52.111952 84.472832
-10.466036 58.241889 80.612309
14.629912 69.723027 70.175959
21.603128 67.858232 70.203740
7
-80.374674 28.435128 -52.262370
-80.832982 32.486357 -49.098530
-85.318479 39.509854 -34.054788
-92.366738 32.990922 -19.493199
-95.347928 21.423733 -21.208403
-94.782829 20.177971 -24.679239
-81.164508 26.954455 -51.824511
4
37.948449 -24.182596 89.303512
22.695416 -4.409712 97.290660
33.912680 8.657079 93.674890
50.909961 -11.964077 85.235185
6
20.091321 -97.371154 -10.732993
27.806710 -94.462363 -17.425525
29.404227 -91.762904 -26.738751
22.092559 -89.666152 -38.365350
6.623747 -90.243743 -42.569858
4.218854 -97.890346 -19.992033
7
6.623747 -90.243743 -42.569858
22.092559 -89.666152 -38.365350
34.083887 -79.803059 -49.696684
23.963966 -74.718158 -61.991331
2.768172 -80.318133 -59.509115
0.460030 -83.605252 -54.863013
4.720023 -89.686461 -43.977951
6
55.768815 42.769427 71.138003
52.511408 58.161046 62.127649
64.063602 64.034867 42.372050
74.269032 50.017197 44.524048
74.177009 32.913161 58.433682
69.610780 27.173786 66.452424
6
52.035671 85.166611 -6.239975
56.487476 82.465878 2.923035
53.535542 83.967390 9.133634
44.023210 88.377432 15.855175
33.509603 94.168324 3.071363
38.393575 91.032083 -15.462640
7
0.154456 -1.364899 99.990566
-0.542155 4.026895 99.917417
18.711148 28.499146 94.008998
35.047481 19.302927 91.646446
33.912680 8.657079 93.674890
22.695416 -4.409712 97.290660
20.478611 -5.001240 97.752821
7
4.736627 85.541016 -51.578087
-11.090281 77.178856 -62.613336
-8.965343 61.947783 -77.987786
-8.075053 60.422991 -79.270774
-3.858785 59.059780 -80.604294
15.530722 69.525333 -70.178521
20.804668 74.740627 -63.095202
6
-65.894675 32.188094 -67.983957
-71.948625 28.455515 -63.353603
-68.324705 7.529141 -72.629517
-67.991920 7.372421 -72.957153
-47.315338 19.725103 -85.861395
-47.713324 20.976981 -85.342867
5
-51.111105 -46.355114 72.379958
-50.469541 -52.714173 68.366962
-60.101149 -57.660490 55.345459
-74.272354 -43.220458 51.143029
-70.818064 -36.390165 60.502544
7
90.290637 34.430816 25.731688
92.184073 35.572850 15.384050
93.171331 33.895456 13.046117
97.223127 -9.154702 21.537291
96.162330 -9.290341 25.816581
89.813876 20.683294 38.802951
89.456886 24.981477 37.059295
5
40.405733 88.820230 21.871063
16.967237 95.892884 22.730326
15.148274 98.805487 2.829414
33.509603 94.168324 3.071363
44.023210 88.377432 15.855175
9
-96.838423 -17.389139 17.886803
-99.395678 -9.580784 -5.357963
-99.432190 -8.464185 -6.449582
-99.649203 4.379326 -7.131467
-98.971712 13.575509 4.506184
-96.920693 15.870319 18.828496
-95.677845 10.029022 27.297778
-95.171733 -0.951195 30.682837
-96.213595 -15.549222 22.386732
6
-44.320404 17.871596 -87.842517
-47.315338 19.725103 -85.861395
-67.991920 7.372421 -72.957153
-62.549956 -15.820148 -76.401740
-59.327665 -17.790348 -78.509437
-40.582303 12.146919 -90.584375
6
-44.648294 -88.909693 -10.079499
-30.191423 -95.296349 2.661563
-13.124298 -99.135013 0.045211
-13.220187 -99.112566 -1.387751
-32.341794 -92.589536 -19.523989
-37.702623 -90.888672 -17.825867
7
-21.110286 85.188798 -47.929371
-18.385856 78.427458 -59.254486
-11.090281 77.178856 -62.613336
4.736627 85.541016 -51.578087
4.469376 85.968158 -50.887135
-8.745313 89.494542 -43.752102
-17.162884 88.225384 -43.837392
7
56.847427 -8.820356 81.795913
53.400213 -11.600976 83.748639
50.909961 -11.964077 85.235185
33.912680 8.657079 93.674890
35.047481 19.302927 91.646446
37.177535 20.336453 90.577368
63.980712 12.441685 75.839785
6
-56.120924 -20.244122 80.253457
-53.038486 -3.490703 84.703802
-22.433809 -15.391534 96.227984
-19.660315 -36.759360 90.896763
-21.438366 -38.981056 89.559331
-48.129930 -37.966383 79.006732
7
-48.970702 -38.156945 -78.395905
-49.066313 -34.712584 -79.922046
-54.749116 -23.501298 -80.313282
-59.327665 -17.790348 -78.509437
-62.549956 -15.820148 -76.401740
-76.647115 -21.223599 -60.619952
-73.219048 -40.578957 -54.702095
5
51.408245 -78.470967 -34.633795
53.819014 -79.594593 -27.716683
62.715854 -75.553820 -18.929921
63.691939 -63.120340 -44.262395
53.965610 -66.109331 -52.127433
8
10.734632 99.339420 -4.055537
15.148274 98.805487 2.829414
16.967237 95.892884 22.730326
12.134598 95.128328 28.343478
-11.485251 95.076494 28.784533
-15.544556 95.260029 26.151361
-22.710555 95.926477 16.803025
-8.767638 99.613921 -0.441978
6
44.455294 39.087220 80.597246
21.441151 57.231253 79.150873
21.603128 67.858232 70.203740
23.680763 68.946076 68.451882
52.511408 58.161046 62.127649
55.768815 42.769427 71.138003
5
-96.838423 -17.389139 17.886803
-89.103172 -42.429243 16.136421
-87.298456 -46.753997 13.894003
-90.773206 -40.759120 -9.945811
-99.395678 -9.580784 -5.357963
5
80.586686 4.061832 59.070192
89.813876 20.683294 38.802951
96.162330 -9.290341 25.816581
89.499661 -15.827503 41.704926
80.678343 3.692879 58.969209
6
-73.219048 -40.578957 -54.702095
-76.647115 -21.223599 -60.619952
-87.031681 -5.533041 -48.937429
-92.576902 -16.439692 -34.047816
-89.445644 -28.872734 -34.144429
-73.814272 -43.644380 -51.445325
6
77.148353 3.130315 -63.547877
81.137956 -3.621265 -58.339683
92.586213 -9.038125 -36.689310
93.012054 12.902921 -34.384189
84.755131 22.307228 -48.155532
77.349247 9.893781 -62.603571
7
30.013138 7.810878 -95.069457
38.256286 -5.323699 -92.239443
44.767011 -5.963696 -89.220788
46.743223 -4.718147 -88.276895
50.103220 -0.098941 -86.542808
49.112964 33.766072 -80.298002
30.142302 19.694544 -93.292908
5
-37.977501 -63.369934 67.394072
-18.680928 -53.839933 82.172286
-2.816721 -67.470632 73.754864
-16.208740 -77.854817 60.629235
-30.476077 -77.403658 55.496688
5
-95.677845 10.029022 27.297778
-82.332107 33.728800 45.648572
-81.405001 4.522834 57.903107
-81.621430 4.027569 57.634373
-95.171733 -0.951195 30.682837
7
-47.713324 20.976981 -85.342867
-47.315338 19.725103 -85.861395
-44.320404 17.871596 -87.842517
-25.596232 36.092536 -89.678100
-29.755531 52.447951 -79.773560
-37.622599 52.725752 -76.187499
-46.576399 41.581051 -78.113093
