200
5
80.571336 34.029055 -48.479719
70.596964 13.707550 -69.485047
79.414308 2.053547 -60.738378
86.986881 24.217215 -42.974517
82.002315 34.368316 -45.765044
6
-32.429834 88.879530 32.384177
-35.995252 92.867695 8.940529
-34.277701 93.786595 5.395714
-19.051447 97.186480 13.850291
-24.849025 91.923792 30.537559
-30.985106 88.928265 33.640555
6
-62.774433 -75.437126 -19.199233
-50.530808 -83.021134 -23.539941
-41.871503 -85.113022 -31.663082
-34.401137 -81.738744 -46.209734
-36.364435 -80.035986 -47.664125
-64.997425 -66.176938 -37.362383
5
88.111685 46.674772 7.602405
83.459278 55.081323 0.772513
83.451752 47.434350 -28.031900
83.696598 46.518478 -28.825520
94.418129 31.043916 -11.022351
8
-54.112364 -19.466338 -81.810230
-59.869896 -31.783277 -73.521554
-55.422754 -42.021726 -71.850490
-44.717367 -49.503260 -74.496875
-29.906075 -45.825452 -83.699788
-17.289840 -29.349484 -94.019515
-17.601801 -27.417657 -94.543369
-27.091411 -17.957117 -94.570595
5
67.491907 -42.565305 60.274681
74.136975 -47.078013 47.826453
65.932338 -60.620321 44.475876
53.874888 -50.128169 67.710141
53.916543 -48.791134 68.647154
8
-62.843915 20.877064 74.931906
-67.477888 7.632563 73.406258
-84.869308 5.755639 52.574454
-86.021218 9.928394 50.017768
-84.307340 23.945463 48.154826
-84.026955 24.392869 48.419612
-64.607428 26.354072 71.633394
-63.464888 25.605620 72.914746
5
9.091438 38.577248 91.810357
12.953040 61.829736 77.519691
32.240957 62.744845 70.877395
29.326153 32.310048 89.977984
11.686075 35.960716 92.575712
7
-83.271106 26.596482 48.564905
-84.026955 24.392869 48.419612
-84.307340 23.945463 48.154826
-89.630247 27.955264 34.422697
-84.654174 47.891672 23.239163
-73.504933 60.374355 30.853884
-74.790727 53.361098 39.483420
6
-58.447166 70.439255 40.277042
-46.615585 84.240956 27.026811
-32.429834 88.879530 32.384177
-30.985106 88.928265 33.640555
-29.568684 78.861446 53.912570
-53.737800 70.167173 46.784790
6
5.819486 98.686228 -15.071895
27.354251 96.176645 1.340834
22.963203 95.112139 20.648785
4.592936 97.116676 23.393509
-5.991360 99.304218 10.137849
-5.290984 99.859597 0.257578
6
-6.294870 -8.819888 99.411187
-18.448764 -19.945071 96.238440
-35.184059 -11.515227 92.895003
-27.158557 10.818199 95.631477
-9.562558 11.648708 98.857802
-5.408042 8.641131 99.479063
6
-40.076801 47.723572 78.206846
-40.296305 48.229848 77.782322
-30.244342 71.121248 63.459025
-11.730662 64.384347 75.611159
-28.187839 43.790453 85.368858
-32.978640 42.971547 84.058643
5
-41.987272 -84.701836 32.598589
-33.394522 -91.988460 20.565241
-41.683046 -90.788014 4.478849
-53.946652 -84.166488 2.400237
-62.574865 -73.430398 26.312788
6
21.650762 75.300745 -62.137286
15.489921 74.442084 -64.949507
8.221368 69.768557 -71.167110
11.943635 51.447483 -84.914699
30.931071 45.880973 -83.295889
31.162215 47.274710 -82.425834
6
87.459323 -45.198400 -17.549114
87.185919 -48.975584 -0.087414
93.946492 -33.683488 6.283254
96.754871 -25.191350 1.972517
96.950691 -11.413372 -21.686367
89.303022 -38.459573 -23.363035
5
86.986881 24.217215 -42.974517
79.414308 2.053547 -60.738378
79.481617 1.560476 -60.664960
86.601279 -6.551014 -49.571189
93.954094 13.376677 -31.522891
5
9.486200 63.222701 76.895397
-20.148540 42.503494 88.246753
-28.187839 43.790453 85.368858
-11.730662 64.384347 75.611159
3.372837 67.337561 73.853076
7
63.370370 -33.081958 -69.926963
63.020915 -25.249255 -73.422336
57.120944 -15.364233 -80.629635
38.950060 -8.612818 -91.699030
27.303395 -22.738450 -93.474528
27.857297 -41.080807 -86.812086
31.560919 -45.206943 -83.428057
7
67.491907 -42.565305 60.274681
53.916543 -48.791134 68.647154
53.735761 -48.541870 68.964881
58.551668 -20.996091 78.299849
61.484737 -17.309355 76.941623
72.273805 -16.230314 67.179417
81.691057 -20.626521 53.862026
5
-14.235140 -33.762111 93.045584
-14.004451 -34.054795 92.973901
-15.192118 -43.094459 88.949801
-36.466905 -50.757862 78.062823
-38.617295 -36.357122 84.775375
6
-34.466055 57.826046 -73.947546
-34.528076 49.784694 -79.556874
-28.577662 40.745859 -86.735761
-9.242608 56.801415 -81.781253
-12.717992 66.579360 -73.521708
-23.829054 71.763185 -65.438684
6
-84.472241 -3.411002 53.411661
-66.281506 -12.875708 73.762986
-63.978829 -18.214144 74.665617
-68.472809 -26.692211 67.815930
-81.006030 -23.602670 53.674362
-84.963884 -7.812234 52.154649
6
4.372913 97.403296 -22.214311
5.148825 97.664154 -20.861509
5.819486 98.686228 -15.071895
-5.290984 99.859597 0.257578
-36.100348 92.413398 -12.511143
-25.458126 94.293748 -21.460961
6
-4.583648 -91.216802 40.724504
-16.254996 -96.393611 21.072421
-33.394522 -91.988460 20.565241
-41.987272 -84.701836 32.598589
-38.078377 -79.938266 46.474842
-13.704963 -76.844928 62.506247
4
-64.184522 48.341900 59.526530
-66.045576 45.003102 60.105763
-83.271106 26.596482 48.564905
-74.790727 53.361098 39.483420
6
11.977678 -99.225404 3.294605
12.421853 -99.221900 -0.843889
-2.299508 -96.049024 -27.736210
-9.610866 -95.160910 -29.189595
-21.830643 -96.513447 -14.442212
-8.699161 -99.077568 10.390389
5
41.607547 -70.707136 57.177906
53.874888 -50.128169 67.710141
65.932338 -60.620321 44.475876
65.678043 -64.033871 39.825343
54.872680 -73.030829 40.687675
4
62.470514 5.384278 77.900221
60.146054 -7.249779 79.560624
37.674975 5.811714 92.449014
53.002547 14.082624 83.620630
4
14.732718 -88.890357 -43.375700
4.136734 -95.001035 -30.946578
28.072434 -93.171115 -23.045211
29.472364 -88.250977 -36.648940
7
4.889095 10.491715 -99.327844
13.488836 18.217342 -97.397021
5.526213 24.996372 -96.667690
-6.054708 27.386327 -95.986091
-27.857496 12.875098 -95.174533
-28.986655 8.098828 -95.363425
-28.515175 6.812895 -95.605802
4
-84.026955 24.392869 48.419612
-83.271106 26.596482 48.564905
-66.045576 45.003102 60.105763
-64.607428 26.354072 71.633394
6
-84.869308 5.755639 52.574454
-84.472241 -3.411002 53.411661
-84.963884 -7.812234 52.154649
-92.813876 -16.014819 33.602232
-96.701559 1.057305 25.449766
-86.021218 9.928394 50.017768
6
-73.504933 60.374355 30.853884
-84.654174 47.891672 23.239163
-91.351195 40.392471 4.838130
-84.186004 53.969509 0.093440
-70.757136 68.204282 18.482520
-71.613106 63.137175 29.753323
4
-42.079892 -66.698057 -61.487006
-23.730194 -64.738599 -72.427838
-29.906075 -45.825452 -83.699788
-44.717367 -49.503260 -74.496875
7
28.689321 -54.581379 -78.726082
39.821852 -63.755251 -65.950649
62.108525 -51.093718 -59.430322
67.599823 -39.590176 -62.152087
67.643626 -39.299210 -62.288940
63.370370 -33.081958 -69.926963
31.560919 -45.206943 -83.428057
7
-63.493552 -75.255361 -17.469958
-60.301808 -79.616362 -4.992675
-53.946652 -84.166488 2.400237
-41.683046 -90.788014 4.478849
-36.906885 -92.763105 -5.734817
-50.530808 -83.021134 -23.539941
-62.774433 -75.437126 -19.199233
7
90.285972 -21.651099 37.143951
92.652852 -20.859225 31.310410
93.946492 -33.683488 6.283254
87.185919 -48.975584 -0.087414
83.344586 -55.121829 3.906904
80.920532 -54.013098 23.118235
89.475977 -22.444795 38.604153
7
27.317299 -23.222979 93.351263
15.419341 -13.256404 97.910733
20.286154 6.503862 97.704512
32.590185 8.953745 94.115409
36.600133 5.783292 92.881558
37.348608 -20.763793 90.409880
36.904178 -21.120174 90.509778
6
-45.692339 87.589406 -15.501811
-37.165814 92.041007 -12.130755
-34.277701 93.786595 5.395714
-35.995252 92.867695 8.940529
-50.156016 84.654707 17.831281
-56.837429 81.322017 12.499449
7
-4.583648 -91.216802 40.724504
-13.704963 -76.844928 62.506247
-13.135098 -75.744956 63.954443
5.222899 -72.487664 68.689590
21.124687 -73.506180 64.425066
25.866606 -75.378228 60.407296
12.792394 -92.041255 36.942686
5
7.887303 -15.330054 98.502690
15.419341 -13.256404 97.910733
27.317299 -23.222979 93.351263
23.253052 -29.163606 92.783509
3.400212 -34.237176 93.894911
6
11.077879 -51.314123 85.112522
11.927440 -50.306364 85.597932
23.075178 -47.632725 84.844915
32.948082 -50.051544 80.057897
21.124687 -73.506180 64.425066
5.222899 -72.487664 68.689590
6
36.904178 -21.120174 90.509778
37.293872 -48.441391 79.136583
32.948082 -50.051544 80.057897
23.075178 -47.632725 84.844915
23.253052 -29.163606 92.783509
27.317299 -23.222979 93.351263
5
13.651890 -84.580039 -51.573664
14.732718 -88.890357 -43.375700
29.472364 -88.250977 -36.648940
39.746034 -81.490641 -42.184455
21.836097 -78.092621 -58.521171
6
-11.515758 -51.031215 85.224424
-15.192118 -43.094459 88.949801
-14.004451 -34.054795 92.973901
3.095116 -34.533883 93.796755
11.927440 -50.306364 85.597932
11.077879 -51.314123 85.112522
5
-62.574865 -73.430398 26.312788
-53.946652 -84.166488 2.400237
-60.301808 -79.616362 -4.992675
-73.390507 -66.452996 14.065305
-68.164578 -67.794754 27.522021
9
-25.458126 94.293748 -21.460961
-36.100348 92.413398 -12.511143
-37.165814 92.041007 -12.130755
-45.692339 87.589406 -15.501811
-56.101595 78.200139 -27.154176
-55.934319 77.413077 -29.640639
-23.227749 79.868950 -55.510562
-17.739232 83.647501 -51.849929
-17.375881 84.024974 -51.360320
5
-48.019156 15.411711 86.351837
-50.437958 1.906652 86.327152
-65.612849 2.588481 75.420513
-67.477888 7.632563 73.406258
-62.843915 20.877064 74.931906
7
-9.562558 11.648708 98.857802
-27.158557 10.818199 95.631477
-36.549994 22.754169 90.257109
-32.978640 42.971547 84.058643
-28.187839 43.790453 85.368858
-20.148540 42.503494 88.246753
-9.496439 36.259094 92.709739
6
-92.173962 -34.849250 17.014419
-93.889712 -31.333953 14.244489
-97.975935 2.577157 19.851309
-96.701559 1.057305 25.449766
-92.813876 -16.014819 33.602232
-90.147849 -35.302173 25.042403
7
-96.366697 10.823840 -24.419341
-94.292432 5.868546 -32.779527
-90.943303 8.761388 -40.651615
-69.713608 37.047672 -61.379825
-69.782723 46.504682 -54.476474
-85.930350 41.556821 -29.816196
-96.485058 12.238190 -23.256405
6
-82.177718 -56.980720 -0.142390
-80.096878 -59.321017 -8.093650
-83.508621 -49.181992 -24.646335
-89.067110 -32.306469 -31.989718
-92.023235 -30.883403 -24.040375
-88.041331 -47.200524 4.564488
5
-74.176757 -34.500062 -57.511342
-68.502586 -30.765034 -66.037174
-78.008568 -8.548710 -61.980504
-88.805508 -23.387153 -39.580587
-88.262263 -27.125337 -38.392565
7
62.286672 76.004721 -18.537874
69.366607 71.975475 -2.793716
61.812238 76.170868 19.422824
54.699881 80.802701 21.882565
38.802821 92.004782 -5.427825
49.799867 83.173109 -24.539911
56.019882 79.140038 -24.466862
5
85.328856 -32.083722 -41.105002
89.303022 -38.459573 -23.363035
96.950691 -11.413372 -21.686367
96.957160 -10.747347 -21.995536
91.904298 -15.052848 -36.428174
6
-77.730402 -7.611986 -62.450319
-78.008568 -8.548710 -61.980504
-68.502586 -30.765034 -66.037174
-59.869896 -31.783277 -73.521554
-54.112364 -19.466338 -81.810230
-57.257632 -14.514949 -80.690023
6
-63.464888 25.605620 72.914746
-40.076801 47.723572 78.206846
-32.978640 42.971547 84.058643
-36.549994 22.754169 90.257109
-48.019156 15.411711 86.351837
-62.843915 20.877064 74.931906
7
-15.079067 -73.477406 66.133898
-13.135098 -75.744956 63.954443
-13.704963 -76.844928 62.506247
-38.078377 -79.938266 46.474842
-58.679601 -58.650502 55.828515
-51.617564 -54.259034 66.269030
-38.564395 -56.184427 73.185365
7
32.590185 8.953745 94.115409
33.831565 27.844562 89.889407
42.802073 30.523412 85.066467
53.306806 23.244604 81.351539
53.002547 14.082624 83.620630
37.674975 5.811714 92.449014
36.600133 5.783292 92.881558
5
-25.201471 -82.905318 -49.915869
-27.906019 -83.908678 -46.696765
-12.685205 -92.964347 -34.593580
1.780496 -83.502560 -54.992293
-3.666487 -79.325851 -60.778007
6
38.802821 92.004782 -5.427825
27.354251 96.176645 1.340834
5.819486 98.686228 -15.071895
5.148825 97.664154 -20.861509
45.462448 84.567565 -27.955194
49.799867 83.173109 -24.539911
6
49.232375 47.936148 72.651903
42.802073 30.523412 85.066467
33.831565 27.844562 89.889407
29.326153 32.310048 89.977984
32.240957 62.744845 70.877395
38.444718 64.239900 66.296598
5
-86.012572 42.768596 -27.797206
-78.635816 60.347151 -13.214759
-84.186004 53.969509 0.093440
-91.351195 40.392471 4.838130
-91.939180 39.102584 4.263227
4
-25.458126 94.293748 -21.460961
-17.375881 84.024974 -51.360320
3.524347 92.231409 -38.483064
4.372913 97.403296 -22.214311
5
-11.515758 -51.031215 85.224424
11.077879 -51.314123 85.112522
5.222899 -72.487664 68.689590
-13.135098 -75.744956 63.954443
-15.079067 -73.477406 66.133898
7
-65.625911 -58.175778 -48.050168
-65.540879 -65.166182 -38.180648
-64.997425 -66.176938 -37.362383
-36.364435 -80.035986 -47.664125
-42.135661 -66.772322 -61.368095
-63.451711 -56.917720 -52.290090
-64.170667 -56.891069 -51.434733
6
11.977678 -99.225404 3.294605
25.743516 -95.140900 16.896169
47.481333 -87.225244 -11.716647
47.673469 -87.016391 -12.465471
30.078424 -93.564067 -18.467639
12.421853 -99.221900 -0.843889
5
82.015033 -20.536854 53.401986
81.691057 -20.626521 53.862026
72.273805 -16.230314 67.179417
74.896936 5.001979 66.071394
83.489352 12.451808 53.614183
7
61.812238 76.170868 19.422824
69.514600 64.878074 30.960553
69.414293 56.869568 44.130582
40.150346 67.149608 62.280654
34.582872 80.254638 48.612941
37.219563 85.958077 35.013041
54.699881 80.802701 21.882565
7
-30.985106 88.928265 33.640555
-24.849025 91.923792 30.537559
-1.302445 94.139862 33.704450
-0.606474 85.993867 51.036135
-5.177244 83.054825 55.453513
-29.330782 78.785216 54.153440
-29.568684 78.861446 53.912570
6
98.328601 11.156855 -14.387872
97.877329 9.049997 -18.388204
96.957160 -10.747347 -21.995536
96.950691 -11.413372 -21.686367
96.754871 -25.191350 1.972517
99.440705 6.683127 8.178136
5
-91.939180 39.102584 4.263227
-91.351195 40.392471 4.838130
-84.654174 47.891672 23.239163
-89.630247 27.955264 34.422697
-98.180416 18.015764 6.003174
6
78.959821 -43.117203 43.660663
78.735581 -54.989042 27.873170
66.478395 -63.867559 38.749940
65.678043 -64.033871 39.825343
65.932338 -60.620321 44.475876
74.136975 -47.078013 47.826453
6
-63.978829 -18.214144 74.665617
-47.983698 -20.893703 85.211607
-47.299806 -24.000058 84.774557
-55.009066 -44.821482 70.463022
-68.061505 -28.333706 67.563545
-68.472809 -26.692211 67.815930
5
-73.390507 -66.452996 14.065305
-60.301808 -79.616362 -4.992675
-63.493552 -75.255361 -17.469958
-80.096878 -59.321017 -8.093650
-82.177718 -56.980720 -0.142390
7
81.024480 41.209105 -41.675452
61.341614 62.885211 -47.777155
56.389461 60.711445 -55.985258
58.856250 43.323777 -68.256811
62.674020 38.490948 -67.752596
80.571336 34.029055 -48.479719
82.002315 34.368316 -45.765044
5
22.020949 -77.246864 -59.565088
21.836097 -78.092621 -58.521171
39.746034 -81.490641 -42.184455
48.949196 -77.019282 -40.890176
38.027872 -68.466458 -62.178976
5
-60.777505 15.914986 -77.799795
-65.231132 22.410940 -72.406141
-77.914369 -0.017809 -62.684534
-77.730402 -7.611986 -62.450319
-57.257632 -14.514949 -80.690023
6
9.448483 11.868108 98.842674
20.286154 6.503862 97.704512
15.419341 -13.256404 97.910733
7.887303 -15.330054 98.502690
-6.294870 -8.819888 99.411187
-5.408042 8.641131 99.479063
6
66.478395 -63.867559 38.749940
78.735581 -54.989042 27.873170
80.920532 -54.013098 23.118235
83.344586 -55.121829 3.906904
80.852731 -58.757121 3.230592
65.495938 -73.086575 19.199858
6
-65.231132 22.410940 -72.406141
-65.409852 26.615662 -70.803656
-66.751744 31.265390 -67.577215
-69.713608 37.047672 -61.379825
-90.943303 8.761388 -40.651615
-77.914369 -0.017809 -62.684534
5
-56.101595 78.200139 -27.154176
-45.692339 87.589406 -15.501811
-56.837429 81.322017 12.499449
-68.671778 71.179895 14.751595
-68.762952 71.075149 -14.831714
6
53.306806 23.244604 81.351539
62.502236 27.818285 72.935681
66.967574 21.805890 70.991881
66.221834 9.251959 74.357716
62.470514 5.384278 77.900221
53.002547 14.082624 83.620630
9
-85.930350 41.556821 -29.816196
-69.782723 46.504682 -54.476474
-69.148492 47.656894 -54.289102
-66.687491 53.666341 -51.698186
-55.934319 77.413077 -29.640639
-56.101595 78.200139 -27.154176
-68.762952 71.075149 -14.831714
-78.635816 60.347151 -13.214759
-86.012572 42.768596 -27.797206
6
-5.290984 99.859597 0.257578
-5.991360 99.304218 10.137849
-19.051447 97.186480 13.850291
-34.277701 93.786595 5.395714
-37.165814 92.041007 -12.130755
-36.100348 92.413398 -12.511143
6
-2.104879 -18.821183 -98.190287
6.091660 -17.846704 -98.205839
27.754386 12.167013 -95.297733
23.621997 17.669676 -95.549902
13.488836 18.217342 -97.397021
4.889095 10.491715 -99.327844
5
61.248574 37.552696 69.558660
62.502236 27.818285 72.935681
53.306806 23.244604 81.351539
42.802073 30.523412 85.066467
49.232375 47.936148 72.651903
7
-41.683046 -90.788014 4.478849
-33.394522 -91.988460 20.565241
-16.254996 -96.393611 21.072421
-8.699161 -99.077568 10.390389
-21.830643 -96.513447 -14.442212
-26.393767 -95.505460 -13.493562
-36.906885 -92.763105 -5.734817
5
57.851231 18.391396 -79.466921
61.814768 17.512046 -76.630691
62.674020 38.490948 -67.752596
58.856250 43.323777 -68.256811
34.922624 42.921268 -83.295709
7
-58.447166 70.439255 40.277042
-71.613106 63.137175 29.753323
-70.757136 68.204282 18.482520
-68.671778 71.179895 14.751595
-56.837429 81.322017 12.499449
-50.156016 84.654707 17.831281
-46.615585 84.240956 27.026811
6
-30.455934 35.099348 -88.546439
-28.475176 39.205324 -87.476322
-28.577662 40.745859 -86.735761
-34.528076 49.784694 -79.556874
-66.751744 31.265390 -67.577215
-65.409852 26.615662 -70.803656
6
-36.549994 22.754169 90.257109
-27.158557 10.818199 95.631477
-35.184059 -11.515227 92.895003
-42.246974 -13.381258 89.644493
-50.437958 1.906652 86.327152
-48.019156 15.411711 86.351837
5
2.758029 49.283359 -86.968637
0.660304 49.666432 -86.791760
-11.687470 37.891472 -91.802175
-6.054708 27.386327 -95.986091
5.526213 24.996372 -96.667690
5
54.872680 -73.030829 40.687675
46.424560 -84.866346 25.346864
36.150162 -89.533037 26.019244
31.992044 -75.088791 57.777007
41.607547 -70.707136 57.177906
7
-8.699161 -99.077568 10.390389
-16.254996 -96.393611 21.072421
-4.583648 -91.216802 40.724504
12.792394 -92.041255 36.942686
27.659291 -93.504262 22.179191
25.743516 -95.140900 16.896169
11.977678 -99.225404 3.294605
6
11.686075 35.960716 92.575712
9.448483 11.868108 98.842674
-5.408042 8.641131 99.479063
-9.562558 11.648708 98.857802
-9.496439 36.259094 92.709739
9.091438 38.577248 91.810357
5
6.091660 -17.846704 -98.205839
27.303395 -22.738450 -93.474528
38.950060 -8.612818 -91.699030
32.454246 8.266966 -94.225151
27.754386 12.167013 -95.297733
7
27.857297 -41.080807 -86.812086
27.303395 -22.738450 -93.474528
6.091660 -17.846704 -98.205839
-2.104879 -18.821183 -98.190287
-17.601801 -27.417657 -94.543369
-17.289840 -29.349484 -94.019515
-6.300919 -41.085543 -90.952056
6
-55.422754 -42.021726 -71.850490
-59.869896 -31.783277 -73.521554
-68.502586 -30.765034 -66.037174
-74.176757 -34.500062 -57.511342
-64.170667 -56.891069 -51.434733
-63.451711 -56.917720 -52.290090
7
13.651890 -84.580039 -51.573664
1.780496 -83.502560 -54.992293
-12.685205 -92.964347 -34.593580
-9.610866 -95.160910 -29.189595
-2.299508 -96.049024 -27.736210
4.136734 -95.001035 -30.946578
14.732718 -88.890357 -43.375700
5
-28.475176 39.205324 -87.476322
-11.687470 37.891472 -91.802175
0.660304 49.666432 -86.791760
-9.242608 56.801415 -81.781253
-28.577662 40.745859 -86.735761
6
-69.148492 47.656894 -54.289102
-69.782723 46.504682 -54.476474
-69.713608 37.047672 -61.379825
-66.751744 31.265390 -67.577215
-34.528076 49.784694 -79.556874
-34.466055 57.826046 -73.947546
5
12.421853 -99.221900 -0.843889
30.078424 -93.564067 -18.467639
28.072434 -93.171115 -23.045211
4.136734 -95.001035 -30.946578
-2.299508 -96.049024 -27.736210
6
-12.717992 66.579360 -73.521708
-9.242608 56.801415 -81.781253
0.660304 49.666432 -86.791760
2.758029 49.283359 -86.968637
11.943635 51.447483 -84.914699
8.221368 69.768557 -71.167110
7
21.836097 -78.092621 -58.521171
22.020949 -77.246864 -59.565088
15.545662 -69.825193 -69.876854
-3.363591 -76.029257 -64.870936
-3.666487 -79.325851 -60.778007
1.780496 -83.502560 -54.992293
13.651890 -84.580039 -51.573664
5
25.739417 81.986402 -51.144034
45.462448 84.567565 -27.955194
5.148825 97.664154 -20.861509
4.372913 97.403296 -22.214311
3.524347 92.231409 -38.483064
6
90.674153 36.697743 20.771942
86.725809 37.050732 33.254734
74.516207 48.304083 45.978805
69.414293 56.869568 44.130582
69.514600 64.878074 30.960553
88.224318 46.150315 9.306887
5
62.108525 -51.093718 -59.430322
39.821852 -63.755251 -65.950649
38.027872 -68.466458 -62.178976
48.949196 -77.019282 -40.890176
54.003673 -75.190571 -37.815094
8
98.328601 11.156855 -14.387872
94.418129 31.043916 -11.022351
83.696598 46.518478 -28.825520
81.024480 41.209105 -41.675452
82.002315 34.368316 -45.765044
86.986881 24.217215 -42.974517
93.954094 13.376677 -31.522891
97.877329 9.049997 -18.388204
4
75.869159 -34.242665 -55.419407
85.328856 -32.083722 -41.105002
91.904298 -15.052848 -36.428174
86.806197 -8.264927 -48.952785
6
-68.472809 -26.692211 67.815930
-68.061505 -28.333706 67.563545
-69.603419 -55.384378 45.693925
-72.220079 -55.131096 41.771071
-82.372135 -42.593776 37.424612
-81.006030 -23.602670 53.674362
4
21.650762 75.300745 -62.137286
31.162215 47.274710 -82.425834
47.316061 64.056680 -60.480840
25.637878 78.149400 -56.880318
6
57.851231 18.391396 -79.466921
34.922624 42.921268 -83.295709
32.326147 43.564156 -84.007051
23.621997 17.669676 -95.549902
27.754386 12.167013 -95.297733
32.454246 8.266966 -94.225151
6
74.896936 5.001979 66.071394
72.273805 -16.230314 67.179417
61.484737 -17.309355 76.941623
60.146054 -7.249779 79.560624
62.470514 5.384278 77.900221
66.221834 9.251959 74.357716
7
-72.220079 -55.131096 41.771071
-69.603419 -55.384378 45.693925
-58.679601 -58.650502 55.828515
-38.078377 -79.938266 46.474842
-41.987272 -84.701836 32.598589
-62.574865 -73.430398 26.312788
-68.164578 -67.794754 27.522021
6
-97.933031 -20.075235 -2.471105
-93.889712 -31.333953 14.244489
-92.173962 -34.849250 17.014419
-88.041331 -47.200524 4.564488
-92.023235 -30.883403 -24.040375
-97.742880 -20.080414 -6.565552
9
3.372837 67.337561 73.853076
-5.177244 83.054825 55.453513
-0.606474 85.993867 51.036135
34.582872 80.254638 48.612941
40.150346 67.149608 62.280654
38.444718 64.239900 66.296598
32.240957 62.744845 70.877395
12.953040 61.829736 77.519691
9.486200 63.222701 76.895397
5
-84.963884 -7.812234 52.154649
-81.006030 -23.602670 53.674362
-82.372135 -42.593776 37.424612
-90.147849 -35.302173 25.042403
-92.813876 -16.014819 33.602232
6
31.560919 -45.206943 -83.428057
27.857297 -41.080807 -86.812086
-6.300919 -41.085543 -90.952056
-1.980797 -56.786523 -82.288318
16.403020 -63.449627 -75.532018
28.689321 -54.581379 -78.726082
7
32.326147 43.564156 -84.007051
30.931071 45.880973 -83.295889
11.943635 51.447483 -84.914699
2.758029 49.283359 -86.968637
5.526213 24.996372 -96.667690
13.488836 18.217342 -97.397021
23.621997 17.669676 -95.549902
8
49.799867 83.173109 -24.539911
45.462448 84.567565 -27.955194
25.739417 81.986402 -51.144034
25.637878 78.149400 -56.880318
47.316061 64.056680 -60.480840
56.389461 60.711445 -55.985258
61.341614 62.885211 -47.777155
56.019882 79.140038 -24.466862
6
58.551668 -20.996091 78.299849
37.348608 -20.763793 90.409880
36.600133 5.783292 92.881558
37.674975 5.811714 92.449014
60.146054 -7.249779 79.560624
61.484737 -17.309355 76.941623
4
-50.530808 -83.021134 -23.539941
-36.906885 -92.763105 -5.734817
-26.393767 -95.505460 -13.493562
-41.871503 -85.113022 -31.663082
6
-57.257632 -14.514949 -80.690023
-54.112364 -19.466338 -81.810230
-27.091411 -17.957117 -94.570595
-28.515175 6.812895 -95.605802
-28.986655 8.098828 -95.363425
-60.777505 15.914986 -77.799795
7
87.185919 -48.975584 -0.087414
87.459323 -45.198400 -17.549114
77.430964 -54.807160 -31.632595
66.210333 -68.756971 -29.810581
77.391982 -63.328094 -0.183425
80.852731 -58.757121 3.230592
83.344586 -55.121829 3.906904
6
88.111685 46.674772 7.602405
88.224318 46.150315 9.306887
69.514600 64.878074 30.960553
61.812238 76.170868 19.422824
69.366607 71.975475 -2.793716
83.459278 55.081323 0.772513
5
98.433388 9.689437 14.730339
91.069074 10.012795 40.077021
87.370106 14.552720 46.418563
86.725809 37.050732 33.254734
90.674153 36.697743 20.771942
5
-17.760181 -67.519348 -71.594089
-25.201471 -82.905318 -49.915869
-3.666487 -79.325851 -60.778007
-3.363591 -76.029257 -64.870936
-11.914687 -67.687644 -72.638992
5
98.902105 7.592164 12.678040
92.652852 -20.859225 31.310410
90.285972 -21.651099 37.143951
91.069074 10.012795 40.077021
98.433388 9.689437 14.730339
5
-55.422754 -42.021726 -71.850490
-63.451711 -56.917720 -52.290090
-42.135661 -66.772322 -61.368095
-42.079892 -66.698057 -61.487006
-44.717367 -49.503260 -74.496875
4
-98.982064 9.862624 10.260584
-97.975935 2.577157 19.851309
-93.889712 -31.333953 14.244489
-97.933031 -20.075235 -2.471105
7
40.150346 67.149608 62.280654
69.414293 56.869568 44.130582
74.516207 48.304083 45.978805
73.280943 41.302814 54.073848
61.248574 37.552696 69.558660
49.232375 47.936148 72.651903
38.444718 64.239900 66.296598
5
-68.671778 71.179895 14.751595
-70.757136 68.204282 18.482520
-84.186004 53.969509 0.093440
-78.635816 60.347151 -13.214759
-68.762952 71.075149 -14.831714
6
97.877329 9.049997 -18.388204
93.954094 13.376677 -31.522891
86.601279 -6.551014 -49.571189
86.806197 -8.264927 -48.952785
91.904298 -15.052848 -36.428174
96.957160 -10.747347 -21.995536
5
-28.475176 39.205324 -87.476322
-30.455934 35.099348 -88.546439
-27.857496 12.875098 -95.174533
-6.054708 27.386327 -95.986091
-11.687470 37.891472 -91.802175
7
-14.235140 -33.762111 93.045584
-38.617295 -36.357122 84.775375
-47.299806 -24.000058 84.774557
-47.983698 -20.893703 85.211607
-42.246974 -13.381258 89.644493
-35.184059 -11.515227 92.895003
-18.448764 -19.945071 96.238440
6
22.963203 95.112139 20.648785
37.219563 85.958077 35.013041
34.582872 80.254638 48.612941
-0.606474 85.993867 51.036135
-1.302445 94.139862 33.704450
4.592936 97.116676 23.393509
5
96.754871 -25.191350 1.972517
93.946492 -33.683488 6.283254
92.652852 -20.859225 31.310410
98.902105 7.592164 12.678040
99.440705 6.683127 8.178136
6
83.489352 12.451808 53.614183
74.896936 5.001979 66.071394
66.221834 9.251959 74.357716
66.967574 21.805890 70.991881
78.887655 20.834387 57.815796
83.641672 13.209922 53.193690
6
74.516207 48.304083 45.978805
86.725809 37.050732 33.254734
87.370106 14.552720 46.418563
83.641672 13.209922 53.193690
78.887655 20.834387 57.815796
73.280943 41.302814 54.073848
7
67.599823 -39.590176 -62.152087
77.430964 -54.807160 -31.632595
87.459323 -45.198400 -17.549114
89.303022 -38.459573 -23.363035
85.328856 -32.083722 -41.105002
75.869159 -34.242665 -55.419407
67.643626 -39.299210 -62.288940
5
27.354251 96.176645 1.340834
38.802821 92.004782 -5.427825
54.699881 80.802701 21.882565
37.219563 85.958077 35.013041
22.963203 95.112139 20.648785
8
-96.701559 1.057305 25.449766
-97.975935 2.577157 19.851309
-98.982064 9.862624 10.260584
-98.183355 18.001819 5.996943
-98.180416 18.015764 6.003174
-89.630247 27.955264 34.422697
-84.307340 23.945463 48.154826
-86.021218 9.928394 50.017768
5
-27.091411 -17.957117 -94.570595
-17.601801 -27.417657 -94.543369
-2.104879 -18.821183 -98.190287
4.889095 10.491715 -99.327844
-28.515175 6.812895 -95.605802
6
81.024480 41.209105 -41.675452
83.696598 46.518478 -28.825520
83.451752 47.434350 -28.031900
62.286672 76.004721 -18.537874
56.019882 79.140038 -24.466862
61.341614 62.885211 -47.777155
9
37.293872 -48.441391 79.136583
53.735761 -48.541870 68.964881
53.916543 -48.791134 68.647154
53.874888 -50.128169 67.710141
41.607547 -70.707136 57.177906
31.992044 -75.088791 57.777007
25.866606 -75.378228 60.407296
21.124687 -73.506180 64.425066
32.948082 -50.051544 80.057897
4
-24.295073 73.295442 -63.541543
-23.227749 79.868950 -55.510562
-55.934319 77.413077 -29.640639
-66.687491 53.666341 -51.698186
7
65.678043 -64.033871 39.825343
66.478395 -63.867559 38.749940
65.495938 -73.086575 19.199858
55.005951 -81.384263 18.733582
51.021666 -83.486703 20.658171
46.424560 -84.866346 25.346864
54.872680 -73.030829 40.687675
6
57.120944 -15.364233 -80.629635
62.875565 16.058053 -76.084179
61.814768 17.512046 -76.630691
57.851231 18.391396 -79.466921
32.454246 8.266966 -94.225151
38.950060 -8.612818 -91.699030
7
-56.139261 53.565520 63.080254
-40.296305 48.229848 77.782322
-40.076801 47.723572 78.206846
-63.464888 25.605620 72.914746
-64.607428 26.354072 71.633394
-66.045576 45.003102 60.105763
-64.184522 48.341900 59.526530
8
-97.742880 -20.080414 -6.565552
-92.023235 -30.883403 -24.040375
-89.067110 -32.306469 -31.989718
-88.619554 -31.087699 -34.353015
-88.262263 -27.125337 -38.392565
-88.805508 -23.387153 -39.580587
-94.292432 5.868546 -32.779527
-96.366697 10.823840 -24.419341
5
3.400212 -34.237176 93.894911
23.253052 -29.163606 92.783509
23.075178 -47.632725 84.844915
11.927440 -50.306364 85.597932
3.095116 -34.533883 93.796755
5
55.005951 -81.384263 18.733582
65.495938 -73.086575 19.199858
80.852731 -58.757121 3.230592
77.391982 -63.328094 -0.183425
63.772909 -76.956180 -3.280606
5
-15.079067 -73.477406 66.133898
-38.564395 -56.184427 73.185365
-36.466905 -50.757862 78.062823
-15.192118 -43.094459 88.949801
-11.515758 -51.031215 85.224424
5
-89.067110 -32.306469 -31.989718
-83.508621 -49.181992 -24.646335
-65.540879 -65.166182 -38.180648
-65.625911 -58.175778 -48.050168
-88.619554 -31.087699 -34.353015
5
73.280943 41.302814 54.073848
78.887655 20.834387 57.815796
66.967574 21.805890 70.991881
62.502236 27.818285 72.935681
61.248574 37.552696 69.558660
5
-66.687491 53.666341 -51.698186
-69.148492 47.656894 -54.289102
-34.466055 57.826046 -73.947546
-23.829054 71.763185 -65.438684
-24.295073 73.295442 -63.541543
6
81.691057 -20.626521 53.862026
82.015033 -20.536854 53.401986
86.472878 -23.557222 44.356494
78.959821 -43.117203 43.660663
74.136975 -47.078013 47.826453
67.491907 -42.565305 60.274681
5
-1.980797 -56.786523 -82.288318
-11.914687 -67.687644 -72.638992
-3.363591 -76.029257 -64.870936
15.545662 -69.825193 -69.876854
16.403020 -63.449627 -75.532018
6
-38.617295 -36.357122 84.775375
-36.466905 -50.757862 78.062823
-38.564395 -56.184427 73.185365
-51.617564 -54.259034 66.269030
-55.009066 -44.821482 70.463022
-47.299806 -24.000058 84.774557
7
-6.300919 -41.085543 -90.952056
-17.289840 -29.349484 -94.019515
-29.906075 -45.825452 -83.699788
-23.730194 -64.738599 -72.427838
-17.760181 -67.519348 -71.594089
-11.914687 -67.687644 -72.638992
-1.980797 -56.786523 -82.288318
5
-84.869308 5.755639 52.574454
-67.477888 7.632563 73.406258
-65.612849 2.588481 75.420513
-66.281506 -12.875708 73.762986
-84.472241 -3.411002 53.411661
4
-32.429834 88.879530 32.384177
-46.615585 84.240956 27.026811
-50.156016 84.654707 17.831281
-35.995252 92.867695 8.940529
6
47.481333 -87.225244 -11.716647
51.021666 -83.486703 20.658171
55.005951 -81.384263 18.733582
63.772909 -76.956180 -3.280606
50.955498 -84.815601 -14.486237
47.673469 -87.016391 -12.465471
6
62.108525 -51.093718 -59.430322
54.003673 -75.190571 -37.815094
55.570119 -75.607070 -34.576478
66.210333 -68.756971 -29.810581
77.430964 -54.807160 -31.632595
67.599823 -39.590176 -62.152087
7
-41.871503 -85.113022 -31.663082
-26.393767 -95.505460 -13.493562
-21.830643 -96.513447 -14.442212
-9.610866 -95.160910 -29.189595
-12.685205 -92.964347 -34.593580
-27.906019 -83.908678 -46.696765
-34.401137 -81.738744 -46.209734
6
-60.777505 15.914986 -77.799795
-28.986655 8.098828 -95.363425
-27.857496 12.875098 -95.174533
-30.455934 35.099348 -88.546439
-65.409852 26.615662 -70.803656
-65.231132 22.410940 -72.406141
7
-24.295073 73.295442 -63.541543
-23.829054 71.763185 -65.438684
-12.717992 66.579360 -73.521708
8.221368 69.768557 -71.167110
15.489921 74.442084 -64.949507
-17.739232 83.647501 -51.849929
-23.227749 79.868950 -55.510562
6
-98.183355 18.001819 5.996943
-98.982064 9.862624 10.260584
-97.933031 -20.075235 -2.471105
-97.742880 -20.080414 -6.565552
-96.366697 10.823840 -24.419341
-96.485058 12.238190 -23.256405
6
-96.485058 12.238190 -23.256405
-85.930350 41.556821 -29.816196
-86.012572 42.768596 -27.797206
-91.939180 39.102584 4.263227
-98.180416 18.015764 6.003174
-98.183355 18.001819 5.996943
5
9.091438 38.577248 91.810357
-9.496439 36.259094 92.709739
-20.148540 42.503494 88.246753
9.486200 63.222701 76.895397
12.953040 61.829736 77.519691
7
67.643626 -39.299210 -62.288940
75.869159 -34.242665 -55.419407
86.806197 -8.264927 -48.952785
86.601279 -6.551014 -49.571189
79.481617 1.560476 -60.664960
63.020915 -25.249255 -73.422336
63.370370 -33.081958 -69.926963
5
86.472878 -23.557222 44.356494
89.475977 -22.444795 38.604153
80.920532 -54.013098 23.118235
78.735581 -54.989042 27.873170
78.959821 -43.117203 43.660663
9
50.955498 -84.815601 -14.486237
55.570119 -75.607070 -34.576478
54.003673 -75.190571 -37.815094
48.949196 -77.019282 -40.890176
39.746034 -81.490641 -42.184455
29.472364 -88.250977 -36.648940
28.072434 -93.171115 -23.045211
30.078424 -93.564067 -18.467639
47.673469 -87.016391 -12.465471
5
-19.051447 97.186480 13.850291
-5.991360 99.304218 10.137849
4.592936 97.116676 23.393509
-1.302445 94.139862 33.704450
-24.849025 91.923792 30.537559
6
28.689321 -54.581379 -78.726082
16.403020 -63.449627 -75.532018
15.545662 -69.825193 -69.876854
22.020949 -77.246864 -59.565088
38.027872 -68.466458 -62.178976
39.821852 -63.755251 -65.950649
7
31.162215 47.274710 -82.425834
30.931071 45.880973 -83.295889
32.326147 43.564156 -84.007051
34.922624 42.921268 -83.295709
58.856250 43.323777 -68.256811
56.389461 60.711445 -55.985258
47.316061 64.056680 -60.480840
5
63.772909 -76.956180 -3.280606
77.391982 -63.328094 -0.183425
66.210333 -68.756971 -29.810581
55.570119 -75.607070 -34.576478
50.955498 -84.815601 -14.486237
6
-53.737800 70.167173 46.784790
-29.568684 78.861446 53.912570
-29.330782 78.785216 54.153440
-30.244342 71.121248 63.459025
-40.296305 48.229848 77.782322
-56.139261 53.565520 63.080254
5
62.674020 38.490948 -67.752596
61.814768 17.512046 -76.630691
62.875565 16.058053 -76.084179
70.596964 13.707550 -69.485047
80.571336 34.029055 -48.479719
5
37.348608 -20.763793 90.409880
58.551668 -20.996091 78.299849
53.735761 -48.541870 68.964881
37.293872 -48.441391 79.136583
36.904178 -21.120174 90.509778
8
-68.164578 -67.794754 27.522021
-73.390507 -66.452996 14.065305
-82.177718 -56.980720 -0.142390
-88.041331 -47.200524 4.564488
-92.173962 -34.849250 17.014419
-90.147849 -35.302173 25.042403
-82.372135 -42.593776 37.424612
-72.220079 -55.131096 41.771071
5
-69.603419 -55.384378 45.693925
-68.061505 -28.333706 67.563545
-55.009066 -44.821482 70.463022
-51.617564 -54.259034 66.269030
-58.679601 -58.650502 55.828515
6
57.120944 -15.364233 -80.629635
63.020915 -25.249255 -73.422336
79.481617 1.560476 -60.664960
79.414308 2.053547 -60.738378
70.596964 13.707550 -69.485047
62.875565 16.058053 -76.084179
6
-66.281506 -12.875708 73.762986
-65.612849 2.588481 75.420513
-50.437958 1.906652 86.327152
-42.246974 -13.381258 89.644493
-47.983698 -20.893703 85.211607
-63.978829 -18.214144 74.665617
5
-88.619554 -31.087699 -34.353015
-65.625911 -58.175778 -48.050168
-64.170667 -56.891069 -51.434733
-74.176757 -34.500062 -57.511342
-88.262263 -27.125337 -38.392565
7
-17.375881 84.024974 -51.360320
-17.739232 83.647501 -51.849929
15.489921 74.442084 -64.949507
21.650762 75.300745 -62.137286
25.637878 78.149400 -56.880318
25.739417 81.986402 -51.144034
3.524347 92.231409 -38.483064
7
7.887303 -15.330054 98.502690
3.400212 -34.237176 93.894911
3.095116 -34.533883 93.796755
-14.004451 -34.054795 92.973901
-14.235140 -33.762111 93.045584
-18.448764 -19.945071 96.238440
-6.294870 -8.819888 99.411187
6
47.481333 -87.225244 -11.716647
25.743516 -95.140900 16.896169
27.659291 -93.504262 22.179191
36.150162 -89.533037 26.019244
46.424560 -84.866346 25.346864
51.021666 -83.486703 20.658171
5
25.866606 -75.378228 60.407296
31.992044 -75.088791 57.777007
36.150162 -89.533037 26.019244
27.659291 -93.504262 22.179191
12.792394 -92.041255 36.942686
4
62.286672 76.004721 -18.537874
83.451752 47.434350 -28.031900
83.459278 55.081323 0.772513
69.366607 71.975475 -2.793716
6
-94.292432 5.868546 -32.779527
-88.805508 -23.387153 -39.580587
-78.008568 -8.548710 -61.980504
-77.730402 -7.611986 -62.450319
-77.914369 -0.017809 -62.684534
-90.943303 8.761388 -40.651615
7
-53.737800 70.167173 46.784790
-56.139261 53.565520 63.080254
-64.184522 48.341900 59.526530
-74.790727 53.361098 39.483420
-73.504933 60.374355 30.853884
-71.613106 63.137175 29.753323
-58.447166 70.439255 40.277042
6
-64.997425 -66.176938 -37.362383
-65.540879 -65.166182 -38.180648
-83.508621 -49.181992 -24.646335
-80.096878 -59.321017 -8.093650
-63.493552 -75.255361 -17.469958
-62.774433 -75.437126 -19.199233
8
99.440705 6.683127 8.178136
98.902105 7.592164 12.678040
98.433388 9.689437 14.730339
90.674153 36.697743 20.771942
88.224318 46.150315 9.306887
88.111685 46.674772 7.602405
94.418129 31.043916 -11.022351
98.328601 11.156855 -14.387872
6
20.286154 6.503862 97.704512
9.448483 11.868108 98.842674
11.686075 35.960716 92.575712
29.326153 32.310048 89.977984
33.831565 27.844562 89.889407
32.590185 8.953745 94.115409
8
91.069074 10.012795 40.077021
90.285972 -21.651099 37.143951
89.475977 -22.444795 38.604153
86.472878 -23.557222 44.356494
82.015033 -20.536854 53.401986
83.489352 12.451808 53.614183
83.641672 13.209922 53.193690
87.370106 14.552720 46.418563
5
-29.330782 78.785216 54.153440
-5.177244 83.054825 55.453513
3.372837 67.337561 73.853076
-11.730662 64.384347 75.611159
-30.244342 71.121248 63.459025
8
-17.760181 -67.519348 -71.594089
-23.730194 -64.738599 -72.427838
-42.079892 -66.698057 -61.487006
-42.135661 -66.772322 -61.368095
-36.364435 -80.035986 -47.664125
-34.401137 -81.738744 -46.209734
-27.906019 -83.908678 -46.696765
-25.201471 -82.905318 -49.915869
