200
6
-1.421185 -99.943551 3.044158
-11.493451 -98.705138 -11.189112
-35.255728 -93.323256 -6.914014
-36.351466 -93.090818 -3.559570
-25.397626 -95.531006 15.125725
-20.728827 -96.248193 17.510029
5
-71.834713 61.219860 33.043953
-51.685148 74.797575 41.640946
-58.729204 55.070504 59.313744
-74.676774 45.781785 48.243213
-78.119520 51.448683 35.360622
5
96.427724 10.900322 -24.142848
96.450339 -2.194834 -26.315676
95.468628 -21.592614 -20.481700
98.209317 -18.383567 -4.120006
99.755322 -4.852785 -5.032517
7
-27.651055 79.164426 -54.483142
-34.823012 72.968320 -58.847108
-31.937091 63.390732 -70.438890
-20.772264 61.482082 -76.081973
-8.677894 63.215093 -76.997053
-6.082644 84.647556 -52.894165
-7.186273 84.986574 -52.207659
7
-75.505857 23.628480 61.160121
-74.676774 45.781785 48.243213
-58.729204 55.070504 59.313744
-50.388907 49.284361 70.936660
-56.555708 34.187868 75.050926
-64.516397 23.697819 72.636409
-65.695092 23.272515 71.711540
4
12.963306 98.495561 -11.427033
21.279558 93.498083 -28.377613
37.069535 90.875549 -19.169878
21.632442 97.394420 -6.809138
6
-66.376586 50.454206 -55.213421
-60.942373 64.378306 -46.275921
-63.410035 65.416453 -41.229300
-81.780550 49.886602 -28.692656
-80.149708 40.844528 -43.677783
-71.518041 42.626179 -55.391142
7
-34.047490 -24.062334 -90.894293
-34.246549 -19.490908 -91.909077
-40.759585 8.978227 -90.873801
-47.393231 12.052991 -87.227330
-72.303512 -8.849423 -68.511969
-72.522455 -9.843573 -68.143947
-52.796796 -29.462983 -79.651936
7
-44.882886 52.532366 72.290228
-30.695169 54.015693 78.358864
-26.888258 50.446027 82.050106
-24.936884 31.172965 91.686412
-29.332556 28.556261 91.236731
-56.555708 34.187868 75.050926
-50.388907 49.284361 70.936660
6
94.096022 30.313507 15.067512
86.863930 32.940246 37.008078
77.481871 50.217387 38.402782
76.972139 51.924561 37.136637
80.452128 51.730916 29.178202
94.023544 30.577391 14.986537
7
13.345294 23.692798 -96.231775
0.546018 26.602927 -96.394949
-19.326167 15.433053 -96.893344
-18.289409 7.114897 -98.055473
0.160004 -12.081506 -99.267374
22.342049 5.713897 -97.304595
23.094071 10.205870 -96.760034
5
72.989249 41.547956 54.280170
77.481871 50.217387 38.402782
86.863930 32.940246 37.008078
85.349371 24.891051 45.781224
77.056669 27.431839 57.530549
6
-95.810629 -12.166996 25.928507
-94.425175 -3.865245 32.694743
-80.276413 -26.824164 53.255626
-80.425442 -27.965618 52.437321
-88.230316 -34.154025 32.386942
-89.969732 -32.336440 29.322380
5
43.440663 -85.219196 29.165004
47.845056 -86.005786 17.715963
41.701943 -90.173911 11.384800
36.400403 -92.277334 12.645328
26.607346 -89.768491 35.123599
5
99.755322 -4.852785 -5.032517
98.209317 -18.383567 -4.120006
96.942827 -23.848497 5.773869
96.097733 -2.922380 27.507916
96.872697 -0.173658 24.812304
4
31.960807 74.412456 58.662537
29.876444 61.877992 72.653370
19.908704 56.360017 80.169769
6.088225 70.312502 70.845505
7
1.294969 -81.682378 -57.674190
5.518696 -87.557321 -47.992286
16.833537 -86.598612 -47.088346
30.608924 -78.628504 -53.671708
26.228766 -66.085644 -70.318842
7.587086 -71.524057 -69.474783
3.316011 -75.269948 -65.752863
8
-47.247307 -41.260826 77.879627
-46.946225 -42.815064 77.219960
-52.324605 -50.296882 68.792146
-62.894090 -51.773065 57.998993
-69.384045 -48.937970 52.829248
-80.425442 -27.965618 52.437321
-80.276413 -26.824164 53.255626
-77.944984 -21.754070 58.748105
7
-47.561508 38.556654 -79.065083
-47.421237 48.951842 -73.177479
-66.376586 50.454206 -55.213421
-71.518041 42.626179 -55.391142
-71.185840 38.812056 -58.533755
-60.959334 30.026873 -73.364477
-52.190180 33.070141 -78.629199
7
97.048037 20.607883 12.529712
94.096022 30.313507 15.067512
94.023544 30.577391 14.986537
90.253903 42.553284 6.591734
88.170737 42.299685 -20.896357
87.985873 41.399168 -23.336561
96.322400 14.753644 -22.457189
4
-91.061752 40.963677 5.452937
-98.409131 15.642243 -8.423958
-94.061826 20.514170 -27.047029
-87.662640 44.616545 -18.017364
5
65.772100 -45.850667 59.764096
64.408386 -53.763539 54.415455
32.561945 -73.899223 58.979865
23.179460 -75.127141 61.795027
43.524705 -47.311443 76.597829
5
58.755989 77.906653 21.869778
70.125748 67.002508 24.352482
73.722379 56.086135 37.674345
63.424295 63.190511 44.545685
62.479413 64.372858 44.186629
5
-15.477042 -55.026974 -82.051772
3.316011 -75.269948 -65.752863
7.587086 -71.524057 -69.474783
11.645071 -51.716257 -84.792813
-9.258464 -40.586008 -90.923357
8
77.587924 -8.335107 -62.535110
77.175637 -18.336434 -60.890855
83.517170 -22.600274 -50.140901
96.450339 -2.194834 -26.315676
96.427724 10.900322 -24.142848
96.260655 11.929616 -24.322223
96.251735 11.930284 -24.357172
82.013278 -1.268738 -57.203257
5
24.371958 -41.307853 87.747758
4.467004 -49.352783 86.858210
15.159007 -17.713128 97.244278
25.498664 -16.454145 95.284203
29.424035 -20.732797 93.297252
8
-15.564394 21.961363 96.309128
-13.269752 -1.452439 99.105016
-21.149331 -4.310229 97.642858
-28.414362 0.798504 95.874848
-34.486361 20.025554 91.704243
-29.332556 28.556261 91.236731
-24.936884 31.172965 91.686412
-21.953679 30.205370 92.766759
6
90.472209 -41.916380 -7.602399
91.371743 -39.932469 -7.523470
94.011769 -26.066743 -21.961609
92.184260 -28.431427 -26.338492
76.307602 -59.057163 -26.256455
76.327389 -59.154890 -25.977464
7
14.446322 41.899441 89.642292
8.380397 43.774733 89.518387
-4.449219 55.316295 83.188412
-2.793783 71.447071 69.910735
-2.552916 71.781695 69.576368
6.088225 70.312502 70.845505
19.908704 56.360017 80.169769
6
50.458753 42.549187 75.123106
29.876444 61.877992 72.653370
31.960807 74.412456 58.662537
33.129496 75.600940 56.452939
36.429412 75.112702 55.054337
55.948716 50.898776 65.414492
4
-53.264367 80.480075 26.189019
-63.638371 75.936466 13.557686
-50.136002 86.521849 0.592389
-36.679727 92.958123 3.658549
8
-31.543360 -24.123180 91.777386
-9.658941 -35.859499 92.848270
1.848743 -51.400237 85.758952
0.331910 -57.500441 81.814358
-26.153675 -56.673125 78.129010
-46.946225 -42.815064 77.219960
-47.247307 -41.260826 77.879627
-43.441034 -27.223073 85.859076
6
80.897277 58.601507 -4.636153
86.400483 49.768806 7.617249
80.568087 57.348755 14.829147
78.576475 60.192127 14.235355
69.508864 71.892344 0.093521
74.522739 66.447415 -5.576955
6
-84.696839 11.259038 51.958440
-93.299309 6.338861 35.426794
-96.309307 16.829441 21.006838
-90.382458 39.436773 16.605791
-87.853879 41.911579 22.915401
-82.911188 15.159437 53.813813
5
-2.793783 71.447071 69.910735
-4.449219 55.316295 83.188412
-26.888258 50.446027 82.050106
-30.695169 54.015693 78.358864
-27.363342 60.789446 74.537848
7
14.681486 -88.947645 43.275518
12.458529 -97.441635 18.705957
0.024993 -99.948132 3.220295
-1.421185 -99.943551 3.044158
-20.728827 -96.248193 17.510029
-11.126131 -87.462377 47.186245
9.049481 -83.734284 53.913603
6
-58.729204 55.070504 59.313744
-51.685148 74.797575 41.640946
-51.152448 75.221823 41.534377
-37.483773 79.709736 47.342632
-44.882886 52.532366 72.290228
-50.388907 49.284361 70.936660
5
-26.153675 -56.673125 78.129010
-33.090484 -70.778743 62.413055
-47.438904 -62.273145 62.222229
-52.324605 -50.296882 68.792146
-46.946225 -42.815064 77.219960
5
50.564821 -65.434084 -56.227925
50.065365 -48.712061 -71.558328
39.483053 -47.966018 -78.360383
37.095659 -61.152769 -69.887416
48.218186 -67.309215 -56.075628
7
44.338885 87.683077 -18.594120
45.572742 86.615131 -20.516927
56.942328 79.004839 -22.711377
60.703527 76.858864 -20.193980
69.387834 72.009141 0.110138
54.286165 83.002590 12.789931
46.668403 88.436777 -0.998317
7
59.097833 -79.191357 -15.367990
48.014677 -81.719742 -31.882198
33.763871 -89.714313 -28.484085
32.642728 -92.714845 -18.395919
36.116143 -92.528405 -11.580951
46.812251 -88.174876 -5.814159
48.159597 -87.428297 -6.078327
5
64.302068 -28.113046 71.238338
54.554880 -18.662781 81.703523
56.149580 0.619363 82.745640
72.056214 6.393421 69.043655
82.143068 -6.171224 56.695965
6
-27.842114 17.260793 -94.482177
-19.326167 15.433053 -96.893344
0.546018 26.602927 -96.394949
-10.335182 39.205602 -91.411732
-30.762046 38.967261 -86.805813
-32.837583 37.739158 -86.587812
5
-37.483773 79.709736 47.342632
-28.267270 83.176176 47.777455
-27.363342 60.789446 74.537848
-30.695169 54.015693 78.358864
-44.882886 52.532366 72.290228
8
-23.429815 -60.146924 -76.376641
-15.477042 -55.026974 -82.051772
-9.258464 -40.586008 -90.923357
-11.203848 -34.313918 -93.257862
-12.492642 -32.207064 -93.843694
-34.047490 -24.062334 -90.894293
-52.796796 -29.462983 -79.651936
-53.028528 -40.219339 -74.634979
7
-31.937091 63.390732 -70.438890
-46.194774 51.427275 -72.258413
-47.421237 48.951842 -73.177479
-47.561508 38.556654 -79.065083
-32.837583 37.739158 -86.587812
-30.762046 38.967261 -86.805813
-20.772264 61.482082 -76.081973
7
-69.602301 -63.758623 33.020564
-58.319777 -70.452450 40.438297
-46.815208 -83.561507 28.736925
-47.198044 -84.232448 26.023823
-52.024633 -83.160239 19.437393
-56.309594 -80.833550 17.180420
-64.029608 -74.618032 18.230708
6
65.591777 20.373601 -72.681739
63.075405 22.179815 -74.360938
32.436612 14.173049 -93.525349
30.277636 12.452862 -94.489105
58.044496 0.564065 -81.427995
68.220333 4.918914 -72.950603
6
73.619810 22.223321 63.923764
72.056214 6.393421 69.043655
56.149580 0.619363 82.745640
38.247561 15.565602 91.075991
33.968949 22.372829 91.354075
50.245366 40.616314 76.326393
6
72.998407 -68.278740 -3.040755
59.161310 -79.849289 11.136898
57.540696 -80.212781 15.968032
63.075931 -72.003255 28.930229
71.491539 -65.815427 23.606978
74.449384 -66.762933 -0.001543
6
72.998407 -68.278740 -3.040755
74.449384 -66.762933 -0.001543
85.088868 -51.918516 8.021982
90.472209 -41.916380 -7.602399
76.327389 -59.154890 -25.977464
71.456175 -68.635845 -13.532766
5
-88.230316 -34.154025 32.386942
-80.425442 -27.965618 52.437321
-69.384045 -48.937970 52.829248
-72.746273 -59.972669 33.335547
-78.314684 -55.474951 28.095197
6
74.556662 54.824336 -37.889266
77.670697 52.651331 -34.570221
74.997022 61.305080 -24.842180
60.703527 76.858864 -20.193980
56.942328 79.004839 -22.711377
59.976133 70.448195 -37.946217
7
23.094071 10.205870 -96.760034
30.277636 12.452862 -94.489105
32.436612 14.173049 -93.525349
44.842369 35.873611 -81.867246
27.120159 59.249653 -75.854964
22.404781 57.045378 -79.018040
13.345294 23.692798 -96.231775
6
53.412830 -76.137936 36.743493
60.751438 -71.942965 33.667084
63.075931 -72.003255 28.930229
57.540696 -80.212781 15.968032
47.845056 -86.005786 17.715963
43.440663 -85.219196 29.165004
7
-73.369045 67.822320 4.137166
-70.032378 70.442961 11.543625
-71.834713 61.219860 33.043953
-78.119520 51.448683 35.360622
-87.853879 41.911579 22.915401
-90.382458 39.436773 16.605791
-90.348817 41.660237 10.075514
6
62.479413 64.372858 44.186629
63.424295 63.190511 44.545685
59.225340 51.278735 62.151834
55.948716 50.898776 65.414492
36.429412 75.112702 55.054337
41.571715 76.091893 49.817831
7
-11.396791 90.319007 -41.383451
-7.186273 84.986574 -52.207659
-6.082644 84.647556 -52.894165
4.044010 85.114651 -52.336815
18.070632 88.947364 -41.974024
17.981167 91.761873 -35.446245
-0.492746 96.996256 -24.320434
6
46.812251 -88.174876 -5.814159
36.116143 -92.528405 -11.580951
27.219497 -96.223682 0.319324
27.668100 -95.800987 7.526432
36.400403 -92.277334 12.645328
41.701943 -90.173911 11.384800
4
-34.486361 20.025554 91.704243
-28.414362 0.798504 95.874848
-49.811699 0.289767 86.710499
-51.158715 9.042122 85.446041
5
74.449384 -66.762933 -0.001543
71.491539 -65.815427 23.606978
79.617746 -53.913336 27.465737
86.209691 -47.319350 18.131968
85.088868 -51.918516 8.021982
8
-87.662640 44.616545 -18.017364
-94.061826 20.514170 -27.047029
-92.811632 15.932958 -33.647316
-90.400672 16.740461 -39.337964
-87.901820 21.279553 -42.666739
-80.149708 40.844528 -43.677783
-81.780550 49.886602 -28.692656
-84.161129 49.248481 -22.169608
6
-85.900416 -32.180515 -39.818752
-80.312089 -23.902080 -54.577092
-76.705249 -12.044901 -63.017657
-96.091003 -8.833030 -26.239221
-96.216661 -9.495627 -25.537957
-88.908586 -30.401306 -34.220227
7
-8.677894 63.215093 -76.997053
-7.256429 62.303008 -77.882472
22.404781 57.045378 -79.018040
27.120159 59.249653 -75.854964
29.560392 61.866585 -72.792231
4.044010 85.114651 -52.336815
-6.082644 84.647556 -52.894165
6
96.260655 11.929616 -24.322223
96.427724 10.900322 -24.142848
99.755322 -4.852785 -5.032517
96.872697 -0.173658 24.812304
97.048037 20.607883 12.529712
96.322400 14.753644 -22.457189
5
-78.448211 24.196210 -57.100102
-71.185840 38.812056 -58.533755
-71.518041 42.626179 -55.391142
-80.149708 40.844528 -43.677783
-87.901820 21.279553 -42.666739
6
16.833537 -86.598612 -47.088346
33.763871 -89.714313 -28.484085
48.014677 -81.719742 -31.882198
49.544389 -78.252424 -37.708243
44.303100 -72.588755 -52.612813
30.608924 -78.628504 -53.671708
3
81.223516 25.531216 -52.448999
82.013278 -1.268738 -57.203257
96.251735 11.930284 -24.357172
5
-40.759585 8.978227 -90.873801
-34.246549 -19.490908 -91.909077
-18.289409 7.114897 -98.055473
-19.326167 15.433053 -96.893344
-27.842114 17.260793 -94.482177
8
0.331910 -57.500441 81.814358
1.848743 -51.400237 85.758952
4.467004 -49.352783 86.858210
24.371958 -41.307853 87.747758
40.900796 -40.974761 81.536457
43.524705 -47.311443 76.597829
23.179460 -75.127141 61.795027
13.132527 -78.120074 61.031064
6
86.162247 -8.640057 50.014163
93.484252 -3.924721 35.288683
94.513444 -4.429288 32.366500
90.129002 -31.579438 29.656401
83.630994 -37.775935 39.734563
78.386994 -34.204767 51.821937
8
96.872697 -0.173658 24.812304
96.097733 -2.922380 27.507916
94.513444 -4.429288 32.366500
93.484252 -3.924721 35.288683
85.349371 24.891051 45.781224
86.863930 32.940246 37.008078
94.096022 30.313507 15.067512
97.048037 20.607883 12.529712
7
87.985873 41.399168 -23.336561
88.170737 42.299685 -20.896357
80.897277 58.601507 -4.636153
74.522739 66.447415 -5.576955
74.997022 61.305080 -24.842180
77.670697 52.651331 -34.570221
79.495797 50.256905 -33.980315
6
-69.384045 -48.937970 52.829248
-62.894090 -51.773065 57.998993
-55.341739 -69.440177 45.992975
-58.319777 -70.452450 40.438297
-69.602301 -63.758623 33.020564
-72.746273 -59.972669 33.335547
7
43.828721 60.632806 -66.352891
30.981410 62.289006 -71.834754
29.560392 61.866585 -72.792231
27.120159 59.249653 -75.854964
44.842369 35.873611 -81.867246
54.687724 34.837630 -76.128788
56.039418 47.551971 -67.811456
6
-99.506525 6.930858 7.100330
-96.309307 16.829441 21.006838
-93.299309 6.338861 35.426794
-94.425175 -3.865245 32.694743
-95.810629 -12.166996 25.928507
-98.604516 -11.181819 12.333547
6
-65.695092 23.272515 71.711540
-64.516397 23.697819 72.636409
-51.158715 9.042122 85.446041
-49.811699 0.289767 86.710499
-52.225529 -12.600976 84.342810
-68.088368 -10.467524 72.487275
5
71.456175 -68.635845 -13.532766
59.097833 -79.191357 -15.367990
48.159597 -87.428297 -6.078327
59.161310 -79.849289 11.136898
72.998407 -68.278740 -3.040755
7
82.143068 -6.171224 56.695965
72.056214 6.393421 69.043655
73.619810 22.223321 63.923764
77.056669 27.431839 57.530549
85.349371 24.891051 45.781224
93.484252 -3.924721 35.288683
86.162247 -8.640057 50.014163
5
-25.397626 -95.531006 15.125725
-36.351466 -93.090818 -3.559570
-40.390440 -91.463427 -1.747557
-52.024633 -83.160239 19.437393
-47.198044 -84.232448 26.023823
6
-70.395031 70.327515 -9.928762
-64.866904 74.810636 -13.987623
-50.136002 86.521849 0.592389
-63.638371 75.936466 13.557686
-70.032378 70.442961 11.543625
-73.369045 67.822320 4.137166
6
-82.289410 -56.463212 -6.352849
-78.314684 -55.474951 28.095197
-72.746273 -59.972669 33.335547
-69.602301 -63.758623 33.020564
-64.029608 -74.618032 18.230708
-79.592700 -59.887491 -8.859491
6
-49.811699 0.289767 86.710499
-28.414362 0.798504 95.874848
-21.149331 -4.310229 97.642858
-31.543360 -24.123180 91.777386
-43.441034 -27.223073 85.859076
-52.225529 -12.600976 84.342810
5
69.544814 54.353180 -47.002667
74.556662 54.824336 -37.889266
59.976133 70.448195 -37.946217
51.179258 72.821645 -45.581703
49.789105 63.846179 -58.691655
5
74.477250 -58.017148 -32.971955
76.307602 -59.057163 -26.256455
92.184260 -28.431427 -26.338492
85.263244 -27.356530 -44.517406
74.449636 -57.922567 -33.199818
7
78.576475 60.192127 14.235355
70.125748 67.002508 24.352482
58.755989 77.906653 21.869778
53.439716 82.855502 16.708157
54.286165 83.002590 12.789931
69.387834 72.009141 0.110138
69.508864 71.892344 0.093521
6
49.789105 63.846179 -58.691655
51.179258 72.821645 -45.581703
40.018742 82.126477 -40.666228
32.710828 83.115384 -44.964816
30.981410 62.289006 -71.834754
43.828721 60.632806 -66.352891
6
65.591777 20.373601 -72.681739
73.077897 29.472597 -61.570991
65.463037 44.563551 -61.062925
56.039418 47.551971 -67.811456
54.687724 34.837630 -76.128788
63.075405 22.179815 -74.360938
6
19.379797 19.922224 96.060025
-15.564394 21.961363 96.309128
-21.953679 30.205370 92.766759
8.380397 43.774733 89.518387
14.446322 41.899441 89.642292
26.772034 24.728490 93.122285
8
5.244419 2.148939 99.839261
19.379797 19.922224 96.060025
26.772034 24.728490 93.122285
33.968949 22.372829 91.354075
38.247561 15.565602 91.075991
25.498664 -16.454145 95.284203
15.159007 -17.713128 97.244278
15.009154 -17.597552 97.288496
8
-53.028528 -40.219339 -74.634979
-52.796796 -29.462983 -79.651936
-72.522455 -9.843573 -68.143947
-75.638999 -10.722581 -64.527267
-76.705249 -12.044901 -63.017657
-80.312089 -23.902080 -54.577092
-60.947316 -62.103065 -49.281174
-56.996277 -63.102764 -52.625712
7
-44.742878 -86.297538 -23.469339
-66.776991 -73.252161 -13.227032
-58.897549 -80.718719 -3.945522
-40.390440 -91.463427 -1.747557
-36.351466 -93.090818 -3.559570
-35.255728 -93.323256 -6.914014
-35.534222 -93.104349 -8.300564
6
95.571554 -28.898516 5.563622
96.942827 -23.848497 5.773869
98.209317 -18.383567 -4.120006
95.468628 -21.592614 -20.481700
94.011769 -26.066743 -21.961609
91.371743 -39.932469 -7.523470
5
86.162247 -8.640057 50.014163
78.386994 -34.204767 51.821937
66.794504 -43.917752 60.080990
64.302068 -28.113046 71.238338
82.143068 -6.171224 56.695965
7
79.495797 50.256905 -33.980315
77.670697 52.651331 -34.570221
74.556662 54.824336 -37.889266
69.544814 54.353180 -47.002667
65.463037 44.563551 -61.062925
73.077897 29.472597 -61.570991
79.308559 28.544383 -53.808648
6
77.481871 50.217387 38.402782
72.989249 41.547956 54.280170
59.225340 51.278735 62.151834
63.424295 63.190511 44.545685
73.722379 56.086135 37.674345
76.972139 51.924561 37.136637
6
-1.408369 99.558257 -9.282783
12.963306 98.495561 -11.427033
21.632442 97.394420 -6.809138
25.688980 96.615113 2.365653
21.685595 96.821258 12.465113
-14.781202 98.815622 4.121760
4
66.600364 -55.908090 -49.382963
67.053143 -35.853840 -64.949042
50.065365 -48.712061 -71.558328
50.564821 -65.434084 -56.227925
6
-63.638371 75.936466 13.557686
-53.264367 80.480075 26.189019
-51.152448 75.221823 41.534377
-51.685148 74.797575 41.640946
-71.834713 61.219860 33.043953
-70.032378 70.442961 11.543625
5
-1.408369 99.558257 -9.282783
-0.492746 96.996256 -24.320434
17.981167 91.761873 -35.446245
21.279558 93.498083 -28.377613
12.963306 98.495561 -11.427033
7
-98.409131 15.642243 -8.423958
-99.649151 7.771132 -3.107435
-98.132470 -11.280691 -15.580897
-96.216661 -9.495627 -25.537957
-96.091003 -8.833030 -26.239221
-92.811632 15.932958 -33.647316
-94.061826 20.514170 -27.047029
7
78.386994 -34.204767 51.821937
83.630994 -37.775935 39.734563
78.718456 -52.219764 32.810073
64.854233 -54.452826 53.186636
64.408386 -53.763539 54.415455
65.772100 -45.850667 59.764096
66.794504 -43.917752 60.080990
5
0.024993 -99.948132 3.220295
12.458529 -97.441635 18.705957
27.668100 -95.800987 7.526432
27.219497 -96.223682 0.319324
10.335884 -99.287298 -5.933118
6
-92.140477 -33.946000 18.915645
-89.969732 -32.336440 29.322380
-88.230316 -34.154025 32.386942
-78.314684 -55.474951 28.095197
-82.289410 -56.463212 -6.352849
-86.777689 -49.329748 -6.017367
6
13.527026 88.293905 44.957823
33.129496 75.600940 56.452939
31.960807 74.412456 58.662537
6.088225 70.312502 70.845505
-2.552916 71.781695 69.576368
-9.849660 85.975815 50.111311
4
-27.651055 79.164426 -54.483142
-39.656527 85.956864 -32.230070
-49.224543 70.542705 -50.996775
-34.823012 72.968320 -58.847108
4
-44.742878 -86.297538 -23.469339
-35.534222 -93.104349 -8.300564
-17.428413 -91.506824 -36.369651
-39.020121 -81.926183 -42.018218
7
-90.400672 16.740461 -39.337964
-75.638999 -10.722581 -64.527267
-72.522455 -9.843573 -68.143947
-72.303512 -8.849423 -68.511969
-71.909534 9.556376 -68.830913
-78.448211 24.196210 -57.100102
-87.901820 21.279553 -42.666739
5
-29.708257 -70.988559 -63.859565
1.294969 -81.682378 -57.674190
3.316011 -75.269948 -65.752863
-15.477042 -55.026974 -82.051772
-23.429815 -60.146924 -76.376641
4
-71.185840 38.812056 -58.533755
-78.448211 24.196210 -57.100102
-71.909534 9.556376 -68.830913
-60.959334 30.026873 -73.364477
6
0.160004 -12.081506 -99.267374
-12.492642 -32.207064 -93.843694
-11.203848 -34.313918 -93.257862
31.501456 -27.876850 -90.722321
27.045195 -2.939151 -96.228472
22.342049 5.713897 -97.304595
7
21.685595 96.821258 12.465113
25.688980 96.615113 2.365653
46.668403 88.436777 -0.998317
54.286165 83.002590 12.789931
53.439716 82.855502 16.708157
47.210547 85.138495 22.860469
26.169135 93.526390 23.832556
4
47.515650 -24.789533 84.425956
40.900796 -40.974761 81.536457
24.371958 -41.307853 87.747758
29.424035 -20.732797 93.297252
6
83.517170 -22.600274 -50.140901
85.263244 -27.356530 -44.517406
92.184260 -28.431427 -26.338492
94.011769 -26.066743 -21.961609
95.468628 -21.592614 -20.481700
96.450339 -2.194834 -26.315676
7
76.327389 -59.154890 -25.977464
76.307602 -59.057163 -26.256455
74.477250 -58.017148 -32.971955
49.544389 -78.252424 -37.708243
48.014677 -81.719742 -31.882198
59.097833 -79.191357 -15.367990
71.456175 -68.635845 -13.532766
7
13.527026 88.293905 44.957823
18.381159 92.621695 32.914352
26.169135 93.526390 23.832556
47.210547 85.138495 22.860469
41.571715 76.091893 49.817831
36.429412 75.112702 55.054337
33.129496 75.600940 56.452939
5
-97.542873 -20.892873 -6.991123
-89.814349 -43.073576 -8.834581
-88.908586 -30.401306 -34.220227
-96.216661 -9.495627 -25.537957
-98.132470 -11.280691 -15.580897
7
-27.031838 -82.882798 48.986953
-11.126131 -87.462377 47.186245
-20.728827 -96.248193 17.510029
-25.397626 -95.531006 15.125725
-47.198044 -84.232448 26.023823
-46.815208 -83.561507 28.736925
-27.970157 -82.790145 48.615453
5
-20.772264 61.482082 -76.081973
-30.762046 38.967261 -86.805813
-10.335182 39.205602 -91.411732
-7.256429 62.303008 -77.882472
-8.677894 63.215093 -76.997053
7
68.220333 4.918914 -72.950603
58.044496 0.564065 -81.427995
52.444656 -13.449784 -84.075331
54.532776 -25.201556 -79.944093
68.969165 -28.696013 -66.481525
77.175637 -18.336434 -60.890855
77.587924 -8.335107 -62.535110
8
-26.406891 96.440622 1.372043
-32.312956 91.828596 -22.877540
-11.396791 90.319007 -41.383451
-0.492746 96.996256 -24.320434
-1.408369 99.558257 -9.282783
-14.781202 98.815622 4.121760
-17.126773 98.380042 5.295364
-19.301482 97.943127 5.881902
5
21.685595 96.821258 12.465113
26.169135 93.526390 23.832556
18.381159 92.621695 32.914352
-17.126773 98.380042 5.295364
-14.781202 98.815622 4.121760
5
86.400483 49.768806 7.617249
90.253903 42.553284 6.591734
94.023544 30.577391 14.986537
80.452128 51.730916 29.178202
80.568087 57.348755 14.829147
7
74.449636 -57.922567 -33.199818
85.263244 -27.356530 -44.517406
83.517170 -22.600274 -50.140901
77.175637 -18.336434 -60.890855
68.969165 -28.696013 -66.481525
67.053143 -35.853840 -64.949042
66.600364 -55.908090 -49.382963
6
-97.542873 -20.892873 -6.991123
-98.132470 -11.280691 -15.580897
-99.649151 7.771132 -3.107435
-99.506525 6.930858 7.100330
-98.604516 -11.181819 12.333547
-98.234805 -17.986436 5.139177
8
9.049481 -83.734284 53.913603
13.132527 -78.120074 61.031064
23.179460 -75.127141 61.795027
32.561945 -73.899223 58.979865
53.412830 -76.137936 36.743493
43.440663 -85.219196 29.165004
26.607346 -89.768491 35.123599
14.681486 -88.947645 43.275518
5
-34.823012 72.968320 -58.847108
-49.224543 70.542705 -50.996775
-53.778348 67.510878 -50.499214
-46.194774 51.427275 -72.258413
-31.937091 63.390732 -70.438890
7
54.554880 -18.662781 81.703523
64.302068 -28.113046 71.238338
66.794504 -43.917752 60.080990
65.772100 -45.850667 59.764096
43.524705 -47.311443 76.597829
40.900796 -40.974761 81.536457
47.515650 -24.789533 84.425956
5
-52.324605 -50.296882 68.792146
-47.438904 -62.273145 62.222229
-49.879495 -70.695195 50.142052
-55.341739 -69.440177 45.992975
-62.894090 -51.773065 57.998993
6
-52.190180 33.070141 -78.629199
-47.393231 12.052991 -87.227330
-40.759585 8.978227 -90.873801
-27.842114 17.260793 -94.482177
-32.837583 37.739158 -86.587812
-47.561508 38.556654 -79.065083
5
4.044010 85.114651 -52.336815
29.560392 61.866585 -72.792231
30.981410 62.289006 -71.834754
32.710828 83.115384 -44.964816
18.070632 88.947364 -41.974024
4
-52.024633 -83.160239 19.437393
-40.390440 -91.463427 -1.747557
-58.897549 -80.718719 -3.945522
-56.309594 -80.833550 17.180420
5
-98.604516 -11.181819 12.333547
-95.810629 -12.166996 25.928507
-89.969732 -32.336440 29.322380
-92.140477 -33.946000 18.915645
-98.234805 -17.986436 5.139177
6
95.571554 -28.898516 5.563622
91.371743 -39.932469 -7.523470
90.472209 -41.916380 -7.602399
85.088868 -51.918516 8.021982
86.209691 -47.319350 18.131968
89.296588 -40.783307 19.048392
5
-53.028528 -40.219339 -74.634979
-56.996277 -63.102764 -52.625712
-45.422135 -71.965389 -52.514879
-29.708257 -70.988559 -63.859565
-23.429815 -60.146924 -76.376641
6
89.296588 -40.783307 19.048392
86.209691 -47.319350 18.131968
79.617746 -53.913336 27.465737
78.718456 -52.219764 32.810073
83.630994 -37.775935 39.734563
90.129002 -31.579438 29.656401
7
68.220333 4.918914 -72.950603
77.587924 -8.335107 -62.535110
82.013278 -1.268738 -57.203257
81.223516 25.531216 -52.448999
79.308559 28.544383 -53.808648
73.077897 29.472597 -61.570991
65.591777 20.373601 -72.681739
5
13.345294 23.692798 -96.231775
22.404781 57.045378 -79.018040
-7.256429 62.303008 -77.882472
-10.335182 39.205602 -91.411732
0.546018 26.602927 -96.394949
7
9.049481 -83.734284 53.913603
-11.126131 -87.462377 47.186245
-27.031838 -82.882798 48.986953
-33.090484 -70.778743 62.413055
-26.153675 -56.673125 78.129010
0.331910 -57.500441 81.814358
13.132527 -78.120074 61.031064
5
-56.555708 34.187868 75.050926
-29.332556 28.556261 91.236731
-34.486361 20.025554 91.704243
-51.158715 9.042122 85.446041
-64.516397 23.697819 72.636409
5
32.561945 -73.899223 58.979865
64.408386 -53.763539 54.415455
64.854233 -54.452826 53.186636
60.751438 -71.942965 33.667084
53.412830 -76.137936 36.743493
6
54.554880 -18.662781 81.703523
47.515650 -24.789533 84.425956
29.424035 -20.732797 93.297252
25.498664 -16.454145 95.284203
38.247561 15.565602 91.075991
56.149580 0.619363 82.745640
5
26.607346 -89.768491 35.123599
36.400403 -92.277334 12.645328
27.668100 -95.800987 7.526432
12.458529 -97.441635 18.705957
14.681486 -88.947645 43.275518
7
74.449636 -57.922567 -33.199818
66.600364 -55.908090 -49.382963
50.564821 -65.434084 -56.227925
48.218186 -67.309215 -56.075628
44.303100 -72.588755 -52.612813
49.544389 -78.252424 -37.708243
74.477250 -58.017148 -32.971955
6
76.972139 51.924561 37.136637
73.722379 56.086135 37.674345
70.125748 67.002508 24.352482
78.576475 60.192127 14.235355
80.568087 57.348755 14.829147
80.452128 51.730916 29.178202
7
-36.679727 92.958123 3.658549
-50.136002 86.521849 0.592389
-64.866904 74.810636 -13.987623
-60.348192 76.087760 -23.848449
-39.452946 87.359280 -28.492478
-32.312956 91.828596 -22.877540
-26.406891 96.440622 1.372043
5
43.828721 60.632806 -66.352891
56.039418 47.551971 -67.811456
65.463037 44.563551 -61.062925
69.544814 54.353180 -47.002667
49.789105 63.846179 -58.691655
8
-56.996277 -63.102764 -52.625712
-60.947316 -62.103065 -49.281174
-70.692550 -61.229976 -35.404144
-74.967419 -64.267677 -15.797207
-66.776991 -73.252161 -13.227032
-44.742878 -86.297538 -23.469339
-39.020121 -81.926183 -42.018218
-45.422135 -71.965389 -52.514879
6
-4.653480 -19.398247 97.990066
-9.658941 -35.859499 92.848270
-31.543360 -24.123180 91.777386
-21.149331 -4.310229 97.642858
-13.269752 -1.452439 99.105016
-11.991253 -1.833621 99.261512
6
-87.662640 44.616545 -18.017364
-84.161129 49.248481 -22.169608
-70.395031 70.327515 -9.928762
-73.369045 67.822320 4.137166
-90.348817 41.660237 10.075514
-91.061752 40.963677 5.452937
5
27.045195 -2.939151 -96.228472
31.501456 -27.876850 -90.722321
35.992539 -34.265777 -86.777841
54.532776 -25.201556 -79.944093
52.444656 -13.449784 -84.075331
4
-70.692550 -61.229976 -35.404144
-60.947316 -62.103065 -49.281174
-80.312089 -23.902080 -54.577092
-85.900416 -32.180515 -39.818752
6
-77.571641 -17.187351 60.722611
-77.944984 -21.754070 58.748105
-80.276413 -26.824164 53.255626
-94.425175 -3.865245 32.694743
-93.299309 6.338861 35.426794
-84.696839 11.259038 51.958440
5
-52.190180 33.070141 -78.629199
-60.959334 30.026873 -73.364477
-71.909534 9.556376 -68.830913
-72.303512 -8.849423 -68.511969
-47.393231 12.052991 -87.227330
7
50.245366 40.616314 76.326393
33.968949 22.372829 91.354075
26.772034 24.728490 93.122285
14.446322 41.899441 89.642292
19.908704 56.360017 80.169769
29.876444 61.877992 72.653370
50.458753 42.549187 75.123106
5
-12.492642 -32.207064 -93.843694
0.160004 -12.081506 -99.267374
-18.289409 7.114897 -98.055473
-34.246549 -19.490908 -91.909077
-34.047490 -24.062334 -90.894293
6
96.097733 -2.922380 27.507916
96.942827 -23.848497 5.773869
95.571554 -28.898516 5.563622
89.296588 -40.783307 19.048392
90.129002 -31.579438 29.656401
94.513444 -4.429288 32.366500
6
48.159597 -87.428297 -6.078327
46.812251 -88.174876 -5.814159
41.701943 -90.173911 11.384800
47.845056 -86.005786 17.715963
57.540696 -80.212781 15.968032
59.161310 -79.849289 11.136898
6
30.608924 -78.628504 -53.671708
44.303100 -72.588755 -52.612813
48.218186 -67.309215 -56.075628
37.095659 -61.152769 -69.887416
26.291157 -65.997739 -70.378076
26.228766 -66.085644 -70.318842
7
-11.493451 -98.705138 -11.189112
-1.421185 -99.943551 3.044158
0.024993 -99.948132 3.220295
10.335884 -99.287298 -5.933118
13.419176 -97.819585 -15.851011
-1.079070 -91.741899 -39.777628
-7.146851 -92.803397 -36.557517
7
73.619810 22.223321 63.923764
50.245366 40.616314 76.326393
50.458753 42.549187 75.123106
55.948716 50.898776 65.414492
59.225340 51.278735 62.151834
72.989249 41.547956 54.280170
77.056669 27.431839 57.530549
8
37.069535 90.875549 -19.169878
21.279558 93.498083 -28.377613
17.981167 91.761873 -35.446245
18.070632 88.947364 -41.974024
32.710828 83.115384 -44.964816
40.018742 82.126477 -40.666228
45.572742 86.615131 -20.516927
44.338885 87.683077 -18.594120
6
-43.441034 -27.223073 85.859076
-47.247307 -41.260826 77.879627
-77.944984 -21.754070 58.748105
-77.571641 -17.187351 60.722611
-68.088368 -10.467524 72.487275
-52.225529 -12.600976 84.342810
5
-21.953679 30.205370 92.766759
-24.936884 31.172965 91.686412
-26.888258 50.446027 82.050106
-4.449219 55.316295 83.188412
8.380397 43.774733 89.518387
6
-39.656527 85.956864 -32.230070
-27.651055 79.164426 -54.483142
-7.186273 84.986574 -52.207659
-11.396791 90.319007 -41.383451
-32.312956 91.828596 -22.877540
-39.452946 87.359280 -28.492478
7
67.053143 -35.853840 -64.949042
68.969165 -28.696013 -66.481525
54.532776 -25.201556 -79.944093
35.992539 -34.265777 -86.777841
34.169821 -42.472621 -83.836148
39.483053 -47.966018 -78.360383
50.065365 -48.712061 -71.558328
6
13.419176 -97.819585 -15.851011
32.642728 -92.714845 -18.395919
33.763871 -89.714313 -28.484085
16.833537 -86.598612 -47.088346
5.518696 -87.557321 -47.992286
-1.079070 -91.741899 -39.777628
5
-49.879495 -70.695195 50.142052
-27.970157 -82.790145 48.615453
-46.815208 -83.561507 28.736925
-58.319777 -70.452450 40.438297
-55.341739 -69.440177 45.992975
6
-19.301482 97.943127 5.881902
-17.126773 98.380042 5.295364
18.381159 92.621695 32.914352
13.527026 88.293905 44.957823
-9.849660 85.975815 50.111311
-20.001723 87.019386 45.028407
6
22.342049 5.713897 -97.304595
27.045195 -2.939151 -96.228472
52.444656 -13.449784 -84.075331
58.044496 0.564065 -81.427995
30.277636 12.452862 -94.489105
23.094071 10.205870 -96.760034
5
26.228766 -66.085644 -70.318842
26.291157 -65.997739 -70.378076
20.177742 -50.878298 -83.691442
11.645071 -51.716257 -84.792813
7.587086 -71.524057 -69.474783
7
-63.410035 65.416453 -41.229300
-60.942373 64.378306 -46.275921
-53.778348 67.510878 -50.499214
-49.224543 70.542705 -50.996775
-39.656527 85.956864 -32.230070
-39.452946 87.359280 -28.492478
-60.348192 76.087760 -23.848449
5
26.291157 -65.997739 -70.378076
37.095659 -61.152769 -69.887416
39.483053 -47.966018 -78.360383
34.169821 -42.472621 -83.836148
20.177742 -50.878298 -83.691442
6
-20.001723 87.019386 45.028407
-9.849660 85.975815 50.111311
-2.552916 71.781695 69.576368
-2.793783 71.447071 69.910735
-27.363342 60.789446 74.537848
-28.267270 83.176176 47.777455
5
-98.234805 -17.986436 5.139177
-92.140477 -33.946000 18.915645
-86.777689 -49.329748 -6.017367
-89.814349 -43.073576 -8.834581
-97.542873 -20.892873 -6.991123
6
-64.029608 -74.618032 18.230708
-56.309594 -80.833550 17.180420
-58.897549 -80.718719 -3.945522
-66.776991 -73.252161 -13.227032
-74.967419 -64.267677 -15.797207
-79.592700 -59.887491 -8.859491
5
-35.534222 -93.104349 -8.300564
-35.255728 -93.323256 -6.914014
-11.493451 -98.705138 -11.189112
-7.146851 -92.803397 -36.557517
-17.428413 -91.506824 -36.369651
7
96.322400 14.753644 -22.457189
87.985873 41.399168 -23.336561
79.495797 50.256905 -33.980315
79.308559 28.544383 -53.808648
81.223516 25.531216 -52.448999
96.251735 11.930284 -24.357172
96.260655 11.929616 -24.322223
7
-99.649151 7.771132 -3.107435
-98.409131 15.642243 -8.423958
-91.061752 40.963677 5.452937
-90.348817 41.660237 10.075514
-90.382458 39.436773 16.605791
-96.309307 16.829441 21.006838
-99.506525 6.930858 7.100330
5
21.632442 97.394420 -6.809138
37.069535 90.875549 -19.169878
44.338885 87.683077 -18.594120
46.668403 88.436777 -0.998317
25.688980 96.615113 2.365653
5
-90.400672 16.740461 -39.337964
-92.811632 15.932958 -33.647316
-96.091003 -8.833030 -26.239221
-76.705249 -12.044901 -63.017657
-75.638999 -10.722581 -64.527267
4
63.075405 22.179815 -74.360938
54.687724 34.837630 -76.128788
44.842369 35.873611 -81.867246
32.436612 14.173049 -93.525349
7
11.645071 -51.716257 -84.792813
20.177742 -50.878298 -83.691442
34.169821 -42.472621 -83.836148
35.992539 -34.265777 -86.777841
31.501456 -27.876850 -90.722321
-11.203848 -34.313918 -93.257862
-9.258464 -40.586008 -90.923357
6
15.009154 -17.597552 97.288496
15.159007 -17.713128 97.244278
4.467004 -49.352783 86.858210
1.848743 -51.400237 85.758952
-9.658941 -35.859499 92.848270
-4.653480 -19.398247 97.990066
6
79.617746 -53.913336 27.465737
71.491539 -65.815427 23.606978
63.075931 -72.003255 28.930229
60.751438 -71.942965 33.667084
64.854233 -54.452826 53.186636
78.718456 -52.219764 32.810073
5
47.210547 85.138495 22.860469
53.439716 82.855502 16.708157
58.755989 77.906653 21.869778
62.479413 64.372858 44.186629
41.571715 76.091893 49.817831
8
-86.777689 -49.329748 -6.017367
-82.289410 -56.463212 -6.352849
-79.592700 -59.887491 -8.859491
-74.967419 -64.267677 -15.797207
-70.692550 -61.229976 -35.404144
-85.900416 -32.180515 -39.818752
-88.908586 -30.401306 -34.220227
-89.814349 -43.073576 -8.834581
8
-19.301482 97.943127 5.881902
-20.001723 87.019386 45.028407
-28.267270 83.176176 47.777455
-37.483773 79.709736 47.342632
-51.152448 75.221823 41.534377
-53.264367 80.480075 26.189019
-36.679727 92.958123 3.658549
-26.406891 96.440622 1.372043
6
-75.505857 23.628480 61.160121
-65.695092 23.272515 71.711540
-68.088368 -10.467524 72.487275
-77.571641 -17.187351 60.722611
-84.696839 11.259038 51.958440
-82.911188 15.159437 53.813813
5
-47.421237 48.951842 -73.177479
-46.194774 51.427275 -72.258413
-53.778348 67.510878 -50.499214
-60.942373 64.378306 -46.275921
-66.376586 50.454206 -55.213421
5
-27.031838 -82.882798 48.986953
-27.970157 -82.790145 48.615453
-49.879495 -70.695195 50.142052
-47.438904 -62.273145 62.222229
-33.090484 -70.778743 62.413055
5
-11.991253 -1.833621 99.261512
-13.269752 -1.452439 99.105016
-15.564394 21.961363 96.309128
19.379797 19.922224 96.060025
5.244419 2.148939 99.839261
5
-82.911188 15.159437 53.813813
-87.853879 41.911579 22.915401
-78.119520 51.448683 35.360622
-74.676774 45.781785 48.243213
-75.505857 23.628480 61.160121
5
69.508864 71.892344 0.093521
69.387834 72.009141 0.110138
60.703527 76.858864 -20.193980
74.997022 61.305080 -24.842180
74.522739 66.447415 -5.576955
4
80.897277 58.601507 -4.636153
88.170737 42.299685 -20.896357
90.253903 42.553284 6.591734
86.400483 49.768806 7.617249
6
-84.161129 49.248481 -22.169608
-81.780550 49.886602 -28.692656
-63.410035 65.416453 -41.229300
-60.348192 76.087760 -23.848449
-64.866904 74.810636 -13.987623
-70.395031 70.327515 -9.928762
5
32.642728 -92.714845 -18.395919
13.419176 -97.819585 -15.851011
10.335884 -99.287298 -5.933118
27.219497 -96.223682 0.319324
36.116143 -92.528405 -11.580951
5
51.179258 72.821645 -45.581703
59.976133 70.448195 -37.946217
56.942328 79.004839 -22.711377
45.572742 86.615131 -20.516927
40.018742 82.126477 -40.666228
4
15.009154 -17.597552 97.288496
-4.653480 -19.398247 97.990066
-11.991253 -1.833621 99.261512
5.244419 2.148939 99.839261
8
-45.422135 -71.965389 -52.514879
-39.020121 -81.926183 -42.018218
-17.428413 -91.506824 -36.369651
-7.146851 -92.803397 -36.557517
-1.079070 -91.741899 -39.777628
5.518696 -87.557321 -47.992286
1.294969 -81.682378 -57.674190
-29.708257 -70.988559 -63.859565
