200
6
-21.503726 -65.035007 -72.856281
-27.140573 -72.507637 -63.293221
-0.659292 -82.015350 -57.210556
16.200955 -77.830665 -60.662317
18.445996 -74.355094 -64.273364
5.152375 -63.958976 -76.698778
6
69.583458 46.077286 -55.091070
75.976029 44.555286 -47.354720
79.803660 52.257961 -30.008022
68.637942 67.659970 -26.663860
64.246958 64.372533 -41.575297
66.160956 51.378532 -54.616612
6
77.030537 -62.746993 11.362713
78.593039 -61.737027 -3.416669
75.583766 -65.146114 -6.563398
61.332374 -78.969426 -1.472980
58.016970 -81.341974 4.185023
60.930889 -78.921407 7.670613
5
38.934704 -90.935815 -14.654908
41.620465 -86.214700 -28.892256
22.892626 -88.619282 -40.280894
7.490703 -95.498592 -28.703804
28.393707 -95.572370 -7.727842
7
53.217535 -84.537058 4.623826
58.016970 -81.341974 4.185023
61.332374 -78.969426 -1.472980
61.523892 -77.216566 -15.887499
48.256338 -81.671402 -31.640290
41.620465 -86.214700 -28.892256
38.934704 -90.935815 -14.654908
5
-40.766367 -90.395435 -12.913896
-60.532643 -78.838968 -10.964320
-65.751020 -75.262100 -3.524167
-58.741206 -79.118481 17.021651
-39.706231 -91.480558 -7.397476
5
14.894798 98.287196 10.852282
30.812121 93.874890 15.431078
35.846092 86.888007 34.139888
11.420725 92.659153 35.830830
8.736863 98.358646 15.787464
6
-69.580771 57.368610 43.212949
-82.227648 39.875619 40.602328
-86.576411 39.733082 30.427082
-86.719043 49.310480 6.948683
-75.850367 62.475109 18.535979
-67.042432 64.579164 36.535517
5
-24.557251 -55.364262 79.572231
-28.195784 -45.582920 84.422717
8.635700 -54.010613 83.715461
8.685469 -54.524928 83.376225
0.311555 -65.523768 75.541636
8
81.792165 22.141140 53.101899
87.240165 -3.243184 48.771255
86.483497 -4.407559 50.011780
80.436928 -5.333379 59.173100
71.101522 0.164857 70.317468
70.956647 4.132644 70.342558
76.571349 20.376103 61.005269
81.026235 22.523652 54.105770
5
-64.540567 -57.863478 49.863143
-81.924552 -49.293633 29.300265
-89.340173 -30.745317 32.757579
-79.319292 -29.519758 53.263814
-77.889363 -30.994798 54.521277
4
0.735525 40.586695 -91.390258
-6.077983 20.175983 -97.754733
6.016060 14.114280 -98.815961
20.141599 29.000753 -93.558924
6
12.009430 93.372490 -33.724645
17.525715 90.259633 -39.319816
32.748191 86.184027 -38.728147
33.484600 86.425252 -37.542740
34.815885 92.934240 -12.291511
18.646361 97.431638 -12.624939
5
-91.343606 19.331224 35.814096
-86.576411 39.733082 30.427082
-82.227648 39.875619 40.602328
-78.882273 33.716033 51.388871
-80.738635 24.314340 53.759518
8
11.420725 92.659153 35.830830
35.846092 86.888007 34.139888
42.639880 82.047158 38.080237
43.807184 73.632147 51.567795
42.002444 72.810951 54.169734
32.437147 73.433790 59.626420
2.769354 87.557667 48.228473
1.804185 89.819303 43.923088
5
62.601852 -73.081107 27.205882
65.350146 -69.217179 30.632345
77.409159 -61.930160 13.133066
77.030537 -62.746993 11.362713
60.930889 -78.921407 7.670613
5
5.262658 -26.057366 96.401857
6.401896 -28.448321 95.654110
4.859630 -34.691585 93.663642
-25.396726 -41.189230 87.512591
-12.770857 -18.283610 97.481356
5
-90.703858 -28.768848 30.743512
-94.322764 -32.791561 5.284851
-97.268649 -22.999297 -3.137236
-99.314672 -0.655770 11.669010
-95.323955 -4.720621 29.850617
5
-63.475780 -72.850499 25.761018
-54.724916 -67.779446 49.103261
-33.746013 -80.340115 49.057849
-31.374983 -91.891829 23.906113
-58.742808 -79.093084 17.133784
6
1.520819 -92.968750 36.803513
-28.241607 -80.150333 52.709920
-26.059296 -79.149196 55.283975
0.570685 -76.210919 64.742337
23.787911 -81.218603 53.269821
24.977183 -86.329060 43.856969
7
0.408495 56.108812 -82.774600
0.206961 56.875948 -82.250129
-17.370772 65.511251 -73.529125
-34.104663 51.426258 -78.690609
-30.545118 46.421561 -83.138646
-14.779242 45.081818 -88.029561
-2.752585 50.135316 -86.480480
4
43.889787 -22.121530 -87.088027
50.966888 -43.862041 -74.016875
68.637852 -27.928166 -67.148066
62.919412 -4.845019 -77.573664
8
98.872280 -4.515073 -14.278881
98.515851 1.095695 -17.129697
94.632200 12.427407 -29.838002
89.855154 -1.953038 -43.843322
90.037642 -23.966711 -36.315558
90.468655 -25.864016 -33.859639
93.398762 -27.484857 -22.830984
98.145103 -12.537332 -14.503587
6
17.817731 32.590216 92.846143
13.751480 44.434148 88.524027
24.489954 54.013369 80.515825
46.495881 46.968802 75.047083
50.944396 38.475694 76.969406
36.691480 25.456717 89.474526
5
-80.995631 -58.208162 7.177579
-78.073053 -62.460067 1.827124
-75.349876 -59.252745 -28.486987
-85.516768 -44.746805 -26.164973
-87.031906 -49.181111 2.581800
7
-16.063611 98.303881 -8.849147
-17.312923 95.084468 -25.675021
-14.550325 93.424589 -32.559701
-10.563706 92.561371 -36.342821
12.009430 93.372490 -33.724645
18.646361 97.431638 -12.624939
16.820375 97.960342 -10.993011
6
-13.909175 64.247722 75.357581
-15.188598 53.710790 82.972632
-35.131323 49.018008 79.768571
-47.312979 55.273868 68.602344
-44.457276 65.706011 60.879148
-23.628240 70.695478 66.662251
7
67.933306 33.269599 -65.407949
69.583458 46.077286 -55.091070
66.160956 51.378532 -54.616612
52.394885 59.308157 -61.133613
38.076818 56.249883 -73.390099
37.392742 52.990186 -76.117167
53.270921 33.604316 -77.672124
6
30.812121 93.874890 15.431078
41.923712 90.732341 -3.169329
52.029733 85.284587 4.409772
52.212013 81.039692 26.579578
42.639880 82.047158 38.080237
35.846092 86.888007 34.139888
6
4.176865 -98.968486 13.703743
2.016919 -99.978304 -0.520384
-7.879197 -99.675355 -1.655871
-27.833010 -95.055759 13.774113
-27.467193 -94.714956 16.571979
-6.012195 -97.102200 23.130420
6
32.748191 86.184027 -38.728147
17.525715 90.259633 -39.319816
13.680682 83.021838 -54.038998
18.242108 74.872553 -63.728536
25.401650 73.019665 -63.426215
37.538928 78.019663 -50.037596
6
62.025947 -2.253432 -78.407295
43.158093 7.602951 -89.886452
24.590596 -18.367038 -95.173287
43.889787 -22.121530 -87.088027
62.919412 -4.845019 -77.573664
63.225468 -3.715023 -77.386942
6
76.131598 64.737245 -3.615077
74.919673 61.907701 23.547381
72.491181 63.990267 25.500479
65.225497 72.374313 22.529833
67.688289 73.581201 -2.025428
71.243626 69.860974 -6.617404
5
9.602275 -0.270010 99.537548
26.008992 -2.789683 96.518133
27.963823 -23.838784 93.003962
6.401896 -28.448321 95.654110
5.262658 -26.057366 96.401857
11
-29.500380 -43.549372 85.048103
-28.195784 -45.582920 84.422717
-24.557251 -55.364262 79.572231
-26.059296 -79.149196 55.283975
-28.241607 -80.150333 52.709920
-33.746013 -80.340115 49.057849
-54.724916 -67.779446 49.103261
-57.356569 -63.614463 51.608372
-47.376980 -42.032604 77.386575
-44.092397 -39.232242 80.726029
-39.289085 -38.927460 83.312788
6
49.949175 73.916893 -45.181555
64.246958 64.372533 -41.575297
68.637942 67.659970 -26.663860
66.679427 71.511371 -20.975648
55.171624 79.825659 -24.165181
52.536063 80.036067 -28.882346
6
-0.727399 74.972194 66.171300
10.865576 70.152999 70.430788
2.567304 50.902617 86.036809
-11.965756 51.665712 84.778976
-15.188598 53.710790 82.972632
-13.909175 64.247722 75.357581
5
70.956647 4.132644 70.342558
71.101522 0.164857 70.317468
70.437350 -0.496257 70.981219
48.887190 4.886870 87.098572
62.411677 17.543051 76.138190
6
0.311555 -65.523768 75.541636
8.685469 -54.524928 83.376225
31.203439 -64.782670 69.494972
33.745528 -68.808175 64.239197
23.787911 -81.218603 53.269821
0.570685 -76.210919 64.742337
7
8.736863 98.358646 15.787464
11.420725 92.659153 35.830830
1.804185 89.819303 43.923088
-14.114299 91.505562 37.782518
-23.340506 93.606664 26.325145
-26.018589 96.112757 9.239644
-24.077339 96.757731 7.630420
5
-0.832091 14.563695 98.930311
-2.609816 11.520143 99.299925
-4.454096 11.102224 99.281930
-26.951706 17.422513 94.710409
-12.473927 47.213639 87.265534
5
10.384194 72.225695 -68.378487
18.242108 74.872553 -63.728536
13.680682 83.021838 -54.038998
-9.064807 86.805276 -48.812634
-12.998888 80.419404 -57.997831
7
-43.153295 75.368167 -49.572498
-36.254064 73.507378 -57.291432
-21.967103 74.792312 -62.638299
-12.998888 80.419404 -57.997831
-9.064807 86.805276 -48.812634
-10.563706 92.561371 -36.342821
-14.550325 93.424589 -32.559701
5
-35.839651 92.956007 8.642924
-62.393738 77.745581 7.914927
-62.575018 77.883786 -4.299188
-49.400107 86.155045 -11.702041
-34.069658 93.696614 7.759048
7
-61.589023 -42.892804 -66.083278
-63.079414 -23.531193 -73.940993
-67.239745 -17.684149 -71.875500
-71.838694 -19.068005 -66.900024
-75.801190 -25.865833 -59.876024
-74.336679 -40.303417 -53.382513
-71.124298 -44.342946 -54.543902
5
-38.033685 27.442704 88.319516
-35.366411 19.091523 91.568175
-43.960171 12.936727 88.882757
-68.747548 9.032149 72.056887
-60.814893 32.542654 72.405279
4
-46.692179 -38.483830 -79.616803
-55.631656 -46.763852 -68.689598
-47.755123 -58.827636 -65.259156
-37.709492 -48.093521 -79.151800
5
-47.312979 55.273868 68.602344
-35.131323 49.018008 79.768571
-38.033685 27.442704 88.319516
-60.814893 32.542654 72.405279
-59.399426 45.907176 66.062390
6
-93.719567 -0.595818 34.875316
-92.508815 16.421534 34.241090
-91.343606 19.331224 35.814096
-80.738635 24.314340 53.759518
-75.365042 6.782660 65.376647
-81.768105 -1.139486 57.555874
6
64.653233 -63.385169 42.453266
65.350146 -69.217179 30.632345
62.601852 -73.081107 27.205882
37.615750 -88.688259 26.822529
30.423702 -88.480598 35.292805
29.651260 -87.820762 37.527543
5
46.495881 46.968802 75.047083
24.489954 54.013369 80.515825
22.989670 69.359971 68.269096
32.437147 73.433790 59.626420
42.002444 72.810951 54.169734
6
-55.452543 74.339663 -37.398261
-50.274747 82.099070 -27.059056
-49.400107 86.155045 -11.702041
-62.575018 77.883786 -4.299188
-73.096151 67.326950 -11.137079
-65.902559 69.236557 -29.379446
7
24.977183 -86.329060 43.856969
23.787911 -81.218603 53.269821
33.745528 -68.808175 64.239197
47.499470 -61.890077 62.557323
66.786088 -55.367210 49.740230
64.653233 -63.385169 42.453266
29.651260 -87.820762 37.527543
5
-23.628240 70.695478 66.662251
-44.457276 65.706011 60.879148
-45.727923 73.095793 50.655326
-22.998497 81.412399 53.320638
-19.182766 78.662492 58.687596
5
-55.254931 44.834410 -70.262139
-40.550826 11.243405 -90.715028
-30.545118 46.421561 -83.138646
-34.104663 51.426258 -78.690609
-41.343685 52.735996 -74.226777
6
6.349159 -99.699095 -4.447314
22.801279 -97.322973 -2.888005
26.327122 -96.361931 -4.610954
28.393707 -95.572370 -7.727842
7.490703 -95.498592 -28.703804
3.546101 -96.079277 -27.499050
5
-41.343685 52.735996 -74.226777
-34.104663 51.426258 -78.690609
-17.370772 65.511251 -73.529125
-21.967103 74.792312 -62.638299
-36.254064 73.507378 -57.291432
5
-87.093373 -0.540877 -49.137072
-88.393030 -4.710983 -46.523960
-85.657626 -20.110256 -47.522087
-75.801190 -25.865833 -59.876024
-71.838694 -19.068005 -66.900024
6
-53.701116 73.007478 -42.262256
-55.452543 74.339663 -37.398261
-65.902559 69.236557 -29.379446
-78.125386 53.924935 -31.440825
-79.686667 46.246398 -38.875518
-65.429871 46.304367 -59.789946
6
82.589710 42.168998 37.426134
75.271493 47.905654 45.158063
69.917528 62.129308 35.376381
72.491181 63.990267 25.500479
74.919673 61.907701 23.547381
81.229336 53.429777 23.389184
6
-39.289085 -38.927460 83.312788
-44.092397 -39.232242 80.726029
-62.101737 -15.479724 76.835880
-62.886683 -10.780906 77.000241
-44.955181 -6.719924 89.072298
-36.194546 -16.388911 91.767960
7
-28.848463 -11.229864 -95.087625
-27.961120 -15.825774 -94.698050
-24.562709 -19.625075 -94.929077
16.363554 -25.558904 -95.283663
22.367529 -18.624154 -95.670448
16.778075 -2.860882 -98.540913
9.727795 4.246753 -99.435080
5
68.303714 44.702952 57.760269
81.026235 22.523652 54.105770
76.571349 20.376103 61.005269
60.737843 29.772929 73.651118
56.195711 36.643864 74.157058
7
-89.340173 -30.745317 32.757579
-81.924552 -49.293633 29.300265
-79.786911 -58.929597 12.702420
-80.995631 -58.208162 7.177579
-87.031906 -49.181111 2.581800
-94.322764 -32.791561 5.284851
-90.703858 -28.768848 30.743512
6
5.152375 -63.958976 -76.698778
18.445996 -74.355094 -64.273364
36.053580 -64.235404 -67.631000
40.433487 -58.319540 -70.455407
15.550809 -37.879734 -91.232111
4.932654 -49.189655 -86.925524
7
-29.500380 -43.549372 85.048103
-39.289085 -38.927460 83.312788
-36.194546 -16.388911 91.767960
-31.200970 -12.406508 94.194363
-15.552825 -11.955188 98.057040
-12.770857 -18.283610 97.481356
-25.396726 -41.189230 87.512591
7
90.468655 -25.864016 -33.859639
74.534953 -48.448858 -45.795731
74.279151 -50.935302 -43.453454
76.566062 -56.817818 -30.155825
89.470756 -42.746331 -12.951258
90.384888 -40.893113 -12.582738
93.398762 -27.484857 -22.830984
5
4.932654 -49.189655 -86.925524
-20.550533 -45.915120 -86.426138
-23.275575 -50.252970 -83.263958
-21.503726 -65.035007 -72.856281
5.152375 -63.958976 -76.698778
5
34.815885 92.934240 -12.291511
33.484600 86.425252 -37.542740
52.536063 80.036067 -28.882346
55.171624 79.825659 -24.165181
39.324142 91.436846 -9.639251
5
-2.752585 50.135316 -86.480480
-14.779242 45.081818 -88.029561
-22.990676 17.143641 -95.799397
-6.077983 20.175983 -97.754733
0.735525 40.586695 -91.390258
5
98.145103 -12.537332 -14.503587
93.398762 -27.484857 -22.830984
90.384888 -40.893113 -12.582738
91.473282 -34.955051 20.267785
96.176770 -18.976151 19.746761
7
-49.400107 86.155045 -11.702041
-50.274747 82.099070 -27.059056
-17.312923 95.084468 -25.675021
-16.063611 98.303881 -8.849147
-24.077339 96.757731 7.630420
-26.018589 96.112757 9.239644
-34.069658 93.696614 7.759048
7
1.520819 -92.968750 36.803513
24.977183 -86.329060 43.856969
29.651260 -87.820762 37.527543
30.423702 -88.480598 35.292805
16.488076 -97.217703 16.639156
4.176865 -98.968486 13.703743
-6.012195 -97.102200 23.130420
8
27.399326 48.397759 -83.107965
37.392742 52.990186 -76.117167
38.076818 56.249883 -73.390099
25.401650 73.019665 -63.426215
18.242108 74.872553 -63.728536
10.384194 72.225695 -68.378487
0.206961 56.875948 -82.250129
0.408495 56.108812 -82.774600
6
-25.396726 -41.189230 87.512591
4.859630 -34.691585 93.663642
11.001113 -47.263526 87.436461
8.635700 -54.010613 83.715461
-28.195784 -45.582920 84.422717
-29.500380 -43.549372 85.048103
5
46.310643 73.991566 -48.791111
52.394885 59.308157 -61.133613
66.160956 51.378532 -54.616612
64.246958 64.372533 -41.575297
49.949175 73.916893 -45.181555
7
-46.612878 -29.060562 -83.562691
-46.692179 -38.483830 -79.616803
-37.709492 -48.093521 -79.151800
-23.275575 -50.252970 -83.263958
-20.550533 -45.915120 -86.426138
-24.562709 -19.625075 -94.929077
-27.961120 -15.825774 -94.698050
7
85.849889 48.979225 15.193160
85.421789 51.848957 -3.847551
86.126232 50.583667 -4.854363
95.253881 30.285878 -3.076317
96.852331 24.487946 4.468384
96.942303 22.753003 9.191884
91.990280 34.719289 18.230726
7
91.473282 -34.955051 20.267785
90.384888 -40.893113 -12.582738
89.470756 -42.746331 -12.951258
78.593039 -61.737027 -3.416669
77.030537 -62.746993 11.362713
77.409159 -61.930160 13.133066
88.524539 -39.330247 24.830175
4
52.184328 68.637101 50.653176
69.917528 62.129308 35.376381
75.271493 47.905654 45.158063
68.710834 47.234604 55.206100
6
44.412250 3.777253 89.516951
48.887190 4.886870 87.098572
70.437350 -0.496257 70.981219
60.498857 -20.188409 77.021532
54.823321 -24.275853 80.031784
52.065429 -22.750632 82.289731
6
-95.975859 -20.911109 -18.744597
-88.365845 -36.418698 -29.413533
-86.113257 -34.658979 -37.192232
-85.657626 -20.110256 -47.522087
-88.393030 -4.710983 -46.523960
-96.490368 -13.883274 -22.290436
5
60.053653 -66.442521 -44.485393
74.279151 -50.935302 -43.453454
74.534953 -48.448858 -45.795731
72.479984 -46.931371 -50.439056
52.099328 -54.382743 -65.788885
5
-14.114299 91.505562 37.782518
-22.998497 81.412399 53.320638
-45.727923 73.095793 50.655326
-46.799330 73.915742 48.438474
-23.340506 93.606664 26.325145
6
4.859630 -34.691585 93.663642
6.401896 -28.448321 95.654110
27.963823 -23.838784 93.003962
34.215589 -28.382918 89.575127
29.426481 -42.225111 85.738686
11.001113 -47.263526 87.436461
5
16.488076 -97.217703 16.639156
22.801279 -97.322973 -2.888005
6.349159 -99.699095 -4.447314
2.016919 -99.978304 -0.520384
4.176865 -98.968486 13.703743
5
86.693437 28.733615 40.726249
91.615457 20.728725 34.306385
91.090105 -2.698908 41.174125
87.240165 -3.243184 48.771255
81.792165 22.141140 53.101899
8
-77.889363 -30.994798 54.521277
-79.319292 -29.519758 53.263814
-81.768105 -1.139486 57.555874
-75.365042 6.782660 65.376647
-70.568579 6.886370 70.517045
-62.886683 -10.780906 77.000241
-62.101737 -15.479724 76.835880
-74.643345 -30.460135 59.165456
6
89.470756 -42.746331 -12.951258
76.566062 -56.817818 -30.155825
72.397284 -63.409329 -27.164137
71.606925 -67.458042 -17.940479
75.583766 -65.146114 -6.563398
78.593039 -61.737027 -3.416669
6
-23.275575 -50.252970 -83.263958
-37.709492 -48.093521 -79.151800
-47.755123 -58.827636 -65.259156
-41.424939 -74.291835 -52.580393
-27.140573 -72.507637 -63.293221
-21.503726 -65.035007 -72.856281
5
-86.317874 6.647175 -50.050371
-86.223743 7.200763 -50.135967
-89.895226 32.303340 -29.586188
-93.873381 30.234225 -16.543279
-97.447683 12.656151 -18.541058
4
62.025947 -2.253432 -78.407295
50.806211 28.742082 -81.194961
37.409126 20.624691 -90.416699
43.158093 7.602951 -89.886452
6
-65.241615 45.388391 -60.691232
-73.588401 28.493907 -61.423485
-58.117413 6.009357 -81.155739
-40.409500 10.474432 -90.870009
-40.550826 11.243405 -90.715028
-55.254931 44.834410 -70.262139
8
36.691480 25.456717 89.474526
50.944396 38.475694 76.969406
56.195711 36.643864 74.157058
60.737843 29.772929 73.651118
62.411677 17.543051 76.138190
48.887190 4.886870 87.098572
44.412250 3.777253 89.516951
40.561691 6.476000 91.174616
5
79.803660 52.257961 -30.008022
75.976029 44.555286 -47.354720
89.714451 25.604577 -35.996152
92.217468 23.543141 -30.686466
84.826076 47.551030 -23.311721
6
-28.848463 -11.229864 -95.087625
9.727795 4.246753 -99.435080
6.016060 14.114280 -98.815961
-6.077983 20.175983 -97.754733
-22.990676 17.143641 -95.799397
-36.658277 8.206574 -92.675902
6
3.546101 -96.079277 -27.499050
7.490703 -95.498592 -28.703804
22.892626 -88.619282 -40.280894
16.200955 -77.830665 -60.662317
-0.659292 -82.015350 -57.210556
-12.133518 -94.372462 -30.767128
5
-12.998888 80.419404 -57.997831
-21.967103 74.792312 -62.638299
-17.370772 65.511251 -73.529125
0.206961 56.875948 -82.250129
10.384194 72.225695 -68.378487
6
-88.365845 -36.418698 -29.413533
-95.975859 -20.911109 -18.744597
-97.268649 -22.999297 -3.137236
-94.322764 -32.791561 5.284851
-87.031906 -49.181111 2.581800
-85.516768 -44.746805 -26.164973
7
47.876839 -43.655139 76.171104
33.730171 -47.306560 81.390202
29.426481 -42.225111 85.738686
34.215589 -28.382918 89.575127
52.065429 -22.750632 82.289731
54.823321 -24.275853 80.031784
55.726823 -31.043062 77.012009
7
65.225497 72.374313 22.529833
72.491181 63.990267 25.500479
69.917528 62.129308 35.376381
52.184328 68.637101 50.653176
43.807184 73.632147 51.567795
42.639880 82.047158 38.080237
52.212013 81.039692 26.579578
7
26.008992 -2.789683 96.518133
9.602275 -0.270010 99.537548
-2.609816 11.520143 99.299925
-0.832091 14.563695 98.930311
17.817731 32.590216 92.846143
36.691480 25.456717 89.474526
40.561691 6.476000 91.174616
4
-74.336679 -40.303417 -53.382513
-75.801190 -25.865833 -59.876024
-85.657626 -20.110256 -47.522087
-86.113257 -34.658979 -37.192232
5
28.393707 -95.572370 -7.727842
26.327122 -96.361931 -4.610954
39.211206 -89.149933 22.688561
53.217535 -84.537058 4.623826
38.934704 -90.935815 -14.654908
5
67.933306 33.269599 -65.407949
75.721398 15.345080 -63.488569
89.714451 25.604577 -35.996152
75.976029 44.555286 -47.354720
69.583458 46.077286 -55.091070
5
60.498857 -20.188409 77.021532
70.437350 -0.496257 70.981219
71.101522 0.164857 70.317468
80.436928 -5.333379 59.173100
73.863623 -22.129022 63.674733
9
-67.042432 64.579164 36.535517
-53.144210 73.301341 42.457112
-46.799330 73.915742 48.438474
-45.727923 73.095793 50.655326
-44.457276 65.706011 60.879148
-47.312979 55.273868 68.602344
-59.399426 45.907176 66.062390
-65.157894 45.826613 60.451389
-69.580771 57.368610 43.212949
8
84.826076 47.551030 -23.311721
86.126232 50.583667 -4.854363
85.421789 51.848957 -3.847551
76.131598 64.737245 -3.615077
71.243626 69.860974 -6.617404
66.679427 71.511371 -20.975648
68.637942 67.659970 -26.663860
79.803660 52.257961 -30.008022
6
46.310643 73.991566 -48.791111
49.949175 73.916893 -45.181555
52.536063 80.036067 -28.882346
33.484600 86.425252 -37.542740
32.748191 86.184027 -38.728147
37.538928 78.019663 -50.037596
6
-58.742808 -79.093084 17.133784
-31.374983 -91.891829 23.906113
-27.467193 -94.714956 16.571979
-27.833010 -95.055759 13.774113
-39.706231 -91.480558 -7.397476
-58.741206 -79.118481 17.021651
6
30.423702 -88.480598 35.292805
37.615750 -88.688259 26.822529
39.211206 -89.149933 22.688561
26.327122 -96.361931 -4.610954
22.801279 -97.322973 -2.888005
16.488076 -97.217703 16.639156
7
-41.912203 -74.689404 -51.622284
-32.401946 -90.129728 -28.753191
-18.287436 -93.979776 -28.868172
-12.133518 -94.372462 -30.767128
-0.659292 -82.015350 -57.210556
-27.140573 -72.507637 -63.293221
-41.424939 -74.291835 -52.580393
8
85.418588 36.491315 37.041177
86.693437 28.733615 40.726249
81.792165 22.141140 53.101899
81.026235 22.523652 54.105770
68.303714 44.702952 57.760269
68.710834 47.234604 55.206100
75.271493 47.905654 45.158063
82.589710 42.168998 37.426134
7
36.053580 -64.235404 -67.631000
50.725547 -78.731422 -35.046854
55.701754 -74.580362 -36.538804
60.053653 -66.442521 -44.485393
52.099328 -54.382743 -65.788885
47.263543 -53.692439 -69.880466
40.433487 -58.319540 -70.455407
6
50.725547 -78.731422 -35.046854
48.256338 -81.671402 -31.640290
61.523892 -77.216566 -15.887499
71.606925 -67.458042 -17.940479
72.397284 -63.409329 -27.164137
55.701754 -74.580362 -36.538804
6
-65.429871 46.304367 -59.789946
-79.686667 46.246398 -38.875518
-86.707901 35.770974 -34.672429
-78.232340 24.239081 -57.377416
-73.588401 28.493907 -61.423485
-65.241615 45.388391 -60.691232
8
96.176770 -18.976151 19.746761
91.473282 -34.955051 20.267785
88.524539 -39.330247 24.830175
78.342450 -42.368478 45.468368
86.483497 -4.407559 50.011780
87.240165 -3.243184 48.771255
91.090105 -2.698908 41.174125
96.866725 -8.458159 23.351596
6
1.804185 89.819303 43.923088
2.769354 87.557667 48.228473
-2.089736 78.603410 61.782982
-19.182766 78.662492 58.687596
-22.998497 81.412399 53.320638
-14.114299 91.505562 37.782518
6
39.211206 -89.149933 22.688561
37.615750 -88.688259 26.822529
62.601852 -73.081107 27.205882
60.930889 -78.921407 7.670613
58.016970 -81.341974 4.185023
53.217535 -84.537058 4.623826
5
-70.334911 -63.266334 -32.409433
-75.349876 -59.252745 -28.486987
-78.073053 -62.460067 1.827124
-65.751020 -75.262100 -3.524167
-60.532643 -78.838968 -10.964320
6
-35.366411 19.091523 91.568175
-29.454922 17.282095 93.987961
-31.200970 -12.406508 94.194363
-36.194546 -16.388911 91.767960
-44.955181 -6.719924 89.072298
-43.960171 12.936727 88.882757
4
-35.839651 92.956007 8.642924
-51.393371 82.328198 24.099568
-66.875906 72.944796 14.376020
-62.393738 77.745581 7.914927
6
91.990280 34.719289 18.230726
96.942303 22.753003 9.191884
97.694415 16.451957 13.606407
91.615457 20.728725 34.306385
86.693437 28.733615 40.726249
85.418588 36.491315 37.041177
7
37.392742 52.990186 -76.117167
27.399326 48.397759 -83.107965
25.025938 29.947308 -92.069871
34.965414 21.301238 -91.234188
37.409126 20.624691 -90.416699
50.806211 28.742082 -81.194961
53.270921 33.604316 -77.672124
6
-7.879197 -99.675355 -1.655871
2.016919 -99.978304 -0.520384
6.349159 -99.699095 -4.447314
3.546101 -96.079277 -27.499050
-12.133518 -94.372462 -30.767128
-18.287436 -93.979776 -28.868172
8
-38.033685 27.442704 88.319516
-35.131323 49.018008 79.768571
-15.188598 53.710790 82.972632
-11.965756 51.665712 84.778976
-12.473927 47.213639 87.265534
-26.951706 17.422513 94.710409
-29.454922 17.282095 93.987961
-35.366411 19.091523 91.568175
6
34.965414 21.301238 -91.234188
16.778075 -2.860882 -98.540913
22.367529 -18.624154 -95.670448
24.590596 -18.367038 -95.173287
43.158093 7.602951 -89.886452
37.409126 20.624691 -90.416699
5
98.515851 1.095695 -17.129697
96.852331 24.487946 4.468384
95.253881 30.285878 -3.076317
92.520709 22.963309 -30.209349
94.632200 12.427407 -29.838002
6
10.865576 70.152999 70.430788
-0.727399 74.972194 66.171300
-2.089736 78.603410 61.782982
2.769354 87.557667 48.228473
32.437147 73.433790 59.626420
22.989670 69.359971 68.269096
5
-67.042432 64.579164 36.535517
-75.850367 62.475109 18.535979
-66.875906 72.944796 14.376020
-51.393371 82.328198 24.099568
-53.144210 73.301341 42.457112
5
82.589710 42.168998 37.426134
81.229336 53.429777 23.389184
85.849889 48.979225 15.193160
91.990280 34.719289 18.230726
85.418588 36.491315 37.041177
5
-77.889363 -30.994798 54.521277
-74.643345 -30.460135 59.165456
-47.376980 -42.032604 77.386575
-57.356569 -63.614463 51.608372
-64.540567 -57.863478 49.863143
6
20.141599 29.000753 -93.558924
6.016060 14.114280 -98.815961
9.727795 4.246753 -99.435080
16.778075 -2.860882 -98.540913
34.965414 21.301238 -91.234188
25.025938 29.947308 -92.069871
6
-65.902559 69.236557 -29.379446
-73.096151 67.326950 -11.137079
-86.737848 49.286284 6.885347
-89.580407 44.356926 2.795338
-89.913729 43.750118 1.203545
-78.125386 53.924935 -31.440825
7
71.243626 69.860974 -6.617404
67.688289 73.581201 -2.025428
52.029733 85.284587 4.409772
41.923712 90.732341 -3.169329
39.324142 91.436846 -9.639251
55.171624 79.825659 -24.165181
66.679427 71.511371 -20.975648
5
55.701754 -74.580362 -36.538804
72.397284 -63.409329 -27.164137
76.566062 -56.817818 -30.155825
74.279151 -50.935302 -43.453454
60.053653 -66.442521 -44.485393
7
-41.912203 -74.689404 -51.622284
-41.424939 -74.291835 -52.580393
-47.755123 -58.827636 -65.259156
-55.631656 -46.763852 -68.689598
-61.589023 -42.892804 -66.083278
-71.124298 -44.342946 -54.543902
-64.600327 -63.906787 -41.745902
4
89.855154 -1.953038 -43.843322
79.271937 2.099925 -60.922494
79.731212 -23.811350 -55.461278
90.037642 -23.966711 -36.315558
7
-58.742808 -79.093084 17.133784
-58.741206 -79.118481 17.021651
-65.751020 -75.262100 -3.524167
-78.073053 -62.460067 1.827124
-80.995631 -58.208162 7.177579
-79.786911 -58.929597 12.702420
-63.475780 -72.850499 25.761018
5
-23.628240 70.695478 66.662251
-19.182766 78.662492 58.687596
-2.089736 78.603410 61.782982
-0.727399 74.972194 66.171300
-13.909175 64.247722 75.357581
9
-36.658277 8.206574 -92.675902
-40.409500 10.474432 -90.870009
-58.117413 6.009357 -81.155739
-63.726584 -0.962439 -77.058395
-67.239745 -17.684149 -71.875500
-63.079414 -23.531193 -73.940993
-46.612878 -29.060562 -83.562691
-27.961120 -15.825774 -94.698050
-28.848463 -11.229864 -95.087625
7
-78.232340 24.239081 -57.377416
-86.223743 7.200763 -50.135967
-86.317874 6.647175 -50.050371
-86.284835 6.024247 -50.186011
-63.726584 -0.962439 -77.058395
-58.117413 6.009357 -81.155739
-73.588401 28.493907 -61.423485
7
-86.576411 39.733082 30.427082
-91.343606 19.331224 35.814096
-92.508815 16.421534 34.241090
-96.149135 25.008596 11.397981
-89.580407 44.356926 2.795338
-86.737848 49.286284 6.885347
-86.719043 49.310480 6.948683
5
98.145103 -12.537332 -14.503587
96.176770 -18.976151 19.746761
96.866725 -8.458159 23.351596
98.753610 5.271153 14.830355
98.872280 -4.515073 -14.278881
6
27.399326 48.397759 -83.107965
0.408495 56.108812 -82.774600
-2.752585 50.135316 -86.480480
0.735525 40.586695 -91.390258
20.141599 29.000753 -93.558924
25.025938 29.947308 -92.069871
6
-79.786911 -58.929597 12.702420
-81.924552 -49.293633 29.300265
-64.540567 -57.863478 49.863143
-57.356569 -63.614463 51.608372
-54.724916 -67.779446 49.103261
-63.475780 -72.850499 25.761018
6
-33.746013 -80.340115 49.057849
-28.241607 -80.150333 52.709920
1.520819 -92.968750 36.803513
-6.012195 -97.102200 23.130420
-27.467193 -94.714956 16.571979
-31.374983 -91.891829 23.906113
8
68.303714 44.702952 57.760269
56.195711 36.643864 74.157058
50.944396 38.475694 76.969406
46.495881 46.968802 75.047083
42.002444 72.810951 54.169734
43.807184 73.632147 51.567795
52.184328 68.637101 50.653176
68.710834 47.234604 55.206100
8
-71.124298 -44.342946 -54.543902
-74.336679 -40.303417 -53.382513
-86.113257 -34.658979 -37.192232
-88.365845 -36.418698 -29.413533
-85.516768 -44.746805 -26.164973
-75.349876 -59.252745 -28.486987
-70.334911 -63.266334 -32.409433
-64.600327 -63.906787 -41.745902
6
98.753610 5.271153 14.830355
97.694415 16.451957 13.606407
96.942303 22.753003 9.191884
96.852331 24.487946 4.468384
98.515851 1.095695 -17.129697
98.872280 -4.515073 -14.278881
5
13.680682 83.021838 -54.038998
17.525715 90.259633 -39.319816
12.009430 93.372490 -33.724645
-10.563706 92.561371 -36.342821
-9.064807 86.805276 -48.812634
6
-15.552825 -11.955188 98.057040
-4.454096 11.102224 99.281930
-2.609816 11.520143 99.299925
9.602275 -0.270010 99.537548
5.262658 -26.057366 96.401857
-12.770857 -18.283610 97.481356
4
-65.157894 45.826613 60.451389
-78.882273 33.716033 51.388871
-82.227648 39.875619 40.602328
-69.580771 57.368610 43.212949
7
-65.241615 45.388391 -60.691232
-55.254931 44.834410 -70.262139
-41.343685 52.735996 -74.226777
-36.254064 73.507378 -57.291432
-43.153295 75.368167 -49.572498
-53.701116 73.007478 -42.262256
-65.429871 46.304367 -59.789946
5
97.694415 16.451957 13.606407
98.753610 5.271153 14.830355
96.866725 -8.458159 23.351596
91.090105 -2.698908 41.174125
91.615457 20.728725 34.306385
6
-92.508815 16.421534 34.241090
-93.719567 -0.595818 34.875316
-95.323955 -4.720621 29.850617
-99.314672 -0.655770 11.669010
-99.474940 2.018398 10.033063
-96.149135 25.008596 11.397981
4
0.570685 -76.210919 64.742337
-26.059296 -79.149196 55.283975
-24.557251 -55.364262 79.572231
0.311555 -65.523768 75.541636
7
-89.913729 43.750118 1.203545
-89.580407 44.356926 2.795338
-96.149135 25.008596 11.397981
-99.474940 2.018398 10.033063
-98.087913 9.283406 -17.104961
-97.447683 12.656151 -18.541058
-93.873381 30.234225 -16.543279
5
2.567304 50.902617 86.036809
10.865576 70.152999 70.430788
22.989670 69.359971 68.269096
24.489954 54.013369 80.515825
13.751480 44.434148 88.524027
7
62.919412 -4.845019 -77.573664
68.637852 -27.928166 -67.148066
73.816750 -29.568022 -60.636783
79.731212 -23.811350 -55.461278
79.271937 2.099925 -60.922494
75.573493 6.107921 -65.202304
63.225468 -3.715023 -77.386942
4
-86.707901 35.770974 -34.672429
-89.895226 32.303340 -29.586188
-86.223743 7.200763 -50.135967
-78.232340 24.239081 -57.377416
5
80.436928 -5.333379 59.173100
86.483497 -4.407559 50.011780
78.342450 -42.368478 45.468368
77.840948 -42.724706 45.993328
73.863623 -22.129022 63.674733
5
47.876839 -43.655139 76.171104
47.499470 -61.890077 62.557323
33.745528 -68.808175 64.239197
31.203439 -64.782670 69.494972
33.730171 -47.306560 81.390202
8
75.573493 6.107921 -65.202304
79.271937 2.099925 -60.922494
89.855154 -1.953038 -43.843322
94.632200 12.427407 -29.838002
92.520709 22.963309 -30.209349
92.217468 23.543141 -30.686466
89.714451 25.604577 -35.996152
75.721398 15.345080 -63.488569
5
84.826076 47.551030 -23.311721
92.217468 23.543141 -30.686466
92.520709 22.963309 -30.209349
95.253881 30.285878 -3.076317
86.126232 50.583667 -4.854363
5
55.726823 -31.043062 77.012009
71.336754 -49.029697 50.071512
66.786088 -55.367210 49.740230
47.499470 -61.890077 62.557323
47.876839 -43.655139 76.171104
6
40.561691 6.476000 91.174616
44.412250 3.777253 89.516951
52.065429 -22.750632 82.289731
34.215589 -28.382918 89.575127
27.963823 -23.838784 93.003962
26.008992 -2.789683 96.518133
4
76.571349 20.376103 61.005269
70.956647 4.132644 70.342558
62.411677 17.543051 76.138190
60.737843 29.772929 73.651118
6
-43.153295 75.368167 -49.572498
-14.550325 93.424589 -32.559701
-17.312923 95.084468 -25.675021
-50.274747 82.099070 -27.059056
-55.452543 74.339663 -37.398261
-53.701116 73.007478 -42.262256
8
77.409159 -61.930160 13.133066
65.350146 -69.217179 30.632345
64.653233 -63.385169 42.453266
66.786088 -55.367210 49.740230
71.336754 -49.029697 50.071512
77.840948 -42.724706 45.993328
78.342450 -42.368478 45.468368
88.524539 -39.330247 24.830175
8
24.590596 -18.367038 -95.173287
22.367529 -18.624154 -95.670448
16.363554 -25.558904 -95.283663
15.550809 -37.879734 -91.232111
40.433487 -58.319540 -70.455407
47.263543 -53.692439 -69.880466
50.966888 -43.862041 -74.016875
43.889787 -22.121530 -87.088027
5
81.229336 53.429777 23.389184
74.919673 61.907701 23.547381
76.131598 64.737245 -3.615077
85.421789 51.848957 -3.847551
85.849889 48.979225 15.193160
7
22.892626 -88.619282 -40.280894
41.620465 -86.214700 -28.892256
48.256338 -81.671402 -31.640290
50.725547 -78.731422 -35.046854
36.053580 -64.235404 -67.631000
18.445996 -74.355094 -64.273364
16.200955 -77.830665 -60.662317
7
63.225468 -3.715023 -77.386942
75.573493 6.107921 -65.202304
75.721398 15.345080 -63.488569
67.933306 33.269599 -65.407949
53.270921 33.604316 -77.672124
50.806211 28.742082 -81.194961
62.025947 -2.253432 -78.407295
5
-63.079414 -23.531193 -73.940993
-61.589023 -42.892804 -66.083278
-55.631656 -46.763852 -68.689598
-46.692179 -38.483830 -79.616803
-46.612878 -29.060562 -83.562691
5
-43.960171 12.936727 88.882757
-44.955181 -6.719924 89.072298
-62.886683 -10.780906 77.000241
-70.568579 6.886370 70.517045
-68.747548 9.032149 72.056887
5
-63.726584 -0.962439 -77.058395
-86.284835 6.024247 -50.186011
-87.093373 -0.540877 -49.137072
-71.838694 -19.068005 -66.900024
-67.239745 -17.684149 -71.875500
6
-22.990676 17.143641 -95.799397
-14.779242 45.081818 -88.029561
-30.545118 46.421561 -83.138646
-40.550826 11.243405 -90.715028
-40.409500 10.474432 -90.870009
-36.658277 8.206574 -92.675902
5
4.932654 -49.189655 -86.925524
15.550809 -37.879734 -91.232111
16.363554 -25.558904 -95.283663
-24.562709 -19.625075 -94.929077
-20.550533 -45.915120 -86.426138
7
-96.490368 -13.883274 -22.290436
-88.393030 -4.710983 -46.523960
-87.093373 -0.540877 -49.137072
-86.284835 6.024247 -50.186011
-86.317874 6.647175 -50.050371
-97.447683 12.656151 -18.541058
-98.087913 9.283406 -17.104961
8
-75.365042 6.782660 65.376647
-80.738635 24.314340 53.759518
-78.882273 33.716033 51.388871
-65.157894 45.826613 60.451389
-59.399426 45.907176 66.062390
-60.814893 32.542654 72.405279
-68.747548 9.032149 72.056887
-70.568579 6.886370 70.517045
6
-64.600327 -63.906787 -41.745902
-70.334911 -63.266334 -32.409433
-60.532643 -78.838968 -10.964320
-40.766367 -90.395435 -12.913896
-32.401946 -90.129728 -28.753191
-41.912203 -74.689404 -51.622284
4
75.583766 -65.146114 -6.563398
71.606925 -67.458042 -17.940479
61.523892 -77.216566 -15.887499
61.332374 -78.969426 -1.472980
5
37.538928 78.019663 -50.037596
25.401650 73.019665 -63.426215
38.076818 56.249883 -73.390099
52.394885 59.308157 -61.133613
46.310643 73.991566 -48.791111
6
90.037642 -23.966711 -36.315558
79.731212 -23.811350 -55.461278
73.816750 -29.568022 -60.636783
72.479984 -46.931371 -50.439056
74.534953 -48.448858 -45.795731
90.468655 -25.864016 -33.859639
6
-79.686667 46.246398 -38.875518
-78.125386 53.924935 -31.440825
-89.913729 43.750118 1.203545
-93.873381 30.234225 -16.543279
-89.895226 32.303340 -29.586188
-86.707901 35.770974 -34.672429
6
-98.087913 9.283406 -17.104961
-99.474940 2.018398 10.033063
-99.314672 -0.655770 11.669010
-97.268649 -22.999297 -3.137236
-95.975859 -20.911109 -18.744597
-96.490368 -13.883274 -22.290436
6
68.637852 -27.928166 -67.148066
50.966888 -43.862041 -74.016875
47.263543 -53.692439 -69.880466
52.099328 -54.382743 -65.788885
72.479984 -46.931371 -50.439056
73.816750 -29.568022 -60.636783
5
-24.077339 96.757731 7.630420
-16.063611 98.303881 -8.849147
16.820375 97.960342 -10.993011
14.894798 98.287196 10.852282
8.736863 98.358646 15.787464
7
-86.719043 49.310480 6.948683
-86.737848 49.286284 6.885347
-73.096151 67.326950 -11.137079
-62.575018 77.883786 -4.299188
-62.393738 77.745581 7.914927
-66.875906 72.944796 14.376020
-75.850367 62.475109 18.535979
6
11.001113 -47.263526 87.436461
29.426481 -42.225111 85.738686
33.730171 -47.306560 81.390202
31.203439 -64.782670 69.494972
8.685469 -54.524928 83.376225
8.635700 -54.010613 83.715461
7
16.820375 97.960342 -10.993011
18.646361 97.431638 -12.624939
34.815885 92.934240 -12.291511
39.324142 91.436846 -9.639251
41.923712 90.732341 -3.169329
30.812121 93.874890 15.431078
14.894798 98.287196 10.852282
4
52.212013 81.039692 26.579578
52.029733 85.284587 4.409772
67.688289 73.581201 -2.025428
65.225497 72.374313 22.529833
4
-74.643345 -30.460135 59.165456
-62.101737 -15.479724 76.835880
-44.092397 -39.232242 80.726029
-47.376980 -42.032604 77.386575
6
13.751480 44.434148 88.524027
17.817731 32.590216 92.846143
-0.832091 14.563695 98.930311
-12.473927 47.213639 87.265534
-11.965756 51.665712 84.778976
2.567304 50.902617 86.036809
6
-89.340173 -30.745317 32.757579
-90.703858 -28.768848 30.743512
-95.323955 -4.720621 29.850617
-93.719567 -0.595818 34.875316
-81.768105 -1.139486 57.555874
-79.319292 -29.519758 53.263814
7
-23.340506 93.606664 26.325145
-46.799330 73.915742 48.438474
-53.144210 73.301341 42.457112
-51.393371 82.328198 24.099568
-35.839651 92.956007 8.642924
-34.069658 93.696614 7.759048
-26.018589 96.112757 9.239644
6
-40.766367 -90.395435 -12.913896
-39.706231 -91.480558 -7.397476
-27.833010 -95.055759 13.774113
-7.879197 -99.675355 -1.655871
-18.287436 -93.979776 -28.868172
-32.401946 -90.129728 -28.753191
5
-15.552825 -11.955188 98.057040
-31.200970 -12.406508 94.194363
-29.454922 17.282095 93.987961
-26.951706 17.422513 94.710409
-4.454096 11.102224 99.281930
6
54.823321 -24.275853 80.031784
60.498857 -20.188409 77.021532
73.863623 -22.129022 63.674733
77.840948 -42.724706 45.993328
71.336754 -49.029697 50.071512
55.726823 -31.043062 77.012009
