200
8
-45.306108 -7.612715 -88.822312
-38.968405 -16.935008 -90.524411
-25.451384 -25.712023 -93.226171
-6.663098 -29.629787 -95.276854
-3.293977 -28.577055 -95.773178
-3.089483 8.794956 -99.564571
-14.868886 13.550617 -97.955587
-38.856661 2.902048 -92.096352
6
11.511572 -81.794948 -56.365506
0.845232 -81.345301 -58.156922
-15.364525 -84.813777 -50.700637
-22.198726 -89.273165 -39.211205
-2.208805 -94.552955 -32.478606
15.012509 -87.957923 -45.144527
5
53.805504 82.260732 18.388575
29.076411 92.394402 24.856322
29.626732 95.473983 2.641101
51.188616 85.752182 5.127263
57.125876 81.341933 10.960120
7
-75.262078 18.146872 63.295424
-59.541579 8.011600 79.941320
-69.730806 -21.390933 68.410837
-71.604681 -21.648940 66.363341
-86.592817 -8.243630 49.332814
-87.633292 0.682312 48.165762
-81.956072 15.845730 55.064645
6
11.511572 -81.794948 -56.365506
15.944434 -74.367646 -64.924789
-0.037937 -63.526812 -77.229157
-1.154782 -63.462347 -77.273520
-8.336055 -75.297923 -65.274291
0.845232 -81.345301 -58.156922
6
78.299425 60.299920 -15.268256
82.589080 55.846050 -7.762891
74.885233 64.431609 15.516750
61.258192 78.535975 8.918216
64.821291 76.010355 -4.541610
73.820051 65.774628 -14.976595
7
-59.811566 -78.203022 -17.517531
-67.714424 -69.373073 -24.538411
-81.303966 -54.315073 -20.965160
-82.544949 -53.822860 -17.012675
-79.483105 -60.506817 4.621812
-74.299428 -66.372905 8.615825
-60.995973 -79.072356 -5.201319
7
2.930459 99.080832 13.206100
25.858698 96.572839 -2.239313
26.364658 96.438721 -2.116113
29.626732 95.473983 2.641101
29.076411 92.394402 24.856322
21.489340 91.266128 34.766394
-2.961939 95.312474 30.112442
6
24.085560 -96.837465 -6.510849
29.297304 -95.415021 -6.135281
47.359872 -85.198588 -22.321358
42.890797 -82.750141 -36.232496
30.422863 -87.609624 -37.403250
19.747488 -97.005966 -14.137870
5
-50.763204 -70.544198 -49.463250
-34.681474 -84.261048 -41.197951
-30.793108 -74.862379 -58.714639
-42.521271 -63.126757 -64.861036
-52.098436 -62.695222 -57.922898
5
-83.818533 -53.425211 10.963588
-88.265658 -45.830789 10.426528
-90.384732 -35.443275 23.966112
-86.709568 -41.577775 27.436096
-82.298882 -52.621997 21.396715
8
-65.430630 44.436989 61.189759
-75.262078 18.146872 63.295424
-81.956072 15.845730 55.064645
-86.563425 35.260077 35.545752
-85.377157 42.148687 30.565165
-75.770270 56.392522 32.844324
-73.019876 58.606638 35.119220
-66.071517 58.548836 46.974339
4
-95.110454 -3.217380 -30.718886
-99.074256 -0.483836 -13.566789
-97.640651 -20.855533 -5.599106
-95.045697 -23.189504 -20.701747
4
-32.436895 -58.099157 74.648079
-42.515306 -70.674548 56.546945
-55.527287 -53.770114 63.446790
-46.621263 -47.775329 74.457879
5
-80.020830 15.096508 -58.041040
-83.097541 18.501448 -52.464227
-91.551783 16.851824 -36.527895
-92.586453 2.374896 -37.710855
-81.213606 -0.224909 -58.346377
5
41.041162 -22.194848 88.447791
36.545911 -31.987493 87.413939
11.590756 -31.471055 94.208424
9.522746 -27.200878 95.757138
15.943877 -18.314826 97.007010
7
74.279415 -18.099250 -64.459179
66.101484 6.353557 -74.767814
41.023025 -14.421931 -90.050648
36.126997 -26.129246 -89.510349
37.124575 -32.382181 -87.023906
37.421890 -32.475497 -86.861638
66.294114 -30.020028 -68.584899
7
54.893048 10.780811 82.888645
29.484467 31.197643 90.318178
29.566665 37.866390 87.703756
38.822606 53.761484 74.849903
44.114185 54.004957 71.675682
51.933278 46.400004 71.763321
62.430775 18.814446 75.818302
5
-50.726881 60.545426 -61.327277
-51.849520 69.530777 -49.770456
-68.505686 60.381577 -40.755810
-73.552004 44.594219 -51.004493
-64.672859 45.372884 -61.308423
6
70.209802 -50.910255 -49.786842
64.429459 -48.368057 -59.239985
56.236733 -52.655082 -63.756350
51.774293 -57.850276 -63.029899
50.223402 -75.750235 -41.707456
68.430376 -62.312263 -37.874338
7
-58.937632 62.678050 50.968790
-49.042090 70.169502 51.682826
-43.120289 71.850024 54.573022
-30.673350 68.929263 65.634612
-30.527330 65.859559 68.779362
-34.775364 60.259204 71.829676
-45.314977 56.877828 68.640117
7
89.231462 -33.421964 30.343343
86.796404 -17.824184 46.353885
87.160972 -2.052345 48.977064
90.402071 2.062328 42.699091
93.546151 1.856750 35.294052
97.827794 -11.948853 16.939531
97.009103 -18.725051 15.446888
6
-66.071517 58.548836 46.974339
-73.019876 58.606638 35.119220
-58.044205 78.483200 21.708469
-42.169874 82.538255 37.538490
-49.042090 70.169502 51.682826
-58.937632 62.678050 50.968790
6
-27.548754 96.095359 -2.597703
-41.515138 90.048264 -12.953900
-42.296820 89.453709 -14.457282
-38.980246 87.340053 -29.193417
-24.479601 91.522802 -32.005090
-11.964075 98.193618 -14.658593
7
-22.198726 -89.273165 -39.211205
-32.075219 -87.333691 -36.660696
-36.034404 -88.534717 -29.379000
-21.274005 -97.230636 -9.675751
-4.181178 -99.184331 -12.041020
0.215408 -98.082819 -19.486257
-2.208805 -94.552955 -32.478606
7
-59.541579 8.011600 79.941320
-75.262078 18.146872 63.295424
-65.430630 44.436989 61.189759
-50.626822 39.586863 76.614654
-43.175189 30.179503 85.000592
-43.271667 24.553499 86.744963
-51.980083 10.314385 84.803800
6
13.322182 -98.299989 12.634543
24.085560 -96.837465 -6.510849
19.747488 -97.005966 -14.137870
0.215408 -98.082819 -19.486257
-4.181178 -99.184331 -12.041020
1.740866 -99.045118 13.676040
6
-91.982802 35.357779 16.999754
-96.960937 22.883790 8.654990
-97.397625 22.074047 5.141904
-92.838149 31.148792 -20.268964
-90.946435 38.444045 -15.836707
-88.452367 46.547199 -3.088194
5
78.497232 56.785421 -24.770961
78.299425 60.299920 -15.268256
73.820051 65.774628 -14.976595
58.074234 75.535772 -30.360014
72.096092 58.105420 -37.761273
4
29.626732 95.473983 2.641101
26.364658 96.438721 -2.116113
43.825387 86.197967 -25.480304
51.188616 85.752182 5.127263
4
47.359872 -85.198588 -22.321358
29.297304 -95.415021 -6.135281
46.925555 -87.651570 10.732873
61.074533 -79.175643 -1.057782
7
-52.013643 -9.562288 -84.871336
-45.306108 -7.612715 -88.822312
-38.856661 2.902048 -92.096352
-47.872335 32.513193 -81.554471
-64.708495 33.748524 -68.365545
-69.039447 28.426242 -66.524458
-71.533665 19.074472 -67.224247
8
65.065610 -62.711946 42.821470
65.738389 -67.040318 34.410172
63.874093 -70.047898 31.833822
48.565362 -81.066161 32.706011
44.049311 -80.803252 39.121512
42.967912 -77.530952 46.289416
44.758871 -75.081819 48.573284
54.405951 -66.952484 50.570321
5
-3.700569 -98.242670 18.294361
-24.309006 -96.979389 -2.017501
-30.392274 -95.242890 2.258655
-19.349936 -92.943406 31.418200
-11.096883 -94.897214 29.519113
6
54.837400 10.431633 82.970119
43.899020 -8.154498 89.478378
25.193904 2.641854 96.738244
22.357798 22.197773 94.907259
29.484467 31.197643 90.318178
54.893048 10.780811 82.888645
6
86.523084 23.284527 44.402554
90.402071 2.062328 42.699091
87.160972 -2.052345 48.977064
83.778970 -1.948420 54.564529
70.377154 18.176021 68.678152
75.792996 34.524431 55.348761
5
64.529843 -51.057693 56.824391
74.215163 -36.015557 56.524236
77.910162 -36.229283 51.160978
80.078170 -44.065450 40.567510
67.575740 -58.009815 45.479454
6
67.906890 57.212320 45.993529
51.082013 62.908423 58.593159
50.065860 65.717672 56.343564
52.982119 77.858864 33.628743
54.110466 77.917294 31.637837
72.040594 60.383983 34.116380
5
-11.007161 12.251327 98.634413
-13.389180 13.149521 98.223317
-22.035409 22.010484 95.026203
-5.467904 41.893059 90.637044
2.453583 28.325885 95.872958
6
65.065610 -62.711946 42.821470
54.405951 -66.952484 50.570321
51.670274 -59.895865 61.177350
59.902653 -51.194392 61.569525
64.529843 -51.057693 56.824391
67.575740 -58.009815 45.479454
5
81.127380 -54.314445 21.639991
73.378511 -67.849613 -3.467584
65.776569 -75.321452 -0.349061
63.874093 -70.047898 31.833822
65.738389 -67.040318 34.410172
6
-27.861570 95.707329 7.989997
-40.184134 90.271468 15.371971
-55.426728 81.756504 15.612555
-56.778858 81.653918 10.430679
-41.515138 90.048264 -12.953900
-27.548754 96.095359 -2.597703
4
-34.941183 -44.512107 -82.448687
-15.250427 -52.333976 -83.836623
-25.451384 -25.712023 -93.226171
-38.968405 -16.935008 -90.524411
6
77.709217 -59.931255 -19.222963
77.816858 -61.787353 -11.263197
83.481644 -54.471206 -7.981403
95.535372 -26.746363 -12.554872
95.515059 -25.171579 -15.596960
84.768664 -45.898141 -26.601397
4
39.132058 -66.748045 63.351248
44.758871 -75.081819 48.573284
42.967912 -77.530952 46.289416
17.366592 -80.159111 57.209426
6
53.805504 82.260732 18.388575
54.110466 77.917294 31.637837
52.982119 77.858864 33.628743
25.855062 87.177718 41.612032
21.489340 91.266128 34.766394
29.076411 92.394402 24.856322
6
-50.311797 -36.426607 78.369799
-52.421717 -33.450855 78.313497
-37.470737 -10.611565 92.105041
-34.288391 -11.819986 93.191170
-18.267056 -23.803555 95.392376
-19.243890 -36.899702 90.929009
8
74.279415 -18.099250 -64.459179
86.157036 -22.323435 -45.591988
88.776537 -18.791728 -42.019013
84.767975 23.778867 -47.423158
79.457686 26.221585 -54.762255
67.122187 10.511208 -73.376607
66.255851 7.708136 -74.503335
66.101484 6.353557 -74.767814
4
9.482891 -44.655505 88.971685
11.590756 -31.471055 94.208424
36.545911 -31.987493 87.413939
33.733035 -49.811186 79.880712
5
-48.063732 74.492441 -46.268283
-38.980246 87.340053 -29.193417
-42.296820 89.453709 -14.457282
-63.163695 75.856042 -16.006516
-48.426864 74.205625 -46.350449
7
62.430775 18.814446 75.818302
70.377154 18.176021 68.678152
83.778970 -1.948420 54.564529
79.524770 -7.036311 60.218778
68.314944 -6.650051 72.724448
54.837400 10.431633 82.970119
54.893048 10.780811 82.888645
4
29.566665 37.866390 87.703756
-3.812833 47.098430 88.131721
22.041438 65.320500 72.438990
38.822606 53.761484 74.849903
7
-66.949268 -34.445936 -65.812408
-67.830558 -42.262213 -60.107576
-65.449587 -47.345077 -58.947394
-52.098436 -62.695222 -57.922898
-42.521271 -63.126757 -64.861036
-36.585507 -58.682085 -72.235127
-38.614524 -52.702420 -75.705835
5
-95.045697 -23.189504 -20.701747
-89.991752 -31.453615 -30.201898
-87.754663 -18.350411 -44.298775
-93.008150 -0.134497 -36.735077
-95.110454 -3.217380 -30.718886
6
-85.705428 37.465884 -35.367883
-75.003903 58.872467 -30.140458
-75.355338 62.558830 -20.198164
-90.946435 38.444045 -15.836707
-92.838149 31.148792 -20.268964
-91.988641 27.746744 -27.716567
7
-32.436895 -58.099157 74.648079
-25.585131 -57.888704 77.422859
-15.720792 -70.222553 69.438100
-16.786068 -77.769899 60.581109
-31.313164 -83.328198 45.562015
-42.515497 -74.691643 51.123292
-42.515306 -70.674548 56.546945
5
-24.928449 47.406658 -84.446321
-17.532819 61.645085 -76.762515
-18.752650 61.913098 -76.256845
-46.139588 58.065586 -67.078507
-46.489995 36.028433 -80.874176
5
98.671788 -0.309533 -16.241379
99.880509 -2.343770 4.288439
97.633023 19.993124 8.250322
95.044847 23.818594 -19.978780
94.883558 22.518940 -22.136119
5
-19.278435 88.224690 42.950506
-43.120289 71.850024 54.573022
-49.042090 70.169502 51.682826
-42.169874 82.538255 37.538490
-34.636822 86.253093 36.887593
7
58.074234 75.535772 -30.360014
44.335401 83.158069 -33.453067
37.924653 81.830305 -43.191687
41.661729 65.992901 -62.523894
47.620216 60.998723 -63.336173
67.254467 49.225780 -55.259925
72.096092 58.105420 -37.761273
7
51.082013 62.908423 58.593159
44.114185 54.004957 71.675682
38.822606 53.761484 74.849903
22.041438 65.320500 72.438990
14.719767 72.801361 66.957377
26.296069 85.758110 44.204789
50.065860 65.717672 56.343564
5
51.933278 46.400004 71.763321
75.105874 36.531156 54.996202
75.792996 34.524431 55.348761
70.377154 18.176021 68.678152
62.430775 18.814446 75.818302
8
74.885233 64.431609 15.516750
76.221714 61.402612 20.493159
74.423133 59.507650 30.332109
72.040594 60.383983 34.116380
54.110466 77.917294 31.637837
53.805504 82.260732 18.388575
57.125876 81.341933 10.960120
61.258192 78.535975 8.918216
7
-1.696489 -1.640580 99.972148
-13.202373 -21.282211 96.813041
-18.267056 -23.803555 95.392376
-34.288391 -11.819986 93.191170
-13.389180 13.149521 98.223317
-11.007161 12.251327 98.634413
-4.154792 5.515551 99.761297
4
-87.633292 0.682312 48.165762
-95.877842 5.153956 27.944163
-86.563425 35.260077 35.545752
-81.956072 15.845730 55.064645
8
-73.019876 58.606638 35.119220
-75.770270 56.392522 32.844324
-78.291797 62.199796 -1.256927
-72.293375 68.128934 -11.494182
-69.033328 71.465718 -11.271677
-56.778858 81.653918 10.430679
-55.426728 81.756504 15.612555
-58.044205 78.483200 21.708469
6
75.792996 34.524431 55.348761
75.105874 36.531156 54.996202
75.180967 41.408890 51.313994
84.699610 41.155914 33.647688
87.555021 36.947511 31.128761
86.523084 23.284527 44.402554
7
67.575740 -58.009815 45.479454
80.078170 -44.065450 40.567510
84.493807 -43.188635 31.552154
83.672301 -49.295384 23.851859
81.127380 -54.314445 21.639991
65.738389 -67.040318 34.410172
65.065610 -62.711946 42.821470
6
-5.015712 85.699784 -51.287325
-15.255425 86.189520 -48.359474
-33.065172 78.995558 -51.637159
-18.752650 61.913098 -76.256845
-17.532819 61.645085 -76.762515
-3.367613 64.662852 -76.206133
4
-82.298882 -52.621997 21.396715
-86.709568 -41.577775 27.436096
-75.697409 -48.482995 43.809834
-72.021022 -62.547282 30.013494
5
-3.089483 8.794956 -99.564571
-3.293977 -28.577055 -95.773178
-1.841897 -28.816296 -95.740422
18.556539 -20.521418 -96.096443
0.373618 8.341405 -99.650797
6
-46.621263 -47.775329 74.457879
-50.311797 -36.426607 78.369799
-19.243890 -36.899702 90.929009
-16.204506 -46.417804 87.079283
-25.585131 -57.888704 77.422859
-32.436895 -58.099157 74.648079
5
51.774293 -57.850276 -63.029899
31.258159 -63.644268 -70.514783
29.793968 -66.400288 -68.580765
46.606406 -78.577578 -40.662110
50.223402 -75.750235 -41.707456
6
73.378511 -67.849613 -3.467584
81.127380 -54.314445 21.639991
83.672301 -49.295384 23.851859
91.304939 -40.111225 7.382253
83.481644 -54.471206 -7.981403
77.816858 -61.787353 -11.263197
6
-4.987827 95.013511 30.782371
-14.000547 89.026438 43.339104
-19.278435 88.224690 42.950506
-34.636822 86.253093 36.887593
-40.184134 90.271468 15.371971
-27.861570 95.707329 7.989997
6
-47.872335 32.513193 -81.554471
-46.489995 36.028433 -80.874176
-46.139588 58.065586 -67.078507
-50.726881 60.545426 -61.327277
-64.672859 45.372884 -61.308423
-64.708495 33.748524 -68.365545
8
-3.812833 47.098430 88.131721
29.566665 37.866390 87.703756
29.484467 31.197643 90.318178
22.357798 22.197773 94.907259
17.472235 22.081222 95.953846
2.453583 28.325885 95.872958
-5.467904 41.893059 90.637044
-4.800526 46.934087 88.171120
5
-59.811566 -78.203022 -17.517531
-60.995973 -79.072356 -5.201319
-49.479132 -85.663643 14.613549
-38.434100 -92.293529 2.173607
-43.276558 -87.032911 -23.503445
7
33.733035 -49.811186 79.880712
34.269020 -51.163024 78.790730
34.250429 -51.274083 78.726593
12.397776 -69.417551 70.904857
7.917885 -67.545909 73.313419
-1.412107 -50.485652 86.308777
9.482891 -44.655505 88.971685
6
74.215163 -36.015557 56.524236
64.529843 -51.057693 56.824391
59.902653 -51.194392 61.569525
57.023481 -42.592199 70.244055
62.914922 -30.334266 71.564970
69.261414 -29.019034 66.035992
5
34.472071 17.631788 -92.199763
34.033924 18.152547 -92.261460
22.240289 20.918707 -95.224877
9.888131 11.392635 -98.855616
38.357688 -8.973972 -91.913849
7
0.018438 74.932717 66.219994
14.719767 72.801361 66.957377
22.041438 65.320500 72.438990
-3.812833 47.098430 88.131721
-4.800526 46.934087 88.171120
-9.957063 51.016931 85.429091
-10.737047 61.423688 78.178298
6
-47.872335 32.513193 -81.554471
-38.856661 2.902048 -92.096352
-14.868886 13.550617 -97.955587
-14.496051 15.753209 -97.681630
-24.928449 47.406658 -84.446321
-46.489995 36.028433 -80.874176
6
12.397776 -69.417551 70.904857
15.435431 -80.475486 57.318790
11.998731 -83.937757 53.013992
-16.786068 -77.769899 60.581109
-15.720792 -70.222553 69.438100
7.917885 -67.545909 73.313419
5
-4.181178 -99.184331 -12.041020
-21.274005 -97.230636 -9.675751
-24.309006 -96.979389 -2.017501
-3.700569 -98.242670 18.294361
1.740866 -99.045118 13.676040
8
-48.426864 74.205625 -46.350449
-63.163695 75.856042 -16.006516
-69.033328 71.465718 -11.271677
-72.293375 68.128934 -11.494182
-75.355338 62.558830 -20.198164
-75.003903 58.872467 -30.140458
-68.505686 60.381577 -40.755810
-51.849520 69.530777 -49.770456
8
-27.861570 95.707329 7.989997
-27.548754 96.095359 -2.597703
-11.964075 98.193618 -14.658593
-4.944072 98.661798 -15.537235
-4.880727 98.672510 -15.489164
2.930459 99.080832 13.206100
-2.961939 95.312474 30.112442
-4.987827 95.013511 30.782371
6
-66.091033 -52.534058 53.592426
-62.852234 -51.458971 58.322989
-55.527287 -53.770114 63.446790
-42.515306 -70.674548 56.546945
-42.515497 -74.691643 51.123292
-53.703928 -71.007344 45.539491
7
-46.139588 58.065586 -67.078507
-18.752650 61.913098 -76.256845
-33.065172 78.995558 -51.637159
-48.063732 74.492441 -46.268283
-48.426864 74.205625 -46.350449
-51.849520 69.530777 -49.770456
-50.726881 60.545426 -61.327277
6
-49.479132 -85.663643 14.613549
-49.439235 -85.483474 15.758735
-27.740324 -89.241722 35.586366
-19.349936 -92.943406 31.418200
-30.392274 -95.242890 2.258655
-38.434100 -92.293529 2.173607
5
-30.673350 68.929263 65.634612
-43.120289 71.850024 54.573022
-19.278435 88.224690 42.950506
-14.000547 89.026438 43.339104
-12.012525 83.251762 54.081821
6
-55.527287 -53.770114 63.446790
-62.852234 -51.458971 58.322989
-62.491642 -29.138655 72.427436
-52.421717 -33.450855 78.313497
-50.311797 -36.426607 78.369799
-46.621263 -47.775329 74.457879
5
-41.515138 90.048264 -12.953900
-56.778858 81.653918 10.430679
-69.033328 71.465718 -11.271677
-63.163695 75.856042 -16.006516
-42.296820 89.453709 -14.457282
7
-17.598936 -74.846657 -63.939467
-21.440498 -72.459275 -65.497775
-30.793108 -74.862379 -58.714639
-34.681474 -84.261048 -41.197951
-32.075219 -87.333691 -36.660696
-22.198726 -89.273165 -39.211205
-15.364525 -84.813777 -50.700637
8
33.733035 -49.811186 79.880712
36.545911 -31.987493 87.413939
41.041162 -22.194848 88.447791
44.497621 -18.000566 87.726515
56.252318 -22.576747 79.535949
62.914922 -30.334266 71.564970
57.023481 -42.592199 70.244055
34.269020 -51.163024 78.790730
6
51.670274 -59.895865 61.177350
41.276203 -60.727452 67.885578
34.250429 -51.274083 78.726593
34.269020 -51.163024 78.790730
57.023481 -42.592199 70.244055
59.902653 -51.194392 61.569525
5
24.844199 -90.532102 34.448576
44.049311 -80.803252 39.121512
48.565362 -81.066161 32.706011
45.227110 -88.082735 13.997869
25.399593 -94.367690 21.203769
6
95.713555 23.636002 16.740813
93.546151 1.856750 35.294052
90.402071 2.062328 42.699091
86.523084 23.284527 44.402554
87.555021 36.947511 31.128761
92.099728 34.187862 18.676995
5
-58.937632 62.678050 50.968790
-45.314977 56.877828 68.640117
-50.626822 39.586863 76.614654
-65.430630 44.436989 61.189759
-66.071517 58.548836 46.974339
10
50.223402 -75.750235 -41.707456
46.606406 -78.577578 -40.662110
42.890797 -82.750141 -36.232496
47.359872 -85.198588 -22.321358
61.074533 -79.175643 -1.057782
65.776569 -75.321452 -0.349061
73.378511 -67.849613 -3.467584
77.816858 -61.787353 -11.263197
77.709217 -59.931255 -19.222963
68.430376 -62.312263 -37.874338
5
89.231462 -33.421964 30.343343
84.493807 -43.188635 31.552154
80.078170 -44.065450 40.567510
77.910162 -36.229283 51.160978
86.796404 -17.824184 46.353885
6
-81.303966 -54.315073 -20.965160
-67.714424 -69.373073 -24.538411
-65.572250 -68.658440 -31.405390
-65.449587 -47.345077 -58.947394
-67.830558 -42.262213 -60.107576
-83.689936 -45.538297 -30.368703
6
89.921785 25.664920 -35.431406
78.497232 56.785421 -24.770961
72.096092 58.105420 -37.761273
67.254467 49.225780 -55.259925
79.457686 26.221585 -54.762255
84.767975 23.778867 -47.423158
6
-99.266443 3.918503 -11.437597
-92.067566 27.284911 -27.912310
-91.988641 27.746744 -27.716567
-92.838149 31.148792 -20.268964
-97.397625 22.074047 5.141904
-99.675178 7.203925 -3.600321
5
-15.720792 -70.222553 69.438100
-25.585131 -57.888704 77.422859
-16.204506 -46.417804 87.079283
-1.412107 -50.485652 86.308777
7.917885 -67.545909 73.313419
7
-13.689215 -53.669896 -83.259520
-15.250427 -52.333976 -83.836623
-34.941183 -44.512107 -82.448687
-38.614524 -52.702420 -75.705835
-36.585507 -58.682085 -72.235127
-22.509226 -63.236199 -74.125016
-13.017684 -57.946990 -80.453007
8
-95.045697 -23.189504 -20.701747
-97.640651 -20.855533 -5.599106
-97.387669 -22.700996 -0.553826
-92.082164 -38.912161 -2.592072
-82.544949 -53.822860 -17.012675
-81.303966 -54.315073 -20.965160
-83.689936 -45.538297 -30.368703
-89.991752 -31.453615 -30.201898
6
51.774293 -57.850276 -63.029899
56.236733 -52.655082 -63.756350
37.421890 -32.475497 -86.861638
37.124575 -32.382181 -87.023906
28.366723 -45.549407 -84.383532
31.258159 -63.644268 -70.514783
4
50.065860 65.717672 56.343564
26.296069 85.758110 44.204789
25.855062 87.177718 41.612032
52.982119 77.858864 33.628743
6
94.883558 22.518940 -22.136119
89.921785 25.664920 -35.431406
84.767975 23.778867 -47.423158
88.776537 -18.791728 -42.019013
95.858390 -16.271364 -23.375454
98.671788 -0.309533 -16.241379
6
61.074533 -79.175643 -1.057782
46.925555 -87.651570 10.732873
45.227110 -88.082735 13.997869
48.565362 -81.066161 32.706011
63.874093 -70.047898 31.833822
65.776569 -75.321452 -0.349061
6
-51.980083 10.314385 84.803800
-43.271667 24.553499 86.744963
-22.035409 22.010484 95.026203
-13.389180 13.149521 98.223317
-34.288391 -11.819986 93.191170
-37.470737 -10.611565 92.105041
5
39.132058 -66.748045 63.351248
41.276203 -60.727452 67.885578
51.670274 -59.895865 61.177350
54.405951 -66.952484 50.570321
44.758871 -75.081819 48.573284
5
-9.957063 51.016931 85.429091
-31.055850 45.738524 83.327796
-34.775364 60.259204 71.829676
-30.527330 65.859559 68.779362
-10.737047 61.423688 78.178298
8
41.661729 65.992901 -62.523894
37.924653 81.830305 -43.191687
26.338112 86.932160 -41.822283
4.804623 89.819053 -43.697291
-5.015712 85.699784 -51.287325
-3.367613 64.662852 -76.206133
10.726602 57.591103 -81.044462
11.787032 57.463302 -80.987868
4
-50.763204 -70.544198 -49.463250
-52.098436 -62.695222 -57.922898
-65.449587 -47.345077 -58.947394
-65.572250 -68.658440 -31.405390
6
-64.672859 45.372884 -61.308423
-73.552004 44.594219 -51.004493
-78.113662 39.385389 -48.446331
-77.849883 32.853906 -53.479123
-69.039447 28.426242 -66.524458
-64.708495 33.748524 -68.365545
6
48.101422 33.702985 -80.934307
43.591655 32.596685 -83.888162
34.033924 18.152547 -92.261460
34.472071 17.631788 -92.199763
66.255851 7.708136 -74.503335
67.122187 10.511208 -73.376607
7
-97.387669 -22.700996 -0.553826
-97.640651 -20.855533 -5.599106
-99.074256 -0.483836 -13.566789
-99.266443 3.918503 -11.437597
-99.675178 7.203925 -3.600321
-98.232053 -12.378337 14.044237
-97.539902 -17.695202 13.147145
6
67.906890 57.212320 45.993529
75.180967 41.408890 51.313994
75.105874 36.531156 54.996202
51.933278 46.400004 71.763321
44.114185 54.004957 71.675682
51.082013 62.908423 58.593159
4
-4.154792 5.515551 99.761297
-11.007161 12.251327 98.634413
2.453583 28.325885 95.872958
17.472235 22.081222 95.953846
6
-52.013643 -9.562288 -84.871336
-71.533665 19.074472 -67.224247
-80.020830 15.096508 -58.041040
-81.213606 -0.224909 -58.346377
-68.104680 -21.981740 -69.846658
-67.174413 -22.540963 -70.565595
5
79.457686 26.221585 -54.762255
67.254467 49.225780 -55.259925
47.620216 60.998723 -63.336173
48.101422 33.702985 -80.934307
67.122187 10.511208 -73.376607
5
79.524770 -7.036311 60.218778
69.261414 -29.019034 66.035992
62.914922 -30.334266 71.564970
56.252318 -22.576747 79.535949
68.314944 -6.650051 72.724448
6
-95.877842 5.153956 27.944163
-97.356234 3.886639 22.509061
-96.960937 22.883790 8.654990
-91.982802 35.357779 16.999754
-85.377157 42.148687 30.565165
-86.563425 35.260077 35.545752
4
-4.880727 98.672510 -15.489164
15.383397 98.073050 -12.042752
25.858698 96.572839 -2.239313
2.930459 99.080832 13.206100
7
11.500943 -85.761240 50.127219
11.998731 -83.937757 53.013992
15.435431 -80.475486 57.318790
17.366592 -80.159111 57.209426
42.967912 -77.530952 46.289416
44.049311 -80.803252 39.121512
24.844199 -90.532102 34.448576
6
-53.703928 -71.007344 45.539491
-42.515497 -74.691643 51.123292
-31.313164 -83.328198 45.562015
-27.740324 -89.241722 35.586366
-49.439235 -85.483474 15.758735
-64.713779 -70.989304 27.796504
5
43.899020 -8.154498 89.478378
54.837400 10.431633 82.970119
68.314944 -6.650051 72.724448
56.252318 -22.576747 79.535949
44.497621 -18.000566 87.726515
5
-8.006084 -47.813889 -87.462762
-6.663098 -29.629787 -95.276854
-25.451384 -25.712023 -93.226171
-15.250427 -52.333976 -83.836623
-13.689215 -53.669896 -83.259520
5
75.180967 41.408890 51.313994
67.906890 57.212320 45.993529
72.040594 60.383983 34.116380
74.423133 59.507650 30.332109
84.699610 41.155914 33.647688
7
-93.661735 -25.468592 24.058891
-90.038564 -22.049810 37.508170
-77.262246 -40.278540 49.073257
-75.009786 -47.386641 46.130666
-75.697409 -48.482995 43.809834
-86.709568 -41.577775 27.436096
-90.384732 -35.443275 23.966112
7
-4.800526 46.934087 88.171120
-5.467904 41.893059 90.637044
-22.035409 22.010484 95.026203
-43.271667 24.553499 86.744963
-43.175189 30.179503 85.000592
-31.055850 45.738524 83.327796
-9.957063 51.016931 85.429091
6
-97.539902 -17.695202 13.147145
-93.661735 -25.468592 24.058891
-90.384732 -35.443275 23.966112
-88.265658 -45.830789 10.426528
-92.082164 -38.912161 -2.592072
-97.387669 -22.700996 -0.553826
9
0.018438 74.932717 66.219994
-12.012525 83.251762 54.081821
-14.000547 89.026438 43.339104
-4.987827 95.013511 30.782371
-2.961939 95.312474 30.112442
21.489340 91.266128 34.766394
25.855062 87.177718 41.612032
26.296069 85.758110 44.204789
14.719767 72.801361 66.957377
6
70.209802 -50.910255 -49.786842
84.093962 -31.375414 -44.088422
86.157036 -22.323435 -45.591988
74.279415 -18.099250 -64.459179
66.294114 -30.020028 -68.584899
64.429459 -48.368057 -59.239985
7
15.012509 -87.957923 -45.144527
30.422863 -87.609624 -37.403250
42.890797 -82.750141 -36.232496
46.606406 -78.577578 -40.662110
29.793968 -66.400288 -68.580765
15.944434 -74.367646 -64.924789
11.511572 -81.794948 -56.365506
6
-37.470737 -10.611565 92.105041
-52.421717 -33.450855 78.313497
-62.491642 -29.138655 72.427436
-69.730806 -21.390933 68.410837
-59.541579 8.011600 79.941320
-51.980083 10.314385 84.803800
6
-4.154792 5.515551 99.761297
17.472235 22.081222 95.953846
22.357798 22.197773 94.907259
25.193904 2.641854 96.738244
14.347898 -4.539150 98.861185
-1.696489 -1.640580 99.972148
6
-13.017684 -57.946990 -80.453007
-22.509226 -63.236199 -74.125016
-21.440498 -72.459275 -65.497775
-17.598936 -74.846657 -63.939467
-8.336055 -75.297923 -65.274291
-1.154782 -63.462347 -77.273520
5
-30.793108 -74.862379 -58.714639
-21.440498 -72.459275 -65.497775
-22.509226 -63.236199 -74.125016
-36.585507 -58.682085 -72.235127
-42.521271 -63.126757 -64.861036
7
-83.097541 18.501448 -52.464227
-77.849883 32.853906 -53.479123
-78.113662 39.385389 -48.446331
-85.705428 37.465884 -35.367883
-91.988641 27.746744 -27.716567
-92.067566 27.284911 -27.912310
-91.551783 16.851824 -36.527895
4
64.429459 -48.368057 -59.239985
66.294114 -30.020028 -68.584899
37.421890 -32.475497 -86.861638
56.236733 -52.655082 -63.756350
5
-1.696489 -1.640580 99.972148
14.347898 -4.539150 98.861185
15.943877 -18.314826 97.007010
9.522746 -27.200878 95.757138
-13.202373 -21.282211 96.813041
6
18.556539 -20.521418 -96.096443
36.126997 -26.129246 -89.510349
41.023025 -14.421931 -90.050648
38.357688 -8.973972 -91.913849
9.888131 11.392635 -98.855616
0.373618 8.341405 -99.650797
4
-71.604681 -21.648940 66.363341
-77.262246 -40.278540 49.073257
-90.038564 -22.049810 37.508170
-86.592817 -8.243630 49.332814
5
-34.636822 86.253093 36.887593
-42.169874 82.538255 37.538490
-58.044205 78.483200 21.708469
-55.426728 81.756504 15.612555
-40.184134 90.271468 15.371971
6
34.250429 -51.274083 78.726593
41.276203 -60.727452 67.885578
39.132058 -66.748045 63.351248
17.366592 -80.159111 57.209426
15.435431 -80.475486 57.318790
12.397776 -69.417551 70.904857
5
-85.377157 42.148687 30.565165
-91.982802 35.357779 16.999754
-88.452367 46.547199 -3.088194
-78.291797 62.199796 -1.256927
-75.770270 56.392522 32.844324
8
15.383397 98.073050 -12.042752
26.338112 86.932160 -41.822283
37.924653 81.830305 -43.191687
44.335401 83.158069 -33.453067
44.696342 84.413463 -29.607504
43.825387 86.197967 -25.480304
26.364658 96.438721 -2.116113
25.858698 96.572839 -2.239313
7
-75.009786 -47.386641 46.130666
-77.262246 -40.278540 49.073257
-71.604681 -21.648940 66.363341
-69.730806 -21.390933 68.410837
-62.491642 -29.138655 72.427436
-62.852234 -51.458971 58.322989
-66.091033 -52.534058 53.592426
7
1.740866 -99.045118 13.676040
-3.700569 -98.242670 18.294361
-11.096883 -94.897214 29.519113
11.500943 -85.761240 50.127219
24.844199 -90.532102 34.448576
25.399593 -94.367690 21.203769
13.322182 -98.299989 12.634543
7
-64.713779 -70.989304 27.796504
-67.660988 -68.618039 26.712459
-72.021022 -62.547282 30.013494
-75.697409 -48.482995 43.809834
-75.009786 -47.386641 46.130666
-66.091033 -52.534058 53.592426
-53.703928 -71.007344 45.539491
5
90.538392 40.224282 13.594365
76.221714 61.402612 20.493159
74.885233 64.431609 15.516750
82.589080 55.846050 -7.762891
89.137169 45.065570 -4.864110
7
-93.008150 -0.134497 -36.735077
-92.586453 2.374896 -37.710855
-91.551783 16.851824 -36.527895
-92.067566 27.284911 -27.912310
-99.266443 3.918503 -11.437597
-99.074256 -0.483836 -13.566789
-95.110454 -3.217380 -30.718886
6
97.633023 19.993124 8.250322
95.713555 23.636002 16.740813
92.099728 34.187862 18.676995
90.538392 40.224282 13.594365
89.137169 45.065570 -4.864110
95.044847 23.818594 -19.978780
7
-68.104680 -21.981740 -69.846658
-87.754663 -18.350411 -44.298775
-89.991752 -31.453615 -30.201898
-83.689936 -45.538297 -30.368703
-67.830558 -42.262213 -60.107576
-66.949268 -34.445936 -65.812408
-67.174413 -22.540963 -70.565595
5
-2.208805 -94.552955 -32.478606
0.215408 -98.082819 -19.486257
19.747488 -97.005966 -14.137870
30.422863 -87.609624 -37.403250
15.012509 -87.957923 -45.144527
7
-31.313164 -83.328198 45.562015
-16.786068 -77.769899 60.581109
11.998731 -83.937757 53.013992
11.500943 -85.761240 50.127219
-11.096883 -94.897214 29.519113
-19.349936 -92.943406 31.418200
-27.740324 -89.241722 35.586366
6
-67.660988 -68.618039 26.712459
-74.299428 -66.372905 8.615825
-79.483105 -60.506817 4.621812
-83.818533 -53.425211 10.963588
-82.298882 -52.621997 21.396715
-72.021022 -62.547282 30.013494
4
0.845232 -81.345301 -58.156922
-8.336055 -75.297923 -65.274291
-17.598936 -74.846657 -63.939467
-15.364525 -84.813777 -50.700637
8
-1.412107 -50.485652 86.308777
-16.204506 -46.417804 87.079283
-19.243890 -36.899702 90.929009
-18.267056 -23.803555 95.392376
-13.202373 -21.282211 96.813041
9.522746 -27.200878 95.757138
11.590756 -31.471055 94.208424
9.482891 -44.655505 88.971685
6
13.322182 -98.299989 12.634543
25.399593 -94.367690 21.203769
45.227110 -88.082735 13.997869
46.925555 -87.651570 10.732873
29.297304 -95.415021 -6.135281
24.085560 -96.837465 -6.510849
7
-0.037937 -63.526812 -77.229157
17.975782 -47.874916 -85.935230
10.195983 -44.903232 -88.767909
-8.006084 -47.813889 -87.462762
-13.689215 -53.669896 -83.259520
-13.017684 -57.946990 -80.453007
-1.154782 -63.462347 -77.273520
5
73.820051 65.774628 -14.976595
64.821291 76.010355 -4.541610
44.696342 84.413463 -29.607504
44.335401 83.158069 -33.453067
58.074234 75.535772 -30.360014
7
78.497232 56.785421 -24.770961
89.921785 25.664920 -35.431406
94.883558 22.518940 -22.136119
95.044847 23.818594 -19.978780
89.137169 45.065570 -4.864110
82.589080 55.846050 -7.762891
78.299425 60.299920 -15.268256
5
-45.314977 56.877828 68.640117
-34.775364 60.259204 71.829676
-31.055850 45.738524 83.327796
-43.175189 30.179503 85.000592
-50.626822 39.586863 76.614654
5
66.101484 6.353557 -74.767814
66.255851 7.708136 -74.503335
34.472071 17.631788 -92.199763
38.357688 -8.973972 -91.913849
41.023025 -14.421931 -90.050648
6
92.099728 34.187862 18.676995
87.555021 36.947511 31.128761
84.699610 41.155914 33.647688
74.423133 59.507650 30.332109
76.221714 61.402612 20.493159
90.538392 40.224282 13.594365
6
-38.434100 -92.293529 2.173607
-30.392274 -95.242890 2.258655
-24.309006 -96.979389 -2.017501
-21.274005 -97.230636 -9.675751
-36.034404 -88.534717 -29.379000
-43.276558 -87.032911 -23.503445
7
79.524770 -7.036311 60.218778
83.778970 -1.948420 54.564529
87.160972 -2.052345 48.977064
86.796404 -17.824184 46.353885
77.910162 -36.229283 51.160978
74.215163 -36.015557 56.524236
69.261414 -29.019034 66.035992
6
91.304939 -40.111225 7.382253
83.672301 -49.295384 23.851859
84.493807 -43.188635 31.552154
89.231462 -33.421964 30.343343
97.009103 -18.725051 15.446888
96.017311 -27.331407 5.802596
6
61.258192 78.535975 8.918216
57.125876 81.341933 10.960120
51.188616 85.752182 5.127263
43.825387 86.197967 -25.480304
44.696342 84.413463 -29.607504
64.821291 76.010355 -4.541610
5
-88.265658 -45.830789 10.426528
-83.818533 -53.425211 10.963588
-79.483105 -60.506817 4.621812
-82.544949 -53.822860 -17.012675
-92.082164 -38.912161 -2.592072
5
10.195983 -44.903232 -88.767909
-1.841897 -28.816296 -95.740422
-3.293977 -28.577055 -95.773178
-6.663098 -29.629787 -95.276854
-8.006084 -47.813889 -87.462762
5
-15.255425 86.189520 -48.359474
-24.479601 91.522802 -32.005090
-38.980246 87.340053 -29.193417
-48.063732 74.492441 -46.268283
-33.065172 78.995558 -51.637159
5
-99.675178 7.203925 -3.600321
-97.397625 22.074047 5.141904
-96.960937 22.883790 8.654990
-97.356234 3.886639 22.509061
-98.232053 -12.378337 14.044237
5
68.430376 -62.312263 -37.874338
77.709217 -59.931255 -19.222963
84.768664 -45.898141 -26.601397
84.093962 -31.375414 -44.088422
70.209802 -50.910255 -49.786842
5
-81.213606 -0.224909 -58.346377
-92.586453 2.374896 -37.710855
-93.008150 -0.134497 -36.735077
-87.754663 -18.350411 -44.298775
-68.104680 -21.981740 -69.846658
8
-43.276558 -87.032911 -23.503445
-36.034404 -88.534717 -29.379000
-32.075219 -87.333691 -36.660696
-34.681474 -84.261048 -41.197951
-50.763204 -70.544198 -49.463250
-65.572250 -68.658440 -31.405390
-67.714424 -69.373073 -24.538411
-59.811566 -78.203022 -17.517531
6
20.424204 43.673796 -87.609654
43.591655 32.596685 -83.888162
48.101422 33.702985 -80.934307
47.620216 60.998723 -63.336173
41.661729 65.992901 -62.523894
11.787032 57.463302 -80.987868
5
-10.737047 61.423688 78.178298
-30.527330 65.859559 68.779362
-30.673350 68.929263 65.634612
-12.012525 83.251762 54.081821
0.018438 74.932717 66.219994
7
28.366723 -45.549407 -84.383532
37.124575 -32.382181 -87.023906
36.126997 -26.129246 -89.510349
18.556539 -20.521418 -96.096443
-1.841897 -28.816296 -95.740422
10.195983 -44.903232 -88.767909
17.975782 -47.874916 -85.935230
9
11.787032 57.463302 -80.987868
10.726602 57.591103 -81.044462
-14.496051 15.753209 -97.681630
-14.868886 13.550617 -97.955587
-3.089483 8.794956 -99.564571
0.373618 8.341405 -99.650797
9.888131 11.392635 -98.855616
22.240289 20.918707 -95.224877
20.424204 43.673796 -87.609654
6
-67.660988 -68.618039 26.712459
-64.713779 -70.989304 27.796504
-49.439235 -85.483474 15.758735
-49.479132 -85.663643 14.613549
-60.995973 -79.072356 -5.201319
-74.299428 -66.372905 8.615825
5
-73.552004 44.594219 -51.004493
-68.505686 60.381577 -40.755810
-75.003903 58.872467 -30.140458
-85.705428 37.465884 -35.367883
-78.113662 39.385389 -48.446331
8
-86.592817 -8.243630 49.332814
-90.038564 -22.049810 37.508170
-93.661735 -25.468592 24.058891
-97.539902 -17.695202 13.147145
-98.232053 -12.378337 14.044237
-97.356234 3.886639 22.509061
-95.877842 5.153956 27.944163
-87.633292 0.682312 48.165762
5
10.726602 57.591103 -81.044462
-3.367613 64.662852 -76.206133
-17.532819 61.645085 -76.762515
-24.928449 47.406658 -84.446321
-14.496051 15.753209 -97.681630
5
99.880509 -2.343770 4.288439
97.827794 -11.948853 16.939531
93.546151 1.856750 35.294052
95.713555 23.636002 16.740813
97.633023 19.993124 8.250322
5
-77.849883 32.853906 -53.479123
-83.097541 18.501448 -52.464227
-80.020830 15.096508 -58.041040
-71.533665 19.074472 -67.224247
-69.039447 28.426242 -66.524458
6
84.768664 -45.898141 -26.601397
95.515059 -25.171579 -15.596960
95.858390 -16.271364 -23.375454
88.776537 -18.791728 -42.019013
86.157036 -22.323435 -45.591988
84.093962 -31.375414 -44.088422
8
98.671788 -0.309533 -16.241379
95.858390 -16.271364 -23.375454
95.515059 -25.171579 -15.596960
95.535372 -26.746363 -12.554872
96.017311 -27.331407 5.802596
97.009103 -18.725051 15.446888
97.827794 -11.948853 16.939531
99.880509 -2.343770 4.288439
7
-67.174413 -22.540963 -70.565595
-66.949268 -34.445936 -65.812408
-38.614524 -52.702420 -75.705835
-34.941183 -44.512107 -82.448687
-38.968405 -16.935008 -90.524411
-45.306108 -7.612715 -88.822312
-52.013643 -9.562288 -84.871336
5
-4.944072 98.661798 -15.537235
4.804623 89.819053 -43.697291
26.338112 86.932160 -41.822283
15.383397 98.073050 -12.042752
-4.880727 98.672510 -15.489164
6
29.793968 -66.400288 -68.580765
31.258159 -63.644268 -70.514783
28.366723 -45.549407 -84.383532
17.975782 -47.874916 -85.935230
-0.037937 -63.526812 -77.229157
15.944434 -74.367646 -64.924789
6
-5.015712 85.699784 -51.287325
4.804623 89.819053 -43.697291
-4.944072 98.661798 -15.537235
-11.964075 98.193618 -14.658593
-24.479601 91.522802 -32.005090
-15.255425 86.189520 -48.359474
4
20.424204 43.673796 -87.609654
22.240289 20.918707 -95.224877
34.033924 18.152547 -92.261460
43.591655 32.596685 -83.888162
6
25.193904 2.641854 96.738244
43.899020 -8.154498 89.478378
44.497621 -18.000566 87.726515
41.041162 -22.194848 88.447791
15.943877 -18.314826 97.007010
14.347898 -4.539150 98.861185
4
96.017311 -27.331407 5.802596
95.535372 -26.746363 -12.554872
83.481644 -54.471206 -7.981403
91.304939 -40.111225 7.382253
5
-72.293375 68.128934 -11.494182
-78.291797 62.199796 -1.256927
-88.452367 46.547199 -3.088194
-90.946435 38.444045 -15.836707
-75.355338 62.558830 -20.198164
