200
6
57.470038 -77.170745 27.237308
45.911892 -79.143147 40.354188
45.337076 -73.178175 50.887172
45.625063 -72.915305 51.006979
65.569623 -59.365504 46.651491
68.209344 -62.273316 38.334314
5
-19.696673 96.850751 -15.230667
-29.085389 95.634712 2.835830
-32.250798 94.613496 2.858756
-43.090345 87.696051 -21.274980
-29.813618 89.194570 -33.992305
6
77.892384 31.115562 54.448126
73.305088 36.639175 57.305628
71.025672 51.511436 47.978389
76.485638 58.602222 26.753070
83.011696 49.149118 26.332919
85.758326 36.951173 35.778769
6
7.515376 99.685574 2.511061
21.808026 97.418288 -5.838417
40.544038 91.406415 -1.023882
40.081659 90.969484 10.863409
30.765734 93.372560 18.303954
6.971110 99.664927 4.278554
7
-41.570151 86.628799 27.701511
-39.465220 86.574310 30.779624
-41.584173 74.897932 51.585428
-43.048239 73.738777 52.052300
-57.570172 68.863102 44.085694
-59.535147 72.474797 34.683860
-53.634129 81.080542 23.437703
6
19.140541 47.411737 85.940485
22.622121 40.761958 88.468652
20.567501 32.905139 92.164146
-9.694126 11.205153 98.896251
-18.974995 23.179086 95.407964
-3.999861 51.703018 85.503211
6
94.537524 -0.884206 32.586419
91.135528 12.718442 39.147883
95.393791 24.384891 17.475747
95.435894 24.309201 17.350875
99.049667 3.109936 13.397455
94.551047 -0.909204 32.546473
6
7.176045 -54.915080 83.263668
3.067198 -42.730890 90.358527
28.397937 -34.470910 89.472418
30.242458 -36.556017 88.028696
25.698469 -61.842094 74.264017
25.336511 -62.229844 74.064214
5
73.241469 -10.024273 -67.343902
78.997627 2.681491 -61.255078
76.667580 33.599710 -54.709613
60.344112 26.454728 -75.224567
59.562075 10.270807 -79.667244
6
65.722349 -43.687119 -61.416680
54.422499 -49.513459 -67.724508
41.029577 -64.020770 -64.945476
40.871177 -73.793898 -53.702957
44.602442 -75.276941 -48.414918
66.745808 -62.146267 -41.022417
6
-47.985499 31.643186 81.829705
-40.972018 50.160002 76.192309
-12.494491 57.565178 80.809269
-3.999861 51.703018 85.503211
-18.974995 23.179086 95.407964
-40.109056 21.223653 89.111280
8
5.836828 99.676961 5.516790
-23.935233 96.873714 6.525962
-29.085389 95.634712 2.835830
-19.696673 96.850751 -15.230667
-8.781675 98.135924 -17.094520
6.247430 99.803320 -0.516682
7.515376 99.685574 2.511061
6.971110 99.664927 4.278554
5
-97.555019 2.014844 21.885123
-96.274600 0.495283 27.036198
-92.147833 -19.538579 33.571131
-95.876883 -27.158246 8.369769
-98.094100 -18.195036 6.818224
6
-55.552299 76.724105 -32.052359
-39.465415 80.084888 -45.043221
-26.958514 86.759076 -41.786376
-29.813618 89.194570 -33.992305
-43.090345 87.696051 -21.274980
-45.880007 86.321779 -21.061229
8
-39.465220 86.574310 30.779624
-41.570151 86.628799 27.701511
-33.283148 94.234438 3.478903
-32.250798 94.613496 2.858756
-29.085389 95.634712 2.835830
-23.935233 96.873714 6.525962
-18.270793 93.297373 31.012550
-19.265100 92.523719 32.683594
6
-54.013146 84.077387 3.684149
-53.584204 83.334822 -13.566151
-45.880007 86.321779 -21.061229
-43.090345 87.696051 -21.274980
-32.250798 94.613496 2.858756
-33.283148 94.234438 3.478903
7
5.693605 24.388664 -96.813098
-4.967429 25.747717 -96.500672
-23.436357 3.101179 -97.165425
-19.882421 -3.067277 -97.955506
-2.333936 -12.586093 -99.177331
16.540102 0.293932 -98.622201
20.326793 11.501825 -97.234405
7
95.259121 -1.435363 -30.391440
87.696478 11.055294 -46.766530
78.997627 2.681491 -61.255078
73.241469 -10.024273 -67.343902
73.261847 -10.382858 -67.267362
77.691159 -24.911335 -57.823086
87.061754 -25.297868 -42.193233
5
-61.110411 64.941458 45.256212
-57.570172 68.863102 44.085694
-43.048239 73.738777 52.052300
-44.016494 53.573410 72.058573
-63.941866 50.982610 57.551813
6
-83.511854 36.525290 41.129957
-73.854478 56.290872 37.105981
-61.110411 64.941458 45.256212
-63.941866 50.982610 57.551813
-77.580897 32.986505 53.787497
-82.942345 35.320458 43.278548
7
-39.443995 -54.293669 74.137499
-31.844162 -30.026586 89.913033
-7.892024 -39.378267 91.580937
-11.527189 -64.862837 75.232548
-13.083636 -66.887214 73.177312
-14.023647 -67.331488 72.593444
-38.798165 -58.580861 71.154657
6
16.095322 80.381387 57.269305
14.111821 82.013168 55.449949
16.321069 91.999353 35.633435
27.930618 90.004379 33.452837
37.392156 83.443227 40.485238
35.329931 78.337623 51.137197
6
-24.253812 3.121660 -96.963951
-44.870206 25.166802 -85.751366
-53.639476 24.873377 -80.648136
-63.134863 -10.606744 -76.821130
-63.061132 -10.659558 -76.874362
-52.384272 -11.838423 -84.354845
6
-97.555019 2.014844 21.885123
-98.094100 -18.195036 6.818224
-99.255603 -10.878194 -5.476336
-99.548739 4.924393 -8.111659
-98.777821 14.288027 6.228505
-98.086832 8.935731 17.295260
5
-69.690163 69.601723 -17.288182
-59.191064 80.192411 8.099085
-59.687999 79.695284 9.273860
-74.152915 65.686481 13.661315
-74.110390 63.373391 -22.168975
6
65.722349 -43.687119 -61.416680
77.691159 -24.911335 -57.823086
73.261847 -10.382858 -67.267362
40.578788 -22.662086 -88.542599
45.779854 -41.266897 -78.748004
54.422499 -49.513459 -67.724508
8
79.624523 14.009499 58.852946
59.604806 6.794913 80.006852
52.465634 13.677715 84.025456
63.199901 35.960567 68.648453
67.001477 38.660375 63.373318
73.305088 36.639175 57.305628
77.892384 31.115562 54.448126
80.624855 22.014867 54.908819
7
82.899217 -10.923564 54.848843
94.537524 -0.884206 32.586419
94.551047 -0.909204 32.546473
92.378167 -24.335155 29.564750
91.543085 -26.058329 30.672904
87.008280 -27.446311 40.942144
82.121200 -20.273492 53.339423
6
-6.035397 -87.544644 -47.953198
9.408392 -88.206839 -46.163143
19.743605 -84.154474 -50.281354
13.830139 -75.262207 -64.376451
4.662421 -73.770951 -67.350640
-14.884919 -82.322939 -54.784788
6
-43.083940 -2.452038 90.209543
-37.731495 -17.739460 90.893596
-59.308271 -20.484614 77.864687
-66.701711 -15.409569 72.893257
-75.961207 3.618010 64.936932
-74.294403 8.836759 66.349479
7
-74.110390 63.373391 -22.168975
-75.214249 60.542759 -26.026737
-63.008428 70.400607 -32.767248
-55.552299 76.724105 -32.052359
-45.880007 86.321779 -21.061229
-53.584204 83.334822 -13.566151
-69.690163 69.601723 -17.288182
5
82.121200 -20.273492 53.339423
87.008280 -27.446311 40.942144
80.275016 -42.512362 41.816515
68.763612 -48.696161 53.853965
80.141805 -22.405221 55.455361
7
6.971110 99.664927 4.278554
30.765734 93.372560 18.303954
27.930618 90.004379 33.452837
16.321069 91.999353 35.633435
12.600716 93.035277 34.433402
5.598908 99.561673 7.491695
5.836828 99.676961 5.516790
6
11.489075 68.550493 -71.894583
-10.562775 70.320690 -70.309518
-16.881954 52.860655 -83.191050
-12.669074 49.214633 -86.124413
16.521624 61.916226 -76.768593
15.732822 64.294832 -74.957674
6
-16.513563 87.765361 44.994929
-3.110735 87.568627 48.187747
0.278494 84.853248 52.913597
-7.122486 73.313711 67.634089
-12.502520 69.331333 70.970791
-25.529599 79.306105 55.306250
6
45.246769 86.672039 -20.992560
44.446052 89.401421 -5.651049
40.544038 91.406415 -1.023882
21.808026 97.418288 -5.838417
26.410699 90.776397 -32.590195
39.974663 87.476144 -27.385224
6
-23.436357 3.101179 -97.165425
-24.253812 3.121660 -96.963951
-52.384272 -11.838423 -84.354845
-30.569242 -36.489973 -87.943182
-22.798517 -37.156811 -89.997772
-19.882421 -3.067277 -97.955506
6
56.594911 51.918803 -64.042595
78.081006 38.000841 -49.591255
81.182589 40.012236 -42.525383
73.651703 55.289880 -38.967369
56.685927 64.771012 -50.906009
50.807663 64.074942 -57.558520
7
16.540102 0.293932 -98.622201
21.706149 -19.931033 -95.559390
26.879858 -25.493356 -92.884670
39.361670 -22.000230 -89.256086
38.864956 7.973837 -91.792882
34.019797 10.909120 -93.400453
20.326793 11.501825 -97.234405
6
60.116751 66.300484 44.611905
59.750800 69.529233 39.944057
65.311570 68.868164 31.489282
75.421307 60.642329 25.182024
76.485638 58.602222 26.753070
71.025672 51.511436 47.978389
5
-73.543304 -39.566131 55.008215
-76.157647 -33.278141 55.610954
-66.701711 -15.409569 72.893257
-59.308271 -20.484614 77.864687
-61.857288 -36.179812 69.747381
6
79.757845 -54.609264 25.622537
80.275016 -42.512362 41.816515
87.008280 -27.446311 40.942144
91.543085 -26.058329 30.672904
85.789617 -49.575948 13.504335
83.433873 -53.284403 14.126614
6
59.562075 10.270807 -79.667244
60.344112 26.454728 -75.224567
57.988287 30.030802 -75.733146
38.952138 39.629527 -83.139831
34.019797 10.909120 -93.400453
38.864956 7.973837 -91.792882
5
-9.102533 8.169843 99.249169
-9.694126 11.205153 98.896251
20.567501 32.905139 92.164146
22.378031 -2.299921 97.436821
20.412810 -4.989886 97.767163
4
-94.857329 -24.929070 -19.509708
-92.618441 -37.662893 1.825081
-88.158570 -47.200384 0.436238
-81.365318 -50.126572 -29.445065
4
-10.663733 -98.335398 -14.711705
-31.589804 -91.591259 -24.761371
-41.140928 -90.840629 -7.443400
-24.835533 -96.620136 6.909820
7
-38.798165 -58.580861 71.154657
-48.186413 -66.336020 57.250346
-53.352802 -66.474424 52.293686
-73.425249 -41.021783 54.092016
-73.543304 -39.566131 55.008215
-61.857288 -36.179812 69.747381
-39.443995 -54.293669 74.137499
6
-4.182389 -90.053609 43.276495
-24.090235 -90.894838 34.026298
-36.631317 -76.386673 53.134007
-6.976090 -84.105393 53.643425
-3.773862 -86.654693 49.766676
-3.515901 -89.567602 44.331514
7
34.941729 45.243100 -82.049604
56.284684 51.196690 -64.891704
56.594911 51.918803 -64.042595
50.807663 64.074942 -57.558520
47.646616 65.914755 -58.181141
25.920678 54.269017 -79.893631
27.610777 50.290045 -81.905777
6
17.784626 -96.481661 -19.364817
31.254596 -91.623626 -25.065144
23.237964 -83.822855 -49.332808
19.743605 -84.154474 -50.281354
9.408392 -88.206839 -46.163143
16.101945 -96.679705 -19.843436
5
99.049667 3.109936 13.397455
99.511641 0.562012 9.854816
98.294558 -16.235896 8.635717
92.378167 -24.335155 29.564750
94.551047 -0.909204 32.546473
5
58.753571 79.289448 16.161725
65.311570 68.868164 31.489282
59.750800 69.529233 39.944057
46.719147 81.091806 35.234080
52.100619 83.048229 19.710839
5
-73.091845 64.829268 21.324826
-59.535147 72.474797 34.683860
-57.570172 68.863102 44.085694
-61.110411 64.941458 45.256212
-73.854478 56.290872 37.105981
7
-86.916166 36.809673 33.024658
-88.080965 40.767589 24.077941
-85.255391 50.605831 13.060172
-74.753099 64.793651 14.620430
-73.091845 64.829268 21.324826
-73.854478 56.290872 37.105981
-83.511854 36.525290 41.129957
7
3.834586 89.715023 -44.005803
-8.781675 98.135924 -17.094520
-19.696673 96.850751 -15.230667
-29.813618 89.194570 -33.992305
-26.958514 86.759076 -41.786376
-15.995653 85.813977 -48.786273
3.221042 89.492542 -44.505166
6
-82.886400 -44.982490 33.262898
-76.033592 -62.937943 16.053295
-88.158570 -47.200384 0.436238
-92.618441 -37.662893 1.825081
-95.635802 -28.046511 8.196746
-87.243517 -37.087566 31.828937
6
-53.352802 -66.474424 52.293686
-57.488303 -71.720825 39.385509
-75.611222 -63.434485 16.093764
-76.033592 -62.937943 16.053295
-82.886400 -44.982490 33.262898
-73.425249 -41.021783 54.092016
7
3.834586 89.715023 -44.005803
3.221042 89.492542 -44.505166
11.489075 68.550493 -71.894583
15.732822 64.294832 -74.957674
32.579080 77.379118 -54.323804
18.325183 89.748821 -40.116541
11.228366 90.395280 -41.262782
6
40.060912 1.929247 91.604593
51.110972 13.774466 84.840631
52.465634 13.677715 84.025456
59.604806 6.794913 80.006852
60.962457 -2.411077 79.232351
49.991935 -13.023573 85.622386
7
44.602442 -75.276941 -48.414918
47.484523 -85.039349 -22.661184
52.081491 -83.449223 -17.992928
56.221914 -81.170692 -15.824510
62.345659 -76.220142 -17.421501
69.884997 -64.576193 -30.757152
66.745808 -62.146267 -41.022417
7
-63.134863 -10.606744 -76.821130
-66.270697 -10.507859 -74.147013
-82.585971 -14.912649 -54.379871
-79.513075 -37.200565 -47.893516
-64.738196 -48.906768 -58.455915
-55.815199 -36.802815 -74.365425
-63.061132 -10.659558 -76.874362
4
63.199901 35.960567 68.648453
52.465634 13.677715 84.025456
51.110972 13.774466 84.840631
27.828167 38.338316 88.066831
7
-10.734925 35.688234 -92.796074
-4.967429 25.747717 -96.500672
5.693605 24.388664 -96.813098
27.610777 50.290045 -81.905777
25.920678 54.269017 -79.893631
16.521624 61.916226 -76.768593
-12.669074 49.214633 -86.124413
7
-31.039662 -91.405385 26.107373
-45.679204 -83.949928 29.424819
-57.488303 -71.720825 39.385509
-53.352802 -66.474424 52.293686
-48.186413 -66.336020 57.250346
-36.631317 -76.386673 53.134007
-24.090235 -90.894838 34.026298
7
-73.425249 -41.021783 54.092016
-82.886400 -44.982490 33.262898
-87.243517 -37.087566 31.828937
-90.044190 -22.608615 37.160388
-84.196579 -19.584217 50.273199
-76.157647 -33.278141 55.610954
-73.543304 -39.566131 55.008215
5
-74.294403 8.836759 66.349479
-72.582207 20.845309 65.553767
-47.985499 31.643186 81.829705
-40.109056 21.223653 89.111280
-43.083940 -2.452038 90.209543
6
-59.191064 80.192411 8.099085
-54.013146 84.077387 3.684149
-33.283148 94.234438 3.478903
-41.570151 86.628799 27.701511
-53.634129 81.080542 23.437703
-59.687999 79.695284 9.273860
7
37.392156 83.443227 40.485238
46.719147 81.091806 35.234080
59.750800 69.529233 39.944057
60.116751 66.300484 44.611905
50.708157 65.738531 55.741621
36.230518 76.959973 52.578628
35.329931 78.337623 51.137197
6
79.757845 -54.609264 25.622537
83.433873 -53.284403 14.126614
80.964139 -57.737779 10.543103
58.310505 -79.263303 17.810497
57.470038 -77.170745 27.237308
68.209344 -62.273316 38.334314
6
-72.582207 20.845309 65.553767
-77.580897 32.986505 53.787497
-63.941866 50.982610 57.551813
-44.016494 53.573410 72.058573
-40.972018 50.160002 76.192309
-47.985499 31.643186 81.829705
6
-37.731495 -17.739460 90.893596
-35.170126 -19.701829 91.514481
-31.844162 -30.026586 89.913033
-39.443995 -54.293669 74.137499
-61.857288 -36.179812 69.747381
-59.308271 -20.484614 77.864687
5
23.710793 -89.363089 38.105597
28.271269 -73.588212 61.526502
45.337076 -73.178175 50.887172
45.911892 -79.143147 40.354188
28.931186 -89.868380 32.964539
7
29.095567 -95.317292 8.249955
23.822359 -97.080402 2.809047
2.372131 -99.692772 7.464870
-0.378933 -98.483324 17.346220
1.117079 -97.693462 21.324623
29.510861 -93.543692 19.459873
31.019134 -93.646858 16.373131
5
-44.198155 -46.823115 -76.512214
-30.569242 -36.489973 -87.943182
-52.384272 -11.838423 -84.354845
-63.061132 -10.659558 -76.874362
-55.815199 -36.802815 -74.365425
8
-16.068494 -41.614731 -89.498702
-22.798517 -37.156811 -89.997772
-30.569242 -36.489973 -87.943182
-44.198155 -46.823115 -76.512214
-39.532039 -72.454190 -56.458908
-36.547761 -74.869041 -55.307214
-35.585472 -75.005391 -55.748232
-12.407436 -54.328413 -83.033000
7
20.412810 -4.989886 97.767163
22.378031 -2.299921 97.436821
40.060912 1.929247 91.604593
49.991935 -13.023573 85.622386
49.826139 -13.979644 85.568250
26.857500 -23.960271 93.298339
19.862319 -11.263059 97.358265
8
-40.109056 21.223653 89.111280
-18.974995 23.179086 95.407964
-9.694126 11.205153 98.896251
-9.102533 8.169843 99.249169
-20.988535 -10.497677 97.207408
-35.170126 -19.701829 91.514481
-37.731495 -17.739460 90.893596
-43.083940 -2.452038 90.209543
6
56.572770 73.268802 -37.831262
47.333545 79.357326 -38.235460
42.049447 72.156617 -55.002424
47.646616 65.914755 -58.181141
50.807663 64.074942 -57.558520
56.685927 64.771012 -50.906009
7
95.393791 24.384891 17.475747
93.639324 28.799720 20.056250
87.948340 45.521667 13.887667
86.697550 49.712231 3.496968
93.720652 34.783496 -2.558874
95.504505 29.591037 -1.805579
95.435894 24.309201 17.350875
4
-9.157038 95.378509 28.619724
5.598908 99.561673 7.491695
12.600716 93.035277 34.433402
7.159232 92.895671 36.319964
5
84.704385 53.117029 1.936067
80.733947 58.600710 -6.927244
86.946894 43.911494 -22.627821
93.720652 34.783496 -2.558874
86.697550 49.712231 3.496968
6
-72.410331 26.974833 -63.475211
-84.320491 19.189589 -50.217671
-90.494977 2.991354 -42.446566
-88.991501 -5.472292 -45.283184
-82.585971 -14.912649 -54.379871
-66.270697 -10.507859 -74.147013
5
-25.529599 79.306105 55.306250
-41.584173 74.897932 51.585428
-39.465220 86.574310 30.779624
-19.265100 92.523719 32.683594
-16.513563 87.765361 44.994929
7
-75.375130 60.297687 -26.130035
-75.214249 60.542759 -26.026737
-74.110390 63.373391 -22.168975
-74.152915 65.686481 13.661315
-74.753099 64.793651 14.620430
-85.255391 50.605831 13.060172
-88.669761 45.997674 -4.678397
7
-88.991501 -5.472292 -45.283184
-95.721372 -18.446294 -22.296932
-94.857329 -24.929070 -19.509708
-81.365318 -50.126572 -29.445065
-80.637786 -50.528711 -30.731039
-79.513075 -37.200565 -47.893516
-82.585971 -14.912649 -54.379871
7
97.137090 21.624870 -9.836198
95.504505 29.591037 -1.805579
93.720652 34.783496 -2.558874
86.946894 43.911494 -22.627821
84.909038 36.899708 -37.800355
86.167699 34.688639 -37.038169
95.768131 18.050900 -22.419414
6
-88.991501 -5.472292 -45.283184
-90.494977 2.991354 -42.446566
-94.476333 11.070527 -30.849084
-99.548739 4.924393 -8.111659
-99.255603 -10.878194 -5.476336
-95.721372 -18.446294 -22.296932
8
24.244002 54.278704 80.411757
26.689174 55.513215 78.777985
50.537465 55.895497 65.739318
67.001477 38.660375 63.373318
63.199901 35.960567 68.648453
27.828167 38.338316 88.066831
22.622121 40.761958 88.468652
19.140541 47.411737 85.940485
5
66.709266 71.308372 -21.563626
45.246769 86.672039 -20.992560
39.974663 87.476144 -27.385224
47.333545 79.357326 -38.235460
56.572770 73.268802 -37.831262
5
-16.881954 52.860655 -83.191050
-10.562775 70.320690 -70.309518
-18.251256 79.659032 -57.630983
-40.371604 58.232387 -70.562900
-35.323266 55.756595 -75.123026
5
86.167699 34.688639 -37.038169
87.696478 11.055294 -46.766530
95.259121 -1.435363 -30.391440
96.676584 2.790337 -25.413620
95.768131 18.050900 -22.419414
7
-98.094100 -18.195036 6.818224
-95.876883 -27.158246 8.369769
-95.635802 -28.046511 8.196746
-92.618441 -37.662893 1.825081
-94.857329 -24.929070 -19.509708
-95.721372 -18.446294 -22.296932
-99.255603 -10.878194 -5.476336
6
41.029577 -64.020770 -64.945476
31.139029 -63.898657 -70.337205
13.830139 -75.262207 -64.376451
19.743605 -84.154474 -50.281354
23.237964 -83.822855 -49.332808
40.871177 -73.793898 -53.702957
7
80.733947 58.600710 -6.927244
71.807582 68.742769 -10.867512
68.003196 70.296882 -20.830596
73.651703 55.289880 -38.967369
81.182589 40.012236 -42.525383
84.909038 36.899708 -37.800355
86.946894 43.911494 -22.627821
6
-84.320491 19.189589 -50.217671
-76.715631 51.749817 -37.903410
-77.255929 52.865995 -35.166860
-93.770467 24.382174 -24.750941
-94.476333 11.070527 -30.849084
-90.494977 2.991354 -42.446566
6
7.515376 99.685574 2.511061
6.247430 99.803320 -0.516682
11.228366 90.395280 -41.262782
18.325183 89.748821 -40.116541
26.410699 90.776397 -32.590195
21.808026 97.418288 -5.838417
6
-53.639476 24.873377 -80.648136
-58.394680 32.993599 -74.171988
-68.417442 31.745119 -65.660499
-72.410331 26.974833 -63.475211
-66.270697 -10.507859 -74.147013
-63.134863 -10.606744 -76.821130
7
24.244002 54.278704 80.411757
19.140541 47.411737 85.940485
-3.999861 51.703018 85.503211
-12.494491 57.565178 80.809269
-12.502520 69.331333 70.970791
-7.122486 73.313711 67.634089
14.556368 76.106186 63.213611
7
64.309227 -27.370104 71.520631
64.769209 -49.488957 57.929204
51.407879 -53.558335 66.998021
51.128030 -53.456053 67.293202
48.253671 -35.857417 79.911381
55.894948 -28.699281 77.795283
63.376526 -26.779986 72.568921
6
-4.967429 25.747717 -96.500672
-10.734925 35.688234 -92.796074
-37.727100 32.542252 -86.704485
-44.870206 25.166802 -85.751366
-24.253812 3.121660 -96.963951
-23.436357 3.101179 -97.165425
6
52.100619 83.048229 19.710839
46.719147 81.091806 35.234080
37.392156 83.443227 40.485238
27.930618 90.004379 33.452837
30.765734 93.372560 18.303954
40.081659 90.969484 10.863409
6
97.601629 -20.285142 -7.901583
97.823568 -20.413503 3.719998
98.294558 -16.235896 8.635717
99.511641 0.562012 9.854816
99.846720 2.192647 5.081817
98.866431 -2.645583 -14.779371
8
-62.995113 -77.582982 -3.535056
-63.585518 -75.583782 -15.619659
-77.346747 -55.611943 -30.410401
-80.637786 -50.528711 -30.731039
-81.365318 -50.126572 -29.445065
-88.158570 -47.200384 0.436238
-76.033592 -62.937943 16.053295
-75.611222 -63.434485 16.093764
5
66.119239 -9.241055 74.450313
60.962457 -2.411077 79.232351
59.604806 6.794913 80.006852
79.624523 14.009499 58.852946
80.573710 -2.366944 59.180021
6
-39.898503 -81.277545 -42.450796
-36.547761 -74.869041 -55.307214
-39.532039 -72.454190 -56.458908
-41.133118 -71.675247 -56.309197
-77.346747 -55.611943 -30.410401
-63.585518 -75.583782 -15.619659
6
3.067198 -42.730890 90.358527
-5.721363 -39.150521 91.839549
5.243716 -18.732544 98.089731
19.862319 -11.263059 97.358265
26.857500 -23.960271 93.298339
28.397937 -34.470910 89.472418
5
65.061876 75.678622 6.300668
75.656689 62.197560 20.187346
75.421307 60.642329 25.182024
65.311570 68.868164 31.489282
58.753571 79.289448 16.161725
6
-19.265100 92.523719 32.683594
-18.270793 93.297373 31.012550
-9.157038 95.378509 28.619724
7.159232 92.895671 36.319964
-3.110735 87.568627 48.187747
-16.513563 87.765361 44.994929
9
25.336511 -62.229844 74.064214
25.698469 -61.842094 74.264017
51.128030 -53.456053 67.293202
51.407879 -53.558335 66.998021
45.625063 -72.915305 51.006979
45.337076 -73.178175 50.887172
28.271269 -73.588212 61.526502
23.901705 -71.119769 66.111171
23.419335 -67.803518 69.672216
5
-7.122486 73.313711 67.634089
0.278494 84.853248 52.913597
14.111821 82.013168 55.449949
16.095322 80.381387 57.269305
14.556368 76.106186 63.213611
6
-90.044190 -22.608615 37.160388
-92.147833 -19.538579 33.571131
-96.274600 0.495283 27.036198
-92.897644 3.624269 36.836020
-82.706464 -3.309470 56.113173
-84.196579 -19.584217 50.273199
6
97.137090 21.624870 -9.836198
99.846720 2.192647 5.081817
99.511641 0.562012 9.854816
99.049667 3.109936 13.397455
95.435894 24.309201 17.350875
95.504505 29.591037 -1.805579
5
52.081491 -83.449223 -17.992928
29.095567 -95.317292 8.249955
31.019134 -93.646858 16.373131
56.270964 -81.371149 14.571023
56.221914 -81.170692 -15.824510
7
-98.086832 8.935731 17.295260
-86.916166 36.809673 33.024658
-83.511854 36.525290 41.129957
-82.942345 35.320458 43.278548
-92.897644 3.624269 36.836020
-96.274600 0.495283 27.036198
-97.555019 2.014844 21.885123
5
-93.770467 24.382174 -24.750941
-77.255929 52.865995 -35.166860
-75.375130 60.297687 -26.130035
-88.669761 45.997674 -4.678397
-94.306274 32.626792 -6.466766
5
89.522022 -34.444027 -28.273957
89.149838 -36.367585 -27.013055
90.174967 -42.806700 6.005146
97.823568 -20.413503 3.719998
97.601629 -20.285142 -7.901583
4
69.884997 -64.576193 -30.757152
62.345659 -76.220142 -17.421501
78.902093 -61.436414 -0.163737
84.650929 -47.027974 -24.951750
4
-63.008428 70.400607 -32.767248
-48.459869 68.866608 -53.935437
-39.465415 80.084888 -45.043221
-55.552299 76.724105 -32.052359
4
57.988287 30.030802 -75.733146
56.284684 51.196690 -64.891704
34.941729 45.243100 -82.049604
38.952138 39.629527 -83.139831
5
-58.394680 32.993599 -74.171988
-45.236183 57.520464 -68.154853
-48.930577 60.049804 -63.244127
-72.207475 51.049262 -46.691043
-68.417442 31.745119 -65.660499
6
-4.182389 -90.053609 43.276495
-3.515901 -89.567602 44.331514
23.710793 -89.363089 38.105597
28.931186 -89.868380 32.964539
29.510861 -93.543692 19.459873
1.117079 -97.693462 21.324623
7
-74.294403 8.836759 66.349479
-75.961207 3.618010 64.936932
-82.706464 -3.309470 56.113173
-92.897644 3.624269 36.836020
-82.942345 35.320458 43.278548
-77.580897 32.986505 53.787497
-72.582207 20.845309 65.553767
4
83.011696 49.149118 26.332919
87.948340 45.521667 13.887667
93.639324 28.799720 20.056250
85.758326 36.951173 35.778769
5
-98.777821 14.288027 6.228505
-97.044696 23.921239 3.178242
-88.080965 40.767589 24.077941
-86.916166 36.809673 33.024658
-98.086832 8.935731 17.295260
5
20.412810 -4.989886 97.767163
19.862319 -11.263059 97.358265
5.243716 -18.732544 98.089731
-20.988535 -10.497677 97.207408
-9.102533 8.169843 99.249169
6
23.419335 -67.803518 69.672216
23.901705 -71.119769 66.111171
-3.773862 -86.654693 49.766676
-6.976090 -84.105393 53.643425
-14.023647 -67.331488 72.593444
-13.083636 -66.887214 73.177312
6
15.732822 64.294832 -74.957674
16.521624 61.916226 -76.768593
25.920678 54.269017 -79.893631
47.646616 65.914755 -58.181141
42.049447 72.156617 -55.002424
32.579080 77.379118 -54.323804
6
39.361670 -22.000230 -89.256086
40.578788 -22.662086 -88.542599
73.261847 -10.382858 -67.267362
73.241469 -10.024273 -67.343902
59.562075 10.270807 -79.667244
38.864956 7.973837 -91.792882
7
87.696478 11.055294 -46.766530
86.167699 34.688639 -37.038169
84.909038 36.899708 -37.800355
81.182589 40.012236 -42.525383
78.081006 38.000841 -49.591255
76.667580 33.599710 -54.709613
78.997627 2.681491 -61.255078
6
35.329931 78.337623 51.137197
36.230518 76.959973 52.578628
26.689174 55.513215 78.777985
24.244002 54.278704 80.411757
14.556368 76.106186 63.213611
16.095322 80.381387 57.269305
5
-39.532039 -72.454190 -56.458908
-44.198155 -46.823115 -76.512214
-55.815199 -36.802815 -74.365425
-64.738196 -48.906768 -58.455915
-41.133118 -71.675247 -56.309197
6
49.991935 -13.023573 85.622386
60.962457 -2.411077 79.232351
66.119239 -9.241055 74.450313
63.376526 -26.779986 72.568921
55.894948 -28.699281 77.795283
49.826139 -13.979644 85.568250
8
-48.930577 60.049804 -63.244127
-48.459869 68.866608 -53.935437
-63.008428 70.400607 -32.767248
-75.214249 60.542759 -26.026737
-75.375130 60.297687 -26.130035
-77.255929 52.865995 -35.166860
-76.715631 51.749817 -37.903410
-72.207475 51.049262 -46.691043
6
-59.687999 79.695284 9.273860
-53.634129 81.080542 23.437703
-59.535147 72.474797 34.683860
-73.091845 64.829268 21.324826
-74.753099 64.793651 14.620430
-74.152915 65.686481 13.661315
5
-10.734925 35.688234 -92.796074
-12.669074 49.214633 -86.124413
-16.881954 52.860655 -83.191050
-35.323266 55.756595 -75.123026
-37.727100 32.542252 -86.704485
5
-11.527189 -64.862837 75.232548
7.176045 -54.915080 83.263668
25.336511 -62.229844 74.064214
23.419335 -67.803518 69.672216
-13.083636 -66.887214 73.177312
6
-54.298487 -83.973893 0.244257
-29.599834 -93.858464 17.732414
-25.077443 -96.182691 10.954992
-24.835533 -96.620136 6.909820
-41.140928 -90.840629 -7.443400
-54.805456 -83.642070 -0.605050
5
-72.207475 51.049262 -46.691043
-76.715631 51.749817 -37.903410
-84.320491 19.189589 -50.217671
-72.410331 26.974833 -63.475211
-68.417442 31.745119 -65.660499
8
-45.236183 57.520464 -68.154853
-40.371604 58.232387 -70.562900
-18.251256 79.659032 -57.630983
-15.995653 85.813977 -48.786273
-26.958514 86.759076 -41.786376
-39.465415 80.084888 -45.043221
-48.459869 68.866608 -53.935437
-48.930577 60.049804 -63.244127
6
-54.805456 -83.642070 -0.605050
-41.140928 -90.840629 -7.443400
-31.589804 -91.591259 -24.761371
-39.898503 -81.277545 -42.450796
-63.585518 -75.583782 -15.619659
-62.995113 -77.582982 -3.535056
9
-31.589804 -91.591259 -24.761371
-10.663733 -98.335398 -14.711705
-7.146735 -98.558384 -15.335228
-5.602629 -98.455523 -16.586756
-6.035397 -87.544644 -47.953198
-14.884919 -82.322939 -54.784788
-35.585472 -75.005391 -55.748232
-36.547761 -74.869041 -55.307214
-39.898503 -81.277545 -42.450796
7
84.650929 -47.027974 -24.951750
78.902093 -61.436414 -0.163737
80.964139 -57.737779 10.543103
83.433873 -53.284403 14.126614
85.789617 -49.575948 13.504335
90.174967 -42.806700 6.005146
89.149838 -36.367585 -27.013055
6
30.242458 -36.556017 88.028696
28.397937 -34.470910 89.472418
26.857500 -23.960271 93.298339
49.826139 -13.979644 85.568250
55.894948 -28.699281 77.795283
48.253671 -35.857417 79.911381
4
51.128030 -53.456053 67.293202
25.698469 -61.842094 74.264017
30.242458 -36.556017 88.028696
48.253671 -35.857417 79.911381
6
52.081491 -83.449223 -17.992928
47.484523 -85.039349 -22.661184
31.254596 -91.623626 -25.065144
17.784626 -96.481661 -19.364817
23.822359 -97.080402 2.809047
29.095567 -95.317292 8.249955
5
80.141805 -22.405221 55.455361
68.763612 -48.696161 53.853965
66.878487 -50.309960 54.737335
64.769209 -49.488957 57.929204
64.309227 -27.370104 71.520631
7
-44.870206 25.166802 -85.751366
-37.727100 32.542252 -86.704485
-35.323266 55.756595 -75.123026
-40.371604 58.232387 -70.562900
-45.236183 57.520464 -68.154853
-58.394680 32.993599 -74.171988
-53.639476 24.873377 -80.648136
6
50.537465 55.895497 65.739318
50.708157 65.738531 55.741621
60.116751 66.300484 44.611905
71.025672 51.511436 47.978389
73.305088 36.639175 57.305628
67.001477 38.660375 63.373318
5
3.293617 -59.666956 -80.181085
4.662421 -73.770951 -67.350640
13.830139 -75.262207 -64.376451
31.139029 -63.898657 -70.337205
18.129654 -53.995889 -82.193428
6
44.446052 89.401421 -5.651049
45.246769 86.672039 -20.992560
66.709266 71.308372 -21.563626
68.003196 70.296882 -20.830596
71.807582 68.742769 -10.867512
65.284674 75.689449 3.003098
6
90.174967 -42.806700 6.005146
85.789617 -49.575948 13.504335
91.543085 -26.058329 30.672904
92.378167 -24.335155 29.564750
98.294558 -16.235896 8.635717
97.823568 -20.413503 3.719998
6
80.573710 -2.366944 59.180021
79.624523 14.009499 58.852946
80.624855 22.014867 54.908819
91.135528 12.718442 39.147883
94.537524 -0.884206 32.586419
82.899217 -10.923564 54.848843
6
5.243716 -18.732544 98.089731
-5.721363 -39.150521 91.839549
-7.892024 -39.378267 91.580937
-31.844162 -30.026586 89.913033
-35.170126 -19.701829 91.514481
-20.988535 -10.497677 97.207408
6
-25.077443 -96.182691 10.954992
-0.378933 -98.483324 17.346220
2.372131 -99.692772 7.464870
-7.146735 -98.558384 -15.335228
-10.663733 -98.335398 -14.711705
-24.835533 -96.620136 6.909820
5
-66.701711 -15.409569 72.893257
-76.157647 -33.278141 55.610954
-84.196579 -19.584217 50.273199
-82.706464 -3.309470 56.113173
-75.961207 3.618010 64.936932
6
-3.110735 87.568627 48.187747
7.159232 92.895671 36.319964
12.600716 93.035277 34.433402
16.321069 91.999353 35.633435
14.111821 82.013168 55.449949
0.278494 84.853248 52.913597
6
-94.306274 32.626792 -6.466766
-97.044696 23.921239 3.178242
-98.777821 14.288027 6.228505
-99.548739 4.924393 -8.111659
-94.476333 11.070527 -30.849084
-93.770467 24.382174 -24.750941
6
98.866431 -2.645583 -14.779371
96.676584 2.790337 -25.413620
95.259121 -1.435363 -30.391440
87.061754 -25.297868 -42.193233
89.522022 -34.444027 -28.273957
97.601629 -20.285142 -7.901583
7
-16.068494 -41.614731 -89.498702
-12.407436 -54.328413 -83.033000
3.293617 -59.666956 -80.181085
18.129654 -53.995889 -82.193428
19.024077 -51.155744 -83.792448
0.470180 -34.242333 -93.953401
-1.614244 -33.666259 -94.148697
5
-80.637786 -50.528711 -30.731039
-77.346747 -55.611943 -30.410401
-41.133118 -71.675247 -56.309197
-64.738196 -48.906768 -58.455915
-79.513075 -37.200565 -47.893516
5
-88.669761 45.997674 -4.678397
-85.255391 50.605831 13.060172
-88.080965 40.767589 24.077941
-97.044696 23.921239 3.178242
-94.306274 32.626792 -6.466766
4
50.537465 55.895497 65.739318
26.689174 55.513215 78.777985
36.230518 76.959973 52.578628
50.708157 65.738531 55.741621
5
-87.243517 -37.087566 31.828937
-95.635802 -28.046511 8.196746
-95.876883 -27.158246 8.369769
-92.147833 -19.538579 33.571131
-90.044190 -22.608615 37.160388
5
66.878487 -50.309960 54.737335
65.569623 -59.365504 46.651491
45.625063 -72.915305 51.006979
51.407879 -53.558335 66.998021
64.769209 -49.488957 57.929204
4
-69.690163 69.601723 -17.288182
-53.584204 83.334822 -13.566151
-54.013146 84.077387 3.684149
-59.191064 80.192411 8.099085
5
73.651703 55.289880 -38.967369
68.003196 70.296882 -20.830596
66.709266 71.308372 -21.563626
56.572770 73.268802 -37.831262
56.685927 64.771012 -50.906009
5
5.836828 99.676961 5.516790
5.598908 99.561673 7.491695
-9.157038 95.378509 28.619724
-18.270793 93.297373 31.012550
-23.935233 96.873714 6.525962
5
-11.527189 -64.862837 75.232548
-7.892024 -39.378267 91.580937
-5.721363 -39.150521 91.839549
3.067198 -42.730890 90.358527
7.176045 -54.915080 83.263668
5
3.221042 89.492542 -44.505166
-15.995653 85.813977 -48.786273
-18.251256 79.659032 -57.630983
-10.562775 70.320690 -70.309518
11.489075 68.550493 -71.894583
7
-12.494491 57.565178 80.809269
-40.972018 50.160002 76.192309
-44.016494 53.573410 72.058573
-43.048239 73.738777 52.052300
-41.584173 74.897932 51.585428
-25.529599 79.306105 55.306250
-12.502520 69.331333 70.970791
6
-19.882421 -3.067277 -97.955506
-22.798517 -37.156811 -89.997772
-16.068494 -41.614731 -89.498702
-1.614244 -33.666259 -94.148697
0.525256 -19.721468 -98.034625
-2.333936 -12.586093 -99.177331
7
28.931186 -89.868380 32.964539
45.911892 -79.143147 40.354188
57.470038 -77.170745 27.237308
58.310505 -79.263303 17.810497
56.270964 -81.371149 14.571023
31.019134 -93.646858 16.373131
29.510861 -93.543692 19.459873
4
11.228366 90.395280 -41.262782
6.247430 99.803320 -0.516682
-8.781675 98.135924 -17.094520
3.834586 89.715023 -44.005803
7
86.697550 49.712231 3.496968
87.948340 45.521667 13.887667
83.011696 49.149118 26.332919
76.485638 58.602222 26.753070
75.421307 60.642329 25.182024
75.656689 62.197560 20.187346
84.704385 53.117029 1.936067
4
19.024077 -51.155744 -83.792448
22.140666 -47.172579 -85.349509
24.736323 -28.937201 -92.470280
0.470180 -34.242333 -93.953401
7
80.141805 -22.405221 55.455361
64.309227 -27.370104 71.520631
63.376526 -26.779986 72.568921
66.119239 -9.241055 74.450313
80.573710 -2.366944 59.180021
82.899217 -10.923564 54.848843
82.121200 -20.273492 53.339423
6
91.135528 12.718442 39.147883
80.624855 22.014867 54.908819
77.892384 31.115562 54.448126
85.758326 36.951173 35.778769
93.639324 28.799720 20.056250
95.393791 24.384891 17.475747
8
66.745808 -62.146267 -41.022417
69.884997 -64.576193 -30.757152
84.650929 -47.027974 -24.951750
89.149838 -36.367585 -27.013055
89.522022 -34.444027 -28.273957
87.061754 -25.297868 -42.193233
77.691159 -24.911335 -57.823086
65.722349 -43.687119 -61.416680
6
-62.995113 -77.582982 -3.535056
-75.611222 -63.434485 16.093764
-57.488303 -71.720825 39.385509
-45.679204 -83.949928 29.424819
-54.298487 -83.973893 0.244257
-54.805456 -83.642070 -0.605050
5
-3.515901 -89.567602 44.331514
-3.773862 -86.654693 49.766676
23.901705 -71.119769 66.111171
28.271269 -73.588212 61.526502
23.710793 -89.363089 38.105597
6
0.470180 -34.242333 -93.953401
24.736323 -28.937201 -92.470280
26.879858 -25.493356 -92.884670
21.706149 -19.931033 -95.559390
0.525256 -19.721468 -98.034625
-1.614244 -33.666259 -94.148697
6
32.579080 77.379118 -54.323804
42.049447 72.156617 -55.002424
47.333545 79.357326 -38.235460
39.974663 87.476144 -27.385224
26.410699 90.776397 -32.590195
18.325183 89.748821 -40.116541
5
99.846720 2.192647 5.081817
97.137090 21.624870 -9.836198
95.768131 18.050900 -22.419414
96.676584 2.790337 -25.413620
98.866431 -2.645583 -14.779371
4
-45.679204 -83.949928 29.424819
-31.039662 -91.405385 26.107373
-29.599834 -93.858464 17.732414
-54.298487 -83.973893 0.244257
5
-14.884919 -82.322939 -54.784788
4.662421 -73.770951 -67.350640
3.293617 -59.666956 -80.181085
-12.407436 -54.328413 -83.033000
-35.585472 -75.005391 -55.748232
4
-2.333936 -12.586093 -99.177331
0.525256 -19.721468 -98.034625
21.706149 -19.931033 -95.559390
16.540102 0.293932 -98.622201
6
84.704385 53.117029 1.936067
75.656689 62.197560 20.187346
65.061876 75.678622 6.300668
65.284674 75.689449 3.003098
71.807582 68.742769 -10.867512
80.733947 58.600710 -6.927244
6
45.779854 -41.266897 -78.748004
40.578788 -22.662086 -88.542599
39.361670 -22.000230 -89.256086
26.879858 -25.493356 -92.884670
24.736323 -28.937201 -92.470280
22.140666 -47.172579 -85.349509
6
20.326793 11.501825 -97.234405
34.019797 10.909120 -93.400453
38.952138 39.629527 -83.139831
34.941729 45.243100 -82.049604
27.610777 50.290045 -81.905777
5.693605 24.388664 -96.813098
6
20.567501 32.905139 92.164146
22.622121 40.761958 88.468652
27.828167 38.338316 88.066831
51.110972 13.774466 84.840631
40.060912 1.929247 91.604593
22.378031 -2.299921 97.436821
6
60.344112 26.454728 -75.224567
76.667580 33.599710 -54.709613
78.081006 38.000841 -49.591255
56.594911 51.918803 -64.042595
56.284684 51.196690 -64.891704
57.988287 30.030802 -75.733146
6
66.878487 -50.309960 54.737335
68.763612 -48.696161 53.853965
80.275016 -42.512362 41.816515
79.757845 -54.609264 25.622537
68.209344 -62.273316 38.334314
65.569623 -59.365504 46.651491
4
9.408392 -88.206839 -46.163143
-6.035397 -87.544644 -47.953198
-5.602629 -98.455523 -16.586756
16.101945 -96.679705 -19.843436
6
2.372131 -99.692772 7.464870
23.822359 -97.080402 2.809047
17.784626 -96.481661 -19.364817
16.101945 -96.679705 -19.843436
-5.602629 -98.455523 -16.586756
-7.146735 -98.558384 -15.335228
5
31.254596 -91.623626 -25.065144
47.484523 -85.039349 -22.661184
44.602442 -75.276941 -48.414918
40.871177 -73.793898 -53.702957
23.237964 -83.822855 -49.332808
5
-38.798165 -58.580861 71.154657
-14.023647 -67.331488 72.593444
-6.976090 -84.105393 53.643425
-36.631317 -76.386673 53.134007
-48.186413 -66.336020 57.250346
7
40.544038 91.406415 -1.023882
44.446052 89.401421 -5.651049
65.284674 75.689449 3.003098
65.061876 75.678622 6.300668
58.753571 79.289448 16.161725
52.100619 83.048229 19.710839
40.081659 90.969484 10.863409
7
-25.077443 -96.182691 10.954992
-29.599834 -93.858464 17.732414
-31.039662 -91.405385 26.107373
-24.090235 -90.894838 34.026298
-4.182389 -90.053609 43.276495
1.117079 -97.693462 21.324623
-0.378933 -98.483324 17.346220
6
56.270964 -81.371149 14.571023
58.310505 -79.263303 17.810497
80.964139 -57.737779 10.543103
78.902093 -61.436414 -0.163737
62.345659 -76.220142 -17.421501
56.221914 -81.170692 -15.824510
7
54.422499 -49.513459 -67.724508
45.779854 -41.266897 -78.748004
22.140666 -47.172579 -85.349509
19.024077 -51.155744 -83.792448
18.129654 -53.995889 -82.193428
31.139029 -63.898657 -70.337205
41.029577 -64.020770 -64.945476
