200
6
-81.700776 39.078164 -42.401419
-83.063993 35.015517 -43.293032
-79.846729 19.788115 -56.858864
-70.188396 18.744092 -68.718615
-65.108744 23.686461 -72.109660
-61.577133 45.241581 -64.509349
5
-7.997050 83.052967 -55.120339
28.083703 70.747184 -64.854773
41.690324 77.725874 -47.123300
12.428260 93.101082 -34.318025
-2.662293 93.077733 -36.461594
6
-18.671194 78.323965 -59.302133
-20.173947 69.239049 -69.274570
17.600016 53.962262 -82.330515
26.305722 54.554233 -79.572889
28.083703 70.747184 -64.854773
-7.997050 83.052967 -55.120339
6
-85.169046 -15.047695 50.197614
-83.514999 -12.140177 53.645700
-78.055073 -11.353707 61.469496
-64.559705 -26.947831 71.455293
-70.321731 -35.306112 61.711689
-82.896453 -31.957739 45.900774
7
51.144980 84.804399 13.871011
33.263386 91.328970 23.506729
24.194978 95.186022 18.820845
20.304546 97.284620 11.109822
20.386826 97.804632 -4.316390
43.196139 88.695896 -16.344164
46.204899 87.068024 -16.860203
6
52.692965 -76.025839 37.993726
40.410721 -80.133160 44.109526
33.742829 -79.020999 51.157631
33.783162 -78.762074 51.528960
57.300122 -58.806858 57.082829
60.224510 -67.860443 42.047219
7
-99.815163 -1.636287 -5.852841
-96.369752 -8.381119 -25.350101
-93.851500 -5.112027 -34.143272
-93.204087 6.588380 -35.631327
-93.566082 13.320524 -32.679534
-97.433866 17.248871 -14.460923
-99.842685 1.614763 -5.369437
5
-8.211675 34.689650 -93.430169
-25.642874 19.526020 -94.663496
-1.957309 5.725967 -99.816743
6.990086 8.600979 -99.383912
11.383434 14.223232 -98.326584
5
-16.473031 95.252758 -25.603738
-4.386683 94.138707 -33.446388
4.650948 99.358890 -10.304354
-3.252648 99.920247 -2.316155
-19.744210 96.222060 -18.747836
6
-77.982245 -54.668474 30.497990
-84.529055 -50.356442 17.862464
-90.323462 -39.497148 16.782358
-90.519771 -38.936594 17.032695
-90.500333 -38.761501 17.528143
-81.995571 -43.929435 36.700559
9
26.305722 54.554233 -79.572889
17.600016 53.962262 -82.330515
-4.905849 42.923159 -90.186114
-7.713091 37.967863 -92.189748
-8.211675 34.689650 -93.430169
11.383434 14.223232 -98.326584
26.371086 17.615269 -94.838115
35.126970 40.652481 -84.341400
35.136305 42.745817 -83.296070
6
-85.631796 49.789721 13.717842
-66.842115 74.271392 3.986484
-59.436150 79.770212 10.200850
-59.280272 79.590597 12.295781
-66.741344 70.493177 24.006352
-78.038002 58.356130 22.464025
5
12.076191 -74.087141 -66.070123
-2.629088 -70.851350 -70.520735
-10.196371 -83.100811 -54.683538
1.218772 -90.446962 -42.636389
19.366005 -85.132566 -48.758631
5
57.568065 -78.129723 24.117717
49.622778 -83.774341 22.791219
42.243531 -85.912371 28.888555
40.410721 -80.133160 44.109526
52.692965 -76.025839 37.993726
5
-94.274334 -30.082348 -14.401466
-83.666143 -51.785793 -17.838392
-82.603010 -50.874358 -24.259894
-86.724825 -31.814810 -38.296509
-94.184318 -29.581423 -15.945330
6
19.366005 -85.132566 -48.758631
30.492650 -84.128512 -44.638457
38.695827 -77.273468 -50.313459
31.163269 -60.783219 -73.035956
18.191283 -66.981842 -71.989653
12.076191 -74.087141 -66.070123
5
-85.082308 41.773850 -31.873912
-81.783153 40.121165 -41.252975
-66.573172 66.387174 -34.069867
-73.535103 66.209443 -14.453313
-84.246119 53.239595 -8.254507
5
-55.474363 19.160707 -80.965810
-52.852922 6.886311 -84.611745
-33.645940 2.186595 -94.144408
-26.771418 19.084667 -94.440810
-40.468934 32.636021 -85.423390
5
56.703560 40.955538 -71.465728
67.367150 23.854610 -69.947299
75.272444 21.428523 -62.248514
74.050942 44.687448 -50.194521
67.830562 50.705335 -53.178791
6
-81.995571 -43.929435 36.700559
-81.851671 -43.140191 37.937158
-67.927671 -52.918063 50.847912
-66.999914 -66.016303 33.953781
-67.962574 -66.150390 31.705118
-77.982245 -54.668474 30.497990
4
-97.818950 -13.431071 15.844856
-95.914136 -27.591221 6.261225
-95.995654 -27.245072 -6.522300
-99.819856 -2.348445 -5.520982
5
-40.204133 83.696173 37.129211
-60.887478 69.780443 37.728037
-66.741344 70.493177 24.006352
-59.280272 79.590597 12.295781
-40.589742 85.969993 31.010210
6
67.294624 -3.092164 73.904479
66.890559 -4.363008 74.206585
63.321718 -4.437815 77.270084
42.794270 5.460471 90.215485
51.272139 29.394983 80.666615
58.789041 29.348441 75.382476
7
64.928716 71.146250 26.878859
63.121069 74.866331 20.267291
80.110080 59.606416 -5.426810
86.094178 50.812738 -2.420354
88.067549 45.540333 13.045491
85.653411 45.815868 23.757090
68.412650 64.795390 33.485322
4
63.911421 -34.153811 68.911882
75.527062 -42.721371 49.704601
57.912860 -57.303224 57.986561
44.225418 -47.412613 76.132493
4
27.819615 -57.402267 77.013302
33.041734 -78.078450 53.028289
10.338630 -75.898380 64.284902
21.232735 -57.666091 78.891019
7
41.690324 77.725874 -47.123300
51.891918 76.587408 -37.968378
52.510506 77.045843 -36.146713
46.204899 87.068024 -16.860203
43.196139 88.695896 -16.344164
18.029908 95.491112 -23.587497
12.428260 93.101082 -34.318025
5
-2.120857 4.466578 99.877683
-16.833094 19.575456 96.609774
1.139584 39.211955 91.984368
1.593921 38.272367 92.372536
-0.418311 6.723715 99.772825
6
-93.851500 -5.112027 -34.143272
-85.027037 -23.013895 -47.336705
-80.612894 -20.305794 -55.580897
-77.135318 -11.658922 -62.563666
-83.732214 6.365415 -54.299152
-93.204087 6.588380 -35.631327
7
26.610763 -2.208859 96.369021
34.660518 -1.550505 93.788296
41.504519 -23.613767 87.862192
39.230423 -30.911299 86.634090
25.280566 -28.533932 92.448405
17.476744 -15.383207 97.251840
17.761803 -9.867830 97.913964
7
4.650948 99.358890 -10.304354
12.247394 98.727674 -10.141390
20.386826 97.804632 -4.316390
20.304546 97.284620 11.109822
-2.929923 99.823354 5.168523
-4.436093 99.884512 1.845335
-3.252648 99.920247 -2.316155
7
-58.524012 -26.136819 76.758105
-64.559705 -26.947831 71.455293
-78.055073 -11.353707 61.469496
-76.698476 3.871413 64.049637
-73.029496 9.029787 67.713778
-58.528108 13.587619 79.936457
-48.828070 9.816230 86.714827
4
-53.638553 -76.723247 -35.163176
-51.359519 -85.575965 -6.241312
-47.084360 -87.981749 -6.501919
-33.250136 -91.044887 -24.601970
6
-44.907982 78.873013 -41.980007
-18.671194 78.323965 -59.302133
-7.997050 83.052967 -55.120339
-2.662293 93.077733 -36.461594
-4.386683 94.138707 -33.446388
-16.473031 95.252758 -25.603738
6
57.300122 -58.806858 57.082829
57.912860 -57.303224 57.986561
75.527062 -42.721371 49.704601
80.550852 -39.418527 44.246356
69.863729 -64.370672 31.232611
60.224510 -67.860443 42.047219
6
-66.467138 -45.788351 -59.038517
-65.046744 -40.622231 -64.177531
-80.612894 -20.305794 -55.580897
-85.027037 -23.013895 -47.336705
-85.673480 -30.655073 -41.476756
-75.049164 -48.708841 -44.666227
5
95.171985 -30.251828 -5.207713
93.083338 -30.796758 19.673635
91.215995 -24.971956 32.496824
92.972466 -17.157047 32.584601
99.621464 8.622828 -1.100349
6
-44.393925 13.562669 88.573322
-44.205331 14.421129 88.532027
-11.809968 42.681660 89.659358
1.040630 41.805624 90.836154
1.139584 39.211955 91.984368
-16.833094 19.575456 96.609774
7
-4.871441 -68.794243 -72.412852
-2.629088 -70.851350 -70.520735
12.076191 -74.087141 -66.070123
18.191283 -66.981842 -71.989653
7.502242 -52.164922 -84.985512
2.924210 -50.741005 -86.120842
-4.707830 -59.034045 -80.578023
5
-23.783884 -91.955025 -31.282587
-5.458173 -94.405369 -32.524369
1.218772 -90.446962 -42.636389
-10.196371 -83.100811 -54.683538
-35.328770 -74.596315 -56.455893
6
-31.200747 81.877576 48.193110
-17.433858 72.554785 66.572244
-38.360569 59.094048 70.967318
-46.706124 60.051388 64.902765
-47.490612 67.733657 56.185350
-34.711742 81.594071 46.233132
8
-55.208117 50.776771 -66.134585
-41.178739 49.198132 -76.706292
-24.267171 62.724067 -74.005377
-20.173947 69.239049 -69.274570
-18.671194 78.323965 -59.302133
-44.907982 78.873013 -41.980007
-46.867503 78.219696 -41.050168
-51.504997 74.433474 -42.507567
5
-44.418009 89.132996 -9.074668
-59.436150 79.770212 10.200850
-66.842115 74.271392 3.986484
-72.119035 68.111454 -12.636242
-46.299594 87.604231 -13.485042
7
-88.401713 45.320566 11.453533
-85.631796 49.789721 13.717842
-78.038002 58.356130 22.464025
-68.804580 54.849375 47.512902
-71.363547 43.193865 55.150106
-82.849839 31.944981 45.993721
-88.040695 27.986307 38.283189
5
96.341315 14.107256 22.788951
94.202816 25.469315 21.843615
94.640477 29.632782 12.848282
96.783689 25.059636 2.220857
98.958370 14.394744 0.179630
6
7.038187 -93.296702 35.301407
18.408700 -93.344698 30.787775
8.961225 -98.228209 16.459509
-3.777881 -98.973241 13.784961
-6.533855 -97.642399 20.573543
-4.859995 -96.645790 25.218480
4
83.131243 -22.764842 -50.704619
66.906826 -11.400570 -73.440477
59.554928 -21.151173 -77.497345
70.128884 -39.875553 -59.092131
8
71.843458 -69.125272 -7.759786
72.569526 -67.089667 -15.252557
70.895145 -67.860038 -19.206606
69.324998 -68.963332 -20.930923
57.538573 -78.812004 -21.862770
41.065585 -90.749575 -8.839244
44.952618 -89.301579 2.119002
66.388753 -74.631473 4.762010
8
-48.828070 9.816230 86.714827
-58.528108 13.587619 79.936457
-69.645687 42.875217 57.542976
-59.219895 47.986135 64.732796
-42.680414 36.979372 82.528228
-44.205331 14.421129 88.532027
-44.393925 13.562669 88.573322
-45.681211 11.328814 88.231995
7
-9.958113 -87.520047 47.340019
-23.995858 -77.458429 58.518293
-21.672993 -75.977748 61.299781
-18.690290 -75.191093 63.221615
0.212591 -78.399821 62.075945
13.616284 -86.140950 48.931928
5.126554 -90.188494 42.892354
5
-93.204087 6.588380 -35.631327
-83.732214 6.365415 -54.299152
-79.846729 19.788115 -56.858864
-83.063993 35.015517 -43.293032
-93.566082 13.320524 -32.679534
6
66.388753 -74.631473 4.762010
44.952618 -89.301579 2.119002
42.868280 -90.092833 6.752188
49.622778 -83.774341 22.791219
57.568065 -78.129723 24.117717
66.401441 -72.698650 17.485848
6
-51.801546 -83.054899 20.456871
-36.317215 -88.617629 28.774566
-32.886380 -94.319948 4.715233
-47.084360 -87.981749 -6.501919
-51.359519 -85.575965 -6.241312
-58.261661 -81.260491 -1.520333
6
92.561287 -21.283356 -31.295798
92.111464 -21.564726 -32.410505
77.584063 -54.070267 -32.513372
70.895145 -67.860038 -19.206606
72.569526 -67.089667 -15.252557
94.782796 -30.821418 -8.140130
7
-59.219895 47.986135 64.732796
-69.645687 42.875217 57.542976
-71.363547 43.193865 55.150106
-68.804580 54.849375 47.512902
-63.194750 62.807241 45.405662
-47.490612 67.733657 56.185350
-46.706124 60.051388 64.902765
7
-91.750121 -24.872243 31.036863
-90.500333 -38.761501 17.528143
-90.519771 -38.936594 17.032695
-95.914136 -27.591221 6.261225
-97.818950 -13.431071 15.844856
-95.743026 -8.283686 27.652368
-95.063223 -10.611260 29.161358
7
-40.970354 -35.382104 -84.080538
-64.677384 -9.570434 -75.665334
-70.553622 -8.233761 -70.387439
-77.135318 -11.658922 -62.563666
-80.612894 -20.305794 -55.580897
-65.046744 -40.622231 -64.177531
-41.905116 -39.238408 -81.879842
7
27.819615 -57.402267 77.013302
42.011245 -46.876560 77.702275
44.225418 -47.412613 76.132493
57.912860 -57.303224 57.986561
57.300122 -58.806858 57.082829
33.783162 -78.762074 51.528960
33.041734 -78.078450 53.028289
8
34.731914 -23.015621 -90.906410
23.918657 -23.511744 -94.207726
-0.301113 -38.436959 -92.317439
2.924210 -50.741005 -86.120842
7.502242 -52.164922 -84.985512
38.907636 -45.973921 -79.828532
39.846523 -45.010915 -79.914155
36.471651 -24.610466 -89.800577
8
-28.923964 -92.110021 -26.060475
-23.783884 -91.955025 -31.282587
-35.328770 -74.596315 -56.455893
-39.217511 -70.728720 -58.816961
-43.754021 -70.836043 -55.388091
-53.866427 -76.369505 -35.582394
-53.638553 -76.723247 -35.163176
-33.250136 -91.044887 -24.601970
7
-72.841857 -57.815222 -36.762262
-82.603010 -50.874358 -24.259894
-83.666143 -51.785793 -17.838392
-79.378466 -60.544387 -5.782423
-73.981389 -67.236933 -2.439029
-73.050013 -68.216516 -3.194121
-66.183259 -69.021126 -29.255093
5
27.791138 85.545939 43.698340
28.357083 82.779138 48.409608
14.163905 74.673535 64.986514
3.925817 72.836014 68.406893
-4.071230 92.744812 37.172905
6
63.121069 74.866331 20.267291
51.144980 84.804399 13.871011
46.204899 87.068024 -16.860203
52.510506 77.045843 -36.146713
75.158933 63.352876 -18.372476
80.110080 59.606416 -5.426810
5
75.272444 21.428523 -62.248514
75.428852 21.213796 -62.132625
85.649315 23.769948 -45.816858
82.975218 39.371382 -39.560175
74.050942 44.687448 -50.194521
8
17.721738 -34.726200 92.087084
25.280566 -28.533932 92.448405
39.230423 -30.911299 86.634090
41.647497 -36.293252 83.356378
42.011245 -46.876560 77.702275
27.819615 -57.402267 77.013302
21.232735 -57.666091 78.891019
12.309605 -55.038790 82.578479
6
-72.641961 -55.560998 -40.448992
-72.841857 -57.815222 -36.762262
-66.183259 -69.021126 -29.255093
-53.866427 -76.369505 -35.582394
-43.754021 -70.836043 -55.388091
-57.811953 -61.665670 -53.433353
6
-50.787764 -60.434987 61.385792
-66.970064 -51.910800 53.106302
-70.321731 -35.306112 61.711689
-64.559705 -26.947831 71.455293
-58.524012 -26.136819 76.758105
-48.145762 -36.237993 79.804721
4
58.812280 -49.007141 -64.338292
41.670190 -75.510906 -50.613223
64.097780 -67.792563 -35.995042
64.809973 -46.158731 -60.572593
5
-82.896453 -31.957739 45.900774
-83.793313 -33.048557 43.433553
-91.750121 -24.872243 31.036863
-95.063223 -10.611260 29.161358
-85.169046 -15.047695 50.197614
5
79.519382 4.941244 -60.433864
82.189092 1.075773 -56.954332
88.921615 15.683081 -42.976591
85.649315 23.769948 -45.816858
75.428852 21.213796 -62.132625
6
-28.923964 -92.110021 -26.060475
-20.905688 -97.789249 -0.463741
-13.267247 -99.114030 0.623893
-2.911658 -96.469830 -26.174304
-5.458173 -94.405369 -32.524369
-23.783884 -91.955025 -31.282587
6
-76.698476 3.871413 64.049637
-89.163825 8.570942 44.456173
-91.830873 14.069337 37.001952
-88.040695 27.986307 38.283189
-82.849839 31.944981 45.993721
-73.029496 9.029787 67.713778
8
5.617908 47.456012 87.842849
32.817239 43.423016 83.889633
36.128044 38.457708 84.945683
29.745150 23.110491 92.634396
18.596926 19.779548 96.244085
1.593921 38.272367 92.372536
1.139584 39.211955 91.984368
1.040630 41.805624 90.836154
7
69.082725 -69.091159 21.307015
69.863729 -64.370672 31.232611
80.550852 -39.418527 44.246356
88.368254 -27.748390 37.697196
91.215995 -24.971956 32.496824
93.083338 -30.796758 19.673635
85.174278 -50.044197 15.521618
7
13.616284 -86.140950 48.931928
0.212591 -78.399821 62.075945
10.338630 -75.898380 64.284902
33.041734 -78.078450 53.028289
33.783162 -78.762074 51.528960
33.742829 -79.020999 51.157631
27.715121 -83.613346 47.335827
5
-69.645687 42.875217 57.542976
-58.528108 13.587619 79.936457
-73.029496 9.029787 67.713778
-82.849839 31.944981 45.993721
-71.363547 43.193865 55.150106
6
22.863049 -92.030971 31.742422
27.715121 -83.613346 47.335827
33.742829 -79.020999 51.157631
40.410721 -80.133160 44.109526
42.243531 -85.912371 28.888555
30.892658 -92.636402 21.543927
7
35.136305 42.745817 -83.296070
56.703560 40.955538 -71.465728
67.830562 50.705335 -53.178791
51.891918 76.587408 -37.968378
41.690324 77.725874 -47.123300
28.083703 70.747184 -64.854773
26.305722 54.554233 -79.572889
6
68.412650 64.795390 33.485322
64.656679 52.358158 55.480963
59.566992 55.367797 58.190897
48.053823 65.399720 58.426935
38.564063 77.273158 50.414999
64.928716 71.146250 26.878859
9
91.215995 -24.971956 32.496824
88.368254 -27.748390 37.697196
68.478193 -8.569750 72.369168
66.890559 -4.363008 74.206585
67.294624 -3.092164 73.904479
79.024739 11.183894 60.249574
87.061034 14.107803 47.131160
93.407506 -1.325301 35.683069
92.972466 -17.157047 32.584601
8
-39.159030 -48.593490 -78.136055
-41.905116 -39.238408 -81.879842
-65.046744 -40.622231 -64.177531
-66.467138 -45.788351 -59.038517
-57.811953 -61.665670 -53.433353
-43.754021 -70.836043 -55.388091
-39.217511 -70.728720 -58.816961
-38.443523 -69.020622 -61.304561
7
99.621464 8.622828 -1.100349
99.310714 11.484527 -2.342591
98.685565 11.535687 -11.317563
93.109452 -19.302414 -30.952330
92.561287 -21.283356 -31.295798
94.782796 -30.821418 -8.140130
95.171985 -30.251828 -5.207713
5
-17.433858 72.554785 66.572244
-14.247224 71.984818 67.935282
-25.063639 48.617865 83.714498
-35.698488 46.837359 80.820046
-38.360569 59.094048 70.967318
8
1.218772 -90.446962 -42.636389
-5.458173 -94.405369 -32.524369
-2.911658 -96.469830 -26.174304
18.618259 -97.637818 -10.964347
29.739825 -94.045997 -16.458834
30.811641 -84.461794 -43.781824
30.492650 -84.128512 -44.638457
19.366005 -85.132566 -48.758631
6
1.673615 71.381842 70.013082
5.617908 47.456012 87.842849
1.040630 41.805624 90.836154
-11.809968 42.681660 89.659358
-25.063639 48.617865 83.714498
-14.247224 71.984818 67.935282
7
14.163905 74.673535 64.986514
30.650144 64.460329 70.038809
36.002553 50.009856 78.758050
32.817239 43.423016 83.889633
5.617908 47.456012 87.842849
1.673615 71.381842 70.013082
3.925817 72.836014 68.406893
6
36.471651 -24.610466 -89.800577
45.481362 -21.203121 -86.497823
59.159202 -3.058617 -80.565710
48.327778 5.476943 -87.375219
35.826202 2.761274 -93.321266
34.731914 -23.015621 -90.906410
7
-99.819856 -2.348445 -5.520982
-95.995654 -27.245072 -6.522300
-95.065956 -29.407289 -9.883082
-94.274334 -30.082348 -14.401466
-94.184318 -29.581423 -15.945330
-96.369752 -8.381119 -25.350101
-99.815163 -1.636287 -5.852841
6
17.410216 13.872015 97.490777
18.596926 19.779548 96.244085
29.745150 23.110491 92.634396
41.779826 5.204194 90.704810
34.660518 -1.550505 93.788296
26.610763 -2.208859 96.369021
6
-67.927671 -52.918063 50.847912
-66.970064 -51.910800 53.106302
-50.787764 -60.434987 61.385792
-45.141637 -67.112803 58.805648
-61.003385 -69.237251 38.532974
-66.999914 -66.016303 33.953781
6
-73.535103 66.209443 -14.453313
-66.573172 66.387174 -34.069867
-51.504997 74.433474 -42.507567
-46.867503 78.219696 -41.050168
-46.299594 87.604231 -13.485042
-72.119035 68.111454 -12.636242
5
94.456297 20.134405 -25.934796
95.478759 20.379518 -21.644442
91.518999 38.063466 -13.245579
83.937552 41.200850 -35.453876
83.515274 39.562702 -38.209836
5
-46.706124 60.051388 64.902765
-38.360569 59.094048 70.967318
-35.698488 46.837359 80.820046
-42.680414 36.979372 82.528228
-59.219895 47.986135 64.732796
5
48.053823 65.399720 58.426935
30.650144 64.460329 70.038809
14.163905 74.673535 64.986514
28.357083 82.779138 48.409608
38.564063 77.273158 50.414999
7
41.504519 -23.613767 87.862192
63.321718 -4.437815 77.270084
66.890559 -4.363008 74.206585
68.478193 -8.569750 72.369168
64.292287 -21.205410 73.599133
41.647497 -36.293252 83.356378
39.230423 -30.911299 86.634090
4
-0.418311 6.723715 99.772825
1.593921 38.272367 92.372536
18.596926 19.779548 96.244085
17.410216 13.872015 97.490777
6
-96.369752 -8.381119 -25.350101
-94.184318 -29.581423 -15.945330
-86.724825 -31.814810 -38.296509
-85.673480 -30.655073 -41.476756
-85.027037 -23.013895 -47.336705
-93.851500 -5.112027 -34.143272
5
64.293571 35.671529 67.778158
67.076527 46.974110 57.394882
84.317065 29.927490 44.665175
87.061034 14.107803 47.131160
79.024739 11.183894 60.249574
7
-81.783153 40.121165 -41.252975
-85.082308 41.773850 -31.873912
-96.282220 24.772632 -10.772686
-97.433866 17.248871 -14.460923
-93.566082 13.320524 -32.679534
-83.063993 35.015517 -43.293032
-81.700776 39.078164 -42.401419
6
-75.049164 -48.708841 -44.666227
-85.673480 -30.655073 -41.476756
-86.724825 -31.814810 -38.296509
-82.603010 -50.874358 -24.259894
-72.841857 -57.815222 -36.762262
-72.641961 -55.560998 -40.448992
5
-44.205331 14.421129 88.532027
-42.680414 36.979372 82.528228
-35.698488 46.837359 80.820046
-25.063639 48.617865 83.714498
-11.809968 42.681660 89.659358
7
-88.986909 44.758484 8.832216
-88.401713 45.320566 11.453533
-88.040695 27.986307 38.283189
-91.830873 14.069337 37.001952
-95.543998 4.583114 29.160582
-98.821491 9.503168 12.000116
-93.707303 34.814004 2.631835
7
-4.817252 93.063859 36.275505
-4.071230 92.744812 37.172905
3.925817 72.836014 68.406893
1.673615 71.381842 70.013082
-14.247224 71.984818 67.935282
-17.433858 72.554785 66.572244
-31.200747 81.877576 48.193110
6
88.030664 35.228322 31.773694
94.202816 25.469315 21.843615
96.341315 14.107256 22.788951
93.407506 -1.325301 35.683069
87.061034 14.107803 47.131160
84.317065 29.927490 44.665175
8
-40.589742 85.969993 31.010210
-29.452053 93.962460 17.425057
-5.640006 95.873063 27.866578
-4.663920 95.499266 29.293992
-4.817252 93.063859 36.275505
-31.200747 81.877576 48.193110
-34.711742 81.594071 46.233132
-40.204133 83.696173 37.129211
6
12.309605 -55.038790 82.578479
21.232735 -57.666091 78.891019
10.338630 -75.898380 64.284902
0.212591 -78.399821 62.075945
-18.690290 -75.191093 63.221615
-2.255528 -54.998492 83.486996
7
35.826202 2.761274 -93.321266
26.371086 17.615269 -94.838115
11.383434 14.223232 -98.326584
6.990086 8.600979 -99.383912
10.641913 -11.507390 -98.764010
23.918657 -23.511744 -94.207726
34.731914 -23.015621 -90.906410
4
-1.513357 -29.163984 95.640848
17.476744 -15.383207 97.251840
25.280566 -28.533932 92.448405
17.721738 -34.726200 92.087084
5
44.225418 -47.412613 76.132493
42.011245 -46.876560 77.702275
41.647497 -36.293252 83.356378
64.292287 -21.205410 73.599133
63.911421 -34.153811 68.911882
6
70.128884 -39.875553 -59.092131
68.505849 -42.365983 -59.262738
77.584063 -54.070267 -32.513372
92.111464 -21.564726 -32.410505
84.481495 -21.343395 -49.064615
83.131243 -22.764842 -50.704619
5
-2.929923 99.823354 5.168523
-5.640006 95.873063 27.866578
-29.452053 93.962460 17.425057
-30.054462 95.260778 4.702508
-4.436093 99.884512 1.845335
4
-24.267171 62.724067 -74.005377
-4.905849 42.923159 -90.186114
17.600016 53.962262 -82.330515
-20.173947 69.239049 -69.274570
7
-99.842685 1.614763 -5.369437
-98.821491 9.503168 12.000116
-95.543998 4.583114 29.160582
-95.743026 -8.283686 27.652368
-97.818950 -13.431071 15.844856
-99.819856 -2.348445 -5.520982
-99.815163 -1.636287 -5.852841
7
-61.577133 45.241581 -64.509349
-65.108744 23.686461 -72.109660
-55.474363 19.160707 -80.965810
-40.468934 32.636021 -85.423390
-40.129939 45.534244 -79.474654
-41.178739 49.198132 -76.706292
-55.208117 50.776771 -66.134585
7
38.564063 77.273158 50.414999
28.357083 82.779138 48.409608
27.791138 85.545939 43.698340
33.263386 91.328970 23.506729
51.144980 84.804399 13.871011
63.121069 74.866331 20.267291
64.928716 71.146250 26.878859
6
95.171985 -30.251828 -5.207713
94.782796 -30.821418 -8.140130
72.569526 -67.089667 -15.252557
71.843458 -69.125272 -7.759786
85.174278 -50.044197 15.521618
93.083338 -30.796758 19.673635
6
-4.071230 92.744812 37.172905
-4.817252 93.063859 36.275505
-4.663920 95.499266 29.293992
24.194978 95.186022 18.820845
33.263386 91.328970 23.506729
27.791138 85.545939 43.698340
5
-70.188396 18.744092 -68.718615
-79.846729 19.788115 -56.858864
-83.732214 6.365415 -54.299152
-77.135318 -11.658922 -62.563666
-70.553622 -8.233761 -70.387439
8
-16.109832 -32.333546 93.247065
-38.589259 -38.823419 83.687581
-48.145762 -36.237993 79.804721
-58.524012 -26.136819 76.758105
-48.828070 9.816230 86.714827
-45.681211 11.328814 88.231995
-17.815108 -13.033793 97.533288
-15.861714 -31.703131 93.505709
6
-53.866427 -76.369505 -35.582394
-66.183259 -69.021126 -29.255093
-73.050013 -68.216516 -3.194121
-58.261661 -81.260491 -1.520333
-51.359519 -85.575965 -6.241312
-53.638553 -76.723247 -35.163176
4
-1.957309 5.725967 -99.816743
-23.540443 -20.530341 -94.996593
10.641913 -11.507390 -98.764010
6.990086 8.600979 -99.383912
4
-24.459855 -77.521967 58.241395
-34.554021 -86.726684 35.839949
-61.003385 -69.237251 38.532974
-45.141637 -67.112803 58.805648
4
64.293571 35.671529 67.778158
79.024739 11.183894 60.249574
67.294624 -3.092164 73.904479
58.789041 29.348441 75.382476
4
7.038187 -93.296702 35.301407
-4.859995 -96.645790 25.218480
-9.958113 -87.520047 47.340019
5.126554 -90.188494 42.892354
7
-16.473031 95.252758 -25.603738
-19.744210 96.222060 -18.747836
-36.090499 93.089291 -5.644446
-44.418009 89.132996 -9.074668
-46.299594 87.604231 -13.485042
-46.867503 78.219696 -41.050168
-44.907982 78.873013 -41.980007
5
-81.995571 -43.929435 36.700559
-90.500333 -38.761501 17.528143
-91.750121 -24.872243 31.036863
-83.793313 -33.048557 43.433553
-81.851671 -43.140191 37.937158
6
-87.832955 -47.804620 -0.300493
-95.065956 -29.407289 -9.883082
-95.995654 -27.245072 -6.522300
-95.914136 -27.591221 6.261225
-90.519771 -38.936594 17.032695
-90.323462 -39.497148 16.782358
8
59.554928 -21.151173 -77.497345
45.481362 -21.203121 -86.497823
36.471651 -24.610466 -89.800577
39.846523 -45.010915 -79.914155
58.812280 -49.007141 -64.338292
64.809973 -46.158731 -60.572593
68.505849 -42.365983 -59.262738
70.128884 -39.875553 -59.092131
6
-2.662293 93.077733 -36.461594
12.428260 93.101082 -34.318025
18.029908 95.491112 -23.587497
12.247394 98.727674 -10.141390
4.650948 99.358890 -10.304354
-4.386683 94.138707 -33.446388
5
-19.744210 96.222060 -18.747836
-3.252648 99.920247 -2.316155
-4.436093 99.884512 1.845335
-30.054462 95.260778 4.702508
-36.090499 93.089291 -5.644446
7
-40.589742 85.969993 31.010210
-59.280272 79.590597 12.295781
-59.436150 79.770212 10.200850
-44.418009 89.132996 -9.074668
-36.090499 93.089291 -5.644446
-30.054462 95.260778 4.702508
-29.452053 93.962460 17.425057
6
80.110080 59.606416 -5.426810
75.158933 63.352876 -18.372476
83.937552 41.200850 -35.453876
91.518999 38.063466 -13.245579
90.844288 41.095135 -7.648869
86.094178 50.812738 -2.420354
6
-65.108744 23.686461 -72.109660
-70.188396 18.744092 -68.718615
-70.553622 -8.233761 -70.387439
-64.677384 -9.570434 -75.665334
-52.852922 6.886311 -84.611745
-55.474363 19.160707 -80.965810
6
35.136305 42.745817 -83.296070
35.126970 40.652481 -84.341400
56.031168 15.803096 -81.306644
61.890727 14.679586 -77.162476
67.367150 23.854610 -69.947299
56.703560 40.955538 -71.465728
6
18.408700 -93.344698 30.787775
7.038187 -93.296702 35.301407
5.126554 -90.188494 42.892354
13.616284 -86.140950 48.931928
27.715121 -83.613346 47.335827
22.863049 -92.030971 31.742422
9
64.656679 52.358158 55.480963
67.076527 46.974110 57.394882
64.293571 35.671529 67.778158
58.789041 29.348441 75.382476
51.272139 29.394983 80.666615
36.128044 38.457708 84.945683
32.817239 43.423016 83.889633
36.002553 50.009856 78.758050
59.566992 55.367797 58.190897
6
-82.896453 -31.957739 45.900774
-70.321731 -35.306112 61.711689
-66.970064 -51.910800 53.106302
-67.927671 -52.918063 50.847912
-81.851671 -43.140191 37.937158
-83.793313 -33.048557 43.433553
5
88.030664 35.228322 31.773694
85.653411 45.815868 23.757090
88.067549 45.540333 13.045491
94.640477 29.632782 12.848282
94.202816 25.469315 21.843615
6
22.713110 -96.871772 9.998718
8.961225 -98.228209 16.459509
18.408700 -93.344698 30.787775
22.863049 -92.030971 31.742422
30.892658 -92.636402 21.543927
31.460979 -93.648069 15.499871
5
-67.962574 -66.150390 31.705118
-67.846802 -67.422586 29.172014
-74.714782 -66.380082 3.374313
-84.529055 -50.356442 17.862464
-77.982245 -54.668474 30.497990
7
88.921615 15.683081 -42.976591
82.189092 1.075773 -56.954332
84.481495 -21.343395 -49.064615
92.111464 -21.564726 -32.410505
92.561287 -21.283356 -31.295798
93.109452 -19.302414 -30.952330
92.757918 13.341003 -34.899659
5
-60.887478 69.780443 37.728037
-63.194750 62.807241 45.405662
-68.804580 54.849375 47.512902
-78.038002 58.356130 22.464025
-66.741344 70.493177 24.006352
4
-83.514999 -12.140177 53.645700
-89.163825 8.570942 44.456173
-76.698476 3.871413 64.049637
-78.055073 -11.353707 61.469496
6
-55.208117 50.776771 -66.134585
-51.504997 74.433474 -42.507567
-66.573172 66.387174 -34.069867
-81.783153 40.121165 -41.252975
-81.700776 39.078164 -42.401419
-61.577133 45.241581 -64.509349
7
-40.970354 -35.382104 -84.080538
-41.905116 -39.238408 -81.879842
-39.159030 -48.593490 -78.136055
-4.707830 -59.034045 -80.578023
2.924210 -50.741005 -86.120842
-0.301113 -38.436959 -92.317439
-25.639662 -23.167706 -93.839571
6
-17.815108 -13.033793 97.533288
-3.149045 -1.146507 99.943829
17.761803 -9.867830 97.913964
17.476744 -15.383207 97.251840
-1.513357 -29.163984 95.640848
-15.861714 -31.703131 93.505709
5
-93.707303 34.814004 2.631835
-98.821491 9.503168 12.000116
-99.842685 1.614763 -5.369437
-97.433866 17.248871 -14.460923
-96.282220 24.772632 -10.772686
7
99.310714 11.484527 -2.342591
98.958370 14.394744 0.179630
96.783689 25.059636 2.220857
90.844288 41.095135 -7.648869
91.518999 38.063466 -13.245579
95.478759 20.379518 -21.644442
98.685565 11.535687 -11.317563
8
-34.554021 -86.726684 35.839949
-34.904436 -88.373666 31.173312
-36.317215 -88.617629 28.774566
-51.801546 -83.054899 20.456871
-67.846802 -67.422586 29.172014
-67.962574 -66.150390 31.705118
-66.999914 -66.016303 33.953781
-61.003385 -69.237251 38.532974
6
66.401441 -72.698650 17.485848
57.568065 -78.129723 24.117717
52.692965 -76.025839 37.993726
60.224510 -67.860443 42.047219
69.863729 -64.370672 31.232611
69.082725 -69.091159 21.307015
6
-3.149045 -1.146507 99.943829
-17.815108 -13.033793 97.533288
-45.681211 11.328814 88.231995
-44.393925 13.562669 88.573322
-16.833094 19.575456 96.609774
-2.120857 4.466578 99.877683
4
41.065585 -90.749575 -8.839244
57.538573 -78.812004 -21.862770
30.811641 -84.461794 -43.781824
29.739825 -94.045997 -16.458834
6
68.412650 64.795390 33.485322
85.653411 45.815868 23.757090
88.030664 35.228322 31.773694
84.317065 29.927490 44.665175
67.076527 46.974110 57.394882
64.656679 52.358158 55.480963
6
-15.861714 -31.703131 93.505709
-1.513357 -29.163984 95.640848
17.721738 -34.726200 92.087084
12.309605 -55.038790 82.578479
-2.255528 -54.998492 83.486996
-16.109832 -32.333546 93.247065
5
-33.250136 -91.044887 -24.601970
-47.084360 -87.981749 -6.501919
-32.886380 -94.319948 4.715233
-20.905688 -97.789249 -0.463741
-28.923964 -92.110021 -26.060475
5
-5.247467 -99.513811 8.334599
-3.777881 -98.973241 13.784961
8.961225 -98.228209 16.459509
22.713110 -96.871772 9.998718
18.517544 -97.687922 -10.685057
5
51.272139 29.394983 80.666615
42.794270 5.460471 90.215485
41.779826 5.204194 90.704810
29.745150 23.110491 92.634396
36.128044 38.457708 84.945683
8
52.510506 77.045843 -36.146713
51.891918 76.587408 -37.968378
67.830562 50.705335 -53.178791
74.050942 44.687448 -50.194521
82.975218 39.371382 -39.560175
83.515274 39.562702 -38.209836
83.937552 41.200850 -35.453876
75.158933 63.352876 -18.372476
6
82.975218 39.371382 -39.560175
85.649315 23.769948 -45.816858
88.921615 15.683081 -42.976591
92.757918 13.341003 -34.899659
94.456297 20.134405 -25.934796
83.515274 39.562702 -38.209836
7
66.906826 -11.400570 -73.440477
83.131243 -22.764842 -50.704619
84.481495 -21.343395 -49.064615
82.189092 1.075773 -56.954332
79.519382 4.941244 -60.433864
65.800607 1.618403 -75.283869
64.406840 -1.654219 -76.478902
5
-34.711742 81.594071 46.233132
-47.490612 67.733657 56.185350
-63.194750 62.807241 45.405662
-60.887478 69.780443 37.728037
-40.204133 83.696173 37.129211
6
-1.957309 5.725967 -99.816743
-25.642874 19.526020 -94.663496
-26.771418 19.084667 -94.440810
-33.645940 2.186595 -94.144408
-25.366505 -21.830640 -94.233559
-23.540443 -20.530341 -94.996593
5
18.618259 -97.637818 -10.964347
-2.911658 -96.469830 -26.174304
-13.267247 -99.114030 0.623893
-5.247467 -99.513811 8.334599
18.517544 -97.687922 -10.685057
7
-38.589259 -38.823419 83.687581
-21.672993 -75.977748 61.299781
-23.995858 -77.458429 58.518293
-24.459855 -77.521967 58.241395
-45.141637 -67.112803 58.805648
-50.787764 -60.434987 61.385792
-48.145762 -36.237993 79.804721
4
59.566992 55.367797 58.190897
36.002553 50.009856 78.758050
30.650144 64.460329 70.038809
48.053823 65.399720 58.426935
5
-40.129939 45.534244 -79.474654
-7.713091 37.967863 -92.189748
-4.905849 42.923159 -90.186114
-24.267171 62.724067 -74.005377
-41.178739 49.198132 -76.706292
5
-38.589259 -38.823419 83.687581
-16.109832 -32.333546 93.247065
-2.255528 -54.998492 83.486996
-18.690290 -75.191093 63.221615
-21.672993 -75.977748 61.299781
8
18.517544 -97.687922 -10.685057
22.713110 -96.871772 9.998718
31.460979 -93.648069 15.499871
42.868280 -90.092833 6.752188
44.952618 -89.301579 2.119002
41.065585 -90.749575 -8.839244
29.739825 -94.045997 -16.458834
18.618259 -97.637818 -10.964347
5
20.304546 97.284620 11.109822
24.194978 95.186022 18.820845
-4.663920 95.499266 29.293992
-5.640006 95.873063 27.866578
-2.929923 99.823354 5.168523
7
-23.995858 -77.458429 58.518293
-9.958113 -87.520047 47.340019
-4.859995 -96.645790 25.218480
-6.533855 -97.642399 20.573543
-34.904436 -88.373666 31.173312
-34.554021 -86.726684 35.839949
-24.459855 -77.521967 58.241395
6
92.972466 -17.157047 32.584601
93.407506 -1.325301 35.683069
96.341315 14.107256 22.788951
98.958370 14.394744 0.179630
99.310714 11.484527 -2.342591
99.621464 8.622828 -1.100349
7
-95.063223 -10.611260 29.161358
-95.743026 -8.283686 27.652368
-95.543998 4.583114 29.160582
-91.830873 14.069337 37.001952
-89.163825 8.570942 44.456173
-83.514999 -12.140177 53.645700
-85.169046 -15.047695 50.197614
6
-51.801546 -83.054899 20.456871
-58.261661 -81.260491 -1.520333
-73.050013 -68.216516 -3.194121
-73.981389 -67.236933 -2.439029
-74.714782 -66.380082 3.374313
-67.846802 -67.422586 29.172014
6
58.812280 -49.007141 -64.338292
39.846523 -45.010915 -79.914155
38.907636 -45.973921 -79.828532
31.163269 -60.783219 -73.035956
38.695827 -77.273468 -50.313459
41.670190 -75.510906 -50.613223
5
85.174278 -50.044197 15.521618
71.843458 -69.125272 -7.759786
66.388753 -74.631473 4.762010
66.401441 -72.698650 17.485848
69.082725 -69.091159 21.307015
5
92.757918 13.341003 -34.899659
93.109452 -19.302414 -30.952330
98.685565 11.535687 -11.317563
95.478759 20.379518 -21.644442
94.456297 20.134405 -25.934796
6
64.292287 -21.205410 73.599133
68.478193 -8.569750 72.369168
88.368254 -27.748390 37.697196
80.550852 -39.418527 44.246356
75.527062 -42.721371 49.704601
63.911421 -34.153811 68.911882
6
-73.981389 -67.236933 -2.439029
-79.378466 -60.544387 -5.782423
-87.832955 -47.804620 -0.300493
-90.323462 -39.497148 16.782358
-84.529055 -50.356442 17.862464
-74.714782 -66.380082 3.374313
6
-40.468934 32.636021 -85.423390
-26.771418 19.084667 -94.440810
-25.642874 19.526020 -94.663496
-8.211675 34.689650 -93.430169
-7.713091 37.967863 -92.189748
-40.129939 45.534244 -79.474654
4
-39.159030 -48.593490 -78.136055
-38.443523 -69.020622 -61.304561
-4.871441 -68.794243 -72.412852
-4.707830 -59.034045 -80.578023
7
57.538573 -78.812004 -21.862770
69.324998 -68.963332 -20.930923
64.097780 -67.792563 -35.995042
41.670190 -75.510906 -50.613223
38.695827 -77.273468 -50.313459
30.492650 -84.128512 -44.638457
30.811641 -84.461794 -43.781824
5
26.371086 17.615269 -94.838115
35.826202 2.761274 -93.321266
48.327778 5.476943 -87.375219
56.031168 15.803096 -81.306644
35.126970 40.652481 -84.341400
6
61.890727 14.679586 -77.162476
65.800607 1.618403 -75.283869
79.519382 4.941244 -60.433864
75.428852 21.213796 -62.132625
75.272444 21.428523 -62.248514
67.367150 23.854610 -69.947299
5
86.094178 50.812738 -2.420354
90.844288 41.095135 -7.648869
96.783689 25.059636 2.220857
94.640477 29.632782 12.848282
88.067549 45.540333 13.045491
6
-2.629088 -70.851350 -70.520735
-4.871441 -68.794243 -72.412852
-38.443523 -69.020622 -61.304561
-39.217511 -70.728720 -58.816961
-35.328770 -74.596315 -56.455893
-10.196371 -83.100811 -54.683538
5
66.906826 -11.400570 -73.440477
64.406840 -1.654219 -76.478902
59.159202 -3.058617 -80.565710
45.481362 -21.203121 -86.497823
59.554928 -21.151173 -77.497345
6
77.584063 -54.070267 -32.513372
68.505849 -42.365983 -59.262738
64.809973 -46.158731 -60.572593
64.097780 -67.792563 -35.995042
69.324998 -68.963332 -20.930923
70.895145 -67.860038 -19.206606
4
-66.467138 -45.788351 -59.038517
-75.049164 -48.708841 -44.666227
-72.641961 -55.560998 -40.448992
-57.811953 -61.665670 -53.433353
4
7.502242 -52.164922 -84.985512
18.191283 -66.981842 -71.989653
31.163269 -60.783219 -73.035956
38.907636 -45.973921 -79.828532
5
34.660518 -1.550505 93.788296
41.779826 5.204194 90.704810
42.794270 5.460471 90.215485
63.321718 -4.437815 77.270084
41.504519 -23.613767 87.862192
5
42.868280 -90.092833 6.752188
31.460979 -93.648069 15.499871
30.892658 -92.636402 21.543927
42.243531 -85.912371 28.888555
49.622778 -83.774341 22.791219
6
-3.149045 -1.146507 99.943829
-2.120857 4.466578 99.877683
-0.418311 6.723715 99.772825
17.410216 13.872015 97.490777
26.610763 -2.208859 96.369021
17.761803 -9.867830 97.913964
7
-84.246119 53.239595 -8.254507
-73.535103 66.209443 -14.453313
-72.119035 68.111454 -12.636242
-66.842115 74.271392 3.986484
-85.631796 49.789721 13.717842
-88.401713 45.320566 11.453533
-88.986909 44.758484 8.832216
6
48.327778 5.476943 -87.375219
59.159202 -3.058617 -80.565710
64.406840 -1.654219 -76.478902
65.800607 1.618403 -75.283869
61.890727 14.679586 -77.162476
56.031168 15.803096 -81.306644
6
-23.540443 -20.530341 -94.996593
-25.366505 -21.830640 -94.233559
-25.639662 -23.167706 -93.839571
-0.301113 -38.436959 -92.317439
23.918657 -23.511744 -94.207726
10.641913 -11.507390 -98.764010
5
-94.274334 -30.082348 -14.401466
-95.065956 -29.407289 -9.883082
-87.832955 -47.804620 -0.300493
-79.378466 -60.544387 -5.782423
-83.666143 -51.785793 -17.838392
6
-25.639662 -23.167706 -93.839571
-25.366505 -21.830640 -94.233559
-33.645940 2.186595 -94.144408
-52.852922 6.886311 -84.611745
-64.677384 -9.570434 -75.665334
-40.970354 -35.382104 -84.080538
5
-93.707303 34.814004 2.631835
-96.282220 24.772632 -10.772686
-85.082308 41.773850 -31.873912
-84.246119 53.239595 -8.254507
-88.986909 44.758484 8.832216
8
-6.533855 -97.642399 20.573543
-3.777881 -98.973241 13.784961
-5.247467 -99.513811 8.334599
-13.267247 -99.114030 0.623893
-20.905688 -97.789249 -0.463741
-32.886380 -94.319948 4.715233
-36.317215 -88.617629 28.774566
-34.904436 -88.373666 31.173312
4
12.247394 98.727674 -10.141390
18.029908 95.491112 -23.587497
43.196139 88.695896 -16.344164
20.386826 97.804632 -4.316390
