200
6
-72.310981 68.455652 -9.216602
-73.027013 61.481164 -29.784589
-69.439850 63.706290 -33.460662
-55.118209 76.339614 -33.678574
-54.824109 81.800718 -17.405737
-67.772729 73.246575 -6.465025
6
34.034324 30.353997 -88.996065
16.985451 11.842405 -97.832775
16.933642 10.643082 -97.979470
36.097696 7.686671 -92.940150
41.853774 28.326801 -86.289362
39.839204 30.350673 -86.554460
8
-78.294703 57.564615 23.585051
-78.397826 61.967744 -3.712086
-72.310981 68.455652 -9.216602
-67.772729 73.246575 -6.465025
-67.584770 73.471320 -5.853549
-64.901690 71.578327 25.774284
-70.642025 65.529323 26.750927
-77.218936 58.562168 24.651744
6
-62.557431 52.107362 58.063678
-65.247813 43.480382 62.065927
-67.095364 40.459832 62.138669
-72.784905 33.277960 59.957776
-77.218936 58.562168 24.651744
-70.642025 65.529323 26.750927
4
99.620576 -3.468535 -7.981863
97.332793 -7.902916 21.537672
95.026852 22.394280 21.642402
99.107308 10.455895 -8.271381
6
34.527036 -12.369829 93.031560
50.970083 4.735283 85.904760
53.067330 3.774688 84.673551
57.950049 -15.330650 80.042257
54.817432 -25.333968 79.707209
34.615787 -18.097747 92.055520
7
-83.135242 37.455451 -41.056311
-72.349327 37.291369 -58.094136
-67.164774 60.347317 -42.977837
-69.439850 63.706290 -33.460662
-73.027013 61.481164 -29.784589
-76.350645 57.321186 -29.746608
-83.012758 40.704712 -38.105228
5
-83.135242 37.455451 -41.056311
-83.012758 40.704712 -38.105228
-90.004879 40.008667 -17.275079
-96.119340 17.307642 -21.482971
-92.361662 17.896199 -33.897632
5
31.733056 19.961492 92.706807
34.249463 11.082870 93.296004
27.906035 0.071643 96.027330
6.420303 4.586963 99.688211
21.473058 29.129163 93.222313
6
-13.944844 -97.265475 18.573334
-14.255959 -91.497798 37.748120
-5.738692 -86.451609 49.931822
15.274676 -96.130807 22.924928
15.249106 -96.829025 19.789006
4.605710 -99.033190 13.084901
6
98.883053 -8.447275 -12.279470
98.927920 -8.098187 -12.152613
94.210210 1.761657 -33.486308
87.475848 -6.716660 -47.988150
87.015165 -14.925252 -46.963793
88.376002 -19.779243 -42.408299
8
-79.189425 -60.163008 10.461715
-80.323546 -54.534964 23.959668
-77.704463 -53.000459 33.955380
-71.647970 -54.454628 43.603463
-56.654771 -71.046358 41.745082
-47.702108 -82.816926 29.425596
-47.873987 -82.976507 28.687641
-66.444450 -73.803917 11.752315
6
84.648940 -34.448861 -40.593508
67.288081 -33.069243 -66.172043
61.822199 -36.876479 -69.412830
55.124315 -50.688690 -66.271914
70.493713 -56.500792 -42.875366
83.315976 -46.490718 -29.950980
5
-1.873704 44.584127 89.491591
-11.109297 46.240387 87.968234
-17.592949 66.418528 72.657190
-5.394436 69.678480 71.524887
0.360219 68.037982 73.285082
6
3.546879 40.580844 91.326966
-13.871995 13.600844 98.094775
-29.013318 29.699072 90.973581
-30.307984 38.057471 87.367357
-11.109297 46.240387 87.968234
-1.873704 44.584127 89.491591
8
89.920976 32.632566 -29.143332
85.481440 47.080372 -21.825718
75.538161 60.931290 -24.111493
66.956282 65.926131 -34.214056
64.244540 66.086918 -38.796371
63.899788 64.196137 -42.375383
69.289797 53.215338 -48.652356
85.110515 32.837041 -40.962532
6
-45.688478 78.671140 -41.514030
-37.097961 87.082558 -32.254757
-36.120557 90.033658 -24.274387
-47.633473 86.991416 -12.788501
-54.824109 81.800718 -17.405737
-55.118209 76.339614 -33.678574
5
-63.474676 72.672710 26.261049
-48.809826 85.868755 15.625551
-33.614738 91.462584 22.464307
-31.803684 91.525858 24.729395
-46.283184 73.888401 48.973167
5
-37.548210 23.289833 -89.709061
-22.136669 37.694845 -89.939238
-21.853428 51.966065 -82.595132
-35.106979 52.951740 -77.224434
-50.546058 33.789268 -79.393837
5
-23.103877 84.866545 47.580253
-27.140772 92.383728 26.993062
-10.027370 96.280295 25.090969
0.921459 95.644877 29.175475
4.372394 92.502256 37.738770
7
2.746457 80.663075 -59.041726
12.338201 87.979051 -45.907030
2.475534 94.443808 -32.775582
-13.655434 91.000914 -39.145405
-13.715811 90.962332 -39.213910
-18.915757 80.770085 -55.842524
-11.578737 77.567748 -62.041739
4
36.315484 85.163622 -37.793427
18.167570 86.480688 -46.808440
24.124575 75.779135 -60.626129
36.522984 71.750821 -59.311814
7
83.315976 -46.490718 -29.950980
70.493713 -56.500792 -42.875366
63.184357 -68.723560 -35.844237
64.585341 -73.108141 -21.998487
71.996308 -67.971469 -14.014669
85.020221 -48.484618 -20.513502
85.310824 -47.388009 -21.827505
7
73.016494 -36.169775 57.968430
81.395311 -40.028577 42.101263
81.203914 -41.204816 41.329016
65.014025 -71.651061 25.284422
53.639802 -67.348134 50.862565
52.412703 -62.970559 57.337747
65.553321 -39.220781 64.532879
6
87.015165 -14.925252 -46.963793
87.475848 -6.716660 -47.988150
86.142277 -2.100396 -50.745408
76.813138 4.392693 -63.878370
73.491005 -1.796538 -67.792659
75.299626 -19.315794 -62.903629
5
57.950049 -15.330650 80.042257
53.067330 3.774688 84.673551
69.111877 12.418290 71.199260
77.598130 7.779292 62.594032
77.966469 6.736312 62.256339
5
-78.008545 -53.316573 -32.741564
-73.341216 -51.205481 -44.710903
-84.628831 -22.829620 -48.132831
-88.241533 -18.300066 -43.342121
-85.944910 -40.114557 -31.690610
4
-75.736437 -27.162169 -59.381888
-84.628831 -22.829620 -48.132831
-73.341216 -51.205481 -44.710903
-64.076083 -53.627517 -54.939467
5
71.059948 70.273432 -3.482609
57.239948 81.429363 -9.635728
66.956282 65.926131 -34.214056
75.538161 60.931290 -24.111493
75.134970 65.322530 -9.365014
5
-12.741019 98.995206 -6.133153
3.046459 94.931888 -31.283473
14.295404 96.333528 -22.704469
21.813310 97.572286 1.956642
16.845118 98.472187 4.412522
5
-18.915757 80.770085 -55.842524
-13.715811 90.962332 -39.213910
-37.097961 87.082558 -32.254757
-45.688478 78.671140 -41.514030
-40.018450 73.901649 -54.194741
6
-26.076635 -51.893342 -81.406942
-55.020123 -45.138664 -70.251599
-58.233508 -56.846678 -58.114661
-53.951386 -62.518810 -56.397220
-30.733343 -66.371954 -68.192560
-27.736792 -62.617640 -72.867699
7
-24.895629 95.178047 -17.926157
-13.655434 91.000914 -39.145405
2.475534 94.443808 -32.775582
3.046459 94.931888 -31.283473
-12.741019 98.995206 -6.133153
-15.819343 98.601749 -5.238662
-20.501968 97.681061 -6.170865
7
-10.027370 96.280295 25.090969
-27.140772 92.383728 26.993062
-31.803684 91.525858 24.729395
-33.614738 91.462584 22.464307
-24.177447 96.954258 -3.914454
-20.501968 97.681061 -6.170865
-15.819343 98.601749 -5.238662
8
7.465994 -95.619632 -28.304504
3.515670 -98.274647 -18.158575
5.158577 -98.861536 -14.134559
33.698766 -93.841348 7.628539
35.278231 -93.278899 7.381967
40.290305 -88.528213 -23.225994
29.540241 -87.645178 -38.022320
23.997300 -88.852570 -39.106910
8
95.026852 22.394280 21.642402
92.517404 28.425586 25.149873
88.029063 44.900647 15.323710
87.927931 45.514929 14.038173
88.236179 45.452239 12.184852
88.748018 44.864196 10.535334
97.588790 18.591665 -11.435823
99.107308 10.455895 -8.271381
4
-55.763239 -36.357493 -74.623012
-43.046820 -29.798625 -85.199843
-52.478239 -9.294616 -84.614683
-66.208772 -24.343406 -70.878750
7
-76.692891 29.864254 56.800765
-73.296516 32.140417 59.955103
-65.674360 13.701835 74.156174
-67.004914 2.664162 74.183851
-70.693362 -9.886139 70.033655
-86.295676 -0.682381 50.523170
-87.083250 5.068841 48.895956
7
-4.840447 81.579059 57.631825
-5.394436 69.678480 71.524887
-17.592949 66.418528 72.657190
-27.233542 66.013114 70.004307
-32.220207 68.400172 65.446732
-36.111376 72.750289 58.338358
-24.635993 82.153522 51.418544
8
36.459343 -53.850282 -75.966199
50.678937 -53.903719 -67.275808
55.124315 -50.688690 -66.271914
61.822199 -36.876479 -69.412830
58.231865 -28.582007 -76.105970
56.191892 -27.505966 -78.012134
30.279491 -29.208358 -90.719481
34.535077 -51.361344 -78.545151
7
22.293051 66.571378 71.212860
22.640981 67.652149 70.075478
41.999342 74.003915 52.530712
56.230325 61.453915 55.331427
60.298429 50.489645 61.764839
49.829269 45.294771 73.928531
31.233992 51.849469 79.599437
5
88.748018 44.864196 10.535334
88.236179 45.452239 12.184852
75.134970 65.322530 -9.365014
75.538161 60.931290 -24.111493
85.481440 47.080372 -21.825718
5
-13.871995 13.600844 98.094775
-13.153357 10.516039 98.571812
-41.003977 2.930817 91.159663
-46.612291 14.563667 87.265078
-29.013318 29.699072 90.973581
7
-47.284379 34.197230 81.207986
-34.961970 40.260340 84.597669
-32.837248 40.261253 85.444407
-30.307984 38.057471 87.367357
-29.013318 29.699072 90.973581
-46.612291 14.563667 87.265078
-54.203966 16.924477 82.313377
7
65.553321 -39.220781 64.532879
58.296134 -34.966412 73.341058
54.817432 -25.333968 79.707209
57.950049 -15.330650 80.042257
77.966469 6.736312 62.256339
80.555803 2.575258 59.195698
73.016494 -36.169775 57.968430
5
-49.270645 86.801979 6.149794
-48.809826 85.868755 15.625551
-63.474676 72.672710 26.261049
-64.901690 71.578327 25.774284
-67.584770 73.471320 -5.853549
5
3.422993 50.432124 -86.283741
-4.465828 28.230836 -95.828369
10.878784 25.161298 -96.169440
16.739446 39.672335 -90.254622
11.652823 49.657018 -86.013907
8
-11.578737 77.567748 -62.041739
-18.915757 80.770085 -55.842524
-40.018450 73.901649 -54.194741
-44.895692 64.795408 -61.529928
-35.106979 52.951740 -77.224434
-21.853428 51.966065 -82.595132
-12.146443 56.738156 -81.444739
-9.492459 66.949859 -73.672312
6
85.110515 32.837041 -40.962532
69.289797 53.215338 -48.652356
65.112086 36.056584 -66.785769
67.043799 28.561570 -68.478944
74.840768 22.110749 -62.529787
81.164770 24.336896 -53.103631
6
-96.527810 -22.044007 -14.015835
-90.286461 -38.552732 -19.027395
-85.944910 -40.114557 -31.690610
-88.241533 -18.300066 -43.342121
-88.380645 -17.949015 -43.205260
-97.052438 -16.404497 -17.655503
7
-92.361662 17.896199 -33.897632
-88.446318 4.918467 -46.401050
-77.400549 16.269911 -61.191870
-68.203921 30.545039 -66.447166
-69.465763 35.199430 -62.733627
-72.349327 37.291369 -58.094136
-83.135242 37.455451 -41.056311
6
73.016494 -36.169775 57.968430
80.555803 2.575258 59.195698
89.850491 0.773551 43.889530
95.622266 -11.492654 26.912845
92.251579 -25.766487 28.735593
81.395311 -40.028577 42.101263
7
-76.692891 29.864254 56.800765
-90.548750 29.871549 30.143232
-79.607761 55.935706 23.104138
-78.294703 57.564615 23.585051
-77.218936 58.562168 24.651744
-72.784905 33.277960 59.957776
-73.296516 32.140417 59.955103
4
56.191892 -27.505966 -78.012134
41.594057 -8.516864 -90.539480
23.876548 -20.920648 -94.827406
30.279491 -29.208358 -90.719481
8
-60.531931 -79.575687 1.896165
-59.413489 -79.925039 -9.056790
-66.199347 -72.786126 -17.883689
-78.394803 -60.638508 -13.312629
-81.545637 -57.712313 -4.426963
-81.986498 -57.242074 1.248611
-79.189425 -60.163008 10.461715
-66.444450 -73.803917 11.752315
5
91.740257 29.174328 -27.066286
97.588790 18.591665 -11.435823
88.748018 44.864196 10.535334
85.481440 47.080372 -21.825718
89.920976 32.632566 -29.143332
6
-94.781062 22.116440 22.965481
-95.169226 23.183925 20.132661
-91.123952 41.155646 1.624270
-91.092767 41.225486 1.602196
-79.607761 55.935706 23.104138
-90.548750 29.871549 30.143232
5
-3.560591 -45.595839 -88.928857
-19.013321 -22.443315 -95.576102
-30.284487 -23.257703 -92.422557
-37.378276 -30.795377 -87.490052
-25.547400 -51.087372 -82.081732
5
27.906035 0.071643 96.027330
34.249463 11.082870 93.296004
48.863148 7.949247 86.886145
50.970083 4.735283 85.904760
34.527036 -12.369829 93.031560
6
-98.121213 -4.936817 18.650882
-96.113206 11.462761 25.116863
-87.083250 5.068841 48.895956
-86.295676 -0.682381 50.523170
-90.268422 -19.288536 38.465106
-95.993380 -16.168622 22.887695
6
58.231865 -28.582007 -76.105970
62.458525 -3.416239 -78.020907
55.392792 2.989711 -83.202766
44.057233 -2.879200 -89.725528
41.594057 -8.516864 -90.539480
56.191892 -27.505966 -78.012134
3
0.562040 -46.079505 88.748878
-23.736717 -53.747168 80.918540
-33.061983 -28.759754 89.887607
7
48.886011 50.846959 -70.885433
40.116389 52.677413 -74.938411
39.839204 30.350673 -86.554460
41.853774 28.326801 -86.289362
56.232852 21.621717 -79.814583
67.043799 28.561570 -68.478944
65.112086 36.056584 -66.785769
6
-88.170002 45.995926 -10.508357
-76.350645 57.321186 -29.746608
-73.027013 61.481164 -29.784589
-72.310981 68.455652 -9.216602
-78.397826 61.967744 -3.712086
-88.222104 46.452683 -7.681701
6
69.111877 12.418290 71.199260
53.067330 3.774688 84.673551
50.970083 4.735283 85.904760
48.863148 7.949247 86.886145
48.672015 25.386389 83.585682
52.776655 34.423463 77.650820
7
22.293051 66.571378 71.212860
0.360219 68.037982 73.285082
-5.394436 69.678480 71.524887
-4.840447 81.579059 57.631825
8.949123 89.797228 43.085624
13.904132 88.362781 44.706757
22.640981 67.652149 70.075478
5
16.448276 73.150242 -66.170207
24.124575 75.779135 -60.626129
18.167570 86.480688 -46.808440
12.338201 87.979051 -45.907030
2.746457 80.663075 -59.041726
5
16.448276 73.150242 -66.170207
2.746457 80.663075 -59.041726
-11.578737 77.567748 -62.041739
-9.492459 66.949859 -73.672312
15.538431 69.425459 -70.275620
7
-47.873987 -82.976507 28.687641
-47.702108 -82.816926 29.425596
-45.846529 -83.310912 30.941683
-14.255959 -91.497798 37.748120
-13.944844 -97.265475 18.573334
-23.853064 -96.769663 8.164787
-41.294733 -89.555568 16.569407
8
63.899788 64.196137 -42.375383
64.244540 66.086918 -38.796371
40.631876 85.267412 -32.840815
38.695196 85.640046 -34.182808
36.315484 85.163622 -37.793427
36.522984 71.750821 -59.311814
37.724429 70.549404 -59.997076
60.824902 64.429841 -46.358677
4
10.878784 25.161298 -96.169440
16.985451 11.842405 -97.832775
34.034324 30.353997 -88.996065
16.739446 39.672335 -90.254622
5
-4.840447 81.579059 57.631825
-24.635993 82.153522 51.418544
-23.103877 84.866545 47.580253
4.372394 92.502256 37.738770
8.949123 89.797228 43.085624
5
16.016403 -67.658328 -71.873677
4.860001 -64.848824 -75.967166
-2.441259 -69.076314 -72.266888
-8.330812 -79.567175 -59.997185
18.833984 -85.429702 -48.446331
7
19.192378 39.760939 89.725806
21.473058 29.129163 93.222313
6.420303 4.586963 99.688211
-5.058268 -0.223839 99.871737
-13.153357 10.516039 98.571812
-13.871995 13.600844 98.094775
3.546879 40.580844 91.326966
6
83.315976 -46.490718 -29.950980
85.310824 -47.388009 -21.827505
96.853603 -22.197022 -11.254859
98.883053 -8.447275 -12.279470
88.376002 -19.779243 -42.408299
84.648940 -34.448861 -40.593508
7
-51.395026 61.132952 -60.177350
-44.895692 64.795408 -61.529928
-40.018450 73.901649 -54.194741
-45.688478 78.671140 -41.514030
-55.118209 76.339614 -33.678574
-69.439850 63.706290 -33.460662
-67.164774 60.347317 -42.977837
7
-46.283184 73.888401 48.973167
-31.803684 91.525858 24.729395
-27.140772 92.383728 26.993062
-23.103877 84.866545 47.580253
-24.635993 82.153522 51.418544
-36.111376 72.750289 58.338358
-44.607761 72.464510 52.526588
6
34.535077 -51.361344 -78.545151
1.244439 -42.908890 -90.317654
-3.373249 -45.620803 -88.923358
4.860001 -64.848824 -75.967166
16.016403 -67.658328 -71.873677
36.459343 -53.850282 -75.966199
7
-61.930105 -36.113459 69.717144
-64.745144 -32.248200 69.051574
-70.693362 -9.886139 70.033655
-67.004914 2.664162 74.183851
-43.346205 -5.677415 89.938165
-38.625767 -26.791524 88.262474
-61.325873 -36.325732 70.139707
7
-4.388049 -2.743405 -99.866004
-19.013321 -22.443315 -95.576102
-3.560591 -45.595839 -88.928857
-3.373249 -45.620803 -88.923358
1.244439 -42.908890 -90.317654
16.965686 -19.694643 -96.562345
6.522483 -4.616067 -99.680234
6
14.295404 96.333528 -22.704469
38.695196 85.640046 -34.182808
40.631876 85.267412 -32.840815
44.284470 89.560571 -4.217799
39.653417 91.674171 4.842813
21.813310 97.572286 1.956642
5
-13.655434 91.000914 -39.145405
-24.895629 95.178047 -17.926157
-36.120557 90.033658 -24.274387
-37.097961 87.082558 -32.254757
-13.715811 90.962332 -39.213910
8
-98.149101 13.256459 -13.821008
-96.119340 17.307642 -21.482971
-90.004879 40.008667 -17.275079
-88.170002 45.995926 -10.508357
-88.222104 46.452683 -7.681701
-91.092767 41.225486 1.602196
-91.123952 41.155646 1.624270
-98.176044 14.317289 -12.509181
7
-30.284487 -23.257703 -92.422557
-37.649677 -0.138939 -92.641689
-42.044433 2.345566 -90.701510
-51.127563 -0.129753 -85.941582
-52.478239 -9.294616 -84.614683
-43.046820 -29.798625 -85.199843
-37.378276 -30.795377 -87.490052
6
-78.394803 -60.638508 -13.312629
-77.600342 -55.526617 -29.916245
-78.008545 -53.316573 -32.741564
-85.944910 -40.114557 -31.690610
-90.286461 -38.552732 -19.027395
-81.545637 -57.712313 -4.426963
5
44.057233 -2.879200 -89.725528
55.392792 2.989711 -83.202766
56.232852 21.621717 -79.814583
41.853774 28.326801 -86.289362
36.097696 7.686671 -92.940150
7
8.606538 -80.523196 58.668069
-5.454805 -85.777548 51.112203
-11.535641 -83.186594 54.285538
-25.483450 -69.189055 67.553449
-26.131764 -63.316422 72.857131
-25.695895 -62.977043 73.304932
0.996165 -62.058053 78.407944
7
-43.346205 -5.677415 89.938165
-41.003977 2.930817 91.159663
-13.153357 10.516039 98.571812
-5.058268 -0.223839 99.871737
-5.888374 -7.186824 99.567448
-33.902222 -27.656142 89.920950
-38.625767 -26.791524 88.262474
7
-41.294733 -89.555568 16.569407
-23.853064 -96.769663 8.164787
-23.008067 -97.086293 -6.699293
-32.526291 -93.424028 -14.628442
-40.721562 -89.729826 -17.038565
-40.913227 -89.679282 -16.844416
-47.836019 -87.796315 1.876796
6
-61.325873 -36.325732 70.139707
-51.077238 -50.613340 69.493925
-46.048308 -68.665232 56.255126
-56.654771 -71.046358 41.745082
-71.647970 -54.454628 43.603463
-61.930105 -36.113459 69.717144
4
77.981326 10.280533 61.751303
62.972611 49.439396 59.918248
72.752509 47.972050 49.048495
83.241632 30.085520 46.536999
7
-58.037239 4.732725 -81.297479
-71.277286 -4.652299 -69.985031
-71.332944 -4.795694 -69.918613
-67.521892 -23.671542 -69.860234
-66.208772 -24.343406 -70.878750
-52.478239 -9.294616 -84.614683
-51.127563 -0.129753 -85.941582
5
52.412703 -62.970559 57.337747
31.825296 -67.158739 66.909300
29.197340 -50.710674 81.092187
58.296134 -34.966412 73.341058
65.553321 -39.220781 64.532879
3
-95.963918 -25.935431 10.875655
-85.545613 -51.772027 1.267003
-96.433891 -24.780556 -9.296705
5
92.944538 -35.166901 11.162521
96.853603 -22.197022 -11.254859
85.310824 -47.388009 -21.827505
85.020221 -48.484618 -20.513502
86.212759 -50.448343 4.724908
4
22.640981 67.652149 70.075478
13.904132 88.362781 44.706757
39.198637 85.448092 34.089447
41.999342 74.003915 52.530712
6
-65.674360 13.701835 74.156174
-54.203966 16.924477 82.313377
-46.612291 14.563667 87.265078
-41.003977 2.930817 91.159663
-43.346205 -5.677415 89.938165
-67.004914 2.664162 74.183851
7
40.116389 52.677413 -74.938411
37.501289 55.007526 -74.617863
21.663498 56.687011 -79.481291
11.652823 49.657018 -86.013907
16.739446 39.672335 -90.254622
34.034324 30.353997 -88.996065
39.839204 30.350673 -86.554460
7
-51.127563 -0.129753 -85.941582
-42.044433 2.345566 -90.701510
-37.157813 20.948230 -90.445943
-37.548210 23.289833 -89.709061
-50.546058 33.789268 -79.393837
-63.332741 28.392138 -71.992016
-58.037239 4.732725 -81.297479
6
29.540241 -87.645178 -38.022320
40.290305 -88.528213 -23.225994
49.039815 -84.921633 -19.580929
64.585341 -73.108141 -21.998487
63.184357 -68.723560 -35.844237
39.386897 -80.288270 -44.748923
4
4.605710 -99.033190 13.084901
15.249106 -96.829025 19.789006
33.698766 -93.841348 7.628539
5.158577 -98.861536 -14.134559
5
-22.713175 -77.768837 -58.618425
-30.733343 -66.371954 -68.192560
-53.951386 -62.518810 -56.397220
-52.949543 -70.090106 -47.788314
-33.925407 -81.424817 -47.106962
7
6.522483 -4.616067 -99.680234
16.965686 -19.694643 -96.562345
23.876548 -20.920648 -94.827406
41.594057 -8.516864 -90.539480
44.057233 -2.879200 -89.725528
36.097696 7.686671 -92.940150
16.933642 10.643082 -97.979470
6
-14.255959 -91.497798 37.748120
-45.846529 -83.310912 30.941683
-36.336857 -79.390434 48.752351
-11.535641 -83.186594 54.285538
-5.454805 -85.777548 51.112203
-5.738692 -86.451609 49.931822
6
-22.136669 37.694845 -89.939238
-11.090826 24.741007 -96.254227
-4.465828 28.230836 -95.828369
3.422993 50.432124 -86.283741
-12.146443 56.738156 -81.444739
-21.853428 51.966065 -82.595132
5
-32.220207 68.400172 65.446732
-27.233542 66.013114 70.004307
-32.837248 40.261253 85.444407
-34.961970 40.260340 84.597669
-49.049996 49.467229 71.743231
5
-42.044433 2.345566 -90.701510
-37.649677 -0.138939 -92.641689
-10.678034 3.115388 -99.379444
-13.184839 15.815838 -97.857137
-37.157813 20.948230 -90.445943
7
64.064101 -74.841820 17.160800
64.603991 -75.254790 12.768753
49.039815 -84.921633 -19.580929
40.290305 -88.528213 -23.225994
35.278231 -93.278899 7.381967
50.111297 -84.318548 19.474096
63.365849 -75.127551 18.455903
6
-44.607761 72.464510 52.526588
-62.557431 52.107362 58.063678
-70.642025 65.529323 26.750927
-64.901690 71.578327 25.774284
-63.474676 72.672710 26.261049
-46.283184 73.888401 48.973167
7
56.232852 21.621717 -79.814583
55.392792 2.989711 -83.202766
62.458525 -3.416239 -78.020907
73.491005 -1.796538 -67.792659
76.813138 4.392693 -63.878370
74.840768 22.110749 -62.529787
67.043799 28.561570 -68.478944
7
92.175385 10.444697 -37.344433
94.210210 1.761657 -33.486308
98.927920 -8.098187 -12.152613
99.620576 -3.468535 -7.981863
99.107308 10.455895 -8.271381
97.588790 18.591665 -11.435823
91.740257 29.174328 -27.066286
7
15.538431 69.425459 -70.275620
21.663498 56.687011 -79.481291
37.501289 55.007526 -74.617863
37.724429 70.549404 -59.997076
36.522984 71.750821 -59.311814
24.124575 75.779135 -60.626129
16.448276 73.150242 -66.170207
6
-80.323546 -54.534964 23.959668
-95.736633 -21.609727 19.170727
-95.993380 -16.168622 22.887695
-90.268422 -19.288536 38.465106
-89.740130 -20.288551 39.180146
-77.704463 -53.000459 33.955380
5
-32.278303 -85.818320 -39.916500
-43.777124 -86.262139 -25.345744
-40.721562 -89.729826 -17.038565
-32.526291 -93.424028 -14.628442
-18.791922 -90.847257 -37.331483
6
-9.492459 66.949859 -73.672312
-12.146443 56.738156 -81.444739
3.422993 50.432124 -86.283741
11.652823 49.657018 -86.013907
21.663498 56.687011 -79.481291
15.538431 69.425459 -70.275620
5
-87.083250 5.068841 48.895956
-96.113206 11.462761 25.116863
-94.781062 22.116440 22.965481
-90.548750 29.871549 30.143232
-76.692891 29.864254 56.800765
6
-16.347799 -80.481427 -57.056896
-22.713175 -77.768837 -58.618425
-33.925407 -81.424817 -47.106962
-32.278303 -85.818320 -39.916500
-18.791922 -90.847257 -37.331483
-13.911785 -91.043268 -38.956201
6
89.920976 32.632566 -29.143332
85.110515 32.837041 -40.962532
81.164770 24.336896 -53.103631
88.511644 10.122200 -45.422792
92.175385 10.444697 -37.344433
91.740257 29.174328 -27.066286
6
86.212759 -50.448343 4.724908
85.020221 -48.484618 -20.513502
71.996308 -67.971469 -14.014669
64.603991 -75.254790 12.768753
64.064101 -74.841820 17.160800
84.961029 -52.295006 6.845132
5
-19.013321 -22.443315 -95.576102
-4.388049 -2.743405 -99.866004
-10.678034 3.115388 -99.379444
-37.649677 -0.138939 -92.641689
-30.284487 -23.257703 -92.422557
7
35.278231 -93.278899 7.381967
33.698766 -93.841348 7.628539
15.249106 -96.829025 19.789006
15.274676 -96.130807 22.924928
24.787090 -90.798943 33.780943
41.117796 -85.709238 31.036323
50.111297 -84.318548 19.474096
8
29.197340 -50.710674 81.092187
31.825296 -67.158739 66.909300
18.218247 -78.907693 58.665760
15.388657 -79.860463 58.185013
8.606538 -80.523196 58.668069
0.996165 -62.058053 78.407944
6.743322 -46.561693 88.241353
13.431506 -41.881335 89.808398
4
-36.336857 -79.390434 48.752351
-40.098664 -71.889805 56.779864
-25.483450 -69.189055 67.553449
-11.535641 -83.186594 54.285538
6
31.233992 51.849469 79.599437
19.192378 39.760939 89.725806
3.546879 40.580844 91.326966
-1.873704 44.584127 89.491591
0.360219 68.037982 73.285082
22.293051 66.571378 71.212860
6
-81.986498 -57.242074 1.248611
-85.545613 -51.772027 1.267003
-95.963918 -25.935431 10.875655
-95.736633 -21.609727 19.170727
-80.323546 -54.534964 23.959668
-79.189425 -60.163008 10.461715
5
-90.268422 -19.288536 38.465106
-86.295676 -0.682381 50.523170
-70.693362 -9.886139 70.033655
-64.745144 -32.248200 69.051574
-89.740130 -20.288551 39.180146
5
68.796420 71.018834 14.945829
71.059948 70.273432 -3.482609
75.134970 65.322530 -9.365014
88.236179 45.452239 12.184852
87.927931 45.514929 14.038173
5
-66.199347 -72.786126 -17.883689
-54.921860 -76.433889 -33.785350
-55.442356 -74.147185 -37.793388
-77.600342 -55.526617 -29.916245
-78.394803 -60.638508 -13.312629
5
-71.647970 -54.454628 43.603463
-77.704463 -53.000459 33.955380
-89.740130 -20.288551 39.180146
-64.745144 -32.248200 69.051574
-61.930105 -36.113459 69.717144
5
-47.836019 -87.796315 1.876796
-60.531931 -79.575687 1.896165
-66.444450 -73.803917 11.752315
-47.873987 -82.976507 28.687641
-41.294733 -89.555568 16.569407
5
-63.332741 28.392138 -71.992016
-68.203921 30.545039 -66.447166
-77.400549 16.269911 -61.191870
-71.277286 -4.652299 -69.985031
-58.037239 4.732725 -81.297479
5
0.562040 -46.079505 88.748878
6.743322 -46.561693 88.241353
0.996165 -62.058053 78.407944
-25.695895 -62.977043 73.304932
-23.736717 -53.747168 80.918540
5
48.886011 50.846959 -70.885433
60.824902 64.429841 -46.358677
37.724429 70.549404 -59.997076
37.501289 55.007526 -74.617863
40.116389 52.677413 -74.938411
6
-13.911785 -91.043268 -38.956201
7.465994 -95.619632 -28.304504
23.997300 -88.852570 -39.106910
18.833984 -85.429702 -48.446331
-8.330812 -79.567175 -59.997185
-16.347799 -80.481427 -57.056896
8
-23.736717 -53.747168 80.918540
-25.695895 -62.977043 73.304932
-26.131764 -63.316422 72.857131
-51.077238 -50.613340 69.493925
-61.325873 -36.325732 70.139707
-38.625767 -26.791524 88.262474
-33.902222 -27.656142 89.920950
-33.061983 -28.759754 89.887607
8
-96.119340 17.307642 -21.482971
-98.149101 13.256459 -13.821008
-99.532847 -0.109353 -9.654040
-97.052438 -16.404497 -17.655503
-88.380645 -17.949015 -43.205260
-87.966096 -7.439046 -46.974744
-88.446318 4.918467 -46.401050
-92.361662 17.896199 -33.897632
6
-55.020123 -45.138664 -70.251599
-26.076635 -51.893342 -81.406942
-25.547400 -51.087372 -82.081732
-37.378276 -30.795377 -87.490052
-43.046820 -29.798625 -85.199843
-55.763239 -36.357493 -74.623012
5
-37.157813 20.948230 -90.445943
-13.184839 15.815838 -97.857137
-11.090826 24.741007 -96.254227
-22.136669 37.694845 -89.939238
-37.548210 23.289833 -89.709061
6
-44.607761 72.464510 52.526588
-36.111376 72.750289 58.338358
-32.220207 68.400172 65.446732
-49.049996 49.467229 71.743231
-65.247813 43.480382 62.065927
-62.557431 52.107362 58.063678
5
-26.131764 -63.316422 72.857131
-25.483450 -69.189055 67.553449
-40.098664 -71.889805 56.779864
-46.048308 -68.665232 56.255126
-51.077238 -50.613340 69.493925
6
-73.296516 32.140417 59.955103
-72.784905 33.277960 59.957776
-67.095364 40.459832 62.138669
-47.284379 34.197230 81.207986
-54.203966 16.924477 82.313377
-65.674360 13.701835 74.156174
7
-88.380645 -17.949015 -43.205260
-88.241533 -18.300066 -43.342121
-84.628831 -22.829620 -48.132831
-75.736437 -27.162169 -59.381888
-67.521892 -23.671542 -69.860234
-71.332944 -4.795694 -69.918613
-87.966096 -7.439046 -46.974744
6
-81.545637 -57.712313 -4.426963
-90.286461 -38.552732 -19.027395
-96.527810 -22.044007 -14.015835
-96.433891 -24.780556 -9.296705
-85.545613 -51.772027 1.267003
-81.986498 -57.242074 1.248611
5
39.386897 -80.288270 -44.748923
63.184357 -68.723560 -35.844237
70.493713 -56.500792 -42.875366
55.124315 -50.688690 -66.271914
50.678937 -53.903719 -67.275808
7
77.966469 6.736312 62.256339
77.598130 7.779292 62.594032
77.981326 10.280533 61.751303
83.241632 30.085520 46.536999
91.423308 26.671160 30.502917
89.850491 0.773551 43.889530
80.555803 2.575258 59.195698
7
14.448322 -33.372957 93.153055
13.431506 -41.881335 89.808398
6.743322 -46.561693 88.241353
0.562040 -46.079505 88.748878
-33.061983 -28.759754 89.887607
-33.902222 -27.656142 89.920950
-5.888374 -7.186824 99.567448
6
88.029063 44.900647 15.323710
75.473457 52.266047 39.648678
59.591383 76.076510 25.714427
58.700979 77.361242 23.862801
68.796420 71.018834 14.945829
87.927931 45.514929 14.038173
5
88.511644 10.122200 -45.422792
86.142277 -2.100396 -50.745408
87.475848 -6.716660 -47.988150
94.210210 1.761657 -33.486308
92.175385 10.444697 -37.344433
5
16.845118 98.472187 4.412522
0.921459 95.644877 29.175475
-10.027370 96.280295 25.090969
-15.819343 98.601749 -5.238662
-12.741019 98.995206 -6.133153
5
81.203914 -41.204816 41.329016
84.961029 -52.295006 6.845132
64.064101 -74.841820 17.160800
63.365849 -75.127551 18.455903
65.014025 -71.651061 25.284422
6
81.395311 -40.028577 42.101263
92.251579 -25.766487 28.735593
92.944538 -35.166901 11.162521
86.212759 -50.448343 4.724908
84.961029 -52.295006 6.845132
81.203914 -41.204816 41.329016
6
34.615787 -18.097747 92.055520
54.817432 -25.333968 79.707209
58.296134 -34.966412 73.341058
29.197340 -50.710674 81.092187
13.431506 -41.881335 89.808398
14.448322 -33.372957 93.153055
5
34.535077 -51.361344 -78.545151
30.279491 -29.208358 -90.719481
23.876548 -20.920648 -94.827406
16.965686 -19.694643 -96.562345
1.244439 -42.908890 -90.317654
6
-33.925407 -81.424817 -47.106962
-52.949543 -70.090106 -47.788314
-55.442356 -74.147185 -37.793388
-54.921860 -76.433889 -33.785350
-43.777124 -86.262139 -25.345744
-32.278303 -85.818320 -39.916500
7
16.016403 -67.658328 -71.873677
18.833984 -85.429702 -48.446331
23.997300 -88.852570 -39.106910
29.540241 -87.645178 -38.022320
39.386897 -80.288270 -44.748923
50.678937 -53.903719 -67.275808
36.459343 -53.850282 -75.966199
8
-98.121213 -4.936817 18.650882
-95.993380 -16.168622 22.887695
-95.736633 -21.609727 19.170727
-95.963918 -25.935431 10.875655
-96.433891 -24.780556 -9.296705
-96.527810 -22.044007 -14.015835
-97.052438 -16.404497 -17.655503
-99.532847 -0.109353 -9.654040
7
-67.521892 -23.671542 -69.860234
-75.736437 -27.162169 -59.381888
-64.076083 -53.627517 -54.939467
-58.233508 -56.846678 -58.114661
-55.020123 -45.138664 -70.251599
-55.763239 -36.357493 -74.623012
-66.208772 -24.343406 -70.878750
5
81.164770 24.336896 -53.103631
74.840768 22.110749 -62.529787
76.813138 4.392693 -63.878370
86.142277 -2.100396 -50.745408
88.511644 10.122200 -45.422792
5
-71.277286 -4.652299 -69.985031
-77.400549 16.269911 -61.191870
-88.446318 4.918467 -46.401050
-87.966096 -7.439046 -46.974744
-71.332944 -4.795694 -69.918613
5
-34.961970 40.260340 84.597669
-47.284379 34.197230 81.207986
-67.095364 40.459832 62.138669
-65.247813 43.480382 62.065927
-49.049996 49.467229 71.743231
6
-24.177447 96.954258 -3.914454
-44.845395 89.276008 -4.322611
-47.633473 86.991416 -12.788501
-36.120557 90.033658 -24.274387
-24.895629 95.178047 -17.926157
-20.501968 97.681061 -6.170865
5
41.117796 -85.709238 31.036323
24.787090 -90.798943 33.780943
15.388657 -79.860463 58.185013
18.218247 -78.907693 58.665760
37.829240 -81.171856 44.498073
7
38.695196 85.640046 -34.182808
14.295404 96.333528 -22.704469
3.046459 94.931888 -31.283473
2.475534 94.443808 -32.775582
12.338201 87.979051 -45.907030
18.167570 86.480688 -46.808440
36.315484 85.163622 -37.793427
5
-88.222104 46.452683 -7.681701
-78.397826 61.967744 -3.712086
-78.294703 57.564615 23.585051
-79.607761 55.935706 23.104138
-91.092767 41.225486 1.602196
5
60.824902 64.429841 -46.358677
48.886011 50.846959 -70.885433
65.112086 36.056584 -66.785769
69.289797 53.215338 -48.652356
63.899788 64.196137 -42.375383
6
88.029063 44.900647 15.323710
92.517404 28.425586 25.149873
91.423308 26.671160 30.502917
83.241632 30.085520 46.536999
72.752509 47.972050 49.048495
75.473457 52.266047 39.648678
5
-24.177447 96.954258 -3.914454
-33.614738 91.462584 22.464307
-48.809826 85.868755 15.625551
-49.270645 86.801979 6.149794
-44.845395 89.276008 -4.322611
4
-83.012758 40.704712 -38.105228
-76.350645 57.321186 -29.746608
-88.170002 45.995926 -10.508357
-90.004879 40.008667 -17.275079
9
16.933642 10.643082 -97.979470
16.985451 11.842405 -97.832775
10.878784 25.161298 -96.169440
-4.465828 28.230836 -95.828369
-11.090826 24.741007 -96.254227
-13.184839 15.815838 -97.857137
-10.678034 3.115388 -99.379444
-4.388049 -2.743405 -99.866004
6.522483 -4.616067 -99.680234
6
65.014025 -71.651061 25.284422
63.365849 -75.127551 18.455903
50.111297 -84.318548 19.474096
41.117796 -85.709238 31.036323
37.829240 -81.171856 44.498073
53.639802 -67.348134 50.862565
8
92.251579 -25.766487 28.735593
95.622266 -11.492654 26.912845
97.332793 -7.902916 21.537672
99.620576 -3.468535 -7.981863
98.927920 -8.098187 -12.152613
98.883053 -8.447275 -12.279470
96.853603 -22.197022 -11.254859
92.944538 -35.166901 11.162521
3
-98.176044 14.317289 -12.509181
-91.123952 41.155646 1.624270
-95.169226 23.183925 20.132661
5
-30.307984 38.057471 87.367357
-32.837248 40.261253 85.444407
-27.233542 66.013114 70.004307
-17.592949 66.418528 72.657190
-11.109297 46.240387 87.968234
4
-60.531931 -79.575687 1.896165
-47.836019 -87.796315 1.876796
-40.913227 -89.679282 -16.844416
-59.413489 -79.925039 -9.056790
6
-47.702108 -82.816926 29.425596
-56.654771 -71.046358 41.745082
-46.048308 -68.665232 56.255126
-40.098664 -71.889805 56.779864
-36.336857 -79.390434 48.752351
-45.846529 -83.310912 30.941683
8
-77.600342 -55.526617 -29.916245
-55.442356 -74.147185 -37.793388
-52.949543 -70.090106 -47.788314
-53.951386 -62.518810 -56.397220
-58.233508 -56.846678 -58.114661
-64.076083 -53.627517 -54.939467
-73.341216 -51.205481 -44.710903
-78.008545 -53.316573 -32.741564
4
48.672015 25.386389 83.585682
48.863148 7.949247 86.886145
34.249463 11.082870 93.296004
31.733056 19.961492 92.706807
6
56.230325 61.453915 55.331427
59.591383 76.076510 25.714427
75.473457 52.266047 39.648678
72.752509 47.972050 49.048495
62.972611 49.439396 59.918248
60.298429 50.489645 61.764839
5
18.218247 -78.907693 58.665760
31.825296 -67.158739 66.909300
52.412703 -62.970559 57.337747
53.639802 -67.348134 50.862565
37.829240 -81.171856 44.498073
5
84.648940 -34.448861 -40.593508
88.376002 -19.779243 -42.408299
87.015165 -14.925252 -46.963793
75.299626 -19.315794 -62.903629
67.288081 -33.069243 -66.172043
7
14.448322 -33.372957 93.153055
-5.888374 -7.186824 99.567448
-5.058268 -0.223839 99.871737
6.420303 4.586963 99.688211
27.906035 0.071643 96.027330
34.527036 -12.369829 93.031560
34.615787 -18.097747 92.055520
6
24.787090 -90.798943 33.780943
15.274676 -96.130807 22.924928
-5.738692 -86.451609 49.931822
-5.454805 -85.777548 51.112203
8.606538 -80.523196 58.668069
15.388657 -79.860463 58.185013
5
64.244540 66.086918 -38.796371
66.956282 65.926131 -34.214056
57.239948 81.429363 -9.635728
44.284470 89.560571 -4.217799
40.631876 85.267412 -32.840815
7
-51.395026 61.132952 -60.177350
-69.465763 35.199430 -62.733627
-68.203921 30.545039 -66.447166
-63.332741 28.392138 -71.992016
-50.546058 33.789268 -79.393837
-35.106979 52.951740 -77.224434
-44.895692 64.795408 -61.529928
6
-43.777124 -86.262139 -25.345744
-54.921860 -76.433889 -33.785350
-66.199347 -72.786126 -17.883689
-59.413489 -79.925039 -9.056790
-40.913227 -89.679282 -16.844416
-40.721562 -89.729826 -17.038565
7
-95.169226 23.183925 20.132661
-94.781062 22.116440 22.965481
-96.113206 11.462761 25.116863
-98.121213 -4.936817 18.650882
-99.532847 -0.109353 -9.654040
-98.149101 13.256459 -13.821008
-98.176044 14.317289 -12.509181
7
-3.373249 -45.620803 -88.923358
-3.560591 -45.595839 -88.928857
-25.547400 -51.087372 -82.081732
-26.076635 -51.893342 -81.406942
-27.736792 -62.617640 -72.867699
-2.441259 -69.076314 -72.266888
4.860001 -64.848824 -75.967166
7
49.829269 45.294771 73.928531
52.776655 34.423463 77.650820
48.672015 25.386389 83.585682
31.733056 19.961492 92.706807
21.473058 29.129163 93.222313
19.192378 39.760939 89.725806
31.233992 51.849469 79.599437
7
77.981326 10.280533 61.751303
77.598130 7.779292 62.594032
69.111877 12.418290 71.199260
52.776655 34.423463 77.650820
49.829269 45.294771 73.928531
60.298429 50.489645 61.764839
62.972611 49.439396 59.918248
6
4.605710 -99.033190 13.084901
5.158577 -98.861536 -14.134559
3.515670 -98.274647 -18.158575
-23.008067 -97.086293 -6.699293
-23.853064 -96.769663 8.164787
-13.944844 -97.265475 18.573334
7
57.239948 81.429363 -9.635728
71.059948 70.273432 -3.482609
68.796420 71.018834 14.945829
58.700979 77.361242 23.862801
47.308008 85.345970 21.863620
39.653417 91.674171 4.842813
44.284470 89.560571 -4.217799
6
-16.347799 -80.481427 -57.056896
-8.330812 -79.567175 -59.997185
-2.441259 -69.076314 -72.266888
-27.736792 -62.617640 -72.867699
-30.733343 -66.371954 -68.192560
-22.713175 -77.768837 -58.618425
6
89.850491 0.773551 43.889530
91.423308 26.671160 30.502917
92.517404 28.425586 25.149873
95.026852 22.394280 21.642402
97.332793 -7.902916 21.537672
95.622266 -11.492654 26.912845
6
-44.845395 89.276008 -4.322611
-49.270645 86.801979 6.149794
-67.584770 73.471320 -5.853549
-67.772729 73.246575 -6.465025
-54.824109 81.800718 -17.405737
-47.633473 86.991416 -12.788501
6
67.288081 -33.069243 -66.172043
75.299626 -19.315794 -62.903629
73.491005 -1.796538 -67.792659
62.458525 -3.416239 -78.020907
58.231865 -28.582007 -76.105970
61.822199 -36.876479 -69.412830
6
3.515670 -98.274647 -18.158575
7.465994 -95.619632 -28.304504
-13.911785 -91.043268 -38.956201
-18.791922 -90.847257 -37.331483
-32.526291 -93.424028 -14.628442
-23.008067 -97.086293 -6.699293
6
41.999342 74.003915 52.530712
39.198637 85.448092 34.089447
47.308008 85.345970 21.863620
58.700979 77.361242 23.862801
59.591383 76.076510 25.714427
56.230325 61.453915 55.331427
9
16.845118 98.472187 4.412522
21.813310 97.572286 1.956642
39.653417 91.674171 4.842813
47.308008 85.345970 21.863620
39.198637 85.448092 34.089447
13.904132 88.362781 44.706757
8.949123 89.797228 43.085624
4.372394 92.502256 37.738770
0.921459 95.644877 29.175475
4
-69.465763 35.199430 -62.733627
-51.395026 61.132952 -60.177350
-67.164774 60.347317 -42.977837
-72.349327 37.291369 -58.094136
4
64.603991 -75.254790 12.768753
71.996308 -67.971469 -14.014669
64.585341 -73.108141 -21.998487
49.039815 -84.921633 -19.580929
