200
6
-59.805400 5.292582 -79.970636
-63.479341 0.467327 -77.266777
-61.793698 -25.264444 -74.452984
-50.016787 -30.142068 -81.177440
-38.610797 -25.133722 -88.755295
-35.971738 -20.981512 -90.916501
6
-41.766458 65.517186 62.952850
-8.112273 69.464451 71.476437
-7.218458 66.465380 74.365632
-17.274225 54.979544 81.724237
-32.727340 50.983301 79.558935
-42.689280 60.933841 66.818354
5
66.492116 33.051647 66.980498
51.648124 47.463720 71.271780
56.973737 62.147277 53.774615
57.983380 61.943677 52.923611
72.846352 50.470508 46.326417
7
-47.592431 56.426101 -67.461512
-62.230862 65.503761 -42.855305
-69.065212 60.479606 -39.651151
-75.196343 51.693629 -40.905729
-74.750578 47.056274 -46.883453
-57.477088 40.438933 -71.141248
-47.214991 53.099847 -70.364415
5
-49.268824 33.567855 80.285628
-51.955227 47.063910 71.313693
-42.689280 60.933841 66.818354
-32.727340 50.983301 79.558935
-37.835752 41.368994 82.807380
5
-44.149012 -31.226298 84.117674
-56.166756 -20.264913 80.216138
-58.622915 -0.399130 81.013546
-47.050307 11.728294 87.456937
-41.817707 -27.739556 86.497378
5
-35.900839 75.501556 -54.869343
-40.000364 77.007695 -49.696940
-60.791534 67.011128 -42.589883
-62.230862 65.503761 -42.855305
-47.592431 56.426101 -67.461512
7
94.007642 -7.986543 -33.147827
96.735759 -20.604197 -14.753308
98.469907 -15.082192 -8.729546
99.812291 1.531113 -5.929777
94.697009 19.316435 -25.677846
93.917703 18.080358 -29.198728
92.725059 14.414592 -34.558399
5
59.320705 -74.103168 31.460681
61.642881 -76.142578 20.061482
39.340761 -90.513642 16.111646
32.701827 -84.740239 41.829205
33.629322 -82.422832 45.558155
6
79.693401 -11.065085 -59.384558
61.967919 -4.298212 -78.367738
58.758206 -28.195335 -75.845213
73.350642 -33.444983 -59.170232
76.614812 -31.530218 -56.000142
82.078896 -18.505492 -54.042590
6
-36.132475 90.968587 20.473407
-13.388293 98.725476 8.604297
-5.811895 99.372914 9.552273
-5.887122 96.893894 24.019056
-13.007542 90.813582 39.795693
-30.998049 90.324061 29.676335
7
28.722478 95.764049 2.065488
46.096497 88.053783 11.029251
51.866322 83.248236 19.483732
51.775033 82.848674 21.341114
37.031749 86.584546 33.641731
22.398587 94.318810 24.541098
21.709367 95.490769 20.253802
6
-34.244317 91.499184 -21.336030
-60.025541 79.970333 -1.296229
-69.374640 71.549766 -8.233484
-68.269308 72.017625 -12.359748
-50.164200 82.635747 -25.590747
-36.442459 90.180992 -23.223605
6
51.648124 47.463720 71.271780
48.396586 46.828295 73.924835
30.525708 64.695425 69.876198
30.649716 65.207357 69.344037
52.926638 65.019055 54.509572
56.973737 62.147277 53.774615
6
4.008193 -90.497575 42.357094
-4.808552 -91.345828 40.408137
-23.425568 -87.119846 43.143657
-23.450038 -86.953437 43.464876
1.497282 -75.369792 65.705042
24.408367 -78.394929 57.082981
6
-82.672847 6.368021 55.898556
-92.495712 6.810417 37.391997
-92.061697 21.950939 32.292419
-86.571404 35.770181 35.012657
-85.103407 35.708729 38.500609
-79.758841 24.528576 55.107860
4
-75.883949 -35.348470 54.700201
-74.669804 -30.983633 58.859450
-44.273419 -36.712497 81.804993
-50.460435 -57.621658 64.292217
7
-68.269308 72.017625 -12.359748
-69.374640 71.549766 -8.233484
-75.484502 65.524020 -2.948350
-87.772329 47.265644 -7.872554
-90.416000 39.072347 -17.271326
-75.196343 51.693629 -40.905729
-69.065212 60.479606 -39.651151
6
99.812291 1.531113 -5.929777
98.367246 10.324717 14.740596
97.864341 12.597462 16.244220
95.494201 28.807013 7.142384
94.774200 20.356668 -24.565362
94.697009 19.316435 -25.677846
5
57.983380 61.943677 52.923611
58.302987 76.982030 25.971690
82.504134 52.451083 21.022650
80.249692 46.780046 37.035311
72.846352 50.470508 46.326417
6
-99.927518 -3.710084 -0.852330
-99.866838 -3.521832 3.769803
-97.346552 -20.226522 10.702180
-94.158760 -33.217508 5.543023
-93.170895 -35.651954 -6.937032
-93.962765 -31.736443 -12.798316
6
26.439175 -95.348046 14.481718
37.002350 -91.971436 13.117963
38.920638 -92.088375 -2.217002
26.802654 -95.412577 -13.343835
21.643164 -96.629854 -13.937173
14.625386 -98.872491 3.213825
6
-53.263633 80.216088 26.988232
-50.099460 85.127178 15.601528
-43.067566 89.013561 14.891972
-36.132475 90.968587 20.473407
-30.998049 90.324061 29.676335
-45.689683 75.819312 46.517575
5
-57.035270 -81.427336 -10.796614
-77.212446 -59.227963 -23.027951
-85.837061 -51.255569 -2.205809
-82.211346 -56.255546 8.752610
-56.969648 -81.497445 -10.612527
7
-17.758481 18.733986 -96.610942
-27.320020 40.676683 -87.172381
-45.564405 53.246814 -71.334857
-47.214991 53.099847 -70.364415
-57.477088 40.438933 -71.141248
-58.568068 24.139912 -77.376004
-55.131442 15.568399 -81.964315
7
82.722265 54.098421 -15.178529
82.968093 55.767145 2.514164
64.441710 76.458159 -1.189951
61.189664 78.593863 -8.878609
60.053142 76.833731 -22.140414
62.867478 72.754791 -27.466718
80.616043 55.631524 -20.154084
6
92.725059 14.414592 -34.558399
93.917703 18.080358 -29.198728
78.883369 49.279407 -36.728111
77.425895 49.101113 -39.928831
76.445343 34.935177 -54.181574
87.974573 16.407877 -44.623492
6
2.507698 15.368084 98.780228
11.477863 17.071655 97.861214
15.427942 13.663581 97.853386
21.940770 -19.877505 95.516948
-16.900190 -12.311640 97.789606
-17.938014 -3.523963 98.314848
8
61.678126 -44.510417 64.920193
57.976307 -50.231079 64.152837
27.255401 -51.967143 80.972583
21.036574 -47.534681 85.427845
19.474770 -42.724439 88.291311
25.267944 -23.837145 93.772712
29.900537 -22.160134 92.816412
62.871231 -27.699866 72.663097
6
34.581115 57.104072 -74.453149
33.186660 58.037271 -74.366126
10.114436 47.076292 -87.644286
5.670537 35.813390 -93.194668
26.976208 35.924199 -89.340563
37.750935 51.010340 -77.283971
5
-89.769844 -28.638568 33.484438
-89.768246 -28.642703 33.485184
-92.052727 -36.738729 13.287635
-94.158760 -33.217508 5.543023
-97.346552 -20.226522 10.702180
7
-64.598758 -29.344638 -70.469090
-61.793698 -25.264444 -74.452984
-63.479341 0.467327 -77.266777
-77.813211 -0.977735 -62.802454
-81.937860 -9.736855 -56.492308
-81.496146 -21.000758 -54.012464
-72.289042 -32.938587 -60.739970
5
62.356028 -53.252555 -57.235401
73.350642 -33.444983 -59.170232
58.758206 -28.195335 -75.845213
52.762921 -34.456907 -77.645320
60.817715 -54.584852 -57.634187
6
98.469907 -15.082192 -8.729546
96.735759 -20.604197 -14.753308
95.266347 -26.858589 -14.245674
93.400241 -35.724776 0.367797
94.483180 -24.108716 22.174275
98.094471 -14.204832 13.255095
7
80.249692 46.780046 37.035311
82.504134 52.451083 21.022650
85.183334 51.008610 11.913072
95.494201 28.807013 7.142384
97.864341 12.597462 16.244220
94.679422 11.127649 30.199046
84.150247 35.156760 41.021192
6
-62.276653 61.797211 47.986699
-69.263283 63.572423 34.075573
-53.263633 80.216088 26.988232
-45.689683 75.819312 46.517575
-45.848287 72.170186 51.859415
-46.970121 70.256651 53.458495
7
46.155134 -88.412362 -7.277208
38.920638 -92.088375 -2.217002
37.002350 -91.971436 13.117963
39.340761 -90.513642 16.111646
61.642881 -76.142578 20.061482
73.944361 -67.102827 5.426052
72.124944 -69.237203 2.049926
5
59.780274 -56.195545 -57.169743
39.391056 -55.882675 -72.975827
34.760434 -65.057636 -67.521968
35.001495 -70.102956 -62.132688
57.989338 -62.867553 -51.816093
7
33.650526 5.456176 -94.009958
34.352035 6.283491 -93.704084
2.888502 33.643074 -94.126511
1.545425 33.178564 -94.322821
-16.722901 18.358164 -96.867551
-16.053192 15.863632 -97.419917
-4.346117 0.880986 -99.901627
7
58.302987 76.982030 25.971690
51.775033 82.848674 21.341114
51.866322 83.248236 19.483732
64.441710 76.458159 -1.189951
82.968093 55.767145 2.514164
85.183334 51.008610 11.913072
82.504134 52.451083 21.022650
5
39.288990 90.883144 -14.022461
47.404032 87.787714 -6.795219
46.096497 88.053783 11.029251
28.722478 95.764049 2.065488
26.826151 96.288885 -2.967871
7
15.427942 13.663581 97.853386
26.522756 14.322714 95.348851
42.666939 6.347304 90.217759
44.521399 -2.667240 89.502687
29.900537 -22.160134 92.816412
25.267944 -23.837145 93.772712
21.940770 -19.877505 95.516948
7
17.842911 73.570682 -65.337472
17.304705 80.820796 -56.289840
1.956659 89.555416 -44.452211
-11.053276 87.169780 -47.741538
-19.879908 77.655851 -59.785935
-14.564944 68.857261 -71.039004
6.388804 68.806703 -72.282922
6
21.940770 -19.877505 95.516948
25.267944 -23.837145 93.772712
19.474770 -42.724439 88.291311
-8.725264 -40.990246 90.794656
-17.767382 -14.083275 97.396003
-16.900190 -12.311640 97.789606
7
5.452839 98.981858 -13.147561
5.392998 98.960057 -13.335016
8.819601 96.337062 -25.325580
35.197846 87.924255 -32.100420
40.646316 88.148974 -24.034044
39.288990 90.883144 -14.022461
26.826151 96.288885 -2.967871
8
3.807043 -96.405744 -26.295228
21.643164 -96.629854 -13.937173
26.802654 -95.412577 -13.343835
37.464373 -87.110609 -31.751576
37.567947 -83.726306 -39.731035
32.386671 -83.834174 -43.851280
-0.466314 -92.791138 -37.277167
-2.512340 -94.133691 -33.653177
7
-12.953802 -74.404646 -65.545005
11.857292 -69.857530 -70.564369
14.307884 -63.889992 -75.586728
9.812785 -50.934649 -85.494858
-24.604744 -60.136649 -76.014407
-24.738649 -60.280505 -75.856839
-24.247029 -65.515970 -71.552353
5
14.173123 34.673612 92.719271
8.833350 42.137222 90.257556
6.499418 57.817116 81.332273
24.168083 59.652597 76.534119
34.208773 40.282307 84.894615
5
-5.887122 96.893894 24.019056
16.704146 94.546425 27.963281
6.040318 88.805920 45.574369
-9.636666 87.179840 48.029263
-13.007542 90.813582 39.795693
5
67.317348 -72.479376 -14.666794
53.816770 -81.873405 -20.012518
47.481622 -86.904115 -13.898575
46.155134 -88.412362 -7.277208
72.124944 -69.237203 2.049926
7
-50.099460 85.127178 15.601528
-51.101141 84.656961 14.895378
-60.025541 79.970333 -1.296229
-34.244317 91.499184 -21.336030
-34.178246 91.530933 -21.305771
-34.104558 93.578203 -8.944224
-43.067566 89.013561 14.891972
5
-93.572981 3.323791 -35.114806
-82.958949 9.702826 -54.987889
-81.217639 24.165605 -53.101023
-81.291486 24.391343 -52.884371
-91.967110 21.867277 -32.617063
5
-86.542855 36.900979 33.891769
-89.058247 41.373623 18.890525
-88.556147 43.744595 15.627515
-73.502373 64.982983 19.354924
-71.116349 62.748326 31.703509
5
91.071115 -35.519739 -21.080799
85.746469 -40.356961 -31.919568
81.357660 -45.599519 -36.077902
78.752324 -51.932472 -33.182672
79.969180 -59.914810 -3.891771
6
16.349152 -95.951020 22.937023
26.439175 -95.348046 14.481718
14.625386 -98.872491 3.213825
3.744794 -99.818881 4.708228
-1.622092 -99.553813 9.295539
9.950146 -96.845252 22.847139
6
-24.604744 -60.136649 -76.014407
-24.624056 -52.629537 -81.386656
-38.610797 -25.133722 -88.755295
-50.016787 -30.142068 -81.177440
-39.978148 -53.072066 -74.733550
-24.738649 -60.280505 -75.856839
5
30.649716 65.207357 69.344037
24.217692 75.624420 60.781991
27.081132 82.147747 50.183264
34.342911 82.968400 44.009192
52.926638 65.019055 54.509572
6
-16.722901 18.358164 -96.867551
1.545425 33.178564 -94.322821
-16.522452 65.749767 -73.511745
-18.750360 64.282443 -74.271068
-27.320020 40.676683 -87.172381
-17.758481 18.733986 -96.610942
4
-93.732440 -31.797971 -14.251975
-84.515098 -42.660064 -32.207408
-87.850910 -24.184213 -41.198804
-94.142333 -11.200823 -31.808217
7
-67.583900 49.002140 55.056397
-62.276653 61.797211 47.986699
-46.970121 70.256651 53.458495
-41.766458 65.517186 62.952850
-42.689280 60.933841 66.818354
-51.955227 47.063910 71.313693
-66.933483 47.117664 57.444187
6
35.001495 -70.102956 -62.132688
34.760434 -65.057636 -67.521968
14.307884 -63.889992 -75.586728
11.857292 -69.857530 -70.564369
15.910948 -75.440343 -63.683564
31.243179 -75.756936 -57.312742
5
80.372063 -11.236269 58.430111
87.412407 -5.277448 48.282705
90.309227 -30.961931 29.759073
86.305818 -37.936984 33.348029
83.216626 -36.768178 41.510171
7
94.483180 -24.108716 22.174275
93.400241 -35.724776 0.367797
78.251561 -61.806949 7.522913
82.907265 -48.792986 27.306226
86.305818 -37.936984 33.348029
90.309227 -30.961931 29.759073
94.466387 -24.124906 22.228151
6
91.071115 -35.519739 -21.080799
79.969180 -59.914810 -3.891771
76.495800 -64.160172 5.644908
78.251561 -61.806949 7.522913
93.400241 -35.724776 0.367797
95.266347 -26.858589 -14.245674
6
61.678126 -44.510417 64.920193
62.871231 -27.699866 72.663097
65.003990 -23.249895 72.345861
77.244878 -10.936057 62.559024
80.372063 -11.236269 58.430111
83.216626 -36.768178 41.510171
5
58.556592 -65.252135 -48.096615
43.887849 -80.900206 -39.102602
51.436905 -79.752113 -31.525310
66.356054 -69.699726 -27.181285
68.469413 -64.010271 -34.851467
5
-73.194095 65.815301 17.634360
-73.502373 64.982983 19.354924
-88.556147 43.744595 15.627515
-87.772329 47.265644 -7.872554
-75.484502 65.524020 -2.948350
5
-72.673907 28.961101 62.287702
-69.252226 34.376089 63.422501
-50.385374 30.606590 80.774691
-50.038868 19.651661 84.320365
-67.936655 16.895682 71.408310
5
10.114436 47.076292 -87.644286
33.186660 58.037271 -74.366126
24.907358 69.379206 -67.573288
17.842911 73.570682 -65.337472
6.388804 68.806703 -72.282922
6
82.078896 -18.505492 -54.042590
76.614812 -31.530218 -56.000142
81.207048 -45.462158 -36.586986
81.357660 -45.599519 -36.077902
85.746469 -40.356961 -31.919568
88.902262 -16.426455 -42.738265
7
57.989338 -62.867553 -51.816093
35.001495 -70.102956 -62.132688
31.243179 -75.756936 -57.312742
32.386671 -83.834174 -43.851280
37.567947 -83.726306 -39.731035
43.887849 -80.900206 -39.102602
58.556592 -65.252135 -48.096615
5
-4.346117 0.880986 -99.901627
-16.053192 15.863632 -97.419917
-32.684680 -19.567136 -92.459931
-14.931253 -30.746833 -93.977071
5.263279 -23.460293 -97.066537
7
-99.694198 0.277660 -7.809599
-94.863315 -3.566211 -31.436183
-94.337143 -1.820698 -33.123836
-93.572981 3.323791 -35.114806
-91.967110 21.867277 -32.617063
-91.525024 36.338430 -17.397943
-93.683773 32.018187 -14.077867
5
-16.890451 38.059258 90.918675
-18.875773 34.671732 91.878051
-37.835752 41.368994 82.807380
-32.727340 50.983301 79.558935
-17.274225 54.979544 81.724237
7
5.263279 -23.460293 -97.066537
-14.931253 -30.746833 -93.977071
-24.624056 -52.629537 -81.386656
-24.604744 -60.136649 -76.014407
9.812785 -50.934649 -85.494858
20.578111 -34.630506 -91.527424
18.762733 -31.901992 -92.898992
6
72.846352 50.470508 46.326417
80.249692 46.780046 37.035311
84.150247 35.156760 41.021192
79.718910 20.778457 56.684664
66.735708 31.963503 67.265740
66.492116 33.051647 66.980498
6
84.815542 11.439647 -51.724833
56.759694 11.034074 -81.587905
56.530586 10.895932 -81.765344
58.784384 2.720118 -80.851699
61.967919 -4.298212 -78.367738
79.693401 -11.065085 -59.384558
7
-55.131442 15.568399 -81.964315
-58.568068 24.139912 -77.376004
-81.217639 24.165605 -53.101023
-82.958949 9.702826 -54.987889
-77.813211 -0.977735 -62.802454
-63.479341 0.467327 -77.266777
-59.805400 5.292582 -79.970636
7
-58.622915 -0.399130 81.013546
-77.029824 -4.843024 63.584207
-78.006073 -1.206778 62.558743
-67.936655 16.895682 71.408310
-50.038868 19.651661 84.320365
-46.340181 13.093237 87.642198
-47.050307 11.728294 87.456937
4
65.225734 59.999616 -46.321158
62.556721 72.564247 -28.654611
45.647646 76.455699 -45.506247
62.280254 59.878874 -50.355639
5
-71.874166 -50.753888 -47.519965
-63.797768 -57.638351 -51.065303
-51.962834 -51.459100 -68.204288
-64.598758 -29.344638 -70.469090
-72.289042 -32.938587 -60.739970
6
34.352035 6.283491 -93.704084
53.863215 12.818135 -83.273342
52.134151 17.501504 -83.520822
26.976208 35.924199 -89.340563
5.670537 35.813390 -93.194668
2.888502 33.643074 -94.126511
5
-69.252226 34.376089 63.422501
-66.933483 47.117664 57.444187
-51.955227 47.063910 71.313693
-49.268824 33.567855 80.285628
-50.385374 30.606590 80.774691
6
36.343649 83.185227 -41.944691
17.304705 80.820796 -56.289840
17.842911 73.570682 -65.337472
24.907358 69.379206 -67.573288
43.580723 70.817536 -55.548152
44.943613 76.715323 -45.769323
6
57.334933 -3.861346 81.840060
44.521399 -2.667240 89.502687
42.666939 6.347304 90.217759
49.333862 17.049028 85.296546
60.081420 18.275181 77.821852
63.162164 11.660411 76.645782
6
62.280254 59.878874 -50.355639
45.647646 76.455699 -45.506247
44.943613 76.715323 -45.769323
43.580723 70.817536 -55.548152
49.978032 60.344044 -62.135278
58.504747 55.196420 -59.418430
8
-33.626674 91.682880 -21.528963
-34.178246 91.530933 -21.305771
-34.244317 91.499184 -21.336030
-36.442459 90.180992 -23.223605
-40.000364 77.007695 -49.696940
-35.900839 75.501556 -54.869343
-19.879908 77.655851 -59.785935
-11.053276 87.169780 -47.741538
7
73.049283 35.582918 -58.289434
76.445343 34.935177 -54.181574
77.425895 49.101113 -39.928831
65.225734 59.999616 -46.321158
62.280254 59.878874 -50.355639
58.504747 55.196420 -59.418430
60.370607 49.529777 -62.467520
6
-75.196343 51.693629 -40.905729
-90.416000 39.072347 -17.271326
-91.525024 36.338430 -17.397943
-91.967110 21.867277 -32.617063
-81.291486 24.391343 -52.884371
-74.750578 47.056274 -46.883453
8
60.053142 76.833731 -22.140414
40.646316 88.148974 -24.034044
35.197846 87.924255 -32.100420
36.343649 83.185227 -41.944691
44.943613 76.715323 -45.769323
45.647646 76.455699 -45.506247
62.556721 72.564247 -28.654611
62.867478 72.754791 -27.466718
6
34.208773 40.282307 84.894615
24.168083 59.652597 76.534119
30.525708 64.695425 69.876198
48.396586 46.828295 73.924835
43.310974 40.945270 80.297225
38.035346 38.992469 83.862386
6
66.492116 33.051647 66.980498
66.735708 31.963503 67.265740
60.431008 20.481065 76.997527
43.310974 40.945270 80.297225
48.396586 46.828295 73.924835
51.648124 47.463720 71.271780
7
11.477863 17.071655 97.861214
14.173123 34.673612 92.719271
34.208773 40.282307 84.894615
38.035346 38.992469 83.862386
40.157693 26.845885 87.559455
26.522756 14.322714 95.348851
15.427942 13.663581 97.853386
5
57.334933 -3.861346 81.840060
65.003990 -23.249895 72.345861
62.871231 -27.699866 72.663097
29.900537 -22.160134 92.816412
44.521399 -2.667240 89.502687
4
-36.132475 90.968587 20.473407
-43.067566 89.013561 14.891972
-34.104558 93.578203 -8.944224
-13.388293 98.725476 8.604297
6
-79.758841 24.528576 55.107860
-85.103407 35.708729 38.500609
-67.583900 49.002140 55.056397
-66.933483 47.117664 57.444187
-69.252226 34.376089 63.422501
-72.673907 28.961101 62.287702
5
-55.898561 -82.395018 -9.295797
-50.897553 -86.023098 3.076632
-17.375497 -98.334699 -5.327210
-8.404790 -94.616923 -31.256957
-12.420040 -94.009251 -31.749069
5
-57.477088 40.438933 -71.141248
-74.750578 47.056274 -46.883453
-81.291486 24.391343 -52.884371
-81.217639 24.165605 -53.101023
-58.568068 24.139912 -77.376004
6
88.902262 -16.426455 -42.738265
85.746469 -40.356961 -31.919568
91.071115 -35.519739 -21.080799
95.266347 -26.858589 -14.245674
96.735759 -20.604197 -14.753308
94.007642 -7.986543 -33.147827
6
84.150247 35.156760 41.021192
94.679422 11.127649 30.199046
92.679716 4.225411 37.317774
90.451839 2.386478 42.576631
79.982210 19.231286 56.859509
79.718910 20.778457 56.684664
5
-75.484502 65.524020 -2.948350
-69.374640 71.549766 -8.233484
-60.025541 79.970333 -1.296229
-51.101141 84.656961 14.895378
-73.194095 65.815301 17.634360
6
-76.619191 -54.638670 33.824773
-76.623249 -57.275814 29.126602
-82.215618 -55.610677 12.167366
-92.052727 -36.738729 13.287635
-89.768246 -28.642703 33.485184
-81.640954 -39.929763 41.717727
6
-56.969648 -81.497445 -10.612527
-55.898561 -82.395018 -9.295797
-12.420040 -94.009251 -31.749069
-42.961598 -76.493599 -47.989900
-48.587106 -75.196607 -44.550683
-57.035270 -81.427336 -10.796614
7
-16.522452 65.749767 -73.511745
1.545425 33.178564 -94.322821
2.888502 33.643074 -94.126511
5.670537 35.813390 -93.194668
10.114436 47.076292 -87.644286
6.388804 68.806703 -72.282922
-14.564944 68.857261 -71.039004
8
-2.512340 -94.133691 -33.653177
-0.466314 -92.791138 -37.277167
-1.979353 -87.716881 -47.977400
-12.953802 -74.404646 -65.545005
-24.247029 -65.515970 -71.552353
-42.961598 -76.493599 -47.989900
-12.420040 -94.009251 -31.749069
-8.404790 -94.616923 -31.256957
8
-16.522452 65.749767 -73.511745
-14.564944 68.857261 -71.039004
-19.879908 77.655851 -59.785935
-35.900839 75.501556 -54.869343
-47.592431 56.426101 -67.461512
-47.214991 53.099847 -70.364415
-45.564405 53.246814 -71.334857
-18.750360 64.282443 -74.271068
7
-67.583900 49.002140 55.056397
-85.103407 35.708729 38.500609
-86.571404 35.770181 35.012657
-86.542855 36.900979 33.891769
-71.116349 62.748326 31.703509
-69.263283 63.572423 34.075573
-62.276653 61.797211 47.986699
5
-72.673907 28.961101 62.287702
-67.936655 16.895682 71.408310
-78.006073 -1.206778 62.558743
-82.672847 6.368021 55.898556
-79.758841 24.528576 55.107860
7
92.725059 14.414592 -34.558399
87.974573 16.407877 -44.623492
84.815542 11.439647 -51.724833
79.693401 -11.065085 -59.384558
82.078896 -18.505492 -54.042590
88.902262 -16.426455 -42.738265
94.007642 -7.986543 -33.147827
7
2.507698 15.368084 98.780228
-19.010724 32.378094 92.683609
-18.875773 34.671732 91.878051
-16.890451 38.059258 90.918675
8.833350 42.137222 90.257556
14.173123 34.673612 92.719271
11.477863 17.071655 97.861214
6
21.709367 95.490769 20.253802
22.398587 94.318810 24.541098
16.704146 94.546425 27.963281
-5.887122 96.893894 24.019056
-5.811895 99.372914 9.552273
-2.542379 99.769294 6.294788
5
1.497282 -75.369792 65.705042
-23.450038 -86.953437 43.464876
-34.981887 -72.829399 58.924920
-18.668355 -58.976186 78.570363
0.017985 -66.769829 74.443198
8
-7.218458 66.465380 74.365632
-8.112273 69.464451 71.476437
-6.844591 72.438051 68.599420
24.217692 75.624420 60.781991
30.649716 65.207357 69.344037
30.525708 64.695425 69.876198
24.168083 59.652597 76.534119
6.499418 57.817116 81.332273
7
4.008193 -90.497575 42.357094
24.408367 -78.394929 57.082981
25.454356 -78.158042 56.950823
31.871863 -79.197041 52.076991
33.629322 -82.422832 45.558155
32.701827 -84.740239 41.829205
19.915086 -91.484840 35.127102
7
61.990308 -62.703226 47.175282
82.907265 -48.792986 27.306226
78.251561 -61.806949 7.522913
76.495800 -64.160172 5.644908
73.944361 -67.102827 5.426052
61.642881 -76.142578 20.061482
59.320705 -74.103168 31.460681
5
-77.813211 -0.977735 -62.802454
-82.958949 9.702826 -54.987889
-93.572981 3.323791 -35.114806
-94.337143 -1.820698 -33.123836
-81.937860 -9.736855 -56.492308
6
58.504747 55.196420 -59.418430
49.978032 60.344044 -62.135278
34.581115 57.104072 -74.453149
37.750935 51.010340 -77.283971
50.142001 40.176227 -76.626696
60.370607 49.529777 -62.467520
7
-50.460435 -57.621658 64.292217
-44.273419 -36.712497 81.804993
-44.160140 -36.595712 81.918471
-20.699173 -49.855637 84.178143
-18.668355 -58.976186 78.570363
-34.981887 -72.829399 58.924920
-48.611690 -62.714504 60.858809
5
82.722265 54.098421 -15.178529
94.774200 20.356668 -24.565362
95.494201 28.807013 7.142384
85.183334 51.008610 11.913072
82.968093 55.767145 2.514164
6
-93.732440 -31.797971 -14.251975
-94.142333 -11.200823 -31.808217
-94.863315 -3.566211 -31.436183
-99.694198 0.277660 -7.809599
-99.927518 -3.710084 -0.852330
-93.962765 -31.736443 -12.798316
8
-36.950144 12.454224 92.084631
-46.340181 13.093237 87.642198
-50.038868 19.651661 84.320365
-50.385374 30.606590 80.774691
-49.268824 33.567855 80.285628
-37.835752 41.368994 82.807380
-18.875773 34.671732 91.878051
-19.010724 32.378094 92.683609
5
40.646316 88.148974 -24.034044
60.053142 76.833731 -22.140414
61.189664 78.593863 -8.878609
47.404032 87.787714 -6.795219
39.288990 90.883144 -14.022461
5
26.802654 -95.412577 -13.343835
38.920638 -92.088375 -2.217002
46.155134 -88.412362 -7.277208
47.481622 -86.904115 -13.898575
37.464373 -87.110609 -31.751576
8
-2.542379 99.769294 6.294788
-5.811895 99.372914 9.552273
-13.388293 98.725476 8.604297
-34.104558 93.578203 -8.944224
-34.178246 91.530933 -21.305771
-33.626674 91.682880 -21.528963
5.392998 98.960057 -13.335016
5.452839 98.981858 -13.147561
6
-57.035270 -81.427336 -10.796614
-48.587106 -75.196607 -44.550683
-63.797768 -57.638351 -51.065303
-71.874166 -50.753888 -47.519965
-79.646049 -49.550353 -34.659334
-77.212446 -59.227963 -23.027951
5
26.826151 96.288885 -2.967871
28.722478 95.764049 2.065488
21.709367 95.490769 20.253802
-2.542379 99.769294 6.294788
5.452839 98.981858 -13.147561
6
49.333862 17.049028 85.296546
40.157693 26.845885 87.559455
38.035346 38.992469 83.862386
43.310974 40.945270 80.297225
60.431008 20.481065 76.997527
60.081420 18.275181 77.821852
4
18.762733 -31.901992 -92.898992
33.650526 5.456176 -94.009958
-4.346117 0.880986 -99.901627
5.263279 -23.460293 -97.066537
7
-8.404790 -94.616923 -31.256957
-17.375497 -98.334699 -5.327210
-8.653827 -99.151787 9.697133
-1.622092 -99.553813 9.295539
3.744794 -99.818881 4.708228
3.807043 -96.405744 -26.295228
-2.512340 -94.133691 -33.653177
4
42.666939 6.347304 90.217759
26.522756 14.322714 95.348851
40.157693 26.845885 87.559455
49.333862 17.049028 85.296546
7
-99.686637 -1.316708 7.800047
-99.866838 -3.521832 3.769803
-99.927518 -3.710084 -0.852330
-99.694198 0.277660 -7.809599
-93.683773 32.018187 -14.077867
-96.828388 23.293838 9.036613
-97.573708 17.972626 12.504250
6
24.408367 -78.394929 57.082981
1.497282 -75.369792 65.705042
0.017985 -66.769829 74.443198
21.036574 -47.534681 85.427845
27.255401 -51.967143 80.972583
25.454356 -78.158042 56.950823
6
-72.289042 -32.938587 -60.739970
-81.496146 -21.000758 -54.012464
-87.850910 -24.184213 -41.198804
-84.515098 -42.660064 -32.207408
-79.646049 -49.550353 -34.659334
-71.874166 -50.753888 -47.519965
5
9.950146 -96.845252 22.847139
-4.808552 -91.345828 40.408137
4.008193 -90.497575 42.357094
19.915086 -91.484840 35.127102
16.349152 -95.951020 22.937023
6
-6.844591 72.438051 68.599420
-8.112273 69.464451 71.476437
-41.766458 65.517186 62.952850
-46.970121 70.256651 53.458495
-45.848287 72.170186 51.859415
-9.671352 87.120118 48.130552
6
-9.636666 87.179840 48.029263
6.040318 88.805920 45.574369
27.081132 82.147747 50.183264
24.217692 75.624420 60.781991
-6.844591 72.438051 68.599420
-9.671352 87.120118 48.130552
5
94.466387 -24.124906 22.228151
90.309227 -30.961931 29.759073
87.412407 -5.277448 48.282705
90.451839 2.386478 42.576631
92.679716 4.225411 37.317774
7
-82.211346 -56.255546 8.752610
-82.215618 -55.610677 12.167366
-76.623249 -57.275814 29.126602
-49.753172 -85.602462 14.029981
-50.897553 -86.023098 3.076632
-55.898561 -82.395018 -9.295797
-56.969648 -81.497445 -10.612527
4
50.142001 40.176227 -76.626696
37.750935 51.010340 -77.283971
26.976208 35.924199 -89.340563
52.134151 17.501504 -83.520822
6
94.697009 19.316435 -25.677846
94.774200 20.356668 -24.565362
82.722265 54.098421 -15.178529
80.616043 55.631524 -20.154084
78.883369 49.279407 -36.728111
93.917703 18.080358 -29.198728
6
-86.571404 35.770181 35.012657
-92.061697 21.950939 32.292419
-97.573708 17.972626 12.504250
-96.828388 23.293838 9.036613
-89.058247 41.373623 18.890525
-86.542855 36.900979 33.891769
6
-17.375497 -98.334699 -5.327210
-50.897553 -86.023098 3.076632
-49.753172 -85.602462 14.029981
-45.684422 -86.592227 20.364669
-26.803389 -89.108841 36.622299
-8.653827 -99.151787 9.697133
5
-77.070603 -5.689546 63.464567
-77.029824 -4.843024 63.584207
-58.622915 -0.399130 81.013546
-56.166756 -20.264913 80.216138
-74.845506 -16.477260 64.239008
6
16.349152 -95.951020 22.937023
19.915086 -91.484840 35.127102
32.701827 -84.740239 41.829205
39.340761 -90.513642 16.111646
37.002350 -91.971436 13.117963
26.439175 -95.348046 14.481718
6
6.040318 88.805920 45.574369
16.704146 94.546425 27.963281
22.398587 94.318810 24.541098
37.031749 86.584546 33.641731
34.342911 82.968400 44.009192
27.081132 82.147747 50.183264
5
-60.594339 -64.023028 47.216290
-45.684422 -86.592227 20.364669
-49.753172 -85.602462 14.029981
-76.623249 -57.275814 29.126602
-76.619191 -54.638670 33.824773
6
-41.817707 -27.739556 86.497378
-17.767382 -14.083275 97.396003
-8.725264 -40.990246 90.794656
-20.699173 -49.855637 84.178143
-44.160140 -36.595712 81.918471
-44.149012 -31.226298 84.117674
5
31.871863 -79.197041 52.076991
25.454356 -78.158042 56.950823
27.255401 -51.967143 80.972583
57.976307 -50.231079 64.152837
57.282617 -57.813906 58.105543
7
-24.738649 -60.280505 -75.856839
-39.978148 -53.072066 -74.733550
-51.962834 -51.459100 -68.204288
-63.797768 -57.638351 -51.065303
-48.587106 -75.196607 -44.550683
-42.961598 -76.493599 -47.989900
-24.247029 -65.515970 -71.552353
5
-7.218458 66.465380 74.365632
6.499418 57.817116 81.332273
8.833350 42.137222 90.257556
-16.890451 38.059258 90.918675
-17.274225 54.979544 81.724237
5
5.392998 98.960057 -13.335016
-33.626674 91.682880 -21.528963
-11.053276 87.169780 -47.741538
1.956659 89.555416 -44.452211
8.819601 96.337062 -25.325580
6
-30.998049 90.324061 29.676335
-13.007542 90.813582 39.795693
-9.636666 87.179840 48.029263
-9.671352 87.120118 48.130552
-45.848287 72.170186 51.859415
-45.689683 75.819312 46.517575
5
-14.931253 -30.746833 -93.977071
-32.684680 -19.567136 -92.459931
-35.971738 -20.981512 -90.916501
-38.610797 -25.133722 -88.755295
-24.624056 -52.629537 -81.386656
8
-81.640954 -39.929763 41.717727
-89.768246 -28.642703 33.485184
-89.769844 -28.638568 33.484438
-92.222983 -16.713468 34.865190
-77.070603 -5.689546 63.464567
-74.845506 -16.477260 64.239008
-74.669804 -30.983633 58.859450
-75.883949 -35.348470 54.700201
7
14.307884 -63.889992 -75.586728
34.760434 -65.057636 -67.521968
39.391056 -55.882675 -72.975827
36.722292 -40.648545 -83.661037
22.014820 -34.892587 -91.092563
20.578111 -34.630506 -91.527424
9.812785 -50.934649 -85.494858
5
73.049283 35.582918 -58.289434
56.759694 11.034074 -81.587905
84.815542 11.439647 -51.724833
87.974573 16.407877 -44.623492
76.445343 34.935177 -54.181574
7
-23.450038 -86.953437 43.464876
-23.425568 -87.119846 43.143657
-26.803389 -89.108841 36.622299
-45.684422 -86.592227 20.364669
-60.594339 -64.023028 47.216290
-48.611690 -62.714504 60.858809
-34.981887 -72.829399 58.924920
7
83.216626 -36.768178 41.510171
86.305818 -37.936984 33.348029
82.907265 -48.792986 27.306226
61.990308 -62.703226 47.175282
57.282617 -57.813906 58.105543
57.976307 -50.231079 64.152837
61.678126 -44.510417 64.920193
7
56.973737 62.147277 53.774615
52.926638 65.019055 54.509572
34.342911 82.968400 44.009192
37.031749 86.584546 33.641731
51.775033 82.848674 21.341114
58.302987 76.982030 25.971690
57.983380 61.943677 52.923611
4
67.317348 -72.479376 -14.666794
66.356054 -69.699726 -27.181285
51.436905 -79.752113 -31.525310
53.816770 -81.873405 -20.012518
6
-99.686637 -1.316708 7.800047
-95.112927 -3.858497 30.637283
-92.222983 -16.713468 34.865190
-89.769844 -28.638568 33.484438
-97.346552 -20.226522 10.702180
-99.866838 -3.521832 3.769803
7
-47.050307 11.728294 87.456937
-46.340181 13.093237 87.642198
-36.950144 12.454224 92.084631
-17.938014 -3.523963 98.314848
-16.900190 -12.311640 97.789606
-17.767382 -14.083275 97.396003
-41.817707 -27.739556 86.497378
3
-45.564405 53.246814 -71.334857
-27.320020 40.676683 -87.172381
-18.750360 64.282443 -74.271068
5
61.990308 -62.703226 47.175282
59.320705 -74.103168 31.460681
33.629322 -82.422832 45.558155
31.871863 -79.197041 52.076991
57.282617 -57.813906 58.105543
4
81.207048 -45.462158 -36.586986
76.614812 -31.530218 -56.000142
73.350642 -33.444983 -59.170232
62.356028 -53.252555 -57.235401
5
17.304705 80.820796 -56.289840
36.343649 83.185227 -41.944691
35.197846 87.924255 -32.100420
8.819601 96.337062 -25.325580
1.956659 89.555416 -44.452211
4
-36.442459 90.180992 -23.223605
-50.164200 82.635747 -25.590747
-60.791534 67.011128 -42.589883
-40.000364 77.007695 -49.696940
4
-17.938014 -3.523963 98.314848
-36.950144 12.454224 92.084631
-19.010724 32.378094 92.683609
2.507698 15.368084 98.780228
4
3.744794 -99.818881 4.708228
14.625386 -98.872491 3.213825
21.643164 -96.629854 -13.937173
3.807043 -96.405744 -26.295228
4
-12.953802 -74.404646 -65.545005
-1.979353 -87.716881 -47.977400
15.910948 -75.440343 -63.683564
11.857292 -69.857530 -70.564369
7
60.370607 49.529777 -62.467520
50.142001 40.176227 -76.626696
52.134151 17.501504 -83.520822
53.863215 12.818135 -83.273342
56.530586 10.895932 -81.765344
56.759694 11.034074 -81.587905
73.049283 35.582918 -58.289434
7
94.679422 11.127649 30.199046
97.864341 12.597462 16.244220
98.367246 10.324717 14.740596
98.094471 -14.204832 13.255095
94.483180 -24.108716 22.174275
94.466387 -24.124906 22.228151
92.679716 4.225411 37.317774
5
-51.962834 -51.459100 -68.204288
-39.978148 -53.072066 -74.733550
-50.016787 -30.142068 -81.177440
-61.793698 -25.264444 -74.452984
-64.598758 -29.344638 -70.469090
5
-0.466314 -92.791138 -37.277167
32.386671 -83.834174 -43.851280
31.243179 -75.756936 -57.312742
15.910948 -75.440343 -63.683564
-1.979353 -87.716881 -47.977400
5
60.817715 -54.584852 -57.634187
52.762921 -34.456907 -77.645320
36.722292 -40.648545 -83.661037
39.391056 -55.882675 -72.975827
59.780274 -56.195545 -57.169743
6
-8.653827 -99.151787 9.697133
-26.803389 -89.108841 36.622299
-23.425568 -87.119846 43.143657
-4.808552 -91.345828 40.408137
9.950146 -96.845252 22.847139
-1.622092 -99.553813 9.295539
6
53.816770 -81.873405 -20.012518
51.436905 -79.752113 -31.525310
43.887849 -80.900206 -39.102602
37.567947 -83.726306 -39.731035
37.464373 -87.110609 -31.751576
47.481622 -86.904115 -13.898575
6
-50.460435 -57.621658 64.292217
-48.611690 -62.714504 60.858809
-60.594339 -64.023028 47.216290
-76.619191 -54.638670 33.824773
-81.640954 -39.929763 41.717727
-75.883949 -35.348470 54.700201
8
53.863215 12.818135 -83.273342
34.352035 6.283491 -93.704084
33.650526 5.456176 -94.009958
18.762733 -31.901992 -92.898992
20.578111 -34.630506 -91.527424
22.014820 -34.892587 -91.092563
58.784384 2.720118 -80.851699
56.530586 10.895932 -81.765344
4
98.367246 10.324717 14.740596
99.812291 1.531113 -5.929777
98.469907 -15.082192 -8.729546
98.094471 -14.204832 13.255095
5
49.978032 60.344044 -62.135278
43.580723 70.817536 -55.548152
24.907358 69.379206 -67.573288
33.186660 58.037271 -74.366126
34.581115 57.104072 -74.453149
6
-85.837061 -51.255569 -2.205809
-93.170895 -35.651954 -6.937032
-94.158760 -33.217508 5.543023
-92.052727 -36.738729 13.287635
-82.215618 -55.610677 12.167366
-82.211346 -56.255546 8.752610
5
61.189664 78.593863 -8.878609
64.441710 76.458159 -1.189951
51.866322 83.248236 19.483732
46.096497 88.053783 11.029251
47.404032 87.787714 -6.795219
7
-93.683773 32.018187 -14.077867
-91.525024 36.338430 -17.397943
-90.416000 39.072347 -17.271326
-87.772329 47.265644 -7.872554
-88.556147 43.744595 15.627515
-89.058247 41.373623 18.890525
-96.828388 23.293838 9.036613
6
-74.669804 -30.983633 58.859450
-74.845506 -16.477260 64.239008
-56.166756 -20.264913 80.216138
-44.149012 -31.226298 84.117674
-44.160140 -36.595712 81.918471
-44.273419 -36.712497 81.804993
7
60.081420 18.275181 77.821852
60.431008 20.481065 76.997527
66.735708 31.963503 67.265740
79.718910 20.778457 56.684664
79.982210 19.231286 56.859509
74.002392 5.540641 67.029451
63.162164 11.660411 76.645782
5
-97.573708 17.972626 12.504250
-92.061697 21.950939 32.292419
-92.495712 6.810417 37.391997
-95.112927 -3.858497 30.637283
-99.686637 -1.316708 7.800047
7
-77.212446 -59.227963 -23.027951
-79.646049 -49.550353 -34.659334
-84.515098 -42.660064 -32.207408
-93.732440 -31.797971 -14.251975
-93.962765 -31.736443 -12.798316
-93.170895 -35.651954 -6.937032
-85.837061 -51.255569 -2.205809
7
-69.263283 63.572423 34.075573
-71.116349 62.748326 31.703509
-73.502373 64.982983 19.354924
-73.194095 65.815301 17.634360
-51.101141 84.656961 14.895378
-50.099460 85.127178 15.601528
-53.263633 80.216088 26.988232
8
68.469413 -64.010271 -34.851467
66.356054 -69.699726 -27.181285
67.317348 -72.479376 -14.666794
72.124944 -69.237203 2.049926
73.944361 -67.102827 5.426052
76.495800 -64.160172 5.644908
79.969180 -59.914810 -3.891771
78.752324 -51.932472 -33.182672
6
-81.496146 -21.000758 -54.012464
-81.937860 -9.736855 -56.492308
-94.337143 -1.820698 -33.123836
-94.863315 -3.566211 -31.436183
-94.142333 -11.200823 -31.808217
-87.850910 -24.184213 -41.198804
6
77.244878 -10.936057 62.559024
74.002392 5.540641 67.029451
79.982210 19.231286 56.859509
90.451839 2.386478 42.576631
87.412407 -5.277448 48.282705
80.372063 -11.236269 58.430111
5
-50.164200 82.635747 -25.590747
-68.269308 72.017625 -12.359748
-69.065212 60.479606 -39.651151
-62.230862 65.503761 -42.855305
-60.791534 67.011128 -42.589883
5
63.162164 11.660411 76.645782
74.002392 5.540641 67.029451
77.244878 -10.936057 62.559024
65.003990 -23.249895 72.345861
57.334933 -3.861346 81.840060
6
61.967919 -4.298212 -78.367738
58.784384 2.720118 -80.851699
22.014820 -34.892587 -91.092563
36.722292 -40.648545 -83.661037
52.762921 -34.456907 -77.645320
58.758206 -28.195335 -75.845213
6
0.017985 -66.769829 74.443198
-18.668355 -58.976186 78.570363
-20.699173 -49.855637 84.178143
-8.725264 -40.990246 90.794656
19.474770 -42.724439 88.291311
21.036574 -47.534681 85.427845
7
-92.495712 6.810417 37.391997
-82.672847 6.368021 55.898556
-78.006073 -1.206778 62.558743
-77.029824 -4.843024 63.584207
-77.070603 -5.689546 63.464567
-92.222983 -16.713468 34.865190
-95.112927 -3.858497 30.637283
6
77.425895 49.101113 -39.928831
78.883369 49.279407 -36.728111
80.616043 55.631524 -20.154084
62.867478 72.754791 -27.466718
62.556721 72.564247 -28.654611
65.225734 59.999616 -46.321158
7
-17.758481 18.733986 -96.610942
-55.131442 15.568399 -81.964315
-59.805400 5.292582 -79.970636
-35.971738 -20.981512 -90.916501
-32.684680 -19.567136 -92.459931
-16.053192 15.863632 -97.419917
-16.722901 18.358164 -96.867551
9
58.556592 -65.252135 -48.096615
68.469413 -64.010271 -34.851467
78.752324 -51.932472 -33.182672
81.357660 -45.599519 -36.077902
81.207048 -45.462158 -36.586986
62.356028 -53.252555 -57.235401
60.817715 -54.584852 -57.634187
59.780274 -56.195545 -57.169743
57.989338 -62.867553 -51.816093
