200
6
58.122615 -40.979349 -70.302593
50.323213 -17.951339 -84.530016
44.795026 -15.809798 -87.996908
29.778945 -38.430449 -87.386012
29.655596 -42.046912 -85.747320
33.832311 -53.035216 -77.734424
6
-32.793052 -93.984828 9.563881
-28.303198 -95.301972 10.791804
-6.736111 -99.721108 3.213327
-22.010628 -94.507731 -24.162387
-27.998072 -91.840135 -27.955279
-33.776125 -93.815017 7.610249
6
2.961700 39.946235 -91.627107
12.785827 57.486447 -80.819744
-7.304971 70.010217 -71.029620
-13.866031 61.504323 -77.620560
-14.866058 54.065860 -82.800260
-2.760939 39.800913 -91.696590
7
-87.675888 -46.438306 12.506896
-93.130032 -30.953051 19.201713
-81.872362 -34.850951 45.632527
-81.531120 -35.249371 45.936459
-80.693709 -36.826139 46.177492
-79.293436 -42.308038 43.847244
-86.444639 -47.854576 15.403375
6
-33.289462 79.758427 -50.303131
-35.539016 78.629077 -50.541533
-41.895900 66.721865 -61.586737
-41.125230 66.327206 -62.525332
-7.939960 73.001274 -67.880565
-10.511760 77.773136 -61.974529
7
-16.953016 20.725730 -96.348531
-21.737462 20.023379 -95.532963
-23.996555 2.286641 -97.051206
-16.510392 -6.121854 -98.437441
-1.651976 -6.325529 -99.786064
2.222134 -1.909156 -99.957077
-7.203331 15.756273 -98.487826
4
27.064266 -64.140197 -71.788304
14.075723 -64.939311 -74.731251
-1.397813 -79.970122 -60.023543
12.180936 -83.173079 -54.165152
7
-68.777959 56.761601 -45.251663
-81.633663 46.099769 -34.795924
-85.321661 28.884674 -43.426833
-81.992509 25.636293 -51.186024
-76.510979 26.793443 -58.550675
-65.375483 49.624978 -57.126244
-65.302061 50.442817 -56.490380
8
14.991632 13.395014 97.958280
18.866966 23.592743 95.327961
36.562408 31.674549 87.520930
46.376078 25.814098 84.751942
48.742086 19.546407 85.100805
43.368611 -6.579709 89.865850
41.726699 -8.135463 90.513517
15.552470 10.623387 98.210307
8
-6.372826 92.395480 -37.715546
-10.511760 77.773136 -61.974529
-7.939960 73.001274 -67.880565
-7.348002 72.451299 -68.533322
22.800594 78.012610 -58.259468
15.590813 93.509117 -31.827214
9.644645 95.503793 -28.035804
6.387454 95.970148 -27.366606
6
21.758417 -4.111574 -97.517518
17.235894 -1.784663 -98.487253
2.222134 -1.909156 -99.957077
-1.651976 -6.325529 -99.786064
-3.791416 -30.237424 -95.243495
12.781380 -27.461544 -95.302151
4
29.577168 -95.049665 -9.526403
63.532899 -76.923210 -6.811057
59.393235 -68.167888 -42.726838
27.368015 -93.087692 -24.200689
6
-57.960142 -66.678601 -46.846410
-55.895441 -78.449449 -26.858585
-30.813973 -89.140980 -33.232286
-20.305310 -85.327152 -48.030943
-19.859042 -81.796863 -53.989736
-45.709975 -67.076761 -58.406390
6
-93.754276 -5.752291 34.308116
-86.143240 4.369388 50.598919
-73.219438 0.219710 68.109218
-72.975495 -0.391956 68.369755
-81.531120 -35.249371 45.936459
-81.872362 -34.850951 45.632527
5
22.800594 78.012610 -58.259468
30.020179 74.209831 -59.930709
49.011667 77.726063 -39.452701
38.568920 87.284188 -29.898311
15.590813 93.509117 -31.827214
6
-7.304971 70.010217 -71.029620
-7.348002 72.451299 -68.533322
-7.939960 73.001274 -67.880565
-41.125230 66.327206 -62.525332
-39.007213 56.020996 -73.075887
-13.866031 61.504323 -77.620560
6
-98.118662 19.161956 2.355348
-97.808848 14.497553 -14.941561
-92.583034 26.401950 -27.042908
-91.657807 34.159518 -20.783978
-95.416615 29.890546 -1.491584
-96.796499 24.905765 3.184442
5
14.807758 -96.762252 20.440081
-18.495035 -90.861670 37.444500
-19.754452 -86.468799 46.183422
-11.891074 -81.934982 56.082627
22.500186 -86.532809 44.786321
6
88.208985 44.286243 -16.059381
85.779938 49.575528 -13.567211
82.373645 54.510431 -15.594728
72.028470 59.121336 -36.284530
81.461686 43.051723 -38.865703
88.258899 44.051255 -16.427222
7
-65.302061 50.442817 -56.490380
-65.375483 49.624978 -57.126244
-46.273027 43.458254 -77.266986
-39.007213 56.020996 -73.075887
-41.125230 66.327206 -62.525332
-41.895900 66.721865 -61.586737
-48.321971 65.141800 -58.493872
5
-95.416615 29.890546 -1.491584
-91.657807 34.159518 -20.783978
-85.972151 46.758519 -20.553105
-82.880212 54.260620 -13.662195
-86.492670 50.133758 -2.371582
5
30.859230 93.812087 15.716241
22.354347 93.893706 26.158271
1.955449 98.373149 17.857764
4.115726 99.823944 4.270939
26.243467 96.189940 7.666545
4
-3.519685 -96.836073 -24.706008
-22.010628 -94.507731 -24.162387
-6.736111 -99.721108 3.213327
-6.446999 -99.740282 3.211286
6
19.838746 -40.101999 89.432957
-3.308534 -23.543178 97.132756
-5.783387 -13.289706 98.944106
15.552470 10.623387 98.210307
41.726699 -8.135463 90.513517
40.626317 -16.834754 89.811433
5
-56.296354 43.536770 70.251478
-70.501471 42.447871 56.813035
-70.305859 50.736590 49.828552
-52.294275 67.981343 51.418341
-51.119205 68.488119 51.924989
6
-21.844896 1.732319 97.569460
-11.002032 23.679299 96.531063
14.991632 13.395014 97.958280
15.552470 10.623387 98.210307
-5.783387 -13.289706 98.944106
-19.440901 -4.858339 97.971669
5
94.064759 20.788968 -26.826105
88.258899 44.051255 -16.427222
81.461686 43.051723 -38.865703
80.910085 39.613326 -43.409016
82.474822 31.859531 -46.721238
6
-90.293337 35.146229 24.735720
-85.068334 43.865374 28.969077
-79.825421 46.791866 37.926552
-78.799143 31.847692 52.691741
-85.647911 23.851300 45.777188
-91.074552 27.823165 30.517166
4
2.222134 -1.909156 -99.957077
17.235894 -1.784663 -98.487253
13.369649 22.879981 -96.424888
-7.203331 15.756273 -98.487826
6
98.884119 8.569341 12.185949
98.031008 12.519032 15.270736
94.563631 31.121510 9.443058
94.964011 31.317226 -1.033398
98.872055 10.155069 -11.008689
99.852334 4.786071 -2.569990
6
48.042883 87.662759 -2.668723
53.458019 83.527493 -12.860720
64.923392 73.980991 -17.656901
68.253337 71.857951 -13.338550
64.429339 76.472834 -0.875221
53.119219 84.671206 3.022491
5
85.779938 49.575528 -13.567211
85.599278 51.091020 -7.903883
76.791009 63.585199 7.750059
68.274328 71.839443 -13.330817
82.373645 54.510431 -15.594728
8
96.932362 -20.058182 14.205161
92.209938 -36.490675 12.874702
91.489189 -37.251387 15.558354
82.109302 -31.741415 47.439911
81.540851 -29.466169 49.828049
87.925816 -12.282892 46.023705
92.049679 -5.526534 38.682219
97.357357 -8.832564 21.060171
6
92.660801 15.440653 34.286472
92.049679 -5.526534 38.682219
87.925816 -12.282892 46.023705
76.786560 15.495745 62.158718
89.873007 19.151478 39.446970
92.590315 15.620636 34.395192
6
30.305181 81.561521 49.288075
43.079277 87.503381 22.075647
48.232543 84.825304 21.869834
55.378776 70.886209 43.684511
42.898157 73.070285 53.108206
34.237478 78.182577 52.108346
6
14.807758 -96.762252 20.440081
14.743604 -98.452812 9.469425
-6.446999 -99.740282 3.211286
-6.736111 -99.721108 3.213327
-28.303198 -95.301972 10.791804
-18.495035 -90.861670 37.444500
4
-48.321971 65.141800 -58.493872
-41.895900 66.721865 -61.586737
-35.539016 78.629077 -50.541533
-51.653333 76.367987 -38.728075
5
-24.514316 91.537916 31.935219
-24.491676 96.262895 11.559105
-4.966102 97.246490 22.769672
-12.116132 94.138704 31.481800
-23.837923 91.554198 32.397256
5
-50.047950 -32.101096 80.403497
-50.033621 -31.748959 80.552097
-7.167381 -26.270173 96.221134
-27.392894 -57.655340 76.977212
-44.801984 -44.183312 77.721407
6
40.626317 -16.834754 89.811433
41.726699 -8.135463 90.513517
43.368611 -6.579709 89.865850
68.036095 -1.009730 73.280763
75.019755 -29.085128 59.380904
64.625518 -35.314493 67.649309
5
-99.461018 -9.335461 -4.511660
-96.850339 -8.174294 -23.520049
-97.808848 14.497553 -14.941561
-98.118662 19.161956 2.355348
-98.919991 13.793845 4.956324
6
1.955449 98.373149 17.857764
22.354347 93.893706 26.158271
18.807300 86.713998 46.119064
11.954509 87.122356 47.610763
11.663358 87.222747 47.499037
-0.619748 97.728133 21.185558
6
92.590315 15.620636 34.395192
90.497347 37.469807 20.155489
91.254789 37.650234 15.969449
94.563631 31.121510 9.443058
98.031008 12.519032 15.270736
92.660801 15.440653 34.286472
6
-93.130032 -30.953051 19.201713
-87.675888 -46.438306 12.506896
-87.866501 -46.545822 10.628471
-94.861824 -31.623008 -1.104435
-96.173863 -27.377276 1.035793
-93.950842 -28.979280 18.260355
5
55.305780 35.379832 75.429027
54.706722 41.800779 72.524958
61.381907 47.037492 63.401387
74.196162 29.039188 60.428926
74.268592 18.516307 64.353108
6
-17.973908 -35.156455 -91.874710
-19.340842 -36.259218 -91.165788
-12.631381 -64.615015 -75.268507
4.209113 -61.325621 -78.876179
3.058197 -47.512731 -87.938546
-8.781036 -34.373573 -93.495192
7
-85.647911 23.851300 45.777188
-78.799143 31.847692 52.691741
-78.575205 31.896644 52.995672
-72.821000 23.870923 64.243918
-71.057144 10.461375 69.580471
-73.219438 0.219710 68.109218
-86.143240 4.369388 50.598919
5
-91.571567 1.008288 -40.170031
-81.992509 25.636293 -51.186024
-85.321661 28.884674 -43.426833
-92.494416 26.235066 -27.504623
-93.386002 -1.246142 -35.742156
6
19.900120 -46.698008 86.158466
19.838746 -40.101999 89.432957
40.626317 -16.834754 89.811433
64.625518 -35.314493 67.649309
63.628450 -36.938020 67.727417
34.770283 -50.932784 78.720258
7
99.852334 4.786071 -2.569990
98.872055 10.155069 -11.008689
96.309163 10.767491 -24.669948
94.381078 1.122251 -33.029574
94.832449 -17.147854 -26.697524
97.644229 -18.102460 -11.743312
99.864101 -4.617047 -2.417460
6
51.993763 44.002681 -73.214839
43.071387 35.369598 -83.029195
38.664028 11.257391 -91.533404
41.158301 3.073178 -91.085399
69.543424 19.362468 -69.201207
56.999076 40.441880 -71.523141
7
53.458019 83.527493 -12.860720
39.761057 87.723604 -26.900328
38.568920 87.284188 -29.898311
49.011667 77.726063 -39.452701
49.343289 77.533679 -39.417870
63.991051 73.700768 -21.756430
64.923392 73.980991 -17.656901
5
-49.479714 38.624472 77.845412
-53.059460 25.082199 80.966518
-71.057144 10.461375 69.580471
-72.821000 23.870923 64.243918
-56.091531 43.123448 70.669005
6
-30.813973 -89.140980 -33.232286
-27.998072 -91.840135 -27.955279
-22.010628 -94.507731 -24.162387
-3.519685 -96.836073 -24.706008
6.425929 -93.789892 -34.090522
-20.305310 -85.327152 -48.030943
7
-82.880212 54.260620 -13.662195
-85.972151 46.758519 -20.553105
-81.633663 46.099769 -34.795924
-68.777959 56.761601 -45.251663
-67.974136 60.095718 -42.047849
-79.242273 58.957625 -15.641630
-80.089606 58.144838 -14.311981
7
68.253337 71.857951 -13.338550
64.923392 73.980991 -17.656901
63.991051 73.700768 -21.756430
71.612635 59.486805 -36.509596
72.028470 59.121336 -36.284530
82.373645 54.510431 -15.594728
68.274328 71.839443 -13.330817
6
-95.149725 -4.628995 30.415492
-93.754276 -5.752291 34.308116
-81.872362 -34.850951 45.632527
-93.130032 -30.953051 19.201713
-93.950842 -28.979280 18.260355
-96.846563 -10.585748 22.554050
6
-81.633663 46.099769 -34.795924
-85.972151 46.758519 -20.553105
-91.657807 34.159518 -20.783978
-92.583034 26.401950 -27.042908
-92.494416 26.235066 -27.504623
-85.321661 28.884674 -43.426833
5
48.011573 87.679967 -2.666878
38.296114 92.043762 -7.832847
39.761057 87.723604 -26.900328
53.458019 83.527493 -12.860720
48.042883 87.662759 -2.668723
8
13.225903 -56.361803 81.537860
-15.945216 -65.870979 73.530703
-23.959475 -61.454943 75.161384
-27.392894 -57.655340 76.977212
-7.167381 -26.270173 96.221134
-3.308534 -23.543178 97.132756
19.838746 -40.101999 89.432957
19.900120 -46.698008 86.158466
6
57.958990 66.131370 -47.617197
49.343289 77.533679 -39.417870
49.011667 77.726063 -39.452701
30.020179 74.209831 -59.930709
37.651647 58.409435 -71.907519
46.391158 52.553565 -71.316080
6
69.279835 49.309664 -52.619973
80.910085 39.613326 -43.409016
81.461686 43.051723 -38.865703
72.028470 59.121336 -36.284530
71.612635 59.486805 -36.509596
65.957323 60.386253 -44.756362
6
-55.635825 14.356428 -81.844657
-72.925685 18.927431 -65.754063
-79.527216 -3.916696 -60.498607
-74.074291 -20.881863 -63.850977
-73.410651 -21.529029 -64.400134
-58.219124 -16.054711 -79.704327
8
-53.222561 83.400756 14.548983
-46.957278 82.281050 32.013168
-47.634909 71.450221 51.242379
-51.119205 68.488119 51.924989
-52.294275 67.981343 51.418341
-69.861167 62.451547 34.917355
-72.465116 66.760205 17.084557
-66.944815 73.330576 11.875118
6
-21.844896 1.732319 97.569460
-35.398192 10.826290 92.896499
-36.037059 13.756333 92.261008
-21.534657 42.014554 88.153479
-20.229839 41.448445 88.728688
-11.002032 23.679299 96.531063
6
69.226146 -67.127467 26.488562
69.522206 -67.040626 25.927153
70.682504 -70.734977 -0.739391
65.093481 -75.765413 -4.737180
49.491749 -84.754228 19.164748
53.175946 -74.717101 39.870710
8
64.625518 -35.314493 67.649309
75.019755 -29.085128 59.380904
81.540851 -29.466169 49.828049
82.109302 -31.741415 47.439911
80.562991 -36.602308 46.581923
50.030182 -72.392666 47.500346
50.846636 -65.898485 55.425709
63.628450 -36.938020 67.727417
6
-19.440901 -4.858339 97.971669
-51.477199 -23.540773 82.437431
-56.132980 -14.535346 81.472770
-51.916334 -4.453860 85.351376
-35.398192 10.826290 92.896499
-21.844896 1.732319 97.569460
6
-19.440901 -4.858339 97.971669
-5.783387 -13.289706 98.944106
-3.308534 -23.543178 97.132756
-7.167381 -26.270173 96.221134
-50.033621 -31.748959 80.552097
-51.477199 -23.540773 82.437431
6
-40.734829 28.616307 -86.728200
-52.800476 16.270767 -83.350896
-34.141111 -6.501972 -93.766246
-23.996555 2.286641 -97.051206
-21.737462 20.023379 -95.532963
-39.392422 28.660905 -87.331492
6
67.256718 62.909046 38.974167
67.734572 54.208242 49.734236
61.367524 48.288046 62.468324
44.531267 64.014810 62.602479
42.898157 73.070285 53.108206
55.378776 70.886209 43.684511
6
56.999076 40.441880 -71.523141
69.543424 19.362468 -69.201207
74.697789 15.128385 -64.740809
82.474822 31.859531 -46.721238
80.910085 39.613326 -43.409016
69.279835 49.309664 -52.619973
7
77.324996 36.827674 51.619448
83.705604 37.410982 39.922303
89.873007 19.151478 39.446970
76.786560 15.495745 62.158718
74.640736 16.648311 64.432867
74.268592 18.516307 64.353108
74.196162 29.039188 60.428926
6
-77.224519 61.307658 16.665674
-72.465116 66.760205 17.084557
-69.861167 62.451547 34.917355
-77.529226 49.384539 39.374946
-79.825421 46.791866 37.926552
-85.068334 43.865374 28.969077
5
8.598060 65.439846 75.124562
-6.264120 68.057879 72.999219
-10.142092 72.497026 68.127227
9.746801 84.345909 52.827716
10.859215 65.976970 74.358031
5
-72.925685 18.927431 -65.754063
-76.510979 26.793443 -58.550675
-81.992509 25.636293 -51.186024
-91.571567 1.008288 -40.170031
-79.527216 -3.916696 -60.498607
5
30.111141 -62.924731 -71.650523
27.064266 -64.140197 -71.788304
12.180936 -83.173079 -54.165152
19.490585 -90.350629 -38.169110
39.114330 -68.994124 -60.908785
8
41.158301 3.073178 -91.085399
39.027883 -2.767736 -92.028061
44.795026 -15.809798 -87.996908
50.323213 -17.951339 -84.530016
51.905552 -17.484443 -83.666648
77.713858 6.978687 -62.544817
74.697789 15.128385 -64.740809
69.543424 19.362468 -69.201207
7
-98.919991 13.793845 4.956324
-98.118662 19.161956 2.355348
-96.796499 24.905765 3.184442
-91.423240 35.019503 20.381993
-90.293337 35.146229 24.735720
-91.074552 27.823165 30.517166
-96.467742 3.901866 26.052835
6
-10.142092 72.497026 68.127227
-6.264120 68.057879 72.999219
-22.332946 42.839409 87.555837
-28.591803 44.873489 84.669232
-34.693599 72.851196 59.068244
-24.754811 76.850529 59.001657
7
12.785827 57.486447 -80.819744
23.903988 55.171019 -79.904681
37.651647 58.409435 -71.907519
30.020179 74.209831 -59.930709
22.800594 78.012610 -58.259468
-7.348002 72.451299 -68.533322
-7.304971 70.010217 -71.029620
5
67.734572 54.208242 49.734236
77.324996 36.827674 51.619448
74.196162 29.039188 60.428926
61.381907 47.037492 63.401387
61.367524 48.288046 62.468324
4
73.535381 15.037989 66.078791
68.036095 -1.009730 73.280763
43.368611 -6.579709 89.865850
48.742086 19.546407 85.100805
4
-70.305859 50.736590 49.828552
-77.529226 49.384539 39.374946
-69.861167 62.451547 34.917355
-52.294275 67.981343 51.418341
5
-34.918867 -10.388274 -93.127636
-22.294757 -23.775954 -94.539134
-16.510392 -6.121854 -98.437441
-23.996555 2.286641 -97.051206
-34.141111 -6.501972 -93.766246
6
43.079277 87.503381 22.075647
30.305181 81.561521 49.288075
18.807300 86.713998 46.119064
22.354347 93.893706 26.158271
30.859230 93.812087 15.716241
34.658646 92.373152 16.308863
7
-56.132980 -14.535346 81.472770
-72.975495 -0.391956 68.369755
-73.219438 0.219710 68.109218
-71.057144 10.461375 69.580471
-53.059460 25.082199 80.966518
-51.663666 22.551517 82.597183
-51.916334 -4.453860 85.351376
4
-76.890392 -63.926421 1.131538
-80.230218 -59.190593 -7.719180
-86.918779 -48.833713 -7.771383
-87.103286 -48.547551 7.493525
5
-51.716535 84.947025 -10.459587
-36.797018 90.239578 -22.423157
-23.684468 97.120956 -2.562412
-27.563163 96.012409 4.678595
-53.203109 83.417944 14.521564
5
-63.319741 -65.479074 41.268647
-62.224974 -67.470079 39.696865
-72.615036 -65.873787 19.690119
-86.444639 -47.854576 15.403375
-79.293436 -42.308038 43.847244
6
-96.467742 3.901866 26.052835
-91.074552 27.823165 30.517166
-85.647911 23.851300 45.777188
-86.143240 4.369388 50.598919
-93.754276 -5.752291 34.308116
-95.149725 -4.628995 30.415492
7
-44.801984 -44.183312 77.721407
-27.392894 -57.655340 76.977212
-23.959475 -61.454943 75.161384
-52.586994 -75.273014 39.605321
-54.158049 -74.754294 38.453884
-62.224974 -67.470079 39.696865
-63.319741 -65.479074 41.268647
7
-48.943273 -84.130877 22.946713
-54.158049 -74.754294 38.453884
-52.586994 -75.273014 39.605321
-19.754452 -86.468799 46.183422
-18.495035 -90.861670 37.444500
-28.303198 -95.301972 10.791804
-32.793052 -93.984828 9.563881
9
-92.259332 -21.959226 -31.717630
-95.399096 -10.019643 -28.259853
-96.850339 -8.174294 -23.520049
-99.461018 -9.335461 -4.511660
-99.161919 -12.917452 -0.230867
-96.173863 -27.377276 1.035793
-94.861824 -31.623008 -1.104435
-89.851684 -38.779047 -20.563569
-88.696122 -37.548753 -26.890315
5
96.932362 -20.058182 14.205161
97.357357 -8.832564 21.060171
98.884119 8.569341 12.185949
99.852334 4.786071 -2.569990
99.864101 -4.617047 -2.417460
5
-16.953016 20.725730 -96.348531
-2.760939 39.800913 -91.696590
-14.866058 54.065860 -82.800260
-39.392422 28.660905 -87.331492
-21.737462 20.023379 -95.532963
5
-33.776125 -93.815017 7.610249
-58.308532 -79.218773 -18.013914
-65.600986 -75.445188 -2.129401
-48.943273 -84.130877 22.946713
-32.793052 -93.984828 9.563881
5
-45.709975 -67.076761 -58.406390
-19.859042 -81.796863 -53.989736
-16.346217 -79.512833 -58.399577
-16.082384 -67.597487 -71.916178
-40.887671 -53.615850 -73.848081
6
-53.400787 -19.802783 -82.196142
-40.141116 -40.626883 -82.086218
-19.340842 -36.259218 -91.165788
-17.973908 -35.156455 -91.874710
-22.294757 -23.775954 -94.539134
-34.918867 -10.388274 -93.127636
6
-46.957278 82.281050 32.013168
-53.222561 83.400756 14.548983
-53.203109 83.417944 14.521564
-27.563163 96.012409 4.678595
-24.491676 96.262895 11.559105
-24.514316 91.537916 31.935219
7
-19.332609 82.936230 52.419767
-2.473432 88.494500 46.503824
11.663358 87.222747 47.499037
11.954509 87.122356 47.610763
9.746801 84.345909 52.827716
-10.142092 72.497026 68.127227
-24.754811 76.850529 59.001657
5
-15.945216 -65.870979 73.530703
-11.891074 -81.934982 56.082627
-19.754452 -86.468799 46.183422
-52.586994 -75.273014 39.605321
-23.959475 -61.454943 75.161384
5
61.367524 48.288046 62.468324
61.381907 47.037492 63.401387
54.706722 41.800779 72.524958
37.124918 52.847756 76.346939
44.531267 64.014810 62.602479
5
85.890814 -26.841078 -43.615647
72.612504 -47.576918 -49.637296
72.178829 -51.479440 -46.261041
85.463263 -47.677037 -20.565282
94.602726 -17.918109 -27.004919
6
-40.887671 -53.615850 -73.848081
-16.082384 -67.597487 -71.916178
-12.631381 -64.615015 -75.268507
-19.340842 -36.259218 -91.165788
-40.141116 -40.626883 -82.086218
-42.694382 -47.100582 -77.192777
7
-6.372826 92.395480 -37.715546
6.387454 95.970148 -27.366606
-2.639439 99.626760 -8.218403
-23.684468 97.120956 -2.562412
-36.797018 90.239578 -22.423157
-36.586785 89.811793 -24.397727
-28.084690 90.126999 -32.990517
7
-65.302061 50.442817 -56.490380
-48.321971 65.141800 -58.493872
-51.653333 76.367987 -38.728075
-52.605675 76.477116 -37.200722
-58.486923 73.202585 -34.937965
-67.974136 60.095718 -42.047849
-68.777959 56.761601 -45.251663
6
31.282301 52.574172 79.103566
33.546803 51.736872 78.726794
36.562408 31.674549 87.520930
18.866966 23.592743 95.327961
15.820311 30.526294 93.903478
18.147045 46.409253 86.699862
6
-96.467742 3.901866 26.052835
-95.149725 -4.628995 30.415492
-96.846563 -10.585748 22.554050
-99.161919 -12.917452 -0.230867
-99.461018 -9.335461 -4.511660
-98.919991 13.793845 4.956324
6
46.391158 52.553565 -71.316080
37.651647 58.409435 -71.907519
23.903988 55.171019 -79.904681
21.720935 34.077781 -91.470792
43.071387 35.369598 -83.029195
51.993763 44.002681 -73.214839
7
-61.204624 76.980883 -18.109048
-62.269873 74.560592 -23.731437
-58.486923 73.202585 -34.937965
-52.605675 76.477116 -37.200722
-36.586785 89.811793 -24.397727
-36.797018 90.239578 -22.423157
-51.716535 84.947025 -10.459587
6
-70.442104 -49.353828 -51.010877
-57.960142 -66.678601 -46.846410
-45.709975 -67.076761 -58.406390
-40.887671 -53.615850 -73.848081
-42.694382 -47.100582 -77.192777
-69.177086 -43.054177 -57.972999
7
72.927867 64.866173 21.769376
74.168025 64.091625 19.783017
87.576567 46.982711 11.089176
91.254789 37.650234 15.969449
90.497347 37.469807 20.155489
83.442642 43.755165 33.508372
71.834766 61.614329 32.302336
5
-0.619748 97.728133 21.185558
11.663358 87.222747 47.499037
-2.473432 88.494500 46.503824
-12.116132 94.138704 31.481800
-4.966102 97.246490 22.769672
5
-95.416615 29.890546 -1.491584
-86.492670 50.133758 -2.371582
-86.030209 50.830737 3.878052
-91.423240 35.019503 20.381993
-96.796499 24.905765 3.184442
6
-65.600986 -75.445188 -2.129401
-72.244620 -69.028598 3.970838
-72.615036 -65.873787 19.690119
-62.224974 -67.470079 39.696865
-54.158049 -74.754294 38.453884
-48.943273 -84.130877 22.946713
6
94.602726 -17.918109 -27.004919
85.463263 -47.677037 -20.565282
86.128596 -50.139169 -8.241885
92.089335 -38.383075 6.803965
97.644229 -18.102460 -11.743312
94.832449 -17.147854 -26.697524
5
-56.296354 43.536770 70.251478
-56.091531 43.123448 70.669005
-72.821000 23.870923 64.243918
-78.575205 31.896644 52.995672
-70.501471 42.447871 56.813035
3
34.770283 -50.932784 78.720258
63.628450 -36.938020 67.727417
50.846636 -65.898485 55.425709
8
-86.030209 50.830737 3.878052
-86.492670 50.133758 -2.371582
-82.880212 54.260620 -13.662195
-80.089606 58.144838 -14.311981
-70.807473 70.610837 -0.641446
-66.944815 73.330576 11.875118
-72.465116 66.760205 17.084557
-77.224519 61.307658 16.665674
7
87.925816 -12.282892 46.023705
81.540851 -29.466169 49.828049
75.019755 -29.085128 59.380904
68.036095 -1.009730 73.280763
73.535381 15.037989 66.078791
74.640736 16.648311 64.432867
76.786560 15.495745 62.158718
5
70.409210 -42.613103 -56.803755
73.581018 -21.995332 -64.047164
51.905552 -17.484443 -83.666648
50.323213 -17.951339 -84.530016
58.122615 -40.979349 -70.302593
5
91.489189 -37.251387 15.558354
69.522206 -67.040626 25.927153
69.226146 -67.127467 26.488562
80.562991 -36.602308 46.581923
82.109302 -31.741415 47.439911
7
-21.534657 42.014554 88.153479
-22.332946 42.839409 87.555837
-6.264120 68.057879 72.999219
8.598060 65.439846 75.124562
5.492135 51.069282 85.800728
-4.774275 44.151526 89.598265
-20.229839 41.448445 88.728688
6
-46.273027 43.458254 -77.266986
-40.734829 28.616307 -86.728200
-39.392422 28.660905 -87.331492
-14.866058 54.065860 -82.800260
-13.866031 61.504323 -77.620560
-39.007213 56.020996 -73.075887
6
34.658646 92.373152 16.308863
30.859230 93.812087 15.716241
26.243467 96.189940 7.666545
30.171796 95.189776 -5.345027
38.296114 92.043762 -7.832847
48.011573 87.679967 -2.666878
5
17.982535 29.985677 -93.688247
38.664028 11.257391 -91.533404
43.071387 35.369598 -83.029195
21.720935 34.077781 -91.470792
17.971916 30.169811 -93.631153
8
59.737372 -67.099474 -43.921601
59.393235 -68.167888 -42.726838
63.532899 -76.923210 -6.811057
65.093481 -75.765413 -4.737180
70.682504 -70.734977 -0.739391
86.128596 -50.139169 -8.241885
85.463263 -47.677037 -20.565282
72.178829 -51.479440 -46.261041
5
21.758417 -4.111574 -97.517518
12.781380 -27.461544 -95.302151
29.778945 -38.430449 -87.386012
44.795026 -15.809798 -87.996908
39.027883 -2.767736 -92.028061
4
-58.486923 73.202585 -34.937965
-62.269873 74.560592 -23.731437
-79.242273 58.957625 -15.641630
-67.974136 60.095718 -42.047849
6
-70.501471 42.447871 56.813035
-78.575205 31.896644 52.995672
-78.799143 31.847692 52.691741
-79.825421 46.791866 37.926552
-77.529226 49.384539 39.374946
-70.305859 50.736590 49.828552
6
12.781380 -27.461544 -95.302151
-3.791416 -30.237424 -95.243495
-8.781036 -34.373573 -93.495192
3.058197 -47.512731 -87.938546
29.655596 -42.046912 -85.747320
29.778945 -38.430449 -87.386012
7
72.927867 64.866173 21.769376
67.149193 72.162462 16.839389
64.429339 76.472834 -0.875221
68.253337 71.857951 -13.338550
68.274328 71.839443 -13.330817
76.791009 63.585199 7.750059
74.168025 64.091625 19.783017
7
-87.675888 -46.438306 12.506896
-86.444639 -47.854576 15.403375
-72.615036 -65.873787 19.690119
-72.244620 -69.028598 3.970838
-76.890392 -63.926421 1.131538
-87.103286 -48.547551 7.493525
-87.866501 -46.545822 10.628471
5
92.660801 15.440653 34.286472
98.031008 12.519032 15.270736
98.884119 8.569341 12.185949
97.357357 -8.832564 21.060171
92.049679 -5.526534 38.682219
5
65.093481 -75.765413 -4.737180
63.532899 -76.923210 -6.811057
29.577168 -95.049665 -9.526403
25.348834 -96.733247 -0.339853
49.491749 -84.754228 19.164748
6
46.376078 25.814098 84.751942
36.562408 31.674549 87.520930
33.546803 51.736872 78.726794
37.124918 52.847756 76.346939
54.706722 41.800779 72.524958
55.305780 35.379832 75.429027
7
38.664028 11.257391 -91.533404
17.982535 29.985677 -93.688247
13.369649 22.879981 -96.424888
17.235894 -1.784663 -98.487253
21.758417 -4.111574 -97.517518
39.027883 -2.767736 -92.028061
41.158301 3.073178 -91.085399
4
-51.916334 -4.453860 85.351376
-51.663666 22.551517 82.597183
-36.037059 13.756333 92.261008
-35.398192 10.826290 92.896499
5
65.957323 60.386253 -44.756362
71.612635 59.486805 -36.509596
63.991051 73.700768 -21.756430
49.343289 77.533679 -39.417870
57.958990 66.131370 -47.617197
4
74.168025 64.091625 19.783017
76.791009 63.585199 7.750059
85.599278 51.091020 -7.903883
87.576567 46.982711 11.089176
4
-96.846563 -10.585748 22.554050
-93.950842 -28.979280 18.260355
-96.173863 -27.377276 1.035793
-99.161919 -12.917452 -0.230867
5
94.602726 -17.918109 -27.004919
94.832449 -17.147854 -26.697524
94.381078 1.122251 -33.029574
82.606270 1.488930 -56.338151
85.890814 -26.841078 -43.615647
7
-80.693709 -36.826139 46.177492
-81.531120 -35.249371 45.936459
-72.975495 -0.391956 68.369755
-56.132980 -14.535346 81.472770
-51.477199 -23.540773 82.437431
-50.033621 -31.748959 80.552097
-50.047950 -32.101096 80.403497
6
-2.639439 99.626760 -8.218403
6.387454 95.970148 -27.366606
9.644645 95.503793 -28.035804
30.171796 95.189776 -5.345027
26.243467 96.189940 7.666545
4.115726 99.823944 4.270939
8
-16.346217 -79.512833 -58.399577
-19.859042 -81.796863 -53.989736
-20.305310 -85.327152 -48.030943
6.425929 -93.789892 -34.090522
19.271143 -92.155325 -33.704882
19.490585 -90.350629 -38.169110
12.180936 -83.173079 -54.165152
-1.397813 -79.970122 -60.023543
8
-24.491676 96.262895 11.559105
-27.563163 96.012409 4.678595
-23.684468 97.120956 -2.562412
-2.639439 99.626760 -8.218403
4.115726 99.823944 4.270939
1.955449 98.373149 17.857764
-0.619748 97.728133 21.185558
-4.966102 97.246490 22.769672
7
88.208985 44.286243 -16.059381
94.964011 31.317226 -1.033398
94.563631 31.121510 9.443058
91.254789 37.650234 15.969449
87.576567 46.982711 11.089176
85.599278 51.091020 -7.903883
85.779938 49.575528 -13.567211
6
15.590813 93.509117 -31.827214
38.568920 87.284188 -29.898311
39.761057 87.723604 -26.900328
38.296114 92.043762 -7.832847
30.171796 95.189776 -5.345027
9.644645 95.503793 -28.035804
6
96.309163 10.767491 -24.669948
98.872055 10.155069 -11.008689
94.964011 31.317226 -1.033398
88.208985 44.286243 -16.059381
88.258899 44.051255 -16.427222
94.064759 20.788968 -26.826105
7
34.770283 -50.932784 78.720258
50.846636 -65.898485 55.425709
50.030182 -72.392666 47.500346
49.170471 -74.079382 45.765817
28.835324 -82.634362 48.374439
13.225903 -56.361803 81.537860
19.900120 -46.698008 86.158466
4
18.147045 46.409253 86.699862
15.820311 30.526294 93.903478
-4.774275 44.151526 89.598265
5.492135 51.069282 85.800728
6
82.606270 1.488930 -56.338151
80.032695 2.852021 -59.888511
73.581018 -21.995332 -64.047164
70.409210 -42.613103 -56.803755
72.612504 -47.576918 -49.637296
85.890814 -26.841078 -43.615647
6
-95.399096 -10.019643 -28.259853
-93.386002 -1.246142 -35.742156
-92.494416 26.235066 -27.504623
-92.583034 26.401950 -27.042908
-97.808848 14.497553 -14.941561
-96.850339 -8.174294 -23.520049
7
-55.635825 14.356428 -81.844657
-52.800476 16.270767 -83.350896
-40.734829 28.616307 -86.728200
-46.273027 43.458254 -77.266986
-65.375483 49.624978 -57.126244
-76.510979 26.793443 -58.550675
-72.925685 18.927431 -65.754063
7
48.011573 87.679967 -2.666878
48.042883 87.662759 -2.668723
53.119219 84.671206 3.022491
54.219279 82.408885 16.402605
48.232543 84.825304 21.869834
43.079277 87.503381 22.075647
34.658646 92.373152 16.308863
6
17.442892 64.969672 73.991129
31.282301 52.574172 79.103566
18.147045 46.409253 86.699862
5.492135 51.069282 85.800728
8.598060 65.439846 75.124562
10.859215 65.976970 74.358031
7
-69.177086 -43.054177 -57.972999
-73.410651 -21.529029 -64.400134
-74.074291 -20.881863 -63.850977
-92.259332 -21.959226 -31.717630
-88.696122 -37.548753 -26.890315
-84.143571 -44.232537 -31.037753
-70.442104 -49.353828 -51.010877
6
-8.781036 -34.373573 -93.495192
-3.791416 -30.237424 -95.243495
-1.651976 -6.325529 -99.786064
-16.510392 -6.121854 -98.437441
-22.294757 -23.775954 -94.539134
-17.973908 -35.156455 -91.874710
8
39.114330 -68.994124 -60.908785
59.737372 -67.099474 -43.921601
72.178829 -51.479440 -46.261041
72.612504 -47.576918 -49.637296
70.409210 -42.613103 -56.803755
58.122615 -40.979349 -70.302593
33.832311 -53.035216 -77.734424
30.111141 -62.924731 -71.650523
6
-73.410651 -21.529029 -64.400134
-69.177086 -43.054177 -57.972999
-42.694382 -47.100582 -77.192777
-40.141116 -40.626883 -82.086218
-53.400787 -19.802783 -82.196142
-58.219124 -16.054711 -79.704327
5
28.835324 -82.634362 48.374439
22.500186 -86.532809 44.786321
-11.891074 -81.934982 56.082627
-15.945216 -65.870979 73.530703
13.225903 -56.361803 81.537860
7
33.832311 -53.035216 -77.734424
29.655596 -42.046912 -85.747320
3.058197 -47.512731 -87.938546
4.209113 -61.325621 -78.876179
14.075723 -64.939311 -74.731251
27.064266 -64.140197 -71.788304
30.111141 -62.924731 -71.650523
7
-2.760939 39.800913 -91.696590
-16.953016 20.725730 -96.348531
-7.203331 15.756273 -98.487826
13.369649 22.879981 -96.424888
17.982535 29.985677 -93.688247
17.971916 30.169811 -93.631153
2.961700 39.946235 -91.627107
6
-58.219124 -16.054711 -79.704327
-53.400787 -19.802783 -82.196142
-34.918867 -10.388274 -93.127636
-34.141111 -6.501972 -93.766246
-52.800476 16.270767 -83.350896
-55.635825 14.356428 -81.844657
7
-24.754811 76.850529 59.001657
-34.693599 72.851196 59.068244
-47.634909 71.450221 51.242379
-46.957278 82.281050 32.013168
-24.514316 91.537916 31.935219
-23.837923 91.554198 32.397256
-19.332609 82.936230 52.419767
6
-53.222561 83.400756 14.548983
-66.944815 73.330576 11.875118
-70.807473 70.610837 -0.641446
-61.204624 76.980883 -18.109048
-51.716535 84.947025 -10.459587
-53.203109 83.417944 14.521564
6
92.089335 -38.383075 6.803965
86.128596 -50.139169 -8.241885
70.682504 -70.734977 -0.739391
69.522206 -67.040626 25.927153
91.489189 -37.251387 15.558354
92.209938 -36.490675 12.874702
8
29.577168 -95.049665 -9.526403
27.368015 -93.087692 -24.200689
19.271143 -92.155325 -33.704882
6.425929 -93.789892 -34.090522
-3.519685 -96.836073 -24.706008
-6.446999 -99.740282 3.211286
14.743604 -98.452812 9.469425
25.348834 -96.733247 -0.339853
6
-33.776125 -93.815017 7.610249
-27.998072 -91.840135 -27.955279
-30.813973 -89.140980 -33.232286
-55.895441 -78.449449 -26.858585
-58.027542 -78.162224 -22.879490
-58.308532 -79.218773 -18.013914
8
80.032695 2.852021 -59.888511
82.606270 1.488930 -56.338151
94.381078 1.122251 -33.029574
96.309163 10.767491 -24.669948
94.064759 20.788968 -26.826105
82.474822 31.859531 -46.721238
74.697789 15.128385 -64.740809
77.713858 6.978687 -62.544817
6
46.376078 25.814098 84.751942
55.305780 35.379832 75.429027
74.268592 18.516307 64.353108
74.640736 16.648311 64.432867
73.535381 15.037989 66.078791
48.742086 19.546407 85.100805
6
67.256718 62.909046 38.974167
71.834766 61.614329 32.302336
83.442642 43.755165 33.508372
83.705604 37.410982 39.922303
77.324996 36.827674 51.619448
67.734572 54.208242 49.734236
6
-12.631381 -64.615015 -75.268507
-16.082384 -67.597487 -71.916178
-16.346217 -79.512833 -58.399577
-1.397813 -79.970122 -60.023543
14.075723 -64.939311 -74.731251
4.209113 -61.325621 -78.876179
7
-76.042295 -61.054861 -22.133081
-80.230218 -59.190593 -7.719180
-76.890392 -63.926421 1.131538
-72.244620 -69.028598 3.970838
-65.600986 -75.445188 -2.129401
-58.308532 -79.218773 -18.013914
-58.027542 -78.162224 -22.879490
6
-11.002032 23.679299 96.531063
-20.229839 41.448445 88.728688
-4.774275 44.151526 89.598265
15.820311 30.526294 93.903478
18.866966 23.592743 95.327961
14.991632 13.395014 97.958280
7
55.378776 70.886209 43.684511
48.232543 84.825304 21.869834
54.219279 82.408885 16.402605
67.149193 72.162462 16.839389
72.927867 64.866173 21.769376
71.834766 61.614329 32.302336
67.256718 62.909046 38.974167
4
53.119219 84.671206 3.022491
64.429339 76.472834 -0.875221
67.149193 72.162462 16.839389
54.219279 82.408885 16.402605
6
-79.527216 -3.916696 -60.498607
-91.571567 1.008288 -40.170031
-93.386002 -1.246142 -35.742156
-95.399096 -10.019643 -28.259853
-92.259332 -21.959226 -31.717630
-74.074291 -20.881863 -63.850977
7
-34.693599 72.851196 59.068244
-28.591803 44.873489 84.669232
-49.479714 38.624472 77.845412
-56.091531 43.123448 70.669005
-56.296354 43.536770 70.251478
-51.119205 68.488119 51.924989
-47.634909 71.450221 51.242379
7
-49.479714 38.624472 77.845412
-28.591803 44.873489 84.669232
-22.332946 42.839409 87.555837
-21.534657 42.014554 88.153479
-36.037059 13.756333 92.261008
-51.663666 22.551517 82.597183
-53.059460 25.082199 80.966518
4
-28.084690 90.126999 -32.990517
-33.289462 79.758427 -50.303131
-10.511760 77.773136 -61.974529
-6.372826 92.395480 -37.715546
4
-19.332609 82.936230 52.419767
-23.837923 91.554198 32.397256
-12.116132 94.138704 31.481800
-2.473432 88.494500 46.503824
5
89.873007 19.151478 39.446970
83.705604 37.410982 39.922303
83.442642 43.755165 33.508372
90.497347 37.469807 20.155489
92.590315 15.620636 34.395192
5
99.864101 -4.617047 -2.417460
97.644229 -18.102460 -11.743312
92.089335 -38.383075 6.803965
92.209938 -36.490675 12.874702
96.932362 -20.058182 14.205161
5
-70.807473 70.610837 -0.641446
-80.089606 58.144838 -14.311981
-79.242273 58.957625 -15.641630
-62.269873 74.560592 -23.731437
-61.204624 76.980883 -18.109048
7
10.859215 65.976970 74.358031
9.746801 84.345909 52.827716
11.954509 87.122356 47.610763
18.807300 86.713998 46.119064
30.305181 81.561521 49.288075
34.237478 78.182577 52.108346
17.442892 64.969672 73.991129
6
39.114330 -68.994124 -60.908785
19.490585 -90.350629 -38.169110
19.271143 -92.155325 -33.704882
27.368015 -93.087692 -24.200689
59.393235 -68.167888 -42.726838
59.737372 -67.099474 -43.921601
6
56.999076 40.441880 -71.523141
69.279835 49.309664 -52.619973
65.957323 60.386253 -44.756362
57.958990 66.131370 -47.617197
46.391158 52.553565 -71.316080
51.993763 44.002681 -73.214839
6
-70.442104 -49.353828 -51.010877
-84.143571 -44.232537 -31.037753
-76.042295 -61.054861 -22.133081
-58.027542 -78.162224 -22.879490
-55.895441 -78.449449 -26.858585
-57.960142 -66.678601 -46.846410
7
17.442892 64.969672 73.991129
34.237478 78.182577 52.108346
42.898157 73.070285 53.108206
44.531267 64.014810 62.602479
37.124918 52.847756 76.346939
33.546803 51.736872 78.726794
31.282301 52.574172 79.103566
5
50.030182 -72.392666 47.500346
80.562991 -36.602308 46.581923
69.226146 -67.127467 26.488562
53.175946 -74.717101 39.870710
49.170471 -74.079382 45.765817
5
2.961700 39.946235 -91.627107
17.971916 30.169811 -93.631153
21.720935 34.077781 -91.470792
23.903988 55.171019 -79.904681
12.785827 57.486447 -80.819744
6
-89.851684 -38.779047 -20.563569
-86.918779 -48.833713 -7.771383
-80.230218 -59.190593 -7.719180
-76.042295 -61.054861 -22.133081
-84.143571 -44.232537 -31.037753
-88.696122 -37.548753 -26.890315
5
-63.319741 -65.479074 41.268647
-79.293436 -42.308038 43.847244
-80.693709 -36.826139 46.177492
-50.047950 -32.101096 80.403497
-44.801984 -44.183312 77.721407
5
-91.423240 35.019503 20.381993
-86.030209 50.830737 3.878052
-77.224519 61.307658 16.665674
-85.068334 43.865374 28.969077
-90.293337 35.146229 24.735720
6
-51.653333 76.367987 -38.728075
-35.539016 78.629077 -50.541533
-33.289462 79.758427 -50.303131
-28.084690 90.126999 -32.990517
-36.586785 89.811793 -24.397727
-52.605675 76.477116 -37.200722
4
77.713858 6.978687 -62.544817
51.905552 -17.484443 -83.666648
73.581018 -21.995332 -64.047164
80.032695 2.852021 -59.888511
8
49.170471 -74.079382 45.765817
53.175946 -74.717101 39.870710
49.491749 -84.754228 19.164748
25.348834 -96.733247 -0.339853
14.743604 -98.452812 9.469425
14.807758 -96.762252 20.440081
22.500186 -86.532809 44.786321
28.835324 -82.634362 48.374439
5
-87.103286 -48.547551 7.493525
-86.918779 -48.833713 -7.771383
-89.851684 -38.779047 -20.563569
-94.861824 -31.623008 -1.104435
-87.866501 -46.545822 10.628471
