200
7
11.007478 95.347022 -28.067435
18.628493 93.660364 -29.676851
37.941836 91.090317 -16.216388
33.282148 92.779519 16.859996
30.571305 93.621734 17.331079
20.708198 96.895866 13.504133
9.713135 99.526921 0.216608
5
-39.276092 -45.495505 -79.922135
-34.287858 -33.792953 -87.649182
-42.674772 -20.235828 -88.144059
-52.650638 -19.798346 -82.679718
-64.965163 -34.198731 -67.896792
7
34.545752 -79.057984 -50.561113
26.168269 -90.634563 -33.175256
30.856755 -94.373325 -11.896903
35.502410 -92.903696 -10.415477
57.359506 -80.983639 -12.310044
57.246991 -77.724984 -26.107640
38.967020 -77.478805 -49.785602
5
-3.398447 -40.096160 91.546428
2.990447 -23.232625 97.217809
35.343428 -35.812440 86.419392
31.655706 -45.507207 83.228663
4.113517 -48.435564 87.390361
6
-8.947568 -2.369045 -99.570722
-26.154670 -1.018399 -96.513709
-27.925681 -4.835335 -95.899822
-18.965469 -33.708847 -92.217269
-11.283427 -30.940366 -94.421280
-2.246914 -8.443997 -99.617520
7
-13.411522 84.586325 51.626396
-25.112357 81.411678 52.359414
-32.655091 85.222508 40.875043
-29.906572 91.477572 27.156045
-4.024774 95.639376 28.929414
-2.151593 95.041171 31.024933
1.602747 91.234854 40.910056
8
55.126402 40.581136 -72.898911
53.624397 32.922140 -77.721018
58.940909 16.833990 -79.010037
75.111314 6.122709 -65.732814
79.369746 7.680638 -60.344439
82.337253 10.464807 -55.776918
82.377919 33.588771 -45.669168
78.277547 43.304960 -44.691230
5
-8.928620 -81.189353 -57.693750
-2.345711 -94.218491 -33.427138
19.337582 -91.592991 -35.167911
-6.246209 -80.370455 -59.174106
-7.190916 -80.274284 -59.197383
6
59.279807 -38.007543 71.002332
36.482319 -34.707440 86.396956
41.405893 -19.377493 88.938545
52.219819 -11.851795 84.454872
55.670135 -11.219876 82.310087
66.734927 -30.163284 68.092773
5
75.904491 -3.608316 65.003757
66.357333 -0.462217 74.809696
61.787580 15.125222 77.159073
74.984404 27.004824 60.399327
76.257342 25.569877 59.422212
6
93.493854 22.894111 27.106436
95.636289 8.726041 27.884698
91.864669 -2.883760 39.402621
85.937902 -1.372354 51.115493
85.142733 20.707687 48.186167
90.207816 25.071190 35.128129
6
-2.345711 -94.218491 -33.427138
-8.928620 -81.189353 -57.693750
-24.420455 -82.503785 -50.958481
-26.610172 -88.819977 -37.455445
-18.755883 -96.523320 -18.206195
-17.086550 -97.071057 -16.889631
5
-51.990918 12.809995 -84.456193
-52.884456 30.711136 -79.120544
-60.880215 30.851869 -73.087356
-66.226830 14.301673 -73.549093
-64.422676 9.391019 -75.904727
6
-67.930412 -37.302291 -63.198088
-81.704333 -23.258098 -52.758533
-89.160428 -31.212717 -32.805248
-83.382902 -45.184698 -31.711743
-73.451457 -54.628568 -40.256714
-67.736630 -44.129171 -58.858859
7
-98.590489 -14.724683 7.943496
-98.386513 -14.633486 10.293451
-95.875082 -23.145855 16.499638
-91.914275 -35.855631 16.313789
-92.389673 -38.238745 -1.395252
-93.724701 -34.436142 -5.461917
-97.548162 -21.706078 -3.633499
6
28.586671 -57.541577 76.627470
2.926997 -67.209646 73.988487
1.107608 -66.710124 74.488473
4.113517 -48.435564 87.390361
31.655706 -45.507207 83.228663
31.842746 -47.934973 81.781892
7
-44.388043 -32.108289 83.658588
-32.431060 -40.841748 85.323959
-32.323621 -40.973130 85.301736
-42.044296 -67.228648 60.930994
-63.499864 -45.821981 62.194158
-66.882591 -38.644004 63.508739
-66.501615 -37.308906 64.696065
6
53.773738 66.313464 -52.066396
50.612721 69.774403 -50.694035
24.793845 71.733996 -65.111435
22.869121 69.147704 -68.524436
26.194608 65.527143 -70.852213
52.750054 46.662401 -70.993324
8
0.654007 -36.198335 -93.216162
-11.283427 -30.940366 -94.421280
-18.965469 -33.708847 -92.217269
-19.527511 -34.424483 -91.834804
-13.379818 -58.979140 -79.639447
-12.317099 -59.451253 -79.459660
4.672363 -54.283912 -83.853598
5.674546 -50.628841 -86.049521
5
-6.179184 99.002632 12.660831
-4.024774 95.639376 28.929414
-29.906572 91.477572 27.156045
-29.972527 91.496322 27.019819
-18.315857 98.167197 5.266006
5
-87.779660 -44.453786 -17.849153
-91.607785 -37.366692 -14.551430
-93.724701 -34.436142 -5.461917
-92.389673 -38.238745 -1.395252
-83.496005 -54.924048 -3.430178
7
67.790652 -61.645071 40.053872
86.545007 -35.338103 35.513100
91.151617 -32.031998 25.794066
91.615508 -32.074831 24.037550
92.220753 -36.655321 12.317474
78.756970 -59.490180 16.070415
67.279914 -63.050804 38.704125
5
-95.204790 -3.692315 -30.371282
-98.387708 6.524441 -16.652045
-98.590489 -14.724683 7.943496
-97.548162 -21.706078 -3.633499
-95.091095 -18.694387 -24.661782
6
70.601003 55.769640 43.649120
69.919878 41.037259 58.541900
48.972497 49.406646 71.837858
56.606889 62.854033 53.338828
65.750877 61.527020 43.488481
69.812293 57.745557 42.328412
5
-47.780857 -87.680821 -5.391035
-72.431844 -68.878436 -3.064160
-73.675939 -67.613539 0.515137
-65.049012 -75.281789 10.063712
-41.307432 -90.638736 8.849611
6
92.731560 -36.558065 8.022820
92.220753 -36.655321 12.317474
91.615508 -32.074831 24.037550
98.427012 -2.722280 17.456019
99.991789 0.826083 -0.979687
99.993558 0.382538 -1.068671
6
-99.022965 12.894346 5.309266
-98.291296 -0.182661 18.406187
-98.386513 -14.633486 10.293451
-98.590489 -14.724683 7.943496
-98.387708 6.524441 -16.652045
-97.990956 15.661919 -12.348148
7
-44.388043 -32.108289 83.658588
-66.501615 -37.308906 64.696065
-75.623753 -4.414007 65.280660
-74.624755 2.880762 66.504489
-68.149710 6.503302 72.892552
-51.992164 2.837228 85.374265
-44.458255 -29.980620 84.407500
6
77.351296 52.790500 -35.070503
83.545425 48.085709 -26.606889
87.830069 47.758951 2.227474
86.314506 50.413724 2.874461
67.638586 71.399448 -18.087025
76.056094 54.960609 -34.565908
5
-18.965469 -33.708847 -92.217269
-27.925681 -4.835335 -95.899822
-42.674772 -20.235828 -88.144059
-34.287858 -33.792953 -87.649182
-19.527511 -34.424483 -91.834804
7
-69.502454 -62.793832 35.019188
-65.785466 -65.618166 36.966591
-60.177800 -76.781614 21.982177
-65.049012 -75.281789 10.063712
-73.675939 -67.613539 0.515137
-76.886185 -63.872154 2.977001
-78.170898 -62.000117 6.730252
7
-16.299306 -83.837363 52.015664
-13.672602 -85.656251 49.760091
-20.067313 -95.787687 20.543173
-26.383776 -95.583306 12.950986
-33.245056 -93.189754 14.506410
-35.678859 -91.597656 18.354519
-30.033481 -78.956543 53.514991
5
29.083297 -93.319583 21.109650
15.753261 -87.519650 45.739978
16.277352 -87.224884 46.117972
43.234064 -83.377676 34.336262
39.301986 -88.770549 23.982148
7
-89.504759 -19.923428 39.899312
-89.482072 -20.872774 39.462465
-89.517510 -20.974225 39.328072
-95.875082 -23.145855 16.499638
-98.386513 -14.633486 10.293451
-98.291296 -0.182661 18.406187
-94.230405 7.091958 32.715973
6
0.654007 -36.198335 -93.216162
5.674546 -50.628841 -86.049521
20.350540 -36.824628 -90.718258
21.528764 -22.830329 -94.948872
20.716708 -20.767343 -95.600918
14.173964 -19.439340 -97.062922
3
74.257784 59.381721 30.977295
66.945722 73.910012 7.455230
84.123353 53.703970 6.256601
7
-32.655091 85.222508 40.875043
-55.994737 74.545261 36.160662
-56.191743 74.599358 35.741067
-57.498757 77.532897 26.125521
-38.162644 90.280395 19.825812
-29.972527 91.496322 27.019819
-29.906572 91.477572 27.156045
7
58.731218 -74.366215 31.942295
60.766575 -77.033390 19.320460
60.523546 -77.401562 18.598349
44.120622 -88.983950 11.628727
39.301986 -88.770549 23.982148
43.234064 -83.377676 34.336262
50.244104 -78.717071 35.765245
6
3.437912 68.026409 -73.216040
13.103244 45.015623 -88.328357
16.937054 43.214933 -88.575424
24.605963 45.503058 -85.580478
26.194608 65.527143 -70.852213
22.869121 69.147704 -68.524436
6
-7.190916 -80.274284 -59.197383
-6.246209 -80.370455 -59.174106
26.384372 -73.443411 -62.529436
26.825392 -62.763029 -73.083517
4.672363 -54.283912 -83.853598
-12.317099 -59.451253 -79.459660
4
30.627409 12.906976 94.315279
33.583661 -10.022407 93.657296
6.028678 -11.027517 99.207101
15.016601 8.449127 98.504385
5
50.163344 -2.694163 -86.466065
42.501721 -12.337130 -89.673848
46.104222 -31.018734 -83.139875
59.971698 -33.934064 -72.469819
62.785172 -30.151526 -71.755890
9
20.954257 91.922412 -33.334507
18.628493 93.660364 -29.676851
11.007478 95.347022 -28.067435
4.699852 95.316526 -29.877606
2.541802 93.667328 -34.928083
0.273712 68.440177 -72.909995
3.437912 68.026409 -73.216040
22.869121 69.147704 -68.524436
24.793845 71.733996 -65.111435
6
-36.059849 66.975833 -64.914752
-24.698158 57.278836 -78.160962
-22.953942 56.861480 -78.992966
-3.347827 67.780430 -73.447977
-16.198983 82.889760 -53.543259
-27.643032 80.309189 -52.785386
7
78.756970 -59.490180 16.070415
92.220753 -36.655321 12.317474
92.731560 -36.558065 8.022820
91.546947 -39.659506 -6.802942
88.631395 -44.851638 -11.524165
74.482617 -66.298181 -7.542608
74.593242 -65.763632 10.535317
8
65.750877 61.527020 43.488481
55.281695 75.058703 36.195653
49.165222 84.099910 22.582870
62.531921 77.952552 3.627466
66.945722 73.910012 7.455230
74.257784 59.381721 30.977295
73.422941 58.154598 35.030195
69.812293 57.745557 42.328412
4
-18.755883 -96.523320 -18.206195
-26.610172 -88.819977 -37.455445
-53.768322 -79.053189 -29.318270
-44.691845 -87.714981 -17.570460
4
33.774572 69.726482 63.225754
37.527904 75.707590 53.479128
49.446252 65.753735 56.846412
39.105716 62.666520 67.406604
6
-1.961675 -67.273402 73.962431
-16.299306 -83.837363 52.015664
-30.033481 -78.956543 53.514991
-38.430469 -72.967722 56.558028
-38.543036 -72.509271 57.068731
-16.235684 -61.362796 77.272310
6
-43.524566 9.469108 -89.531828
-33.260194 10.285577 -93.744154
-30.563229 22.438040 -92.533364
-49.534069 32.897717 -80.399728
-52.884456 30.711136 -79.120544
-51.990918 12.809995 -84.456193
6
89.485140 -20.168812 -39.819955
94.223904 -13.845486 -30.498498
94.880528 3.240625 -31.419480
82.337253 10.464807 -55.776918
79.369746 7.680638 -60.344439
87.404505 -19.227921 -44.617704
5
26.384372 -73.443411 -62.529436
-6.246209 -80.370455 -59.174106
19.337582 -91.592991 -35.167911
26.168269 -90.634563 -33.175256
34.545752 -79.057984 -50.561113
5
-16.235684 -61.362796 77.272310
-38.543036 -72.509271 57.068731
-42.044296 -67.228648 60.930994
-32.323621 -40.973130 85.301736
-24.183702 -45.073299 85.927564
5
-55.402482 -9.603317 -82.694264
-43.524566 9.469108 -89.531828
-51.990918 12.809995 -84.456193
-64.422676 9.391019 -75.904727
-66.124666 3.028175 -74.955711
4
-33.045939 -59.291809 -73.433284
-50.079088 -60.247793 -62.147312
-45.061988 -74.050896 -49.858620
-31.484312 -78.650827 -53.129893
6
-72.431844 -68.878436 -3.064160
-47.780857 -87.680821 -5.391035
-44.691845 -87.714981 -17.570460
-53.768322 -79.053189 -29.318270
-58.207981 -74.900066 -31.651400
-65.944809 -69.365586 -28.977537
7
17.309666 -98.481590 -1.323600
17.273833 -98.496155 0.349375
29.083297 -93.319583 21.109650
39.301986 -88.770549 23.982148
44.120622 -88.983950 11.628727
35.502410 -92.903696 -10.415477
30.856755 -94.373325 -11.896903
6
59.279807 -38.007543 71.002332
56.794499 -56.156905 60.172975
31.842746 -47.934973 81.781892
31.655706 -45.507207 83.228663
35.343428 -35.812440 86.419392
36.482319 -34.707440 86.396956
6
-75.623753 -4.414007 65.280660
-89.504759 -19.923428 39.899312
-94.230405 7.091958 32.715973
-91.116647 15.266294 38.271359
-85.106267 15.702590 50.103412
-74.624755 2.880762 66.504489
8
57.170545 -47.046198 -67.217438
31.993340 -57.948306 -74.956121
26.825392 -62.763029 -73.083517
26.384372 -73.443411 -62.529436
34.545752 -79.057984 -50.561113
38.967020 -77.478805 -49.785602
61.961152 -60.048990 -50.546359
62.370649 -56.799129 -53.700662
6
20.716708 -20.767343 -95.600918
26.056629 -15.584487 -95.279462
26.800701 -0.013948 -96.341695
20.588547 8.448644 -97.492216
1.206679 -9.478390 -99.542474
14.173964 -19.439340 -97.062922
6
48.884895 74.784078 -44.917799
62.378527 76.716657 -14.949040
60.893086 78.273996 -12.853545
37.941836 91.090317 -16.216388
18.628493 93.660364 -29.676851
20.954257 91.922412 -33.334507
5
-78.473677 -47.133196 40.253495
-69.502454 -62.793832 35.019188
-78.170898 -62.000117 6.730252
-87.029999 -44.805727 20.450577
-83.854923 -43.864101 32.315515
6
76.056094 54.960609 -34.565908
67.638586 71.399448 -18.087025
62.378527 76.716657 -14.949040
48.884895 74.784078 -44.917799
50.612721 69.774403 -50.694035
53.773738 66.313464 -52.066396
7
-68.149710 6.503302 72.892552
-55.392599 44.621519 70.289260
-53.528040 46.624619 70.433613
-45.535786 50.764554 73.139949
-35.308841 38.323146 85.349999
-42.314342 8.533286 90.203545
-51.992164 2.837228 85.374265
4
-42.436435 83.333781 -35.420756
-31.603500 85.408821 -41.310435
-8.648911 95.502333 -28.363723
-39.020745 90.555587 -16.645336
4
41.803295 27.530058 86.571245
70.468289 38.049960 59.886733
74.984404 27.004824 60.399327
61.787580 15.125222 77.159073
6
50.244104 -78.717071 35.765245
43.234064 -83.377676 34.336262
16.277352 -87.224884 46.117972
19.478353 -81.609633 54.410123
33.951904 -71.079734 61.603081
40.582573 -69.895993 58.886373
6
-64.965163 -34.198731 -67.896792
-52.650638 -19.798346 -82.679718
-55.402482 -9.603317 -82.694264
-66.124666 3.028175 -74.955711
-72.117626 -2.980746 -69.211005
-65.363127 -34.316686 -67.453886
5
85.142733 20.707687 48.186167
85.937902 -1.372354 51.115493
79.599363 -8.309507 59.957431
75.904491 -3.608316 65.003757
76.257342 25.569877 59.422212
5
79.369746 7.680638 -60.344439
75.111314 6.122709 -65.732814
71.180721 -23.227079 -66.285804
75.408789 -25.633197 -60.468618
87.404505 -19.227921 -44.617704
5
52.219819 -11.851795 84.454872
41.405893 -19.377493 88.938545
33.583661 -10.022407 93.657296
30.627409 12.906976 94.315279
39.885106 27.180227 87.580898
6
-78.170898 -62.000117 6.730252
-76.886185 -63.872154 2.977001
-83.496005 -54.924048 -3.430178
-92.389673 -38.238745 -1.395252
-91.914275 -35.855631 16.313789
-87.029999 -44.805727 20.450577
8
-13.379818 -58.979140 -79.639447
-30.949226 -57.651107 -75.620733
-33.045939 -59.291809 -73.433284
-31.484312 -78.650827 -53.129893
-24.420455 -82.503785 -50.958481
-8.928620 -81.189353 -57.693750
-7.190916 -80.274284 -59.197383
-12.317099 -59.451253 -79.459660
5
67.279914 -63.050804 38.704125
78.756970 -59.490180 16.070415
74.593242 -65.763632 10.535317
60.766575 -77.033390 19.320460
58.731218 -74.366215 31.942295
6
5.674546 -50.628841 -86.049521
4.672363 -54.283912 -83.853598
26.825392 -62.763029 -73.083517
31.993340 -57.948306 -74.956121
32.618189 -45.097197 -83.080061
20.350540 -36.824628 -90.718258
4
33.951904 -71.079734 61.603081
19.478353 -81.609633 54.410123
2.926997 -67.209646 73.988487
28.586671 -57.541577 76.627470
7
1.206679 -9.478390 -99.542474
20.588547 8.448644 -97.492216
20.573108 8.725756 -97.471064
8.786453 19.775494 -97.630569
-1.644972 13.060346 -99.129821
-8.947568 -2.369045 -99.570722
-2.246914 -8.443997 -99.617520
7
94.262857 30.257805 14.105995
94.621389 31.428743 7.682888
97.959016 17.522924 -9.847760
99.991789 0.826083 -0.979687
98.427012 -2.722280 17.456019
95.636289 8.726041 27.884698
93.493854 22.894111 27.106436
7
-78.473677 -47.133196 40.253495
-71.050937 -39.473435 58.254719
-66.882591 -38.644004 63.508739
-63.499864 -45.821981 62.194158
-62.968355 -66.460943 40.223492
-65.785466 -65.618166 36.966591
-69.502454 -62.793832 35.019188
8
-90.160451 38.347664 20.013740
-82.471159 50.630508 25.200389
-80.641268 51.554232 28.968035
-75.856393 50.076481 41.691171
-78.434080 32.879940 52.602324
-85.106267 15.702590 50.103412
-91.116647 15.266294 38.271359
-90.878389 35.906245 21.256998
6
-65.494404 75.102071 8.376276
-57.498757 77.532897 26.125521
-56.191743 74.599358 35.741067
-80.641268 51.554232 28.968035
-82.471159 50.630508 25.200389
-71.070781 70.040643 6.576654
6
-88.682688 0.500323 -46.207473
-95.204790 -3.692315 -30.371282
-95.091095 -18.694387 -24.661782
-94.717910 -20.103303 -24.987491
-89.160428 -31.212717 -32.805248
-81.704333 -23.258098 -52.758533
4
94.880528 3.240625 -31.419480
97.213685 16.609356 -16.541725
82.377919 33.588771 -45.669168
82.337253 10.464807 -55.776918
7
58.940909 16.833990 -79.010037
53.624397 32.922140 -77.721018
45.609059 34.267960 -82.131119
27.942017 26.254646 -92.357659
28.089840 15.049525 -94.786458
50.811264 8.108810 -85.746503
52.264419 8.092454 -84.870152
4
61.227955 -56.735955 55.065133
78.601010 -27.086186 55.571753
86.545007 -35.338103 35.513100
67.790652 -61.645071 40.053872
7
70.601003 55.769640 43.649120
90.207816 25.071190 35.128129
85.142733 20.707687 48.186167
76.257342 25.569877 59.422212
74.984404 27.004824 60.399327
70.468289 38.049960 59.886733
69.919878 41.037259 58.541900
6
-50.659139 86.111901 -4.288597
-43.720394 89.796508 -5.011419
-41.854378 90.768476 -3.048734
-38.162644 90.280395 19.825812
-57.498757 77.532897 26.125521
-65.494404 75.102071 8.376276
7
-24.698158 57.278836 -78.160962
-43.488092 46.041639 -77.388328
-49.534069 32.897717 -80.399728
-30.563229 22.438040 -92.533364
-20.206900 36.442718 -90.904397
-18.267466 41.286584 -89.228458
-22.953942 56.861480 -78.992966
5
-87.029999 -44.805727 20.450577
-91.914275 -35.855631 16.313789
-95.875082 -23.145855 16.499638
-89.517510 -20.974225 39.328072
-83.854923 -43.864101 32.315515
6
-80.641268 51.554232 28.968035
-56.191743 74.599358 35.741067
-55.994737 74.545261 36.160662
-56.341436 71.328115 41.688639
-70.092099 53.715672 46.922534
-75.856393 50.076481 41.691171
6
59.519105 -79.611302 -10.932375
68.494283 -72.012471 -11.078685
71.342026 -59.520664 -36.981157
65.823564 -61.406246 -43.549184
57.246991 -77.724984 -26.107640
57.359506 -80.983639 -12.310044
5
-53.528040 46.624619 70.433613
-55.392599 44.621519 70.289260
-78.434080 32.879940 52.602324
-75.856393 50.076481 41.691171
-70.092099 53.715672 46.922534
5
29.083297 -93.319583 21.109650
17.273833 -98.496155 0.349375
6.522169 -96.308816 26.116534
12.111849 -88.818693 44.323163
15.753261 -87.519650 45.739978
8
-35.308841 38.323146 85.349999
-45.535786 50.764554 73.139949
-40.993678 59.792103 68.879770
-34.412349 65.021177 67.735049
-1.056699 62.910642 77.724736
0.315593 61.770387 78.640446
1.649703 54.861452 83.591265
-22.477177 37.599702 89.894599
5
-60.880215 30.851869 -73.087356
-67.260028 42.446710 -60.616544
-68.653399 41.703500 -59.561135
-79.343092 20.792788 -57.204315
-66.226830 14.301673 -73.549093
6
78.277547 43.304960 -44.691230
82.377919 33.588771 -45.669168
97.213685 16.609356 -16.541725
97.414923 17.529914 -14.249031
83.545425 48.085709 -26.606889
77.351296 52.790500 -35.070503
7
-31.603500 85.408821 -41.310435
-27.643032 80.309189 -52.785386
-16.198983 82.889760 -53.543259
2.541802 93.667328 -34.928083
4.699852 95.316526 -29.877606
-2.762312 96.039602 -27.726601
-8.648911 95.502333 -28.363723
5
-90.878389 35.906245 21.256998
-91.116647 15.266294 38.271359
-94.230405 7.091958 32.715973
-98.291296 -0.182661 18.406187
-99.022965 12.894346 5.309266
8
-88.682688 0.500323 -46.207473
-87.790672 2.639019 -47.810391
-85.936309 13.183478 -49.407962
-86.653996 44.625765 -22.352316
-91.014541 38.548168 -15.178672
-97.990956 15.661919 -12.348148
-98.387708 6.524441 -16.652045
-95.204790 -3.692315 -30.371282
6
1.602747 91.234854 40.910056
11.950643 88.864966 44.274145
17.472392 85.216390 49.324258
17.150613 84.005937 51.467067
-1.135993 73.607678 67.680272
-13.411522 84.586325 51.626396
5
83.847527 -46.843886 -27.843179
71.342026 -59.520664 -36.981157
68.494283 -72.012471 -11.078685
74.482617 -66.298181 -7.542608
88.631395 -44.851638 -11.524165
4
40.758587 -33.346332 -85.010350
21.528764 -22.830329 -94.948872
20.350540 -36.824628 -90.718258
32.618189 -45.097197 -83.080061
5
95.636289 8.726041 27.884698
98.427012 -2.722280 17.456019
91.615508 -32.074831 24.037550
91.151617 -32.031998 25.794066
91.864669 -2.883760 39.402621
6
-12.801015 11.628513 98.493206
-31.057307 4.214536 94.961473
-42.314342 8.533286 90.203545
-35.308841 38.323146 85.349999
-22.477177 37.599702 89.894599
-8.090879 20.914527 97.453170
6
-65.363127 -34.316686 -67.453886
-72.117626 -2.980746 -69.211005
-87.790672 2.639019 -47.810391
-88.682688 0.500323 -46.207473
-81.704333 -23.258098 -52.758533
-67.930412 -37.302291 -63.198088
8
-17.086550 -97.071057 -16.889631
-18.755883 -96.523320 -18.206195
-44.691845 -87.714981 -17.570460
-47.780857 -87.680821 -5.391035
-41.307432 -90.638736 8.849611
-33.245056 -93.189754 14.506410
-26.383776 -95.583306 12.950986
-13.904664 -98.684072 -8.253140
5
-68.653399 41.703500 -59.561135
-84.791608 47.582331 -23.373170
-86.653996 44.625765 -22.352316
-85.936309 13.183478 -49.407962
-79.343092 20.792788 -57.204315
6
17.472750 29.945329 -93.797549
9.520528 23.502589 -96.731525
8.786453 19.775494 -97.630569
20.573108 8.725756 -97.471064
28.089840 15.049525 -94.786458
27.942017 26.254646 -92.357659
6
-56.341436 71.328115 41.688639
-55.994737 74.545261 36.160662
-32.655091 85.222508 40.875043
-25.112357 81.411678 52.359414
-34.412349 65.021177 67.735049
-40.993678 59.792103 68.879770
8
-67.930412 -37.302291 -63.198088
-67.736630 -44.129171 -58.858859
-50.079088 -60.247793 -62.147312
-33.045939 -59.291809 -73.433284
-30.949226 -57.651107 -75.620733
-39.276092 -45.495505 -79.922135
-64.965163 -34.198731 -67.896792
-65.363127 -34.316686 -67.453886
6
66.734927 -30.163284 68.092773
55.670135 -11.219876 82.310087
66.357333 -0.462217 74.809696
75.904491 -3.608316 65.003757
79.599363 -8.309507 59.957431
77.971709 -25.760162 57.068614
5
-44.458255 -29.980620 84.407500
-25.829396 -9.868848 96.101239
-15.579612 -16.913961 97.320058
-32.431060 -40.841748 85.323959
-44.388043 -32.108289 83.658588
7
56.858608 -56.388664 59.895053
56.794499 -56.156905 60.172975
59.279807 -38.007543 71.002332
66.734927 -30.163284 68.092773
77.971709 -25.760162 57.068614
78.601010 -27.086186 55.571753
61.227955 -56.735955 55.065133
6
55.126402 40.581136 -72.898911
78.277547 43.304960 -44.691230
77.351296 52.790500 -35.070503
76.056094 54.960609 -34.565908
53.773738 66.313464 -52.066396
52.750054 46.662401 -70.993324
5
-56.341436 71.328115 41.688639
-40.993678 59.792103 68.879770
-45.535786 50.764554 73.139949
-53.528040 46.624619 70.433613
-70.092099 53.715672 46.922534
5
-94.717910 -20.103303 -24.987491
-91.607785 -37.366692 -14.551430
-87.779660 -44.453786 -17.849153
-83.382902 -45.184698 -31.711743
-89.160428 -31.212717 -32.805248
5
-38.430469 -72.967722 56.558028
-30.033481 -78.956543 53.514991
-35.678859 -91.597656 18.354519
-48.999132 -82.201117 29.018295
-48.372889 -74.506607 45.921989
5
-51.992164 2.837228 85.374265
-42.314342 8.533286 90.203545
-31.057307 4.214536 94.961473
-25.829396 -9.868848 96.101239
-44.458255 -29.980620 84.407500
6
-41.307432 -90.638736 8.849611
-65.049012 -75.281789 10.063712
-60.177800 -76.781614 21.982177
-48.999132 -82.201117 29.018295
-35.678859 -91.597656 18.354519
-33.245056 -93.189754 14.506410
6
56.606889 62.854033 53.338828
49.446252 65.753735 56.846412
37.527904 75.707590 53.479128
35.988493 78.603189 50.262979
55.281695 75.058703 36.195653
65.750877 61.527020 43.488481
6
59.971698 -33.934064 -72.469819
46.104222 -31.018734 -83.139875
40.758587 -33.346332 -85.010350
32.618189 -45.097197 -83.080061
31.993340 -57.948306 -74.956121
57.170545 -47.046198 -67.217438
7
-71.070781 70.040643 6.576654
-82.471159 50.630508 25.200389
-90.160451 38.347664 20.013740
-91.014541 38.548168 -15.178672
-86.653996 44.625765 -22.352316
-84.791608 47.582331 -23.373170
-80.499069 55.156567 -21.855274
7
67.638586 71.399448 -18.087025
86.314506 50.413724 2.874461
84.123353 53.703970 6.256601
66.945722 73.910012 7.455230
62.531921 77.952552 3.627466
60.893086 78.273996 -12.853545
62.378527 76.716657 -14.949040
6
52.750054 46.662401 -70.993324
26.194608 65.527143 -70.852213
24.605963 45.503058 -85.580478
45.609059 34.267960 -82.131119
53.624397 32.922140 -77.721018
55.126402 40.581136 -72.898911
7
-80.499069 55.156567 -21.855274
-84.791608 47.582331 -23.373170
-68.653399 41.703500 -59.561135
-67.260028 42.446710 -60.616544
-65.210423 45.074472 -60.958123
-57.891869 71.323648 -39.515423
-63.893864 69.632254 -32.694393
5
-8.090879 20.914527 97.453170
-22.477177 37.599702 89.894599
1.649703 54.861452 83.591265
15.951902 41.317992 89.656904
-0.577912 22.636008 97.402655
5
57.359506 -80.983639 -12.310044
35.502410 -92.903696 -10.415477
44.120622 -88.983950 11.628727
60.523546 -77.401562 18.598349
59.519105 -79.611302 -10.932375
6
-8.090879 20.914527 97.453170
-0.577912 22.636008 97.402655
15.016601 8.449127 98.504385
6.028678 -11.027517 99.207101
2.245739 -13.945535 98.997367
-12.801015 11.628513 98.493206
5
-90.160451 38.347664 20.013740
-90.878389 35.906245 21.256998
-99.022965 12.894346 5.309266
-97.990956 15.661919 -12.348148
-91.014541 38.548168 -15.178672
5
30.571305 93.621734 17.331079
11.950643 88.864966 44.274145
1.602747 91.234854 40.910056
-2.151593 95.041171 31.024933
20.708198 96.895866 13.504133
6
6.522169 -96.308816 26.116534
17.273833 -98.496155 0.349375
17.309666 -98.481590 -1.323600
-13.904664 -98.684072 -8.253140
-26.383776 -95.583306 12.950986
-20.067313 -95.787687 20.543173
6
59.519105 -79.611302 -10.932375
60.523546 -77.401562 18.598349
60.766575 -77.033390 19.320460
74.593242 -65.763632 10.535317
74.482617 -66.298181 -7.542608
68.494283 -72.012471 -11.078685
4
38.967020 -77.478805 -49.785602
57.246991 -77.724984 -26.107640
65.823564 -61.406246 -43.549184
61.961152 -60.048990 -50.546359
6
40.582573 -69.895993 58.886373
33.951904 -71.079734 61.603081
28.586671 -57.541577 76.627470
31.842746 -47.934973 81.781892
56.794499 -56.156905 60.172975
56.858608 -56.388664 59.895053
8
6.028678 -11.027517 99.207101
33.583661 -10.022407 93.657296
41.405893 -19.377493 88.938545
36.482319 -34.707440 86.396956
35.343428 -35.812440 86.419392
2.990447 -23.232625 97.217809
1.096108 -16.813833 98.570247
2.245739 -13.945535 98.997367
6
17.150613 84.005937 51.467067
21.038970 72.272795 65.833160
18.249405 67.884724 71.124001
0.315593 61.770387 78.640446
-1.056699 62.910642 77.724736
-1.135993 73.607678 67.680272
5
24.605963 45.503058 -85.580478
16.937054 43.214933 -88.575424
17.472750 29.945329 -93.797549
27.942017 26.254646 -92.357659
45.609059 34.267960 -82.131119
5
-41.854378 90.768476 -3.048734
-20.426015 97.879744 1.527607
-18.315857 98.167197 5.266006
-29.972527 91.496322 27.019819
-38.162644 90.280395 19.825812
6
-66.501615 -37.308906 64.696065
-66.882591 -38.644004 63.508739
-71.050937 -39.473435 58.254719
-89.482072 -20.872774 39.462465
-89.504759 -19.923428 39.899312
-75.623753 -4.414007 65.280660
5
-34.287858 -33.792953 -87.649182
-39.276092 -45.495505 -79.922135
-30.949226 -57.651107 -75.620733
-13.379818 -58.979140 -79.639447
-19.527511 -34.424483 -91.834804
4
50.612721 69.774403 -50.694035
48.884895 74.784078 -44.917799
20.954257 91.922412 -33.334507
24.793845 71.733996 -65.111435
7
-0.577912 22.636008 97.402655
15.951902 41.317992 89.656904
23.700636 39.586992 88.719501
39.967363 27.478921 87.450093
39.885106 27.180227 87.580898
30.627409 12.906976 94.315279
15.016601 8.449127 98.504385
6
26.056629 -15.584487 -95.279462
20.716708 -20.767343 -95.600918
21.528764 -22.830329 -94.948872
40.758587 -33.346332 -85.010350
46.104222 -31.018734 -83.139875
42.501721 -12.337130 -89.673848
6
-39.941177 66.907523 -62.674443
-36.059849 66.975833 -64.914752
-27.643032 80.309189 -52.785386
-31.603500 85.408821 -41.310435
-42.436435 83.333781 -35.420756
-56.242743 72.173153 -40.345877
7
-56.242743 72.173153 -40.345877
-42.436435 83.333781 -35.420756
-39.020745 90.555587 -16.645336
-43.720394 89.796508 -5.011419
-50.659139 86.111901 -4.288597
-63.893864 69.632254 -32.694393
-57.891869 71.323648 -39.515423
8
-83.382902 -45.184698 -31.711743
-87.779660 -44.453786 -17.849153
-83.496005 -54.924048 -3.430178
-76.886185 -63.872154 2.977001
-73.675939 -67.613539 0.515137
-72.431844 -68.878436 -3.064160
-65.944809 -69.365586 -28.977537
-73.451457 -54.628568 -40.256714
7
-64.422676 9.391019 -75.904727
-66.226830 14.301673 -73.549093
-79.343092 20.792788 -57.204315
-85.936309 13.183478 -49.407962
-87.790672 2.639019 -47.810391
-72.117626 -2.980746 -69.211005
-66.124666 3.028175 -74.955711
6
62.531921 77.952552 3.627466
49.165222 84.099910 22.582870
43.085686 87.437125 22.324265
33.282148 92.779519 16.859996
37.941836 91.090317 -16.216388
60.893086 78.273996 -12.853545
7
89.485140 -20.168812 -39.819955
83.699925 -38.363521 -39.020032
83.847527 -46.843886 -27.843179
88.631395 -44.851638 -11.524165
91.546947 -39.659506 -6.802942
95.703061 -21.980217 -18.915449
94.223904 -13.845486 -30.498498
6
71.180721 -23.227079 -66.285804
75.111314 6.122709 -65.732814
58.940909 16.833990 -79.010037
52.264419 8.092454 -84.870152
50.163344 -2.694163 -86.466065
62.785172 -30.151526 -71.755890
5
16.937054 43.214933 -88.575424
13.103244 45.015623 -88.328357
-6.646030 39.488981 -91.632148
9.520528 23.502589 -96.731525
17.472750 29.945329 -93.797549
7
78.601010 -27.086186 55.571753
77.971709 -25.760162 57.068614
79.599363 -8.309507 59.957431
85.937902 -1.372354 51.115493
91.864669 -2.883760 39.402621
91.151617 -32.031998 25.794066
86.545007 -35.338103 35.513100
7
-13.904664 -98.684072 -8.253140
17.309666 -98.481590 -1.323600
30.856755 -94.373325 -11.896903
26.168269 -90.634563 -33.175256
19.337582 -91.592991 -35.167911
-2.345711 -94.218491 -33.427138
-17.086550 -97.071057 -16.889631
8
94.223904 -13.845486 -30.498498
95.703061 -21.980217 -18.915449
99.993558 0.382538 -1.068671
99.991789 0.826083 -0.979687
97.959016 17.522924 -9.847760
97.414923 17.529914 -14.249031
97.213685 16.609356 -16.541725
94.880528 3.240625 -31.419480
6
-67.736630 -44.129171 -58.858859
-73.451457 -54.628568 -40.256714
-65.944809 -69.365586 -28.977537
-58.207981 -74.900066 -31.651400
-45.061988 -74.050896 -49.858620
-50.079088 -60.247793 -62.147312
6
33.282148 92.779519 16.859996
43.085686 87.437125 22.324265
28.148166 83.220577 47.770455
17.472392 85.216390 49.324258
11.950643 88.864966 44.274145
30.571305 93.621734 17.331079
5
-4.024774 95.639376 28.929414
-6.179184 99.002632 12.660831
9.713135 99.526921 0.216608
20.708198 96.895866 13.504133
-2.151593 95.041171 31.024933
4
12.111849 -88.818693 44.323163
6.522169 -96.308816 26.116534
-20.067313 -95.787687 20.543173
-13.672602 -85.656251 49.760091
5
-65.210423 45.074472 -60.958123
-63.543052 46.087536 -61.953366
-39.941177 66.907523 -62.674443
-56.242743 72.173153 -40.345877
-57.891869 71.323648 -39.515423
7
62.370649 -56.799129 -53.700662
61.961152 -60.048990 -50.546359
65.823564 -61.406246 -43.549184
71.342026 -59.520664 -36.981157
83.847527 -46.843886 -27.843179
83.699925 -38.363521 -39.020032
78.390700 -38.668868 -48.575888
7
61.227955 -56.735955 55.065133
67.790652 -61.645071 40.053872
67.279914 -63.050804 38.704125
58.731218 -74.366215 31.942295
50.244104 -78.717071 35.765245
40.582573 -69.895993 58.886373
56.858608 -56.388664 59.895053
6
-25.829396 -9.868848 96.101239
-31.057307 4.214536 94.961473
-12.801015 11.628513 98.493206
2.245739 -13.945535 98.997367
1.096108 -16.813833 98.570247
-15.579612 -16.913961 97.320058
8
39.967363 27.478921 87.450093
40.892179 27.746507 86.936535
41.803295 27.530058 86.571245
61.787580 15.125222 77.159073
66.357333 -0.462217 74.809696
55.670135 -11.219876 82.310087
52.219819 -11.851795 84.454872
39.885106 27.180227 87.580898
7
-27.925681 -4.835335 -95.899822
-26.154670 -1.018399 -96.513709
-33.260194 10.285577 -93.744154
-43.524566 9.469108 -89.531828
-55.402482 -9.603317 -82.694264
-52.650638 -19.798346 -82.679718
-42.674772 -20.235828 -88.144059
7
4.699852 95.316526 -29.877606
11.007478 95.347022 -28.067435
9.713135 99.526921 0.216608
-6.179184 99.002632 12.660831
-18.315857 98.167197 5.266006
-20.426015 97.879744 1.527607
-2.762312 96.039602 -27.726601
4
91.546947 -39.659506 -6.802942
92.731560 -36.558065 8.022820
99.993558 0.382538 -1.068671
95.703061 -21.980217 -18.915449
6
-63.499864 -45.821981 62.194158
-42.044296 -67.228648 60.930994
-38.543036 -72.509271 57.068731
-38.430469 -72.967722 56.558028
-48.372889 -74.506607 45.921989
-62.968355 -66.460943 40.223492
5
50.811264 8.108810 -85.746503
28.089840 15.049525 -94.786458
20.573108 8.725756 -97.471064
20.588547 8.448644 -97.492216
26.800701 -0.013948 -96.341695
6
-16.235684 -61.362796 77.272310
-24.183702 -45.073299 85.927564
-3.398447 -40.096160 91.546428
4.113517 -48.435564 87.390361
1.107608 -66.710124 74.488473
-1.961675 -67.273402 73.962431
7
-15.579612 -16.913961 97.320058
1.096108 -16.813833 98.570247
2.990447 -23.232625 97.217809
-3.398447 -40.096160 91.546428
-24.183702 -45.073299 85.927564
-32.323621 -40.973130 85.301736
-32.431060 -40.841748 85.323959
6
-1.644972 13.060346 -99.129821
-20.206900 36.442718 -90.904397
-30.563229 22.438040 -92.533364
-33.260194 10.285577 -93.744154
-26.154670 -1.018399 -96.513709
-8.947568 -2.369045 -99.570722
9
1.107608 -66.710124 74.488473
2.926997 -67.209646 73.988487
19.478353 -81.609633 54.410123
16.277352 -87.224884 46.117972
15.753261 -87.519650 45.739978
12.111849 -88.818693 44.323163
-13.672602 -85.656251 49.760091
-16.299306 -83.837363 52.015664
-1.961675 -67.273402 73.962431
5
-36.059849 66.975833 -64.914752
-39.941177 66.907523 -62.674443
-63.543052 46.087536 -61.953366
-43.488092 46.041639 -77.388328
-24.698158 57.278836 -78.160962
7
17.150613 84.005937 51.467067
17.472392 85.216390 49.324258
28.148166 83.220577 47.770455
35.988493 78.603189 50.262979
37.527904 75.707590 53.479128
33.774572 69.726482 63.225754
21.038970 72.272795 65.833160
5
87.830069 47.758951 2.227474
83.545425 48.085709 -26.606889
97.414923 17.529914 -14.249031
97.959016 17.522924 -9.847760
94.621389 31.428743 7.682888
5
14.173964 -19.439340 -97.062922
1.206679 -9.478390 -99.542474
-2.246914 -8.443997 -99.617520
-11.283427 -30.940366 -94.421280
0.654007 -36.198335 -93.216162
4
-3.347827 67.780430 -73.447977
0.273712 68.440177 -72.909995
2.541802 93.667328 -34.928083
-16.198983 82.889760 -53.543259
5
-1.135993 73.607678 67.680272
-1.056699 62.910642 77.724736
-34.412349 65.021177 67.735049
-25.112357 81.411678 52.359414
-13.411522 84.586325 51.626396
6
38.625815 60.088373 69.981668
39.105716 62.666520 67.406604
49.446252 65.753735 56.846412
56.606889 62.854033 53.338828
48.972497 49.406646 71.837858
48.298277 49.236994 72.408528
7
-60.880215 30.851869 -73.087356
-52.884456 30.711136 -79.120544
-49.534069 32.897717 -80.399728
-43.488092 46.041639 -77.388328
-63.543052 46.087536 -61.953366
-65.210423 45.074472 -60.958123
-67.260028 42.446710 -60.616544
7
73.422941 58.154598 35.030195
74.257784 59.381721 30.977295
84.123353 53.703970 6.256601
86.314506 50.413724 2.874461
87.830069 47.758951 2.227474
94.621389 31.428743 7.682888
94.262857 30.257805 14.105995
5
-48.372889 -74.506607 45.921989
-48.999132 -82.201117 29.018295
-60.177800 -76.781614 21.982177
-65.785466 -65.618166 36.966591
-62.968355 -66.460943 40.223492
5
-83.854923 -43.864101 32.315515
-89.517510 -20.974225 39.328072
-89.482072 -20.872774 39.462465
-71.050937 -39.473435 58.254719
-78.473677 -47.133196 40.253495
6
1.649703 54.861452 83.591265
0.315593 61.770387 78.640446
18.249405 67.884724 71.124001
30.384888 59.044553 74.769642
23.700636 39.586992 88.719501
15.951902 41.317992 89.656904
5
-68.149710 6.503302 72.892552
-74.624755 2.880762 66.504489
-85.106267 15.702590 50.103412
-78.434080 32.879940 52.602324
-55.392599 44.621519 70.289260
5
55.281695 75.058703 36.195653
35.988493 78.603189 50.262979
28.148166 83.220577 47.770455
43.085686 87.437125 22.324265
49.165222 84.099910 22.582870
5
87.404505 -19.227921 -44.617704
75.408789 -25.633197 -60.468618
78.390700 -38.668868 -48.575888
83.699925 -38.363521 -39.020032
89.485140 -20.168812 -39.819955
6
18.249405 67.884724 71.124001
21.038970 72.272795 65.833160
33.774572 69.726482 63.225754
39.105716 62.666520 67.406604
38.625815 60.088373 69.981668
30.384888 59.044553 74.769642
6
40.892179 27.746507 86.936535
48.298277 49.236994 72.408528
48.972497 49.406646 71.837858
69.919878 41.037259 58.541900
70.468289 38.049960 59.886733
41.803295 27.530058 86.571245
7
-22.953942 56.861480 -78.992966
-18.267466 41.286584 -89.228458
-6.646030 39.488981 -91.632148
13.103244 45.015623 -88.328357
3.437912 68.026409 -73.216040
0.273712 68.440177 -72.909995
-3.347827 67.780430 -73.447977
6
39.967363 27.478921 87.450093
23.700636 39.586992 88.719501
30.384888 59.044553 74.769642
38.625815 60.088373 69.981668
48.298277 49.236994 72.408528
40.892179 27.746507 86.936535
5
-95.091095 -18.694387 -24.661782
-97.548162 -21.706078 -3.633499
-93.724701 -34.436142 -5.461917
-91.607785 -37.366692 -14.551430
-94.717910 -20.103303 -24.987491
6
8.786453 19.775494 -97.630569
9.520528 23.502589 -96.731525
-6.646030 39.488981 -91.632148
-18.267466 41.286584 -89.228458
-20.206900 36.442718 -90.904397
-1.644972 13.060346 -99.129821
5
-63.893864 69.632254 -32.694393
-50.659139 86.111901 -4.288597
-65.494404 75.102071 8.376276
-71.070781 70.040643 6.576654
-80.499069 55.156567 -21.855274
7
75.408789 -25.633197 -60.468618
71.180721 -23.227079 -66.285804
62.785172 -30.151526 -71.755890
59.971698 -33.934064 -72.469819
57.170545 -47.046198 -67.217438
62.370649 -56.799129 -53.700662
78.390700 -38.668868 -48.575888
6
-43.720394 89.796508 -5.011419
-39.020745 90.555587 -16.645336
-8.648911 95.502333 -28.363723
-2.762312 96.039602 -27.726601
-20.426015 97.879744 1.527607
-41.854378 90.768476 -3.048734
6
69.812293 57.745557 42.328412
73.422941 58.154598 35.030195
94.262857 30.257805 14.105995
93.493854 22.894111 27.106436
90.207816 25.071190 35.128129
70.601003 55.769640 43.649120
6
52.264419 8.092454 -84.870152
50.811264 8.108810 -85.746503
26.800701 -0.013948 -96.341695
26.056629 -15.584487 -95.279462
42.501721 -12.337130 -89.673848
50.163344 -2.694163 -86.466065
6
-31.484312 -78.650827 -53.129893
-45.061988 -74.050896 -49.858620
-58.207981 -74.900066 -31.651400
-53.768322 -79.053189 -29.318270
-26.610172 -88.819977 -37.455445
-24.420455 -82.503785 -50.958481
