200
5
97.411255 21.898840 -5.611429
95.668245 18.978073 -22.077584
98.264546 -8.656463 -16.405632
99.934295 3.609881 0.324777
99.168279 12.824958 1.082980
6
-6.006555 99.794264 -2.241893
-6.013610 99.793984 -2.235467
-40.073149 91.147707 9.286461
-49.380288 86.941779 -1.647520
-50.529119 84.505566 -17.481914
-32.623321 92.039129 -21.552673
6
3.860895 0.980052 99.920633
0.199849 7.273095 99.734960
2.015192 38.129034 92.423567
8.032481 34.504237 93.514367
22.148493 0.744231 97.513540
19.409074 -2.738203 98.060135
4
4.649324 -20.455551 -97.775018
-0.489756 -34.145389 -93.988577
19.953904 -35.798997 -91.215533
19.148115 -17.670022 -96.545948
9
-4.071715 -11.131359 -99.295085
4.649324 -20.455551 -97.775018
19.148115 -17.670022 -96.545948
25.516595 -6.660082 -96.460078
26.482753 1.852154 -96.411790
26.440085 1.968803 -96.421189
24.460357 4.701085 -96.848287
11.224793 11.892994 -98.653742
10.441701 11.589952 -98.775725
4
-47.084761 -15.309553 86.882926
-45.791768 -18.182155 87.020246
-58.146711 -34.914759 73.484145
-69.932064 -16.892550 69.456088
5
-40.698141 31.234132 85.837581
-59.392679 31.083006 74.204827
-58.940060 38.956500 70.770477
-36.705610 49.482041 78.766908
-35.411101 46.078471 81.380762
6
9.781154 97.291496 20.945018
-7.964523 93.615323 34.245256
-14.605353 94.935658 27.819139
-6.013610 99.793984 -2.235467
-6.006555 99.794264 -2.241893
-5.841430 99.802732 -2.300519
6
88.038482 33.110233 33.954942
82.639423 36.705314 42.701823
75.986494 42.305598 49.358780
63.786311 66.225905 39.312034
64.608493 68.023366 34.620286
87.002175 44.252008 21.734337
5
-68.044977 60.552303 -41.271053
-56.751892 53.920764 -62.223581
-49.618132 67.385609 -54.746878
-57.458409 78.254450 -23.974409
-61.693783 74.894641 -24.179947
5
-51.034191 70.126944 49.776732
-50.709841 63.706834 58.051282
-59.691431 53.438314 59.843794
-71.933417 57.129020 39.520356
-61.858636 70.161150 35.368377
7
-68.044977 60.552303 -41.271053
-75.231467 52.462095 -39.849153
-78.222395 34.911844 -51.598644
-76.223833 32.415073 -56.028477
-62.901058 43.610519 -64.355105
-56.726430 52.001186 -63.859132
-56.751892 53.920764 -62.223581
5
-92.852141 18.172846 -32.376344
-98.527999 8.834606 -14.635000
-97.136964 -0.565016 -23.750599
-90.820886 1.429857 -41.827289
-88.784670 9.737333 -44.971845
6
-50.276118 3.798137 86.359053
-51.340952 11.730738 85.008802
-38.459946 25.810428 88.626488
-23.144240 21.484622 94.882850
-29.769742 3.536991 95.400483
-45.959006 -1.598794 88.798725
6
59.248607 -23.744898 -76.979104
51.456110 -10.412548 -85.110796
39.460564 -27.413342 -87.700471
39.101894 -35.294177 -85.002135
51.260111 -42.669291 -74.509950
51.624721 -42.207889 -74.521019
6
41.031454 10.610879 90.574991
30.699363 7.264226 94.893520
23.574068 31.713121 91.861533
31.309663 37.556807 87.230678
44.449354 32.903482 83.316360
46.634652 27.888557 83.949018
6
-31.591627 -84.529197 -43.090416
-17.396438 -91.035025 -37.549810
-10.174132 -89.660881 -43.097719
-7.461288 -82.217491 -56.432379
-21.473720 -74.401764 -63.271295
-33.094132 -80.978524 -48.448499
6
-12.994157 -96.502179 -22.770183
-17.396438 -91.035025 -37.549810
-31.591627 -84.529197 -43.090416
-52.467509 -83.263175 -17.731449
-45.982568 -88.540548 -6.795200
-16.477990 -97.317440 -16.055891
7
-58.415832 -50.449818 63.579922
-59.742342 -44.362886 66.804093
-57.029492 -40.187271 71.642308
-48.293894 -41.925043 76.876463
-35.520825 -58.556419 72.865744
-34.963815 -62.011462 70.228984
-35.325520 -62.981430 69.176926
6
79.865766 -23.404105 55.441025
85.246793 -39.758922 33.944255
76.645057 -57.665174 28.288920
71.818990 -60.419339 34.518636
64.433503 -57.716648 50.170830
76.847119 -28.019838 57.527463
6
-49.329999 -67.388483 -55.003123
-33.094132 -80.978524 -48.448499
-21.473720 -74.401764 -63.271295
-20.740467 -71.646403 -66.608002
-28.967543 -52.249243 -80.192880
-43.596207 -49.867225 -74.917492
5
51.912203 62.908887 57.858406
74.749515 42.646006 50.929640
66.024563 38.758428 64.331495
47.715279 49.930393 72.320177
44.299884 56.378741 69.706225
6
72.865289 -14.271415 -66.984897
67.729293 4.043984 -73.460119
61.893932 3.888393 -78.447572
51.340112 -9.243613 -85.315582
51.456110 -10.412548 -85.110796
59.248607 -23.744898 -76.979104
8
-67.987321 71.752106 15.144622
-77.548736 62.403488 9.591569
-67.364620 70.923509 -20.781333
-61.693783 74.894641 -24.179947
-57.458409 78.254450 -23.974409
-53.627582 81.518299 -21.882628
-50.529119 84.505566 -17.481914
-49.380288 86.941779 -1.647520
5
-71.933417 57.129020 39.520356
-59.691431 53.438314 59.843794
-62.654046 44.774051 63.794630
-76.156023 38.128108 52.407133
-76.276471 52.500341 37.757305
6
85.246793 -39.758922 33.944255
79.865766 -23.404105 55.441025
80.075354 -22.721338 55.422725
96.385316 -16.577643 20.857917
96.320641 -18.329054 19.656547
89.844131 -37.233044 23.275150
6
-61.528157 -75.981513 -21.002276
-71.711831 -69.425963 6.119551
-61.769491 -77.642549 12.496579
-45.961136 -88.655376 -5.272412
-45.982568 -88.540548 -6.795200
-52.467509 -83.263175 -17.731449
7
88.747623 31.286289 33.838255
91.305274 15.514049 37.718181
81.005608 -8.861186 57.961805
70.354553 8.725156 70.527360
69.962642 12.107259 70.417633
82.639423 36.705314 42.701823
88.038482 33.110233 33.954942
8
61.726954 -32.986403 71.426048
50.017680 -25.783506 82.664639
48.070177 -22.435350 84.769765
53.640514 -11.682370 83.583596
80.242576 -15.630106 57.591916
80.075354 -22.721338 55.422725
79.865766 -23.404105 55.441025
76.847119 -28.019838 57.527463
6
87.776317 6.774395 -47.428112
75.931558 -16.835040 -62.856821
78.274543 -25.148428 -56.926729
79.235019 -26.541183 -54.930659
92.832201 -4.479910 -36.906814
88.945232 7.320051 -45.112777
7
-97.259398 22.610965 -5.417914
-99.153421 10.629622 -7.457229
-98.527999 8.834606 -14.635000
-92.852141 18.172846 -32.376344
-88.773528 35.582808 -29.208296
-88.945300 40.076763 -21.967856
-94.572663 31.061579 -9.549333
5
81.005608 -8.861186 57.961805
80.242576 -15.630106 57.591916
53.640514 -11.682370 83.583596
52.888807 1.528220 84.855398
70.354553 8.725156 70.527360
7
-76.787172 -32.373186 55.278449
-81.118008 -23.642391 53.487439
-76.973434 -12.170236 62.665587
-69.932064 -16.892550 69.456088
-58.146711 -34.914759 73.484145
-57.029492 -40.187271 71.642308
-59.742342 -44.362886 66.804093
6
-84.733837 49.007628 -20.455541
-81.918183 56.380506 10.519021
-82.678780 55.038332 11.619010
-85.533694 50.412224 11.941307
-94.572663 31.061579 -9.549333
-88.945300 40.076763 -21.967856
7
88.747623 31.286289 33.838255
88.038482 33.110233 33.954942
87.002175 44.252008 21.734337
84.738128 53.053996 2.173276
85.610501 51.532175 -3.908590
97.411255 21.898840 -5.611429
99.168279 12.824958 1.082980
7
-15.938865 -91.461852 37.157532
-35.684250 -91.044212 20.918552
-44.606950 -85.059608 27.840315
-42.097882 -73.998228 52.459800
-32.160902 -73.562114 59.617881
-11.051544 -83.366110 54.110582
-8.992223 -88.287094 46.092613
6
-32.623321 92.039129 -21.552673
-50.529119 84.505566 -17.481914
-53.627582 81.518299 -21.882628
-34.430407 81.732171 -46.199561
-20.600229 89.259453 -40.104621
-21.308373 91.622816 -33.929529
6
51.798439 -79.664151 -31.153566
47.710426 -77.877384 -40.728716
33.693326 -81.469793 -47.195684
19.090686 -95.748780 -21.626763
21.753604 -96.345784 -15.629162
39.820564 -90.955955 -11.888522
5
-64.936903 -62.102967 43.891003
-66.887222 -61.700822 41.462129
-76.787172 -32.373186 55.278449
-59.742342 -44.362886 66.804093
-58.415832 -50.449818 63.579922
8
95.681281 -29.015826 -1.781690
96.320641 -18.329054 19.656547
96.385316 -16.577643 20.857917
97.953591 -5.981139 19.217698
99.934295 3.609881 0.324777
98.264546 -8.656463 -16.405632
98.045990 -9.680371 -17.125251
96.758249 -23.558491 -9.101581
6
-9.261029 -82.303493 56.038989
-3.643975 -59.727732 80.120656
8.789379 -55.852134 82.482034
10.974407 -55.926351 82.169371
35.821980 -63.622151 68.330137
36.100873 -64.643226 67.215923
5
-97.259398 22.610965 -5.417914
-94.572663 31.061579 -9.549333
-85.533694 50.412224 11.941307
-91.487009 35.387539 19.438346
-94.912767 28.388724 13.625238
6
-69.214952 -52.899279 -49.101494
-82.761544 -44.659853 -34.000357
-83.231216 -45.714040 -31.349500
-63.253207 -74.076486 -22.620921
-63.153236 -74.160595 -22.624653
-58.353304 -66.117617 -47.152441
5
2.457812 12.125899 -99.231657
-21.568623 5.025703 -97.516854
-8.915768 -12.525220 -98.811072
-4.071715 -11.131359 -99.295085
10.441701 11.589952 -98.775725
6
-31.759892 -30.913760 89.641780
-16.376389 -14.599110 97.563722
1.263687 -31.778182 94.807965
-0.383384 -34.480183 93.866767
-16.715141 -42.471447 88.976290
-27.417827 -37.389352 88.601914
4
95.681281 -29.015826 -1.781690
86.526310 -50.081604 2.242894
89.844131 -37.233044 23.275150
96.320641 -18.329054 19.656547
7
-57.935141 -39.628744 -71.225572
-63.877602 -40.639008 -65.330873
-69.214952 -52.899279 -49.101494
-58.353304 -66.117617 -47.152441
-49.329999 -67.388483 -55.003123
-43.596207 -49.867225 -74.917492
-52.609076 -40.890519 -74.567088
5
2.015192 38.129034 92.423567
0.199849 7.273095 99.734960
-22.713070 21.776648 94.920462
-15.363764 34.700371 92.519398
-1.285956 42.057166 90.716818
6
-12.956769 72.369902 -67.784360
-23.011725 71.978793 -65.494380
-43.441784 52.414347 -73.249898
-31.725258 41.541378 -85.251521
-23.892528 40.269182 -88.360286
-4.931482 50.621388 -86.099684
5
-52.609076 -40.890519 -74.567088
-49.390111 -17.939541 -85.081078
-54.975399 -10.849055 -82.825138
-72.639466 -13.100150 -67.467726
-57.935141 -39.628744 -71.225572
5
99.168279 12.824958 1.082980
99.934295 3.609881 0.324777
97.953591 -5.981139 19.217698
91.305274 15.514049 37.718181
88.747623 31.286289 33.838255
5
-49.618132 67.385609 -54.746878
-34.794402 75.860722 -55.086300
-34.430407 81.732171 -46.199561
-53.627582 81.518299 -21.882628
-57.458409 78.254450 -23.974409
7
-82.761544 -44.659853 -34.000357
-84.024910 -31.247184 -44.310585
-91.262183 -17.361618 -37.010649
-95.671586 -16.403096 -24.039262
-95.582361 -28.089597 -8.659493
-90.270883 -40.780982 -13.714197
-83.231216 -45.714040 -31.349500
5
-95.671586 -16.403096 -24.039262
-91.262183 -17.361618 -37.010649
-90.243974 -4.970907 -42.793868
-90.820886 1.429857 -41.827289
-97.136964 -0.565016 -23.750599
7
31.020342 90.624389 28.722090
32.205583 88.302300 34.139483
30.829770 86.706954 39.133481
17.350383 83.216201 52.669044
-5.247593 90.138928 42.981815
-7.964523 93.615323 34.245256
9.781154 97.291496 20.945018
6
42.373883 58.217335 -69.391613
29.495767 62.830156 -71.988688
4.016205 47.935199 -87.670330
9.213461 39.520823 -91.395934
43.510166 33.433404 -83.600676
46.546476 34.675832 -81.431027
7
-52.363780 22.800512 -82.086364
-53.496270 14.349920 -83.260008
-33.823766 8.941129 -93.680356
-30.711103 9.322675 -94.709640
-23.847197 29.612473 -92.490068
-23.892528 40.269182 -88.360286
-31.725258 41.541378 -85.251521
4
21.603817 -41.858592 -88.210733
-1.089323 -55.531482 -83.156887
2.216304 -59.704335 -80.190276
25.563988 -60.508344 -75.400417
5
32.864558 88.785764 -32.202624
32.891047 87.736247 -34.936085
51.566525 71.859679 -46.659191
65.552664 71.619965 -23.946374
53.977340 83.316287 -12.035080
7
-87.159312 -39.251937 29.369028
-68.608237 -62.355412 37.479493
-68.606936 -62.374747 37.449690
-78.199401 -61.622578 9.354760
-82.926969 -55.661330 4.993411
-88.580340 -40.627616 22.425882
-87.972816 -39.045602 27.133458
8
-33.609214 -30.224209 89.201558
-45.791768 -18.182155 87.020246
-47.084761 -15.309553 86.882926
-45.959006 -1.598794 88.798725
-29.769742 3.536991 95.400483
-15.480434 -9.499382 98.336758
-16.376389 -14.599110 97.563722
-31.759892 -30.913760 89.641780
7
-61.528157 -75.981513 -21.002276
-63.153236 -74.160595 -22.624653
-63.253207 -74.076486 -22.620921
-84.331123 -53.731882 -1.070751
-82.926969 -55.661330 4.993411
-78.199401 -61.622578 9.354760
-71.711831 -69.425963 6.119551
6
29.495767 62.830156 -71.988688
16.372152 79.229097 -58.776719
-6.393947 78.199458 -61.999695
-12.956769 72.369902 -67.784360
-4.931482 50.621388 -86.099684
4.016205 47.935199 -87.670330
6
-35.411101 46.078471 81.380762
-15.363764 34.700371 92.519398
-22.713070 21.776648 94.920462
-23.144240 21.484622 94.882850
-38.459946 25.810428 88.626488
-40.698141 31.234132 85.837581
6
96.385316 -16.577643 20.857917
80.075354 -22.721338 55.422725
80.242576 -15.630106 57.591916
81.005608 -8.861186 57.961805
91.305274 15.514049 37.718181
97.953591 -5.981139 19.217698
6
-77.264990 -2.520494 63.433180
-50.276118 3.798137 86.359053
-45.959006 -1.598794 88.798725
-47.084761 -15.309553 86.882926
-69.932064 -16.892550 69.456088
-76.973434 -12.170236 62.665587
7
46.546476 34.675832 -81.431027
47.815831 33.673363 -81.115664
69.319064 28.637636 -66.141917
73.735814 39.074042 -55.102169
68.349246 51.176481 -52.051400
54.091646 62.003550 -56.830042
42.373883 58.217335 -69.391613
5
61.702359 -78.510754 -5.374051
69.036446 -72.342520 0.727236
74.319235 -66.905980 -0.491152
68.104132 -68.673888 -25.411108
53.763263 -79.081426 -29.251317
4
36.566134 -54.326683 75.574661
50.017680 -25.783506 82.664639
61.726954 -32.986403 71.426048
36.333539 -62.386704 69.193736
5
-7.461288 -82.217491 -56.432379
-10.174132 -89.660881 -43.097719
3.004085 -89.660419 -44.181271
16.909805 -79.416077 -58.370756
7.297816 -77.353083 -62.954288
6
-85.024028 -24.750183 46.457972
-87.159312 -39.251937 29.369028
-87.972816 -39.045602 27.133458
-96.384556 -19.084091 18.596099
-96.941982 -11.364439 21.750900
-93.909039 -10.531287 32.713673
7
3.342567 99.250365 -11.755522
0.122071 98.146286 -19.164855
0.276347 92.264169 -38.564838
22.223155 85.797115 -46.313997
32.891047 87.736247 -34.936085
32.864558 88.785764 -32.202624
16.783078 97.689066 -13.235356
5
-91.487009 35.387539 19.438346
-89.828206 32.112751 29.994412
-94.101622 12.766493 31.335306
-97.218446 10.766278 20.800506
-94.912767 28.388724 13.625238
9
-61.659316 72.557476 30.553908
-61.858636 70.161150 35.368377
-71.933417 57.129020 39.520356
-76.276471 52.500341 37.757305
-77.022951 52.202156 36.638775
-82.678780 55.038332 11.619010
-81.918183 56.380506 10.519021
-77.548736 62.403488 9.591569
-67.987321 71.752106 15.144622
5
64.433503 -57.716648 50.170830
71.818990 -60.419339 34.518636
58.919215 -76.826361 25.024714
48.987425 -79.953023 34.752643
48.323155 -66.572694 56.859028
7
-62.901058 43.610519 -64.355105
-76.223833 32.415073 -56.028477
-79.248850 17.246042 -58.499519
-75.468207 10.029159 -64.837995
-57.037568 10.686852 -81.440205
-53.496270 14.349920 -83.260008
-52.363780 22.800512 -82.086364
7
-35.411101 46.078471 81.380762
-36.705610 49.482041 78.766908
-36.243369 50.690866 78.210321
-5.446194 57.624300 81.546177
1.498385 52.709424 84.967473
-1.285956 42.057166 90.716818
-15.363764 34.700371 92.519398
5
16.372152 79.229097 -58.776719
22.223155 85.797115 -46.313997
0.276347 92.264169 -38.564838
-10.113917 87.249878 -47.803424
-6.393947 78.199458 -61.999695
7
-8.992223 -88.287094 46.092613
-11.051544 -83.366110 54.110582
-9.261029 -82.303493 56.038989
36.100873 -64.643226 67.215923
37.194818 -65.399995 65.874017
18.179941 -93.336313 30.948707
17.173054 -93.718650 30.362819
4
23.574068 31.713121 91.861533
30.699363 7.264226 94.893520
22.148493 0.744231 97.513540
8.032481 34.504237 93.514367
7
-35.325520 -62.981430 69.176926
-34.963815 -62.011462 70.228984
-10.717297 -55.590120 82.431050
-3.643975 -59.727732 80.120656
-9.261029 -82.303493 56.038989
-11.051544 -83.366110 54.110582
-32.160902 -73.562114 59.617881
5
87.776317 6.774395 -47.428112
72.238932 12.034853 -68.093311
67.729293 4.043984 -73.460119
72.865289 -14.271415 -66.984897
75.931558 -16.835040 -62.856821
6
69.962642 12.107259 70.417633
63.609303 24.776155 73.075295
66.024563 38.758428 64.331495
74.749515 42.646006 50.929640
75.986494 42.305598 49.358780
82.639423 36.705314 42.701823
6
63.786311 66.225905 39.312034
51.843235 67.511932 52.482550
30.829770 86.706954 39.133481
32.205583 88.302300 34.139483
61.421571 74.496572 26.031739
64.608493 68.023366 34.620286
6
87.002175 44.252008 21.734337
64.608493 68.023366 34.620286
61.421571 74.496572 26.031739
64.241967 74.306073 18.750393
75.849273 64.868749 6.239652
84.738128 53.053996 2.173276
5
-58.415832 -50.449818 63.579922
-35.325520 -62.981430 69.176926
-32.160902 -73.562114 59.617881
-42.097882 -73.998228 52.459800
-64.936903 -62.102967 43.891003
5
79.327107 57.372552 -20.386279
65.552664 71.619965 -23.946374
51.566525 71.859679 -46.659191
54.091646 62.003550 -56.830042
68.349246 51.176481 -52.051400
7
71.988405 -46.222729 -51.779617
80.045672 -37.521663 -46.742007
79.235019 -26.541183 -54.930659
78.274543 -25.148428 -56.926729
51.624721 -42.207889 -74.521019
51.260111 -42.669291 -74.509950
51.244453 -45.446298 -72.860415
6
-37.760083 89.204379 24.834551
-36.003578 89.254733 27.153914
-34.518305 82.942621 43.920478
-51.034191 70.126944 49.776732
-61.858636 70.161150 35.368377
-61.659316 72.557476 30.553908
8
84.738128 53.053996 2.173276
75.849273 64.868749 6.239652
54.121951 83.538049 -9.602542
53.977340 83.316287 -12.035080
65.552664 71.619965 -23.946374
79.327107 57.372552 -20.386279
84.394960 52.141984 -12.597789
85.610501 51.532175 -3.908590
5
-63.877602 -40.639008 -65.330873
-80.819327 -28.502386 -51.534943
-84.024910 -31.247184 -44.310585
-82.761544 -44.659853 -34.000357
-69.214952 -52.899279 -49.101494
6
-50.709841 63.706834 58.051282
-51.034191 70.126944 49.776732
-34.518305 82.942621 43.920478
-24.063387 81.570275 52.604597
-21.500390 73.398474 64.423577
-49.957386 63.696622 58.711157
5
18.393661 -95.819560 -21.915411
3.004085 -89.660419 -44.181271
-10.174132 -89.660881 -43.097719
-17.396438 -91.035025 -37.549810
-12.994157 -96.502179 -22.770183
5
-40.073149 91.147707 9.286461
-6.013610 99.793984 -2.235467
-14.605353 94.935658 27.819139
-36.003578 89.254733 27.153914
-37.760083 89.204379 24.834551
5
-27.081373 5.897456 -96.082357
-30.711103 9.322675 -94.709640
-33.823766 8.941129 -93.680356
-46.933648 -17.242861 -86.602058
-27.963345 -19.508940 -94.007726
5
-75.468207 10.029159 -64.837995
-75.926248 -10.510950 -64.224020
-72.639466 -13.100150 -67.467726
-54.975399 -10.849055 -82.825138
-57.037568 10.686852 -81.440205
7
-93.909039 -10.531287 32.713673
-96.941982 -11.364439 21.750900
-97.445484 -9.617508 20.294855
-97.642866 9.375588 19.441427
-97.218446 10.766278 20.800506
-94.101622 12.766493 31.335306
-91.619990 7.714774 39.322509
7
-42.097882 -73.998228 52.459800
-44.606950 -85.059608 27.840315
-59.838087 -75.682238 26.298332
-68.606936 -62.374747 37.449690
-68.608237 -62.355412 37.479493
-66.887222 -61.700822 41.462129
-64.936903 -62.102967 43.891003
7
-95.582361 -28.089597 -8.659493
-95.593041 -28.065188 -8.620656
-95.878309 -28.327185 -2.218229
-88.580340 -40.627616 22.425882
-82.926969 -55.661330 4.993411
-84.331123 -53.731882 -1.070751
-90.270883 -40.780982 -13.714197
6
-99.530833 8.190921 -5.149953
-99.153421 10.629622 -7.457229
-97.259398 22.610965 -5.417914
-94.912767 28.388724 13.625238
-97.218446 10.766278 20.800506
-97.642866 9.375588 19.441427
8
-49.957386 63.696622 58.711157
-36.500549 53.267668 76.356175
-36.243369 50.690866 78.210321
-36.705610 49.482041 78.766908
-58.940060 38.956500 70.770477
-62.654046 44.774051 63.794630
-59.691431 53.438314 59.843794
-50.709841 63.706834 58.051282
4
23.725448 -22.437205 94.518120
48.070177 -22.435350 84.769765
50.017680 -25.783506 82.664639
36.566134 -54.326683 75.574661
5
-79.575225 8.839145 59.913714
-61.085355 25.805900 74.850751
-51.340952 11.730738 85.008802
-50.276118 3.798137 86.359053
-77.264990 -2.520494 63.433180
5
51.456110 -10.412548 -85.110796
51.340112 -9.243613 -85.315582
26.482753 1.852154 -96.411790
25.516595 -6.660082 -96.460078
39.460564 -27.413342 -87.700471
6
-89.828206 32.112751 29.994412
-91.487009 35.387539 19.438346
-85.533694 50.412224 11.941307
-82.678780 55.038332 11.619010
-77.022951 52.202156 36.638775
-88.997936 32.712981 31.768355
5
-36.500549 53.267668 76.356175
-21.215560 73.161034 64.787060
-15.751810 71.937734 67.652368
-5.446194 57.624300 81.546177
-36.243369 50.690866 78.210321
8
51.244453 -45.446298 -72.860415
51.260111 -42.669291 -74.509950
39.101894 -35.294177 -85.002135
22.731216 -38.903480 -89.273798
21.603817 -41.858592 -88.210733
25.563988 -60.508344 -75.400417
32.651121 -64.680772 -68.922435
47.946298 -52.334964 -70.442913
6
-91.619990 7.714774 39.322509
-94.101622 12.766493 31.335306
-89.828206 32.112751 29.994412
-88.997936 32.712981 31.768355
-81.384004 28.039352 50.896351
-81.457470 11.402622 56.874078
5
51.912203 62.908887 57.858406
51.843235 67.511932 52.482550
63.786311 66.225905 39.312034
75.986494 42.305598 49.358780
74.749515 42.646006 50.929640
5
47.946298 -52.334964 -70.442913
59.413861 -65.590224 -46.560880
62.990837 -63.139235 -45.228214
71.988405 -46.222729 -51.779617
51.244453 -45.446298 -72.860415
6
-78.222395 34.911844 -51.598644
-88.773528 35.582808 -29.208296
-92.852141 18.172846 -32.376344
-88.784670 9.737333 -44.971845
-79.248850 17.246042 -58.499519
-76.223833 32.415073 -56.028477
7
-24.063387 81.570275 52.604597
-5.247593 90.138928 42.981815
17.350383 83.216201 52.669044
17.101714 82.489725 53.879279
-15.751810 71.937734 67.652368
-21.215560 73.161034 64.787060
-21.500390 73.398474 64.423577
6
-34.794402 75.860722 -55.086300
-49.618132 67.385609 -54.746878
-56.751892 53.920764 -62.223581
-56.726430 52.001186 -63.859132
-43.441784 52.414347 -73.249898
-23.011725 71.978793 -65.494380
5
42.966942 -84.729179 31.221917
48.987425 -79.953023 34.752643
58.919215 -76.826361 25.024714
61.136806 -78.023248 13.216043
45.620988 -88.118561 12.403416
5
-9.348442 -99.516270 3.019704
-16.477990 -97.317440 -16.055891
-45.982568 -88.540548 -6.795200
-45.961136 -88.655376 -5.272412
-36.010436 -92.068792 15.052773
6
83.113769 -48.062157 -27.966595
70.648499 -62.137915 -33.877265
68.104132 -68.673888 -25.411108
74.319235 -66.905980 -0.491152
80.525292 -59.276026 1.424807
82.073984 -57.129384 0.307716
7
44.299884 56.378741 69.706225
22.502560 63.432673 73.958981
17.101714 82.489725 53.879279
17.350383 83.216201 52.669044
30.829770 86.706954 39.133481
51.843235 67.511932 52.482550
51.912203 62.908887 57.858406
6
-80.819327 -28.502386 -51.534943
-63.877602 -40.639008 -65.330873
-57.935141 -39.628744 -71.225572
-72.639466 -13.100150 -67.467726
-75.926248 -10.510950 -64.224020
-78.919204 -14.339553 -59.717137
6
3.342567 99.250365 -11.755522
16.783078 97.689066 -13.235356
35.491044 92.845982 10.954884
31.020342 90.624389 28.722090
9.781154 97.291496 20.945018
-5.841430 99.802732 -2.300519
6
39.820564 -90.955955 -11.888522
21.753604 -96.345784 -15.629162
14.434592 -98.624796 8.049363
17.785901 -97.125588 15.820300
42.794820 -89.872063 9.571603
45.230928 -88.979737 -6.063792
6
1.498385 52.709424 84.967473
-5.446194 57.624300 81.546177
-15.751810 71.937734 67.652368
17.101714 82.489725 53.879279
22.502560 63.432673 73.958981
17.852321 59.316624 78.503711
5
-88.997936 32.712981 31.768355
-77.022951 52.202156 36.638775
-76.276471 52.500341 37.757305
-76.156023 38.128108 52.407133
-81.384004 28.039352 50.896351
4
-99.530833 8.190921 -5.149953
-97.642866 9.375588 19.441427
-97.445484 -9.617508 20.294855
-99.888750 -4.521990 -1.337618
6
47.715279 49.930393 72.320177
44.449354 32.903482 83.316360
31.309663 37.556807 87.230678
17.852321 59.316624 78.503711
22.502560 63.432673 73.958981
44.299884 56.378741 69.706225
7
54.091646 62.003550 -56.830042
51.566525 71.859679 -46.659191
32.891047 87.736247 -34.936085
22.223155 85.797115 -46.313997
16.372152 79.229097 -58.776719
29.495767 62.830156 -71.988688
42.373883 58.217335 -69.391613
5
95.668245 18.978073 -22.077584
97.411255 21.898840 -5.611429
85.610501 51.532175 -3.908590
84.394960 52.141984 -12.597789
89.704259 26.351638 -35.478684
4
64.241967 74.306073 18.750393
48.705838 87.305390 2.347384
54.121951 83.538049 -9.602542
75.849273 64.868749 6.239652
6
4.649324 -20.455551 -97.775018
-4.071715 -11.131359 -99.295085
-8.915768 -12.525220 -98.811072
-20.900751 -25.476155 -94.414639
-16.063866 -41.273465 -89.657422
-0.489756 -34.145389 -93.988577
5
-16.715141 -42.471447 88.976290
-0.383384 -34.480183 93.866767
8.789379 -55.852134 82.482034
-3.643975 -59.727732 80.120656
-10.717297 -55.590120 82.431050
6
45.230928 -88.979737 -6.063792
42.794820 -89.872063 9.571603
45.620988 -88.118561 12.403416
61.136806 -78.023248 13.216043
69.036446 -72.342520 0.727236
61.702359 -78.510754 -5.374051
5
18.179941 -93.336313 30.948707
37.194818 -65.399995 65.874017
48.323155 -66.572694 56.859028
48.987425 -79.953023 34.752643
42.966942 -84.729179 31.221917
7
80.525292 -59.276026 1.424807
74.319235 -66.905980 -0.491152
69.036446 -72.342520 0.727236
61.136806 -78.023248 13.216043
58.919215 -76.826361 25.024714
71.818990 -60.419339 34.518636
76.645057 -57.665174 28.288920
6
19.409074 -2.738203 98.060135
22.713262 -21.572491 94.967023
1.263687 -31.778182 94.807965
-16.376389 -14.599110 97.563722
-15.480434 -9.499382 98.336758
3.860895 0.980052 99.920633
7
-58.353304 -66.117617 -47.152441
-63.153236 -74.160595 -22.624653
-61.528157 -75.981513 -21.002276
-52.467509 -83.263175 -17.731449
-31.591627 -84.529197 -43.090416
-33.094132 -80.978524 -48.448499
-49.329999 -67.388483 -55.003123
6
27.305769 -77.557002 -56.914904
33.693326 -81.469793 -47.195684
47.710426 -77.877384 -40.728716
59.413861 -65.590224 -46.560880
47.946298 -52.334964 -70.442913
32.651121 -64.680772 -68.922435
6
64.241967 74.306073 18.750393
61.421571 74.496572 26.031739
32.205583 88.302300 34.139483
31.020342 90.624389 28.722090
35.491044 92.845982 10.954884
48.705838 87.305390 2.347384
6
72.238932 12.034853 -68.093311
69.319064 28.637636 -66.141917
47.815831 33.673363 -81.115664
53.885977 12.931300 -83.241113
61.893932 3.888393 -78.447572
67.729293 4.043984 -73.460119
6
17.173054 -93.718650 30.362819
18.179941 -93.336313 30.948707
42.966942 -84.729179 31.221917
45.620988 -88.118561 12.403416
42.794820 -89.872063 9.571603
17.785901 -97.125588 15.820300
7
62.990837 -63.139235 -45.228214
70.648499 -62.137915 -33.877265
83.113769 -48.062157 -27.966595
84.178989 -43.922208 -31.380528
83.618856 -38.925445 -38.635433
80.045672 -37.521663 -46.742007
71.988405 -46.222729 -51.779617
7
53.763263 -79.081426 -29.251317
68.104132 -68.673888 -25.411108
70.648499 -62.137915 -33.877265
62.990837 -63.139235 -45.228214
59.413861 -65.590224 -46.560880
47.710426 -77.877384 -40.728716
51.798439 -79.664151 -31.153566
5
-20.900751 -25.476155 -94.414639
-8.915768 -12.525220 -98.811072
-21.568623 5.025703 -97.516854
-27.081373 5.897456 -96.082357
-27.963345 -19.508940 -94.007726
6
19.090686 -95.748780 -21.626763
33.693326 -81.469793 -47.195684
27.305769 -77.557002 -56.914904
16.909805 -79.416077 -58.370756
3.004085 -89.660419 -44.181271
18.393661 -95.819560 -21.915411
4
9.213461 39.520823 -91.395934
11.224793 11.892994 -98.653742
24.460357 4.701085 -96.848287
43.510166 33.433404 -83.600676
7
25.563988 -60.508344 -75.400417
2.216304 -59.704335 -80.190276
1.565385 -71.687040 -69.703069
7.297816 -77.353083 -62.954288
16.909805 -79.416077 -58.370756
27.305769 -77.557002 -56.914904
32.651121 -64.680772 -68.922435
6
16.783078 97.689066 -13.235356
32.864558 88.785764 -32.202624
53.977340 83.316287 -12.035080
54.121951 83.538049 -9.602542
48.705838 87.305390 2.347384
35.491044 92.845982 10.954884
5
51.340112 -9.243613 -85.315582
61.893932 3.888393 -78.447572
53.885977 12.931300 -83.241113
26.440085 1.968803 -96.421189
26.482753 1.852154 -96.411790
5
2.457812 12.125899 -99.231657
-23.847197 29.612473 -92.490068
-30.711103 9.322675 -94.709640
-27.081373 5.897456 -96.082357
-21.568623 5.025703 -97.516854
7
-6.393947 78.199458 -61.999695
-10.113917 87.249878 -47.803424
-20.600229 89.259453 -40.104621
-34.430407 81.732171 -46.199561
-34.794402 75.860722 -55.086300
-23.011725 71.978793 -65.494380
-12.956769 72.369902 -67.784360
8
92.832201 -4.479910 -36.906814
95.809904 -10.009896 -26.837741
98.045990 -9.680371 -17.125251
98.264546 -8.656463 -16.405632
95.668245 18.978073 -22.077584
89.704259 26.351638 -35.478684
88.846895 25.038641 -38.461614
88.945232 7.320051 -45.112777
7
-75.468207 10.029159 -64.837995
-79.248850 17.246042 -58.499519
-88.784670 9.737333 -44.971845
-90.820886 1.429857 -41.827289
-90.243974 -4.970907 -42.793868
-78.919204 -14.339553 -59.717137
-75.926248 -10.510950 -64.224020
6
73.735814 39.074042 -55.102169
88.846895 25.038641 -38.461614
89.704259 26.351638 -35.478684
84.394960 52.141984 -12.597789
79.327107 57.372552 -20.386279
68.349246 51.176481 -52.051400
8
-99.888750 -4.521990 -1.337618
-95.593041 -28.065188 -8.620656
-95.582361 -28.089597 -8.659493
-95.671586 -16.403096 -24.039262
-97.136964 -0.565016 -23.750599
-98.527999 8.834606 -14.635000
-99.153421 10.629622 -7.457229
-99.530833 8.190921 -5.149953
8
-23.847197 29.612473 -92.490068
2.457812 12.125899 -99.231657
10.441701 11.589952 -98.775725
11.224793 11.892994 -98.653742
9.213461 39.520823 -91.395934
4.016205 47.935199 -87.670330
-4.931482 50.621388 -86.099684
-23.892528 40.269182 -88.360286
6
35.821980 -63.622151 68.330137
10.974407 -55.926351 82.169371
23.422878 -22.270764 94.632880
23.725448 -22.437205 94.518120
36.566134 -54.326683 75.574661
36.333539 -62.386704 69.193736
5
66.024563 38.758428 64.331495
63.609303 24.776155 73.075295
46.634652 27.888557 83.949018
44.449354 32.903482 83.316360
47.715279 49.930393 72.320177
5
79.235019 -26.541183 -54.930659
80.045672 -37.521663 -46.742007
83.618856 -38.925445 -38.635433
95.809904 -10.009896 -26.837741
92.832201 -4.479910 -36.906814
8
-81.457470 11.402622 56.874078
-79.575225 8.839145 59.913714
-77.264990 -2.520494 63.433180
-76.973434 -12.170236 62.665587
-81.118008 -23.642391 53.487439
-85.024028 -24.750183 46.457972
-93.909039 -10.531287 32.713673
-91.619990 7.714774 39.322509
5
-61.693783 74.894641 -24.179947
-67.364620 70.923509 -20.781333
-84.042001 49.963550 -20.990135
-75.231467 52.462095 -39.849153
-68.044977 60.552303 -41.271053
4
-87.972816 -39.045602 27.133458
-88.580340 -40.627616 22.425882
-95.878309 -28.327185 -2.218229
-96.384556 -19.084091 18.596099
5
-21.308373 91.622816 -33.929529
-20.600229 89.259453 -40.104621
-10.113917 87.249878 -47.803424
0.276347 92.264169 -38.564838
0.122071 98.146286 -19.164855
5
-31.725258 41.541378 -85.251521
-43.441784 52.414347 -73.249898
-56.726430 52.001186 -63.859132
-62.901058 43.610519 -64.355105
-52.363780 22.800512 -82.086364
5
-61.659316 72.557476 30.553908
-67.987321 71.752106 15.144622
-49.380288 86.941779 -1.647520
-40.073149 91.147707 9.286461
-37.760083 89.204379 24.834551
6
22.713262 -21.572491 94.967023
23.422878 -22.270764 94.632880
10.974407 -55.926351 82.169371
8.789379 -55.852134 82.482034
-0.383384 -34.480183 93.866767
1.263687 -31.778182 94.807965
6
25.516595 -6.660082 -96.460078
19.148115 -17.670022 -96.545948
19.953904 -35.798997 -91.215533
22.731216 -38.903480 -89.273798
39.101894 -35.294177 -85.002135
39.460564 -27.413342 -87.700471
4
-49.957386 63.696622 58.711157
-21.500390 73.398474 64.423577
-21.215560 73.161034 64.787060
-36.500549 53.267668 76.356175
5
-27.417827 -37.389352 88.601914
-16.715141 -42.471447 88.976290
-10.717297 -55.590120 82.431050
-34.963815 -62.011462 70.228984
-35.520825 -58.556419 72.865744
6
-34.518305 82.942621 43.920478
-36.003578 89.254733 27.153914
-14.605353 94.935658 27.819139
-7.964523 93.615323 34.245256
-5.247593 90.138928 42.981815
-24.063387 81.570275 52.604597
6
-97.445484 -9.617508 20.294855
-96.941982 -11.364439 21.750900
-96.384556 -19.084091 18.596099
-95.878309 -28.327185 -2.218229
-95.593041 -28.065188 -8.620656
-99.888750 -4.521990 -1.337618
5
-90.243974 -4.970907 -42.793868
-91.262183 -17.361618 -37.010649
-84.024910 -31.247184 -44.310585
-80.819327 -28.502386 -51.534943
-78.919204 -14.339553 -59.717137
8
76.847119 -28.019838 57.527463
64.433503 -57.716648 50.170830
48.323155 -66.572694 56.859028
37.194818 -65.399995 65.874017
36.100873 -64.643226 67.215923
35.821980 -63.622151 68.330137
36.333539 -62.386704 69.193736
61.726954 -32.986403 71.426048
7
17.852321 59.316624 78.503711
31.309663 37.556807 87.230678
23.574068 31.713121 91.861533
8.032481 34.504237 93.514367
2.015192 38.129034 92.423567
-1.285956 42.057166 90.716818
1.498385 52.709424 84.967473
6
-5.841430 99.802732 -2.300519
-6.006555 99.794264 -2.241893
-32.623321 92.039129 -21.552673
-21.308373 91.622816 -33.929529
0.122071 98.146286 -19.164855
3.342567 99.250365 -11.755522
7
-0.489756 -34.145389 -93.988577
-16.063866 -41.273465 -89.657422
-17.424909 -46.293749 -86.909501
-1.089323 -55.531482 -83.156887
21.603817 -41.858592 -88.210733
22.731216 -38.903480 -89.273798
19.953904 -35.798997 -91.215533
9
-43.596207 -49.867225 -74.917492
-28.967543 -52.249243 -80.192880
-17.424909 -46.293749 -86.909501
-16.063866 -41.273465 -89.657422
-20.900751 -25.476155 -94.414639
-27.963345 -19.508940 -94.007726
-46.933648 -17.242861 -86.602058
-49.390111 -17.939541 -85.081078
-52.609076 -40.890519 -74.567088
8
-81.457470 11.402622 56.874078
-81.384004 28.039352 50.896351
-76.156023 38.128108 52.407133
-62.654046 44.774051 63.794630
-58.940060 38.956500 70.770477
-59.392679 31.083006 74.204827
-61.085355 25.805900 74.850751
-79.575225 8.839145 59.913714
6
46.546476 34.675832 -81.431027
43.510166 33.433404 -83.600676
24.460357 4.701085 -96.848287
26.440085 1.968803 -96.421189
53.885977 12.931300 -83.241113
47.815831 33.673363 -81.115664
5
-40.698141 31.234132 85.837581
-38.459946 25.810428 88.626488
-51.340952 11.730738 85.008802
-61.085355 25.805900 74.850751
-59.392679 31.083006 74.204827
10
52.888807 1.528220 84.855398
53.640514 -11.682370 83.583596
48.070177 -22.435350 84.769765
23.725448 -22.437205 94.518120
23.422878 -22.270764 94.632880
22.713262 -21.572491 94.967023
19.409074 -2.738203 98.060135
22.148493 0.744231 97.513540
30.699363 7.264226 94.893520
41.031454 10.610879 90.574991
5
-67.364620 70.923509 -20.781333
-77.548736 62.403488 9.591569
-81.918183 56.380506 10.519021
-84.733837 49.007628 -20.455541
-84.042001 49.963550 -20.990135
6
-7.304804 -99.635837 4.397717
-15.938865 -91.461852 37.157532
-8.992223 -88.287094 46.092613
17.173054 -93.718650 30.362819
17.785901 -97.125588 15.820300
14.434592 -98.624796 8.049363
6
86.526310 -50.081604 2.242894
95.681281 -29.015826 -1.781690
96.758249 -23.558491 -9.101581
84.178989 -43.922208 -31.380528
83.113769 -48.062157 -27.966595
82.073984 -57.129384 0.307716
5
98.045990 -9.680371 -17.125251
95.809904 -10.009896 -26.837741
83.618856 -38.925445 -38.635433
84.178989 -43.922208 -31.380528
96.758249 -23.558491 -9.101581
6
-78.222395 34.911844 -51.598644
-75.231467 52.462095 -39.849153
-84.042001 49.963550 -20.990135
-84.733837 49.007628 -20.455541
-88.945300 40.076763 -21.967856
-88.773528 35.582808 -29.208296
5
75.931558 -16.835040 -62.856821
72.865289 -14.271415 -66.984897
59.248607 -23.744898 -76.979104
51.624721 -42.207889 -74.521019
78.274543 -25.148428 -56.926729
4
-83.231216 -45.714040 -31.349500
-90.270883 -40.780982 -13.714197
-84.331123 -53.731882 -1.070751
-63.253207 -74.076486 -22.620921
6
-81.118008 -23.642391 53.487439
-76.787172 -32.373186 55.278449
-66.887222 -61.700822 41.462129
-68.608237 -62.355412 37.479493
-87.159312 -39.251937 29.369028
-85.024028 -24.750183 46.457972
5
-35.520825 -58.556419 72.865744
-48.293894 -41.925043 76.876463
-33.609214 -30.224209 89.201558
-31.759892 -30.913760 89.641780
-27.417827 -37.389352 88.601914
6
70.354553 8.725156 70.527360
52.888807 1.528220 84.855398
41.031454 10.610879 90.574991
46.634652 27.888557 83.949018
63.609303 24.776155 73.075295
69.962642 12.107259 70.417633
5
-48.293894 -41.925043 76.876463
-57.029492 -40.187271 71.642308
-58.146711 -34.914759 73.484145
-45.791768 -18.182155 87.020246
-33.609214 -30.224209 89.201558
5
-21.473720 -74.401764 -63.271295
-7.461288 -82.217491 -56.432379
7.297816 -77.353083 -62.954288
1.565385 -71.687040 -69.703069
-20.740467 -71.646403 -66.608002
6
-15.480434 -9.499382 98.336758
-29.769742 3.536991 95.400483
-23.144240 21.484622 94.882850
-22.713070 21.776648 94.920462
0.199849 7.273095 99.734960
3.860895 0.980052 99.920633
6
82.073984 -57.129384 0.307716
80.525292 -59.276026 1.424807
76.645057 -57.665174 28.288920
85.246793 -39.758922 33.944255
89.844131 -37.233044 23.275150
86.526310 -50.081604 2.242894
8
14.434592 -98.624796 8.049363
21.753604 -96.345784 -15.629162
19.090686 -95.748780 -21.626763
18.393661 -95.819560 -21.915411
-12.994157 -96.502179 -22.770183
-16.477990 -97.317440 -16.055891
-9.348442 -99.516270 3.019704
-7.304804 -99.635837 4.397717
6
-54.975399 -10.849055 -82.825138
-49.390111 -17.939541 -85.081078
-46.933648 -17.242861 -86.602058
-33.823766 8.941129 -93.680356
-53.496270 14.349920 -83.260008
-57.037568 10.686852 -81.440205
5
-9.348442 -99.516270 3.019704
-36.010436 -92.068792 15.052773
-35.684250 -91.044212 20.918552
-15.938865 -91.461852 37.157532
-7.304804 -99.635837 4.397717
6
-36.010436 -92.068792 15.052773
-45.961136 -88.655376 -5.272412
-61.769491 -77.642549 12.496579
-59.838087 -75.682238 26.298332
-44.606950 -85.059608 27.840315
-35.684250 -91.044212 20.918552
5
-61.769491 -77.642549 12.496579
-71.711831 -69.425963 6.119551
-78.199401 -61.622578 9.354760
-68.606936 -62.374747 37.449690
-59.838087 -75.682238 26.298332
6
-28.967543 -52.249243 -80.192880
-20.740467 -71.646403 -66.608002
1.565385 -71.687040 -69.703069
2.216304 -59.704335 -80.190276
-1.089323 -55.531482 -83.156887
-17.424909 -46.293749 -86.909501
6
88.945232 7.320051 -45.112777
88.846895 25.038641 -38.461614
73.735814 39.074042 -55.102169
69.319064 28.637636 -66.141917
72.238932 12.034853 -68.093311
87.776317 6.774395 -47.428112
5
39.820564 -90.955955 -11.888522
45.230928 -88.979737 -6.063792
61.702359 -78.510754 -5.374051
53.763263 -79.081426 -29.251317
51.798439 -79.664151 -31.153566
