200
7
24.410655 -96.838556 5.139446
40.289411 -91.369432 -5.328261
33.666087 -90.758981 -25.087883
15.934053 -95.035338 -26.728084
10.037463 -97.308523 -20.743691
7.591169 -99.711407 0.096918
19.518262 -97.888634 6.070644
6
52.804943 84.890589 -2.286009
36.564510 92.752310 7.748910
23.223712 96.824018 9.261141
21.487366 95.489846 -20.493474
23.754064 94.049481 -24.298962
51.554470 85.468527 -6.104716
7
-17.039230 -59.197833 78.773607
-47.931821 -41.409205 77.380994
-27.999472 -9.240249 95.554421
-16.730901 -9.939072 98.088184
-14.966254 -11.834932 98.162853
-5.977970 -55.791204 82.774425
-11.312232 -60.182261 79.057756
5
30.623075 23.940495 -92.136204
16.919719 37.051326 -91.328650
1.067855 17.605556 -98.432231
3.216790 10.786586 -99.364490
11.391635 -0.869208 -99.345232
7
-59.174391 53.025215 60.718350
-80.186782 40.983656 43.478960
-75.890802 58.433374 28.742424
-74.174351 61.008163 27.859822
-67.835561 66.367701 31.522451
-61.816931 67.892643 39.613837
-60.025129 66.576901 44.322682
7
51.564694 -78.896180 -33.413697
35.149116 -89.185616 -28.468676
33.666087 -90.758981 -25.087883
40.289411 -91.369432 -5.328261
44.442590 -89.502248 -3.768785
54.934680 -83.152073 -8.240980
59.785857 -76.532693 -23.841105
6
-74.242115 -7.387888 -66.584739
-84.113350 -21.433531 -49.654285
-83.159415 -28.703017 -47.546279
-64.181586 -29.978985 -70.583175
-63.975560 -29.805215 -70.843326
-63.655385 -28.596072 -71.625810
6
73.401017 -50.082394 -45.869865
66.640814 -61.254630 -42.507319
69.637999 -67.061714 -25.559257
75.713739 -62.744399 -18.181587
86.587638 -46.742176 -17.825541
89.312008 -38.623912 -23.055556
6
-74.458567 15.967582 64.814799
-66.777336 4.855258 74.277950
-70.846245 -7.662727 70.157624
-77.589124 -13.598826 61.603569
-85.748197 2.005438 51.412303
-74.650931 15.889535 64.612392
7
8.279350 -81.922487 -56.746441
14.832762 -76.581120 -62.572527
5.422313 -64.454658 -76.263986
3.588158 -64.070542 -76.694790
-3.849994 -66.725504 -74.383363
-11.877195 -75.358066 -64.653647
-10.648570 -78.660618 -60.820352
8
91.477699 -13.395038 38.110413
77.574750 -28.719590 56.190242
73.167141 -23.142794 64.116929
65.100545 -6.625027 75.617644
64.763981 2.324788 76.159189
77.817138 14.693408 61.062237
93.141780 4.860036 36.069223
93.818272 -0.489717 34.610577
5
-30.578584 38.583496 87.041737
-44.870965 49.721140 74.259038
-29.438367 62.063862 72.673651
-16.323787 51.337555 84.249567
-30.426141 38.618968 87.079419
5
-97.723815 -12.919380 -16.826933
-97.268830 -13.898350 -18.590603
-93.621554 -7.951379 -34.231276
-90.468193 12.207245 -40.822656
-94.694883 18.181085 -26.501459
7
-24.470573 32.361753 -91.399716
-21.580699 33.367543 -91.765356
-18.848321 37.298948 -90.848937
-16.938750 64.924195 -74.148012
-18.476473 65.395158 -73.362751
-39.514535 50.611770 -76.661922
-29.372672 35.431188 -88.779936
6
-29.372672 35.431188 -88.779936
-39.514535 50.611770 -76.661922
-50.192734 52.778912 -68.520623
-63.480900 44.038376 -63.488557
-68.571299 32.831661 -64.961981
-65.479820 30.123552 -69.317853
5
-78.895508 59.953696 13.455595
-88.258302 46.748804 5.002152
-86.032617 50.632684 -5.892384
-81.398941 57.502453 -8.226812
-75.109623 65.999793 -1.603698
4
-60.473684 -67.506646 -42.258565
-53.024967 -82.196842 -20.785381
-36.199497 -79.397936 -48.842237
-37.823042 -76.998701 -51.386939
6
87.822387 47.727584 -3.050574
92.910659 34.999161 11.944376
91.846283 32.763878 22.153748
79.166336 54.579649 27.454567
80.783600 58.381083 8.103026
85.757434 51.208073 -4.836931
7
-23.162646 -6.400658 -97.069683
-16.321048 -15.758748 -97.392429
0.581847 -19.665058 -98.045637
13.047670 -7.746652 -98.842034
11.391635 -0.869208 -99.345232
3.216790 10.786586 -99.364490
-22.112497 3.684733 -97.454914
6
44.056909 10.493462 -89.156469
50.326901 12.333012 -85.528357
59.576431 23.967345 -76.656476
57.694714 26.743391 -77.175845
39.487750 30.472105 -86.672766
33.561072 23.659818 -91.180412
4
-20.114676 -80.804297 55.372063
-18.522814 -86.966279 45.757751
-43.944795 -85.417900 27.796354
-44.851797 -73.064485 51.477153
5
39.487750 30.472105 -86.672766
57.694714 26.743391 -77.175845
53.781895 38.701371 -74.898008
38.494438 42.424961 -81.965242
38.002704 42.045212 -82.389287
5
-58.701539 -42.178830 69.101923
-47.931821 -41.409205 77.380994
-17.039230 -59.197833 78.773607
-47.750987 -65.853812 58.164583
-59.805636 -42.924673 67.681299
7
-65.479820 30.123552 -69.317853
-68.571299 32.831661 -64.961981
-73.136780 29.509468 -61.483353
-80.727863 14.725527 -57.150424
-74.236812 -7.272117 -66.603394
-50.804046 2.389578 -86.100167
-50.391547 6.600644 -86.122723
6
-57.975995 -81.142571 -7.393725
-57.904784 -81.303442 -6.065169
-32.899478 -94.412368 -1.982225
-27.174204 -96.117055 -4.803589
-23.810939 -93.558940 -26.072282
-53.118961 -82.686616 -18.474292
9
19.831461 69.230215 -69.382206
12.920163 68.050943 -72.125852
12.761874 67.901179 -72.294982
12.664122 50.514081 -85.369477
15.939495 45.705545 -87.503918
38.002704 42.045212 -82.389287
38.494438 42.424961 -81.965242
40.103136 60.308990 -68.953348
31.273639 66.818449 -67.507439
6
74.319677 58.354343 32.731579
79.166336 54.579649 27.454567
91.846283 32.763878 22.153748
92.294870 18.930096 33.515795
66.243791 48.848212 56.794475
66.783350 50.284406 54.876795
4
-82.522531 13.538634 -54.833723
-90.468193 12.207245 -40.822656
-93.621554 -7.951379 -34.231276
-88.292346 -12.034820 -45.383088
6
-99.870362 -3.683304 3.513405
-94.733660 17.412449 26.876388
-91.977955 3.054319 39.124506
-91.272413 -19.572350 35.864604
-91.338925 -20.586075 35.119998
-99.708588 -7.410553 1.811401
6
29.654892 79.234645 53.314711
26.748063 84.407493 46.474898
32.438163 87.299731 36.421457
36.211278 86.339733 35.131096
51.449945 76.265085 39.198724
41.032365 72.652257 55.118006
6
32.438163 87.299731 36.421457
18.274964 97.368635 13.615235
23.223712 96.824018 9.261141
36.564510 92.752310 7.748910
43.358125 86.626061 24.819319
36.211278 86.339733 35.131096
6
63.872295 -20.299201 -74.217736
65.836337 -15.508176 -73.655096
65.825099 -15.407223 -73.686321
50.326901 12.333012 -85.528357
44.056909 10.493462 -89.156469
35.911075 -7.376145 -93.037558
7
-53.118961 -82.686616 -18.474292
-23.810939 -93.558940 -26.072282
-17.504479 -93.461574 -30.960095
-16.684675 -91.443746 -36.873608
-21.123181 -87.046374 -44.460544
-36.199497 -79.397936 -48.842237
-53.024967 -82.196842 -20.785381
8
-30.839351 77.885454 54.614930
-28.630929 77.675092 56.096791
-26.478360 75.495051 59.994948
-27.608461 73.959159 61.382536
-56.432687 50.932641 64.970901
-58.136478 51.336818 63.124330
-59.174391 53.025215 60.718350
-60.025129 66.576901 44.322682
6
29.994466 -74.516955 59.561358
32.073227 -70.363477 63.405751
34.887117 -68.578331 63.874107
47.007419 -66.803168 57.685694
53.858804 -71.568791 44.465013
40.243745 -83.169208 38.253416
7
59.690389 80.216892 1.519141
62.324581 77.664630 9.157060
61.857521 75.394624 22.120076
61.456318 75.595586 22.548357
43.358125 86.626061 24.819319
36.564510 92.752310 7.748910
52.804943 84.890589 -2.286009
4
-90.931840 -29.308233 29.536890
-90.963070 -23.541226 34.227629
-78.572393 -38.030719 48.785689
-79.701813 -50.344463 33.362495
6
-64.648787 61.089168 -45.701727
-76.556593 56.852699 -30.114095
-80.533294 36.175864 -46.964832
-73.136780 29.509468 -61.483353
-68.571299 32.831661 -64.961981
-63.480900 44.038376 -63.488557
4
65.825099 -15.407223 -73.686321
64.162941 22.295145 -73.389669
59.576431 23.967345 -76.656476
50.326901 12.333012 -85.528357
5
-10.849216 -95.612919 27.211471
5.258862 -99.860126 0.547429
-7.307873 -99.667657 -3.599047
-15.717784 -98.756056 -0.438951
-21.150733 -95.775263 19.487057
5
39.589076 23.545464 88.759879
36.400332 20.047934 90.956562
17.602950 37.814239 90.885750
29.476894 49.603083 81.674028
45.416959 50.746627 73.226223
6
60.368094 27.711245 74.751456
61.807478 6.857410 78.312270
41.676470 11.899406 90.119232
36.629802 16.039058 91.657003
36.400332 20.047934 90.956562
39.589076 23.545464 88.759879
5
7.456135 -14.912473 98.600326
30.481910 -36.428398 87.999006
6.113563 -55.279459 83.107195
-5.977970 -55.791204 82.774425
-14.966254 -11.834932 98.162853
6
54.934680 -83.152073 -8.240980
44.442590 -89.502248 -3.768785
50.978698 -84.734124 14.876172
66.223356 -73.741356 13.292086
71.994986 -69.084841 6.633754
70.472880 -70.947211 -0.257672
5
-91.977955 3.054319 39.124506
-85.748197 2.005438 51.412303
-77.589124 -13.598826 61.603569
-77.711669 -21.055022 59.309211
-91.272413 -19.572350 35.864604
6
-27.174204 -96.117055 -4.803589
-15.717784 -98.756056 -0.438951
-7.307873 -99.667657 -3.599047
-14.819818 -94.778838 -28.237297
-17.504479 -93.461574 -30.960095
-23.810939 -93.558940 -26.072282
5
-41.141225 -0.484533 91.143649
-27.999472 -9.240249 95.554421
-47.931821 -41.409205 77.380994
-58.701539 -42.178830 69.101923
-60.913013 -19.251922 76.934832
7
-37.954260 -30.948956 -87.187363
-31.893680 -45.818163 -82.966795
-28.398223 -47.774583 -83.133207
-4.972329 -42.338775 -90.458300
-0.464905 -36.971656 -92.913296
0.581847 -19.665058 -98.045637
-16.321048 -15.758748 -97.392429
5
59.785857 -76.532693 -23.841105
54.934680 -83.152073 -8.240980
70.472880 -70.947211 -0.257672
75.713739 -62.744399 -18.181587
69.637999 -67.061714 -25.559257
7
-38.240040 -72.001025 -57.909858
-26.675315 -68.663917 -67.629092
-25.482636 -55.416528 -79.244203
-28.398223 -47.774583 -83.133207
-31.893680 -45.818163 -82.966795
-48.680521 -52.878680 -69.527348
-50.825723 -57.727637 -63.908261
4
55.290806 53.238216 -64.098510
40.103136 60.308990 -68.953348
38.494438 42.424961 -81.965242
53.781895 38.701371 -74.898008
6
-60.473684 -67.506646 -42.258565
-37.823042 -76.998701 -51.386939
-38.240040 -72.001025 -57.909858
-50.825723 -57.727637 -63.908261
-59.151628 -57.125571 -56.901266
-61.741083 -65.778527 -43.141905
5
36.211278 86.339733 35.131096
43.358125 86.626061 24.819319
61.456318 75.595586 22.548357
51.588324 76.213335 39.117418
51.449945 76.265085 39.198724
5
-46.419996 17.134928 86.899817
-56.057055 29.017105 77.560391
-55.500513 50.161001 66.359378
-44.870965 49.721140 74.259038
-30.578584 38.583496 87.041737
6
77.574750 -28.719590 56.190242
72.323239 -41.261844 55.378780
45.066816 -48.334632 75.051618
34.694236 -35.471782 86.822017
37.688694 -31.239759 87.198852
73.167141 -23.142794 64.116929
5
64.763981 2.324788 76.159189
61.807478 6.857410 78.312270
60.368094 27.711245 74.751456
64.217180 40.810679 64.889462
77.817138 14.693408 61.062237
5
-31.386344 75.477751 -57.602139
-37.061620 72.104567 -58.543725
-50.192734 52.778912 -68.520623
-39.514535 50.611770 -76.661922
-18.476473 65.395158 -73.362751
6
26.748063 84.407493 46.474898
12.930681 88.141174 45.430507
4.129334 94.650701 32.003022
3.286808 98.479276 17.059573
18.274964 97.368635 13.615235
32.438163 87.299731 36.421457
5
-82.597520 34.848443 44.308415
-80.186782 40.983656 43.478960
-59.174391 53.025215 60.718350
-58.136478 51.336818 63.124330
-71.657411 33.310427 61.283203
8
-99.708588 -7.410553 1.811401
-99.260102 -11.951008 -2.146067
-97.723815 -12.919380 -16.826933
-94.694883 18.181085 -26.501459
-94.214355 27.517021 -19.143378
-94.323981 27.437894 -18.712259
-95.248693 25.890128 -16.043312
-99.870362 -3.683304 3.513405
7
12.920163 68.050943 -72.125852
19.831461 69.230215 -69.382206
27.184219 89.398129 -35.622925
24.117430 91.315874 -32.859712
14.078303 91.717174 -37.279502
3.737875 86.608771 -49.849263
2.975727 80.743614 -58.920402
6
-4.648519 16.176028 98.573462
8.053910 37.950365 92.167805
17.602950 37.814239 90.885750
36.400332 20.047934 90.956562
36.629802 16.039058 91.657003
28.294014 8.625225 95.525150
6
86.587638 -46.742176 -17.825541
75.713739 -62.744399 -18.181587
70.472880 -70.947211 -0.257672
71.994986 -69.084841 6.633754
77.647389 -62.040006 11.041768
84.838622 -52.192370 8.852383
5
93.818272 -0.489717 34.610577
98.749106 1.656241 -15.680274
94.682021 -22.612785 -22.890541
92.982300 -31.986353 18.197945
91.477699 -13.395038 38.110413
6
15.934053 -95.035338 -26.728084
7.715665 -89.552771 -43.826588
-16.684675 -91.443746 -36.873608
-17.504479 -93.461574 -30.960095
-14.819818 -94.778838 -28.237297
10.037463 -97.308523 -20.743691
6
-50.825723 -57.727637 -63.908261
-48.680521 -52.878680 -69.527348
-63.975560 -29.805215 -70.843326
-64.181586 -29.978985 -70.583175
-68.544756 -47.271173 -55.380977
-59.151628 -57.125571 -56.901266
6
69.266758 -31.962527 -64.656887
63.873502 -22.401296 -73.609495
45.372429 -37.759511 -80.719031
37.545832 -53.706180 -75.537783
52.882392 -56.500841 -63.333306
68.856968 -37.482463 -62.078844
7
82.982581 14.400397 -53.912150
82.547860 15.515772 -54.268884
67.662133 23.205899 -69.880770
64.162941 22.295145 -73.389669
65.825099 -15.407223 -73.686321
65.836337 -15.508176 -73.655096
81.617625 0.822356 -57.774449
7
-83.159415 -28.703017 -47.546279
-84.113350 -21.433531 -49.654285
-88.292346 -12.034820 -45.383088
-93.621554 -7.951379 -34.231276
-97.268830 -13.898350 -18.590603
-84.799780 -41.724145 -32.681692
-83.565733 -39.751992 -37.901812
5
-31.217417 20.531932 -92.757278
-24.470573 32.361753 -91.399716
-29.372672 35.431188 -88.779936
-65.479820 30.123552 -69.317853
-50.391547 6.600644 -86.122723
6
-50.804046 2.389578 -86.100167
-74.236812 -7.272117 -66.603394
-74.242115 -7.387888 -66.584739
-63.655385 -28.596072 -71.625810
-47.734539 -22.064109 -85.056386
-48.148235 -4.900385 -87.508478
5
51.588324 76.213335 39.117418
61.456318 75.595586 22.548357
61.857521 75.394624 22.120076
74.319677 58.354343 32.731579
66.783350 50.284406 54.876795
6
60.400821 62.607747 -49.315422
47.532299 76.209059 -43.964301
31.273639 66.818449 -67.507439
40.103136 60.308990 -68.953348
55.290806 53.238216 -64.098510
60.087553 53.583182 -59.315501
8
50.477425 53.434683 67.799442
50.199072 53.855553 67.672982
41.032365 72.652257 55.118006
51.449945 76.265085 39.198724
51.588324 76.213335 39.117418
66.783350 50.284406 54.876795
66.243791 48.848212 56.794475
62.782265 47.352120 61.775108
6
-19.086673 88.172995 43.141880
-28.630929 77.675092 56.096791
-30.839351 77.885454 54.614930
-40.091345 86.663010 29.701966
-33.615054 92.413931 18.157463
-24.785136 94.965063 19.165956
6
33.561072 23.659818 -91.180412
39.487750 30.472105 -86.672766
38.002704 42.045212 -82.389287
15.939495 45.705545 -87.503918
16.919719 37.051326 -91.328650
30.623075 23.940495 -92.136204
6
90.247924 -20.750055 -37.745827
81.617625 0.822356 -57.774449
65.836337 -15.508176 -73.655096
63.872295 -20.299201 -74.217736
63.873502 -22.401296 -73.609495
69.266758 -31.962527 -64.656887
4
-68.544756 -47.271173 -55.380977
-64.181586 -29.978985 -70.583175
-83.159415 -28.703017 -47.546279
-83.565733 -39.751992 -37.901812
5
-27.608461 73.959159 61.382536
-29.438367 62.063862 72.673651
-44.870965 49.721140 74.259038
-55.500513 50.161001 66.359378
-56.432687 50.932641 64.970901
5
34.009669 -55.679651 -75.783368
25.073302 -54.139674 -80.251014
5.422313 -64.454658 -76.263986
14.832762 -76.581120 -62.572527
29.758781 -73.622253 -60.779757
6
-91.272413 -19.572350 35.864604
-77.711669 -21.055022 59.309211
-71.386790 -35.225812 60.523287
-78.572393 -38.030719 48.785689
-90.963070 -23.541226 34.227629
-91.338925 -20.586075 35.119998
6
45.416959 50.746627 73.226223
29.476894 49.603083 81.674028
9.848065 69.454866 71.267364
15.927408 70.864376 68.735420
50.199072 53.855553 67.672982
50.477425 53.434683 67.799442
9
-75.887176 -62.718972 17.534739
-63.630388 -76.206365 11.990150
-61.578655 -78.110712 10.333732
-57.904784 -81.303442 -6.065169
-57.975995 -81.142571 -7.393725
-81.441675 -51.179163 -27.348617
-83.174612 -48.342852 -27.293819
-87.524125 -47.772681 -7.569572
-81.204893 -57.050148 12.290076
5
45.841413 80.384387 -37.906665
27.184219 89.398129 -35.622925
19.831461 69.230215 -69.382206
31.273639 66.818449 -67.507439
47.532299 76.209059 -43.964301
6
16.651003 -92.415696 34.381437
39.719264 -85.506619 33.331639
39.904779 -85.548461 33.001052
24.410655 -96.838556 5.139446
19.518262 -97.888634 6.070644
13.976920 -94.353396 30.034687
6
-30.270609 81.255152 -49.812553
-32.368744 92.029482 -21.973596
-38.092614 90.584163 -18.532732
-42.938576 88.358323 -18.683827
-55.520514 77.052976 -31.309925
-55.410884 76.177248 -33.565768
6
7.077207 98.309219 -16.888182
21.487366 95.489846 -20.493474
23.223712 96.824018 9.261141
18.274964 97.368635 13.615235
3.286808 98.479276 17.059573
-2.235826 98.924037 14.458078
5
-59.928869 66.968751 -43.860198
-64.648787 61.089168 -45.701727
-63.480900 44.038376 -63.488557
-50.192734 52.778912 -68.520623
-37.061620 72.104567 -58.543725
7
-11.479352 96.543416 -23.400712
-8.448634 95.045348 -29.916590
14.078303 91.717174 -37.279502
24.117430 91.315874 -32.859712
23.754064 94.049481 -24.298962
21.487366 95.489846 -20.493474
7.077207 98.309219 -16.888182
6
-26.478360 75.495051 59.994948
-28.630929 77.675092 56.096791
-19.086673 88.172995 43.141880
-8.224513 89.111860 44.625484
0.017461 80.194277 59.740084
-2.112229 74.032153 67.192104
5
51.612396 80.084101 -30.375933
45.841413 80.384387 -37.906665
47.532299 76.209059 -43.964301
60.400821 62.607747 -49.315422
75.287656 60.724015 -25.384302
8
98.196726 7.442854 -17.378344
98.245045 6.439707 -17.505467
98.749106 1.656241 -15.680274
93.818272 -0.489717 34.610577
93.141780 4.860036 36.069223
92.294870 18.930096 33.515795
91.846283 32.763878 22.153748
92.910659 34.999161 11.944376
7
-99.260102 -11.951008 -2.146067
-96.613995 -25.588275 3.313015
-87.524125 -47.772681 -7.569572
-83.174612 -48.342852 -27.293819
-84.799780 -41.724145 -32.681692
-97.268830 -13.898350 -18.590603
-97.723815 -12.919380 -16.826933
8
92.982300 -31.986353 18.197945
88.333103 -44.243858 15.483668
75.860432 -53.396772 37.336036
71.917114 -48.207861 50.039293
71.762029 -44.842237 53.285879
72.323239 -41.261844 55.378780
77.574750 -28.719590 56.190242
91.477699 -13.395038 38.110413
7
-10.648570 -78.660618 -60.820352
-11.877195 -75.358066 -64.653647
-26.675315 -68.663917 -67.629092
-38.240040 -72.001025 -57.909858
-37.823042 -76.998701 -51.386939
-36.199497 -79.397936 -48.842237
-21.123181 -87.046374 -44.460544
5
74.337316 -61.088507 27.242572
77.647389 -62.040006 11.041768
71.994986 -69.084841 6.633754
66.223356 -73.741356 13.292086
63.742957 -71.565088 28.552996
6
-80.533294 36.175864 -46.964832
-76.556593 56.852699 -30.114095
-77.140640 56.958108 -28.374206
-78.122311 56.112312 -27.355310
-89.942393 38.075176 -21.462686
-91.499316 33.798491 -22.034909
5
5.258862 -99.860126 0.547429
7.591169 -99.711407 0.096918
10.037463 -97.308523 -20.743691
-14.819818 -94.778838 -28.237297
-7.307873 -99.667657 -3.599047
7
-80.186782 40.983656 43.478960
-82.597520 34.848443 44.308415
-86.756241 28.197497 40.966520
-94.715570 17.517400 26.871948
-94.655983 22.315218 23.286820
-93.012002 30.619825 20.277913
-75.890802 58.433374 28.742424
6
19.518262 -97.888634 6.070644
7.591169 -99.711407 0.096918
5.258862 -99.860126 0.547429
-10.849216 -95.612919 27.211471
-10.827121 -95.601064 27.261879
13.976920 -94.353396 30.034687
7
7.456135 -14.912473 98.600326
-14.966254 -11.834932 98.162853
-16.730901 -9.939072 98.088184
-5.348658 15.627056 98.626502
-4.648519 16.176028 98.573462
28.294014 8.625225 95.525150
25.340425 -3.589013 96.669446
7
-74.174351 61.008163 27.859822
-78.895508 59.953696 13.455595
-75.109623 65.999793 -1.603698
-67.782056 73.265903 -6.140052
-60.811579 79.378065 -1.036684
-57.775260 81.170695 8.563742
-67.835561 66.367701 31.522451
6
19.646149 -44.807705 -87.214095
-0.464905 -36.971656 -92.913296
-4.972329 -42.338775 -90.458300
3.588158 -64.070542 -76.694790
5.422313 -64.454658 -76.263986
25.073302 -54.139674 -80.251014
4
2.975727 80.743614 -58.920402
3.737875 86.608771 -49.849263
-10.260175 90.785611 -40.653433
-24.591737 82.065063 -51.580731
6
90.247924 -20.750055 -37.745827
69.266758 -31.962527 -64.656887
68.856968 -37.482463 -62.078844
73.401017 -50.082394 -45.869865
89.312008 -38.623912 -23.055556
94.618820 -22.754179 -23.011437
5
68.856968 -37.482463 -62.078844
52.882392 -56.500841 -63.333306
53.170570 -68.563904 -49.718020
66.640814 -61.254630 -42.507319
73.401017 -50.082394 -45.869865
6
63.873502 -22.401296 -73.609495
63.872295 -20.299201 -74.217736
35.911075 -7.376145 -93.037558
24.865633 -10.902162 -96.243666
30.786071 -29.610274 -90.418192
45.372429 -37.759511 -80.719031
6
-63.655385 -28.596072 -71.625810
-63.975560 -29.805215 -70.843326
-48.680521 -52.878680 -69.527348
-31.893680 -45.818163 -82.966795
-37.954260 -30.948956 -87.187363
-47.734539 -22.064109 -85.056386
6
45.841413 80.384387 -37.906665
51.612396 80.084101 -30.375933
51.554470 85.468527 -6.104716
23.754064 94.049481 -24.298962
24.117430 91.315874 -32.859712
27.184219 89.398129 -35.622925
6
-50.391547 6.600644 -86.122723
-50.804046 2.389578 -86.100167
-48.148235 -4.900385 -87.508478
-23.162646 -6.400658 -97.069683
-22.112497 3.684733 -97.454914
-31.217417 20.531932 -92.757278
7
-17.039230 -59.197833 78.773607
-11.312232 -60.182261 79.057756
-11.277805 -72.897120 67.519042
-20.114676 -80.804297 55.372063
-44.851797 -73.064485 51.477153
-46.752268 -71.056725 52.584859
-47.750987 -65.853812 58.164583
5
-61.578655 -78.110712 10.333732
-44.947899 -85.828562 24.761750
-27.877585 -94.225088 18.559984
-32.899478 -94.412368 -1.982225
-57.904784 -81.303442 -6.065169
6
-71.657411 33.310427 61.283203
-58.136478 51.336818 63.124330
-56.432687 50.932641 64.970901
-55.500513 50.161001 66.359378
-56.057055 29.017105 77.560391
-72.660381 21.187066 65.357305
5
-8.709042 98.757884 13.077955
-17.310133 96.583449 -19.287215
-11.479352 96.543416 -23.400712
7.077207 98.309219 -16.888182
-2.235826 98.924037 14.458078
7
-59.151628 -57.125571 -56.901266
-68.544756 -47.271173 -55.380977
-83.565733 -39.751992 -37.901812
-84.799780 -41.724145 -32.681692
-83.174612 -48.342852 -27.293819
-81.441675 -51.179163 -27.348617
-61.741083 -65.778527 -43.141905
7
83.409961 43.209721 -34.288459
81.000558 39.319904 -43.506950
82.547860 15.515772 -54.268884
82.982581 14.400397 -53.912150
98.245045 6.439707 -17.505467
98.196726 7.442854 -17.378344
96.204928 18.855883 -19.724794
4
67.662133 23.205899 -69.880770
82.547860 15.515772 -54.268884
81.000558 39.319904 -43.506950
68.006852 46.062123 -57.038136
6
39.904779 -85.548461 33.001052
47.613796 -84.012016 25.978985
50.978698 -84.734124 14.876172
44.442590 -89.502248 -3.768785
40.289411 -91.369432 -5.328261
24.410655 -96.838556 5.139446
5
-47.734539 -22.064109 -85.056386
-37.954260 -30.948956 -87.187363
-16.321048 -15.758748 -97.392429
-23.162646 -6.400658 -97.069683
-48.148235 -4.900385 -87.508478
5
-95.248693 25.890128 -16.043312
-94.655983 22.315218 23.286820
-94.715570 17.517400 26.871948
-94.733660 17.412449 26.876388
-99.870362 -3.683304 3.513405
6
25.340425 -3.589013 96.669446
41.107658 -18.744784 89.212070
37.688694 -31.239759 87.198852
34.694236 -35.471782 86.822017
30.481910 -36.428398 87.999006
7.456135 -14.912473 98.600326
6
-61.741083 -65.778527 -43.141905
-81.441675 -51.179163 -27.348617
-57.975995 -81.142571 -7.393725
-53.118961 -82.686616 -18.474292
-53.024967 -82.196842 -20.785381
-60.473684 -67.506646 -42.258565
5
65.100545 -6.625027 75.617644
45.362337 -13.999306 88.012941
41.676470 11.899406 90.119232
61.807478 6.857410 78.312270
64.763981 2.324788 76.159189
5
12.060046 -86.994763 47.817011
16.651003 -92.415696 34.381437
13.976920 -94.353396 30.034687
-10.827121 -95.601064 27.261879
-13.782215 -90.447225 40.365208
5
-41.141225 -0.484533 91.143649
-60.913013 -19.251922 76.934832
-70.846245 -7.662727 70.157624
-66.777336 4.855258 74.277950
-46.590196 6.970267 88.208667
6
13.466837 -82.953525 54.197390
29.994466 -74.516955 59.561358
40.243745 -83.169208 38.253416
39.719264 -85.506619 33.331639
16.651003 -92.415696 34.381437
12.060046 -86.994763 47.817011
6
-74.174351 61.008163 27.859822
-75.890802 58.433374 28.742424
-93.012002 30.619825 20.277913
-90.316474 42.452409 6.381813
-88.258302 46.748804 5.002152
-78.895508 59.953696 13.455595
7
78.183733 58.345483 -21.979727
59.690389 80.216892 1.519141
52.804943 84.890589 -2.286009
51.554470 85.468527 -6.104716
51.612396 80.084101 -30.375933
75.287656 60.724015 -25.384302
78.152638 58.302479 -22.203292
7
53.170570 -68.563904 -49.718020
52.882392 -56.500841 -63.333306
37.545832 -53.706180 -75.537783
34.009669 -55.679651 -75.783368
29.758781 -73.622253 -60.779757
35.172702 -76.143104 -54.452812
52.351936 -69.396539 -49.430710
6
75.860432 -53.396772 37.336036
74.337316 -61.088507 27.242572
63.742957 -71.565088 28.552996
61.695214 -72.407198 30.836639
60.510299 -68.096421 41.247803
71.917114 -48.207861 50.039293
6
-55.410884 76.177248 -33.565768
-59.928869 66.968751 -43.860198
-37.061620 72.104567 -58.543725
-31.386344 75.477751 -57.602139
-29.060831 80.289200 -52.049135
-30.270609 81.255152 -49.812553
7
-55.520514 77.052976 -31.309925
-68.032257 70.927307 -18.464267
-77.140640 56.958108 -28.374206
-76.556593 56.852699 -30.114095
-64.648787 61.089168 -45.701727
-59.928869 66.968751 -43.860198
-55.410884 76.177248 -33.565768
6
-68.032257 70.927307 -18.464267
-67.782056 73.265903 -6.140052
-75.109623 65.999793 -1.603698
-81.398941 57.502453 -8.226812
-78.122311 56.112312 -27.355310
-77.140640 56.958108 -28.374206
6
41.107658 -18.744784 89.212070
25.340425 -3.589013 96.669446
28.294014 8.625225 95.525150
36.629802 16.039058 91.657003
41.676470 11.899406 90.119232
45.362337 -13.999306 88.012941
4
41.032365 72.652257 55.118006
50.199072 53.855553 67.672982
15.927408 70.864376 68.735420
29.654892 79.234645 53.314711
4
-16.938750 64.924195 -74.148012
-18.848321 37.298948 -90.848937
12.664122 50.514081 -85.369477
12.761874 67.901179 -72.294982
6
37.545832 -53.706180 -75.537783
45.372429 -37.759511 -80.719031
30.786071 -29.610274 -90.418192
19.646149 -44.807705 -87.214095
25.073302 -54.139674 -80.251014
34.009669 -55.679651 -75.783368
6
8.053910 37.950365 92.167805
-4.648519 16.176028 98.573462
-5.348658 15.627056 98.626502
-30.426141 38.618968 87.079419
-16.323787 51.337555 84.249567
-4.160783 54.429888 83.785889
7
2.444184 69.550277 71.810758
-4.160783 54.429888 83.785889
-16.323787 51.337555 84.249567
-29.438367 62.063862 72.673651
-27.608461 73.959159 61.382536
-26.478360 75.495051 59.994948
-2.112229 74.032153 67.192104
7
-91.338925 -20.586075 35.119998
-90.963070 -23.541226 34.227629
-90.931840 -29.308233 29.536890
-92.866083 -32.970086 16.996001
-96.613995 -25.588275 3.313015
-99.260102 -11.951008 -2.146067
-99.708588 -7.410553 1.811401
5
-27.877585 -94.225088 18.559984
-21.150733 -95.775263 19.487057
-15.717784 -98.756056 -0.438951
-27.174204 -96.117055 -4.803589
-32.899478 -94.412368 -1.982225
8
60.087553 53.583182 -59.315501
55.290806 53.238216 -64.098510
53.781895 38.701371 -74.898008
57.694714 26.743391 -77.175845
59.576431 23.967345 -76.656476
64.162941 22.295145 -73.389669
67.662133 23.205899 -69.880770
68.006852 46.062123 -57.038136
6
-74.650931 15.889535 64.612392
-85.748197 2.005438 51.412303
-91.977955 3.054319 39.124506
-94.733660 17.412449 26.876388
-94.715570 17.517400 26.871948
-86.756241 28.197497 40.966520
7
78.152638 58.302479 -22.203292
75.287656 60.724015 -25.384302
60.400821 62.607747 -49.315422
60.087553 53.583182 -59.315501
68.006852 46.062123 -57.038136
81.000558 39.319904 -43.506950
83.409961 43.209721 -34.288459
8
-71.386790 -35.225812 60.523287
-77.711669 -21.055022 59.309211
-77.589124 -13.598826 61.603569
-70.846245 -7.662727 70.157624
-60.913013 -19.251922 76.934832
-58.701539 -42.178830 69.101923
-59.805636 -42.924673 67.681299
-60.586100 -42.790882 67.069105
4
-87.524125 -47.772681 -7.569572
-96.613995 -25.588275 3.313015
-92.866083 -32.970086 16.996001
-81.204893 -57.050148 12.290076
6
-71.386790 -35.225812 60.523287
-60.586100 -42.790882 67.069105
-68.817473 -57.937123 43.674308
-76.907044 -56.333023 30.197634
-79.701813 -50.344463 33.362495
-78.572393 -38.030719 48.785689
4
-60.025129 66.576901 44.322682
-61.816931 67.892643 39.613837
-40.091345 86.663010 29.701966
-30.839351 77.885454 54.614930
5
71.762029 -44.842237 53.285879
47.007419 -66.803168 57.685694
34.887117 -68.578331 63.874107
45.066816 -48.334632 75.051618
72.323239 -41.261844 55.378780
6
-82.522531 13.538634 -54.833723
-88.292346 -12.034820 -45.383088
-84.113350 -21.433531 -49.654285
-74.242115 -7.387888 -66.584739
-74.236812 -7.272117 -66.603394
-80.727863 14.725527 -57.150424
6
52.351936 -69.396539 -49.430710
51.564694 -78.896180 -33.413697
59.785857 -76.532693 -23.841105
69.637999 -67.061714 -25.559257
66.640814 -61.254630 -42.507319
53.170570 -68.563904 -49.718020
5
71.762029 -44.842237 53.285879
71.917114 -48.207861 50.039293
60.510299 -68.096421 41.247803
53.858804 -71.568791 44.465013
47.007419 -66.803168 57.685694
7
-63.630388 -76.206365 11.990150
-56.848638 -68.733251 45.210314
-46.752268 -71.056725 52.584859
-44.851797 -73.064485 51.477153
-43.944795 -85.417900 27.796354
-44.947899 -85.828562 24.761750
-61.578655 -78.110712 10.333732
6
-18.522814 -86.966279 45.757751
-20.114676 -80.804297 55.372063
-11.277805 -72.897120 67.519042
13.466837 -82.953525 54.197390
12.060046 -86.994763 47.817011
-13.782215 -90.447225 40.365208
6
24.865633 -10.902162 -96.243666
13.047670 -7.746652 -98.842034
0.581847 -19.665058 -98.045637
-0.464905 -36.971656 -92.913296
19.646149 -44.807705 -87.214095
30.786071 -29.610274 -90.418192
6
29.758781 -73.622253 -60.779757
14.832762 -76.581120 -62.572527
8.279350 -81.922487 -56.746441
8.603786 -88.741081 -45.287916
31.339001 -84.069852 -44.160243
35.172702 -76.143104 -54.452812
4
-11.877195 -75.358066 -64.653647
-3.849994 -66.725504 -74.383363
-25.482636 -55.416528 -79.244203
-26.675315 -68.663917 -67.629092
8
-13.782215 -90.447225 40.365208
-10.827121 -95.601064 27.261879
-10.849216 -95.612919 27.211471
-21.150733 -95.775263 19.487057
-27.877585 -94.225088 18.559984
-44.947899 -85.828562 24.761750
-43.944795 -85.417900 27.796354
-18.522814 -86.966279 45.757751
5
85.757434 51.208073 -4.836931
80.783600 58.381083 8.103026
62.324581 77.664630 9.157060
59.690389 80.216892 1.519141
78.183733 58.345483 -21.979727
7
61.695214 -72.407198 30.836639
47.613796 -84.012016 25.978985
39.904779 -85.548461 33.001052
39.719264 -85.506619 33.331639
40.243745 -83.169208 38.253416
53.858804 -71.568791 44.465013
60.510299 -68.096421 41.247803
8
-46.590196 6.970267 88.208667
-46.419996 17.134928 86.899817
-30.578584 38.583496 87.041737
-30.426141 38.618968 87.079419
-5.348658 15.627056 98.626502
-16.730901 -9.939072 98.088184
-27.999472 -9.240249 95.554421
-41.141225 -0.484533 91.143649
6
33.666087 -90.758981 -25.087883
35.149116 -89.185616 -28.468676
31.339001 -84.069852 -44.160243
8.603786 -88.741081 -45.287916
7.715665 -89.552771 -43.826588
15.934053 -95.035338 -26.728084
6
-31.217417 20.531932 -92.757278
-22.112497 3.684733 -97.454914
3.216790 10.786586 -99.364490
1.067855 17.605556 -98.432231
-21.580699 33.367543 -91.765356
-24.470573 32.361753 -91.399716
4
-8.448634 95.045348 -29.916590
-10.260175 90.785611 -40.653433
3.737875 86.608771 -49.849263
14.078303 91.717174 -37.279502
8
-16.938750 64.924195 -74.148012
12.761874 67.901179 -72.294982
12.920163 68.050943 -72.125852
2.975727 80.743614 -58.920402
-24.591737 82.065063 -51.580731
-29.060831 80.289200 -52.049135
-31.386344 75.477751 -57.602139
-18.476473 65.395158 -73.362751
7
-2.235826 98.924037 14.458078
3.286808 98.479276 17.059573
4.129334 94.650701 32.003022
-8.224513 89.111860 44.625484
-19.086673 88.172995 43.141880
-24.785136 94.965063 19.165956
-8.709042 98.757884 13.077955
7
-94.214355 27.517021 -19.143378
-91.499316 33.798491 -22.034909
-89.942393 38.075176 -21.462686
-86.032617 50.632684 -5.892384
-88.258302 46.748804 5.002152
-90.316474 42.452409 6.381813
-94.323981 27.437894 -18.712259
6
64.217180 40.810679 64.889462
60.368094 27.711245 74.751456
39.589076 23.545464 88.759879
45.416959 50.746627 73.226223
50.477425 53.434683 67.799442
62.782265 47.352120 61.775108
5
79.166336 54.579649 27.454567
74.319677 58.354343 32.731579
61.857521 75.394624 22.120076
62.324581 77.664630 9.157060
80.783600 58.381083 8.103026
6
30.481910 -36.428398 87.999006
34.694236 -35.471782 86.822017
45.066816 -48.334632 75.051618
34.887117 -68.578331 63.874107
32.073227 -70.363477 63.405751
6.113563 -55.279459 83.107195
7
-11.312232 -60.182261 79.057756
-5.977970 -55.791204 82.774425
6.113563 -55.279459 83.107195
32.073227 -70.363477 63.405751
29.994466 -74.516955 59.561358
13.466837 -82.953525 54.197390
-11.277805 -72.897120 67.519042
7
-38.092614 90.584163 -18.532732
-32.368744 92.029482 -21.973596
-17.310133 96.583449 -19.287215
-8.709042 98.757884 13.077955
-24.785136 94.965063 19.165956
-33.615054 92.413931 18.157463
-34.886036 92.187993 16.862340
5
-3.849994 -66.725504 -74.383363
3.588158 -64.070542 -76.694790
-4.972329 -42.338775 -90.458300
-28.398223 -47.774583 -83.133207
-25.482636 -55.416528 -79.244203
4
4.129334 94.650701 32.003022
12.930681 88.141174 45.430507
0.017461 80.194277 59.740084
-8.224513 89.111860 44.625484
6
-60.586100 -42.790882 67.069105
-59.805636 -42.924673 67.681299
-47.750987 -65.853812 58.164583
-46.752268 -71.056725 52.584859
-56.848638 -68.733251 45.210314
-68.817473 -57.937123 43.674308
5
-38.092614 90.584163 -18.532732
-34.886036 92.187993 16.862340
-57.775260 81.170695 8.563742
-60.811579 79.378065 -1.036684
-42.938576 88.358323 -18.683827
7
13.047670 -7.746652 -98.842034
24.865633 -10.902162 -96.243666
35.911075 -7.376145 -93.037558
44.056909 10.493462 -89.156469
33.561072 23.659818 -91.180412
30.623075 23.940495 -92.136204
11.391635 -0.869208 -99.345232
6
2.444184 69.550277 71.810758
9.848065 69.454866 71.267364
29.476894 49.603083 81.674028
17.602950 37.814239 90.885750
8.053910 37.950365 92.167805
-4.160783 54.429888 83.785889
7
94.682021 -22.612785 -22.890541
94.618820 -22.754179 -23.011437
89.312008 -38.623912 -23.055556
86.587638 -46.742176 -17.825541
84.838622 -52.192370 8.852383
88.333103 -44.243858 15.483668
92.982300 -31.986353 18.197945
8
29.654892 79.234645 53.314711
15.927408 70.864376 68.735420
9.848065 69.454866 71.267364
2.444184 69.550277 71.810758
-2.112229 74.032153 67.192104
0.017461 80.194277 59.740084
12.930681 88.141174 45.430507
26.748063 84.407493 46.474898
6
78.152638 58.302479 -22.203292
83.409961 43.209721 -34.288459
96.204928 18.855883 -19.724794
87.822387 47.727584 -3.050574
85.757434 51.208073 -4.836931
78.183733 58.345483 -21.979727
5
-94.323981 27.437894 -18.712259
-90.316474 42.452409 6.381813
-93.012002 30.619825 20.277913
-94.655983 22.315218 23.286820
-95.248693 25.890128 -16.043312
5
35.172702 -76.143104 -54.452812
31.339001 -84.069852 -44.160243
35.149116 -89.185616 -28.468676
51.564694 -78.896180 -33.413697
52.351936 -69.396539 -49.430710
6
-66.777336 4.855258 74.277950
-74.458567 15.967582 64.814799
-72.660381 21.187066 65.357305
-56.057055 29.017105 77.560391
-46.419996 17.134928 86.899817
-46.590196 6.970267 88.208667
4
-89.942393 38.075176 -21.462686
-78.122311 56.112312 -27.355310
-81.398941 57.502453 -8.226812
-86.032617 50.632684 -5.892384
8
-24.591737 82.065063 -51.580731
-10.260175 90.785611 -40.653433
-8.448634 95.045348 -29.916590
-11.479352 96.543416 -23.400712
-17.310133 96.583449 -19.287215
-32.368744 92.029482 -21.973596
-30.270609 81.255152 -49.812553
-29.060831 80.289200 -52.049135
4
96.204928 18.855883 -19.724794
98.196726 7.442854 -17.378344
92.910659 34.999161 11.944376
87.822387 47.727584 -3.050574
6
-76.907044 -56.333023 30.197634
-75.887176 -62.718972 17.534739
-81.204893 -57.050148 12.290076
-92.866083 -32.970086 16.996001
-90.931840 -29.308233 29.536890
-79.701813 -50.344463 33.362495
6
77.817138 14.693408 61.062237
64.217180 40.810679 64.889462
62.782265 47.352120 61.775108
66.243791 48.848212 56.794475
92.294870 18.930096 33.515795
93.141780 4.860036 36.069223
5
63.742957 -71.565088 28.552996
66.223356 -73.741356 13.292086
50.978698 -84.734124 14.876172
47.613796 -84.012016 25.978985
61.695214 -72.407198 30.836639
5
-68.817473 -57.937123 43.674308
-56.848638 -68.733251 45.210314
-63.630388 -76.206365 11.990150
-75.887176 -62.718972 17.534739
-76.907044 -56.333023 30.197634
5
88.333103 -44.243858 15.483668
84.838622 -52.192370 8.852383
77.647389 -62.040006 11.041768
74.337316 -61.088507 27.242572
75.860432 -53.396772 37.336036
6
-16.684675 -91.443746 -36.873608
7.715665 -89.552771 -43.826588
8.603786 -88.741081 -45.287916
8.279350 -81.922487 -56.746441
-10.648570 -78.660618 -60.820352
-21.123181 -87.046374 -44.460544
7
98.749106 1.656241 -15.680274
98.245045 6.439707 -17.505467
82.982581 14.400397 -53.912150
81.617625 0.822356 -57.774449
90.247924 -20.750055 -37.745827
94.618820 -22.754179 -23.011437
94.682021 -22.612785 -22.890541
5
-60.811579 79.378065 -1.036684
-67.782056 73.265903 -6.140052
-68.032257 70.927307 -18.464267
-55.520514 77.052976 -31.309925
-42.938576 88.358323 -18.683827
6
-21.580699 33.367543 -91.765356
1.067855 17.605556 -98.432231
16.919719 37.051326 -91.328650
15.939495 45.705545 -87.503918
12.664122 50.514081 -85.369477
-18.848321 37.298948 -90.848937
6
-74.458567 15.967582 64.814799
-74.650931 15.889535 64.612392
-86.756241 28.197497 40.966520
-82.597520 34.848443 44.308415
-71.657411 33.310427 61.283203
-72.660381 21.187066 65.357305
6
-34.886036 92.187993 16.862340
-33.615054 92.413931 18.157463
-40.091345 86.663010 29.701966
-61.816931 67.892643 39.613837
-67.835561 66.367701 31.522451
-57.775260 81.170695 8.563742
5
73.167141 -23.142794 64.116929
37.688694 -31.239759 87.198852
41.107658 -18.744784 89.212070
45.362337 -13.999306 88.012941
65.100545 -6.625027 75.617644
8
-94.694883 18.181085 -26.501459
-90.468193 12.207245 -40.822656
-82.522531 13.538634 -54.833723
-80.727863 14.725527 -57.150424
-73.136780 29.509468 -61.483353
-80.533294 36.175864 -46.964832
-91.499316 33.798491 -22.034909
-94.214355 27.517021 -19.143378
