200
7
66.611692 -65.728273 35.251618
85.121619 -43.167940 29.846925
91.256488 -34.719632 21.605565
88.817293 -42.002711 18.634933
72.136069 -66.667064 18.758736
71.365227 -67.373923 19.177040
64.971792 -69.144774 31.585860
5
46.086535 66.180900 -59.127994
33.268556 54.509909 -76.953707
33.268619 49.850619 -80.050702
51.436879 39.379698 -76.180620
62.078018 42.686378 -65.758595
5
-61.917150 -15.328836 -77.014890
-52.633458 -24.975026 -81.277101
-33.776757 -12.850083 -93.241654
-33.188694 -9.254320 -93.876878
-41.257392 -0.619645 -91.090305
8
-33.776757 -12.850083 -93.241654
-11.040197 -37.010166 -92.240781
-6.222159 -36.967780 -92.707432
-4.227119 -35.944497 -93.220838
-3.616640 -30.848195 -95.054241
-16.940119 1.848416 -98.537382
-17.755382 1.712680 -98.396205
-33.188694 -9.254320 -93.876878
7
29.159206 -3.997906 -95.570694
18.850318 -0.468520 -98.206140
14.704222 -3.437952 -98.853257
-3.616640 -30.848195 -95.054241
-4.227119 -35.944497 -93.220838
2.655790 -38.092705 -92.422360
36.766099 -18.000663 -91.237219
4
18.435577 9.079676 97.865668
15.069796 -15.562006 97.625433
-5.580054 -10.770005 99.261624
2.749303 7.743805 99.661802
5
-42.294006 41.656877 80.473112
-54.489487 39.861515 73.769610
-61.735161 45.725783 64.015019
-56.390454 55.249563 61.380799
-34.441611 55.456701 75.751764
7
33.268556 54.509909 -76.953707
8.372706 72.567369 -68.292567
4.192689 73.270584 -67.925275
-3.083865 62.608276 -77.914655
21.959737 46.834823 -85.581945
31.394347 48.029826 -81.899516
33.268619 49.850619 -80.050702
6
66.600990 61.347723 42.435422
81.290865 45.567768 36.268083
77.481314 31.490761 54.817679
61.491489 40.598622 67.605833
58.285113 49.028276 64.800260
59.734185 60.728374 52.382169
7
-99.248005 11.708259 3.570728
-98.110390 -2.931584 19.124779
-98.401523 -14.553042 10.263980
-98.412285 -17.711106 1.157095
-98.693801 -11.288211 -11.493907
-98.941801 -0.061382 -14.509177
-99.337469 10.680216 -4.242671
6
-88.330190 -30.590154 35.524922
-88.604507 -35.718032 29.554417
-98.401523 -14.553042 10.263980
-98.110390 -2.931584 19.124779
-97.579511 -2.318449 21.745432
-91.319710 -13.191837 38.557567
7
27.628879 17.779767 94.448531
36.993283 17.616049 91.220457
43.401999 6.937744 89.822793
40.763960 -8.371370 90.929751
18.398914 -21.946412 95.811455
15.069796 -15.562006 97.625433
18.435577 9.079676 97.865668
6
47.675265 15.628990 -86.503201
50.645844 15.568815 -84.809260
51.436879 39.379698 -76.180620
33.268619 49.850619 -80.050702
31.394347 48.029826 -81.899516
33.527004 25.789444 -90.613711
5
66.531858 -48.348726 56.885081
70.969625 -46.080658 53.290574
85.121619 -43.167940 29.846925
66.611692 -65.728273 35.251618
64.952123 -52.278768 55.210073
7
-17.066028 96.212819 -21.256627
-19.045202 94.840225 -25.349795
-15.569529 89.205229 -42.426605
-1.493570 84.793955 -52.988248
1.272022 86.424200 -50.291546
2.372990 96.268292 -26.958949
-2.278853 97.567996 -21.801216
5
-54.049010 77.491335 -32.768850
-41.409817 86.772961 -27.489640
-53.247624 84.537881 4.247028
-65.102655 75.823246 3.532649
-65.447178 75.217728 -7.678560
5
-12.363913 91.409688 38.618682
-34.852170 85.392682 38.644742
-39.433953 84.675844 35.706648
-40.946213 90.401073 12.290387
-25.663049 95.282615 16.205899
6
-38.428801 -60.709309 -69.552908
-35.742109 -76.563578 -53.483831
-23.665250 -82.458555 -51.386210
-22.363839 -82.186543 -52.394951
-19.494843 -67.458264 -71.199254
-30.843029 -60.087780 -73.743923
7
-98.693801 -11.288211 -11.493907
-96.225166 -19.232892 -19.256511
-90.432483 -20.157713 -37.624895
-89.804321 -15.752126 -41.073768
-92.121868 -2.377407 -38.831809
-96.893642 4.103994 -24.388101
-98.941801 -0.061382 -14.509177
7
49.403127 -24.912926 -83.298723
57.173821 -19.607556 -79.666166
51.849953 14.744760 -84.226922
50.645844 15.568815 -84.809260
47.675265 15.628990 -86.503201
29.159206 -3.997906 -95.570694
36.766099 -18.000663 -91.237219
4
46.018397 74.075587 -48.939908
8.372706 72.567369 -68.292567
33.268556 54.509909 -76.953707
46.086535 66.180900 -59.127994
6
-70.962769 22.498787 -66.768930
-71.469831 31.516177 -62.440322
-82.426604 32.019463 -46.696990
-86.996401 15.627001 -46.769895
-86.777354 14.289310 -47.597337
-73.498985 17.498131 -65.511179
6
-82.788001 33.465495 45.013414
-71.755355 37.636025 58.606302
-66.264783 24.185953 70.880309
-70.917676 1.583119 70.485296
-74.287511 1.874948 66.916741
-84.492517 29.648976 44.519129
4
41.041157 -69.761501 58.727816
56.314445 -76.313619 31.700393
49.432449 -82.389555 27.719924
30.396200 -82.744850 47.216108
5
-87.999352 -38.317567 28.069165
-75.442171 -56.057638 34.147036
-75.947155 -63.660346 13.393655
-83.638593 -54.625401 4.544382
-89.541626 -43.743882 8.292767
6
64.952123 -52.278768 55.210073
66.611692 -65.728273 35.251618
64.971792 -69.144774 31.585860
56.314445 -76.313619 31.700393
41.041157 -69.761501 58.727816
41.210141 -66.367976 62.426084
6
-42.178196 -56.339242 71.041464
-35.404930 -37.787633 85.548733
-24.102028 -29.556170 92.442009
-22.449374 -31.183250 92.323510
-7.671889 -55.365935 82.920175
-32.615395 -65.237018 68.413212
6
62.078018 42.686378 -65.758595
51.436879 39.379698 -76.180620
50.645844 15.568815 -84.809260
51.849953 14.744760 -84.226922
74.641552 16.887045 -64.369764
67.459504 39.796365 -62.172861
6
-2.278853 97.567996 -21.801216
6.801951 99.726385 2.895086
2.186753 99.700972 7.411766
-7.219336 99.577980 5.666320
-22.084722 96.984184 -10.311795
-17.066028 96.212819 -21.256627
3
82.326295 -56.713673 2.437297
72.136069 -66.667064 18.758736
88.817293 -42.002711 18.634933
7
-64.437358 -56.678774 51.335597
-58.200107 -50.686762 63.589305
-42.178196 -56.339242 71.041464
-32.615395 -65.237018 68.413212
-31.538485 -77.189653 55.200376
-44.992456 -76.454487 46.156152
-64.646960 -59.311537 47.988667
5
-19.375692 48.958751 85.015430
-3.192617 51.602927 85.597576
-3.993233 30.761690 95.067200
-12.513228 23.602500 96.365663
-25.684329 32.380834 91.059304
5
97.803284 -7.609754 -19.406423
94.591241 -29.056666 -14.429390
94.323903 -33.209386 0.371527
94.047809 -29.943400 16.074900
98.836269 -10.779437 10.732925
5
-47.340497 -72.797165 -49.592844
-35.742109 -76.563578 -53.483831
-38.428801 -60.709309 -69.552908
-52.182251 -51.188198 -68.240611
-54.148467 -51.970071 -66.083698
7
19.655922 26.041041 94.527821
12.746596 51.883480 84.531822
20.051753 53.070810 82.349355
33.533666 48.039940 81.041085
40.211529 22.642733 88.714935
36.993283 17.616049 91.220457
27.628879 17.779767 94.448531
6
-68.564915 -71.998232 10.728792
-65.445037 -75.592707 -1.640052
-74.959284 -65.264586 -11.029030
-80.855035 -58.510251 -6.246108
-83.638593 -54.625401 4.544382
-75.947155 -63.660346 13.393655
5
-68.564915 -71.998232 10.728792
-75.947155 -63.660346 13.393655
-75.442171 -56.057638 34.147036
-69.197513 -59.679459 40.621009
-60.939822 -76.240494 21.765230
7
56.411764 79.515999 22.246770
64.353541 71.889486 26.277815
66.600990 61.347723 42.435422
59.734185 60.728374 52.382169
33.875684 78.883797 51.281425
34.933030 87.538273 33.417573
41.060116 87.839998 24.458159
4
19.779242 -30.610138 93.122506
49.471588 -33.381820 80.238495
35.278465 -55.212135 75.545020
14.559745 -47.420325 86.829296
7
-73.498985 17.498131 -65.511179
-73.372512 -8.429236 -67.419749
-72.273589 -11.257435 -68.189431
-65.826397 -14.414730 -73.885730
-62.962435 -14.614177 -76.303064
-51.442908 20.180854 -83.344828
-70.962769 22.498787 -66.768930
7
89.698750 39.440027 19.965433
92.503231 31.785677 20.804399
93.106884 22.064880 29.055968
84.859917 17.098671 50.064258
81.984978 19.106195 53.976075
77.481314 31.490761 54.817679
81.290865 45.567768 36.268083
5
-91.919598 21.029298 33.294986
-97.579511 -2.318449 21.745432
-98.110390 -2.931584 19.124779
-99.248005 11.708259 3.570728
-95.865544 25.407108 12.817030
6
-82.236456 -7.767885 56.363332
-74.287511 1.874948 66.916741
-70.917676 1.583119 70.485296
-59.086213 -6.187903 80.439601
-63.475315 -28.664955 71.757959
-76.723801 -27.775973 57.809633
6
-34.441611 55.456701 75.751764
-32.859601 56.439133 75.728930
-19.375692 48.958751 85.015430
-25.684329 32.380834 91.059304
-37.486840 29.579907 87.862199
-42.294006 41.656877 80.473112
5
-69.531950 -58.087276 -42.322291
-58.705734 -72.041573 -36.927612
-47.340497 -72.797165 -49.592844
-54.148467 -51.970071 -66.083698
-59.663316 -50.807703 -62.119772
6
-76.723801 -27.775973 57.809633
-63.475315 -28.664955 71.757959
-60.838050 -34.273261 71.582647
-58.200107 -50.686762 63.589305
-64.437358 -56.678774 51.335597
-79.210085 -32.448415 51.699736
6
-6.222159 -36.967780 -92.707432
-11.040197 -37.010166 -92.240781
-25.588837 -40.616297 -87.724158
-30.843029 -60.087780 -73.743923
-19.494843 -67.458264 -71.199254
-8.732712 -62.871217 -77.271921
5
30.924257 94.975758 -4.826571
6.801951 99.726385 2.895086
-2.278853 97.567996 -21.801216
2.372990 96.268292 -26.958949
26.112604 94.168309 -21.224077
6
-85.063688 -50.384602 -15.018688
-91.540274 -38.768248 -10.835181
-92.638586 -37.645959 0.934946
-89.541626 -43.743882 8.292767
-83.638593 -54.625401 4.544382
-80.855035 -58.510251 -6.246108
4
-37.154574 -92.366730 9.376826
-21.567533 -96.946243 -11.673364
-35.134707 -90.129235 -25.343111
-47.146852 -85.964129 -19.681029
6
89.754168 -4.234813 43.889130
78.089846 -14.641751 60.725572
75.532179 -14.473409 63.917215
81.741132 18.656680 54.500603
81.984978 19.106195 53.976075
84.859917 17.098671 50.064258
5
6.846157 34.764531 -93.512339
19.246234 21.605680 -95.722396
33.527004 25.789444 -90.613711
31.394347 48.029826 -81.899516
21.959737 46.834823 -85.581945
6
-76.331719 53.906717 -35.602451
-81.201089 48.505246 -32.459579
-83.898971 41.692038 -34.967651
-82.426604 32.019463 -46.696990
-71.469831 31.516177 -62.440322
-62.857659 47.616374 -61.494680
5
-82.426604 32.019463 -46.696990
-83.898971 41.692038 -34.967651
-92.984018 24.532430 -27.425029
-93.471407 20.644779 -28.929036
-86.996401 15.627001 -46.769895
6
-88.566063 -7.673465 45.794874
-82.236456 -7.767885 56.363332
-76.723801 -27.775973 57.809633
-79.210085 -32.448415 51.699736
-88.330190 -30.590154 35.524922
-91.319710 -13.191837 38.557567
9
92.086264 -32.663910 21.288234
94.047809 -29.943400 16.074900
94.323903 -33.209386 0.371527
83.284371 -54.783650 -7.903493
82.258545 -56.378570 -7.415433
81.700320 -57.322819 -6.257170
82.326295 -56.713673 2.437297
88.817293 -42.002711 18.634933
91.256488 -34.719632 21.605565
6
-76.166927 54.185039 -35.532811
-76.331719 53.906717 -35.602451
-62.857659 47.616374 -61.494680
-53.387799 52.567174 -66.230168
-42.891299 68.563012 -58.817088
-55.382013 73.240103 -39.607069
6
5.871260 -74.422670 66.534160
5.894140 -74.434074 66.519379
7.215315 -77.519748 62.758489
4.161989 -86.801137 49.479698
-17.918122 -89.700455 40.407540
-27.404366 -79.492887 54.128381
7
49.168191 -82.706543 27.241820
49.432449 -82.389555 27.719924
56.314445 -76.313619 31.700393
64.971792 -69.144774 31.585860
71.365227 -67.373923 19.177040
65.023969 -75.770923 -5.536312
56.611843 -81.508140 -12.309441
6
49.471588 -33.381820 80.238495
19.779242 -30.610138 93.122506
18.182936 -27.179213 94.502229
18.398914 -21.946412 95.811455
40.763960 -8.371370 90.929751
49.532985 -33.338110 80.218787
5
-5.580054 -10.770005 99.261624
-23.279030 -17.169873 95.725035
-15.069528 14.122949 97.844017
-12.662222 16.811325 97.760153
2.749303 7.743805 99.661802
8
46.018397 74.075587 -48.939908
46.086535 66.180900 -59.127994
62.078018 42.686378 -65.758595
67.459504 39.796365 -62.172861
76.038612 52.716106 -37.936021
65.611355 68.759742 -31.100611
64.520460 69.736264 -31.208390
46.238857 74.385015 -48.258031
8
-34.441611 55.456701 75.751764
-56.390454 55.249563 61.380799
-55.458282 62.618924 54.801910
-53.182669 66.289271 52.700439
-51.416810 67.931819 52.360095
-29.004558 72.398060 62.587990
-25.849404 71.495864 64.962680
-32.859601 56.439133 75.728930
8
-42.891299 68.563012 -58.817088
-41.274731 69.310231 -59.097279
-31.325830 85.210871 -41.926124
-37.462451 87.851714 -29.641881
-40.545785 87.145688 -27.598338
-41.409817 86.772961 -27.489640
-54.049010 77.491335 -32.768850
-55.382013 73.240103 -39.607069
5
82.326295 -56.713673 2.437297
81.700320 -57.322819 -6.257170
65.023969 -75.770923 -5.536312
71.365227 -67.373923 19.177040
72.136069 -66.667064 18.758736
5
-0.757465 69.164866 72.219440
-23.191051 72.440179 64.919917
-8.870665 91.225739 39.989696
-6.145914 91.590264 39.666752
12.327629 78.076582 61.254200
7
-81.201089 48.505246 -32.459579
-76.331719 53.906717 -35.602451
-76.166927 54.185039 -35.532811
-65.447178 75.217728 -7.678560
-65.102655 75.823246 3.532649
-65.923665 75.067690 4.348821
-86.248531 48.809518 -13.372429
6
27.286000 -95.574616 -10.998502
29.053731 -94.734940 -13.460012
26.341193 -94.458219 -19.590465
9.237216 -92.445373 -36.993605
-8.158639 -95.217711 -29.445275
-7.607273 -99.193731 -10.135736
6
-95.308579 27.916273 -11.702838
-99.337469 10.680216 -4.242671
-98.941801 -0.061382 -14.509177
-96.893642 4.103994 -24.388101
-93.471407 20.644779 -28.929036
-92.984018 24.532430 -27.425029
6
-13.873604 51.027790 -84.874541
-47.646803 44.289800 -75.948639
-46.602138 22.932052 -85.453857
-45.209367 22.454485 -86.324442
-26.198327 28.779511 -92.116163
-13.798115 50.637976 -85.119959
6
-35.134707 -90.129235 -25.343111
-21.567533 -96.946243 -11.673364
-8.015442 -99.197214 -9.780870
-7.607273 -99.193731 -10.135736
-8.158639 -95.217711 -29.445275
-24.604220 -88.565238 -39.380591
5
88.519401 44.510201 13.533577
78.311216 61.314606 10.386168
77.233064 63.138213 6.972803
75.107625 64.275077 -15.085064
90.148712 43.018332 -4.757402
5
-15.678491 3.754407 -98.691891
-16.940119 1.848416 -98.537382
-3.616640 -30.848195 -95.054241
14.704222 -3.437952 -98.853257
-10.224267 5.056553 -99.347348
4
4.161989 -86.801137 49.479698
11.291740 -92.238235 36.940555
-17.754994 -94.720190 26.699173
-17.918122 -89.700455 40.407540
8
99.017798 13.712416 2.728613
92.503231 31.785677 20.804399
89.698750 39.440027 19.965433
88.519401 44.510201 13.533577
90.148712 43.018332 -4.757402
90.378519 42.380620 -5.967113
94.732210 29.638992 -12.138307
99.024244 13.724655 2.415167
6
-69.531950 -58.087276 -42.322291
-79.204227 -48.789453 -36.691683
-79.578404 -49.908538 -34.298914
-74.255000 -65.195660 -15.353203
-58.307638 -74.373138 -32.693359
-58.705734 -72.041573 -36.927612
7
69.247150 12.634530 71.029577
69.242877 12.637976 71.033130
58.351905 32.566859 74.393917
61.491489 40.598622 67.605833
77.481314 31.490761 54.817679
81.984978 19.106195 53.976075
81.741132 18.656680 54.500603
5
99.139194 -3.621469 12.581935
95.719021 3.808948 28.694268
93.106884 22.064880 29.055968
92.503231 31.785677 20.804399
99.017798 13.712416 2.728613
7
27.158284 76.608778 58.253950
29.383266 70.488401 64.560120
20.051753 53.070810 82.349355
12.746596 51.883480 84.531822
2.007381 55.666067 83.049740
-0.757465 69.164866 72.219440
12.327629 78.076582 61.254200
4
-58.200107 -50.686762 63.589305
-60.838050 -34.273261 71.582647
-35.404930 -37.787633 85.548733
-42.178196 -56.339242 71.041464
5
-8.732712 -62.871217 -77.271921
-19.494843 -67.458264 -71.199254
-22.363839 -82.186543 -52.394951
-0.273234 -82.936843 -55.869539
-2.115093 -67.495187 -73.755855
8
46.238857 74.385015 -48.258031
28.714598 87.385377 -39.233504
1.272022 86.424200 -50.291546
-1.493570 84.793955 -52.988248
-1.991368 82.534401 -56.427893
4.192689 73.270584 -67.925275
8.372706 72.567369 -68.292567
46.018397 74.075587 -48.939908
5
57.327591 80.570170 -14.899494
62.122885 78.362858 0.098214
56.411764 79.515999 22.246770
41.060116 87.839998 24.458159
32.229009 94.575180 -4.101990
6
75.107625 64.275077 -15.085064
65.611355 68.759742 -31.100611
76.038612 52.716106 -37.936021
81.351028 46.303657 -35.184962
90.378519 42.380620 -5.967113
90.148712 43.018332 -4.757402
7
41.210141 -66.367976 62.426084
41.041157 -69.761501 58.727816
30.396200 -82.744850 47.216108
29.832490 -82.965595 47.188268
7.215315 -77.519748 62.758489
5.894140 -74.434074 66.519379
35.655736 -63.756361 68.291983
6
-87.992261 6.079055 -47.121196
-86.777354 14.289310 -47.597337
-86.996401 15.627001 -46.769895
-93.471407 20.644779 -28.929036
-96.893642 4.103994 -24.388101
-92.121868 -2.377407 -38.831809
6
-12.363913 91.409688 38.618682
-8.870665 91.225739 39.989696
-23.191051 72.440179 64.919917
-25.849404 71.495864 64.962680
-29.004558 72.398060 62.587990
-34.852170 85.392682 38.644742
6
-91.446799 40.271044 -3.965598
-91.604470 39.846457 4.569577
-95.865544 25.407108 12.817030
-99.248005 11.708259 3.570728
-99.337469 10.680216 -4.242671
-95.308579 27.916273 -11.702838
6
-10.711191 -98.361589 14.500629
-8.015442 -99.197214 -9.780870
-21.567533 -96.946243 -11.673364
-37.154574 -92.366730 9.376826
-36.815910 -91.687804 15.425155
-19.254164 -95.653921 21.899876
5
-18.100418 20.400875 -96.209039
-15.678491 3.754407 -98.691891
-10.224267 5.056553 -99.347348
0.053356 14.104909 -99.000246
-1.863467 26.184014 -96.493134
6
47.675265 15.628990 -86.503201
33.527004 25.789444 -90.613711
19.246234 21.605680 -95.722396
16.714830 10.068456 -98.077728
18.850318 -0.468520 -98.206140
29.159206 -3.997906 -95.570694
5
-74.255000 -65.195660 -15.353203
-79.578404 -49.908538 -34.298914
-85.063688 -50.384602 -15.018688
-80.855035 -58.510251 -6.246108
-74.959284 -65.264586 -11.029030
4
-33.188694 -9.254320 -93.876878
-17.755382 1.712680 -98.396205
-40.489391 11.595741 -90.698115
-41.257392 -0.619645 -91.090305
8
-91.604470 39.846457 4.569577
-79.408641 55.450503 24.889945
-80.161769 49.761675 33.134068
-82.788001 33.465495 45.013414
-84.492517 29.648976 44.519129
-88.527381 23.990632 39.841590
-91.919598 21.029298 33.294986
-95.865544 25.407108 12.817030
7
-79.578404 -49.908538 -34.298914
-79.204227 -48.789453 -36.691683
-81.510258 -43.744344 -37.980392
-83.634870 -40.872637 -36.532671
-91.993748 -34.907505 -17.849831
-91.540274 -38.768248 -10.835181
-85.063688 -50.384602 -15.018688
8
62.901907 -30.827603 71.365321
69.727386 -18.396423 69.279602
72.747638 -15.513340 66.836498
75.532179 -14.473409 63.917215
78.089846 -14.641751 60.725572
85.216682 -29.065675 43.512110
70.969625 -46.080658 53.290574
66.531858 -48.348726 56.885081
6
64.520460 69.736264 -31.208390
65.611355 68.759742 -31.100611
75.107625 64.275077 -15.085064
77.233064 63.138213 6.972803
62.122885 78.362858 0.098214
57.327591 80.570170 -14.899494
9
-17.918122 -89.700455 40.407540
-17.754994 -94.720190 26.699173
-19.254164 -95.653921 21.899876
-36.815910 -91.687804 15.425155
-41.351862 -89.294413 17.791328
-46.722506 -85.127369 23.881761
-44.992456 -76.454487 46.156152
-31.538485 -77.189653 55.200376
-27.404366 -79.492887 54.128381
4
29.383266 70.488401 64.560120
41.843083 54.381204 72.745042
33.533666 48.039940 81.041085
20.051753 53.070810 82.349355
7
27.628879 17.779767 94.448531
18.435577 9.079676 97.865668
2.749303 7.743805 99.661802
-12.662222 16.811325 97.760153
-12.513228 23.602500 96.365663
-3.993233 30.761690 95.067200
19.655922 26.041041 94.527821
5
-69.197513 -59.679459 40.621009
-64.646960 -59.311537 47.988667
-44.992456 -76.454487 46.156152
-46.722506 -85.127369 23.881761
-60.939822 -76.240494 21.765230
6
43.232502 -70.147280 -56.659596
19.093336 -74.579205 -63.823089
6.819658 -84.150522 -53.592741
7.430789 -84.755982 -52.547187
31.095548 -83.335783 -45.696982
45.199868 -71.053828 -53.928893
6
42.726456 -43.948464 -79.012547
49.403127 -24.912926 -83.298723
36.766099 -18.000663 -91.237219
2.655790 -38.092705 -92.422360
22.386784 -51.176320 -82.944657
38.067803 -48.871976 -78.500779
5
29.832490 -82.965595 47.188268
17.207794 -92.861677 32.872493
11.291740 -92.238235 36.940555
4.161989 -86.801137 49.479698
7.215315 -77.519748 62.758489
6
-32.615395 -65.237018 68.413212
-7.671889 -55.365935 82.920175
-3.227161 -57.190615 81.968402
5.871260 -74.422670 66.534160
-27.404366 -79.492887 54.128381
-31.538485 -77.189653 55.200376
5
-37.486840 29.579907 87.862199
-45.926610 14.574409 87.626098
-56.855424 26.270755 77.957092
-54.489487 39.861515 73.769610
-42.294006 41.656877 80.473112
6
33.875684 78.883797 51.281425
27.158284 76.608778 58.253950
12.327629 78.076582 61.254200
-6.145914 91.590264 39.666752
3.906665 95.610648 29.040350
34.933030 87.538273 33.417573
4
7.430789 -84.755982 -52.547187
9.237216 -92.445373 -36.993605
26.341193 -94.458219 -19.590465
31.095548 -83.335783 -45.696982
5
-52.633458 -24.975026 -81.277101
-46.955755 -35.234559 -80.954821
-25.588837 -40.616297 -87.724158
-11.040197 -37.010166 -92.240781
-33.776757 -12.850083 -93.241654
5
62.122885 78.362858 0.098214
77.233064 63.138213 6.972803
78.311216 61.314606 10.386168
64.353541 71.889486 26.277815
56.411764 79.515999 22.246770
7
64.520460 69.736264 -31.208390
57.327591 80.570170 -14.899494
32.229009 94.575180 -4.101990
30.924257 94.975758 -4.826571
26.112604 94.168309 -21.224077
28.714598 87.385377 -39.233504
46.238857 74.385015 -48.258031
5
91.700962 -5.304532 39.532209
91.722557 -29.768825 26.472429
85.216682 -29.065675 43.512110
78.089846 -14.641751 60.725572
89.754168 -4.234813 43.889130
7
-51.442908 20.180854 -83.344828
-46.602138 22.932052 -85.453857
-47.646803 44.289800 -75.948639
-53.387799 52.567174 -66.230168
-62.857659 47.616374 -61.494680
-71.469831 31.516177 -62.440322
-70.962769 22.498787 -66.768930
5
38.067803 -48.871976 -78.500779
22.386784 -51.176320 -82.944657
15.776447 -65.533910 -73.867519
19.093336 -74.579205 -63.823089
43.232502 -70.147280 -56.659596
9
-61.917150 -15.328836 -77.014890
-62.962435 -14.614177 -76.303064
-65.826397 -14.414730 -73.885730
-67.742875 -40.720768 -61.259464
-59.663316 -50.807703 -62.119772
-54.148467 -51.970071 -66.083698
-52.182251 -51.188198 -68.240611
-46.955755 -35.234559 -80.954821
-52.633458 -24.975026 -81.277101
4
94.732210 29.638992 -12.138307
90.378519 42.380620 -5.967113
81.351028 46.303657 -35.184962
91.463290 17.586784 -36.402907
6
33.533666 48.039940 81.041085
41.843083 54.381204 72.745042
58.285113 49.028276 64.800260
61.491489 40.598622 67.605833
58.351905 32.566859 74.393917
40.211529 22.642733 88.714935
6
11.291740 -92.238235 36.940555
17.207794 -92.861677 32.872493
22.542985 -96.129816 15.838948
-10.711191 -98.361589 14.500629
-19.254164 -95.653921 21.899876
-17.754994 -94.720190 26.699173
6
45.199868 -71.053828 -53.928893
51.786490 -70.209605 -48.875053
61.578852 -47.664331 -62.738795
42.726456 -43.948464 -79.012547
38.067803 -48.871976 -78.500779
43.232502 -70.147280 -56.659596
5
-26.198327 28.779511 -92.116163
-18.100418 20.400875 -96.209039
-1.863467 26.184014 -96.493134
4.740794 35.027906 -93.544485
-13.798115 50.637976 -85.119959
7
-86.248531 48.809518 -13.372429
-65.923665 75.067690 4.348821
-70.967609 68.160399 17.825779
-71.739046 67.053701 18.902659
-79.408641 55.450503 24.889945
-91.604470 39.846457 4.569577
-91.446799 40.271044 -3.965598
7
-53.387799 52.567174 -66.230168
-47.646803 44.289800 -75.948639
-13.873604 51.027790 -84.874541
-13.101125 53.880051 -83.218391
-39.089253 69.619405 -60.209374
-41.274731 69.310231 -59.097279
-42.891299 68.563012 -58.817088
4
88.424022 -38.223740 -26.835390
83.284371 -54.783650 -7.903493
94.323903 -33.209386 0.371527
94.591241 -29.056666 -14.429390
4
72.747638 -15.513340 66.836498
69.247150 12.634530 71.029577
81.741132 18.656680 54.500603
75.532179 -14.473409 63.917215
6
4.740794 35.027906 -93.544485
-1.863467 26.184014 -96.493134
0.053356 14.104909 -99.000246
16.714830 10.068456 -98.077728
19.246234 21.605680 -95.722396
6.846157 34.764531 -93.512339
6
-78.058895 -16.775375 -60.211259
-89.804321 -15.752126 -41.073768
-90.432483 -20.157713 -37.624895
-83.634870 -40.872637 -36.532671
-81.510258 -43.744344 -37.980392
-77.945513 -37.011778 -50.543302
8
-22.363839 -82.186543 -52.394951
-23.665250 -82.458555 -51.386210
-24.604220 -88.565238 -39.380591
-8.158639 -95.217711 -29.445275
9.237216 -92.445373 -36.993605
7.430789 -84.755982 -52.547187
6.819658 -84.150522 -53.592741
-0.273234 -82.936843 -55.869539
8
-70.967609 68.160399 17.825779
-65.923665 75.067690 4.348821
-65.102655 75.823246 3.532649
-53.247624 84.537881 4.247028
-44.271000 89.348164 7.548783
-40.946213 90.401073 12.290387
-39.433953 84.675844 35.706648
-46.759658 79.378504 38.891998
7
-24.102028 -29.556170 92.442009
-35.404930 -37.787633 85.548733
-60.838050 -34.273261 71.582647
-63.475315 -28.664955 71.757959
-59.086213 -6.187903 80.439601
-50.154897 -3.074696 86.458270
-26.153525 -20.121878 94.398640
7
-25.663049 95.282615 16.205899
-7.219336 99.577980 5.666320
2.186753 99.700972 7.411766
3.906665 95.610648 29.040350
-6.145914 91.590264 39.666752
-8.870665 91.225739 39.989696
-12.363913 91.409688 38.618682
5
-50.154897 -3.074696 86.458270
-46.022096 11.981705 87.968207
-15.069528 14.122949 97.844017
-23.279030 -17.169873 95.725035
-26.153525 -20.121878 94.398640
6
-7.607273 -99.193731 -10.135736
-8.015442 -99.197214 -9.780870
-10.711191 -98.361589 14.500629
22.542985 -96.129816 15.838948
23.174531 -96.073190 15.260514
27.286000 -95.574616 -10.998502
6
-87.999352 -38.317567 28.069165
-89.541626 -43.743882 8.292767
-92.638586 -37.645959 0.934946
-98.412285 -17.711106 1.157095
-98.401523 -14.553042 10.263980
-88.604507 -35.718032 29.554417
6
-40.946213 90.401073 12.290387
-44.271000 89.348164 7.548783
-30.682984 94.883899 -7.456553
-22.084722 96.984184 -10.311795
-7.219336 99.577980 5.666320
-25.663049 95.282615 16.205899
4
-73.498985 17.498131 -65.511179
-86.777354 14.289310 -47.597337
-87.992261 6.079055 -47.121196
-73.372512 -8.429236 -67.419749
5
-71.739046 67.053701 18.902659
-70.967609 68.160399 17.825779
-46.759658 79.378504 38.891998
-51.416810 67.931819 52.360095
-53.182669 66.289271 52.700439
4
28.714598 87.385377 -39.233504
26.112604 94.168309 -21.224077
2.372990 96.268292 -26.958949
1.272022 86.424200 -50.291546
6
-41.274731 69.310231 -59.097279
-39.089253 69.619405 -60.209374
-1.991368 82.534401 -56.427893
-1.493570 84.793955 -52.988248
-15.569529 89.205229 -42.426605
-31.325830 85.210871 -41.926124
5
-46.955755 -35.234559 -80.954821
-52.182251 -51.188198 -68.240611
-38.428801 -60.709309 -69.552908
-30.843029 -60.087780 -73.743923
-25.588837 -40.616297 -87.724158
7
54.176457 -82.490990 -16.129108
56.611843 -81.508140 -12.309441
65.023969 -75.770923 -5.536312
81.700320 -57.322819 -6.257170
82.258545 -56.378570 -7.415433
77.607482 -58.822397 -22.737728
57.858724 -76.727137 -27.664319
5
57.858724 -76.727137 -27.664319
77.607482 -58.822397 -22.737728
82.182403 -43.353958 -36.966024
74.864398 -50.405237 -43.065461
56.876377 -70.969203 -41.574630
5
-79.408641 55.450503 24.889945
-71.739046 67.053701 18.902659
-53.182669 66.289271 52.700439
-55.458282 62.618924 54.801910
-80.161769 49.761675 33.134068
6
-92.638586 -37.645959 0.934946
-91.540274 -38.768248 -10.835181
-91.993748 -34.907505 -17.849831
-96.225166 -19.232892 -19.256511
-98.693801 -11.288211 -11.493907
-98.412285 -17.711106 1.157095
5
-88.566063 -7.673465 45.794874
-88.527381 23.990632 39.841590
-84.492517 29.648976 44.519129
-74.287511 1.874948 66.916741
-82.236456 -7.767885 56.363332
5
69.727386 -18.396423 69.279602
51.245297 3.776254 85.788458
69.242877 12.637976 71.033130
69.247150 12.634530 71.029577
72.747638 -15.513340 66.836498
6
5.871260 -74.422670 66.534160
-3.227161 -57.190615 81.968402
14.559745 -47.420325 86.829296
35.278465 -55.212135 75.545020
35.655736 -63.756361 68.291983
5.894140 -74.434074 66.519379
6
19.779242 -30.610138 93.122506
14.559745 -47.420325 86.829296
-3.227161 -57.190615 81.968402
-7.671889 -55.365935 82.920175
-22.449374 -31.183250 92.323510
18.182936 -27.179213 94.502229
6
49.532985 -33.338110 80.218787
40.763960 -8.371370 90.929751
43.401999 6.937744 89.822793
51.245297 3.776254 85.788458
69.727386 -18.396423 69.279602
62.901907 -30.827603 71.365321
7
-13.798115 50.637976 -85.119959
4.740794 35.027906 -93.544485
6.846157 34.764531 -93.512339
21.959737 46.834823 -85.581945
-3.083865 62.608276 -77.914655
-13.101125 53.880051 -83.218391
-13.873604 51.027790 -84.874541
7
-59.086213 -6.187903 80.439601
-70.917676 1.583119 70.485296
-66.264783 24.185953 70.880309
-56.855424 26.270755 77.957092
-45.926610 14.574409 87.626098
-46.022096 11.981705 87.968207
-50.154897 -3.074696 86.458270
7
2.007381 55.666067 83.049740
-3.192617 51.602927 85.597576
-19.375692 48.958751 85.015430
-32.859601 56.439133 75.728930
-25.849404 71.495864 64.962680
-23.191051 72.440179 64.919917
-0.757465 69.164866 72.219440
5
-72.273589 -11.257435 -68.189431
-78.058895 -16.775375 -60.211259
-77.945513 -37.011778 -50.543302
-67.742875 -40.720768 -61.259464
-65.826397 -14.414730 -73.885730
6
-95.308579 27.916273 -11.702838
-92.984018 24.532430 -27.425029
-83.898971 41.692038 -34.967651
-81.201089 48.505246 -32.459579
-86.248531 48.809518 -13.372429
-91.446799 40.271044 -3.965598
4
-55.382013 73.240103 -39.607069
-54.049010 77.491335 -32.768850
-65.447178 75.217728 -7.678560
-76.166927 54.185039 -35.532811
5
51.786490 -70.209605 -48.875053
56.876377 -70.969203 -41.574630
74.864398 -50.405237 -43.065461
66.614053 -43.499384 -60.583591
61.578852 -47.664331 -62.738795
6
59.734185 60.728374 52.382169
58.285113 49.028276 64.800260
41.843083 54.381204 72.745042
29.383266 70.488401 64.560120
27.158284 76.608778 58.253950
33.875684 78.883797 51.281425
7
2.655790 -38.092705 -92.422360
-4.227119 -35.944497 -93.220838
-6.222159 -36.967780 -92.707432
-8.732712 -62.871217 -77.271921
-2.115093 -67.495187 -73.755855
15.776447 -65.533910 -73.867519
22.386784 -51.176320 -82.944657
6
57.173821 -19.607556 -79.666166
58.153508 -19.578675 -78.961035
76.708180 1.328509 -64.141174
78.086793 12.708295 -61.163323
74.641552 16.887045 -64.369764
51.849953 14.744760 -84.226922
5
-91.319710 -13.191837 38.557567
-97.579511 -2.318449 21.745432
-91.919598 21.029298 33.294986
-88.527381 23.990632 39.841590
-88.566063 -7.673465 45.794874
7
95.719021 3.808948 28.694268
99.139194 -3.621469 12.581935
98.836269 -10.779437 10.732925
94.047809 -29.943400 16.074900
92.086264 -32.663910 21.288234
91.722557 -29.768825 26.472429
91.700962 -5.304532 39.532209
7
82.345064 -24.263957 -51.288896
70.536268 -30.024781 -64.211739
66.614053 -43.499384 -60.583591
74.864398 -50.405237 -43.065461
82.182403 -43.353958 -36.966024
84.477933 -39.534536 -36.062436
84.983758 -25.450500 -46.152280
9
-47.146852 -85.964129 -19.681029
-35.134707 -90.129235 -25.343111
-24.604220 -88.565238 -39.380591
-23.665250 -82.458555 -51.386210
-35.742109 -76.563578 -53.483831
-47.340497 -72.797165 -49.592844
-58.705734 -72.041573 -36.927612
-58.307638 -74.373138 -32.693359
-49.775753 -84.357246 -20.155134
5
-54.489487 39.861515 73.769610
-56.855424 26.270755 77.957092
-66.264783 24.185953 70.880309
-71.755355 37.636025 58.606302
-61.735161 45.725783 64.015019
7
-45.926610 14.574409 87.626098
-37.486840 29.579907 87.862199
-25.684329 32.380834 91.059304
-12.513228 23.602500 96.365663
-12.662222 16.811325 97.760153
-15.069528 14.122949 97.844017
-46.022096 11.981705 87.968207
8
66.531858 -48.348726 56.885081
64.952123 -52.278768 55.210073
41.210141 -66.367976 62.426084
35.655736 -63.756361 68.291983
35.278465 -55.212135 75.545020
49.471588 -33.381820 80.238495
49.532985 -33.338110 80.218787
62.901907 -30.827603 71.365321
6
88.519401 44.510201 13.533577
89.698750 39.440027 19.965433
81.290865 45.567768 36.268083
66.600990 61.347723 42.435422
64.353541 71.889486 26.277815
78.311216 61.314606 10.386168
5
-34.852170 85.392682 38.644742
-29.004558 72.398060 62.587990
-51.416810 67.931819 52.360095
-46.759658 79.378504 38.891998
-39.433953 84.675844 35.706648
4
70.536268 -30.024781 -64.211739
82.345064 -24.263957 -51.288896
76.708180 1.328509 -64.141174
58.153508 -19.578675 -78.961035
8
-64.646960 -59.311537 47.988667
-69.197513 -59.679459 40.621009
-75.442171 -56.057638 34.147036
-87.999352 -38.317567 28.069165
-88.604507 -35.718032 29.554417
-88.330190 -30.590154 35.524922
-79.210085 -32.448415 51.699736
-64.437358 -56.678774 51.335597
6
-22.084722 96.984184 -10.311795
-30.682984 94.883899 -7.456553
-40.545785 87.145688 -27.598338
-37.462451 87.851714 -29.641881
-19.045202 94.840225 -25.349795
-17.066028 96.212819 -21.256627
7
-62.962435 -14.614177 -76.303064
-61.917150 -15.328836 -77.014890
-41.257392 -0.619645 -91.090305
-40.489391 11.595741 -90.698115
-45.209367 22.454485 -86.324442
-46.602138 22.932052 -85.453857
-51.442908 20.180854 -83.344828
4
-19.045202 94.840225 -25.349795
-37.462451 87.851714 -29.641881
-31.325830 85.210871 -41.926124
-15.569529 89.205229 -42.426605
6
-49.775753 -84.357246 -20.155134
-58.307638 -74.373138 -32.693359
-74.255000 -65.195660 -15.353203
-74.959284 -65.264586 -11.029030
-65.445037 -75.592707 -1.640052
-63.003834 -77.601269 -2.925748
7
22.542985 -96.129816 15.838948
17.207794 -92.861677 32.872493
29.832490 -82.965595 47.188268
30.396200 -82.744850 47.216108
49.432449 -82.389555 27.719924
49.168191 -82.706543 27.241820
23.174531 -96.073190 15.260514
6
-73.372512 -8.429236 -67.419749
-87.992261 6.079055 -47.121196
-92.121868 -2.377407 -38.831809
-89.804321 -15.752126 -41.073768
-78.058895 -16.775375 -60.211259
-72.273589 -11.257435 -68.189431
5
14.704222 -3.437952 -98.853257
18.850318 -0.468520 -98.206140
16.714830 10.068456 -98.077728
0.053356 14.104909 -99.000246
-10.224267 5.056553 -99.347348
6
23.174531 -96.073190 15.260514
49.168191 -82.706543 27.241820
56.611843 -81.508140 -12.309441
54.176457 -82.490990 -16.129108
29.053731 -94.734940 -13.460012
27.286000 -95.574616 -10.998502
5
95.719021 3.808948 28.694268
91.700962 -5.304532 39.532209
89.754168 -4.234813 43.889130
84.859917 17.098671 50.064258
93.106884 22.064880 29.055968
5
-1.991368 82.534401 -56.427893
-39.089253 69.619405 -60.209374
-13.101125 53.880051 -83.218391
-3.083865 62.608276 -77.914655
4.192689 73.270584 -67.925275
7
91.519690 14.253178 -37.696065
91.463290 17.586784 -36.402907
81.351028 46.303657 -35.184962
76.038612 52.716106 -37.936021
67.459504 39.796365 -62.172861
74.641552 16.887045 -64.369764
78.086793 12.708295 -61.163323
6
99.024244 13.724655 2.415167
96.852161 -0.364013 -24.890287
97.803284 -7.609754 -19.406423
98.836269 -10.779437 10.732925
99.139194 -3.621469 12.581935
99.017798 13.712416 2.728613
8
45.199868 -71.053828 -53.928893
31.095548 -83.335783 -45.696982
26.341193 -94.458219 -19.590465
29.053731 -94.734940 -13.460012
54.176457 -82.490990 -16.129108
57.858724 -76.727137 -27.664319
56.876377 -70.969203 -41.574630
51.786490 -70.209605 -48.875053
6
91.256488 -34.719632 21.605565
85.121619 -43.167940 29.846925
70.969625 -46.080658 53.290574
85.216682 -29.065675 43.512110
91.722557 -29.768825 26.472429
92.086264 -32.663910 21.288234
6
-49.775753 -84.357246 -20.155134
-63.003834 -77.601269 -2.925748
-41.351862 -89.294413 17.791328
-36.815910 -91.687804 15.425155
-37.154574 -92.366730 9.376826
-47.146852 -85.964129 -19.681029
6
-63.003834 -77.601269 -2.925748
-65.445037 -75.592707 -1.640052
-68.564915 -71.998232 10.728792
-60.939822 -76.240494 21.765230
-46.722506 -85.127369 23.881761
-41.351862 -89.294413 17.791328
6
-77.945513 -37.011778 -50.543302
-81.510258 -43.744344 -37.980392
-79.204227 -48.789453 -36.691683
-69.531950 -58.087276 -42.322291
-59.663316 -50.807703 -62.119772
-67.742875 -40.720768 -61.259464
7
96.852161 -0.364013 -24.890287
95.104660 2.216402 -30.825171
84.983758 -25.450500 -46.152280
84.477933 -39.534536 -36.062436
88.424022 -38.223740 -26.835390
94.591241 -29.056666 -14.429390
97.803284 -7.609754 -19.406423
4
-96.225166 -19.232892 -19.256511
-91.993748 -34.907505 -17.849831
-83.634870 -40.872637 -36.532671
-90.432483 -20.157713 -37.624895
7
49.403127 -24.912926 -83.298723
42.726456 -43.948464 -79.012547
61.578852 -47.664331 -62.738795
66.614053 -43.499384 -60.583591
70.536268 -30.024781 -64.211739
58.153508 -19.578675 -78.961035
57.173821 -19.607556 -79.666166
5
-3.993233 30.761690 95.067200
-3.192617 51.602927 85.597576
2.007381 55.666067 83.049740
12.746596 51.883480 84.531822
19.655922 26.041041 94.527821
6
51.245297 3.776254 85.788458
43.401999 6.937744 89.822793
36.993283 17.616049 91.220457
40.211529 22.642733 88.714935
58.351905 32.566859 74.393917
69.242877 12.637976 71.033130
7
-45.209367 22.454485 -86.324442
-40.489391 11.595741 -90.698115
-17.755382 1.712680 -98.396205
-16.940119 1.848416 -98.537382
-15.678491 3.754407 -98.691891
-18.100418 20.400875 -96.209039
-26.198327 28.779511 -92.116163
6
99.024244 13.724655 2.415167
94.732210 29.638992 -12.138307
91.463290 17.586784 -36.402907
91.519690 14.253178 -37.696065
95.104660 2.216402 -30.825171
96.852161 -0.364013 -24.890287
6
91.519690 14.253178 -37.696065
78.086793 12.708295 -61.163323
76.708180 1.328509 -64.141174
82.345064 -24.263957 -51.288896
84.983758 -25.450500 -46.152280
95.104660 2.216402 -30.825171
6
-55.458282 62.618924 54.801910
-56.390454 55.249563 61.380799
-61.735161 45.725783 64.015019
-71.755355 37.636025 58.606302
-82.788001 33.465495 45.013414
-80.161769 49.761675 33.134068
7
34.933030 87.538273 33.417573
3.906665 95.610648 29.040350
2.186753 99.700972 7.411766
6.801951 99.726385 2.895086
30.924257 94.975758 -4.826571
32.229009 94.575180 -4.101990
41.060116 87.839998 24.458159
5
-41.409817 86.772961 -27.489640
-40.545785 87.145688 -27.598338
-30.682984 94.883899 -7.456553
-44.271000 89.348164 7.548783
-53.247624 84.537881 4.247028
6
88.424022 -38.223740 -26.835390
84.477933 -39.534536 -36.062436
82.182403 -43.353958 -36.966024
77.607482 -58.822397 -22.737728
82.258545 -56.378570 -7.415433
83.284371 -54.783650 -7.903493
8
-22.449374 -31.183250 92.323510
-24.102028 -29.556170 92.442009
-26.153525 -20.121878 94.398640
-23.279030 -17.169873 95.725035
-5.580054 -10.770005 99.261624
15.069796 -15.562006 97.625433
18.398914 -21.946412 95.811455
18.182936 -27.179213 94.502229
5
19.093336 -74.579205 -63.823089
15.776447 -65.533910 -73.867519
-2.115093 -67.495187 -73.755855
-0.273234 -82.936843 -55.869539
6.819658 -84.150522 -53.592741
