100
6
5.646109 9.723737 99.365841
3.899399 8.987523 99.518938
-14.441071 15.496157 97.730878
-11.455949 32.357052 93.924344
2.721326 43.413919 90.043467
20.313135 40.160777 89.299992
5
-74.929218 -42.699760 -50.619589
-59.463346 -71.955174 -35.868697
-45.562778 -62.539443 -63.347071
-46.263796 -48.066297 -74.493572
-67.159559 -27.603622 -68.757790
9
-58.762313 17.880285 -78.913155
-58.490235 -11.831511 -80.242805
-16.357425 -15.159141 -97.481460
-7.619632 -8.701037 -99.328914
-6.920704 -5.079112 -99.630851
-9.578741 9.354428 -99.099659
-14.407901 18.128835 -97.281847
-43.254133 31.228782 -84.580395
-50.747627 31.388551 -80.246104
5
-10.689547 -65.478957 74.821386
5.731900 -67.593929 73.472485
12.841266 -86.434282 48.623213
-13.800975 -92.470218 35.479457
-30.696536 -86.040482 40.678720
4
-81.967231 -20.352040 53.545938
-70.734427 4.384650 70.550802
-49.173898 -8.575043 86.651004
-58.307988 -30.144882 75.441797
5
23.723749 81.080597 -53.508135
9.071783 96.006609 -26.465709
-4.618925 96.782817 -24.733620
-7.352318 84.333944 -53.232784
23.508315 81.006730 -53.714698
8
-4.316632 99.614021 7.642880
-7.596417 98.193411 -17.330567
-4.768709 96.803514 -24.623953
-4.618925 96.782817 -24.733620
9.071783 96.006609 -26.465709
24.223283 95.643741 -16.294399
28.410601 95.789499 4.148441
23.732551 96.591909 10.332912
5
23.508315 81.006730 -53.714698
-7.352318 84.333944 -53.232784
-23.113961 74.211085 -62.916291
-14.729394 67.940524 -71.882753
19.031300 73.117999 -65.510060
8
23.508315 81.006730 -53.714698
19.031300 73.117999 -65.510060
22.107820 60.952223 -76.131930
46.273723 42.579435 -77.754320
55.476553 41.942038 -71.855532
63.948538 49.170042 -59.100689
52.504442 73.987688 -42.060737
23.723749 81.080597 -53.508135
5
-91.156638 30.832118 27.200143
-94.378302 25.975428 20.445375
-74.847359 65.545993 -10.079463
-60.333500 74.515310 28.413682
-60.007431 67.980061 42.164197
7
26.354851 42.521884 86.587015
20.313135 40.160777 89.299992
2.721326 43.413919 90.043467
-7.632989 64.750280 75.823075
-0.500573 69.471667 71.926608
9.727144 70.817700 69.930223
24.817371 64.535316 72.244661
5
75.648881 -44.408299 -48.011976
85.466551 -31.156006 -41.530373
77.131473 -6.083866 -63.353946
76.036851 -6.429242 -64.630196
62.690877 -18.920062 -75.577015
6
58.570000 34.987891 73.112261
32.790683 37.853850 86.555515
26.354851 42.521884 86.587015
24.817371 64.535316 72.244661
26.622892 64.943946 71.228544
60.882294 45.852511 64.737111
5
-95.369065 -25.071243 -16.618490
-94.294083 16.635270 -28.842567
-95.629434 21.407670 19.917910
-96.660416 12.010704 22.638618
-96.778663 -14.995517 20.224363
4
28.410601 95.789499 4.148441
24.223283 95.643741 -16.294399
53.293275 75.960346 -37.280727
66.916008 74.310809 0.389286
7
-94.294083 16.635270 -28.842567
-88.749876 21.298515 -40.863587
-78.844806 47.233601 -39.401568
-73.019018 66.759975 -14.537150
-74.847359 65.545993 -10.079463
-94.378302 25.975428 20.445375
-95.629434 21.407670 19.917910
5
23.725479 -52.826195 81.526037
34.171893 -75.458364 56.020684
20.832702 -85.670591 47.186315
12.841266 -86.434282 48.623213
5.731900 -67.593929 73.472485
6
7.007025 -98.418884 -16.267292
45.996456 -85.957286 -22.263668
50.950722 -75.495621 -41.284805
32.548301 -72.120944 -61.148815
31.596125 -72.452698 -61.255951
3.148152 -97.676772 -21.197580
5
26.701812 -46.211678 84.566506
55.478669 -61.623280 55.898915
56.296102 -64.097380 52.175423
34.171893 -75.458364 56.020684
23.725479 -52.826195 81.526037
5
33.000624 7.029591 -94.135772
31.704370 32.233985 -89.195309
28.039347 32.505426 -90.317176
-9.578741 9.354428 -99.099659
-6.920704 -5.079112 -99.630851
6
91.692775 18.833648 -35.181369
77.131473 -6.083866 -63.353946
85.466551 -31.156006 -41.530373
87.924467 -29.528718 -37.381051
96.240559 9.147737 -25.574864
95.591466 11.472482 -27.030608
6
-35.734376 7.480083 93.097276
-14.441071 15.496157 97.730878
3.899399 8.987523 99.518938
7.056251 -30.214528 95.064671
-15.527161 -34.632047 92.517721
-42.882838 -6.130375 90.130354
6
-4.316632 99.614021 7.642880
23.732551 96.591909 10.332912
25.909319 90.348671 34.144177
11.958979 89.854842 42.226652
-18.014647 92.022894 34.745640
-21.238400 94.569878 24.606271
6
-55.996752 -81.258495 16.168509
-77.285393 -60.754721 18.325715
-85.696862 -41.528383 30.519523
-54.547668 -53.171536 64.786878
-52.724558 -54.982918 64.784255
-35.906973 -84.321769 40.006605
8
-55.012304 45.737842 -69.869137
-50.747627 31.388551 -80.246104
-43.254133 31.228782 -84.580395
-14.461445 58.716066 -79.644775
-13.200519 64.011699 -75.685194
-14.729394 67.940524 -71.882753
-23.113961 74.211085 -62.916291
-33.671876 73.763279 -58.525066
5
-21.167111 88.084645 42.344407
-18.014647 92.022894 34.745640
11.958979 89.854842 42.226652
9.727144 70.817700 69.930223
-0.500573 69.471667 71.926608
8
50.661045 80.187171 31.677692
25.920406 90.343689 34.148945
25.909319 90.348671 34.144177
23.732551 96.591909 10.332912
28.410601 95.789499 4.148441
66.916008 74.310809 0.389286
69.544337 71.751808 3.906827
69.962166 71.279308 4.955354
6
-96.660416 12.010704 22.638618
-71.994702 6.971232 69.051899
-70.734427 4.384650 70.550802
-81.967231 -20.352040 53.545938
-92.005165 -26.727515 28.647680
-96.778663 -14.995517 20.224363
6
49.153116 -9.636011 -86.551247
60.220351 -19.579831 -77.395992
62.690877 -18.920062 -75.577015
76.036851 -6.429242 -64.630196
58.505193 28.816934 -75.807168
47.756998 -4.906117 -87.722284
5
42.905603 -20.422772 87.988747
29.956013 7.256908 95.131354
35.856559 15.953858 91.977071
65.117227 12.887126 74.790833
65.825300 11.548255 74.388626
6
-95.369065 -25.071243 -16.618490
-95.028162 -25.707599 -17.571787
-86.059846 -4.349679 -50.742321
-86.933058 14.641721 -47.204485
-88.749876 21.298515 -40.863587
-94.294083 16.635270 -28.842567
6
-30.196390 93.347741 19.348830
-60.333500 74.515310 28.413682
-74.847359 65.545993 -10.079463
-73.019018 66.759975 -14.537150
-57.268081 79.399566 -20.397935
-41.597881 90.781536 -5.322494
6
47.756998 -4.906117 -87.722284
58.505193 28.816934 -75.807168
55.476553 41.942038 -71.855532
46.273723 42.579435 -77.754320
31.704370 32.233985 -89.195309
33.000624 7.029591 -94.135772
6
-78.844806 47.233601 -39.401568
-55.012304 45.737842 -69.869137
-33.671876 73.763279 -58.525066
-42.679439 81.935761 -38.275272
-57.268081 79.399566 -20.397935
-73.019018 66.759975 -14.537150
5
-81.793406 -55.965905 -13.328775
-58.233063 -74.642502 -32.208809
-59.463346 -71.955174 -35.868697
-74.929218 -42.699760 -50.619589
-91.987226 -32.742278 -21.593830
6
86.591081 40.662239 29.130173
84.711479 44.654081 28.809347
80.234760 57.840520 14.726085
91.441511 19.704038 -35.358182
91.692775 18.833648 -35.181369
95.591466 11.472482 -27.030608
6
67.502157 10.735298 72.994604
91.869842 15.320581 36.403460
94.230476 5.992417 32.934910
90.720405 -18.742042 37.663563
79.967456 -28.112197 53.055729
75.541561 -26.350590 59.992657
5
68.891311 -71.252763 13.305303
86.913185 -48.577362 -9.291837
73.949808 -59.405205 -31.661450
59.367562 -79.584442 -11.908366
66.455135 -74.127478 9.425073
5
22.107820 60.952223 -76.131930
19.031300 73.117999 -65.510060
-14.729394 67.940524 -71.882753
-13.200519 64.011699 -75.685194
11.237262 56.495435 -81.743439
5
-46.278767 -85.559892 -23.190097
-58.233063 -74.642502 -32.208809
-81.793406 -55.965905 -13.328775
-77.285393 -60.754721 18.325715
-55.996752 -81.258495 16.168509
5
50.950722 -75.495621 -41.284805
69.786863 -56.190960 -44.411369
69.906601 -54.942330 -45.764698
49.907522 -53.165293 -68.430190
32.548301 -72.120944 -61.148815
7
-18.014647 92.022894 34.745640
-21.167111 88.084645 42.344407
-48.084155 63.190061 60.785938
-60.007431 67.980061 42.164197
-60.333500 74.515310 28.413682
-30.196390 93.347741 19.348830
-21.238400 94.569878 24.606271
6
-66.186596 37.294968 65.026302
-71.994702 6.971232 69.051899
-96.660416 12.010704 22.638618
-95.629434 21.407670 19.917910
-94.378302 25.975428 20.445375
-91.156638 30.832118 27.200143
6
-91.987226 -32.742278 -21.593830
-74.929218 -42.699760 -50.619589
-67.159559 -27.603622 -68.757790
-67.215662 -26.866294 -68.994616
-86.059846 -4.349679 -50.742321
-95.028162 -25.707599 -17.571787
5
-21.238400 94.569878 24.606271
-30.196390 93.347741 19.348830
-41.597881 90.781536 -5.322494
-7.596417 98.193411 -17.330567
-4.316632 99.614021 7.642880
5
15.055322 -28.293895 -94.724827
19.179203 -42.434946 -88.495387
48.420969 -43.707903 -75.795970
60.220351 -19.579831 -77.395992
49.153116 -9.636011 -86.551247
7
-15.527161 -34.632047 92.517721
-21.820782 -51.053966 83.170584
-52.724558 -54.982918 64.784255
-54.547668 -53.171536 64.786878
-58.307988 -30.144882 75.441797
-49.173898 -8.575043 86.651004
-42.882838 -6.130375 90.130354
8
86.913185 -48.577362 -9.291837
90.862114 -40.782617 -8.991909
87.924467 -29.528718 -37.381051
85.466551 -31.156006 -41.530373
75.648881 -44.408299 -48.011976
69.906601 -54.942330 -45.764698
69.786863 -56.190960 -44.411369
73.949808 -59.405205 -31.661450
5
-92.005165 -26.727515 28.647680
-81.967231 -20.352040 53.545938
-58.307988 -30.144882 75.441797
-54.547668 -53.171536 64.786878
-85.696862 -41.528383 30.519523
6
-66.186596 37.294968 65.026302
-91.156638 30.832118 27.200143
-60.007431 67.980061 42.164197
-48.084155 63.190061 60.785938
-46.510892 55.552345 68.925133
-49.377817 50.733447 70.625411
6
65.825300 11.548255 74.388626
67.502157 10.735298 72.994604
75.541561 -26.350590 59.992657
59.948250 -32.530327 73.129920
41.418747 -26.705656 87.013191
42.905603 -20.422772 87.988747
6
64.747718 -64.152976 41.135492
79.967456 -28.112197 53.055729
90.720405 -18.742042 37.663563
91.789797 -31.564715 24.047908
68.276045 -68.874500 24.386162
66.777931 -68.997893 27.928455
5
-9.578741 9.354428 -99.099659
28.039347 32.505426 -90.317176
8.659120 44.377281 -89.194600
-5.514538 38.473564 -92.137803
-14.407901 18.128835 -97.281847
5
45.996456 -85.957286 -22.263668
59.367562 -79.584442 -11.908366
73.949808 -59.405205 -31.661450
69.786863 -56.190960 -44.411369
50.950722 -75.495621 -41.284805
7
-42.882838 -6.130375 90.130354
-49.173898 -8.575043 86.651004
-70.734427 4.384650 70.550802
-71.994702 6.971232 69.051899
-66.186596 37.294968 65.026302
-49.377817 50.733447 70.625411
-35.734376 7.480083 93.097276
6
-7.619632 -8.701037 -99.328914
15.055322 -28.293895 -94.724827
49.153116 -9.636011 -86.551247
47.756998 -4.906117 -87.722284
33.000624 7.029591 -94.135772
-6.920704 -5.079112 -99.630851
6
95.591466 11.472482 -27.030608
96.240559 9.147737 -25.574864
99.548676 -1.878069 -9.302362
94.230476 5.992417 32.934910
91.869842 15.320581 36.403460
86.591081 40.662239 29.130173
6
84.711479 44.654081 28.809347
66.754406 51.717291 53.564644
51.723639 69.346396 50.157178
50.661045 80.187171 31.677692
69.962166 71.279308 4.955354
80.234760 57.840520 14.726085
6
32.640628 -88.923897 32.048868
20.832702 -85.670591 47.186315
34.171893 -75.458364 56.020684
56.296102 -64.097380 52.175423
64.747718 -64.152976 41.135492
66.777931 -68.997893 27.928455
5
-42.679439 81.935761 -38.275272
-4.768709 96.803514 -24.623953
-7.596417 98.193411 -17.330567
-41.597881 90.781536 -5.322494
-57.268081 79.399566 -20.397935
5
90.720405 -18.742042 37.663563
94.230476 5.992417 32.934910
99.548676 -1.878069 -9.302362
94.036588 -33.839512 -3.465205
91.789797 -31.564715 24.047908
5
-11.922137 -74.064704 -66.123235
-38.224702 -48.559378 -78.618439
-46.263796 -48.066297 -74.493572
-45.562778 -62.539443 -63.347071
-14.878467 -78.502204 -60.133478
6
31.596125 -72.452698 -61.255951
32.548301 -72.120944 -61.148815
49.907522 -53.165293 -68.430190
48.420969 -43.707903 -75.795970
19.179203 -42.434946 -88.495387
7.278703 -62.455889 -77.757845
5
99.548676 -1.878069 -9.302362
96.240559 9.147737 -25.574864
87.924467 -29.528718 -37.381051
90.862114 -40.782617 -8.991909
94.036588 -33.839512 -3.465205
5
-58.762313 17.880285 -78.913155
-86.933058 14.641721 -47.204485
-86.059846 -4.349679 -50.742321
-67.215662 -26.866294 -68.994616
-58.490235 -11.831511 -80.242805
6
32.790683 37.853850 86.555515
35.856559 15.953858 91.977071
29.956013 7.256908 95.131354
5.646109 9.723737 99.365841
20.313135 40.160777 89.299992
26.354851 42.521884 86.587015
6
-46.510892 55.552345 68.925133
-27.741689 57.841246 76.712378
-11.455949 32.357052 93.924344
-14.441071 15.496157 97.730878
-35.734376 7.480083 93.097276
-49.377817 50.733447 70.625411
6
-33.671876 73.763279 -58.525066
-23.113961 74.211085 -62.916291
-7.352318 84.333944 -53.232784
-4.618925 96.782817 -24.733620
-4.768709 96.803514 -24.623953
-42.679439 81.935761 -38.275272
4
-14.407901 18.128835 -97.281847
-5.514538 38.473564 -92.137803
-14.461445 58.716066 -79.644775
-43.254133 31.228782 -84.580395
6
-15.273174 -93.705915 -31.399549
-14.878467 -78.502204 -60.133478
-45.562778 -62.539443 -63.347071
-59.463346 -71.955174 -35.868697
-58.233063 -74.642502 -32.208809
-46.278767 -85.559892 -23.190097
4
-7.632989 64.750280 75.823075
2.721326 43.413919 90.043467
-11.455949 32.357052 93.924344
-27.741689 57.841246 76.712378
5
66.754406 51.717291 53.564644
60.882294 45.852511 64.737111
26.622892 64.943946 71.228544
36.423112 72.219165 58.802628
51.723639 69.346396 50.157178
6
7.051714 -98.483510 -15.851546
28.904951 -95.264826 9.440165
66.455135 -74.127478 9.425073
59.367562 -79.584442 -11.908366
45.996456 -85.957286 -22.263668
7.007025 -98.418884 -16.267292
6
-48.084155 63.190061 60.785938
-21.167111 88.084645 42.344407
-0.500573 69.471667 71.926608
-7.632989 64.750280 75.823075
-27.741689 57.841246 76.712378
-46.510892 55.552345 68.925133
7
-58.490235 -11.831511 -80.242805
-67.215662 -26.866294 -68.994616
-67.159559 -27.603622 -68.757790
-46.263796 -48.066297 -74.493572
-38.224702 -48.559378 -78.618439
-22.442351 -39.286585 -89.179062
-16.357425 -15.159141 -97.481460
6
68.276045 -68.874500 24.386162
91.789797 -31.564715 24.047908
94.036588 -33.839512 -3.465205
90.862114 -40.782617 -8.991909
86.913185 -48.577362 -9.291837
68.891311 -71.252763 13.305303
8
-96.778663 -14.995517 20.224363
-92.005165 -26.727515 28.647680
-85.696862 -41.528383 30.519523
-77.285393 -60.754721 18.325715
-81.793406 -55.965905 -13.328775
-91.987226 -32.742278 -21.593830
-95.028162 -25.707599 -17.571787
-95.369065 -25.071243 -16.618490
6
22.107820 60.952223 -76.131930
11.237262 56.495435 -81.743439
8.659120 44.377281 -89.194600
28.039347 32.505426 -90.317176
31.704370 32.233985 -89.195309
46.273723 42.579435 -77.754320
7
42.905603 -20.422772 87.988747
41.418747 -26.705656 87.013191
27.019475 -37.710842 88.588038
7.056251 -30.214528 95.064671
3.899399 8.987523 99.518938
5.646109 9.723737 99.365841
29.956013 7.256908 95.131354
8
55.476553 41.942038 -71.855532
58.505193 28.816934 -75.807168
76.036851 -6.429242 -64.630196
77.131473 -6.083866 -63.353946
91.692775 18.833648 -35.181369
91.441511 19.704038 -35.358182
84.449324 32.935244 -42.232468
63.948538 49.170042 -59.100689
4
58.570000 34.987891 73.112261
65.117227 12.887126 74.790833
35.856559 15.953858 91.977071
32.790683 37.853850 86.555515
8
7.056251 -30.214528 95.064671
27.019475 -37.710842 88.588038
26.701812 -46.211678 84.566506
23.725479 -52.826195 81.526037
5.731900 -67.593929 73.472485
-10.689547 -65.478957 74.821386
-21.820782 -51.053966 83.170584
-15.527161 -34.632047 92.517721
9
-30.696536 -86.040482 40.678720
-13.800975 -92.470218 35.479457
7.051714 -98.483510 -15.851546
7.007025 -98.418884 -16.267292
3.148152 -97.676772 -21.197580
-15.273174 -93.705915 -31.399549
-46.278767 -85.559892 -23.190097
-55.996752 -81.258495 16.168509
-35.906973 -84.321769 40.006605
6
49.907522 -53.165293 -68.430190
69.906601 -54.942330 -45.764698
75.648881 -44.408299 -48.011976
62.690877 -18.920062 -75.577015
60.220351 -19.579831 -77.395992
48.420969 -43.707903 -75.795970
6
53.293275 75.960346 -37.280727
52.504442 73.987688 -42.060737
63.948538 49.170042 -59.100689
84.449324 32.935244 -42.232468
69.544337 71.751808 3.906827
66.916008 74.310809 0.389286
5
-21.820782 -51.053966 83.170584
-10.689547 -65.478957 74.821386
-30.696536 -86.040482 40.678720
-35.906973 -84.321769 40.006605
-52.724558 -54.982918 64.784255
5
69.962166 71.279308 4.955354
69.544337 71.751808 3.906827
84.449324 32.935244 -42.232468
91.441511 19.704038 -35.358182
80.234760 57.840520 14.726085
5
27.019475 -37.710842 88.588038
41.418747 -26.705656 87.013191
59.948250 -32.530327 73.129920
55.478669 -61.623280 55.898915
26.701812 -46.211678 84.566506
7
3.148152 -97.676772 -21.197580
31.596125 -72.452698 -61.255951
7.278703 -62.455889 -77.757845
1.737636 -63.931650 -76.874734
-11.922137 -74.064704 -66.123235
-14.878467 -78.502204 -60.133478
-15.273174 -93.705915 -31.399549
6
66.777931 -68.997893 27.928455
68.276045 -68.874500 24.386162
68.891311 -71.252763 13.305303
66.455135 -74.127478 9.425073
28.904951 -95.264826 9.440165
32.640628 -88.923897 32.048868
6
56.296102 -64.097380 52.175423
55.478669 -61.623280 55.898915
59.948250 -32.530327 73.129920
75.541561 -26.350590 59.992657
79.967456 -28.112197 53.055729
64.747718 -64.152976 41.135492
6
-78.844806 47.233601 -39.401568
-88.749876 21.298515 -40.863587
-86.933058 14.641721 -47.204485
-58.762313 17.880285 -78.913155
-50.747627 31.388551 -80.246104
-55.012304 45.737842 -69.869137
4
1.737636 -63.931650 -76.874734
-22.442351 -39.286585 -89.179062
-38.224702 -48.559378 -78.618439
-11.922137 -74.064704 -66.123235
5
24.223283 95.643741 -16.294399
9.071783 96.006609 -26.465709
23.723749 81.080597 -53.508135
52.504442 73.987688 -42.060737
53.293275 75.960346 -37.280727
7
-7.619632 -8.701037 -99.328914
-16.357425 -15.159141 -97.481460
-22.442351 -39.286585 -89.179062
1.737636 -63.931650 -76.874734
7.278703 -62.455889 -77.757845
19.179203 -42.434946 -88.495387
15.055322 -28.293895 -94.724827
4
51.723639 69.346396 50.157178
36.423112 72.219165 58.802628
25.920406 90.343689 34.148945
50.661045 80.187171 31.677692
5
-5.514538 38.473564 -92.137803
8.659120 44.377281 -89.194600
11.237262 56.495435 -81.743439
-13.200519 64.011699 -75.685194
-14.461445 58.716066 -79.644775
6
32.640628 -88.923897 32.048868
28.904951 -95.264826 9.440165
7.051714 -98.483510 -15.851546
-13.800975 -92.470218 35.479457
12.841266 -86.434282 48.623213
20.832702 -85.670591 47.186315
7
24.817371 64.535316 72.244661
9.727144 70.817700 69.930223
11.958979 89.854842 42.226652
25.909319 90.348671 34.144177
25.920406 90.343689 34.148945
36.423112 72.219165 58.802628
26.622892 64.943946 71.228544
9
65.825300 11.548255 74.388626
65.117227 12.887126 74.790833
58.570000 34.987891 73.112261
60.882294 45.852511 64.737111
66.754406 51.717291 53.564644
84.711479 44.654081 28.809347
86.591081 40.662239 29.130173
91.869842 15.320581 36.403460
67.502157 10.735298 72.994604
