100
7
45.268006 62.862551 63.238495
59.542436 57.963359 55.632251
67.608166 49.502396 54.576998
68.101024 47.017371 56.139268
48.002576 26.503564 83.626036
42.085212 27.689118 86.383723
30.663103 46.484181 83.060189
6
-83.142817 47.467524 -28.880895
-81.883020 31.943742 -47.694532
-66.962178 26.997343 -69.189668
-53.469832 46.129381 -70.802946
-50.745475 65.521484 -55.962772
-68.905976 68.364460 -24.047183
7
-63.941405 -41.095716 -64.981835
-53.389030 -47.286901 -70.096794
-42.627133 -43.180972 -79.487931
-35.635571 -18.045812 -91.675813
-69.611945 -14.995178 -70.209129
-70.724054 -17.309524 -68.545522
-70.574521 -27.803671 -65.162819
6
-68.905976 68.364460 -24.047183
-53.852301 84.257756 0.748503
-69.404993 69.413643 19.096940
-88.654461 43.290838 16.318391
-96.401187 26.175724 -4.652164
-83.142817 47.467524 -28.880895
8
74.961899 37.723994 -54.383949
83.270282 34.016436 -43.691443
89.691448 41.345819 -15.683346
87.373780 48.311413 -5.641808
84.778561 52.890605 -3.896092
55.663119 82.820256 -6.513243
53.806463 83.701183 -9.948692
64.936612 60.364405 -46.253378
6
-71.526194 -61.688058 32.841849
-63.637066 -72.379324 26.675031
-65.828440 -75.149332 4.381132
-82.036507 -56.657557 -7.741630
-90.721098 -40.432369 11.614902
-89.132964 -39.797044 21.714282
5
-23.895007 -72.696080 64.376304
-43.762606 -66.706198 60.291936
-46.613019 -60.371379 64.672429
-28.137497 -41.376398 86.581031
-18.569578 -70.151566 68.803550
7
-35.206127 92.977698 10.755295
-25.235712 87.661770 40.970392
-32.122803 73.098329 60.205978
-69.258827 49.088927 52.853497
-69.404993 69.413643 19.096940
-53.852301 84.257756 0.748503
-46.478438 88.509489 2.413532
7
-4.356935 -49.154886 -86.975941
25.192286 -53.604317 -80.572489
25.228620 -53.594434 -80.567695
34.516222 -28.847847 -89.310874
28.390515 -10.433758 -95.315871
-10.207901 -22.634612 -96.868329
-6.292956 -46.593862 -88.257638
7
39.440112 -24.419386 88.589904
56.760999 -14.145892 81.105380
61.002980 -13.432082 78.091072
70.903669 -19.162187 67.863689
63.322418 -43.682860 63.891151
44.409115 -53.364138 71.972907
34.848064 -48.183225 80.398938
4
-55.096536 -76.278000 33.853188
-43.762606 -66.706198 60.291936
-23.895007 -72.696080 64.376304
-13.737275 -94.434981 29.888487
7
6.353636 -99.797704 -0.222863
7.295174 -99.728263 -1.026674
9.466650 -98.807259 -12.145290
-15.235464 -80.041993 -57.975512
-40.441721 -78.634650 -46.701809
-49.602764 -80.815758 -31.754984
-47.582177 -86.387363 -16.527549
6
56.760999 -14.145892 81.105380
33.423572 13.531281 93.272554
42.085212 27.689118 86.383723
48.002576 26.503564 83.626036
59.902286 15.251246 78.607351
61.002980 -13.432082 78.091072
7
10.463607 -55.626387 82.439178
6.088919 -68.384572 72.708152
-18.569578 -70.151566 68.803550
-28.137497 -41.376398 86.581031
-26.121394 -33.307371 90.599624
-25.133574 -33.129041 90.943774
-3.637494 -36.405699 93.066609
6
34.465137 91.346532 -21.632507
53.806463 83.701183 -9.948692
55.663119 82.820256 -6.513243
55.533289 82.993639 -5.301859
24.183782 93.778238 24.915594
2.668776 99.860695 4.551847
6
99.851080 5.382191 -0.890983
89.691448 41.345819 -15.683346
83.270282 34.016436 -43.691443
89.513794 18.577500 -40.523540
98.566517 -10.433609 -13.258263
99.501887 -8.010447 -5.933566
5
10.724156 -19.841524 97.423336
-1.777423 7.681641 99.688681
11.045429 16.446015 98.017994
30.441718 12.041659 94.489683
23.917862 -17.289671 95.545817
6
24.233017 55.726515 -79.418615
70.845622 38.341255 -59.252393
74.602573 37.462811 -55.054463
74.961899 37.723994 -54.383949
64.936612 60.364405 -46.253378
26.104959 78.927804 -55.578169
5
-24.180861 -11.316526 -96.370235
-19.282317 -11.352499 -97.464419
-11.786758 7.834788 -98.993376
-24.928202 32.396170 -91.263755
-51.361954 13.408636 -84.747614
5
34.516222 -28.847847 -89.310874
25.228620 -53.594434 -80.567695
49.519124 -61.294838 -61.569467
62.373687 -26.280090 -73.613042
59.281254 -23.173800 -77.127868
5
58.614757 78.017005 21.855368
55.533289 82.993639 -5.301859
55.663119 82.820256 -6.513243
84.778561 52.890605 -3.896092
76.705348 58.852234 25.548076
6
-32.122803 73.098329 60.205978
-29.741466 69.016101 65.971380
-45.560984 27.891559 84.535541
-48.701352 25.130717 83.645833
-69.427659 48.568367 53.112276
-69.258827 49.088927 52.853497
6
76.354508 -53.703329 35.860027
85.263176 -25.907251 45.376262
95.659218 -22.322787 18.735184
95.767695 -22.778833 17.597539
90.493789 -40.131427 14.154248
81.723436 -52.917067 22.826826
5
84.491876 -41.454880 -33.802602
49.634403 -61.415877 -61.355652
43.807981 -76.814847 -46.694111
69.009387 -71.698583 -9.849751
83.451483 -49.449766 -24.301659
6
-71.177374 -29.269965 63.851786
-38.636833 -26.747089 88.271107
-26.121394 -33.307371 90.599624
-28.137497 -41.376398 86.581031
-46.613019 -60.371379 64.672429
-71.036581 -30.186427 63.581317
6
-53.469832 46.129381 -70.802946
-22.079012 44.646174 -86.713530
-11.487969 53.833348 -83.486509
-16.833086 64.635879 -74.423453
-38.060739 71.104335 -59.123208
-50.745475 65.521484 -55.962772
6
34.848064 -48.183225 80.398938
10.463607 -55.626387 82.439178
-3.637494 -36.405699 93.066609
10.724156 -19.841524 97.423336
23.917862 -17.289671 95.545817
39.440112 -24.419386 88.589904
7
-11.487969 53.833348 -83.486509
-22.079012 44.646174 -86.713530
-24.928202 32.396170 -91.263755
-11.786758 7.834788 -98.993376
18.964889 18.556624 -96.415687
22.580111 27.605811 -93.424075
17.868326 50.570181 -84.400117
5
85.263176 -25.907251 45.376262
77.671591 -15.505089 61.046836
80.493293 -8.819193 58.677523
92.701772 9.452753 36.290866
95.659218 -22.322787 18.735184
6
-50.745475 65.521484 -55.962772
-38.060739 71.104335 -59.123208
-22.918135 88.202133 -41.172113
-46.478438 88.509489 2.413532
-53.852301 84.257756 0.748503
-68.905976 68.364460 -24.047183
6
-71.036581 -30.186427 63.581317
-46.613019 -60.371379 64.672429
-43.762606 -66.706198 60.291936
-55.096536 -76.278000 33.853188
-63.637066 -72.379324 26.675031
-71.526194 -61.688058 32.841849
7
74.602573 37.462811 -55.054463
72.195214 7.414747 -68.795876
80.073312 -20.406544 -56.319071
83.423517 -22.986989 -50.121006
89.513794 18.577500 -40.523540
83.270282 34.016436 -43.691443
74.961899 37.723994 -54.383949
6
6.432273 66.001399 74.849457
11.734127 75.426570 64.599867
39.637086 68.583906 61.034001
45.268006 62.862551 63.238495
30.663103 46.484181 83.060189
20.443486 48.050018 85.283408
6
-19.282317 -11.352499 -97.464419
-10.207901 -22.634612 -96.868329
28.390515 -10.433758 -95.315871
28.541877 -9.887917 -95.328854
18.964889 18.556624 -96.415687
-11.786758 7.834788 -98.993376
7
-87.967272 17.849958 44.081040
-85.649235 26.763628 44.135210
-69.427659 48.568367 53.112276
-48.701352 25.130717 83.645833
-49.559297 22.029350 84.015379
-76.767237 -4.421361 63.931548
-85.905620 7.756007 50.597122
7
95.767695 -22.778833 17.597539
95.659218 -22.322787 18.735184
92.701772 9.452753 36.290866
92.804454 13.483875 34.720577
93.946624 20.084098 27.760781
99.851080 5.382191 -0.890983
99.501887 -8.010447 -5.933566
5
7.824615 88.585927 -45.730831
20.689108 86.515577 -45.683867
34.465137 91.346532 -21.632507
2.668776 99.860695 4.551847
-15.910155 98.600101 4.988698
5
-62.935108 13.297374 -76.565998
-69.611945 -14.995178 -70.209129
-35.635571 -18.045812 -91.675813
-24.180861 -11.316526 -96.370235
-51.361954 13.408636 -84.747614
7
2.668776 99.860695 4.551847
24.183782 93.778238 24.915594
25.113858 89.839228 36.030642
3.604235 86.576590 49.914963
-25.235712 87.661770 40.970392
-35.206127 92.977698 10.755295
-15.910155 98.600101 4.988698
5
32.257465 86.200636 39.101231
56.367133 77.668757 28.112462
59.542436 57.963359 55.632251
45.268006 62.862551 63.238495
39.637086 68.583906 61.034001
5
76.705348 58.852234 25.548076
84.778561 52.890605 -3.896092
87.373780 48.311413 -5.641808
91.853010 30.285990 25.412267
77.031372 48.742310 41.113927
5
9.466650 -98.807259 -12.145290
27.580444 -88.546970 -37.399909
11.466123 -76.796412 -63.014594
-15.138593 -79.904437 -58.190239
-15.235464 -80.041993 -57.975512
7
20.443486 48.050018 85.283408
30.663103 46.484181 83.060189
42.085212 27.689118 86.383723
33.423572 13.531281 93.272554
30.441718 12.041659 94.489683
11.045429 16.446015 98.017994
9.260852 40.201950 91.093577
6
-49.559297 22.029350 84.015379
-44.363015 11.549758 88.873652
-38.636833 -26.747089 88.271107
-71.177374 -29.269965 63.851786
-72.523277 -27.207155 63.246700
-76.767237 -4.421361 63.931548
6
-47.582177 -86.387363 -16.527549
-49.602764 -80.815758 -31.754984
-68.742554 -59.211910 -42.052479
-84.774140 -49.055738 -20.171258
-82.036507 -56.657557 -7.741630
-65.828440 -75.149332 4.381132
6
-15.910155 98.600101 4.988698
-35.206127 92.977698 10.755295
-46.478438 88.509489 2.413532
-22.918135 88.202133 -41.172113
-2.557769 87.481311 -48.378488
7.824615 88.585927 -45.730831
5
47.269125 19.987269 -85.826213
22.580111 27.605811 -93.424075
18.964889 18.556624 -96.415687
28.541877 -9.887917 -95.328854
53.470157 0.278738 -84.503637
7
80.073312 -20.406544 -56.319071
62.373687 -26.280090 -73.613042
49.519124 -61.294838 -61.569467
49.634403 -61.415877 -61.355652
84.491876 -41.454880 -33.802602
86.169628 -36.847778 -34.886051
83.423517 -22.986989 -50.121006
5
24.233017 55.726515 -79.418615
17.868326 50.570181 -84.400117
22.580111 27.605811 -93.424075
47.269125 19.987269 -85.826213
70.845622 38.341255 -59.252393
5
20.689108 86.515577 -45.683867
26.104959 78.927804 -55.578169
64.936612 60.364405 -46.253378
53.806463 83.701183 -9.948692
34.465137 91.346532 -21.632507
8
-99.965130 0.844895 -2.501793
-99.061632 -7.869553 -11.174217
-98.375806 -9.822256 -15.024119
-90.838431 2.693738 -41.726769
-81.883020 31.943742 -47.694532
-83.142817 47.467524 -28.880895
-96.401187 26.175724 -4.652164
-99.688065 7.887585 -0.275117
7
-63.637066 -72.379324 26.675031
-55.096536 -76.278000 33.853188
-13.737275 -94.434981 29.888487
0.784257 -98.003851 19.865299
6.353636 -99.797704 -0.222863
-47.582177 -86.387363 -16.527549
-65.828440 -75.149332 4.381132
6
-91.970407 -30.123140 -25.180162
-98.375806 -9.822256 -15.024119
-99.061632 -7.869553 -11.174217
-90.721098 -40.432369 11.614902
-82.036507 -56.657557 -7.741630
-84.774140 -49.055738 -20.171258
6
18.019989 -82.459216 53.626091
0.784257 -98.003851 19.865299
-13.737275 -94.434981 29.888487
-23.895007 -72.696080 64.376304
-18.569578 -70.151566 68.803550
6.088919 -68.384572 72.708152
5
63.322418 -43.682860 63.891151
68.826371 -58.579642 42.794349
56.115914 -72.441445 40.040495
39.395969 -74.228851 54.203646
44.409115 -53.364138 71.972907
6
76.705348 58.852234 25.548076
77.031372 48.742310 41.113927
67.608166 49.502396 54.576998
59.542436 57.963359 55.632251
56.367133 77.668757 28.112462
58.614757 78.017005 21.855368
5
-47.694052 -55.515942 -68.141453
-40.441721 -78.634650 -46.701809
-15.235464 -80.041993 -57.975512
-15.138593 -79.904437 -58.190239
-16.575069 -67.687766 -71.719129
6
-89.132964 -39.797044 21.714282
-91.258364 -27.435894 30.318027
-72.523277 -27.207155 63.246700
-71.177374 -29.269965 63.851786
-71.036581 -30.186427 63.581317
-71.526194 -61.688058 32.841849
7
3.604235 86.576590 49.914963
11.734127 75.426570 64.599867
6.432273 66.001399 74.849457
-13.861153 62.493243 76.827488
-29.741466 69.016101 65.971380
-32.122803 73.098329 60.205978
-25.235712 87.661770 40.970392
6
-6.292956 -46.593862 -88.257638
-10.207901 -22.634612 -96.868329
-19.282317 -11.352499 -97.464419
-24.180861 -11.316526 -96.370235
-35.635571 -18.045812 -91.675813
-42.627133 -43.180972 -79.487931
6
56.367133 77.668757 28.112462
32.257465 86.200636 39.101231
25.113858 89.839228 36.030642
24.183782 93.778238 24.915594
55.533289 82.993639 -5.301859
58.614757 78.017005 21.855368
5
-70.574521 -27.803671 -65.162819
-70.724054 -17.309524 -68.545522
-90.838431 2.693738 -41.726769
-98.375806 -9.822256 -15.024119
-91.970407 -30.123140 -25.180162
5
74.867780 28.678287 59.769318
92.804454 13.483875 34.720577
92.701772 9.452753 36.290866
80.493293 -8.819193 58.677523
73.910666 22.323257 63.552227
7
43.807981 -76.814847 -46.694111
49.634403 -61.415877 -61.355652
49.519124 -61.294838 -61.569467
25.228620 -53.594434 -80.567695
25.192286 -53.604317 -80.572489
11.466123 -76.796412 -63.014594
27.580444 -88.546970 -37.399909
6
-66.962178 26.997343 -69.189668
-62.935108 13.297374 -76.565998
-51.361954 13.408636 -84.747614
-24.928202 32.396170 -91.263755
-22.079012 44.646174 -86.713530
-53.469832 46.129381 -70.802946
6
9.260852 40.201950 91.093577
11.045429 16.446015 98.017994
-1.777423 7.681641 99.688681
-3.406214 7.967758 99.623855
-20.513713 33.741592 91.873242
-12.555545 41.144995 90.274291
7
-3.406214 7.967758 99.623855
-16.060332 1.187920 98.694755
-44.363015 11.549758 88.873652
-49.559297 22.029350 84.015379
-48.701352 25.130717 83.645833
-45.560984 27.891559 84.535541
-20.513713 33.741592 91.873242
6
59.902286 15.251246 78.607351
73.910666 22.323257 63.552227
80.493293 -8.819193 58.677523
77.671591 -15.505089 61.046836
70.903669 -19.162187 67.863689
61.002980 -13.432082 78.091072
6
-53.389030 -47.286901 -70.096794
-47.694052 -55.515942 -68.141453
-16.575069 -67.687766 -71.719129
-4.356935 -49.154886 -86.975941
-6.292956 -46.593862 -88.257638
-42.627133 -43.180972 -79.487931
6
-81.883020 31.943742 -47.694532
-90.838431 2.693738 -41.726769
-70.724054 -17.309524 -68.545522
-69.611945 -14.995178 -70.209129
-62.935108 13.297374 -76.565998
-66.962178 26.997343 -69.189668
5
65.984717 -75.092319 -2.675964
81.723436 -52.917067 22.826826
90.493789 -40.131427 14.154248
83.451483 -49.449766 -24.301659
69.009387 -71.698583 -9.849751
6
63.322418 -43.682860 63.891151
70.903669 -19.162187 67.863689
77.671591 -15.505089 61.046836
85.263176 -25.907251 45.376262
76.354508 -53.703329 35.860027
68.826371 -58.579642 42.794349
5
23.917862 -17.289671 95.545817
30.441718 12.041659 94.489683
33.423572 13.531281 93.272554
56.760999 -14.145892 81.105380
39.440112 -24.419386 88.589904
5
72.195214 7.414747 -68.795876
58.051443 -1.909669 -81.402599
59.281254 -23.173800 -77.127868
62.373687 -26.280090 -73.613042
80.073312 -20.406544 -56.319071
5
-99.688065 7.887585 -0.275117
-96.401187 26.175724 -4.652164
-88.654461 43.290838 16.318391
-85.649235 26.763628 44.135210
-87.967272 17.849958 44.081040
7
74.867780 28.678287 59.769318
68.101024 47.017371 56.139268
67.608166 49.502396 54.576998
77.031372 48.742310 41.113927
91.853010 30.285990 25.412267
93.946624 20.084098 27.760781
92.804454 13.483875 34.720577
6
70.845622 38.341255 -59.252393
47.269125 19.987269 -85.826213
53.470157 0.278738 -84.503637
58.051443 -1.909669 -81.402599
72.195214 7.414747 -68.795876
74.602573 37.462811 -55.054463
5
-12.555545 41.144995 90.274291
-20.513713 33.741592 91.873242
-45.560984 27.891559 84.535541
-29.741466 69.016101 65.971380
-13.861153 62.493243 76.827488
5
-44.363015 11.549758 88.873652
-16.060332 1.187920 98.694755
-25.133574 -33.129041 90.943774
-26.121394 -33.307371 90.599624
-38.636833 -26.747089 88.271107
8
7.824615 88.585927 -45.730831
-2.557769 87.481311 -48.378488
-16.833086 64.635879 -74.423453
-11.487969 53.833348 -83.486509
17.868326 50.570181 -84.400117
24.233017 55.726515 -79.418615
26.104959 78.927804 -55.578169
20.689108 86.515577 -45.683867
6
-89.132964 -39.797044 21.714282
-90.721098 -40.432369 11.614902
-99.061632 -7.869553 -11.174217
-99.965130 0.844895 -2.501793
-95.182020 -16.778808 25.668165
-91.258364 -27.435894 30.318027
7
65.984717 -75.092319 -2.675964
69.009387 -71.698583 -9.849751
43.807981 -76.814847 -46.694111
27.580444 -88.546970 -37.399909
9.466650 -98.807259 -12.145290
7.295174 -99.728263 -1.026674
50.849863 -85.785122 7.429955
5
-91.970407 -30.123140 -25.180162
-84.774140 -49.055738 -20.171258
-68.742554 -59.211910 -42.052479
-63.941405 -41.095716 -64.981835
-70.574521 -27.803671 -65.162819
7
18.019989 -82.459216 53.626091
39.395969 -74.228851 54.203646
56.115914 -72.441445 40.040495
50.849863 -85.785122 7.429955
7.295174 -99.728263 -1.026674
6.353636 -99.797704 -0.222863
0.784257 -98.003851 19.865299
5
-85.905620 7.756007 50.597122
-76.767237 -4.421361 63.931548
-72.523277 -27.207155 63.246700
-91.258364 -27.435894 30.318027
-95.182020 -16.778808 25.668165
5
6.432273 66.001399 74.849457
20.443486 48.050018 85.283408
9.260852 40.201950 91.093577
-12.555545 41.144995 90.274291
-13.861153 62.493243 76.827488
6
53.470157 0.278738 -84.503637
28.541877 -9.887917 -95.328854
28.390515 -10.433758 -95.315871
34.516222 -28.847847 -89.310874
59.281254 -23.173800 -77.127868
58.051443 -1.909669 -81.402599
6
50.849863 -85.785122 7.429955
56.115914 -72.441445 40.040495
68.826371 -58.579642 42.794349
76.354508 -53.703329 35.860027
81.723436 -52.917067 22.826826
65.984717 -75.092319 -2.675964
5
-16.575069 -67.687766 -71.719129
-15.138593 -79.904437 -58.190239
11.466123 -76.796412 -63.014594
25.192286 -53.604317 -80.572489
-4.356935 -49.154886 -86.975941
7
99.501887 -8.010447 -5.933566
98.566517 -10.433609 -13.258263
86.169628 -36.847778 -34.886051
84.491876 -41.454880 -33.802602
83.451483 -49.449766 -24.301659
90.493789 -40.131427 14.154248
95.767695 -22.778833 17.597539
6
34.848064 -48.183225 80.398938
44.409115 -53.364138 71.972907
39.395969 -74.228851 54.203646
18.019989 -82.459216 53.626091
6.088919 -68.384572 72.708152
10.463607 -55.626387 82.439178
5
93.946624 20.084098 27.760781
91.853010 30.285990 25.412267
87.373780 48.311413 -5.641808
89.691448 41.345819 -15.683346
99.851080 5.382191 -0.890983
6
-53.389030 -47.286901 -70.096794
-63.941405 -41.095716 -64.981835
-68.742554 -59.211910 -42.052479
-49.602764 -80.815758 -31.754984
-40.441721 -78.634650 -46.701809
-47.694052 -55.515942 -68.141453
6
10.724156 -19.841524 97.423336
-3.637494 -36.405699 93.066609
-25.133574 -33.129041 90.943774
-16.060332 1.187920 98.694755
-3.406214 7.967758 99.623855
-1.777423 7.681641 99.688681
5
-87.967272 17.849958 44.081040
-85.905620 7.756007 50.597122
-95.182020 -16.778808 25.668165
-99.965130 0.844895 -2.501793
-99.688065 7.887585 -0.275117
5
-69.258827 49.088927 52.853497
-69.427659 48.568367 53.112276
-85.649235 26.763628 44.135210
-88.654461 43.290838 16.318391
-69.404993 69.413643 19.096940
5
73.910666 22.323257 63.552227
59.902286 15.251246 78.607351
48.002576 26.503564 83.626036
68.101024 47.017371 56.139268
74.867780 28.678287 59.769318
4
-22.918135 88.202133 -41.172113
-38.060739 71.104335 -59.123208
-16.833086 64.635879 -74.423453
-2.557769 87.481311 -48.378488
5
25.113858 89.839228 36.030642
32.257465 86.200636 39.101231
39.637086 68.583906 61.034001
11.734127 75.426570 64.599867
3.604235 86.576590 49.914963
4
83.423517 -22.986989 -50.121006
86.169628 -36.847778 -34.886051
98.566517 -10.433609 -13.258263
89.513794 18.577500 -40.523540
