100
5
42.109570 86.951364 25.811711
65.166064 75.255606 9.485666
67.459621 62.516276 39.254486
43.984110 66.476065 60.384857
31.105191 77.764189 54.636965
7
-13.799741 -57.850958 80.391752
-25.995994 -58.465308 76.850608
-27.578843 -57.861603 76.755732
-52.707264 -10.514070 84.329109
-52.166846 -9.546665 84.779015
-2.242837 -19.805156 97.993497
-2.997488 -41.550564 90.909657
6
-98.538418 17.007617 -0.959744
-79.120884 52.435188 31.471206
-76.710440 45.645609 45.077564
-78.095862 35.536804 51.363137
-83.850538 18.844313 51.127087
-88.826310 7.214001 45.363475
5
5.740797 87.458306 48.146527
30.076449 77.969217 54.920018
15.262679 67.384077 72.294099
-10.619205 68.345674 72.222581
-16.801774 80.645490 56.692198
7
92.738364 34.561337 14.321660
89.475021 21.328690 39.234012
80.135542 27.658765 53.040433
67.459621 62.516276 39.254486
65.166064 75.255606 9.485666
69.613704 71.581406 -5.480385
91.775583 38.234599 10.740475
5
-61.150347 -56.371547 55.523723
-51.945518 -80.126102 29.689576
-56.374007 -79.199398 23.439852
-82.752492 -52.488689 19.923922
-81.522401 -49.452090 30.142808
7
36.773527 -80.925158 -45.812951
-4.557846 -89.302276 -44.769739
-11.354412 -94.056178 -32.008011
5.643007 -99.724713 -4.810211
6.987670 -99.678676 -3.915862
15.929198 -98.545085 -5.926800
43.181834 -83.837453 -33.265758
8
37.662530 -12.803548 -91.747496
47.113467 -26.436413 -84.151276
70.535663 -22.166888 -67.330152
74.350297 -12.939590 -65.609453
74.744589 2.350870 -66.390661
74.216455 3.111823 -66.949491
41.476862 13.125161 -90.041102
39.331089 9.419084 -91.456800
7
8.696189 -19.183546 -97.756677
-1.815528 -35.695061 -93.394681
7.720524 -47.142448 -87.852052
30.940498 -55.254814 -77.392449
36.941380 -49.706580 -78.514905
47.113467 -26.436413 -84.151276
37.662530 -12.803548 -91.747496
6
-95.659267 -24.378255 15.968887
-82.994232 -52.340830 19.297536
-82.994042 -54.679154 -11.053469
-83.271032 -52.083130 -18.795818
-98.061934 -9.570791 -17.095529
-99.071747 -5.093273 -12.603475
6
-47.736488 87.094849 11.649680
-44.261398 87.302362 -20.475014
-33.520538 89.990847 -27.893028
-27.596913 91.707642 -28.777053
-4.469311 99.836452 3.564835
-30.517790 91.778271 25.404990
6
-0.563976 55.699997 -83.049336
-14.717460 67.999645 -71.829275
-39.283701 52.011142 -75.839515
-44.809762 28.888494 -84.602247
-4.951203 36.914514 -92.805195
1.581051 48.168712 -87.620063
5
31.105191 77.764189 54.636965
30.076449 77.969217 54.920018
5.740797 87.458306 48.146527
8.857076 98.737910 13.129254
42.109570 86.951364 25.811711
6
-11.354412 -94.056178 -32.008011
-4.557846 -89.302276 -44.769739
-11.007502 -75.047614 -65.166637
-11.896563 -74.355622 -65.800557
-56.339563 -67.119143 -48.175452
-32.370088 -90.404735 -27.913461
6
-29.892624 -44.828574 -84.242685
-62.088936 -43.882433 -64.956109
-63.947687 -59.619094 -48.541292
-56.339563 -67.119143 -48.175452
-11.896563 -74.355622 -65.800557
-12.297592 -72.646349 -67.611221
6
31.935270 -67.614351 66.396070
36.045966 -71.486987 59.919104
27.809739 -80.872218 51.829555
3.764481 -84.959029 52.609809
0.224995 -83.409769 55.161217
-9.480139 -61.561013 78.232785
5
-49.239638 74.384686 45.192660
-31.646365 81.605474 48.363769
-44.859912 50.009149 74.072082
-48.329194 48.540829 72.856550
-60.234188 60.131826 52.497677
5
-70.730831 68.619282 16.986574
-71.716394 68.268680 14.005218
-57.309053 79.701883 -19.059967
-44.261398 87.302362 -20.475014
-47.736488 87.094849 11.649680
5
70.535663 -22.166888 -67.330152
74.910777 -36.716051 -55.138979
95.128135 -14.698840 -27.103174
95.390827 -7.670751 -29.012923
74.350297 -12.939590 -65.609453
5
-78.095862 35.536804 51.363137
-76.710440 45.645609 45.077564
-60.234188 60.131826 52.497677
-48.329194 48.540829 72.856550
-56.716501 39.435091 72.305685
3
-95.574298 -8.901175 -28.041446
-77.073365 -17.403552 -61.292845
-81.001000 18.509625 -55.643793
4
3.764481 -84.959029 52.609809
27.809739 -80.872218 51.829555
26.863832 -90.688765 32.463555
8.673929 -96.060655 26.402907
5
63.331633 -53.461545 -55.955050
36.941380 -49.706580 -78.514905
30.940498 -55.254814 -77.392449
29.119767 -64.380407 -70.761588
36.941798 -79.977099 -47.317726
6
74.350297 -12.939590 -65.609453
95.390827 -7.670751 -29.012923
96.125030 5.664517 -26.979469
94.596087 12.372098 -29.975183
86.388594 16.648337 -47.537813
74.744589 2.350870 -66.390661
7
-9.480139 -61.561013 78.232785
0.224995 -83.409769 55.161217
-25.436314 -90.643688 33.715217
-29.100508 -89.712705 33.238396
-32.395099 -87.863190 35.080155
-25.995994 -58.465308 76.850608
-13.799741 -57.850958 80.391752
7
-37.403332 -92.699500 -2.791679
-56.797930 -81.109686 13.971899
-56.374007 -79.199398 23.439852
-51.945518 -80.126102 29.689576
-32.395099 -87.863190 35.080155
-29.100508 -89.712705 33.238396
-27.862009 -95.729042 7.723923
7
42.109570 86.951364 25.811711
8.857076 98.737910 13.129254
3.697755 99.792897 5.263489
33.006252 91.341090 -23.820005
69.405382 71.704839 -6.427213
69.613704 71.581406 -5.480385
65.166064 75.255606 9.485666
8
-70.731150 68.618107 16.989994
-79.120884 52.435188 31.471206
-98.538418 17.007617 -0.959744
-98.548275 16.639421 -3.371509
-95.610837 27.332113 -10.560469
-84.911291 51.776056 -10.455270
-71.716394 68.268680 14.005218
-70.730831 68.619282 16.986574
7
40.484719 -40.849300 81.806615
62.801498 -42.942470 64.899277
69.470498 -51.052234 50.670694
69.503307 -51.355400 50.318120
46.089637 -69.885257 54.697314
36.045966 -71.486987 59.919104
31.935270 -67.614351 66.396070
6
-61.142962 -78.999979 4.532267
-82.994042 -54.679154 -11.053469
-82.994232 -52.340830 19.297536
-82.752492 -52.488689 19.923922
-56.374007 -79.199398 23.439852
-56.797930 -81.109686 13.971899
4
69.503307 -51.355400 50.318120
83.023827 -52.176466 19.612767
49.353946 -84.847992 19.105135
46.089637 -69.885257 54.697314
8
-95.574298 -8.901175 -28.041446
-98.061934 -9.570791 -17.095529
-83.271032 -52.083130 -18.795818
-72.454552 -59.192609 -35.306840
-63.947687 -59.619094 -48.541292
-62.088936 -43.882433 -64.956109
-68.231288 -25.038818 -68.684416
-77.073365 -17.403552 -61.292845
5
-49.239638 74.384686 45.192660
-60.234188 60.131826 52.497677
-76.710440 45.645609 45.077564
-79.120884 52.435188 31.471206
-70.731150 68.618107 16.989994
4
80.081679 -18.249763 57.042711
69.470498 -51.052234 50.670694
62.801498 -42.942470 64.899277
65.987450 -6.066134 74.892312
5
-27.596913 91.707642 -28.777053
-33.520538 89.990847 -27.893028
-54.666954 64.056986 -53.927978
-15.995646 73.182664 -66.245279
-11.710477 86.248241 -49.235208
7
-0.563976 55.699997 -83.049336
1.581051 48.168712 -87.620063
10.568891 46.557285 -87.867615
55.932923 48.540984 -67.195840
56.057491 48.652521 -67.011118
56.874315 50.668499 -64.792094
31.980437 73.979534 -59.196961
5
48.244116 -82.369356 -29.795881
54.537205 -81.437784 -19.838866
88.433442 -46.583725 3.079431
89.022651 -45.547372 -0.635938
75.837894 -50.961530 -40.639097
7
-30.517790 91.778271 25.404990
-4.469311 99.836452 3.564835
3.697755 99.792897 5.263489
8.857076 98.737910 13.129254
5.740797 87.458306 48.146527
-16.801774 80.645490 56.692198
-31.546587 81.658090 48.340141
6
40.484719 -40.849300 81.806615
31.935270 -67.614351 66.396070
-9.480139 -61.561013 78.232785
-13.799741 -57.850958 80.391752
-2.997488 -41.550564 90.909657
39.776147 -39.717733 82.706468
7
-57.309053 79.701883 -19.059967
-71.818399 63.735465 -27.926834
-66.242178 55.231742 -50.610557
-56.244250 62.356201 -54.298145
-54.666954 64.056986 -53.927978
-33.520538 89.990847 -27.893028
-44.261398 87.302362 -20.475014
5
43.181834 -83.837453 -33.265758
15.929198 -98.545085 -5.926800
47.800454 -86.543339 15.012230
54.537205 -81.437784 -19.838866
48.244116 -82.369356 -29.795881
6
31.980437 73.979534 -59.196961
23.168945 86.519551 -44.469847
-11.710477 86.248241 -49.235208
-15.995646 73.182664 -66.245279
-14.717460 67.999645 -71.829275
-0.563976 55.699997 -83.049336
6
43.984110 66.476065 60.384857
46.151803 28.380943 84.050777
27.291666 29.259020 91.646466
15.262679 67.384077 72.294099
30.076449 77.969217 54.920018
31.105191 77.764189 54.636965
5
29.119767 -64.380407 -70.761588
-11.007502 -75.047614 -65.166637
-4.557846 -89.302276 -44.769739
36.773527 -80.925158 -45.812951
36.941798 -79.977099 -47.317726
6
69.503307 -51.355400 50.318120
69.470498 -51.052234 50.670694
80.081679 -18.249763 57.042711
87.659584 -14.014431 46.036867
86.677331 -47.979796 13.600719
83.023827 -52.176466 19.612767
6
-71.818399 63.735465 -27.926834
-84.911291 51.776056 -10.455270
-95.610837 27.332113 -10.560469
-75.193875 32.995945 -57.071436
-74.204958 33.801403 -57.888595
-66.242178 55.231742 -50.610557
7
1.581051 48.168712 -87.620063
-4.951203 36.914514 -92.805195
-0.911078 17.039984 -98.533288
39.331089 9.419084 -91.456800
41.476862 13.125161 -90.041102
41.590066 14.070787 -89.845864
10.568891 46.557285 -87.867615
4
-41.339578 -9.097053 -90.599574
-27.965273 -19.648651 -93.978051
-10.289106 4.359682 -99.373676
-39.603423 10.277859 -91.246559
5
-56.797930 -81.109686 13.971899
-37.403332 -92.699500 -2.791679
-38.673973 -91.124531 -14.164874
-55.970924 -82.183604 -10.635361
-61.142962 -78.999979 4.532267
5
-86.075451 -12.628810 49.310546
-81.522401 -49.452090 30.142808
-82.752492 -52.488689 19.923922
-82.994232 -52.340830 19.297536
-95.659267 -24.378255 15.968887
6
-32.395099 -87.863190 35.080155
-51.945518 -80.126102 29.689576
-61.150347 -56.371547 55.523723
-59.914833 -55.081150 58.105763
-27.578843 -57.861603 76.755732
-25.995994 -58.465308 76.850608
5
74.216455 3.111823 -66.949491
56.057491 48.652521 -67.011118
55.932923 48.540984 -67.195840
41.590066 14.070787 -89.845864
41.476862 13.125161 -90.041102
5
-2.997488 -41.550564 90.909657
-2.242837 -19.805156 97.993497
2.801706 -8.804713 99.572222
42.948155 -23.082803 87.307732
39.776147 -39.717733 82.706468
6
74.744589 2.350870 -66.390661
86.388594 16.648337 -47.537813
64.565619 51.648750 -56.246667
56.874315 50.668499 -64.792094
56.057491 48.652521 -67.011118
74.216455 3.111823 -66.949491
6
-27.862009 -95.729042 7.723923
-29.100508 -89.712705 33.238396
-25.436314 -90.643688 33.715217
6.166145 -97.014949 23.453748
6.987670 -99.678676 -3.915862
5.643007 -99.724713 -4.810211
5
75.837894 -50.961530 -40.639097
89.022651 -45.547372 -0.635938
95.128135 -14.698840 -27.103174
74.910777 -36.716051 -55.138979
73.351404 -46.096210 -49.947082
6
65.987450 -6.066134 74.892312
62.801498 -42.942470 64.899277
40.484719 -40.849300 81.806615
39.776147 -39.717733 82.706468
42.948155 -23.082803 87.307732
60.106672 4.025423 79.818444
6
-31.546587 81.658090 48.340141
-16.801774 80.645490 56.692198
-10.619205 68.345674 72.222581
-16.239750 42.448757 89.075101
-44.859912 50.009149 74.072082
-31.646365 81.605474 48.363769
8
83.023827 -52.176466 19.612767
86.677331 -47.979796 13.600719
88.392839 -46.059037 8.079061
88.433442 -46.583725 3.079431
54.537205 -81.437784 -19.838866
47.800454 -86.543339 15.012230
48.788846 -85.261533 18.711480
49.353946 -84.847992 19.105135
6
-10.619205 68.345674 72.222581
15.262679 67.384077 72.294099
27.291666 29.259020 91.646466
4.842017 22.465622 97.323433
-9.480872 29.574362 95.055090
-16.239750 42.448757 89.075101
5
39.331089 9.419084 -91.456800
-0.911078 17.039984 -98.533288
-5.757862 5.932375 -99.657684
8.696189 -19.183546 -97.756677
37.662530 -12.803548 -91.747496
6
7.720524 -47.142448 -87.852052
-12.297592 -72.646349 -67.611221
-11.896563 -74.355622 -65.800557
-11.007502 -75.047614 -65.166637
29.119767 -64.380407 -70.761588
30.940498 -55.254814 -77.392449
6
63.331633 -53.461545 -55.955050
73.351404 -46.096210 -49.947082
74.910777 -36.716051 -55.138979
70.535663 -22.166888 -67.330152
47.113467 -26.436413 -84.151276
36.941380 -49.706580 -78.514905
7
47.800454 -86.543339 15.012230
15.929198 -98.545085 -5.926800
6.987670 -99.678676 -3.915862
6.166145 -97.014949 23.453748
8.673929 -96.060655 26.402907
26.863832 -90.688765 32.463555
48.788846 -85.261533 18.711480
7
36.941798 -79.977099 -47.317726
36.773527 -80.925158 -45.812951
43.181834 -83.837453 -33.265758
48.244116 -82.369356 -29.795881
75.837894 -50.961530 -40.639097
73.351404 -46.096210 -49.947082
63.331633 -53.461545 -55.955050
6
-52.166846 -9.546665 84.779015
-49.033168 7.044342 86.868439
-9.480872 29.574362 95.055090
4.842017 22.465622 97.323433
2.801706 -8.804713 99.572222
-2.242837 -19.805156 97.993497
6
99.757059 5.861297 -3.764896
92.738364 34.561337 14.321660
91.775583 38.234599 10.740475
94.215950 19.847804 -27.007767
94.596087 12.372098 -29.975183
96.125030 5.664517 -26.979469
8
96.125030 5.664517 -26.979469
95.390827 -7.670751 -29.012923
95.128135 -14.698840 -27.103174
89.022651 -45.547372 -0.635938
88.433442 -46.583725 3.079431
88.392839 -46.059037 8.079061
98.597608 -9.283770 13.868071
99.757059 5.861297 -3.764896
6
23.168945 86.519551 -44.469847
33.006252 91.341090 -23.820005
3.697755 99.792897 5.263489
-4.469311 99.836452 3.564835
-27.596913 91.707642 -28.777053
-11.710477 86.248241 -49.235208
4
-73.980979 -18.949891 64.557853
-52.707264 -10.514070 84.329109
-27.578843 -57.861603 76.755732
-59.914833 -55.081150 58.105763
7
23.168945 86.519551 -44.469847
31.980437 73.979534 -59.196961
56.874315 50.668499 -64.792094
64.565619 51.648750 -56.246667
74.010548 61.617677 -26.938831
69.405382 71.704839 -6.427213
33.006252 91.341090 -23.820005
3
10.568891 46.557285 -87.867615
41.590066 14.070787 -89.845864
55.932923 48.540984 -67.195840
5
-59.005810 24.451007 -76.944542
-66.916804 -22.064721 -70.959773
-41.339578 -9.097053 -90.599574
-39.603423 10.277859 -91.246559
-47.044202 26.483322 -84.175274
5
94.215950 19.847804 -27.007767
74.010548 61.617677 -26.938831
64.565619 51.648750 -56.246667
86.388594 16.648337 -47.537813
94.596087 12.372098 -29.975183
5
91.453204 14.670494 37.697323
98.597608 -9.283770 13.868071
88.392839 -46.059037 8.079061
86.677331 -47.979796 13.600719
87.659584 -14.014431 46.036867
6
-85.490815 -10.892908 50.721447
-73.980979 -18.949891 64.557853
-59.914833 -55.081150 58.105763
-61.150347 -56.371547 55.523723
-81.522401 -49.452090 30.142808
-86.075451 -12.628810 49.310546
4
-83.850538 18.844313 51.127087
-78.095862 35.536804 51.363137
-56.716501 39.435091 72.305685
-54.851678 14.618149 82.326199
7
-56.716501 39.435091 72.305685
-48.329194 48.540829 72.856550
-44.859912 50.009149 74.072082
-16.239750 42.448757 89.075101
-9.480872 29.574362 95.055090
-49.033168 7.044342 86.868439
-54.851678 14.618149 82.326199
8
-88.826310 7.214001 45.363475
-83.850538 18.844313 51.127087
-54.851678 14.618149 82.326199
-49.033168 7.044342 86.868439
-52.166846 -9.546665 84.779015
-52.707264 -10.514070 84.329109
-73.980979 -18.949891 64.557853
-85.490815 -10.892908 50.721447
7
-86.075451 -12.628810 49.310546
-95.659267 -24.378255 15.968887
-99.071747 -5.093273 -12.603475
-98.548275 16.639421 -3.371509
-98.538418 17.007617 -0.959744
-88.826310 7.214001 45.363475
-85.490815 -10.892908 50.721447
5
0.224995 -83.409769 55.161217
3.764481 -84.959029 52.609809
8.673929 -96.060655 26.402907
6.166145 -97.014949 23.453748
-25.436314 -90.643688 33.715217
7
-39.283701 52.011142 -75.839515
-56.244250 62.356201 -54.298145
-66.242178 55.231742 -50.610557
-74.204958 33.801403 -57.888595
-59.005810 24.451007 -76.944542
-47.044202 26.483322 -84.175274
-44.809762 28.888494 -84.602247
7
-0.911078 17.039984 -98.533288
-4.951203 36.914514 -92.805195
-44.809762 28.888494 -84.602247
-47.044202 26.483322 -84.175274
-39.603423 10.277859 -91.246559
-10.289106 4.359682 -99.373676
-5.757862 5.932375 -99.657684
7
-81.001000 18.509625 -55.643793
-75.193875 32.995945 -57.071436
-95.610837 27.332113 -10.560469
-98.548275 16.639421 -3.371509
-99.071747 -5.093273 -12.603475
-98.061934 -9.570791 -17.095529
-95.574298 -8.901175 -28.041446
7
-27.965273 -19.648651 -93.978051
-41.339578 -9.097053 -90.599574
-66.916804 -22.064721 -70.959773
-68.231288 -25.038818 -68.684416
-62.088936 -43.882433 -64.956109
-29.892624 -44.828574 -84.242685
-21.405148 -36.529134 -90.594933
5
67.459621 62.516276 39.254486
80.135542 27.658765 53.040433
58.282588 19.693680 78.837167
46.151803 28.380943 84.050777
43.984110 66.476065 60.384857
5
-15.995646 73.182664 -66.245279
-54.666954 64.056986 -53.927978
-56.244250 62.356201 -54.298145
-39.283701 52.011142 -75.839515
-14.717460 67.999645 -71.829275
5
94.215950 19.847804 -27.007767
91.775583 38.234599 10.740475
69.613704 71.581406 -5.480385
69.405382 71.704839 -6.427213
74.010548 61.617677 -26.938831
8
58.282588 19.693680 78.837167
80.135542 27.658765 53.040433
89.475021 21.328690 39.234012
91.453204 14.670494 37.697323
87.659584 -14.014431 46.036867
80.081679 -18.249763 57.042711
65.987450 -6.066134 74.892312
60.106672 4.025423 79.818444
4
-57.309053 79.701883 -19.059967
-71.716394 68.268680 14.005218
-84.911291 51.776056 -10.455270
-71.818399 63.735465 -27.926834
7
-31.546587 81.658090 48.340141
-31.646365 81.605474 48.363769
-49.239638 74.384686 45.192660
-70.731150 68.618107 16.989994
-70.730831 68.619282 16.986574
-47.736488 87.094849 11.649680
-30.517790 91.778271 25.404990
6
-38.673973 -91.124531 -14.164874
-32.370088 -90.404735 -27.913461
-56.339563 -67.119143 -48.175452
-63.947687 -59.619094 -48.541292
-72.454552 -59.192609 -35.306840
-55.970924 -82.183604 -10.635361
6
-32.370088 -90.404735 -27.913461
-38.673973 -91.124531 -14.164874
-37.403332 -92.699500 -2.791679
-27.862009 -95.729042 7.723923
5.643007 -99.724713 -4.810211
-11.354412 -94.056178 -32.008011
5
98.597608 -9.283770 13.868071
91.453204 14.670494 37.697323
89.475021 21.328690 39.234012
92.738364 34.561337 14.321660
99.757059 5.861297 -3.764896
5
-61.142962 -78.999979 4.532267
-55.970924 -82.183604 -10.635361
-72.454552 -59.192609 -35.306840
-83.271032 -52.083130 -18.795818
-82.994042 -54.679154 -11.053469
7
60.106672 4.025423 79.818444
42.948155 -23.082803 87.307732
2.801706 -8.804713 99.572222
4.842017 22.465622 97.323433
27.291666 29.259020 91.646466
46.151803 28.380943 84.050777
58.282588 19.693680 78.837167
6
-5.757862 5.932375 -99.657684
-10.289106 4.359682 -99.373676
-27.965273 -19.648651 -93.978051
-21.405148 -36.529134 -90.594933
-1.815528 -35.695061 -93.394681
8.696189 -19.183546 -97.756677
7
-74.204958 33.801403 -57.888595
-75.193875 32.995945 -57.071436
-81.001000 18.509625 -55.643793
-77.073365 -17.403552 -61.292845
-68.231288 -25.038818 -68.684416
-66.916804 -22.064721 -70.959773
-59.005810 24.451007 -76.944542
6
49.353946 -84.847992 19.105135
48.788846 -85.261533 18.711480
26.863832 -90.688765 32.463555
27.809739 -80.872218 51.829555
36.045966 -71.486987 59.919104
46.089637 -69.885257 54.697314
5
-1.815528 -35.695061 -93.394681
-21.405148 -36.529134 -90.594933
-29.892624 -44.828574 -84.242685
-12.297592 -72.646349 -67.611221
7.720524 -47.142448 -87.852052
