400
7
-4.596326 -17.831211 98.289988
4.839460 -30.989082 94.953970
3.009248 -39.238795 91.930742
-13.807842 -42.385558 89.514289
-24.003334 -29.490465 92.488661
-24.811432 -26.735474 93.110726
-19.150794 -16.691580 96.719379
7
9.717452 95.836691 -26.849578
5.428987 92.130817 -38.502450
6.857893 91.419801 -39.942325
25.689659 89.224142 -37.136154
26.226612 89.197468 -36.823586
29.395792 90.674464 -30.232912
24.422470 93.370743 -26.181049
4
38.764371 -56.614081 72.747299
10.248708 -66.047855 74.381751
13.226970 -49.344681 85.965980
38.776384 -55.029735 73.946740
8
20.940090 8.752835 -97.390454
14.653409 12.424675 -98.137175
-4.840528 14.749731 -98.787726
-8.208690 11.210132 -99.030048
-8.194980 6.171356 -99.472391
-5.269424 1.430946 -99.850817
18.347503 -0.764786 -98.299462
19.798617 1.036792 -98.014998
5
-20.537076 64.229793 73.842821
-16.428429 60.223602 78.123137
-17.603477 55.607179 81.227823
-26.649804 53.292990 80.309683
-27.018158 63.344557 72.508525
7
-53.675402 36.331207 76.151130
-39.377019 29.803152 86.955290
-36.963077 24.184343 89.715375
-39.048243 21.777713 89.448119
-52.057327 19.024533 83.235220
-56.933415 23.512875 78.776462
-55.094750 34.502813 75.987660
6
-21.217105 -53.974975 81.464941
-18.052211 -65.909833 73.006928
-28.036026 -67.922838 67.826760
-39.540783 -60.354350 69.237843
-40.444921 -58.304236 70.461510
-31.852316 -52.368344 79.012572
5
-68.316540 71.367866 -15.475079
-49.267689 83.013692 -26.104056
-45.484705 85.574174 -24.661758
-50.666641 85.847282 -7.945794
-63.643980 77.025237 -4.068987
6
-76.055579 -25.957309 59.512747
-68.348625 -39.099091 61.641922
-70.955037 -44.425701 54.696799
-79.560601 -40.796277 44.785875
-85.677956 -30.483056 41.594124
-85.677358 -26.898415 43.998473
5
-13.579603 50.900380 84.998504
-24.883655 42.107109 87.222675
-31.802240 47.066988 82.300159
-26.649804 53.292990 80.309683
-17.603477 55.607179 81.227823
8
-74.751034 -42.757969 -50.833444
-77.120604 -47.103922 -42.820940
-68.925657 -62.336746 -36.924029
-68.113562 -63.143230 -37.060427
-62.025560 -64.923307 -44.020384
-56.067191 -62.451233 -54.371992
-67.295169 -43.687648 -59.688774
-67.504164 -43.576686 -59.533690
6
-19.050984 -69.131714 -69.698394
-26.439994 -80.394838 -53.269097
-24.740144 -81.442208 -52.488970
-10.435788 -83.595630 -53.878242
-12.837110 -72.323513 -67.856600
-14.693510 -70.179843 -69.705742
5
64.178522 6.509115 -76.411706
52.926184 -6.673109 -84.583028
55.851435 -16.232679 -81.345666
69.062165 -9.233914 -71.729716
69.102645 -0.084787 -72.282898
4
-53.297880 -80.104436 27.250970
-45.246747 -80.018458 39.367224
-40.341998 -82.104633 40.390005
-39.506515 -89.320574 21.472546
5
-80.504975 -58.604110 -9.192784
-82.942246 -54.842725 -10.623530
-86.673500 -49.192923 -8.231693
-85.852819 -49.780753 12.295127
-73.620994 -66.943114 9.928178
6
6.363247 -99.743526 3.276915
16.532317 -98.584547 -2.787390
17.446474 -98.335942 -5.065875
5.071992 -99.144007 -12.030826
-9.808977 -98.942287 -10.686810
-4.981622 -99.828517 3.074179
6
24.505085 53.168663 -81.071537
16.130507 59.221669 -78.946822
-6.058411 52.256700 -85.044300
-5.284504 45.460355 -88.912486
-3.620212 44.385925 -89.536494
24.852078 44.470404 -86.050900
4
40.955579 -41.265579 -81.362108
39.337551 -54.326366 -74.170095
51.733728 -55.136070 -65.449486
54.645007 -42.246689 -72.312796
6
59.535907 66.765297 -44.697548
56.902852 71.226455 -41.095712
45.865334 78.251182 -42.108476
44.885859 77.717927 -44.104234
46.261124 69.639533 -54.865689
53.498213 63.176016 -56.095742
6
-74.073648 64.500021 -18.784088
-76.530937 56.517168 -30.803011
-66.701349 58.041965 -46.712528
-65.648210 58.766872 -47.294473
-58.401281 71.584993 -38.273739
-70.150861 68.938110 -18.066368
6
-42.985783 -88.554493 -17.616023
-44.903117 -88.422057 -12.854955
-38.161166 -92.204593 -6.483705
-31.822101 -94.549401 -6.911206
-28.686224 -93.055265 -22.755620
-29.769346 -92.189193 -24.797961
6
39.440982 47.181414 78.856345
34.417514 50.138927 79.382131
38.663145 59.074286 70.819418
44.384794 59.658560 66.864387
51.770885 46.261026 71.970084
51.200531 46.011420 72.535887
6
3.812606 99.872631 -3.304794
4.530512 99.623806 -7.387263
20.400713 96.737858 -15.019914
28.161766 95.903814 -3.061596
27.111456 96.243419 -1.474218
5.163945 99.865735 -0.410624
5
-31.852316 -52.368344 79.012572
-40.444921 -58.304236 70.461510
-47.898453 -53.710567 69.432797
-50.756409 -37.558007 77.544716
-37.491183 -43.228676 82.010321
6
91.303654 -1.238561 40.768967
97.420651 -0.068009 22.565729
96.237771 -18.556440 19.848171
95.254335 -20.491710 22.510031
91.479262 -15.810626 37.169459
89.768649 -4.832303 43.797700
6
58.119877 -70.738959 -40.225359
54.001166 -66.438827 -51.669686
45.479273 -73.241705 -50.668417
41.664515 -79.727331 -43.676320
43.107965 -82.593948 -36.331022
46.333835 -82.283991 -32.901679
7
82.971505 44.315679 33.938914
78.750799 54.895527 28.014154
79.259048 55.961354 24.214256
79.550752 55.934699 23.302089
88.805119 44.533142 11.421477
90.481253 40.216152 13.992995
90.896113 33.684438 24.561257
6
97.420651 -0.068009 22.565729
98.232434 3.646484 18.360067
99.185253 -11.026377 -6.380020
98.543398 -16.177825 -5.241825
98.304581 -17.919804 -3.884596
96.237771 -18.556440 19.848171
7
-96.109085 -26.769219 6.815617
-94.739092 -30.384153 10.065170
-92.573823 -36.524361 9.800938
-87.746838 -47.192255 -8.566421
-91.967544 -37.000278 -13.151057
-93.791950 -32.639635 -11.735600
-94.643921 -30.663214 -10.114129
7
16.672270 -0.508233 98.599073
11.586199 -10.081767 98.813552
4.740405 -9.015479 99.479896
1.038067 -0.759922 99.991724
1.604928 6.865810 99.751115
9.007003 11.853671 98.885613
10.421990 11.180455 98.824995
6
80.193218 38.747045 45.472127
80.747182 32.179393 49.440663
64.182634 38.551194 66.290233
61.081538 44.713245 65.343488
61.444520 46.977300 63.385364
68.349401 52.055691 51.171910
7
4.530512 99.623806 -7.387263
3.812606 99.872631 -3.304794
-4.439764 99.874677 -2.310258
-18.677250 97.927752 -7.830438
-17.299728 96.576160 -19.332995
-7.065579 96.972407 -23.375841
-0.794032 98.072432 -19.523516
6
57.562216 -58.339076 57.298722
57.722539 -60.506409 54.836876
54.104981 -68.830128 48.322506
44.950601 -73.802226 50.325688
35.026412 -69.087257 63.246354
39.023555 -57.127835 72.205073
7
65.517070 -70.459069 -27.258636
65.160372 -71.037859 -26.603543
63.460482 -76.342328 -12.025645
71.281701 -70.092963 -2.428090
77.900622 -62.144826 -8.337490
78.038149 -58.413437 -22.314069
77.345412 -58.778345 -23.723267
7
-22.086063 85.517470 46.893156
-5.725924 87.594118 47.900776
-3.077563 75.832654 65.114801
-11.616658 71.143145 69.308775
-13.576011 71.144489 68.950371
-24.275924 78.593991 56.865315
-24.328772 83.931513 48.616993
5
68.276645 -64.726704 33.893267
69.489103 -61.448700 37.354006
76.646044 -48.459667 42.155007
84.174870 -46.269602 27.815736
76.046038 -61.306111 21.414034
7
44.400602 37.694719 -81.287728
58.986995 28.050556 -75.721204
64.067830 40.331300 -65.335284
60.416240 47.950589 -63.644473
54.658029 53.426263 -64.483597
49.142147 53.726869 -68.545408
42.423639 40.452993 -81.017222
7
92.158874 18.497113 -34.126218
92.370479 24.764491 -29.230372
87.803063 40.676127 -25.220524
79.317002 45.723592 -40.226439
79.202205 45.651466 -40.533374
80.044563 31.519833 -50.983999
90.891890 19.256931 -36.984253
6
-25.304801 72.652500 -63.884906
-15.183944 80.217859 -57.745501
-15.048291 81.957091 -55.286384
-28.188322 85.322886 -43.879650
-30.080901 84.123437 -44.926459
-33.472969 73.406506 -59.085068
6
-46.491628 49.550847 -73.370580
-34.465936 43.153302 -83.366011
-20.447547 57.382403 -79.304210
-29.994374 61.547319 -72.885287
-40.256827 58.008879 -70.812130
-46.975800 51.053808 -72.019323
6
74.213480 -22.912038 62.987284
65.106742 -1.030405 75.894996
72.180731 5.150502 69.017493
83.802573 -2.292040 54.514909
85.390013 -5.536407 51.748370
75.927777 -25.186944 60.004921
6
9.007003 11.853671 98.885613
1.604928 6.865810 99.751115
-10.816601 11.828536 98.707076
-6.469638 26.313585 96.258709
-0.264049 29.487300 95.553281
7.615628 27.030298 95.975857
7
-85.677358 -26.898415 43.998473
-85.677956 -30.483056 41.594124
-88.485119 -34.716060 31.067329
-92.111085 -30.048850 24.751051
-97.211271 -10.994929 20.714254
-95.668231 -5.411884 28.605961
-86.125138 -25.607402 43.894436
6
44.950601 -73.802226 50.325688
54.104981 -68.830128 48.322506
56.095343 -70.970530 42.620375
52.258176 -76.845124 36.931151
47.986858 -79.388272 37.346536
42.831264 -77.878697 45.830027
5
49.652562 64.280847 58.331773
56.370324 66.571528 48.893950
68.323832 52.169845 51.089737
68.349401 52.055691 51.171910
61.444520 46.977300 63.385364
7
79.582214 -11.247613 -59.499264
81.935046 -13.303549 -55.764360
87.587855 -5.374745 -47.952891
83.985679 7.562002 -53.751483
80.918584 8.929180 -58.072821
79.199449 8.020316 -60.523730
77.696249 2.698746 -62.896818
7
51.090750 85.338045 -10.351485
49.584864 86.827862 -1.504552
44.507224 89.533390 -1.696778
36.528940 92.958468 -4.935552
30.735276 90.386876 -29.758285
41.758028 86.046519 -29.193557
42.233727 85.931580 -28.845725
6
60.121824 -79.241234 10.305008
58.530569 -78.714754 19.446335
59.408967 -77.697538 20.824678
75.904769 -63.323154 15.120985
76.026521 -63.296499 14.612366
70.989621 -70.430583 -0.081775
5
73.505551 -39.310988 55.241109
76.646044 -48.459667 42.155007
69.489103 -61.448700 37.354006
57.722539 -60.506409 54.836876
57.562216 -58.339076 57.298722
7
99.143382 -1.446155 -12.980697
95.929527 2.943837 -28.086646
93.143263 -4.979822 -36.049050
91.449317 -18.582061 -35.940636
92.772851 -26.645864 -26.138021
98.543398 -16.177825 -5.241825
99.185253 -11.026377 -6.380020
8
43.996150 31.604356 84.056549
35.916911 23.962877 90.198426
32.991845 24.186182 91.250023
28.464104 28.493998 91.530797
27.434136 41.531252 86.732481
31.164736 49.965035 80.822364
34.417514 50.138927 79.382131
39.440982 47.181414 78.856345
6
-97.264220 -6.326598 -22.352755
-93.756496 -14.598193 -31.569165
-89.643670 -17.706600 -40.626208
-87.916185 -12.129004 -46.082879
-92.154378 9.482347 -37.651769
-93.471274 10.647594 -33.907960
7
-31.608927 93.089278 18.310164
-35.509070 92.054541 16.280891
-36.834724 91.919004 13.931971
-29.486854 95.551507 -0.659581
-25.483654 96.697339 -0.456044
-19.652174 97.774168 7.348748
-23.537924 95.841817 16.134193
8
42.746454 -27.676941 -86.062347
55.818430 -16.423045 -81.330108
55.851435 -16.232679 -81.345666
52.926184 -6.673109 -84.583028
46.959590 -2.629572 -88.248979
35.955463 -9.925766 -92.782993
32.866022 -30.753250 -89.297605
33.541201 -30.862820 -89.008282
7
-31.050050 35.681346 -88.106390
-8.196409 43.563172 -89.638546
-5.284504 45.460355 -88.912486
-6.058411 52.256700 -85.044300
-10.499319 58.495026 -80.424476
-20.447547 57.382403 -79.304210
-34.465936 43.153302 -83.366011
5
-64.857077 18.967258 73.714332
-56.933415 23.512875 78.776462
-52.057327 19.024533 83.235220
-53.940285 3.775893 84.120082
-70.939128 9.665983 69.815535
6
23.315195 -71.790299 -65.593862
31.379444 -74.538896 -58.815674
32.606046 -74.027126 -58.794815
38.084353 -66.997825 -63.724983
30.995187 -60.597145 -73.261753
20.901642 -67.197924 -71.046185
7
-9.174879 -87.287874 47.923362
16.810659 -79.700446 58.010695
20.901202 -80.548514 55.453374
22.767967 -85.868875 45.914660
19.067144 -88.844398 41.750653
6.707013 -93.064151 35.973320
2.639181 -93.293716 35.907064
5
79.259048 55.961354 24.214256
78.750799 54.895527 28.014154
72.001050 60.123788 34.655142
61.165199 70.683224 35.534495
67.413829 71.498451 18.529629
7
20.901642 -67.197924 -71.046185
30.995187 -60.597145 -73.261753
33.543368 -56.732960 -75.207803
21.700937 -45.279365 -86.480336
4.105296 -54.070017 -84.021306
4.665299 -58.898316 -80.679758
9.496867 -64.569790 -75.766429
6
71.603525 68.341195 -14.227310
62.068935 76.320313 -17.962657
57.221139 76.651985 -29.158436
58.195134 75.161384 -31.049842
71.074979 64.004301 -29.185559
71.699026 63.723108 -28.259780
4
-98.380520 -15.108588 9.643850
-96.109085 -26.769219 6.815617
-94.643921 -30.663214 -10.114129
-98.247756 -15.555288 -10.267009
6
10.248708 -66.047855 74.381751
8.502204 -67.272839 73.498828
-0.843388 -61.417334 78.912609
-1.679171 -58.603637 81.011074
10.532648 -46.157865 88.082432
13.226970 -49.344681 85.965980
7
-19.150794 -16.691580 96.719379
-24.811432 -26.735474 93.110726
-34.727143 -24.441945 90.535169
-42.826467 -15.433014 89.037721
-44.071477 -2.182533 89.738183
-37.763373 1.505375 92.583268
-20.453931 -10.144238 97.358775
5
-22.040963 -13.279313 -96.632582
-4.521253 -11.414068 -99.243525
-5.269424 1.430946 -99.850817
-8.194980 6.171356 -99.472391
-25.054700 -6.191356 -96.612262
8
85.054032 -45.211381 26.865269
84.174870 -46.269602 27.815736
76.646044 -48.459667 42.155007
73.505551 -39.310988 55.241109
73.919118 -36.458502 56.628099
74.017968 -36.263435 56.624233
86.961907 -29.095353 39.888434
89.024479 -36.702729 26.973170
6
81.448670 23.911992 52.861430
72.337009 17.925716 66.678527
63.699179 27.839946 71.884296
64.182634 38.551194 66.290233
80.747182 32.179393 49.440663
82.390626 26.913611 49.874264
6
76.281315 64.579077 -3.271677
79.550752 55.934699 23.302089
79.259048 55.961354 24.214256
67.413829 71.498451 18.529629
64.803308 75.859533 6.772185
75.768602 65.168932 -3.482704
8
6.839017 -73.452948 67.512164
8.502204 -67.272839 73.498828
10.248708 -66.047855 74.381751
38.764371 -56.614081 72.747299
39.023555 -57.127835 72.205073
35.026412 -69.087257 63.246354
20.901202 -80.548514 55.453374
16.810659 -79.700446 58.010695
7
-50.875739 64.598080 -56.909992
-46.091149 70.512477 -53.885032
-48.348797 74.863835 -45.362981
-57.732808 72.053585 -38.408382
-58.401281 71.584993 -38.273739
-65.648210 58.766872 -47.294473
-65.627536 58.761429 -47.329916
6
-4.981622 -99.828517 3.074179
-6.123994 -99.663239 5.453027
-5.226951 -99.044721 12.760183
1.377116 -98.490037 17.257349
7.075278 -98.601409 15.089814
6.363247 -99.743526 3.276915
7
-31.972117 -0.809813 -94.747707
-38.854657 0.966247 -92.137842
-41.112365 -1.215209 -91.149859
-41.166581 -23.125141 -88.150669
-23.325024 -19.999880 -95.162745
-22.040963 -13.279313 -96.632582
-25.054700 -6.191356 -96.612262
7
-72.650222 8.399138 68.201171
-80.517163 20.991037 55.464970
-73.836246 35.226592 57.509096
-72.098506 36.800778 58.715485
-69.084982 34.770992 63.389616
-64.857077 18.967258 73.714332
-70.939128 9.665983 69.815535
5
-64.596573 -76.336209 0.256791
-55.266396 -82.829348 -9.215458
-60.111324 -77.041661 -21.241734
-65.122196 -72.482425 -22.481052
-71.952924 -68.033404 -13.936737
5
69.102645 -0.084787 -72.282898
69.062165 -9.233914 -71.729716
72.774927 -13.329228 -67.276605
79.582214 -11.247613 -59.499264
77.696249 2.698746 -62.896818
5
64.701356 15.486864 -74.658500
58.990252 27.936208 -75.760929
49.986290 22.409369 -83.661168
44.915132 10.917702 -88.676010
63.778596 11.002056 -76.231525
5
-91.504498 6.038158 39.880665
-91.206235 29.630744 28.345046
-87.263363 30.178486 38.397454
-82.708020 19.925760 52.558039
-90.267000 6.332642 42.564848
7
64.803308 75.859533 6.772185
54.934583 83.256852 7.105500
49.584864 86.827862 -1.504552
51.090750 85.338045 -10.351485
62.068935 76.320313 -17.962657
71.603525 68.341195 -14.227310
75.768602 65.168932 -3.482704
7
71.230218 52.975259 -46.042133
79.202205 45.651466 -40.533374
79.317002 45.723592 -40.226439
75.856288 58.181537 -29.338240
71.699026 63.723108 -28.259780
71.074979 64.004301 -29.185559
66.179802 62.690582 -41.111127
6
43.705435 9.889963 -89.398119
44.915132 10.917702 -88.676010
49.986290 22.409369 -83.661168
42.142420 28.207510 -86.187893
33.951194 25.502217 -90.537028
31.842666 14.890677 -93.617906
4
-29.616294 -73.343315 61.185237
-20.217222 -79.713340 56.895056
-36.108133 -82.092832 44.237649
-38.433843 -74.040544 55.143790
10
-22.086063 85.517470 46.893156
-24.144983 89.101843 38.443223
-23.932141 89.843145 36.816598
-16.264684 95.600055 24.414946
-4.131519 97.922967 19.850017
1.547442 97.835364 20.636061
3.092887 97.201984 23.285368
3.240600 93.527626 35.243178
-0.823254 88.716009 46.138834
-5.725924 87.594118 47.900776
7
-34.969224 93.527415 -5.456745
-29.486854 95.551507 -0.659581
-36.834724 91.919004 13.931971
-44.487763 88.838171 11.341000
-45.349474 88.519098 10.382413
-45.664890 88.856957 -4.377109
-35.234598 93.422792 -5.541209
9
-69.701883 25.436061 -67.042183
-66.902742 24.177564 -70.281352
-65.217014 24.719275 -71.663788
-53.104390 35.733747 -76.831133
-46.491628 49.550847 -73.370580
-46.975800 51.053808 -72.019323
-49.121715 51.674049 -70.120252
-60.051849 48.761321 -63.372779
-71.623588 32.768088 -61.614235
6
-37.470641 71.377199 -59.171332
-40.256827 58.008879 -70.812130
-29.994374 61.547319 -72.885287
-25.059212 72.117580 -64.583981
-25.304801 72.652500 -63.884906
-33.472969 73.406506 -59.085068
5
-29.769346 -92.189193 -24.797961
-29.230680 -90.443257 -31.073857
-33.838215 -87.960657 -33.434982
-47.013744 -84.041721 -26.957318
-42.985783 -88.554493 -17.616023
7
17.446474 -98.335942 -5.065875
20.679756 -97.557469 -7.408640
23.364225 -96.038602 -15.188809
23.140239 -95.157798 -20.236671
21.875763 -95.093062 -21.880595
6.944723 -95.429588 -29.068274
5.071992 -99.144007 -12.030826
5
48.335301 -34.615493 80.408123
48.591556 -36.910974 79.223990
39.983694 -51.874087 75.567078
23.017910 -37.343182 89.864691
24.961860 -32.749691 91.128279
6
-8.208690 11.210132 -99.030048
-4.840528 14.749731 -98.787726
-4.547248 19.452106 -97.984377
-13.085471 28.179664 -95.050918
-26.190290 23.822623 -93.522999
-19.081905 14.565594 -97.075869
6
29.395792 90.674464 -30.232912
30.735276 90.386876 -29.758285
36.528940 92.958468 -4.935552
28.161766 95.903814 -3.061596
20.400713 96.737858 -15.019914
24.422470 93.370743 -26.181049
5
4.740405 -9.015479 99.479896
11.586199 -10.081767 98.813552
20.587886 -19.654638 95.863623
4.839460 -30.989082 94.953970
-4.596326 -17.831211 98.289988
6
47.900832 -83.658950 -26.583649
46.783183 -85.791046 -21.242180
48.688192 -86.493239 -12.181114
51.073593 -85.356556 -10.283306
63.460482 -76.342328 -12.025645
65.160372 -71.037859 -26.603543
6
-6.408751 86.179324 -50.319499
-7.734956 89.220700 -44.495361
-22.776032 89.212261 -39.018263
-26.704986 88.022095 -39.229511
-28.188322 85.322886 -43.879650
-15.048291 81.957091 -55.286384
6
-22.560512 -90.752494 -35.426094
-5.994263 -95.521271 -28.978537
2.316941 -94.085843 -33.800680
5.778875 -87.059654 -48.859198
5.597061 -86.936935 -49.098291
-4.126927 -85.973894 -50.906365
6
75.927777 -25.186944 60.004921
85.390013 -5.536407 51.748370
89.768649 -4.832303 43.797700
91.479262 -15.810626 37.169459
86.961907 -29.095353 39.888434
74.017968 -36.263435 56.624233
6
-6.058411 52.256700 -85.044300
16.130507 59.221669 -78.946822
15.722270 60.365435 -78.158970
-1.064218 72.030347 -69.357743
-8.656277 64.939067 -75.551217
-10.499319 58.495026 -80.424476
6
38.776384 -55.029735 73.946740
13.226970 -49.344681 85.965980
10.532648 -46.157865 88.082432
10.022345 -44.512492 88.984216
23.017910 -37.343182 89.864691
39.983694 -51.874087 75.567078
5
38.478732 -90.529699 17.993353
41.654881 -90.171635 11.573554
39.206025 -91.942435 -3.078336
30.286830 -95.283990 -1.915501
34.446821 -92.284145 17.235226
7
-56.067191 -62.451233 -54.371992
-62.025560 -64.923307 -44.020384
-50.639828 -78.588453 -35.488912
-46.202344 -79.359427 -39.590715
-41.753640 -72.150559 -55.235228
-43.746637 -69.184945 -57.442799
-48.332853 -65.029923 -58.609252
5
49.986290 22.409369 -83.661168
58.990252 27.936208 -75.760929
58.986995 28.050556 -75.721204
44.400602 37.694719 -81.287728
42.142420 28.207510 -86.187893
6
-16.428429 60.223602 78.123137
-5.846297 62.358049 77.957005
-3.329186 49.886682 86.603900
-3.463739 49.223926 86.977052
-13.579603 50.900380 84.998504
-17.603477 55.607179 81.227823
7
-71.623588 32.768088 -61.614235
-60.051849 48.761321 -63.372779
-65.627536 58.761429 -47.329916
-65.648210 58.766872 -47.294473
-66.701349 58.041965 -46.712528
-71.599485 50.807663 -47.875830
-74.383733 34.238321 -57.400328
5
-13.576011 71.144489 68.950371
-20.537076 64.229793 73.842821
-27.018158 63.344557 72.508525
-33.010447 64.968127 68.479580
-24.275924 78.593991 56.865315
5
-20.306938 -25.515445 -94.533541
-23.325024 -19.999880 -95.162745
-41.166581 -23.125141 -88.150669
-43.449458 -26.250430 -86.157179
-29.469916 -40.278657 -86.655374
4
-49.121715 51.674049 -70.120252
-50.875739 64.598080 -56.909992
-65.627536 58.761429 -47.329916
-60.051849 48.761321 -63.372779
5
-85.799313 51.352316 1.190621
-85.193041 48.440589 19.891081
-86.350271 44.280552 24.142563
-91.204920 33.383219 23.816448
-91.255434 40.888576 0.755133
7
-9.808977 -98.942287 -10.686810
-10.757385 -98.759795 -11.435980
-25.637264 -96.641596 -1.769909
-25.886656 -96.099754 9.732336
-25.625957 -96.151553 9.909051
-6.123994 -99.663239 5.453027
-4.981622 -99.828517 3.074179
5
-23.240253 -90.599380 -35.378566
-22.560512 -90.752494 -35.426094
-4.126927 -85.973894 -50.906365
-10.435788 -83.595630 -53.878242
-24.740144 -81.442208 -52.488970
6
33.369637 -87.284330 -35.607768
32.093749 -91.366506 -24.942992
46.783183 -85.791046 -21.242180
47.900832 -83.658950 -26.583649
46.333835 -82.283991 -32.901679
43.107965 -82.593948 -36.331022
7
63.699179 27.839946 71.884296
59.694638 26.079765 75.870917
49.833639 32.050445 80.556672
51.200531 46.011420 72.535887
51.770885 46.261026 71.970084
61.081538 44.713245 65.343488
64.182634 38.551194 66.290233
6
98.232434 3.646484 18.360067
97.420651 -0.068009 22.565729
91.303654 -1.238561 40.768967
90.753478 18.512656 37.697318
92.892564 21.465732 30.169420
98.174080 6.009029 18.048315
7
21.344385 72.407690 -65.586155
20.335798 72.293458 -66.031138
15.722270 60.365435 -78.158970
16.130507 59.221669 -78.946822
24.505085 53.168663 -81.071537
35.540213 59.884196 -71.768909
32.396730 66.895991 -66.898268
7
7.615628 27.030298 95.975857
-0.264049 29.487300 95.553281
-4.204144 43.172809 90.102352
-2.879239 48.269756 87.531369
10.311595 47.191508 87.559309
12.055907 44.946413 88.512570
12.081901 29.251871 94.859663
5
-44.097881 26.313452 -85.807804
-53.104390 35.733747 -76.831133
-65.217014 24.719275 -71.663788
-50.647706 17.737179 -84.381291
-49.271324 17.990789 -85.139110
8
82.971505 44.315679 33.938914
90.896113 33.684438 24.561257
92.768975 27.740854 24.987243
92.892564 21.465732 30.169420
90.753478 18.512656 37.697318
82.390626 26.913611 49.874264
80.747182 32.179393 49.440663
80.193218 38.747045 45.472127
7
-91.967544 -37.000278 -13.151057
-87.746838 -47.192255 -8.566421
-86.673500 -49.192923 -8.231693
-82.942246 -54.842725 -10.623530
-80.731164 -54.587459 -22.420714
-83.241433 -42.983835 -34.975046
-87.570098 -35.887335 -32.304444
7
-15.183944 80.217859 -57.745501
-1.008411 72.167018 -69.216360
4.887591 75.803961 -65.037458
5.096598 77.036144 -63.556724
-1.945856 85.740656 -51.427167
-6.408751 86.179324 -50.319499
-15.048291 81.957091 -55.286384
6
42.233727 85.931580 -28.845725
41.758028 86.046519 -29.193557
45.865334 78.251182 -42.108476
56.902852 71.226455 -41.095712
58.195134 75.161384 -31.049842
57.221139 76.651985 -29.158436
6
98.188186 17.669963 6.844891
97.307728 21.967221 6.974753
96.284579 26.826108 3.104799
95.060219 30.728740 -4.393092
96.023491 25.925843 -10.360497
99.342703 1.505065 -11.347338
5
-71.401439 68.998424 11.876532
-76.066949 61.548784 20.629262
-85.193041 48.440589 19.891081
-85.799313 51.352316 1.190621
-84.672633 53.201071 -0.437284
7
-28.036026 -67.922838 67.826760
-18.052211 -65.909833 73.006928
-17.245202 -66.387237 72.769071
-8.513432 -76.159637 64.243530
-12.632510 -81.265523 56.888790
-20.217222 -79.713340 56.895056
-29.616294 -73.343315 61.185237
6
-35.234598 93.422792 -5.541209
-45.664890 88.856957 -4.377109
-50.666641 85.847282 -7.945794
-45.484705 85.574174 -24.661758
-44.492630 85.948833 -25.163543
-39.025422 88.476831 -25.472863
6
55.851435 -16.232679 -81.345666
55.818430 -16.423045 -81.330108
61.009795 -25.308603 -75.081819
68.851626 -25.507581 -67.888267
72.774927 -13.329228 -67.276605
69.062165 -9.233914 -71.729716
6
-93.791950 -32.639635 -11.735600
-91.967544 -37.000278 -13.151057
-87.570098 -35.887335 -32.304444
-88.762590 -21.758045 -40.592981
-89.643670 -17.706600 -40.626208
-93.756496 -14.598193 -31.569165
6
-13.807842 -42.385558 89.514289
-15.372710 -48.082837 86.323349
-21.217105 -53.974975 81.464941
-31.852316 -52.368344 79.012572
-37.491183 -43.228676 82.010321
-24.003334 -29.490465 92.488661
7
30.424792 81.680764 49.016169
29.770036 81.240168 50.137612
0.216216 88.462046 46.630673
-0.823254 88.716009 46.138834
3.240600 93.527626 35.243178
28.933938 89.436432 34.116737
29.078003 89.319459 34.300204
4
-93.615187 11.805441 -33.118398
-89.509045 24.826076 -37.037777
-89.881474 31.157845 -30.830329
-95.695476 19.356027 -21.626836
5
73.343395 -51.826858 -43.985489
62.874681 -69.565511 -34.747866
65.517070 -70.459069 -27.258636
77.345412 -58.778345 -23.723267
76.406805 -50.113356 -40.628213
4
1.234792 -15.614883 -98.765635
4.649984 -29.154897 -95.542502
24.087305 -28.539875 -92.764634
15.166242 -8.824231 -98.448555
4
-74.383733 34.238321 -57.400328
-71.599485 50.807663 -47.875830
-79.397101 44.989040 -40.891156
-78.376693 33.355399 -52.388084
6
-39.304086 -89.493327 21.121866
-24.905475 -91.614414 31.408861
-20.075212 -96.199906 18.508484
-25.625957 -96.151553 9.909051
-25.886656 -96.099754 9.732336
-39.305156 -90.799325 14.511626
5
96.237771 -18.556440 19.848171
98.304581 -17.919804 -3.884596
92.727245 -37.421242 -1.143974
91.636394 -32.539628 23.322607
95.254335 -20.491710 22.510031
5
-17.631090 -4.928369 98.309999
-15.306151 9.789625 98.335573
-10.816601 11.828536 98.707076
1.604928 6.865810 99.751115
1.038067 -0.759922 99.991724
5
6.363247 -99.743526 3.276915
7.075278 -98.601409 15.089814
15.392676 -97.076052 18.420249
21.077965 -96.488620 15.673723
16.532317 -98.584547 -2.787390
5
26.856669 42.170837 -86.604502
33.951194 25.502217 -90.537028
42.142420 28.207510 -86.187893
44.400602 37.694719 -81.287728
42.423639 40.452993 -81.017222
6
87.485516 47.684590 -8.512606
95.060219 30.728740 -4.393092
96.284579 26.826108 3.104799
90.481253 40.216152 13.992995
88.805119 44.533142 11.421477
86.886756 48.969229 -7.259904
6
-70.464602 -13.238932 69.709903
-67.551276 -14.520240 72.290993
-56.065561 -34.827590 75.124509
-64.441323 -40.319993 64.973948
-68.348625 -39.099091 61.641922
-76.055579 -25.957309 59.512747
8
-38.433843 -74.040544 55.143790
-36.108133 -82.092832 44.237649
-36.221650 -82.417099 43.536351
-40.341998 -82.104633 40.390005
-45.246747 -80.018458 39.367224
-57.007928 -68.723179 45.024669
-51.243071 -67.068926 53.627483
-43.634582 -69.669004 56.940786
7
-55.016808 -36.497113 -75.107334
-56.957782 -36.198432 -73.793527
-67.295169 -43.687648 -59.688774
-56.067191 -62.451233 -54.371992
-48.332853 -65.029923 -58.609252
-47.170181 -61.845829 -62.849563
-50.051449 -43.287675 -74.973526
5
24.978298 72.992157 63.625700
9.661590 77.761613 62.127169
0.216216 88.462046 46.630673
29.770036 81.240168 50.137612
30.175112 77.618132 55.361432
5
24.978298 72.992157 63.625700
24.709332 71.912522 64.946424
5.035981 69.364869 71.855090
2.300523 73.833664 67.403988
9.661590 77.761613 62.127169
6
-80.672218 3.046814 -59.014492
-80.807601 7.979173 -58.364925
-86.341323 14.736861 -48.249361
-92.154378 9.482347 -37.651769
-87.916185 -12.129004 -46.082879
-81.840624 -7.639910 -56.953877
5
20.679756 -97.557469 -7.408640
30.286830 -95.283990 -1.915501
39.206025 -91.942435 -3.078336
47.057122 -87.494689 -11.415191
23.364225 -96.038602 -15.188809
7
92.727245 -37.421242 -1.143974
91.762944 -39.706462 -1.720150
87.894040 -47.625971 2.530729
87.113321 -48.820391 5.276241
85.054032 -45.211381 26.865269
89.024479 -36.702729 26.973170
91.636394 -32.539628 23.322607
4
-83.241433 -42.983835 -34.975046
-80.731164 -54.587459 -22.420714
-68.925657 -62.336746 -36.924029
-77.120604 -47.103922 -42.820940
4
87.803063 40.676127 -25.220524
87.235779 46.122795 -16.205141
75.856288 58.181537 -29.338240
79.317002 45.723592 -40.226439
5
-50.066634 64.794115 57.402568
-63.106189 55.385505 54.314407
-69.280292 59.230151 41.134297
-61.815262 70.816264 34.116420
-45.100670 74.656194 48.911984
6
3.009248 -39.238795 91.930742
10.022345 -44.512492 88.984216
10.532648 -46.157865 88.082432
-1.679171 -58.603637 81.011074
-15.372710 -48.082837 86.323349
-13.807842 -42.385558 89.514289
6
-16.428429 60.223602 78.123137
-20.537076 64.229793 73.842821
-13.576011 71.144489 68.950371
-11.616658 71.143145 69.308775
-4.666830 64.120811 76.594662
-5.846297 62.358049 77.957005
8
75.768602 65.168932 -3.482704
71.603525 68.341195 -14.227310
71.699026 63.723108 -28.259780
75.856288 58.181537 -29.338240
87.235779 46.122795 -16.205141
87.485516 47.684590 -8.512606
86.886756 48.969229 -7.259904
76.281315 64.579077 -3.271677
5
5.096598 77.036144 -63.556724
13.946208 83.410361 -53.368670
13.467930 84.671426 -51.471978
5.991527 87.780389 -47.525835
-1.945856 85.740656 -51.427167
4
6.857893 91.419801 -39.942325
5.991527 87.780389 -47.525835
13.467930 84.671426 -51.471978
25.689659 89.224142 -37.136154
5
24.422470 93.370743 -26.181049
20.400713 96.737858 -15.019914
4.530512 99.623806 -7.387263
-0.794032 98.072432 -19.523516
9.717452 95.836691 -26.849578
5
66.179802 62.690582 -41.111127
71.074979 64.004301 -29.185559
58.195134 75.161384 -31.049842
56.902852 71.226455 -41.095712
59.535907 66.765297 -44.697548
7
-37.228862 46.675457 80.221029
-31.802240 47.066988 82.300159
-24.883655 42.107109 87.222675
-23.936096 39.247079 88.807264
-36.142149 24.371871 89.998650
-36.963077 24.184343 89.715375
-39.377019 29.803152 86.955290
6
70.989621 -70.430583 -0.081775
76.026521 -63.296499 14.612366
87.113321 -48.820391 5.276241
87.894040 -47.625971 2.530729
77.900622 -62.144826 -8.337490
71.281701 -70.092963 -2.428090
5
-31.822101 -94.549401 -6.911206
-25.637264 -96.641596 -1.769909
-10.757385 -98.759795 -11.435980
-11.367153 -98.351234 -14.064940
-28.686224 -93.055265 -22.755620
6
38.478732 -90.529699 17.993353
41.931632 -88.020052 22.230803
58.530569 -78.714754 19.446335
60.121824 -79.241234 10.305008
52.780839 -84.928746 1.136298
41.654881 -90.171635 11.573554
5
-24.905475 -91.614414 31.408861
-23.753126 -90.748596 34.647963
-8.022935 -95.623171 28.139682
-12.480495 -97.058829 20.586912
-20.075212 -96.199906 18.508484
6
-41.112365 -1.215209 -91.149859
-60.147820 -4.503199 -79.761901
-60.346413 -5.182655 -79.570412
-47.623949 -27.129584 -83.641767
-43.449458 -26.250430 -86.157179
-41.166581 -23.125141 -88.150669
5
0.004065 -94.555661 32.545766
1.377116 -98.490037 17.257349
-5.226951 -99.044721 12.760183
-12.480495 -97.058829 20.586912
-8.022935 -95.623171 28.139682
6
-4.666830 64.120811 76.594662
-11.616658 71.143145 69.308775
-3.077563 75.832654 65.114801
2.300523 73.833664 67.403988
5.035981 69.364869 71.855090
3.955965 66.176103 74.867040
6
-20.453931 -10.144238 97.358775
-37.763373 1.505375 92.583268
-37.711746 1.692651 92.601075
-21.561833 13.237097 96.746404
-15.306151 9.789625 98.335573
-17.631090 -4.928369 98.309999
7
-37.763373 1.505375 92.583268
-44.071477 -2.182533 89.738183
-52.148091 -0.046346 85.326282
-53.940285 3.775893 84.120082
-52.057327 19.024533 83.235220
-39.048243 21.777713 89.448119
-37.711746 1.692651 92.601075
4
83.802573 -2.292040 54.514909
72.180731 5.150502 69.017493
72.337009 17.925716 66.678527
81.448670 23.911992 52.861430
6
-95.256341 0.023679 30.434009
-97.713912 15.558130 14.489167
-96.068706 22.590051 16.139807
-91.806190 31.292655 24.339131
-91.206235 29.630744 28.345046
-91.504498 6.038158 39.880665
4
-32.837657 -78.350212 -52.753508
-41.753640 -72.150559 -55.235228
-46.202344 -79.359427 -39.590715
-35.984003 -85.815317 -36.618067
4
59.926469 -76.440495 23.783800
52.258176 -76.845124 36.931151
56.095343 -70.970530 42.620375
67.422850 -65.681150 33.766045
5
-80.517163 20.991037 55.464970
-82.708020 19.925760 52.558039
-87.263363 30.178486 38.397454
-80.582126 40.551781 43.151756
-73.836246 35.226592 57.509096
6
-19.150794 -16.691580 96.719379
-20.453931 -10.144238 97.358775
-17.631090 -4.928369 98.309999
1.038067 -0.759922 99.991724
4.740405 -9.015479 99.479896
-4.596326 -17.831211 98.289988
6
-64.425192 76.477650 0.750811
-55.961893 82.208588 10.488783
-54.827088 80.334276 23.246388
-57.938676 76.712557 27.537129
-60.585145 74.288568 28.471898
-71.354500 69.048914 11.865197
5
65.106742 -1.030405 75.894996
74.213480 -22.912038 62.987284
55.133856 -20.083631 80.974723
59.731967 -3.996148 80.100705
63.692692 -1.155974 77.083751
6
-33.472969 73.406506 -59.085068
-30.080901 84.123437 -44.926459
-43.012472 79.312525 -43.121349
-48.348797 74.863835 -45.362981
-46.091149 70.512477 -53.885032
-37.470641 71.377199 -59.171332
6
-76.132983 -58.090361 28.797203
-65.997136 -58.822973 46.735809
-57.821281 -68.366645 44.527535
-66.463382 -72.265026 18.983803
-66.643040 -72.176834 18.687156
-66.701152 -72.133735 18.646195
7
-33.010447 64.968127 68.479580
-27.018158 63.344557 72.508525
-26.649804 53.292990 80.309683
-31.802240 47.066988 82.300159
-37.228862 46.675457 80.221029
-42.347287 48.769203 76.343121
-40.232406 61.382862 67.922734
5
19.067144 -88.844398 41.750653
28.294358 -94.130465 18.408824
21.077965 -96.488620 15.673723
15.392676 -97.076052 18.420249
6.707013 -93.064151 35.973320
7
-30.080901 84.123437 -44.926459
-28.188322 85.322886 -43.879650
-26.704986 88.022095 -39.229511
-30.425811 90.740403 -28.990503
-39.025422 88.476831 -25.472863
-44.492630 85.948833 -25.163543
-43.012472 79.312525 -43.121349
8
48.867862 -28.027667 82.621922
55.133856 -20.083631 80.974723
74.213480 -22.912038 62.987284
75.927777 -25.186944 60.004921
74.017968 -36.263435 56.624233
73.919118 -36.458502 56.628099
48.591556 -36.910974 79.223990
48.335301 -34.615493 80.408123
7
72.337009 17.925716 66.678527
72.180731 5.150502 69.017493
65.106742 -1.030405 75.894996
63.692692 -1.155974 77.083751
56.970943 18.100148 80.166678
59.694638 26.079765 75.870917
63.699179 27.839946 71.884296
8
-22.652961 -66.568274 -71.102098
-19.050984 -69.131714 -69.698394
-14.693510 -70.179843 -69.705742
4.665299 -58.898316 -80.679758
4.105296 -54.070017 -84.021306
3.919365 -53.936703 -84.115817
-21.775556 -51.576683 -82.859345
-25.565642 -58.570394 -76.914933
7
47.986858 -79.388272 37.346536
52.258176 -76.845124 36.931151
59.926469 -76.440495 23.783800
59.408967 -77.697538 20.824678
58.530569 -78.714754 19.446335
41.931632 -88.020052 22.230803
41.086524 -86.385856 29.144149
5
-70.561682 58.474228 40.022665
-79.253883 48.723052 36.672689
-86.350271 44.280552 24.142563
-85.193041 48.440589 19.891081
-76.066949 61.548784 20.629262
8
39.023555 -57.127835 72.205073
38.764371 -56.614081 72.747299
38.776384 -55.029735 73.946740
39.983694 -51.874087 75.567078
48.591556 -36.910974 79.223990
73.919118 -36.458502 56.628099
73.505551 -39.310988 55.241109
57.562216 -58.339076 57.298722
6
-50.606042 -34.570463 79.018425
-51.600745 -36.289569 77.591432
-56.065561 -34.827590 75.124509
-67.551276 -14.520240 72.290993
-60.816657 -11.537282 78.538051
-50.873498 -19.071170 83.953426
6
-95.668231 -5.411884 28.605961
-97.211271 -10.994929 20.714254
-98.560467 -12.114894 11.792526
-99.776365 6.450342 -1.752181
-97.713912 15.558130 14.489167
-95.256341 0.023679 30.434009
6
57.722539 -60.506409 54.836876
69.489103 -61.448700 37.354006
68.276645 -64.726704 33.893267
67.422850 -65.681150 33.766045
56.095343 -70.970530 42.620375
54.104981 -68.830128 48.322506
5
-15.702355 98.418984 8.193878
-19.652174 97.774168 7.348748
-25.483654 96.697339 -0.456044
-18.677250 97.927752 -7.830438
-4.439764 99.874677 -2.310258
6
-63.878341 52.155493 56.562904
-63.106189 55.385505 54.314407
-50.066634 64.794115 57.402568
-40.232406 61.382862 67.922734
-42.347287 48.769203 76.343121
-50.509468 43.593702 74.487467
4
43.996150 31.604356 84.056549
39.440982 47.181414 78.856345
51.200531 46.011420 72.535887
49.833639 32.050445 80.556672
5
-58.401281 71.584993 -38.273739
-57.732808 72.053585 -38.408382
-49.267689 83.013692 -26.104056
-68.316540 71.367866 -15.475079
-70.150861 68.938110 -18.066368
6
-4.547248 19.452106 -97.984377
2.986351 31.886995 -94.732789
-3.620212 44.385925 -89.536494
-5.284504 45.460355 -88.912486
-8.196409 43.563172 -89.638546
-13.085471 28.179664 -95.050918
8
-80.807601 7.979173 -58.364925
-69.701883 25.436061 -67.042183
-71.623588 32.768088 -61.614235
-74.383733 34.238321 -57.400328
-78.376693 33.355399 -52.388084
-82.195435 30.335866 -48.204209
-84.974245 24.945859 -46.444395
-86.341323 14.736861 -48.249361
5
29.078003 89.319459 34.300204
49.562799 83.771821 22.930568
51.454748 81.023103 28.065383
31.146058 81.597245 48.701260
30.424792 81.680764 49.016169
6
62.874681 -69.565511 -34.747866
58.119877 -70.738959 -40.225359
46.333835 -82.283991 -32.901679
47.900832 -83.658950 -26.583649
65.160372 -71.037859 -26.603543
65.517070 -70.459069 -27.258636
7
29.078003 89.319459 34.300204
28.933938 89.436432 34.116737
25.910521 93.995992 22.212571
28.778213 94.407251 16.096131
28.893076 94.376863 16.068536
49.798132 84.634598 18.897909
49.562799 83.771821 22.930568
5
-64.131117 3.383026 -76.653473
-66.902742 24.177564 -70.281352
-69.701883 25.436061 -67.042183
-80.807601 7.979173 -58.364925
-80.672218 3.046814 -59.014492
6
-42.251064 86.399787 27.384746
-48.523569 84.443409 22.688631
-44.487763 88.838171 11.341000
-36.834724 91.919004 13.931971
-35.509070 92.054541 16.280891
-40.677324 87.262163 27.030914
7
-24.740144 -81.442208 -52.488970
-26.439994 -80.394838 -53.269097
-32.837657 -78.350212 -52.753508
-35.984003 -85.815317 -36.618067
-33.838215 -87.960657 -33.434982
-29.230680 -90.443257 -31.073857
-23.240253 -90.599380 -35.378566
6
-63.643980 77.025237 -4.068987
-50.666641 85.847282 -7.945794
-45.664890 88.856957 -4.377109
-45.349474 88.519098 10.382413
-55.961893 82.208588 10.488783
-64.425192 76.477650 0.750811
6
-92.111085 -30.048850 24.751051
-94.739092 -30.384153 10.065170
-96.109085 -26.769219 6.815617
-98.380520 -15.108588 9.643850
-98.560467 -12.114894 11.792526
-97.211271 -10.994929 20.714254
6
-85.184554 -4.904759 52.149162
-90.267000 6.332642 42.564848
-82.708020 19.925760 52.558039
-80.517163 20.991037 55.464970
-72.650222 8.399138 68.201171
-74.323267 -4.100127 66.777548
6
-49.121715 51.674049 -70.120252
-46.975800 51.053808 -72.019323
-40.256827 58.008879 -70.812130
-37.470641 71.377199 -59.171332
-46.091149 70.512477 -53.885032
-50.875739 64.598080 -56.909992
7
53.498213 63.176016 -56.095742
46.261124 69.639533 -54.865689
37.774944 72.162811 -58.013639
32.396730 66.895991 -66.898268
35.540213 59.884196 -71.768909
49.142147 53.726869 -68.545408
54.658029 53.426263 -64.483597
6
-9.672448 -87.105050 48.157596
-12.632510 -81.265523 56.888790
-8.513432 -76.159637 64.243530
6.839017 -73.452948 67.512164
16.810659 -79.700446 58.010695
-9.174879 -87.287874 47.923362
7
-11.367153 -98.351234 -14.064940
-10.757385 -98.759795 -11.435980
-9.808977 -98.942287 -10.686810
5.071992 -99.144007 -12.030826
6.944723 -95.429588 -29.068274
2.316941 -94.085843 -33.800680
-5.994263 -95.521271 -28.978537
6
23.732160 79.099643 -56.391764
13.946208 83.410361 -53.368670
5.096598 77.036144 -63.556724
4.887591 75.803961 -65.037458
20.335798 72.293458 -66.031138
21.344385 72.407690 -65.586155
6
46.959590 -2.629572 -88.248979
52.926184 -6.673109 -84.583028
64.178522 6.509115 -76.411706
63.778596 11.002056 -76.231525
44.915132 10.917702 -88.676010
43.705435 9.889963 -89.398119
4
27.434136 41.531252 86.732481
28.464104 28.493998 91.530797
12.081901 29.251871 94.859663
12.055907 44.946413 88.512570
6
17.527550 32.423810 -92.959569
25.780408 42.863505 -86.591515
24.852078 44.470404 -86.050900
-3.620212 44.385925 -89.536494
2.986351 31.886995 -94.732789
7.632860 30.364327 -94.972349
6
38.084353 -66.997825 -63.724983
32.606046 -74.027126 -58.794815
45.479273 -73.241705 -50.668417
54.001166 -66.438827 -51.669686
56.266087 -59.348894 -57.548555
53.441712 -57.969359 -61.510461
8
-98.621647 -5.374564 -15.648795
-97.264220 -6.326598 -22.352755
-93.471274 10.647594 -33.907960
-93.615187 11.805441 -33.118398
-95.695476 19.356027 -21.626836
-96.502292 19.471423 -17.554807
-98.490621 14.252315 -9.821871
-99.626842 6.832570 -5.273360
6
-39.048243 21.777713 89.448119
-36.963077 24.184343 89.715375
-36.142149 24.371871 89.998650
-25.200034 20.699380 94.533031
-21.561833 13.237097 96.746404
-37.711746 1.692651 92.601075
7
-7.025625 94.984355 -30.473151
-7.065579 96.972407 -23.375841
-17.299728 96.576160 -19.332995
-24.955944 94.107863 -22.823473
-30.425811 90.740403 -28.990503
-26.704986 88.022095 -39.229511
-22.776032 89.212261 -39.018263
7
29.269766 3.489803 95.556800
27.861259 12.777248 95.186618
32.991845 24.186182 91.250023
35.916911 23.962877 90.198426
45.084320 15.228712 87.951637
46.873667 1.181032 88.325900
44.687554 -0.288513 89.459148
4
51.454748 81.023103 28.065383
58.959555 71.906857 36.785523
57.129382 71.179005 40.862977
31.146058 81.597245 48.701260
6
-8.880311 -34.584560 -93.407967
-1.927210 -37.261835 -92.778454
4.649984 -29.154897 -95.542502
1.234792 -15.614883 -98.765635
-0.852364 -14.821331 -98.891868
-14.256908 -28.460561 -94.798402
5
-65.217014 24.719275 -71.663788
-66.902742 24.177564 -70.281352
-64.131117 3.383026 -76.653473
-61.170337 -1.067368 -79.101520
-50.647706 17.737179 -84.381291
6
-28.590494 25.054585 -92.492440
-26.190290 23.822623 -93.522999
-13.085471 28.179664 -95.050918
-8.196409 43.563172 -89.638546
-31.050050 35.681346 -88.106390
-32.032118 31.738505 -89.255872
6
-33.838215 -87.960657 -33.434982
-35.984003 -85.815317 -36.618067
-46.202344 -79.359427 -39.590715
-50.639828 -78.588453 -35.488912
-51.978019 -80.368447 -28.968920
-47.013744 -84.041721 -26.957318
6
-65.122196 -72.482425 -22.481052
-60.111324 -77.041661 -21.241734
-51.978019 -80.368447 -28.968920
-50.639828 -78.588453 -35.488912
-62.025560 -64.923307 -44.020384
-68.113562 -63.143230 -37.060427
7
-24.003334 -29.490465 92.488661
-37.491183 -43.228676 82.010321
-50.756409 -37.558007 77.544716
-51.600745 -36.289569 77.591432
-50.606042 -34.570463 79.018425
-34.727143 -24.441945 90.535169
-24.811432 -26.735474 93.110726
6
-84.974245 24.945859 -46.444395
-89.509045 24.826076 -37.037777
-93.615187 11.805441 -33.118398
-93.471274 10.647594 -33.907960
-92.154378 9.482347 -37.651769
-86.341323 14.736861 -48.249361
7
-71.354500 69.048914 11.865197
-60.585145 74.288568 28.471898
-61.815262 70.816264 34.116420
-69.280292 59.230151 41.134297
-70.561682 58.474228 40.022665
-76.066949 61.548784 20.629262
-71.401439 68.998424 11.876532
6
-40.662788 78.397491 46.908114
-45.100670 74.656194 48.911984
-61.815262 70.816264 34.116420
-60.585145 74.288568 28.471898
-57.938676 76.712557 27.537129
-45.461782 81.399502 36.157258
6
-99.776365 6.450342 -1.752181
-99.626842 6.832570 -5.273360
-98.490621 14.252315 -9.821871
-94.868076 31.622646 0.237448
-96.068706 22.590051 16.139807
-97.713912 15.558130 14.489167
5
-50.509468 43.593702 74.487467
-42.347287 48.769203 76.343121
-37.228862 46.675457 80.221029
-39.377019 29.803152 86.955290
-53.675402 36.331207 76.151130
6
-23.325024 -19.999880 -95.162745
-20.306938 -25.515445 -94.533541
-14.256908 -28.460561 -94.798402
-0.852364 -14.821331 -98.891868
-4.521253 -11.414068 -99.243525
-22.040963 -13.279313 -96.632582
6
-99.626842 6.832570 -5.273360
-99.776365 6.450342 -1.752181
-98.560467 -12.114894 11.792526
-98.380520 -15.108588 9.643850
-98.247756 -15.555288 -10.267009
-98.621647 -5.374564 -15.648795
5
-16.346784 28.904362 94.325609
-25.200034 20.699380 94.533031
-36.142149 24.371871 89.998650
-23.936096 39.247079 88.807264
-19.811026 37.075967 90.735307
6
87.485516 47.684590 -8.512606
87.235779 46.122795 -16.205141
87.803063 40.676127 -25.220524
92.370479 24.764491 -29.230372
96.023491 25.925843 -10.360497
95.060219 30.728740 -4.393092
6
68.349401 52.055691 51.171910
68.323832 52.169845 51.089737
72.001050 60.123788 34.655142
78.750799 54.895527 28.014154
82.971505 44.315679 33.938914
80.193218 38.747045 45.472127
5
-25.625957 -96.151553 9.909051
-20.075212 -96.199906 18.508484
-12.480495 -97.058829 20.586912
-5.226951 -99.044721 12.760183
-6.123994 -99.663239 5.453027
7
24.961860 -32.749691 91.128279
23.017910 -37.343182 89.864691
10.022345 -44.512492 88.984216
3.009248 -39.238795 91.930742
4.839460 -30.989082 94.953970
20.587886 -19.654638 95.863623
23.149105 -19.974519 95.211016
6
-31.972117 -0.809813 -94.747707
-19.081905 14.565594 -97.075869
-26.190290 23.822623 -93.522999
-28.590494 25.054585 -92.492440
-39.384287 4.454881 -91.809760
-38.854657 0.966247 -92.137842
7
43.705435 9.889963 -89.398119
31.842666 14.890677 -93.617906
25.009683 12.264244 -96.042199
20.940090 8.752835 -97.390454
19.798617 1.036792 -98.014998
35.955463 -9.925766 -92.782993
46.959590 -2.629572 -88.248979
5
-49.271324 17.990789 -85.139110
-39.384287 4.454881 -91.809760
-28.590494 25.054585 -92.492440
-32.032118 31.738505 -89.255872
-44.097881 26.313452 -85.807804
6
90.891890 19.256931 -36.984253
83.985679 7.562002 -53.751483
87.587855 -5.374745 -47.952891
93.143263 -4.979822 -36.049050
95.929527 2.943837 -28.086646
92.158874 18.497113 -34.126218
6
27.930721 -85.456751 43.783771
22.767967 -85.868875 45.914660
20.901202 -80.548514 55.453374
35.026412 -69.087257 63.246354
44.950601 -73.802226 50.325688
42.831264 -77.878697 45.830027
8
44.885859 77.717927 -44.104234
45.865334 78.251182 -42.108476
41.758028 86.046519 -29.193557
30.735276 90.386876 -29.758285
29.395792 90.674464 -30.232912
26.226612 89.197468 -36.823586
30.808045 80.258049 -51.083362
31.423172 79.919875 -51.238636
6
61.081538 44.713245 65.343488
51.770885 46.261026 71.970084
44.384794 59.658560 66.864387
48.914565 64.471153 58.743814
49.652562 64.280847 58.331773
61.444520 46.977300 63.385364
4
-35.647494 -56.892956 -74.111050
-41.443616 -46.460813 -78.254837
-50.051449 -43.287675 -74.973526
-47.170181 -61.845829 -62.849563
7
-3.463739 49.223926 86.977052
-2.879239 48.269756 87.531369
-4.204144 43.172809 90.102352
-19.811026 37.075967 90.735307
-23.936096 39.247079 88.807264
-24.883655 42.107109 87.222675
-13.579603 50.900380 84.998504
6
23.364225 -96.038602 -15.188809
47.057122 -87.494689 -11.415191
48.688192 -86.493239 -12.181114
46.783183 -85.791046 -21.242180
32.093749 -91.366506 -24.942992
23.140239 -95.157798 -20.236671
6
49.833639 32.050445 80.556672
59.694638 26.079765 75.870917
56.970943 18.100148 80.166678
45.084320 15.228712 87.951637
35.916911 23.962877 90.198426
43.996150 31.604356 84.056549
4
-74.751034 -42.757969 -50.833444
-67.504164 -43.576686 -59.533690
-74.936695 -24.870574 -61.367307
-80.927251 -31.321774 -49.696343
7
27.861259 12.777248 95.186618
10.421990 11.180455 98.824995
9.007003 11.853671 98.885613
7.615628 27.030298 95.975857
12.081901 29.251871 94.859663
28.464104 28.493998 91.530797
32.991845 24.186182 91.250023
5
76.245907 32.028645 -56.220349
72.429969 15.935822 -67.081660
79.199449 8.020316 -60.523730
80.918584 8.929180 -58.072821
79.386465 31.284309 -52.144810
5
-77.280723 -56.060708 29.747048
-76.485491 -57.603157 28.841739
-85.991259 -49.318476 13.160218
-88.086566 -44.625244 15.790647
-87.798965 -38.145185 28.918622
5
15.722270 60.365435 -78.158970
20.335798 72.293458 -66.031138
4.887591 75.803961 -65.037458
-1.008411 72.167018 -69.216360
-1.064218 72.030347 -69.357743
6
-43.746637 -69.184945 -57.442799
-41.753640 -72.150559 -55.235228
-32.837657 -78.350212 -52.753508
-26.439994 -80.394838 -53.269097
-19.050984 -69.131714 -69.698394
-22.652961 -66.568274 -71.102098
5
14.653409 12.424675 -98.137175
7.632860 30.364327 -94.972349
2.986351 31.886995 -94.732789
-4.547248 19.452106 -97.984377
-4.840528 14.749731 -98.787726
6
-1.064218 72.030347 -69.357743
-1.008411 72.167018 -69.216360
-15.183944 80.217859 -57.745501
-25.304801 72.652500 -63.884906
-25.059212 72.117580 -64.583981
-8.656277 64.939067 -75.551217
5
-45.349474 88.519098 10.382413
-44.487763 88.838171 11.341000
-48.523569 84.443409 22.688631
-54.827088 80.334276 23.246388
-55.961893 82.208588 10.488783
6
-86.586372 40.146071 -29.851183
-86.829248 39.199509 -30.398689
-82.195435 30.335866 -48.204209
-78.376693 33.355399 -52.388084
-79.397101 44.989040 -40.891156
-82.596805 45.705647 -32.996388
6
-23.974719 -89.194301 38.335227
-36.221650 -82.417099 43.536351
-36.108133 -82.092832 44.237649
-20.217222 -79.713340 56.895056
-12.632510 -81.265523 56.888790
-9.672448 -87.105050 48.157596
6
92.158874 18.497113 -34.126218
95.929527 2.943837 -28.086646
99.143382 -1.446155 -12.980697
99.342703 1.505065 -11.347338
96.023491 25.925843 -10.360497
92.370479 24.764491 -29.230372
7
33.541201 -30.862820 -89.008282
32.866022 -30.753250 -89.297605
29.551088 -31.880714 -90.057500
21.700937 -45.279365 -86.480336
33.543368 -56.732960 -75.207803
39.337551 -54.326366 -74.170095
40.955579 -41.265579 -81.362108
8
27.930721 -85.456751 43.783771
41.086524 -86.385856 29.144149
41.931632 -88.020052 22.230803
38.478732 -90.529699 17.993353
34.446821 -92.284145 17.235226
28.294358 -94.130465 18.408824
19.067144 -88.844398 41.750653
22.767967 -85.868875 45.914660
5
-24.686880 -46.207989 -85.178517
-21.775556 -51.576683 -82.859345
3.919365 -53.936703 -84.115817
-1.927210 -37.261835 -92.778454
-8.880311 -34.584560 -93.407967
7
-24.275924 78.593991 56.865315
-33.010447 64.968127 68.479580
-40.232406 61.382862 67.922734
-50.066634 64.794115 57.402568
-45.100670 74.656194 48.911984
-40.662788 78.397491 46.908114
-24.328772 83.931513 48.616993
6
68.276645 -64.726704 33.893267
76.046038 -61.306111 21.414034
75.904769 -63.323154 15.120985
59.408967 -77.697538 20.824678
59.926469 -76.440495 23.783800
67.422850 -65.681150 33.766045
7
24.753678 71.728656 65.132598
19.971137 58.198376 78.829580
18.486301 58.025165 79.317948
9.249338 61.392992 78.392284
3.955965 66.176103 74.867040
5.035981 69.364869 71.855090
24.709332 71.912522 64.946424
5
-57.821281 -68.366645 44.527535
-57.007928 -68.723179 45.024669
-45.246747 -80.018458 39.367224
-53.297880 -80.104436 27.250970
-66.463382 -72.265026 18.983803
6
-6.469638 26.313585 96.258709
-10.816601 11.828536 98.707076
-15.306151 9.789625 98.335573
-21.561833 13.237097 96.746404
-25.200034 20.699380 94.533031
-16.346784 28.904362 94.325609
6
3.949055 -76.784440 -63.941807
-12.837110 -72.323513 -67.856600
-10.435788 -83.595630 -53.878242
-4.126927 -85.973894 -50.906365
5.597061 -86.936935 -49.098291
6.151136 -85.218831 -51.960700
5
63.692692 -1.155974 77.083751
59.731967 -3.996148 80.100705
46.873667 1.181032 88.325900
45.084320 15.228712 87.951637
56.970943 18.100148 80.166678
5
29.269766 3.489803 95.556800
27.727301 0.973035 96.074190
16.672270 -0.508233 98.599073
10.421990 11.180455 98.824995
27.861259 12.777248 95.186618
5
19.971137 58.198376 78.829580
24.753678 71.728656 65.132598
38.663145 59.074286 70.819418
34.417514 50.138927 79.382131
31.164736 49.965035 80.822364
5
-44.689171 -88.939346 9.626564
-38.161166 -92.204593 -6.483705
-44.903117 -88.422057 -12.854955
-54.643937 -83.268531 -8.966157
-47.548767 -87.532118 8.788811
6
71.281701 -70.092963 -2.428090
63.460482 -76.342328 -12.025645
51.073593 -85.356556 -10.283306
52.780839 -84.928746 1.136298
60.121824 -79.241234 10.305008
70.989621 -70.430583 -0.081775
6
5.778875 -87.059654 -48.859198
2.316941 -94.085843 -33.800680
6.944723 -95.429588 -29.068274
21.875763 -95.093062 -21.880595
23.598295 -87.733825 -41.783926
20.777795 -86.348717 -45.958485
6
-0.794032 98.072432 -19.523516
-7.065579 96.972407 -23.375841
-7.025625 94.984355 -30.473151
-3.788993 93.156582 -36.159297
5.428987 92.130817 -38.502450
9.717452 95.836691 -26.849578
6
-70.145231 -16.088978 -69.431919
-74.132244 -15.852976 -65.215746
-74.936695 -24.870574 -61.367307
-67.504164 -43.576686 -59.533690
-67.295169 -43.687648 -59.688774
-56.957782 -36.198432 -73.793527
6
-88.086566 -44.625244 15.790647
-92.573823 -36.524361 9.800938
-94.739092 -30.384153 10.065170
-92.111085 -30.048850 24.751051
-88.485119 -34.716060 31.067329
-87.798965 -38.145185 28.918622
6
-98.247756 -15.555288 -10.267009
-94.643921 -30.663214 -10.114129
-93.791950 -32.639635 -11.735600
-93.756496 -14.598193 -31.569165
-97.264220 -6.326598 -22.352755
-98.621647 -5.374564 -15.648795
7
56.153851 -39.811888 -72.537980
54.645007 -42.246689 -72.312796
51.733728 -55.136070 -65.449486
53.441712 -57.969359 -61.510461
56.266087 -59.348894 -57.548555
66.822418 -52.230663 -52.978508
70.096422 -37.136005 -60.888494
9
-74.073648 64.500021 -18.784088
-70.150861 68.938110 -18.066368
-68.316540 71.367866 -15.475079
-63.643980 77.025237 -4.068987
-64.425192 76.477650 0.750811
-71.354500 69.048914 11.865197
-71.401439 68.998424 11.876532
-84.672633 53.201071 -0.437284
-82.889586 55.143277 -9.409333
7
16.532317 -98.584547 -2.787390
21.077965 -96.488620 15.673723
28.294358 -94.130465 18.408824
34.446821 -92.284145 17.235226
30.286830 -95.283990 -1.915501
20.679756 -97.557469 -7.408640
17.446474 -98.335942 -5.065875
6
-41.443616 -46.460813 -78.254837
-35.647494 -56.892956 -74.111050
-25.565642 -58.570394 -76.914933
-21.775556 -51.576683 -82.859345
-24.686880 -46.207989 -85.178517
-28.827836 -42.387905 -85.861641
7
44.384794 59.658560 66.864387
38.663145 59.074286 70.819418
24.753678 71.728656 65.132598
24.709332 71.912522 64.946424
24.978298 72.992157 63.625700
30.175112 77.618132 55.361432
48.914565 64.471153 58.743814
6
66.822418 -52.230663 -52.978508
56.266087 -59.348894 -57.548555
54.001166 -66.438827 -51.669686
58.119877 -70.738959 -40.225359
62.874681 -69.565511 -34.747866
73.343395 -51.826858 -43.985489
6
99.185253 -11.026377 -6.380020
98.232434 3.646484 18.360067
98.174080 6.009029 18.048315
98.188186 17.669963 6.844891
99.342703 1.505065 -11.347338
99.143382 -1.446155 -12.980697
5
25.009683 12.264244 -96.042199
17.527550 32.423810 -92.959569
7.632860 30.364327 -94.972349
14.653409 12.424675 -98.137175
20.940090 8.752835 -97.390454
5
-40.677324 87.262163 27.030914
-35.509070 92.054541 16.280891
-31.608927 93.089278 18.310164
-23.932141 89.843145 36.816598
-24.144983 89.101843 38.443223
6
28.634285 -17.000588 94.292406
23.149105 -19.974519 95.211016
20.587886 -19.654638 95.863623
11.586199 -10.081767 98.813552
16.672270 -0.508233 98.599073
27.727301 0.973035 96.074190
6
30.995187 -60.597145 -73.261753
38.084353 -66.997825 -63.724983
53.441712 -57.969359 -61.510461
51.733728 -55.136070 -65.449486
39.337551 -54.326366 -74.170095
33.543368 -56.732960 -75.207803
4
46.261124 69.639533 -54.865689
44.885859 77.717927 -44.104234
31.423172 79.919875 -51.238636
37.774944 72.162811 -58.013639
5
92.768975 27.740854 24.987243
90.896113 33.684438 24.561257
90.481253 40.216152 13.992995
96.284579 26.826108 3.104799
97.307728 21.967221 6.974753
6
91.449317 -18.582061 -35.940636
82.926827 -28.696972 -47.954406
82.699700 -39.897977 -39.609481
86.663399 -38.150117 -32.156241
91.152508 -31.151691 -26.847578
92.772851 -26.645864 -26.138021
4
-34.727143 -24.441945 90.535169
-50.606042 -34.570463 79.018425
-50.873498 -19.071170 83.953426
-42.826467 -15.433014 89.037721
7
15.166242 -8.824231 -98.448555
24.087305 -28.539875 -92.764634
29.551088 -31.880714 -90.057500
32.866022 -30.753250 -89.297605
35.955463 -9.925766 -92.782993
19.798617 1.036792 -98.014998
18.347503 -0.764786 -98.299462
6
33.369637 -87.284330 -35.607768
43.107965 -82.593948 -36.331022
41.664515 -79.727331 -43.676320
26.864424 -82.605487 -49.544286
20.777795 -86.348717 -45.958485
23.598295 -87.733825 -41.783926
5
-5.846297 62.358049 77.957005
-4.666830 64.120811 76.594662
3.955965 66.176103 74.867040
9.249338 61.392992 78.392284
-3.329186 49.886682 86.603900
6
-79.560601 -40.796277 44.785875
-77.148479 -47.914231 41.860944
-77.280723 -56.060708 29.747048
-87.798965 -38.145185 28.918622
-88.485119 -34.716060 31.067329
-85.677956 -30.483056 41.594124
8
-81.840624 -7.639910 -56.953877
-74.132244 -15.852976 -65.215746
-70.145231 -16.088978 -69.431919
-60.346413 -5.182655 -79.570412
-60.147820 -4.503199 -79.761901
-61.170337 -1.067368 -79.101520
-64.131117 3.383026 -76.653473
-80.672218 3.046814 -59.014492
6
76.406805 -50.113356 -40.628213
77.345412 -58.778345 -23.723267
78.038149 -58.413437 -22.314069
86.132268 -46.995601 -19.304037
86.663399 -38.150117 -32.156241
82.699700 -39.897977 -39.609481
4
86.663399 -38.150117 -32.156241
86.132268 -46.995601 -19.304037
90.254129 -41.760501 -10.500133
91.152508 -31.151691 -26.847578
5
-42.251064 86.399787 27.384746
-45.461782 81.399502 36.157258
-57.938676 76.712557 27.537129
-54.827088 80.334276 23.246388
-48.523569 84.443409 22.688631
4
25.610103 96.094982 10.482223
6.172680 99.561841 7.024092
5.163945 99.865735 -0.410624
27.111456 96.243419 -1.474218
4
42.831264 -77.878697 45.830027
47.986858 -79.388272 37.346536
41.086524 -86.385856 29.144149
27.930721 -85.456751 43.783771
5
54.934583 83.256852 7.105500
49.798132 84.634598 18.897909
28.893076 94.376863 16.068536
44.507224 89.533390 -1.696778
49.584864 86.827862 -1.504552
6
54.658029 53.426263 -64.483597
60.416240 47.950589 -63.644473
71.230218 52.975259 -46.042133
66.179802 62.690582 -41.111127
59.535907 66.765297 -44.697548
53.498213 63.176016 -56.095742
6
-55.075001 -55.285207 62.532313
-47.898453 -53.710567 69.432797
-40.444921 -58.304236 70.461510
-39.540783 -60.354350 69.237843
-43.634582 -69.669004 56.940786
-51.243071 -67.068926 53.627483
8
-72.098506 36.800778 58.715485
-73.836246 35.226592 57.509096
-80.582126 40.551781 43.151756
-79.253883 48.723052 36.672689
-70.561682 58.474228 40.022665
-69.280292 59.230151 41.134297
-63.106189 55.385505 54.314407
-63.878341 52.155493 56.562904
6
25.689659 89.224142 -37.136154
13.467930 84.671426 -51.471978
13.946208 83.410361 -53.368670
23.732160 79.099643 -56.391764
30.808045 80.258049 -51.083362
26.226612 89.197468 -36.823586
6
-28.827836 -42.387905 -85.861641
-24.686880 -46.207989 -85.178517
-8.880311 -34.584560 -93.407967
-14.256908 -28.460561 -94.798402
-20.306938 -25.515445 -94.533541
-29.469916 -40.278657 -86.655374
7
-73.620994 -66.943114 9.928178
-85.852819 -49.780753 12.295127
-85.991259 -49.318476 13.160218
-76.485491 -57.603157 28.841739
-76.132983 -58.090361 28.797203
-66.701152 -72.133735 18.646195
-67.822216 -71.741738 15.914462
6
-2.879239 48.269756 87.531369
-3.463739 49.223926 86.977052
-3.329186 49.886682 86.603900
9.249338 61.392992 78.392284
18.486301 58.025165 79.317948
10.311595 47.191508 87.559309
5
-28.036026 -67.922838 67.826760
-29.616294 -73.343315 61.185237
-38.433843 -74.040544 55.143790
-43.634582 -69.669004 56.940786
-39.540783 -60.354350 69.237843
6
61.009795 -25.308603 -75.081819
56.254893 -37.663658 -73.599157
56.153851 -39.811888 -72.537980
70.096422 -37.136005 -60.888494
72.407243 -32.743256 -60.704780
68.851626 -25.507581 -67.888267
8
-39.304086 -89.493327 21.121866
-39.305156 -90.799325 14.511626
-44.689171 -88.939346 9.626564
-47.548767 -87.532118 8.788811
-66.643040 -72.176834 18.687156
-66.463382 -72.265026 18.983803
-53.297880 -80.104436 27.250970
-39.506515 -89.320574 21.472546
6
-88.086566 -44.625244 15.790647
-85.991259 -49.318476 13.160218
-85.852819 -49.780753 12.295127
-86.673500 -49.192923 -8.231693
-87.746838 -47.192255 -8.566421
-92.573823 -36.524361 9.800938
6
31.423172 79.919875 -51.238636
30.808045 80.258049 -51.083362
23.732160 79.099643 -56.391764
21.344385 72.407690 -65.586155
32.396730 66.895991 -66.898268
37.774944 72.162811 -58.013639
5
-73.620994 -66.943114 9.928178
-67.822216 -71.741738 15.914462
-64.596573 -76.336209 0.256791
-71.952924 -68.033404 -13.936737
-80.504975 -58.604110 -9.192784
8
67.413829 71.498451 18.529629
61.165199 70.683224 35.534495
58.959555 71.906857 36.785523
51.454748 81.023103 28.065383
49.562799 83.771821 22.930568
49.798132 84.634598 18.897909
54.934583 83.256852 7.105500
64.803308 75.859533 6.772185
6
-86.125138 -25.607402 43.894436
-95.668231 -5.411884 28.605961
-95.256341 0.023679 30.434009
-91.504498 6.038158 39.880665
-90.267000 6.332642 42.564848
-85.184554 -4.904759 52.149162
7
42.423639 40.452993 -81.017222
49.142147 53.726869 -68.545408
35.540213 59.884196 -71.768909
24.505085 53.168663 -81.071537
24.852078 44.470404 -86.050900
25.780408 42.863505 -86.591515
26.856669 42.170837 -86.604502
6
41.654881 -90.171635 11.573554
52.780839 -84.928746 1.136298
51.073593 -85.356556 -10.283306
48.688192 -86.493239 -12.181114
47.057122 -87.494689 -11.415191
39.206025 -91.942435 -3.078336
6
-82.889586 55.143277 -9.409333
-88.694894 41.249772 -20.776722
-86.586372 40.146071 -29.851183
-82.596805 45.705647 -32.996388
-76.530937 56.517168 -30.803011
-74.073648 64.500021 -18.784088
7
21.700937 -45.279365 -86.480336
29.551088 -31.880714 -90.057500
24.087305 -28.539875 -92.764634
4.649984 -29.154897 -95.542502
-1.927210 -37.261835 -92.778454
3.919365 -53.936703 -84.115817
4.105296 -54.070017 -84.021306
6
-96.068706 22.590051 16.139807
-94.868076 31.622646 0.237448
-93.075344 36.531109 -1.567916
-91.255434 40.888576 0.755133
-91.204920 33.383219 23.816448
-91.806190 31.292655 24.339131
8
76.406805 -50.113356 -40.628213
82.699700 -39.897977 -39.609481
82.926827 -28.696972 -47.954406
81.333152 -26.982171 -51.544940
72.407243 -32.743256 -60.704780
70.096422 -37.136005 -60.888494
66.822418 -52.230663 -52.978508
73.343395 -51.826858 -43.985489
5
80.044563 31.519833 -50.983999
79.386465 31.284309 -52.144810
80.918584 8.929180 -58.072821
83.985679 7.562002 -53.751483
90.891890 19.256931 -36.984253
5
-89.509045 24.826076 -37.037777
-84.974245 24.945859 -46.444395
-82.195435 30.335866 -48.204209
-86.829248 39.199509 -30.398689
-89.881474 31.157845 -30.830329
6
-39.305156 -90.799325 14.511626
-25.886656 -96.099754 9.732336
-25.637264 -96.641596 -1.769909
-31.822101 -94.549401 -6.911206
-38.161166 -92.204593 -6.483705
-44.689171 -88.939346 9.626564
7
28.893076 94.376863 16.068536
28.778213 94.407251 16.096131
25.610103 96.094982 10.482223
27.111456 96.243419 -1.474218
28.161766 95.903814 -3.061596
36.528940 92.958468 -4.935552
44.507224 89.533390 -1.696778
5
-68.348625 -39.099091 61.641922
-64.441323 -40.319993 64.973948
-57.538110 -53.838647 61.569197
-66.419021 -54.755214 50.895778
-70.955037 -44.425701 54.696799
5
-82.596805 45.705647 -32.996388
-79.397101 44.989040 -40.891156
-71.599485 50.807663 -47.875830
-66.701349 58.041965 -46.712528
-76.530937 56.517168 -30.803011
5
-23.537924 95.841817 16.134193
-19.652174 97.774168 7.348748
-15.702355 98.418984 8.193878
-4.131519 97.922967 19.850017
-16.264684 95.600055 24.414946
6
26.856669 42.170837 -86.604502
25.780408 42.863505 -86.591515
17.527550 32.423810 -92.959569
25.009683 12.264244 -96.042199
31.842666 14.890677 -93.617906
33.951194 25.502217 -90.537028
5
-6.469638 26.313585 96.258709
-16.346784 28.904362 94.325609
-19.811026 37.075967 90.735307
-4.204144 43.172809 90.102352
-0.264049 29.487300 95.553281
5
23.140239 -95.157798 -20.236671
32.093749 -91.366506 -24.942992
33.369637 -87.284330 -35.607768
23.598295 -87.733825 -41.783926
21.875763 -95.093062 -21.880595
6
-80.927251 -31.321774 -49.696343
-88.762590 -21.758045 -40.592981
-87.570098 -35.887335 -32.304444
-83.241433 -42.983835 -34.975046
-77.120604 -47.103922 -42.820940
-74.751034 -42.757969 -50.833444
7
91.303654 -1.238561 40.768967
89.768649 -4.832303 43.797700
85.390013 -5.536407 51.748370
83.802573 -2.292040 54.514909
81.448670 23.911992 52.861430
82.390626 26.913611 49.874264
90.753478 18.512656 37.697318
8
-74.323267 -4.100127 66.777548
-72.650222 8.399138 68.201171
-70.939128 9.665983 69.815535
-53.940285 3.775893 84.120082
-52.148091 -0.046346 85.326282
-60.816657 -11.537282 78.538051
-67.551276 -14.520240 72.290993
-70.464602 -13.238932 69.709903
5
9.496867 -64.569790 -75.766429
4.665299 -58.898316 -80.679758
-14.693510 -70.179843 -69.705742
-12.837110 -72.323513 -67.856600
3.949055 -76.784440 -63.941807
7
60.416240 47.950589 -63.644473
64.067830 40.331300 -65.335284
76.245907 32.028645 -56.220349
79.386465 31.284309 -52.144810
80.044563 31.519833 -50.983999
79.202205 45.651466 -40.533374
71.230218 52.975259 -46.042133
7
-47.548767 -87.532118 8.788811
-54.643937 -83.268531 -8.966157
-55.266396 -82.829348 -9.215458
-64.596573 -76.336209 0.256791
-67.822216 -71.741738 15.914462
-66.701152 -72.133735 18.646195
-66.643040 -72.176834 18.687156
5
-70.955037 -44.425701 54.696799
-66.419021 -54.755214 50.895778
-66.720367 -56.458113 48.588828
-77.148479 -47.914231 41.860944
-79.560601 -40.796277 44.785875
6
48.335301 -34.615493 80.408123
24.961860 -32.749691 91.128279
23.149105 -19.974519 95.211016
28.634285 -17.000588 94.292406
37.072350 -17.272084 91.254129
48.867862 -28.027667 82.621922
5
-25.054700 -6.191356 -96.612262
-8.194980 6.171356 -99.472391
-8.208690 11.210132 -99.030048
-19.081905 14.565594 -97.075869
-31.972117 -0.809813 -94.747707
4
-7.025625 94.984355 -30.473151
-22.776032 89.212261 -39.018263
-7.734956 89.220700 -44.495361
-3.788993 93.156582 -36.159297
8
48.914565 64.471153 58.743814
30.175112 77.618132 55.361432
29.770036 81.240168 50.137612
30.424792 81.680764 49.016169
31.146058 81.597245 48.701260
57.129382 71.179005 40.862977
56.370324 66.571528 48.893950
49.652562 64.280847 58.331773
5
91.479262 -15.810626 37.169459
95.254335 -20.491710 22.510031
91.636394 -32.539628 23.322607
89.024479 -36.702729 26.973170
86.961907 -29.095353 39.888434
7
-55.266396 -82.829348 -9.215458
-54.643937 -83.268531 -8.966157
-44.903117 -88.422057 -12.854955
-42.985783 -88.554493 -17.616023
-47.013744 -84.041721 -26.957318
-51.978019 -80.368447 -28.968920
-60.111324 -77.041661 -21.241734
4
-55.094750 34.502813 75.987660
-56.933415 23.512875 78.776462
-64.857077 18.967258 73.714332
-69.084982 34.770992 63.389616
7
-23.753126 -90.748596 34.647963
-24.905475 -91.614414 31.408861
-39.304086 -89.493327 21.121866
-39.506515 -89.320574 21.472546
-40.341998 -82.104633 40.390005
-36.221650 -82.417099 43.536351
-23.974719 -89.194301 38.335227
5
98.174080 6.009029 18.048315
92.892564 21.465732 30.169420
92.768975 27.740854 24.987243
97.307728 21.967221 6.974753
98.188186 17.669963 6.844891
7
-82.889586 55.143277 -9.409333
-84.672633 53.201071 -0.437284
-85.799313 51.352316 1.190621
-91.255434 40.888576 0.755133
-93.075344 36.531109 -1.567916
-92.490128 35.137315 -14.523955
-88.694894 41.249772 -20.776722
7
5.428987 92.130817 -38.502450
-3.788993 93.156582 -36.159297
-7.734956 89.220700 -44.495361
-6.408751 86.179324 -50.319499
-1.945856 85.740656 -51.427167
5.991527 87.780389 -47.525835
6.857893 91.419801 -39.942325
7
-24.328772 83.931513 48.616993
-40.662788 78.397491 46.908114
-45.461782 81.399502 36.157258
-42.251064 86.399787 27.384746
-40.677324 87.262163 27.030914
-24.144983 89.101843 38.443223
-22.086063 85.517470 46.893156
5
-47.623949 -27.129584 -83.641767
-60.346413 -5.182655 -79.570412
-70.145231 -16.088978 -69.431919
-56.957782 -36.198432 -73.793527
-55.016808 -36.497113 -75.107334
7
-56.065561 -34.827590 75.124509
-51.600745 -36.289569 77.591432
-50.756409 -37.558007 77.544716
-47.898453 -53.710567 69.432797
-55.075001 -55.285207 62.532313
-57.538110 -53.838647 61.569197
-64.441323 -40.319993 64.973948
4
51.090750 85.338045 -10.351485
42.233727 85.931580 -28.845725
57.221139 76.651985 -29.158436
62.068935 76.320313 -17.962657
7
-71.952924 -68.033404 -13.936737
-65.122196 -72.482425 -22.481052
-68.113562 -63.143230 -37.060427
-68.925657 -62.336746 -36.924029
-80.731164 -54.587459 -22.420714
-82.942246 -54.842725 -10.623530
-80.504975 -58.604110 -9.192784
7
6.151136 -85.218831 -51.960700
5.597061 -86.936935 -49.098291
5.778875 -87.059654 -48.859198
20.777795 -86.348717 -45.958485
26.864424 -82.605487 -49.544286
31.379444 -74.538896 -58.815674
23.315195 -71.790299 -65.593862
6
68.323832 52.169845 51.089737
56.370324 66.571528 48.893950
57.129382 71.179005 40.862977
58.959555 71.906857 36.785523
61.165199 70.683224 35.534495
72.001050 60.123788 34.655142
6
-32.032118 31.738505 -89.255872
-31.050050 35.681346 -88.106390
-34.465936 43.153302 -83.366011
-46.491628 49.550847 -73.370580
-53.104390 35.733747 -76.831133
-44.097881 26.313452 -85.807804
4
76.281315 64.579077 -3.271677
86.886756 48.969229 -7.259904
88.805119 44.533142 11.421477
79.550752 55.934699 23.302089
6
-70.464602 -13.238932 69.709903
-76.055579 -25.957309 59.512747
-85.677358 -26.898415 43.998473
-86.125138 -25.607402 43.894436
-85.184554 -4.904759 52.149162
-74.323267 -4.100127 66.777548
7
-23.240253 -90.599380 -35.378566
-29.230680 -90.443257 -31.073857
-29.769346 -92.189193 -24.797961
-28.686224 -93.055265 -22.755620
-11.367153 -98.351234 -14.064940
-5.994263 -95.521271 -28.978537
-22.560512 -90.752494 -35.426094
7
92.727245 -37.421242 -1.143974
98.304581 -17.919804 -3.884596
98.543398 -16.177825 -5.241825
92.772851 -26.645864 -26.138021
91.152508 -31.151691 -26.847578
90.254129 -41.760501 -10.500133
91.762944 -39.706462 -1.720150
6
-48.332853 -65.029923 -58.609252
-43.746637 -69.184945 -57.442799
-22.652961 -66.568274 -71.102098
-25.565642 -58.570394 -76.914933
-35.647494 -56.892956 -74.111050
-47.170181 -61.845829 -62.849563
7
3.812606 99.872631 -3.304794
5.163945 99.865735 -0.410624
6.172680 99.561841 7.024092
1.547442 97.835364 20.636061
-4.131519 97.922967 19.850017
-15.702355 98.418984 8.193878
-4.439764 99.874677 -2.310258
7
-49.271324 17.990789 -85.139110
-50.647706 17.737179 -84.381291
-61.170337 -1.067368 -79.101520
-60.147820 -4.503199 -79.761901
-41.112365 -1.215209 -91.149859
-38.854657 0.966247 -92.137842
-39.384287 4.454881 -91.809760
6
-21.217105 -53.974975 81.464941
-15.372710 -48.082837 86.323349
-1.679171 -58.603637 81.011074
-0.843388 -61.417334 78.912609
-17.245202 -66.387237 72.769071
-18.052211 -65.909833 73.006928
6
82.926827 -28.696972 -47.954406
91.449317 -18.582061 -35.940636
93.143263 -4.979822 -36.049050
87.587855 -5.374745 -47.952891
81.935046 -13.303549 -55.764360
81.333152 -26.982171 -51.544940
7
-95.695476 19.356027 -21.626836
-89.881474 31.157845 -30.830329
-86.829248 39.199509 -30.398689
-86.586372 40.146071 -29.851183
-88.694894 41.249772 -20.776722
-92.490128 35.137315 -14.523955
-96.502292 19.471423 -17.554807
7
-87.263363 30.178486 38.397454
-91.206235 29.630744 28.345046
-91.806190 31.292655 24.339131
-91.204920 33.383219 23.816448
-86.350271 44.280552 24.142563
-79.253883 48.723052 36.672689
-80.582126 40.551781 43.151756
4
61.009795 -25.308603 -75.081819
55.818430 -16.423045 -81.330108
42.746454 -27.676941 -86.062347
56.254893 -37.663658 -73.599157
6
64.067830 40.331300 -65.335284
58.986995 28.050556 -75.721204
58.990252 27.936208 -75.760929
64.701356 15.486864 -74.658500
72.429969 15.935822 -67.081660
76.245907 32.028645 -56.220349
4
3.240600 93.527626 35.243178
3.092887 97.201984 23.285368
25.910521 93.995992 22.212571
28.933938 89.436432 34.116737
6
27.434136 41.531252 86.732481
12.055907 44.946413 88.512570
10.311595 47.191508 87.559309
18.486301 58.025165 79.317948
19.971137 58.198376 78.829580
31.164736 49.965035 80.822364
7
-55.016808 -36.497113 -75.107334
-50.051449 -43.287675 -74.973526
-41.443616 -46.460813 -78.254837
-28.827836 -42.387905 -85.861641
-29.469916 -40.278657 -86.655374
-43.449458 -26.250430 -86.157179
-47.623949 -27.129584 -83.641767
5
41.664515 -79.727331 -43.676320
45.479273 -73.241705 -50.668417
32.606046 -74.027126 -58.794815
31.379444 -74.538896 -58.815674
26.864424 -82.605487 -49.544286
6
68.851626 -25.507581 -67.888267
72.407243 -32.743256 -60.704780
81.333152 -26.982171 -51.544940
81.935046 -13.303549 -55.764360
79.582214 -11.247613 -59.499264
72.774927 -13.329228 -67.276605
5
-34.969224 93.527415 -5.456745
-35.234598 93.422792 -5.541209
-39.025422 88.476831 -25.472863
-30.425811 90.740403 -28.990503
-24.955944 94.107863 -22.823473
4
-23.932141 89.843145 36.816598
-31.608927 93.089278 18.310164
-23.537924 95.841817 16.134193
-16.264684 95.600055 24.414946
6
9.661590 77.761613 62.127169
2.300523 73.833664 67.403988
-3.077563 75.832654 65.114801
-5.725924 87.594118 47.900776
-0.823254 88.716009 46.138834
0.216216 88.462046 46.630673
6
-77.280723 -56.060708 29.747048
-77.148479 -47.914231 41.860944
-66.720367 -56.458113 48.588828
-65.997136 -58.822973 46.735809
-76.132983 -58.090361 28.797203
-76.485491 -57.603157 28.841739
6
48.867862 -28.027667 82.621922
37.072350 -17.272084 91.254129
44.687554 -0.288513 89.459148
46.873667 1.181032 88.325900
59.731967 -3.996148 80.100705
55.133856 -20.083631 80.974723
6
-18.677250 97.927752 -7.830438
-25.483654 96.697339 -0.456044
-29.486854 95.551507 -0.659581
-34.969224 93.527415 -5.456745
-24.955944 94.107863 -22.823473
-17.299728 96.576160 -19.332995
7
-89.643670 -17.706600 -40.626208
-88.762590 -21.758045 -40.592981
-80.927251 -31.321774 -49.696343
-74.936695 -24.870574 -61.367307
-74.132244 -15.852976 -65.215746
-81.840624 -7.639910 -56.953877
-87.916185 -12.129004 -46.082879
6
-0.852364 -14.821331 -98.891868
1.234792 -15.614883 -98.765635
15.166242 -8.824231 -98.448555
18.347503 -0.764786 -98.299462
-5.269424 1.430946 -99.850817
-4.521253 -11.414068 -99.243525
5
-10.499319 58.495026 -80.424476
-8.656277 64.939067 -75.551217
-25.059212 72.117580 -64.583981
-29.994374 61.547319 -72.885287
-20.447547 57.382403 -79.304210
8
-65.997136 -58.822973 46.735809
-66.720367 -56.458113 48.588828
-66.419021 -54.755214 50.895778
-57.538110 -53.838647 61.569197
-55.075001 -55.285207 62.532313
-51.243071 -67.068926 53.627483
-57.007928 -68.723179 45.024669
-57.821281 -68.366645 44.527535
5
-44.071477 -2.182533 89.738183
-42.826467 -15.433014 89.037721
-50.873498 -19.071170 83.953426
-60.816657 -11.537282 78.538051
-52.148091 -0.046346 85.326282
6
87.113321 -48.820391 5.276241
76.026521 -63.296499 14.612366
75.904769 -63.323154 15.120985
76.046038 -61.306111 21.414034
84.174870 -46.269602 27.815736
85.054032 -45.211381 26.865269
6
28.778213 94.407251 16.096131
25.910521 93.995992 22.212571
3.092887 97.201984 23.285368
1.547442 97.835364 20.636061
6.172680 99.561841 7.024092
25.610103 96.094982 10.482223
6
-43.012472 79.312525 -43.121349
-44.492630 85.948833 -25.163543
-45.484705 85.574174 -24.661758
-49.267689 83.013692 -26.104056
-57.732808 72.053585 -38.408382
-48.348797 74.863835 -45.362981
6
-53.675402 36.331207 76.151130
-55.094750 34.502813 75.987660
-69.084982 34.770992 63.389616
-72.098506 36.800778 58.715485
-63.878341 52.155493 56.562904
-50.509468 43.593702 74.487467
7
-9.174879 -87.287874 47.923362
2.639181 -93.293716 35.907064
0.004065 -94.555661 32.545766
-8.022935 -95.623171 28.139682
-23.753126 -90.748596 34.647963
-23.974719 -89.194301 38.335227
-9.672448 -87.105050 48.157596
5
28.634285 -17.000588 94.292406
27.727301 0.973035 96.074190
29.269766 3.489803 95.556800
44.687554 -0.288513 89.459148
37.072350 -17.272084 91.254129
6
87.894040 -47.625971 2.530729
91.762944 -39.706462 -1.720150
90.254129 -41.760501 -10.500133
86.132268 -46.995601 -19.304037
78.038149 -58.413437 -22.314069
77.900622 -62.144826 -8.337490
6
56.254893 -37.663658 -73.599157
42.746454 -27.676941 -86.062347
33.541201 -30.862820 -89.008282
40.955579 -41.265579 -81.362108
54.645007 -42.246689 -72.312796
56.153851 -39.811888 -72.537980
6
2.639181 -93.293716 35.907064
6.707013 -93.064151 35.973320
15.392676 -97.076052 18.420249
7.075278 -98.601409 15.089814
1.377116 -98.490037 17.257349
0.004065 -94.555661 32.545766
5
8.502204 -67.272839 73.498828
6.839017 -73.452948 67.512164
-8.513432 -76.159637 64.243530
-17.245202 -66.387237 72.769071
-0.843388 -61.417334 78.912609
7
64.178522 6.509115 -76.411706
69.102645 -0.084787 -72.282898
77.696249 2.698746 -62.896818
79.199449 8.020316 -60.523730
72.429969 15.935822 -67.081660
64.701356 15.486864 -74.658500
63.778596 11.002056 -76.231525
5
23.315195 -71.790299 -65.593862
20.901642 -67.197924 -71.046185
9.496867 -64.569790 -75.766429
3.949055 -76.784440 -63.941807
6.151136 -85.218831 -51.960700
5
-96.502292 19.471423 -17.554807
-92.490128 35.137315 -14.523955
-93.075344 36.531109 -1.567916
-94.868076 31.622646 0.237448
-98.490621 14.252315 -9.821871
