400
5
-13.367213 86.469806 -48.417871
-22.573056 78.730722 -57.375348
-14.906972 76.871272 -62.197987
-2.640947 82.610987 -56.288989
-3.506573 84.614513 -53.179772
6
-63.225929 -54.694228 54.872792
-65.947613 -53.378192 52.930907
-69.969763 -42.778651 57.220794
-69.284799 -42.051376 58.577286
-59.820801 -43.234845 67.470141
-55.053350 -50.203913 66.698543
5
82.095224 -38.520773 42.148835
76.894425 -40.177082 49.729764
76.586583 -38.624871 51.406368
79.088664 -27.183345 54.827448
85.468117 -26.113272 44.869789
7
-64.995157 -29.226473 -70.152996
-65.191160 -28.694602 -70.190687
-78.209834 -22.504548 -58.109958
-79.016408 -23.045834 -56.791697
-81.145488 -46.209485 -35.778391
-81.086197 -46.335595 -35.749702
-76.417077 -48.933763 -42.022817
7
-47.187026 5.276541 -88.008765
-31.181869 4.484435 -94.908276
-28.451708 12.676563 -95.025286
-30.808835 21.888556 -92.583513
-53.324143 23.889807 -81.153022
-59.803078 14.009335 -78.913436
-59.720046 13.460512 -79.071681
4
5.956054 -79.848944 59.905522
27.855341 -83.976598 46.604839
26.247225 -84.875376 45.904834
3.713849 -90.407505 42.575701
6
85.468117 -26.113272 44.869789
79.088664 -27.183345 54.827448
74.722810 -18.856134 63.725567
75.062998 -17.812778 63.625870
86.030031 -16.640920 48.186238
86.807227 -23.816262 43.557905
6
-99.171433 12.315075 3.655921
-96.096856 27.665755 0.017239
-94.848603 30.414605 8.870982
-95.763337 24.718172 14.778201
-97.146194 18.256385 15.143364
-99.118290 11.855820 5.916429
7
-37.607755 -71.260769 59.224654
-43.831728 -71.857513 53.993310
-49.207140 -68.569773 53.636215
-52.347477 -62.676129 57.718666
-48.467368 -56.308004 66.935215
-45.904196 -57.674874 67.575244
-37.535541 -71.020716 59.557880
6
-85.167215 39.245405 -34.732458
-87.660416 39.748462 -27.123996
-88.926158 38.180237 -25.187457
-95.319906 20.945607 -21.803603
-94.415376 17.216300 -28.095119
-86.427998 25.918658 -43.109446
5
-48.431005 67.825872 55.263811
-47.354417 57.548150 66.676605
-49.495715 54.713798 67.502404
-62.798819 47.603483 61.564736
-68.654758 55.492207 46.980199
6
-28.131039 -0.250964 -95.961355
-17.993835 -8.268996 -98.019618
-7.130759 12.523612 -98.956109
-10.425918 19.521586 -97.520295
-28.451708 12.676563 -95.025286
-31.181869 4.484435 -94.908276
5
72.332156 -65.990790 20.329164
68.184802 -64.937095 33.675012
69.402974 -59.733223 40.189168
83.373340 -45.092027 31.868405
80.476135 -55.881249 20.021929
6
-7.686079 -8.788178 99.316122
-12.634263 -19.386434 97.285876
-15.659275 -22.148643 96.250843
-17.565912 -22.692300 95.794041
-35.829501 -3.121774 93.308635
-11.550845 4.214782 99.241189
4
-20.032465 46.357992 -86.311279
-18.123248 54.518358 -81.849230
-37.811151 56.359586 -73.443270
-39.522123 42.559542 -81.404467
5
-96.138830 -15.429801 -22.786981
-93.366964 -28.914384 -21.132165
-84.089505 -41.395076 -34.862627
-89.800237 -24.045542 -36.847378
-94.973480 -14.258912 -27.869724
5
-20.643099 -53.251740 82.086020
-20.046203 -52.812747 82.516444
-5.212214 -64.158055 76.528274
-8.362308 -70.027901 70.895450
-17.114885 -67.128091 72.117266
6
4.243472 -71.655092 -69.624282
9.065532 -62.404881 -77.610869
9.311321 -56.405171 -82.047279
-1.454297 -52.417358 -85.148726
-17.357042 -64.247649 -74.638949
-0.918698 -73.211915 -68.111464
7
89.980684 32.539484 -29.063008
90.463328 37.787986 -19.709247
87.842205 43.958162 -18.746386
81.414988 52.333336 -25.155947
77.730638 47.468726 -41.287625
78.045901 46.325777 -41.985232
80.052502 42.849956 -41.898426
8
-3.638863 52.649587 84.939859
-2.635118 44.700644 89.414253
-5.276363 40.711994 91.184941
-16.451910 35.539367 92.012434
-16.693249 35.530140 91.972521
-20.560635 38.658873 89.904126
-17.844896 49.418265 85.084633
-5.210574 53.815777 84.123196
7
44.568466 28.825259 -84.751143
43.692697 27.496895 -85.643850
41.453985 14.262533 -89.878514
44.705869 10.075813 -88.881175
60.023323 10.583925 -79.279135
61.255562 14.021288 -77.789200
57.468109 25.080833 -77.899732
4
-7.422267 -99.724159 -0.045274
-30.737601 -95.137520 2.012979
-27.934828 -95.410213 10.795212
-5.161952 -98.897368 13.880378
8
73.762020 -19.992195 64.494004
64.829079 -22.738932 72.664513
58.657973 -15.921779 79.408684
68.473567 -0.470813 72.877630
70.551750 -0.355559 70.868358
75.675923 -10.014210 64.597758
75.062998 -17.812778 63.625870
74.722810 -18.856134 63.725567
6
-62.798819 47.603483 61.564736
-66.634624 40.769160 62.431582
-78.789725 35.469526 50.339765
-71.628371 53.335211 44.997019
-69.773226 55.263520 45.581140
-68.654758 55.492207 46.980199
4
-57.421070 -74.352009 34.272429
-48.322805 -86.279265 14.859168
-56.155713 -82.165299 9.767266
-65.734654 -72.089898 21.954540
7
-93.670897 -31.960348 -14.293328
-89.009889 -43.140443 -14.701764
-81.234981 -49.173406 -31.350503
-81.086197 -46.335595 -35.749702
-81.145488 -46.209485 -35.778391
-84.089505 -41.395076 -34.862627
-93.366964 -28.914384 -21.132165
8
-21.677061 96.946908 -11.463078
-30.315418 94.069992 -15.225377
-32.174130 92.684884 -19.347810
-31.708344 90.944818 -26.900203
-13.165903 92.703492 -35.110136
-12.276253 92.979467 -34.700323
-2.979755 97.227039 -23.195344
-6.797778 98.924923 -12.947963
7
-59.816155 -42.663145 67.837185
-59.820801 -43.234845 67.470141
-69.284799 -42.051376 58.577286
-73.779760 -28.029379 61.407662
-72.476634 -25.220434 64.117605
-66.842446 -27.275529 69.196336
-66.665924 -27.451102 69.297125
5
84.747828 -9.112554 -52.295000
87.361702 -16.806877 -45.666858
92.320264 -2.447815 -38.353318
89.648992 2.719732 -44.222859
86.759898 1.192014 -49.712163
6
26.695052 -44.829348 85.309459
27.851132 -48.471446 82.914615
21.641525 -56.023986 79.955971
4.396696 -52.947205 84.718726
0.865854 -45.745220 88.919206
2.700926 -42.855724 90.311084
6
53.244010 -45.074843 71.647288
52.979596 -39.531717 75.036030
64.829079 -22.738932 72.664513
73.762020 -19.992195 64.494004
68.743402 -36.494992 62.789014
59.846274 -44.796574 66.420557
6
86.682959 47.256357 15.902874
83.427784 55.018535 3.572898
83.722170 54.311763 -6.389889
87.361172 47.933551 -8.390488
92.871608 37.011569 -2.237905
89.962757 41.319829 14.119990
7
49.333608 -22.294856 -84.078145
48.477629 -22.925224 -84.405886
52.110524 -36.465429 -77.167129
64.476556 -28.456686 -70.943574
64.481918 -28.424293 -70.951687
63.665366 -24.328016 -73.176969
61.832197 -21.589542 -75.568983
6
10.673955 -29.354520 94.996731
10.667779 -27.160588 95.647796
29.854524 -11.264190 94.772493
33.553237 -21.060885 91.818405
32.714394 -32.140816 88.863583
29.015865 -36.446626 88.485722
5
85.363537 -41.820078 31.050728
89.007656 -35.675879 28.370210
91.985453 -36.381504 14.665014
90.132930 -41.998458 10.591712
87.536419 -46.131014 14.467369
6
-33.877081 92.903295 14.876869
-41.227812 90.401827 11.303861
-41.931556 90.414527 8.182777
-30.315418 94.069992 -15.225377
-21.677061 96.946908 -11.463078
-21.293560 97.437873 7.241906
6
-57.298259 9.254201 81.432605
-41.225837 -5.506970 90.940110
-54.685361 -13.927221 82.556307
-61.663602 -9.684946 78.126833
-62.827650 -8.206570 77.364970
-60.167704 6.240566 79.629785
6
80.476135 -55.881249 20.021929
83.942232 -52.539852 13.902003
82.439039 -56.602114 -0.074076
73.895940 -67.279124 3.592979
71.818363 -67.214718 18.008452
72.332156 -65.990790 20.329164
7
-60.478923 56.494998 -56.130340
-56.106640 68.946134 -45.809121
-56.806770 68.951247 -44.930129
-71.009024 61.998945 -33.374381
-73.039251 58.894698 -34.593098
-76.236934 48.314173 -43.054275
-73.980797 46.980680 -48.162821
7
6.321214 83.948269 53.969718
-13.419709 80.880684 57.255798
-19.290109 80.175921 56.566009
-20.786374 80.960244 54.894131
-16.536290 86.076140 48.139891
-6.508455 91.404645 40.035371
5.060894 89.699011 43.914403
7
74.288916 29.837647 59.923883
80.447476 35.517469 47.610009
86.541339 22.510119 44.764843
85.952354 17.640156 47.968925
84.971777 16.908159 49.939076
73.827415 19.639550 64.527521
73.482829 20.377865 64.691703
5
-86.427998 25.918658 -43.109446
-94.415376 17.216300 -28.095119
-94.262406 5.288694 -32.964049
-87.257661 10.118074 -47.788338
-84.889168 24.037874 -47.074513
8
7.111468 11.138081 99.123005
7.072856 -8.342338 99.400101
5.764089 -9.163297 99.412320
-7.686079 -8.788178 99.316122
-11.550845 4.214782 99.241189
-10.383902 7.980848 99.138694
-9.733682 8.787422 99.136455
-3.194199 13.115802 99.084675
7
-45.332018 -87.834587 15.168833
-42.340448 -88.600874 18.898983
-42.130781 -88.684717 18.974148
-28.742238 -94.665254 14.573041
-27.934828 -95.410213 10.795212
-30.737601 -95.137520 2.012979
-36.464843 -93.064719 -3.045208
8
-97.850127 -20.329158 3.475327
-97.822612 -20.378834 3.929325
-91.550857 -35.817447 18.318051
-85.963409 -49.393062 13.062074
-87.758506 -47.885692 2.324905
-89.535042 -44.525777 -0.965121
-96.788208 -25.133359 -0.597544
-97.630739 -21.610506 1.106768
6
93.604696 23.666872 26.039201
95.940387 10.146450 26.315238
91.788020 6.180638 39.201520
85.952354 17.640156 47.968925
86.541339 22.510119 44.764843
92.369475 24.886290 29.129928
5
85.360738 -51.803416 -5.472696
86.188019 -50.420219 -5.424646
88.309440 -41.743364 -21.422752
83.667470 -47.360840 -27.508276
78.929189 -57.830999 -20.633920
7
60.023323 10.583925 -79.279135
62.909425 2.153376 -77.703071
66.381784 -2.143069 -74.758719
74.585895 -2.108471 -66.577012
76.721678 6.223092 -63.836175
72.028375 17.700123 -67.071744
61.255562 14.021288 -77.789200
5
90.037436 16.518339 -40.254250
89.648992 2.719732 -44.222859
92.320264 -2.447815 -38.353318
97.857425 0.231060 -20.588125
92.593704 17.185418 -33.631347
7
-27.538314 -69.257564 66.671067
-24.059307 -71.094465 66.081214
-21.184864 -74.579905 63.158841
-24.945254 -82.484555 50.734924
-29.447187 -80.748721 51.112692
-37.607755 -71.260769 59.224654
-37.535541 -71.020716 59.557880
6
55.861286 -81.305383 16.399740
71.818363 -67.214718 18.008452
73.895940 -67.279124 3.592979
73.572846 -67.655042 3.135541
66.289999 -74.864205 0.993378
58.428096 -81.049343 4.142656
6
36.029066 83.652788 41.280958
29.283997 83.263876 47.006110
15.086624 92.806511 34.049159
16.082352 93.940777 30.273558
28.860142 93.735851 19.511088
36.294305 90.289722 23.032359
8
-2.209191 -96.942179 24.440407
-23.846833 -93.511823 26.208158
-28.955270 -90.717057 30.528806
-29.758134 -89.384284 33.539576
-21.661697 -85.082406 47.872279
-16.453298 -86.338911 47.695716
-1.255121 -93.253330 36.086579
-0.619628 -95.554005 29.479623
6
21.520013 30.245541 92.855244
45.441549 29.277599 84.130184
47.016992 27.879217 83.738592
48.476233 15.229776 86.128443
29.923071 1.497940 95.406320
20.104542 13.474338 97.027056
6
97.479582 4.754687 21.797339
94.410649 -16.439017 28.572505
91.012784 -7.595703 40.730560
91.449650 4.741804 40.180553
91.788020 6.180638 39.201520
95.940387 10.146450 26.315238
8
17.206253 88.159627 -43.952531
18.230176 86.288316 -47.137959
42.942012 72.309859 -54.104232
43.001758 72.305258 -54.062913
44.913680 74.553877 -49.239018
44.279832 82.303673 -35.572488
41.363475 84.977346 -32.678949
31.103413 88.625874 -34.322474
6
-93.121645 7.543773 35.657408
-95.415085 8.793547 28.611800
-97.146194 18.256385 15.143364
-95.763337 24.718172 14.778201
-91.271286 30.445125 27.251546
-89.717962 25.734735 35.894438
6
2.759940 -41.910825 90.751669
-15.659275 -22.148643 96.250843
-12.634263 -19.386434 97.285876
9.059903 -25.538910 96.258414
10.667779 -27.160588 95.647796
10.673955 -29.354520 94.996731
5
-73.779760 -28.029379 61.407662
-69.284799 -42.051376 58.577286
-69.969763 -42.778651 57.220794
-76.919641 -41.809835 48.325009
-82.145007 -30.122379 48.423549
7
-45.697190 -88.633088 -7.479468
-57.546390 -81.694492 3.797751
-56.155713 -82.165299 9.767266
-48.322805 -86.279265 14.859168
-45.332018 -87.834587 15.168833
-36.464843 -93.064719 -3.045208
-37.050961 -92.746584 -5.029656
5
-64.889653 -1.585848 -76.071138
-80.797554 -4.813842 -58.724630
-78.209834 -22.504548 -58.109958
-65.191160 -28.694602 -70.190687
-62.283150 -18.617704 -75.988094
7
57.515298 -52.368015 -62.845696
65.133911 -30.738348 -69.373825
64.476556 -28.456686 -70.943574
52.110524 -36.465429 -77.167129
46.896377 -43.389386 -76.929129
45.820915 -47.309774 -75.247784
46.199458 -51.882259 -71.929419
5
43.238361 42.639916 -79.449869
44.568466 28.825259 -84.751143
57.468109 25.080833 -77.899732
61.797140 31.235880 -72.148689
55.372024 42.310642 -71.719931
5
26.272218 95.564704 13.310070
28.860142 93.735851 19.511088
16.082352 93.940777 30.273558
3.511965 98.549951 16.600398
3.932644 98.632236 16.006757
7
-3.391761 59.874693 -80.021979
4.024518 50.940326 -85.958632
20.187275 45.029814 -86.975800
30.596962 52.062434 -79.707772
17.176830 67.358037 -71.887769
4.446013 69.169308 -72.082174
2.997475 68.397740 -72.888711
6
55.205196 -76.308877 33.605678
68.184802 -64.937095 33.675012
72.332156 -65.990790 20.329164
71.818363 -67.214718 18.008452
55.861286 -81.305383 16.399740
49.495224 -83.953600 22.405709
5
44.838442 -53.100312 -71.901815
33.815615 -58.247089 -73.917392
27.996410 -69.570588 -66.152357
27.968568 -75.278113 -59.589973
40.920491 -71.448394 -56.750686
7
69.890525 58.400332 -41.288205
77.730638 47.468726 -41.287625
81.414988 52.333336 -25.155947
77.768045 60.895514 -15.616262
71.010903 68.776342 -15.075357
69.770655 69.914990 -15.618892
67.073691 64.025091 -37.442057
9
43.238361 42.639916 -79.449869
36.173445 49.711544 -78.868526
32.367577 51.878708 -79.126100
30.596962 52.062434 -79.707772
20.187275 45.029814 -86.975800
19.120595 33.215025 -92.364306
19.225259 33.067843 -92.395385
43.692697 27.496895 -85.643850
44.568466 28.825259 -84.751143
6
26.344843 96.415957 3.148410
26.272218 95.564704 13.310070
3.932644 98.632236 16.006757
4.596509 99.144499 12.216396
20.156936 97.838377 -4.620597
23.154843 97.201336 -3.969082
8
-56.106640 68.946134 -45.809121
-60.478923 56.494998 -56.130340
-59.296268 55.372554 -58.462234
-50.850091 53.959390 -67.101807
-40.627282 59.068620 -69.716011
-35.956381 69.858128 -61.862595
-36.022630 71.427502 -60.004017
-45.449448 74.784825 -48.389850
8
89.962757 41.319829 14.119990
93.639842 29.134427 19.564386
93.604696 23.666872 26.039201
92.369475 24.886290 29.129928
79.809139 43.914340 41.255692
78.899555 46.219024 40.480391
80.641064 53.199460 25.823171
86.682959 47.256357 15.902874
7
65.231351 44.456391 61.388111
66.090625 46.766566 58.693420
75.327308 48.709817 44.194461
78.899555 46.219024 40.480391
79.809139 43.914340 41.255692
80.447476 35.517469 47.610009
74.288916 29.837647 59.923883
7
-99.715720 -7.303524 1.853030
-97.850127 -20.329158 3.475327
-97.630739 -21.610506 1.106768
-97.237133 -14.104041 -18.601505
-99.015527 0.617319 -13.983719
-99.329462 3.018408 -11.160073
-99.591693 3.119218 -8.471436
4
-89.535042 -44.525777 -0.965121
-89.009889 -43.140443 -14.701764
-93.670897 -31.960348 -14.293328
-96.788208 -25.133359 -0.597544
5
-90.529263 -3.371686 42.344825
-80.656844 -0.291428 59.113354
-79.853510 -1.283118 60.181147
-79.850715 -13.951858 58.559448
-84.675878 -15.642521 50.845916
7
-47.354417 57.548150 66.676605
-39.535759 58.114253 71.131268
-31.770900 53.701344 78.145861
-32.863221 40.057656 85.530070
-43.110427 32.282666 84.257466
-49.996239 44.461269 74.320735
-49.495715 54.713798 67.502404
6
80.476135 -55.881249 20.021929
83.373340 -45.092027 31.868405
84.519226 -42.774161 32.044836
85.363537 -41.820078 31.050728
87.536419 -46.131014 14.467369
83.942232 -52.539852 13.902003
6
-65.734654 -72.089898 21.954540
-56.155713 -82.165299 9.767266
-57.546390 -81.694492 3.797751
-64.935601 -76.008679 -2.459367
-71.318108 -70.022895 -3.243694
-74.112772 -65.007872 16.771215
6
4.275559 78.365630 -61.972152
-2.640947 82.610987 -56.288989
-14.906972 76.871272 -62.197987
-13.527811 74.524878 -65.291966
2.997475 68.397740 -72.888711
4.446013 69.169308 -72.082174
5
92.962100 -36.631886 -4.019054
91.171876 -35.123780 -21.307489
88.309440 -41.743364 -21.422752
86.188019 -50.420219 -5.424646
90.485720 -42.513981 -2.212678
7
20.696429 -44.751634 -86.999707
17.284882 -52.182730 -83.535594
33.815615 -58.247089 -73.917392
44.838442 -53.100312 -71.901815
46.199458 -51.882259 -71.929419
45.820915 -47.309774 -75.247784
25.841916 -40.356990 -87.769635
5
94.578772 31.745736 -6.860323
92.871608 37.011569 -2.237905
87.361172 47.933551 -8.390488
87.842205 43.958162 -18.746386
90.463328 37.787986 -19.709247
5
-24.059307 -71.094465 66.081214
-17.114885 -67.128091 72.117266
-8.362308 -70.027901 70.895450
-6.269550 -75.902797 64.803226
-21.184864 -74.579905 63.158841
6
29.854524 -11.264190 94.772493
30.085690 -7.452187 95.075318
51.173163 -9.183959 85.422259
54.195310 -15.756570 82.550584
50.559117 -22.649024 83.251411
33.553237 -21.060885 91.818405
6
67.073691 64.025091 -37.442057
69.770655 69.914990 -15.618892
65.075621 74.637956 -13.940552
64.867074 74.792478 -14.083604
54.529552 78.333515 -29.839376
65.037429 65.818153 -37.922335
8
47.727963 87.775630 4.180945
48.364195 87.201821 7.533062
46.831423 86.716279 16.944163
46.391494 86.828375 17.568796
36.294305 90.289722 23.032359
28.860142 93.735851 19.511088
26.272218 95.564704 13.310070
26.344843 96.415957 3.148410
6
-29.190242 -94.070988 -17.279438
-12.896428 -97.421196 -18.514660
-11.674123 -93.773046 -32.715908
-28.516351 -86.379199 -41.538557
-29.609988 -86.288062 -40.958748
-34.407981 -89.446293 -28.556113
6
25.237282 -22.823940 -94.032693
36.660468 -18.450575 -91.189837
38.719566 -7.911744 -91.859673
23.006568 -0.337986 -97.316923
19.395171 -5.705566 -97.935049
21.346585 -20.873744 -95.439039
6
-16.453298 -86.338911 47.695716
-21.661697 -85.082406 47.872279
-24.945254 -82.484555 50.734924
-21.184864 -74.579905 63.158841
-6.269550 -75.902797 64.803226
-3.205581 -77.780409 62.768880
5
85.042723 20.359294 -48.510148
82.579846 9.015341 -55.671291
86.759898 1.192014 -49.712163
89.648992 2.719732 -44.222859
90.037436 16.518339 -40.254250
7
30.508740 51.046258 80.395872
22.995189 56.550363 79.204026
21.702704 59.785572 77.166560
30.653135 72.324980 61.882814
35.309296 69.759612 62.344608
39.717916 49.907799 77.017522
39.050290 49.334373 77.725121
5
-42.340448 -88.600874 18.898983
-46.104300 -80.429745 37.489328
-29.758134 -89.384284 33.539576
-28.955270 -90.717057 30.528806
-42.130781 -88.684717 18.974148
8
28.918689 -84.321521 -45.316559
21.600094 -92.095636 -32.431925
21.489596 -92.711880 -30.703494
22.748772 -93.342702 -27.742268
26.984853 -92.864334 -25.456496
45.208223 -82.547892 -33.794410
45.908450 -80.256690 -38.095641
44.599925 -80.198515 -39.737197
7
76.721678 6.223092 -63.836175
82.579846 9.015341 -55.671291
85.042723 20.359294 -48.510148
82.199194 26.340678 -50.492189
80.710829 26.312044 -52.852989
72.090145 18.674176 -66.740439
72.028375 17.700123 -67.071744
5
-76.236934 48.314173 -43.054275
-73.039251 58.894698 -34.593098
-83.632441 50.019623 -22.442196
-87.660416 39.748462 -27.123996
-85.167215 39.245405 -34.732458
6
-19.025261 -64.211838 -74.262233
-22.773878 -47.433223 -85.037873
-30.069847 -46.249481 -83.407372
-31.708636 -47.197713 -82.261402
-31.433484 -64.120139 -70.003884
-28.315568 -66.854729 -68.765353
6
-83.608325 -28.389535 46.943395
-82.145007 -30.122379 48.423549
-76.919641 -41.809835 48.325009
-76.964116 -48.347942 41.701335
-86.542246 -37.316522 33.435262
-89.693534 -29.385424 33.038870
5
-95.763337 24.718172 14.778201
-94.848603 30.414605 8.870982
-91.616704 38.819969 9.969433
-86.289811 46.730712 19.243416
-91.271286 30.445125 27.251546
5
76.705693 -7.394835 -63.730316
76.210427 -6.702823 -64.397539
63.665366 -24.328016 -73.176969
64.481918 -28.424293 -70.951687
76.391970 -20.835652 -61.074892
5
2.997475 68.397740 -72.888711
-13.527811 74.524878 -65.291966
-20.398554 67.113595 -71.271764
-14.395445 57.538073 -80.511746
-3.391761 59.874693 -80.021979
8
0.865854 -45.745220 88.919206
-18.462591 -49.561230 84.869413
-22.717897 -41.130741 88.273208
-22.238917 -28.170884 93.337194
-17.565912 -22.692300 95.794041
-15.659275 -22.148643 96.250843
2.759940 -41.910825 90.751669
2.700926 -42.855724 90.311084
6
-37.050961 -92.746584 -5.029656
-29.190242 -94.070988 -17.279438
-34.407981 -89.446293 -28.556113
-36.344087 -88.744622 -28.346066
-53.104231 -82.749239 -18.234694
-45.697190 -88.633088 -7.479468
5
9.043150 95.821706 -27.137099
-2.979755 97.227039 -23.195344
-12.276253 92.979467 -34.700323
4.235028 89.373292 -44.659592
12.992781 89.941447 -41.733964
7
97.178449 -23.553578 -1.256213
92.962100 -36.631886 -4.019054
90.485720 -42.513981 -2.212678
90.132930 -41.998458 10.591712
91.985453 -36.381504 14.665014
97.185019 -21.685962 9.208208
97.478265 -21.134903 7.162660
6
-3.839848 38.218503 -92.328769
-2.413530 30.214025 -95.295790
2.325769 29.326941 -95.574690
19.120595 33.215025 -92.364306
20.187275 45.029814 -86.975800
4.024518 50.940326 -85.958632
6
-6.866022 -45.008969 -89.033985
-0.497488 -30.655409 -95.184024
-17.833746 -16.280994 -97.040645
-21.386731 -20.089023 -95.598321
-22.489690 -31.810916 -92.099292
-14.296437 -44.075549 -88.616917
7
-10.390968 64.451712 75.749618
-13.846250 65.457579 74.320836
-19.294579 73.171671 65.372974
-19.290109 80.175921 56.566009
-13.419709 80.880684 57.255798
4.717666 71.411649 69.843540
1.016733 67.421110 73.846870
6
-20.398554 67.113595 -71.271764
-35.956381 69.858128 -61.862595
-40.627282 59.068620 -69.716011
-37.811151 56.359586 -73.443270
-18.123248 54.518358 -81.849230
-14.395445 57.538073 -80.511746
7
-44.143676 88.631918 13.989963
-41.227812 90.401827 11.303861
-33.877081 92.903295 14.876869
-27.831366 92.866792 24.518850
-34.734659 80.361168 48.327902
-43.768423 76.375468 47.445896
-45.517717 76.678861 45.260244
5
48.364195 87.201821 7.533062
47.727963 87.775630 4.180945
47.863379 87.727847 3.594707
63.639042 76.891485 -6.145887
65.087367 75.513049 7.836713
6
-56.035991 -70.265842 -43.848365
-54.060796 -73.015653 -41.786897
-45.869474 -75.532255 -46.806728
-42.298201 -73.037650 -53.631743
-49.390160 -59.828433 -63.096520
-54.931833 -57.685828 -60.455264
5
-32.321469 -36.521831 -87.301080
-22.489690 -31.810916 -92.099292
-21.386731 -20.089023 -95.598321
-34.350634 -22.460692 -91.189644
-39.516752 -30.342505 -86.705009
6
49.455161 -86.578158 -7.642621
60.929275 -77.229707 -17.977646
61.140105 -76.951083 -18.450431
47.071070 -83.373496 -28.864763
42.220379 -89.976466 -11.030647
45.691028 -88.602344 -7.871122
5
87.850734 -9.404370 46.838086
86.030031 -16.640920 48.186238
75.062998 -17.812778 63.625870
75.675923 -10.014210 64.597758
83.808651 -2.972001 54.472719
7
-99.468940 2.650798 9.945008
-98.886022 1.439947 14.814900
-97.449332 -12.511681 18.630233
-97.296014 -14.835912 17.702579
-97.822612 -20.378834 3.929325
-97.850127 -20.329158 3.475327
-99.715720 -7.303524 1.853030
5
-53.106507 -82.747510 -18.235913
-57.130678 -78.104385 -25.214890
-73.697718 -66.978904 -9.081451
-71.318108 -70.022895 -3.243694
-64.935601 -76.008679 -2.459367
5
-79.901071 33.276034 50.085172
-73.477000 22.522055 63.983495
-77.522472 13.807009 61.641161
-81.030252 11.614918 57.438592
-83.771245 13.200754 52.991684
9
26.695052 -44.829348 85.309459
29.015865 -36.446626 88.485722
32.714394 -32.140816 88.863583
50.726127 -36.178722 78.217390
52.979596 -39.531717 75.036030
53.244010 -45.074843 71.647288
52.750053 -45.662813 71.640347
43.826722 -52.017974 73.303130
27.851132 -48.471446 82.914615
8
30.653135 72.324980 61.882814
24.945631 78.753377 56.352649
29.283997 83.263876 47.006110
36.029066 83.652788 41.280958
55.544764 72.953262 39.907402
50.129463 68.331852 53.082906
39.920407 68.393644 61.062841
35.309296 69.759612 62.344608
7
39.050290 49.334373 77.725121
39.717916 49.907799 77.017522
44.149190 50.682532 74.041407
59.126988 42.903946 68.287998
57.184953 31.784086 75.628387
47.016992 27.879217 83.738592
45.441549 29.277599 84.130184
7
-59.795476 -51.759858 -61.199821
-54.931833 -57.685828 -60.455264
-49.390160 -59.828433 -63.096520
-42.032278 -58.752743 -69.147688
-46.319654 -44.588725 -76.592005
-49.865500 -40.948508 -76.397982
-59.257263 -37.614854 -71.229906
6
-60.167704 6.240566 79.629785
-68.625150 9.884005 72.061746
-67.362506 24.100730 69.867357
-64.518491 26.540131 71.644858
-52.759086 21.952742 82.064340
-57.298259 9.254201 81.432605
6
-89.009889 -43.140443 -14.701764
-89.535042 -44.525777 -0.965121
-87.758506 -47.885692 2.324905
-76.223087 -63.633522 -11.866585
-78.045699 -57.245202 -25.136740
-81.234981 -49.173406 -31.350503
5
60.023323 10.583925 -79.279135
44.705869 10.075813 -88.881175
45.011506 -2.307729 -89.267232
50.063623 -5.612296 -86.383654
62.909425 2.153376 -77.703071
5
-22.238917 -28.170884 93.337194
-22.717897 -41.130741 88.273208
-42.713081 -37.884372 82.099739
-45.666896 -32.579861 82.783376
-37.116080 -26.043006 89.130009
6
52.750053 -45.662813 71.640347
53.244010 -45.074843 71.647288
59.846274 -44.796574 66.420557
68.113607 -53.516748 49.964930
67.285156 -57.984765 45.939905
53.494630 -66.023746 52.718019
7
-3.493702 99.682706 -7.152069
4.596509 99.144499 12.216396
3.932644 98.632236 16.006757
3.511965 98.549951 16.600398
-2.350031 98.140917 19.048302
-5.803729 98.102706 18.497997
-13.040677 98.779969 8.512248
7
90.132930 -41.998458 10.591712
90.485720 -42.513981 -2.212678
86.188019 -50.420219 -5.424646
85.360738 -51.803416 -5.472696
82.439039 -56.602114 -0.074076
83.942232 -52.539852 13.902003
87.536419 -46.131014 14.467369
4
39.666768 91.515536 -7.173153
43.315023 88.053447 -19.245759
50.273273 85.335730 -13.798955
47.479492 87.994068 1.655867
5
55.372024 42.310642 -71.719931
60.131116 49.044424 -63.078469
55.331141 57.802693 -59.977608
36.173445 49.711544 -78.868526
43.238361 42.639916 -79.449869
6
22.995189 56.550363 79.204026
13.810134 50.611231 85.133915
4.425181 55.197015 83.268886
7.429488 61.603066 78.421075
18.300808 61.335126 76.831522
21.702704 59.785572 77.166560
5
45.441549 29.277599 84.130184
21.520013 30.245541 92.855244
20.622840 31.453939 92.657154
30.508740 51.046258 80.395872
39.050290 49.334373 77.725121
6
21.489596 -92.711880 -30.703494
21.600094 -92.095636 -32.431925
6.428870 -86.500139 -49.763395
-2.068966 -87.238029 -48.838978
-3.810234 -91.690865 -39.727413
5.490014 -94.308373 -32.799245
6
20.622840 31.453939 92.657154
19.597720 32.051685 92.674801
12.561296 42.915492 89.445371
13.810134 50.611231 85.133915
22.995189 56.550363 79.204026
30.508740 51.046258 80.395872
8
-3.194199 13.115802 99.084675
-2.994636 21.234826 97.673509
4.029100 30.493248 95.152132
19.597720 32.051685 92.674801
20.622840 31.453939 92.657154
21.520013 30.245541 92.855244
20.104542 13.474338 97.027056
7.111468 11.138081 99.123005
5
12.660369 -69.215189 71.056123
2.921931 -62.399417 78.088252
4.396696 -52.947205 84.718726
21.641525 -56.023986 79.955971
20.331530 -63.839977 74.236690
7
-7.352964 -80.134314 -59.366874
-7.544966 -84.124548 -53.536286
-2.068966 -87.238029 -48.838978
6.428870 -86.500139 -49.763395
18.634784 -79.141004 -58.218952
4.243472 -71.655092 -69.624282
-0.918698 -73.211915 -68.111464
5
-45.449448 74.784825 -48.389850
-38.867723 84.723278 -36.211410
-56.994851 79.245992 -21.717727
-56.806770 68.951247 -44.930129
-56.106640 68.946134 -45.809121
6
-53.106507 -82.747510 -18.235913
-53.104231 -82.749239 -18.234694
-36.344087 -88.744622 -28.346066
-55.634537 -74.649886 -36.499217
-57.157998 -74.911888 -33.483911
-57.130678 -78.104385 -25.214890
5
31.103413 88.625874 -34.322474
41.363475 84.977346 -32.678949
41.802941 88.195735 -21.772147
28.278445 94.720480 -15.111590
24.268113 93.775863 -24.842428
5
-24.153405 33.310925 -91.142719
-8.956369 25.412514 -96.301545
-2.413530 30.214025 -95.295790
-3.839848 38.218503 -92.328769
-19.927870 45.791827 -86.637109
7
83.667470 -47.360840 -27.508276
80.103024 -38.352921 -45.962582
79.261744 -39.296085 -46.619671
75.803589 -44.658681 -47.533336
74.312964 -60.422176 -28.753156
75.924717 -61.126092 -22.339163
78.929189 -57.830999 -20.633920
6
-0.918698 -73.211915 -68.111464
-17.357042 -64.247649 -74.638949
-19.025261 -64.211838 -74.262233
-28.315568 -66.854729 -68.765353
-28.427850 -68.753633 -66.819124
-7.352964 -80.134314 -59.366874
5
-0.864876 95.144731 30.769013
10.135776 92.544528 36.507210
5.060894 89.699011 43.914403
-6.508455 91.404645 40.035371
-6.435670 92.801195 36.694964
6
61.655051 70.991983 34.041050
57.976042 71.677326 38.744542
55.903832 72.837887 39.615701
46.391494 86.828375 17.568796
46.831423 86.716279 16.944163
58.703262 78.907780 18.096663
7
-52.252240 -26.652617 80.989761
-54.685361 -13.927221 82.556307
-41.225837 -5.506970 90.940110
-41.044111 -5.479016 91.023960
-37.116080 -26.043006 89.130009
-45.666896 -32.579861 82.783376
-49.588612 -30.593953 81.271026
4
-29.447187 -80.748721 51.112692
-43.782829 -79.291479 42.378359
-43.831728 -71.857513 53.993310
-37.607755 -71.260769 59.224654
6
-60.778024 76.163948 22.474090
-72.515688 63.635947 26.304777
-80.912917 56.167915 17.270356
-80.428443 57.775327 13.902419
-70.404747 70.012985 11.889223
-60.250289 77.320837 19.783602
7
4.741416 -28.950345 -95.600191
7.791416 -25.620035 -96.347847
3.086704 -6.448298 -99.744131
2.611047 -6.152734 -99.776381
-17.375828 -9.374312 -98.031642
-17.833746 -16.280994 -97.040645
-0.497488 -30.655409 -95.184024
6
-76.964116 -48.347942 41.701335
-76.919641 -41.809835 48.325009
-69.969763 -42.778651 57.220794
-65.947613 -53.378192 52.930907
-71.060888 -56.745940 41.596255
-74.800939 -53.777861 38.894232
6
-99.591693 3.119218 -8.471436
-99.374465 11.142598 -0.747099
-99.171433 12.315075 3.655921
-99.118290 11.855820 5.916429
-99.468940 2.650798 9.945008
-99.715720 -7.303524 1.853030
7
55.331141 57.802693 -59.977608
54.745796 59.986334 -58.348415
43.001758 72.305258 -54.062913
42.942012 72.309859 -54.104232
41.859992 71.969581 -55.390617
32.367577 51.878708 -79.126100
36.173445 49.711544 -78.868526
7
-40.757710 -14.452983 -90.166071
-34.350634 -22.460692 -91.189644
-21.386731 -20.089023 -95.598321
-17.833746 -16.280994 -97.040645
-17.375828 -9.374312 -98.031642
-17.993835 -8.268996 -98.019618
-28.131039 -0.250964 -95.961355
6
97.478265 -21.134903 7.162660
99.507289 -5.328144 8.361236
98.603592 0.942591 -16.626582
98.229954 -0.746759 -18.716799
97.578112 -12.293195 -18.093904
97.178449 -23.553578 -1.256213
7
20.696429 -44.751634 -86.999707
25.841916 -40.356990 -87.769635
26.864775 -38.204722 -88.423317
25.237282 -22.823940 -94.032693
21.346585 -20.873744 -95.439039
7.791416 -25.620035 -96.347847
4.741416 -28.950345 -95.600191
6
65.075621 74.637956 -13.940552
63.639042 76.891485 -6.145887
47.863379 87.727847 3.594707
47.479492 87.994068 1.655867
50.273273 85.335730 -13.798955
64.867074 74.792478 -14.083604
7
16.764365 79.633102 58.116480
6.321214 83.948269 53.969718
5.060894 89.699011 43.914403
10.135776 92.544528 36.507210
15.086624 92.806511 34.049159
29.283997 83.263876 47.006110
24.945631 78.753377 56.352649
6
-47.187026 5.276541 -88.008765
-59.720046 13.460512 -79.071681
-64.889653 -1.585848 -76.071138
-62.283150 -18.617704 -75.988094
-51.249496 -18.271679 -83.902532
-45.850274 -13.316869 -87.865883
8
36.660468 -18.450575 -91.189837
43.268813 -23.934467 -86.919222
48.477629 -22.925224 -84.405886
49.333608 -22.294856 -84.078145
51.740358 -9.020723 -85.097367
50.063623 -5.612296 -86.383654
45.011506 -2.307729 -89.267232
38.719566 -7.911744 -91.859673
6
60.739919 56.693164 55.646629
66.090625 46.766566 58.693420
65.231351 44.456391 61.388111
60.435883 44.037149 66.394530
52.771796 56.551717 63.380130
55.659121 59.058488 58.430790
6
38.325197 -71.441062 58.543607
34.664993 -75.809338 55.238415
11.672301 -73.032967 67.304853
12.660369 -69.215189 71.056123
20.331530 -63.839977 74.236690
37.294450 -65.243955 65.972345
7
-35.956381 69.858128 -61.862595
-20.398554 67.113595 -71.271764
-13.527811 74.524878 -65.291966
-14.906972 76.871272 -62.197987
-22.573056 78.730722 -57.375348
-24.668440 78.218434 -57.213151
-36.022630 71.427502 -60.004017
5
97.178449 -23.553578 -1.256213
97.578112 -12.293195 -18.093904
92.373352 -24.489185 -29.452397
91.171876 -35.123780 -21.307489
92.962100 -36.631886 -4.019054
7
-89.717962 25.734735 35.894438
-83.624770 33.023319 43.776229
-79.927239 33.787794 49.699310
-79.901071 33.276034 50.085172
-83.771245 13.200754 52.991684
-92.678376 5.512355 37.152828
-93.121645 7.543773 35.657408
6
-48.467368 -56.308004 66.935215
-52.347477 -62.676129 57.718666
-58.238621 -62.005523 52.569746
-63.225929 -54.694228 54.872792
-55.053350 -50.203913 66.698543
-50.493629 -53.639485 67.625432
6
65.037429 65.818153 -37.922335
44.913680 74.553877 -49.239018
43.001758 72.305258 -54.062913
54.745796 59.986334 -58.348415
69.890525 58.400332 -41.288205
67.073691 64.025091 -37.442057
6
9.532133 95.877399 -26.770558
20.140247 97.841295 -4.631576
-3.483359 99.677131 -7.234347
-6.797778 98.924923 -12.947963
-2.979755 97.227039 -23.195344
9.043150 95.821706 -27.137099
6
-34.407981 -89.446293 -28.556113
-29.609988 -86.288062 -40.958748
-45.869474 -75.532255 -46.806728
-54.060796 -73.015653 -41.786897
-55.634537 -74.649886 -36.499217
-36.344087 -88.744622 -28.346066
6
0.865854 -45.745220 88.919206
4.396696 -52.947205 84.718726
2.921931 -62.399417 78.088252
-5.212214 -64.158055 76.528274
-20.046203 -52.812747 82.516444
-18.462591 -49.561230 84.869413
7
97.227796 21.964469 -8.019833
92.024759 26.179918 -29.087036
92.593704 17.185418 -33.631347
97.857425 0.231060 -20.588125
98.229954 -0.746759 -18.716799
98.603592 0.942591 -16.626582
99.032333 8.109900 -11.261726
6
-62.827650 -8.206570 77.364970
-69.333320 -7.365922 71.684265
-73.470205 -0.416820 67.837712
-72.614911 6.145587 68.478511
-68.625150 9.884005 72.061746
-60.167704 6.240566 79.629785
5
-58.805847 78.941495 -17.610020
-58.813766 79.248538 -16.143427
-72.721103 68.281815 -7.016757
-79.146889 60.708562 -7.088049
-71.024285 63.493074 -30.400338
7
83.212430 -32.284924 -45.092961
76.391970 -20.835652 -61.074892
64.481918 -28.424293 -70.951687
64.476556 -28.456686 -70.943574
65.133911 -30.738348 -69.373825
79.261744 -39.296085 -46.619671
80.103024 -38.352921 -45.962582
8
12.992781 89.941447 -41.733964
4.235028 89.373292 -44.659592
-3.506573 84.614513 -53.179772
-2.640947 82.610987 -56.288989
4.275559 78.365630 -61.972152
15.868309 82.444424 -54.324154
18.230176 86.288316 -47.137959
17.206253 88.159627 -43.952531
5
-99.118290 11.855820 5.916429
-97.146194 18.256385 15.143364
-95.415085 8.793547 28.611800
-98.886022 1.439947 14.814900
-99.468940 2.650798 9.945008
6
-97.237133 -14.104041 -18.601505
-97.630739 -21.610506 1.106768
-96.788208 -25.133359 -0.597544
-93.670897 -31.960348 -14.293328
-93.366964 -28.914384 -21.132165
-96.138830 -15.429801 -22.786981
6
-37.009776 -2.740867 92.858840
-37.012233 16.938549 91.341010
-32.746723 17.957601 92.764092
-10.383902 7.980848 99.138694
-11.550845 4.214782 99.241189
-35.829501 -3.121774 93.308635
5
4.596509 99.144499 12.216396
-3.493702 99.682706 -7.152069
-3.483359 99.677131 -7.234347
20.140247 97.841295 -4.631576
20.156936 97.838377 -4.620597
5
89.007656 -35.675879 28.370210
93.176709 -21.089684 29.552092
94.188877 -18.521447 28.025195
97.185019 -21.685962 9.208208
91.985453 -36.381504 14.665014
6
15.847772 -98.654510 -4.016948
25.514896 -96.669635 -1.992911
36.777562 -92.085759 -12.946969
26.984853 -92.864334 -25.456496
22.748772 -93.342702 -27.742268
9.153974 -98.916583 -11.476691
5
40.467549 -32.458732 -85.491568
46.896377 -43.389386 -76.929129
52.110524 -36.465429 -77.167129
48.477629 -22.925224 -84.405886
43.268813 -23.934467 -86.919222
5
-92.246573 -22.658909 31.259296
-97.296014 -14.835912 17.702579
-97.449332 -12.511681 18.630233
-92.673919 5.278064 37.197940
-90.953740 -2.821068 41.466356
6
92.871608 37.011569 -2.237905
94.578772 31.745736 -6.860323
97.062047 22.925109 -7.307422
97.520836 21.308049 5.971059
93.639842 29.134427 19.564386
89.962757 41.319829 14.119990
8
-70.357763 20.915815 -67.914019
-71.011247 20.763640 -67.277590
-83.596526 2.294286 -54.830257
-83.424371 -0.498857 -55.137333
-80.797554 -4.813842 -58.724630
-64.889653 -1.585848 -76.071138
-59.720046 13.460512 -79.071681
-59.803078 14.009335 -78.913436
6
-58.813766 79.248538 -16.143427
-56.230698 81.704961 -12.743937
-54.884735 83.353205 -6.317372
-62.594822 77.838010 4.809632
-67.428796 73.759405 3.592731
-72.721103 68.281815 -7.016757
5
-99.591693 3.119218 -8.471436
-99.329462 3.018408 -11.160073
-95.784856 20.615753 -20.006300
-96.488484 23.401714 -11.930311
-99.374465 11.142598 -0.747099
5
-79.850715 -13.951858 58.559448
-79.853510 -1.283118 60.181147
-73.470205 -0.416820 67.837712
-69.333320 -7.365922 71.684265
-74.987395 -17.310193 63.853330
5
55.659121 59.058488 58.430790
52.771796 56.551717 63.380130
49.105476 57.290444 65.623603
39.920407 68.393644 61.062841
50.129463 68.331852 53.082906
6
-23.156216 -83.968521 -49.123082
-30.014888 -71.044756 -63.653351
-42.298201 -73.037650 -53.631743
-45.869474 -75.532255 -46.806728
-29.609988 -86.288062 -40.958748
-28.516351 -86.379199 -41.538557
7
34.664993 -75.809338 55.238415
32.904948 -81.073477 48.418548
31.355344 -82.747769 46.579492
27.855341 -83.976598 46.604839
5.956054 -79.848944 59.905522
5.102171 -78.391692 61.876575
11.672301 -73.032967 67.304853
4
-60.778024 76.163948 22.474090
-54.902681 74.480989 37.924634
-67.983772 63.012320 37.518718
-72.515688 63.635947 26.304777
6
97.062047 22.925109 -7.307422
94.578772 31.745736 -6.860323
90.463328 37.787986 -19.709247
89.980684 32.539484 -29.063008
92.024759 26.179918 -29.087036
97.227796 21.964469 -8.019833
8
74.117482 15.425694 65.334882
70.551750 -0.355559 70.868358
68.473567 -0.470813 72.877630
62.934872 2.154920 77.682419
55.831769 11.142609 82.211044
70.259413 21.751123 67.753255
73.482829 20.377865 64.691703
73.827415 19.639550 64.527521
5
-24.668440 78.218434 -57.213151
-22.573056 78.730722 -57.375348
-13.367213 86.469806 -48.417871
-15.038464 88.736619 -43.585056
-27.182404 85.256862 -44.636134
5
1.016733 67.421110 73.846870
4.717666 71.411649 69.843540
9.073518 72.913271 67.833076
18.300808 61.335126 76.831522
7.429488 61.603066 78.421075
5
73.156535 63.767884 24.120081
61.655051 70.991983 34.041050
58.703262 78.907780 18.096663
65.728371 74.779098 9.373779
70.882699 69.398183 12.630725
8
-32.746723 17.957601 92.764092
-37.012233 16.938549 91.341010
-45.287957 25.478257 85.439215
-43.110427 32.282666 84.257466
-32.863221 40.057656 85.530070
-20.560635 38.658873 89.904126
-16.693249 35.530140 91.972521
-20.499748 27.498731 93.933914
7
-28.315568 -66.854729 -68.765353
-31.433484 -64.120139 -70.003884
-42.032278 -58.752743 -69.147688
-49.390160 -59.828433 -63.096520
-42.298201 -73.037650 -53.631743
-30.014888 -71.044756 -63.653351
-28.427850 -68.753633 -66.819124
7
52.366698 -75.669104 39.139694
53.338901 -66.157814 52.707734
53.494630 -66.023746 52.718019
67.285156 -57.984765 45.939905
69.402974 -59.733223 40.189168
68.184802 -64.937095 33.675012
55.205196 -76.308877 33.605678
4
-65.282753 39.885800 -64.399419
-54.190595 42.357898 -72.589172
-50.850091 53.959390 -67.101807
-59.296268 55.372554 -58.462234
5
20.938053 26.074457 -94.242881
8.577630 13.196933 -98.753558
8.329143 11.280365 -99.012013
22.964254 4.740317 -97.211997
29.133932 13.209570 -94.745560
4
-46.319654 -44.588725 -76.592005
-42.032278 -58.752743 -69.147688
-31.433484 -64.120139 -70.003884
-31.708636 -47.197713 -82.261402
7
4.741416 -28.950345 -95.600191
-0.497488 -30.655409 -95.184024
-6.866022 -45.008969 -89.033985
-1.454297 -52.417358 -85.148726
9.311321 -56.405171 -82.047279
17.284882 -52.182730 -83.535594
20.696429 -44.751634 -86.999707
7
-89.851166 43.513956 -5.770931
-80.714969 58.775107 -5.529967
-80.428443 57.775327 13.902419
-80.912917 56.167915 17.270356
-83.580064 50.982211 20.376142
-86.289811 46.730712 19.243416
-91.616704 38.819969 9.969433
7
-27.831366 92.866792 24.518850
-33.877081 92.903295 14.876869
-21.293560 97.437873 7.241906
-13.040677 98.779969 8.512248
-5.803729 98.102706 18.497997
-17.943582 94.619236 26.930058
-18.243301 94.548161 26.978272
6
-39.516752 -30.342505 -86.705009
-34.350634 -22.460692 -91.189644
-40.757710 -14.452983 -90.166071
-45.850274 -13.316869 -87.865883
-51.249496 -18.271679 -83.902532
-40.648586 -30.481896 -86.130984
6
72.028375 17.700123 -67.071744
72.090145 18.674176 -66.740439
67.236350 29.819446 -67.750084
61.797140 31.235880 -72.148689
57.468109 25.080833 -77.899732
61.255562 14.021288 -77.789200
5
-56.994851 79.245992 -21.717727
-58.805847 78.941495 -17.610020
-71.024285 63.493074 -30.400338
-71.009024 61.998945 -33.374381
-56.806770 68.951247 -44.930129
5
24.753185 -78.064822 -57.386091
18.634784 -79.141004 -58.218952
6.428870 -86.500139 -49.763395
21.600094 -92.095636 -32.431925
28.918689 -84.321521 -45.316559
7
-92.246573 -22.658909 31.259296
-90.953740 -2.821068 41.466356
-90.529263 -3.371686 42.344825
-84.675878 -15.642521 50.845916
-83.608325 -28.389535 46.943395
-89.693534 -29.385424 33.038870
-89.822765 -29.239372 32.816613
7
74.288916 29.837647 59.923883
73.482829 20.377865 64.691703
70.259413 21.751123 67.753255
57.184953 31.784086 75.628387
59.126988 42.903946 68.287998
60.435883 44.037149 66.394530
65.231351 44.456391 61.388111
7
-50.850091 53.959390 -67.101807
-54.190595 42.357898 -72.589172
-49.956972 32.194914 -80.422562
-42.490558 37.238527 -82.509664
-39.522123 42.559542 -81.404467
-37.811151 56.359586 -73.443270
-40.627282 59.068620 -69.716011
6
9.153974 -98.916583 -11.476691
22.748772 -93.342702 -27.742268
21.489596 -92.711880 -30.703494
5.490014 -94.308373 -32.799245
-5.104472 -99.155192 -11.924436
-4.377367 -99.304711 -10.927631
5
-45.697190 -88.633088 -7.479468
-53.104231 -82.749239 -18.234694
-53.106507 -82.747510 -18.235913
-64.935601 -76.008679 -2.459367
-57.546390 -81.694492 3.797751
8
37.430538 -90.370351 20.788327
36.809409 -90.922627 19.445905
31.127267 -93.731013 15.671323
11.481801 -98.206533 14.954767
-1.585102 -97.627616 21.594817
-2.209191 -96.942179 24.440407
-0.619628 -95.554005 29.479623
16.666555 -93.349578 31.750311
7
82.439039 -56.602114 -0.074076
85.360738 -51.803416 -5.472696
78.929189 -57.830999 -20.633920
75.924717 -61.126092 -22.339163
70.747252 -68.120076 -18.827682
73.572846 -67.655042 3.135541
73.895940 -67.279124 3.592979
5
-74.187308 43.772389 -50.795878
-81.790497 25.757860 -51.447520
-71.011247 20.763640 -67.277590
-70.357763 20.915815 -67.914019
-68.206995 36.819352 -63.183393
5
-53.324143 23.889807 -81.153022
-30.808835 21.888556 -92.583513
-27.059250 31.548592 -90.953193
-42.490558 37.238527 -82.509664
-49.956972 32.194914 -80.422562
5
-89.800237 -24.045542 -36.847378
-86.894627 -18.552322 -45.881752
-89.008917 -7.587229 -44.942703
-93.795518 -4.516152 -34.380303
-94.973480 -14.258912 -27.869724
7
58.505277 -71.716618 -37.866334
63.429598 -74.515204 -20.595396
70.747252 -68.120076 -18.827682
75.924717 -61.126092 -22.339163
74.312964 -60.422176 -28.753156
66.927141 -64.104138 -37.568833
59.523900 -69.869142 -39.688894
7
60.739919 56.693164 55.646629
55.659121 59.058488 58.430790
50.129463 68.331852 53.082906
55.544764 72.953262 39.907402
55.903832 72.837887 39.615701
57.976042 71.677326 38.744542
63.962218 61.989061 45.455374
7
9.059903 -25.538910 96.258414
5.764089 -9.163297 99.412320
7.072856 -8.342338 99.400101
29.763002 -6.619609 95.238356
30.085690 -7.452187 95.075318
29.854524 -11.264190 94.772493
10.667779 -27.160588 95.647796
4
-54.931833 -57.685828 -60.455264
-59.795476 -51.759858 -61.199821
-72.644524 -51.913724 -45.030416
-56.035991 -70.265842 -43.848365
6
-15.038464 88.736619 -43.585056
-13.367213 86.469806 -48.417871
-3.506573 84.614513 -53.179772
4.235028 89.373292 -44.659592
-12.276253 92.979467 -34.700323
-13.165903 92.703492 -35.110136
7
-72.515688 63.635947 26.304777
-67.983772 63.012320 37.518718
-69.773226 55.263520 45.581140
-71.628371 53.335211 44.997019
-82.264126 48.970963 28.886993
-83.580064 50.982211 20.376142
-80.912917 56.167915 17.270356
4
5.764089 -9.163297 99.412320
9.059903 -25.538910 96.258414
-12.634263 -19.386434 97.285876
-7.686079 -8.788178 99.316122
7
-88.926158 38.180237 -25.187457
-87.660416 39.748462 -27.123996
-83.632441 50.019623 -22.442196
-80.444952 59.090596 -6.075460
-80.714969 58.775107 -5.529967
-89.851166 43.513956 -5.770931
-91.214290 40.135583 -8.311939
7
92.593704 17.185418 -33.631347
92.024759 26.179918 -29.087036
89.980684 32.539484 -29.063008
80.052502 42.849956 -41.898426
82.199194 26.340678 -50.492189
85.042723 20.359294 -48.510148
90.037436 16.518339 -40.254250
5
77.768045 60.895514 -15.616262
83.722170 54.311763 -6.389889
83.427784 55.018535 3.572898
75.809042 65.084608 4.121029
71.010903 68.776342 -15.075357
7
-94.307379 4.955446 -32.887107
-94.262406 5.288694 -32.964049
-94.415376 17.216300 -28.095119
-95.319906 20.945607 -21.803603
-95.784856 20.615753 -20.006300
-99.329462 3.018408 -11.160073
-99.015527 0.617319 -13.983719
5
-62.798819 47.603483 61.564736
-49.495715 54.713798 67.502404
-49.996239 44.461269 74.320735
-64.125669 32.894359 69.324308
-66.634624 40.769160 62.431582
7
97.185019 -21.685962 9.208208
94.188877 -18.521447 28.025195
94.410649 -16.439017 28.572505
97.479582 4.754687 21.797339
98.685658 4.000535 15.656841
99.507289 -5.328144 8.361236
97.478265 -21.134903 7.162660
5
2.700926 -42.855724 90.311084
2.759940 -41.910825 90.751669
10.673955 -29.354520 94.996731
29.015865 -36.446626 88.485722
26.695052 -44.829348 85.309459
5
-5.803729 98.102706 18.497997
-2.350031 98.140917 19.048302
-0.864876 95.144731 30.769013
-6.435670 92.801195 36.694964
-17.943582 94.619236 26.930058
6
-17.357042 -64.247649 -74.638949
-1.454297 -52.417358 -85.148726
-6.866022 -45.008969 -89.033985
-14.296437 -44.075549 -88.616917
-22.773878 -47.433223 -85.037873
-19.025261 -64.211838 -74.262233
7
-14.395445 57.538073 -80.511746
-18.123248 54.518358 -81.849230
-20.032465 46.357992 -86.311279
-19.927870 45.791827 -86.637109
-3.839848 38.218503 -92.328769
4.024518 50.940326 -85.958632
-3.391761 59.874693 -80.021979
7
-46.104300 -80.429745 37.489328
-46.583795 -79.950727 37.918746
-43.782829 -79.291479 42.378359
-29.447187 -80.748721 51.112692
-24.945254 -82.484555 50.734924
-21.661697 -85.082406 47.872279
-29.758134 -89.384284 33.539576
6
-64.518491 26.540131 71.644858
-64.125669 32.894359 69.324308
-49.996239 44.461269 74.320735
-43.110427 32.282666 84.257466
-45.287957 25.478257 85.439215
-52.759086 21.952742 82.064340
7
46.199458 -51.882259 -71.929419
44.838442 -53.100312 -71.901815
40.920491 -71.448394 -56.750686
43.588783 -71.481422 -54.684773
56.998429 -63.465910 -52.184838
60.503912 -54.552072 -57.994379
57.515298 -52.368015 -62.845696
6
-27.538314 -69.257564 66.671067
-31.374941 -57.536591 75.532468
-29.503017 -55.884954 77.501251
-20.643099 -53.251740 82.086020
-17.114885 -67.128091 72.117266
-24.059307 -71.094465 66.081214
6
9.043150 95.821706 -27.137099
12.992781 89.941447 -41.733964
17.206253 88.159627 -43.952531
31.103413 88.625874 -34.322474
24.268113 93.775863 -24.842428
9.532133 95.877399 -26.770558
5
-18.243301 94.548161 26.978272
-17.943582 94.619236 26.930058
-6.435670 92.801195 36.694964
-6.508455 91.404645 40.035371
-16.536290 86.076140 48.139891
7
-68.654758 55.492207 46.980199
-69.773226 55.263520 45.581140
-67.983772 63.012320 37.518718
-54.902681 74.480989 37.924634
-45.517717 76.678861 45.260244
-43.768423 76.375468 47.445896
-48.431005 67.825872 55.263811
6
70.259413 21.751123 67.753255
55.831769 11.142609 82.211044
49.391059 14.406067 85.749569
48.476233 15.229776 86.128443
47.016992 27.879217 83.738592
57.184953 31.784086 75.628387
5
-28.131039 -0.250964 -95.961355
-31.181869 4.484435 -94.908276
-47.187026 5.276541 -88.008765
-45.850274 -13.316869 -87.865883
-40.757710 -14.452983 -90.166071
5
-81.145488 -46.209485 -35.778391
-79.016408 -23.045834 -56.791697
-86.894627 -18.552322 -45.881752
-89.800237 -24.045542 -36.847378
-84.089505 -41.395076 -34.862627
7
54.745796 59.986334 -58.348415
55.331141 57.802693 -59.977608
60.131116 49.044424 -63.078469
68.194906 43.997630 -58.426564
78.045901 46.325777 -41.985232
77.730638 47.468726 -41.287625
69.890525 58.400332 -41.288205
6
53.494630 -66.023746 52.718019
53.338901 -66.157814 52.707734
38.325197 -71.441062 58.543607
37.294450 -65.243955 65.972345
43.826722 -52.017974 73.303130
52.750053 -45.662813 71.640347
5
-57.130678 -78.104385 -25.214890
-57.157998 -74.911888 -33.483911
-78.045699 -57.245202 -25.136740
-76.223087 -63.633522 -11.866585
-73.697718 -66.978904 -9.081451
5
-71.060888 -56.745940 41.596255
-65.947613 -53.378192 52.930907
-63.225929 -54.694228 54.872792
-58.238621 -62.005523 52.569746
-61.664292 -66.872190 41.540646
5
37.294450 -65.243955 65.972345
20.331530 -63.839977 74.236690
21.641525 -56.023986 79.955971
27.851132 -48.471446 82.914615
43.826722 -52.017974 73.303130
7
44.279832 82.303673 -35.572488
54.529552 78.333515 -29.839376
64.867074 74.792478 -14.083604
50.273273 85.335730 -13.798955
43.315023 88.053447 -19.245759
41.802941 88.195735 -21.772147
41.363475 84.977346 -32.678949
8
-38.867723 84.723278 -36.211410
-38.259030 85.126358 -35.913087
-31.708344 90.944818 -26.900203
-32.174130 92.684884 -19.347810
-56.230698 81.704961 -12.743937
-58.813766 79.248538 -16.143427
-58.805847 78.941495 -17.610020
-56.994851 79.245992 -21.717727
5
17.176830 67.358037 -71.887769
24.348181 73.116870 -63.726677
15.868309 82.444424 -54.324154
4.275559 78.365630 -61.972152
4.446013 69.169308 -72.082174
5
4.029100 30.493248 95.152132
-5.276363 40.711994 91.184941
-2.635118 44.700644 89.414253
12.561296 42.915492 89.445371
19.597720 32.051685 92.674801
4
-37.535541 -71.020716 59.557880
-45.904196 -57.674874 67.575244
-31.374941 -57.536591 75.532468
-27.538314 -69.257564 66.671067
5
73.762020 -19.992195 64.494004
74.722810 -18.856134 63.725567
79.088664 -27.183345 54.827448
76.586583 -38.624871 51.406368
68.743402 -36.494992 62.789014
5
53.338901 -66.157814 52.707734
52.366698 -75.669104 39.139694
32.904948 -81.073477 48.418548
34.664993 -75.809338 55.238415
38.325197 -71.441062 58.543607
6
18.634784 -79.141004 -58.218952
24.753185 -78.064822 -57.386091
27.968568 -75.278113 -59.589973
27.996410 -69.570588 -66.152357
9.065532 -62.404881 -77.610869
4.243472 -71.655092 -69.624282
5
9.311321 -56.405171 -82.047279
9.065532 -62.404881 -77.610869
27.996410 -69.570588 -66.152357
33.815615 -58.247089 -73.917392
17.284882 -52.182730 -83.535594
5
97.227796 21.964469 -8.019833
99.032333 8.109900 -11.261726
99.181949 7.304224 10.468492
97.520836 21.308049 5.971059
97.062047 22.925109 -7.307422
6
86.682959 47.256357 15.902874
80.641064 53.199460 25.823171
73.156535 63.767884 24.120081
70.882699 69.398183 12.630725
75.809042 65.084608 4.121029
83.427784 55.018535 3.572898
5
-61.664292 -66.872190 41.540646
-58.238621 -62.005523 52.569746
-52.347477 -62.676129 57.718666
-49.207140 -68.569773 53.636215
-58.010316 -72.070425 37.955987
7
74.585895 -2.108471 -66.577012
76.210427 -6.702823 -64.397539
76.705693 -7.394835 -63.730316
84.747828 -9.112554 -52.295000
86.759898 1.192014 -49.712163
82.579846 9.015341 -55.671291
76.721678 6.223092 -63.836175
5
-17.375828 -9.374312 -98.031642
2.611047 -6.152734 -99.776381
3.863737 8.688376 -99.546892
-7.130759 12.523612 -98.956109
-17.993835 -8.268996 -98.019618
5
-70.404747 70.012985 11.889223
-67.428796 73.759405 3.592731
-62.594822 77.838010 4.809632
-58.686663 78.988440 17.796123
-60.250289 77.320837 19.783602
6
68.194906 43.997630 -58.426564
69.676710 34.765940 -62.741418
80.710829 26.312044 -52.852989
82.199194 26.340678 -50.492189
80.052502 42.849956 -41.898426
78.045901 46.325777 -41.985232
6
-80.441287 -56.017282 19.780380
-85.963409 -49.393062 13.062074
-91.550857 -35.817447 18.318051
-89.822765 -29.239372 32.816613
-89.693534 -29.385424 33.038870
-86.542246 -37.316522 33.435262
7
-81.030252 11.614918 57.438592
-80.656844 -0.291428 59.113354
-90.529263 -3.371686 42.344825
-90.953740 -2.821068 41.466356
-92.673919 5.278064 37.197940
-92.678376 5.512355 37.152828
-83.771245 13.200754 52.991684
5
81.414988 52.333336 -25.155947
87.842205 43.958162 -18.746386
87.361172 47.933551 -8.390488
83.722170 54.311763 -6.389889
77.768045 60.895514 -15.616262
7
24.268113 93.775863 -24.842428
28.278445 94.720480 -15.111590
23.501134 97.102526 -4.335464
23.154843 97.201336 -3.969082
20.156936 97.838377 -4.620597
20.140247 97.841295 -4.631576
9.532133 95.877399 -26.770558
5
59.846274 -44.796574 66.420557
68.743402 -36.494992 62.789014
76.586583 -38.624871 51.406368
76.894425 -40.177082 49.729764
68.113607 -53.516748 49.964930
7
-68.206995 36.819352 -63.183393
-70.357763 20.915815 -67.914019
-59.803078 14.009335 -78.913436
-53.324143 23.889807 -81.153022
-49.956972 32.194914 -80.422562
-54.190595 42.357898 -72.589172
-65.282753 39.885800 -64.399419
5
9.073518 72.913271 67.833076
4.717666 71.411649 69.843540
-13.419709 80.880684 57.255798
6.321214 83.948269 53.969718
16.764365 79.633102 58.116480
8
-4.377367 -99.304711 -10.927631
-5.104472 -99.155192 -11.924436
-12.896428 -97.421196 -18.514660
-29.190242 -94.070988 -17.279438
-37.050961 -92.746584 -5.029656
-36.464843 -93.064719 -3.045208
-30.737601 -95.137520 2.012979
-7.422267 -99.724159 -0.045274
5
55.544764 72.953262 39.907402
36.029066 83.652788 41.280958
36.294305 90.289722 23.032359
46.391494 86.828375 17.568796
55.903832 72.837887 39.615701
7
-40.648586 -30.481896 -86.130984
-51.249496 -18.271679 -83.902532
-62.283150 -18.617704 -75.988094
-65.191160 -28.694602 -70.190687
-64.995157 -29.226473 -70.152996
-59.257263 -37.614854 -71.229906
-49.865500 -40.948508 -76.397982
6
38.247094 -89.820279 21.667426
37.430538 -90.370351 20.788327
16.666555 -93.349578 31.750311
26.247225 -84.875376 45.904834
27.855341 -83.976598 46.604839
31.355344 -82.747769 46.579492
5
-66.665924 -27.451102 69.297125
-66.842446 -27.275529 69.196336
-61.663602 -9.684946 78.126833
-54.685361 -13.927221 82.556307
-52.252240 -26.652617 80.989761
4
-59.816155 -42.663145 67.837185
-66.665924 -27.451102 69.297125
-52.252240 -26.652617 80.989761
-49.588612 -30.593953 81.271026
6
-28.516351 -86.379199 -41.538557
-11.674123 -93.773046 -32.715908
-3.810234 -91.690865 -39.727413
-2.068966 -87.238029 -48.838978
-7.544966 -84.124548 -53.536286
-23.156216 -83.968521 -49.123082
7
-94.262406 5.288694 -32.964049
-94.307379 4.955446 -32.887107
-93.795518 -4.516152 -34.380303
-89.008917 -7.587229 -44.942703
-83.424371 -0.498857 -55.137333
-83.596526 2.294286 -54.830257
-87.257661 10.118074 -47.788338
7
-42.551483 -40.729380 80.811440
-42.713081 -37.884372 82.099739
-22.717897 -41.130741 88.273208
-18.462591 -49.561230 84.869413
-20.046203 -52.812747 82.516444
-20.643099 -53.251740 82.086020
-29.503017 -55.884954 77.501251
5
-30.315418 94.069992 -15.225377
-41.931556 90.414527 8.182777
-54.884735 83.353205 -6.317372
-56.230698 81.704961 -12.743937
-32.174130 92.684884 -19.347810
7
-5.161952 -98.897368 13.880378
-1.585102 -97.627616 21.594817
11.481801 -98.206533 14.954767
15.847772 -98.654510 -4.016948
9.153974 -98.916583 -11.476691
-4.377367 -99.304711 -10.927631
-7.422267 -99.724159 -0.045274
5
13.810134 50.611231 85.133915
12.561296 42.915492 89.445371
-2.635118 44.700644 89.414253
-3.638863 52.649587 84.939859
4.425181 55.197015 83.268886
6
86.688261 -27.111790 -41.834152
87.361702 -16.806877 -45.666858
84.747828 -9.112554 -52.295000
76.705693 -7.394835 -63.730316
76.391970 -20.835652 -61.074892
83.212430 -32.284924 -45.092961
7
23.501134 97.102526 -4.335464
39.666768 91.515536 -7.173153
47.479492 87.994068 1.655867
47.863379 87.727847 3.594707
47.727963 87.775630 4.180945
26.344843 96.415957 3.148410
23.154843 97.201336 -3.969082
6
42.220379 -89.976466 -11.030647
36.777562 -92.085759 -12.946969
25.514896 -96.669635 -1.992911
31.127267 -93.731013 15.671323
36.809409 -90.922627 19.445905
45.691028 -88.602344 -7.871122
4
72.090145 18.674176 -66.740439
80.710829 26.312044 -52.852989
69.676710 34.765940 -62.741418
67.236350 29.819446 -67.750084
5
-79.749683 -56.837824 20.234865
-80.441287 -56.017282 19.780380
-86.542246 -37.316522 33.435262
-76.964116 -48.347942 41.701335
-74.800939 -53.777861 38.894232
5
5.490014 -94.308373 -32.799245
-3.810234 -91.690865 -39.727413
-11.674123 -93.773046 -32.715908
-12.896428 -97.421196 -18.514660
-5.104472 -99.155192 -11.924436
7
68.113607 -53.516748 49.964930
76.894425 -40.177082 49.729764
82.095224 -38.520773 42.148835
84.519226 -42.774161 32.044836
83.373340 -45.092027 31.868405
69.402974 -59.733223 40.189168
67.285156 -57.984765 45.939905
6
-9.733682 8.787422 99.136455
-20.499748 27.498731 93.933914
-16.693249 35.530140 91.972521
-16.451910 35.539367 92.012434
-2.994636 21.234826 97.673509
-3.194199 13.115802 99.084675
5
46.896377 -43.389386 -76.929129
40.467549 -32.458732 -85.491568
26.864775 -38.204722 -88.423317
25.841916 -40.356990 -87.769635
45.820915 -47.309774 -75.247784
4
73.588501 -46.901512 -48.836263
66.927141 -64.104138 -37.568833
74.312964 -60.422176 -28.753156
75.803589 -44.658681 -47.533336
9
-72.644524 -51.913724 -45.030416
-76.417077 -48.933763 -42.022817
-81.086197 -46.335595 -35.749702
-81.234981 -49.173406 -31.350503
-78.045699 -57.245202 -25.136740
-57.157998 -74.911888 -33.483911
-55.634537 -74.649886 -36.499217
-54.060796 -73.015653 -41.786897
-56.035991 -70.265842 -43.848365
4
11.481801 -98.206533 14.954767
31.127267 -93.731013 15.671323
25.514896 -96.669635 -1.992911
15.847772 -98.654510 -4.016948
8
49.495224 -83.953600 22.405709
55.861286 -81.305383 16.399740
58.428096 -81.049343 4.142656
49.455161 -86.578158 -7.642621
45.691028 -88.602344 -7.871122
36.809409 -90.922627 19.445905
37.430538 -90.370351 20.788327
38.247094 -89.820279 21.667426
6
43.588783 -71.481422 -54.684773
44.599925 -80.198515 -39.737197
45.908450 -80.256690 -38.095641
58.505277 -71.716618 -37.866334
59.523900 -69.869142 -39.688894
56.998429 -63.465910 -52.184838
6
50.726127 -36.178722 78.217390
50.559117 -22.649024 83.251411
54.195310 -15.756570 82.550584
58.657973 -15.921779 79.408684
64.829079 -22.738932 72.664513
52.979596 -39.531717 75.036030
6
-21.293560 97.437873 7.241906
-21.677061 96.946908 -11.463078
-6.797778 98.924923 -12.947963
-3.483359 99.677131 -7.234347
-3.493702 99.682706 -7.152069
-13.040677 98.779969 8.512248
5
-68.625150 9.884005 72.061746
-72.614911 6.145587 68.478511
-77.522472 13.807009 61.641161
-73.477000 22.522055 63.983495
-67.362506 24.100730 69.867357
4
21.346585 -20.873744 -95.439039
19.395171 -5.705566 -97.935049
3.086704 -6.448298 -99.744131
7.791416 -25.620035 -96.347847
7
-80.428443 57.775327 13.902419
-80.714969 58.775107 -5.529967
-80.444952 59.090596 -6.075460
-79.146889 60.708562 -7.088049
-72.721103 68.281815 -7.016757
-67.428796 73.759405 3.592731
-70.404747 70.012985 11.889223
4
66.090625 46.766566 58.693420
60.739919 56.693164 55.646629
63.962218 61.989061 45.455374
75.327308 48.709817 44.194461
6
-3.205581 -77.780409 62.768880
5.102171 -78.391692 61.876575
5.956054 -79.848944 59.905522
3.713849 -90.407505 42.575701
-1.255121 -93.253330 36.086579
-16.453298 -86.338911 47.695716
6
-74.187308 43.772389 -50.795878
-68.206995 36.819352 -63.183393
-65.282753 39.885800 -64.399419
-59.296268 55.372554 -58.462234
-60.478923 56.494998 -56.130340
-73.980797 46.980680 -48.162821
7
-84.675878 -15.642521 50.845916
-79.850715 -13.951858 58.559448
-74.987395 -17.310193 63.853330
-72.476634 -25.220434 64.117605
-73.779760 -28.029379 61.407662
-82.145007 -30.122379 48.423549
-83.608325 -28.389535 46.943395
4
32.714394 -32.140816 88.863583
33.553237 -21.060885 91.818405
50.559117 -22.649024 83.251411
50.726127 -36.178722 78.217390
6
-24.153405 33.310925 -91.142719
-19.927870 45.791827 -86.637109
-20.032465 46.357992 -86.311279
-39.522123 42.559542 -81.404467
-42.490558 37.238527 -82.509664
-27.059250 31.548592 -90.953193
5
58.703262 78.907780 18.096663
46.831423 86.716279 16.944163
48.364195 87.201821 7.533062
65.087367 75.513049 7.836713
65.728371 74.779098 9.373779
6
-27.934828 -95.410213 10.795212
-28.742238 -94.665254 14.573041
-23.846833 -93.511823 26.208158
-2.209191 -96.942179 24.440407
-1.585102 -97.627616 21.594817
-5.161952 -98.897368 13.880378
5
7.111468 11.138081 99.123005
20.104542 13.474338 97.027056
29.923071 1.497940 95.406320
29.763002 -6.619609 95.238356
7.072856 -8.342338 99.400101
6
-66.842446 -27.275529 69.196336
-72.476634 -25.220434 64.117605
-74.987395 -17.310193 63.853330
-69.333320 -7.365922 71.684265
-62.827650 -8.206570 77.364970
-61.663602 -9.684946 78.126833
6
85.952354 17.640156 47.968925
91.788020 6.180638 39.201520
91.449650 4.741804 40.180553
84.642112 1.460097 53.231391
84.595713 1.715797 53.297480
84.971777 16.908159 49.939076
6
-91.271286 30.445125 27.251546
-86.289811 46.730712 19.243416
-83.580064 50.982211 20.376142
-82.264126 48.970963 28.886993
-83.624770 33.023319 43.776229
-89.717962 25.734735 35.894438
6
-10.425918 19.521586 -97.520295
-8.956369 25.412514 -96.301545
-24.153405 33.310925 -91.142719
-27.059250 31.548592 -90.953193
-30.808835 21.888556 -92.583513
-28.451708 12.676563 -95.025286
6
-60.250289 77.320837 19.783602
-58.686663 78.988440 17.796123
-44.143676 88.631918 13.989963
-45.517717 76.678861 45.260244
-54.902681 74.480989 37.924634
-60.778024 76.163948 22.474090
6
83.808651 -2.972001 54.472719
75.675923 -10.014210 64.597758
70.551750 -0.355559 70.868358
74.117482 15.425694 65.334882
84.595713 1.715797 53.297480
84.642112 1.460097 53.231391
5
52.771796 56.551717 63.380130
60.435883 44.037149 66.394530
59.126988 42.903946 68.287998
44.149190 50.682532 74.041407
49.105476 57.290444 65.623603
6
51.173163 -9.183959 85.422259
51.314191 -8.874200 85.370384
62.934872 2.154920 77.682419
68.473567 -0.470813 72.877630
58.657973 -15.921779 79.408684
54.195310 -15.756570 82.550584
8
-67.362506 24.100730 69.867357
-73.477000 22.522055 63.983495
-79.901071 33.276034 50.085172
-79.927239 33.787794 49.699310
-78.789725 35.469526 50.339765
-66.634624 40.769160 62.431582
-64.125669 32.894359 69.324308
-64.518491 26.540131 71.644858
5
-18.243301 94.548161 26.978272
-16.536290 86.076140 48.139891
-20.786374 80.960244 54.894131
-34.734659 80.361168 48.327902
-27.831366 92.866792 24.518850
6
-79.146889 60.708562 -7.088049
-80.444952 59.090596 -6.075460
-83.632441 50.019623 -22.442196
-73.039251 58.894698 -34.593098
-71.009024 61.998945 -33.374381
-71.024285 63.493074 -30.400338
7
99.181949 7.304224 10.468492
98.685658 4.000535 15.656841
97.479582 4.754687 21.797339
95.940387 10.146450 26.315238
93.604696 23.666872 26.039201
93.639842 29.134427 19.564386
97.520836 21.308049 5.971059
6
-58.686663 78.988440 17.796123
-62.594822 77.838010 4.809632
-54.884735 83.353205 -6.317372
-41.931556 90.414527 8.182777
-41.227812 90.401827 11.303861
-44.143676 88.631918 13.989963
5
26.984853 -92.864334 -25.456496
36.777562 -92.085759 -12.946969
42.220379 -89.976466 -11.030647
47.071070 -83.373496 -28.864763
45.208223 -82.547892 -33.794410
7
-48.322805 -86.279265 14.859168
-57.421070 -74.352009 34.272429
-56.857161 -74.222394 35.472517
-46.583795 -79.950727 37.918746
-46.104300 -80.429745 37.489328
-42.340448 -88.600874 18.898983
-45.332018 -87.834587 15.168833
4
49.455161 -86.578158 -7.642621
58.428096 -81.049343 4.142656
66.289999 -74.864205 0.993378
60.929275 -77.229707 -17.977646
5
-31.708344 90.944818 -26.900203
-38.259030 85.126358 -35.913087
-27.182404 85.256862 -44.636134
-15.038464 88.736619 -43.585056
-13.165903 92.703492 -35.110136
6
70.747252 -68.120076 -18.827682
63.429598 -74.515204 -20.595396
61.140105 -76.951083 -18.450431
60.929275 -77.229707 -17.977646
66.289999 -74.864205 0.993378
73.572846 -67.655042 3.135541
8
-3.205581 -77.780409 62.768880
-6.269550 -75.902797 64.803226
-8.362308 -70.027901 70.895450
-5.212214 -64.158055 76.528274
2.921931 -62.399417 78.088252
12.660369 -69.215189 71.056123
11.672301 -73.032967 67.304853
5.102171 -78.391692 61.876575
6
-22.238917 -28.170884 93.337194
-37.116080 -26.043006 89.130009
-41.044111 -5.479016 91.023960
-37.009776 -2.740867 92.858840
-35.829501 -3.121774 93.308635
-17.565912 -22.692300 95.794041
7
-49.865500 -40.948508 -76.397982
-46.319654 -44.588725 -76.592005
-31.708636 -47.197713 -82.261402
-30.069847 -46.249481 -83.407372
-32.321469 -36.521831 -87.301080
-39.516752 -30.342505 -86.705009
-40.648586 -30.481896 -86.130984
4
-10.383902 7.980848 99.138694
-32.746723 17.957601 92.764092
-20.499748 27.498731 93.933914
-9.733682 8.787422 99.136455
5
-97.822612 -20.378834 3.929325
-97.296014 -14.835912 17.702579
-92.246573 -22.658909 31.259296
-89.822765 -29.239372 32.816613
-91.550857 -35.817447 18.318051
7
-73.980797 46.980680 -48.162821
-76.236934 48.314173 -43.054275
-85.167215 39.245405 -34.732458
-86.427998 25.918658 -43.109446
-84.889168 24.037874 -47.074513
-81.790497 25.757860 -51.447520
-74.187308 43.772389 -50.795878
6
-93.121645 7.543773 35.657408
-92.678376 5.512355 37.152828
-92.673919 5.278064 37.197940
-97.449332 -12.511681 18.630233
-98.886022 1.439947 14.814900
-95.415085 8.793547 28.611800
8
-39.535759 58.114253 71.131268
-47.354417 57.548150 66.676605
-48.431005 67.825872 55.263811
-43.768423 76.375468 47.445896
-34.734659 80.361168 48.327902
-20.786374 80.960244 54.894131
-19.290109 80.175921 56.566009
-19.294579 73.171671 65.372974
6
10.135776 92.544528 36.507210
-0.864876 95.144731 30.769013
-2.350031 98.140917 19.048302
3.511965 98.549951 16.600398
16.082352 93.940777 30.273558
15.086624 92.806511 34.049159
8
-55.053350 -50.203913 66.698543
-59.820801 -43.234845 67.470141
-59.816155 -42.663145 67.837185
-49.588612 -30.593953 81.271026
-45.666896 -32.579861 82.783376
-42.713081 -37.884372 82.099739
-42.551483 -40.729380 80.811440
-50.493629 -53.639485 67.625432
7
29.133932 13.209570 -94.745560
22.964254 4.740317 -97.211997
23.006568 -0.337986 -97.316923
38.719566 -7.911744 -91.859673
45.011506 -2.307729 -89.267232
44.705869 10.075813 -88.881175
41.453985 14.262533 -89.878514
6
-97.237133 -14.104041 -18.601505
-96.138830 -15.429801 -22.786981
-94.973480 -14.258912 -27.869724
-93.795518 -4.516152 -34.380303
-94.307379 4.955446 -32.887107
-99.015527 0.617319 -13.983719
4
54.529552 78.333515 -29.839376
44.279832 82.303673 -35.572488
44.913680 74.553877 -49.239018
65.037429 65.818153 -37.922335
5
19.225259 33.067843 -92.395385
19.120595 33.215025 -92.364306
2.325769 29.326941 -95.574690
8.577630 13.196933 -98.753558
20.938053 26.074457 -94.242881
5
26.864775 -38.204722 -88.423317
40.467549 -32.458732 -85.491568
43.268813 -23.934467 -86.919222
36.660468 -18.450575 -91.189837
25.237282 -22.823940 -94.032693
6
-50.493629 -53.639485 67.625432
-42.551483 -40.729380 80.811440
-29.503017 -55.884954 77.501251
-31.374941 -57.536591 75.532468
-45.904196 -57.674874 67.575244
-48.467368 -56.308004 66.935215
4
92.369475 24.886290 29.129928
86.541339 22.510119 44.764843
80.447476 35.517469 47.610009
79.809139 43.914340 41.255692
6
63.665366 -24.328016 -73.176969
76.210427 -6.702823 -64.397539
74.585895 -2.108471 -66.577012
66.381784 -2.143069 -74.758719
61.923245 -12.335822 -77.545723
61.832197 -21.589542 -75.568983
5
-83.624770 33.023319 43.776229
-82.264126 48.970963 28.886993
-71.628371 53.335211 44.997019
-78.789725 35.469526 50.339765
-79.927239 33.787794 49.699310
5
62.909425 2.153376 -77.703071
50.063623 -5.612296 -86.383654
51.740358 -9.020723 -85.097367
61.923245 -12.335822 -77.545723
66.381784 -2.143069 -74.758719
5
23.501134 97.102526 -4.335464
28.278445 94.720480 -15.111590
41.802941 88.195735 -21.772147
43.315023 88.053447 -19.245759
39.666768 91.515536 -7.173153
7
88.309440 -41.743364 -21.422752
91.171876 -35.123780 -21.307489
92.373352 -24.489185 -29.452397
86.688261 -27.111790 -41.834152
83.212430 -32.284924 -45.092961
80.103024 -38.352921 -45.962582
83.667470 -47.360840 -27.508276
6
40.920491 -71.448394 -56.750686
27.968568 -75.278113 -59.589973
24.753185 -78.064822 -57.386091
28.918689 -84.321521 -45.316559
44.599925 -80.198515 -39.737197
43.588783 -71.481422 -54.684773
6
-91.214290 40.135583 -8.311939
-89.851166 43.513956 -5.770931
-91.616704 38.819969 9.969433
-94.848603 30.414605 8.870982
-96.096856 27.665755 0.017239
-95.585187 28.739049 -6.126909
4
-42.130781 -88.684717 18.974148
-28.955270 -90.717057 30.528806
-23.846833 -93.511823 26.208158
-28.742238 -94.665254 14.573041
5
39.717916 49.907799 77.017522
35.309296 69.759612 62.344608
39.920407 68.393644 61.062841
49.105476 57.290444 65.623603
44.149190 50.682532 74.041407
6
61.797140 31.235880 -72.148689
67.236350 29.819446 -67.750084
69.676710 34.765940 -62.741418
68.194906 43.997630 -58.426564
60.131116 49.044424 -63.078469
55.372024 42.310642 -71.719931
5
-71.011247 20.763640 -67.277590
-81.790497 25.757860 -51.447520
-84.889168 24.037874 -47.074513
-87.257661 10.118074 -47.788338
-83.596526 2.294286 -54.830257
5
-14.296437 -44.075549 -88.616917
-22.489690 -31.810916 -92.099292
-32.321469 -36.521831 -87.301080
-30.069847 -46.249481 -83.407372
-22.773878 -47.433223 -85.037873
5
56.998429 -63.465910 -52.184838
59.523900 -69.869142 -39.688894
66.927141 -64.104138 -37.568833
73.588501 -46.901512 -48.836263
60.503912 -54.552072 -57.994379
9
-79.749683 -56.837824 20.234865
-74.800939 -53.777861 38.894232
-71.060888 -56.745940 41.596255
-61.664292 -66.872190 41.540646
-58.010316 -72.070425 37.955987
-56.857161 -74.222394 35.472517
-57.421070 -74.352009 34.272429
-65.734654 -72.089898 21.954540
-74.112772 -65.007872 16.771215
7
78.899555 46.219024 40.480391
75.327308 48.709817 44.194461
63.962218 61.989061 45.455374
57.976042 71.677326 38.744542
61.655051 70.991983 34.041050
73.156535 63.767884 24.120081
80.641064 53.199460 25.823171
5
-13.846250 65.457579 74.320836
-23.389911 56.466379 79.148342
-31.770900 53.701344 78.145861
-39.535759 58.114253 71.131268
-19.294579 73.171671 65.372974
5
-20.560635 38.658873 89.904126
-32.863221 40.057656 85.530070
-31.770900 53.701344 78.145861
-23.389911 56.466379 79.148342
-17.844896 49.418265 85.084633
7
-57.298259 9.254201 81.432605
-52.759086 21.952742 82.064340
-45.287957 25.478257 85.439215
-37.012233 16.938549 91.341010
-37.009776 -2.740867 92.858840
-41.044111 -5.479016 91.023960
-41.225837 -5.506970 90.940110
4
55.831769 11.142609 82.211044
62.934872 2.154920 77.682419
51.314191 -8.874200 85.370384
49.391059 14.406067 85.749569
8
-85.963409 -49.393062 13.062074
-80.441287 -56.017282 19.780380
-79.749683 -56.837824 20.234865
-74.112772 -65.007872 16.771215
-71.318108 -70.022895 -3.243694
-73.697718 -66.978904 -9.081451
-76.223087 -63.633522 -11.866585
-87.758506 -47.885692 2.324905
8
3.863737 8.688376 -99.546892
8.329143 11.280365 -99.012013
8.577630 13.196933 -98.753558
2.325769 29.326941 -95.574690
-2.413530 30.214025 -95.295790
-8.956369 25.412514 -96.301545
-10.425918 19.521586 -97.520295
-7.130759 12.523612 -98.956109
6
60.503912 -54.552072 -57.994379
73.588501 -46.901512 -48.836263
75.803589 -44.658681 -47.533336
79.261744 -39.296085 -46.619671
65.133911 -30.738348 -69.373825
57.515298 -52.368015 -62.845696
7
92.373352 -24.489185 -29.452397
97.578112 -12.293195 -18.093904
98.229954 -0.746759 -18.716799
97.857425 0.231060 -20.588125
92.320264 -2.447815 -38.353318
87.361702 -16.806877 -45.666858
86.688261 -27.111790 -41.834152
5
-95.585187 28.739049 -6.126909
-96.096856 27.665755 0.017239
-99.171433 12.315075 3.655921
-99.374465 11.142598 -0.747099
-96.488484 23.401714 -11.930311
4
61.832197 -21.589542 -75.568983
61.923245 -12.335822 -77.545723
51.740358 -9.020723 -85.097367
49.333608 -22.294856 -84.078145
7
29.923071 1.497940 95.406320
48.476233 15.229776 86.128443
49.391059 14.406067 85.749569
51.314191 -8.874200 85.370384
51.173163 -9.183959 85.422259
30.085690 -7.452187 95.075318
29.763002 -6.619609 95.238356
5
99.032333 8.109900 -11.261726
98.603592 0.942591 -16.626582
99.507289 -5.328144 8.361236
98.685658 4.000535 15.656841
99.181949 7.304224 10.468492
7
86.807227 -23.816262 43.557905
86.030031 -16.640920 48.186238
87.850734 -9.404370 46.838086
91.012784 -7.595703 40.730560
94.410649 -16.439017 28.572505
94.188877 -18.521447 28.025195
93.176709 -21.089684 29.552092
6
-77.522472 13.807009 61.641161
-72.614911 6.145587 68.478511
-73.470205 -0.416820 67.837712
-79.853510 -1.283118 60.181147
-80.656844 -0.291428 59.113354
-81.030252 11.614918 57.438592
7
19.395171 -5.705566 -97.935049
23.006568 -0.337986 -97.316923
22.964254 4.740317 -97.211997
8.329143 11.280365 -99.012013
3.863737 8.688376 -99.546892
2.611047 -6.152734 -99.776381
3.086704 -6.448298 -99.744131
5
91.449650 4.741804 40.180553
91.012784 -7.595703 40.730560
87.850734 -9.404370 46.838086
83.808651 -2.972001 54.472719
84.642112 1.460097 53.231391
8
69.770655 69.914990 -15.618892
71.010903 68.776342 -15.075357
75.809042 65.084608 4.121029
70.882699 69.398183 12.630725
65.728371 74.779098 9.373779
65.087367 75.513049 7.836713
63.639042 76.891485 -6.145887
65.075621 74.637956 -13.940552
5
43.692697 27.496895 -85.643850
19.225259 33.067843 -92.395385
20.938053 26.074457 -94.242881
29.133932 13.209570 -94.745560
41.453985 14.262533 -89.878514
7
85.363537 -41.820078 31.050728
84.519226 -42.774161 32.044836
82.095224 -38.520773 42.148835
85.468117 -26.113272 44.869789
86.807227 -23.816262 43.557905
93.176709 -21.089684 29.552092
89.007656 -35.675879 28.370210
6
31.355344 -82.747769 46.579492
32.904948 -81.073477 48.418548
52.366698 -75.669104 39.139694
55.205196 -76.308877 33.605678
49.495224 -83.953600 22.405709
38.247094 -89.820279 21.667426
5
24.348181 73.116870 -63.726677
41.859992 71.969581 -55.390617
42.942012 72.309859 -54.104232
18.230176 86.288316 -47.137959
15.868309 82.444424 -54.324154
5
-5.210574 53.815777 84.123196
-17.844896 49.418265 85.084633
-23.389911 56.466379 79.148342
-13.846250 65.457579 74.320836
-10.390968 64.451712 75.749618
6
45.908450 -80.256690 -38.095641
45.208223 -82.547892 -33.794410
47.071070 -83.373496 -28.864763
61.140105 -76.951083 -18.450431
63.429598 -74.515204 -20.595396
58.505277 -71.716618 -37.866334
5
-59.795476 -51.759858 -61.199821
-59.257263 -37.614854 -71.229906
-64.995157 -29.226473 -70.152996
-76.417077 -48.933763 -42.022817
-72.644524 -51.913724 -45.030416
5
3.713849 -90.407505 42.575701
26.247225 -84.875376 45.904834
16.666555 -93.349578 31.750311
-0.619628 -95.554005 29.479623
-1.255121 -93.253330 36.086579
6
-5.210574 53.815777 84.123196
-10.390968 64.451712 75.749618
1.016733 67.421110 73.846870
7.429488 61.603066 78.421075
4.425181 55.197015 83.268886
-3.638863 52.649587 84.939859
6
-95.784856 20.615753 -20.006300
-95.319906 20.945607 -21.803603
-88.926158 38.180237 -25.187457
-91.214290 40.135583 -8.311939
-95.585187 28.739049 -6.126909
-96.488484 23.401714 -11.930311
6
-58.010316 -72.070425 37.955987
-49.207140 -68.569773 53.636215
-43.831728 -71.857513 53.993310
-43.782829 -79.291479 42.378359
-46.583795 -79.950727 37.918746
-56.857161 -74.222394 35.472517
4
-2.994636 21.234826 97.673509
-16.451910 35.539367 92.012434
-5.276363 40.711994 91.184941
4.029100 30.493248 95.152132
6
-45.449448 74.784825 -48.389850
-36.022630 71.427502 -60.004017
-24.668440 78.218434 -57.213151
-27.182404 85.256862 -44.636134
-38.259030 85.126358 -35.913087
-38.867723 84.723278 -36.211410
6
21.702704 59.785572 77.166560
18.300808 61.335126 76.831522
9.073518 72.913271 67.833076
16.764365 79.633102 58.116480
24.945631 78.753377 56.352649
30.653135 72.324980 61.882814
5
30.596962 52.062434 -79.707772
32.367577 51.878708 -79.126100
41.859992 71.969581 -55.390617
24.348181 73.116870 -63.726677
17.176830 67.358037 -71.887769
4
84.971777 16.908159 49.939076
84.595713 1.715797 53.297480
74.117482 15.425694 65.334882
73.827415 19.639550 64.527521
6
-80.797554 -4.813842 -58.724630
-83.424371 -0.498857 -55.137333
-89.008917 -7.587229 -44.942703
-86.894627 -18.552322 -45.881752
-79.016408 -23.045834 -56.791697
-78.209834 -22.504548 -58.109958
5
-23.156216 -83.968521 -49.123082
-7.544966 -84.124548 -53.536286
-7.352964 -80.134314 -59.366874
-28.427850 -68.753633 -66.819124
-30.014888 -71.044756 -63.653351
