400
6
18.698825 52.600952 -82.966824
23.213067 41.683185 -87.884388
37.043784 44.208173 -81.690853
33.869162 55.171915 -76.216401
32.966768 56.232154 -75.836252
18.919621 52.994778 -82.665600
6
9.742995 1.696180 99.509784
12.783641 2.334454 99.152049
16.039047 -8.182024 98.365662
12.317719 -16.784826 97.808708
7.443687 -20.538416 97.584656
0.950583 -8.435545 99.639038
8
-64.786124 -50.557077 56.980173
-65.134744 -47.214163 59.399393
-63.159175 -45.058044 63.092719
-50.039561 -45.994190 73.352415
-49.295573 -46.958253 73.245266
-48.565605 -54.373171 68.446624
-51.422702 -58.022346 63.159426
-61.873869 -54.926725 56.166531
7
90.794764 3.139559 41.790597
89.029408 5.264846 45.233240
88.472803 7.610954 45.985176
88.906214 21.145225 40.602520
93.993641 20.380628 27.382939
95.026074 17.738407 25.600668
95.766319 10.784826 26.692690
5
-65.862572 -71.635711 -23.031424
-67.199974 -71.048035 -20.888758
-67.941427 -72.998344 -7.429963
-57.538774 -80.492173 -14.501707
-55.741948 -79.322260 -24.511516
6
-91.344282 40.400620 4.900210
-95.452948 29.305219 5.471633
-96.783990 24.949876 -3.219166
-92.712637 31.778228 -19.862307
-89.628649 44.317541 -1.631183
-89.538323 44.529291 -0.176278
9
63.522815 76.901570 -7.141468
71.381656 68.949904 -12.270696
75.546135 64.444107 -11.821104
80.198259 59.589587 -4.161787
81.361168 58.132887 0.963269
80.145583 58.311932 13.281722
78.991356 59.428147 15.121540
75.581363 63.193485 17.147627
65.319710 75.696338 1.843870
6
-15.084001 71.956430 -67.784549
-17.400335 79.726339 -57.800859
-27.204103 78.191743 -56.089109
-36.382170 72.833342 -58.065842
-36.138934 68.696746 -63.045496
-29.146435 63.219244 -71.790058
6
-13.381039 93.952283 -31.526439
-4.593848 98.955113 -13.666825
-8.988428 99.186102 -9.018059
-17.808626 97.695535 -11.765850
-21.004524 95.743500 -19.798793
-14.859947 93.660067 -31.732850
7
26.626164 90.099089 34.252030
22.699596 92.607933 30.141318
28.850210 95.091927 11.188873
30.478929 94.591255 11.114379
40.515729 89.673137 17.810229
36.462914 87.374397 32.189603
34.436790 87.813925 33.208765
4
87.264021 38.517563 30.023123
88.336719 44.118711 15.816556
93.164155 34.839971 10.325538
92.991066 27.304576 24.639842
7
-72.373544 -68.399067 9.145368
-81.474591 -52.978827 23.561300
-81.513598 -51.162963 27.164031
-80.152461 -51.992280 29.536179
-62.233253 -66.366876 41.502531
-57.095439 -71.741314 39.916096
-58.725473 -77.401034 23.672744
6
-65.214201 -12.573707 -74.759680
-67.946253 -23.905347 -69.367435
-60.179782 -37.378962 -70.577666
-56.314848 -37.622545 -73.574329
-51.276490 -24.112992 -82.397119
-53.476795 -16.710143 -82.831175
8
88.931378 -45.716316 -1.108409
89.195623 -45.030989 4.043626
91.811730 -35.673796 17.262287
92.429740 -34.104625 17.135275
97.639614 -20.225311 7.579092
97.477577 -21.687698 -5.269324
95.007418 -27.126386 -15.419133
90.243823 -41.836759 -10.282901
6
66.603043 60.733187 43.307213
71.293435 59.904027 36.452073
79.900139 46.957990 37.562146
80.681852 42.044902 41.504998
80.423226 42.254565 41.793020
70.430452 53.566656 46.585027
6
86.804462 -42.405364 25.821898
83.787107 -52.418187 15.233334
81.094427 -56.459910 15.361392
79.561895 -58.026766 17.401131
79.306432 -51.546050 32.457580
86.681343 -42.458881 26.145520
7
47.523357 -3.095935 87.931483
47.601082 -1.781270 87.925901
60.546562 9.702053 78.993569
63.987741 8.965616 76.322911
64.245027 -4.513071 76.499730
57.660314 -11.845491 80.839177
53.203040 -11.255710 83.921067
5
-49.295573 -46.958253 73.245266
-31.354142 -46.493954 82.796317
-30.718804 -47.251644 82.605310
-37.264640 -59.546220 71.172989
-48.565605 -54.373171 68.446624
8
-25.072208 -42.293895 -87.078188
-19.627630 -50.264132 -84.191883
-10.782910 -54.869835 -82.903740
-2.045532 -55.613411 -83.084080
2.420736 -53.423849 -84.498712
-5.298674 -33.306518 -94.141383
-11.487928 -28.604954 -95.130353
-22.538395 -26.761200 -93.679555
4
-50.743163 -67.694029 -53.316505
-34.248965 -74.720503 -56.954850
-35.339171 -65.900121 -66.395158
-49.301472 -62.129794 -60.903641
7
62.398394 -45.194335 63.748824
63.230921 -42.602094 64.706353
71.906460 -34.868708 60.113511
73.680808 -34.256855 58.288990
80.238748 -38.465867 45.630257
76.781786 -48.545014 41.808360
65.850795 -50.845517 55.483387
7
-15.084001 71.956430 -67.784549
-5.990337 67.618682 -73.429080
3.646693 68.506192 -72.757152
4.792529 69.033484 -72.190094
-5.519118 83.338388 -54.993204
-13.258228 82.623081 -54.750761
-17.400335 79.726339 -57.800859
8
92.191654 31.751147 -22.193776
91.240236 36.500627 -18.518193
89.932011 39.431510 -18.904745
83.494693 48.840477 -25.362257
80.712949 45.890516 -37.141357
83.799611 24.881637 -48.564692
84.494738 23.336333 -48.125407
91.101820 25.027130 -32.773483
6
-33.858509 92.940892 -14.683049
-37.205213 92.703778 -4.667089
-38.104324 92.362759 -4.145040
-45.191842 88.797610 -8.525370
-49.443081 83.328074 -24.734869
-36.734467 90.315543 -22.218946
7
-12.153273 -15.416614 98.054199
-7.492816 -7.276708 99.453040
-4.116005 -6.545778 99.700608
0.950583 -8.435545 99.639038
7.443687 -20.538416 97.584656
6.942495 -22.398507 97.211669
-7.116536 -24.606116 96.663820
6
-82.312886 56.706011 3.002859
-74.812676 64.668274 -14.868690
-74.715952 64.782600 -14.857365
-69.717082 71.149304 -8.792324
-69.466400 71.246794 9.915319
-79.411319 59.719308 11.289228
5
12.505385 -33.105402 93.528860
31.716773 -23.887379 91.779298
39.715320 -29.867749 86.779093
19.951766 -47.272113 85.832828
11.528992 -41.953233 90.038928
6
-45.681126 -88.748733 -6.074294
-48.633394 -87.211922 -5.373419
-55.222116 -83.348075 1.901637
-50.950241 -84.741807 14.929803
-45.230449 -88.125756 13.713406
-40.610186 -91.322996 -3.305033
6
86.507524 -9.019025 -49.346788
92.026864 -28.192708 -27.133512
94.938896 -26.533038 -16.810825
96.727386 -12.973024 -21.806271
96.528914 -9.952495 -24.147808
87.340944 -3.764131 -48.552968
6
-45.957358 -76.040368 45.888819
-57.095439 -71.741314 39.916096
-62.233253 -66.366876 41.502531
-61.873869 -54.926725 56.166531
-51.422702 -58.022346 63.159426
-42.637002 -71.430830 55.495248
4
33.320881 43.796367 83.496091
28.969037 27.736967 91.604888
19.139091 29.919563 93.480024
18.128875 46.818878 86.483158
6
-97.290192 -0.566591 -23.114878
-97.562131 -0.036140 -21.946054
-98.013985 -18.421660 7.341750
-97.543802 -21.711112 3.719451
-95.891949 -17.629612 -22.224558
-95.888889 -17.091149 -22.654218
5
-52.646047 80.424934 -27.572156
-49.443081 83.328074 -24.734869
-45.191842 88.797610 -8.525370
-58.784611 80.568511 -7.285917
-59.867049 79.622580 -8.728186
6
99.570554 3.499120 8.570931
96.767314 5.277639 24.662390
95.766319 10.784826 26.692690
95.026074 17.738407 25.600668
98.716421 15.471136 3.963869
99.617629 6.798663 5.486917
5
48.958214 71.177489 -50.367235
38.992469 73.602867 -55.337196
36.342411 72.227083 -58.842822
46.335491 61.311694 -63.983580
51.770046 58.338874 -62.581452
6
-57.538774 -80.492173 -14.501707
-67.941427 -72.998344 -7.429963
-68.099939 -72.886854 -7.064333
-68.821852 -72.520875 2.067701
-55.222116 -83.348075 1.901637
-48.633394 -87.211922 -5.373419
4
-85.015425 50.784100 -13.905133
-87.760605 38.175834 -28.994517
-77.693897 55.241001 -30.200829
-74.846268 64.618611 -14.915472
7
-71.399214 36.371326 -59.827075
-72.724135 36.128588 -58.360306
-80.725809 20.559777 -55.323044
-81.121316 9.009557 -57.776812
-80.659413 7.077528 -58.685328
-67.037970 7.876954 -73.782546
-66.189694 15.591793 -73.319987
6
-25.167761 -87.255014 -41.870592
-24.505352 -82.593552 -50.771969
-32.822509 -75.627727 -56.596199
-33.757374 -75.178788 -56.644413
-40.757907 -79.639619 -44.680242
-37.285344 -83.515680 -40.434322
5
90.794764 3.139559 41.790597
95.766319 10.784826 26.692690
96.767314 5.277639 24.662390
95.077846 -10.711057 29.077077
94.472306 -11.294369 30.780197
5
-39.826519 -53.941136 -74.190311
-31.911566 -43.922077 -83.979182
-47.431969 -38.322260 -79.256626
-54.437873 -38.628041 -74.460677
-43.678491 -52.964801 -72.711204
6
-20.248838 93.420478 29.370033
-14.873732 95.546937 25.486368
-1.102719 95.766907 28.766015
9.688724 85.822003 50.405481
-3.602872 83.719223 54.572071
-20.299837 93.360817 29.524135
6
-25.167761 -87.255014 -41.870592
-37.285344 -83.515680 -40.434322
-41.537118 -84.288238 -34.207612
-36.025999 -89.415079 -26.590806
-22.533175 -91.441261 -33.626653
-19.870109 -91.015588 -36.350261
7
-20.302603 -53.081348 82.281072
-30.718804 -47.251644 82.605310
-31.354142 -46.493954 82.796317
-31.604135 -44.931434 83.560427
-17.258767 -31.373464 93.369378
-14.852767 -31.943291 93.589644
-14.361575 -51.781824 84.334974
6
-99.453379 9.312497 -4.722583
-99.762984 6.878627 0.177722
-98.032415 -17.965104 8.179283
-98.013985 -18.421660 7.341750
-97.562131 -0.036140 -21.946054
-98.696162 8.053450 -13.935908
5
-52.454608 -10.500774 84.488152
-61.306469 -4.441767 78.878309
-62.107740 16.573926 76.602438
-51.269386 19.647648 83.578825
-41.916888 4.012368 90.702125
6
63.266421 77.108725 -7.183630
53.648950 79.111911 -29.378490
57.731577 72.506621 -37.548035
58.108537 72.222170 -37.514744
71.381656 68.949904 -12.270696
63.522815 76.901570 -7.141468
7
-18.957368 -82.636987 53.025905
-19.305353 -82.962065 52.388921
-40.935276 -80.560485 42.828862
-45.957358 -76.040368 45.888819
-42.637002 -71.430830 55.495248
-32.942911 -70.463557 62.846254
-22.746139 -74.631863 62.551564
6
37.656932 71.839530 58.489635
40.733411 68.227075 60.711246
30.230369 68.147859 66.648287
11.911465 74.177556 65.998539
14.941474 84.466901 51.401314
17.590981 84.503207 50.495201
6
3.646693 68.506192 -72.757152
-5.990337 67.618682 -73.429080
-12.197439 59.289236 -79.599051
-5.349588 45.709846 -88.780583
-1.508039 45.377105 -89.099069
3.800774 50.898842 -85.993383
7
-36.974583 -86.092052 34.943367
-30.971028 -88.478892 34.817828
-17.743950 -95.373103 24.271865
-17.663054 -95.881316 22.243870
-31.982118 -93.431767 15.736867
-35.977407 -91.494470 18.286283
-38.555434 -87.126639 30.371488
7
-80.152461 -51.992280 29.536179
-81.513598 -51.162963 27.164031
-87.208491 -39.480868 28.912630
-87.216063 -32.509643 36.557920
-79.353896 -30.754669 52.508186
-77.137311 -36.291697 52.275692
-75.660770 -46.631318 45.836319
7
49.285132 -10.334386 -86.395464
45.017672 -19.381764 -87.165110
46.493164 -29.595830 -83.441432
64.353713 -17.361783 -74.546416
66.920051 -7.905324 -73.886484
65.476492 -7.421787 -75.217991
51.537788 -9.011115 -85.221219
5
-7.806461 99.462493 6.802326
-13.370894 98.218617 13.203126
-25.204167 96.769915 -0.577501
-17.808626 97.695535 -11.765850
-8.988428 99.186102 -9.018059
5
-41.537118 -84.288238 -34.207612
-51.967426 -80.570405 -28.421761
-44.113434 -87.742109 -18.850129
-37.397130 -90.013710 -22.338008
-36.025999 -89.415079 -26.590806
5
-79.433350 42.414231 43.489952
-79.968854 42.244691 42.665777
-83.049712 44.795699 33.107260
-78.952473 53.258149 30.497158
-72.884011 56.520174 38.644416
6
14.388126 5.334087 -98.815633
10.473031 12.885226 -98.611797
0.234586 16.308543 -98.660916
-14.285894 4.090378 -98.889747
-14.628476 3.454034 -98.863934
7.339968 -4.416275 -99.632431
5
-68.099939 -72.886854 -7.064333
-67.941427 -72.998344 -7.429963
-67.199974 -71.048035 -20.888758
-76.620068 -60.509025 -21.633843
-77.739287 -60.610775 -16.820738
5
-29.483835 17.743242 93.892922
-37.560372 3.809607 92.599705
-41.916888 4.012368 90.702125
-51.269386 19.647648 83.578825
-44.787807 28.560266 84.725224
7
27.555803 -71.924261 63.777570
33.888216 -78.647186 51.635347
33.865195 -80.899167 48.046574
32.664843 -82.417873 46.263400
18.064363 -83.454148 52.048861
14.269894 -79.079951 59.520849
17.822690 -75.623078 62.956348
8
-43.486091 32.220554 84.088024
-44.787807 28.560266 84.725224
-51.269386 19.647648 83.578825
-62.107740 16.573926 76.602438
-67.865290 19.942432 70.686645
-67.741463 29.906374 67.206420
-67.695436 29.991945 67.214665
-53.679618 41.955946 73.199708
4
70.430452 53.566656 46.585027
80.423226 42.254565 41.793020
69.879086 44.019085 56.384691
62.694617 52.564554 57.500893
6
-5.701345 -95.588708 -28.814814
6.490993 -93.501734 -34.861050
-0.865181 -88.280351 -46.966276
-8.111639 -88.013560 -46.774081
-17.665697 -91.622164 -35.962511
-9.361072 -95.291063 -28.844126
5
-95.888889 -17.091149 -22.654218
-95.891949 -17.629612 -22.224558
-91.580618 -33.150021 -22.673034
-85.809414 -33.020200 -39.324430
-89.574335 -19.786958 -39.810989
7
0.110782 66.608869 74.587172
-6.922983 75.080564 65.688517
-7.441212 79.957798 59.593446
-3.602872 83.719223 54.572071
9.688724 85.822003 50.405481
14.941474 84.466901 51.401314
11.911465 74.177556 65.998539
6
99.868151 -2.284234 -4.597258
99.220040 0.684924 -12.446465
96.727386 -12.973024 -21.806271
94.938896 -26.533038 -16.810825
95.007418 -27.126386 -15.419133
97.477577 -21.687698 -5.269324
6
80.264496 -59.581272 2.771771
88.931378 -45.716316 -1.108409
90.243823 -41.836759 -10.282901
79.395767 -57.015171 -21.108824
78.114236 -58.793083 -21.012842
75.620424 -62.881232 -18.097020
6
93.993641 20.380628 27.382939
88.906214 21.145225 40.602520
82.980992 31.971605 45.738075
81.084890 41.318794 41.448738
87.264021 38.517563 30.023123
92.991066 27.304576 24.639842
5
-48.100231 -6.449790 -87.434364
-41.840751 -2.604198 -90.788599
-40.816571 4.977350 -91.154997
-53.611719 13.640241 -83.305026
-66.681430 7.825761 -74.110353
6
-65.214201 -12.573707 -74.759680
-53.476795 -16.710143 -82.831175
-48.785102 -11.314716 -86.556288
-48.100231 -6.449790 -87.434364
-66.681430 7.825761 -74.110353
-66.971286 7.815465 -73.849613
8
18.128875 46.818878 86.483158
19.139091 29.919563 93.480024
13.395246 26.730365 95.425651
11.009976 27.720699 95.448118
5.489371 33.723218 93.981974
3.538336 43.695081 89.878919
8.497854 50.803572 85.713380
18.036659 46.913086 86.451381
7
-78.482384 -8.459840 61.391746
-75.671082 -5.596352 65.135000
-69.758165 -8.992068 71.084043
-66.738211 -26.938516 69.428579
-69.439103 -27.771291 66.384986
-78.640946 -25.228459 56.383743
-79.465276 -23.202367 56.097415
9
48.958214 71.177489 -50.367235
51.770046 58.338874 -62.581452
55.996185 53.129050 -63.574613
58.087772 52.576491 -62.141157
65.757351 53.424489 -53.120568
67.212221 60.936333 -42.062817
58.108537 72.222170 -37.514744
57.731577 72.506621 -37.548035
54.281962 73.423849 -40.772626
7
-18.957368 -82.636987 53.025905
-10.022659 -83.446108 54.187576
2.750280 -89.575866 44.368910
-0.783836 -92.169333 38.784012
-10.852958 -92.371570 36.738350
-18.198513 -88.172387 43.525214
-19.305353 -82.962065 52.388921
5
-79.968854 42.244691 42.665777
-87.013377 30.639830 38.598875
-88.583146 30.074438 35.334891
-86.578936 41.309444 28.242126
-83.049712 44.795699 33.107260
6
23.820618 -86.506059 -44.150650
14.789505 -74.392608 -65.169091
3.645832 -76.994456 -63.706841
5.466247 -84.375580 -53.393647
18.005938 -88.824034 -42.262005
23.545316 -86.747423 -43.823541
5
-29.995477 -8.653638 95.002031
-24.331280 -23.004941 94.227180
-24.623399 -25.584243 93.483339
-30.979048 -26.818633 91.219842
-40.248244 -18.584186 89.636526
6
41.711150 51.505278 74.882483
38.040928 45.315644 80.618733
33.320881 43.796367 83.496091
18.128875 46.818878 86.483158
18.036659 46.913086 86.451381
24.804455 56.264166 78.861161
5
-80.604582 13.425865 57.642411
-91.741879 3.215552 39.662172
-92.130992 5.077848 38.549913
-85.155358 26.558521 45.201880
-81.939798 27.493560 50.298844
4
69.477774 59.794167 -39.968694
80.712949 45.890516 -37.141357
83.494693 48.840477 -25.362257
77.676708 58.668688 -22.897905
4
11.009976 27.720699 95.448118
-7.106323 21.532154 97.395413
-15.253554 31.301761 93.741820
5.489371 33.723218 93.981974
4
-2.045532 -55.613411 -83.084080
-10.782910 -54.869835 -82.903740
-18.583063 -68.374227 -70.566527
-1.527551 -71.820843 -69.566034
6
78.114236 -58.793083 -21.012842
79.395767 -57.015171 -21.108824
81.421105 -39.833683 -42.236020
80.070386 -39.859925 -44.720462
68.423538 -55.718928 -47.049128
70.178315 -60.532596 -37.560736
6
-45.384412 72.040619 -52.444298
-55.650260 58.311675 -59.184434
-50.381095 55.179797 -66.460028
-36.138934 68.696746 -63.045496
-36.382170 72.833342 -58.065842
-43.026242 73.427610 -52.508367
7
-29.483835 17.743242 93.892922
-44.787807 28.560266 84.725224
-43.486091 32.220554 84.088024
-37.932801 36.569669 84.992717
-17.725149 34.782200 92.065290
-16.914247 32.379607 93.088502
-25.372502 19.339514 94.774571
6
98.650274 15.990320 3.526073
94.595235 32.093533 4.663327
92.926945 36.826111 -2.901800
91.240236 36.500627 -18.518193
92.191654 31.751147 -22.193776
98.553475 15.804680 -6.117568
5
-79.465276 -23.202367 56.097415
-90.378739 -13.029081 40.766735
-92.424515 -4.955527 37.856991
-91.815768 -0.323840 39.620195
-78.482384 -8.459840 61.391746
7
18.057825 8.007669 98.029548
13.180372 17.519175 97.567189
13.395246 26.730365 95.425651
19.139091 29.919563 93.480024
28.969037 27.736967 91.604888
34.563941 22.897672 91.000168
23.131930 7.277243 97.015234
5
62.729127 -41.552307 -65.867006
51.238416 -31.188836 -80.011757
46.484278 -29.640859 -83.430399
40.493005 -37.766240 -83.270809
54.443753 -49.647511 -67.609189
5
-14.964666 -97.973876 -13.310834
-23.515022 -96.598300 -10.761612
-21.731800 -97.551693 3.375794
-11.841460 -98.922122 8.613568
-2.525933 -99.966013 -0.644978
7
-66.971286 7.815465 -73.849613
-67.037970 7.876954 -73.782546
-80.659413 7.077528 -58.685328
-85.503217 -3.703012 -51.725116
-77.428576 -21.471626 -59.529697
-67.946253 -23.905347 -69.367435
-65.214201 -12.573707 -74.759680
5
65.850795 -50.845517 55.483387
76.781786 -48.545014 41.808360
77.035572 -51.891985 37.050540
62.835257 -65.473232 42.011741
62.713009 -64.045399 44.331313
5
-20.299837 93.360817 29.524135
-3.602872 83.719223 54.572071
-7.441212 79.957798 59.593446
-19.100601 80.952671 55.514252
-28.039537 87.509493 39.444556
5
74.610175 13.998876 65.094955
75.636062 24.542034 60.637239
82.980992 31.971605 45.738075
88.906214 21.145225 40.602520
88.472803 7.610954 45.985176
5
-17.710592 91.120566 -37.193781
-30.456111 84.871896 -43.234091
-27.204103 78.191743 -56.089109
-17.400335 79.726339 -57.800859
-13.258228 82.623081 -54.750761
8
-90.962449 -38.447586 -15.735816
-87.847148 -44.500593 -17.394707
-76.627328 -53.352690 -35.801439
-76.219973 -53.190270 -36.895947
-78.753983 -42.506662 -44.620555
-80.037199 -40.144023 -44.525321
-85.809414 -33.020200 -39.324430
-91.580618 -33.150021 -22.673034
6
-81.939798 27.493560 50.298844
-77.182743 35.602434 52.681030
-67.741463 29.906374 67.206420
-67.865290 19.942432 70.686645
-76.220008 12.584751 63.499090
-80.604582 13.425865 57.642411
6
7.543680 99.062999 -11.384868
13.380770 98.352272 -12.156708
22.807630 97.136282 -6.659930
20.699015 97.654235 5.933055
15.096805 98.466399 8.743845
3.014401 99.902953 3.211429
5
-75.660770 -46.631318 45.836319
-64.786124 -50.557077 56.980173
-61.873869 -54.926725 56.166531
-62.233253 -66.366876 41.502531
-80.152461 -51.992280 29.536179
6
-52.014704 -71.825186 -46.212696
-40.757907 -79.639619 -44.680242
-33.757374 -75.178788 -56.644413
-34.248965 -74.720503 -56.954850
-50.743163 -67.694029 -53.316505
-53.067648 -68.903923 -49.356601
8
7.339968 -4.416275 -99.632431
6.408752 -14.259603 -98.770399
6.805108 -15.541624 -98.550233
7.285090 -15.871242 -98.463349
28.502325 -10.957850 -95.223647
28.366985 -8.060243 -95.552848
22.605996 2.895311 -97.368301
14.388126 5.334087 -98.815633
6
-40.610186 -91.322996 -3.305033
-45.230449 -88.125756 13.713406
-35.977407 -91.494470 18.286283
-31.982118 -93.431767 15.736867
-31.831142 -94.533370 7.086639
-39.209792 -91.938288 -3.153330
3
51.537788 -9.011115 -85.221219
65.476492 -7.421787 -75.217991
55.599326 8.422987 -82.690799
8
64.069887 -74.859243 -17.062924
42.184257 -87.204719 -24.815831
37.166403 -90.323408 -21.455546
34.772053 -92.242148 -16.801502
34.660894 -92.400263 -16.149731
43.066035 -90.183042 -3.512191
52.246437 -85.217037 -2.892481
65.211770 -74.258079 -15.269667
9
-81.513598 -51.162963 27.164031
-81.474591 -52.978827 23.561300
-86.547848 -48.729336 11.615587
-95.555011 -29.482611 -0.124486
-97.543802 -21.711112 3.719451
-98.013985 -18.421660 7.341750
-98.032415 -17.965104 8.179283
-97.794727 -17.948427 10.679205
-87.208491 -39.480868 28.912630
5
73.680808 -34.256855 58.288990
71.906460 -34.868708 60.113511
71.825921 -15.855456 67.746893
77.662190 -10.505395 62.114579
81.597267 -22.168388 53.389592
6
53.141168 57.687786 62.033343
62.416542 37.279876 68.661387
59.164178 34.404712 72.910327
55.732340 34.246315 75.637928
42.107282 51.791612 74.462109
47.143887 62.601176 62.117201
7
88.380322 -20.592495 42.010330
85.267177 -5.367943 51.968199
89.029408 5.264846 45.233240
90.794764 3.139559 41.790597
94.472306 -11.294369 30.780197
91.456833 -18.983516 35.710976
89.356201 -21.505493 39.407908
4
-28.039537 87.509493 39.444556
-19.100601 80.952671 55.514252
-29.127514 71.962876 63.031202
-42.340884 77.903733 46.241302
6
-42.637002 -71.430830 55.495248
-51.422702 -58.022346 63.159426
-48.565605 -54.373171 68.446624
-37.264640 -59.546220 71.172989
-33.547877 -64.581352 68.584174
-32.942911 -70.463557 62.846254
7
98.716421 15.471136 3.963869
95.026074 17.738407 25.600668
93.993641 20.380628 27.382939
92.991066 27.304576 24.639842
93.164155 34.839971 10.325538
94.595235 32.093533 4.663327
98.650274 15.990320 3.526073
8
27.855626 -36.152684 -88.977792
38.785536 -38.859399 -83.580077
40.493005 -37.766240 -83.270809
46.484278 -29.640859 -83.430399
46.493164 -29.595830 -83.441432
45.017672 -19.381764 -87.165110
29.344901 -12.512517 -94.775069
24.715939 -23.004504 -94.127122
7
-16.765078 6.712662 98.355845
-5.812181 12.141034 99.089928
-4.971893 11.637989 99.195955
-3.411803 9.112560 99.525478
-4.116005 -6.545778 99.700608
-7.492816 -7.276708 99.453040
-19.368341 1.311045 98.097648
6
-29.160513 59.137702 -75.182422
-49.694316 52.599545 -69.020018
-50.742056 46.400514 -72.610165
-50.213111 44.350474 -74.240682
-29.634513 46.039271 -83.679036
-27.591666 56.604820 -77.682652
6
-97.879444 14.914196 14.042124
-96.320377 23.179364 13.605223
-93.520873 27.974838 21.708404
-91.758210 24.475334 31.327129
-92.847034 7.200393 36.436007
-97.584682 11.417044 18.624741
9
-66.681430 7.825761 -74.110353
-53.611719 13.640241 -83.305026
-47.194283 22.076841 -85.354044
-47.022354 30.648415 -82.762146
-52.486338 37.471445 -76.426927
-58.578758 32.748241 -74.135564
-66.189694 15.591793 -73.319987
-67.037970 7.876954 -73.782546
-66.971286 7.815465 -73.849613
6
-75.671082 -5.596352 65.135000
-76.220008 12.584751 63.499090
-67.865290 19.942432 70.686645
-62.107740 16.573926 76.602438
-61.306469 -4.441767 78.878309
-69.758165 -8.992068 71.084043
5
-78.640946 -25.228459 56.383743
-79.353896 -30.754669 52.508186
-87.216063 -32.509643 36.557920
-90.378739 -13.029081 40.766735
-79.465276 -23.202367 56.097415
4
45.215610 -29.322957 84.236054
43.056896 -8.746619 89.830954
47.523357 -3.095935 87.931483
53.203040 -11.255710 83.921067
8
87.340944 -3.764131 -48.552968
86.997817 3.392191 -49.192204
84.121530 14.278253 -52.150741
78.672255 11.474782 -60.654807
71.086853 1.295993 -70.320549
67.651842 -7.445257 -73.265247
80.208671 -20.039817 -56.258109
86.507524 -9.019025 -49.346788
4
87.340944 -3.764131 -48.552968
96.528914 -9.952495 -24.147808
96.587389 1.937752 -25.828693
86.997817 3.392191 -49.192204
6
22.449431 88.404491 -40.995964
10.330360 83.921722 -53.389401
15.644252 71.369719 -68.276062
24.599447 70.544528 -66.470571
27.477816 72.179204 -63.522690
24.278322 88.153422 -40.491201
6
68.423538 -55.718928 -47.049128
65.207507 -57.074177 -49.905103
57.274898 -62.349167 -53.218112
56.500247 -64.129731 -51.914350
60.290743 -72.463355 -33.377964
70.178315 -60.532596 -37.560736
6
3.800774 50.898842 -85.993383
-1.508039 45.377105 -89.099069
4.859928 37.675166 -92.503854
19.467200 33.657449 -92.131451
23.213067 41.683185 -87.884388
18.698825 52.600952 -82.966824
7
53.854140 50.781176 -67.238410
55.996185 53.129050 -63.574613
51.770046 58.338874 -62.581452
46.335491 61.311694 -63.983580
32.455687 60.837290 -72.425496
32.966768 56.232154 -75.836252
33.869162 55.171915 -76.216401
6
71.381656 68.949904 -12.270696
58.108537 72.222170 -37.514744
67.212221 60.936333 -42.062817
69.477774 59.794167 -39.968694
77.676708 58.668688 -22.897905
75.546135 64.444107 -11.821104
6
-89.538323 44.529291 -0.176278
-82.312886 56.706011 3.002859
-79.411319 59.719308 11.289228
-80.160865 57.120469 17.649014
-88.393847 42.587208 19.309518
-91.344282 40.400620 4.900210
5
80.198259 59.589587 -4.161787
75.546135 64.444107 -11.821104
77.676708 58.668688 -22.897905
83.494693 48.840477 -25.362257
89.932011 39.431510 -18.904745
5
48.368768 -64.581912 59.073166
50.949682 -72.768861 45.921920
33.865195 -80.899167 48.046574
33.888216 -78.647186 51.635347
45.573914 -66.066338 59.651130
6
-24.265653 -24.050307 -93.982769
-24.102259 -16.184963 -95.692884
-41.840751 -2.604198 -90.788599
-48.100231 -6.449790 -87.434364
-48.785102 -11.314716 -86.556288
-35.790926 -24.186341 -90.188860
6
-36.385152 50.927150 77.990680
-39.991231 61.731195 67.749251
-32.486101 66.287422 67.458364
-27.781486 59.438514 75.466894
-35.152600 50.298974 78.957634
-35.245004 50.249867 78.947708
5
28.366985 -8.060243 -95.552848
42.722253 1.695265 -90.398757
42.500286 13.783198 -89.463675
35.042936 13.858411 -92.627950
22.605996 2.895311 -97.368301
5
-82.391854 -55.918668 -9.202441
-77.739287 -60.610775 -16.820738
-76.620068 -60.509025 -21.633843
-76.627328 -53.352690 -35.801439
-87.847148 -44.500593 -17.394707
7
-0.783836 -92.169333 38.784012
3.550197 -95.131739 30.616145
0.654203 -97.489491 22.256937
-13.170579 -97.541713 17.667772
-17.663054 -95.881316 22.243870
-17.743950 -95.373103 24.271865
-10.852958 -92.371570 36.738350
5
-18.693601 -6.048395 -98.050835
6.408752 -14.259603 -98.770399
7.339968 -4.416275 -99.632431
-14.628476 3.454034 -98.863934
-17.155422 1.207284 -98.510070
7
10.251984 96.151630 25.490409
22.699596 92.607933 30.141318
26.626164 90.099089 34.252030
17.590981 84.503207 50.495201
14.941474 84.466901 51.401314
9.688724 85.822003 50.405481
-1.102719 95.766907 28.766015
6
-50.213111 44.350474 -74.240682
-50.742056 46.400514 -72.610165
-65.348050 43.461689 -61.973494
-68.723199 38.350928 -61.695448
-58.578758 32.748241 -74.135564
-52.486338 37.471445 -76.426927
6
26.814847 -90.469692 33.108895
25.982921 -93.018850 25.930318
3.550197 -95.131739 30.616145
-0.783836 -92.169333 38.784012
2.750280 -89.575866 44.368910
4.642207 -89.006086 45.347179
5
14.388126 5.334087 -98.815633
22.605996 2.895311 -97.368301
35.042936 13.858411 -92.627950
20.914190 27.912656 -93.720224
10.473031 12.885226 -98.611797
6
65.319710 75.696338 1.843870
60.127007 78.456509 15.143288
49.901290 86.361459 7.180501
49.271677 86.936343 -3.791321
63.266421 77.108725 -7.183630
63.522815 76.901570 -7.141468
5
58.341004 -78.083869 22.343605
61.311925 -69.459431 37.632903
70.762543 -65.696018 26.013378
67.298946 -73.106934 11.235128
59.746224 -78.873751 14.467898
5
43.066035 -90.183042 -3.512191
36.826514 -91.668681 15.513246
40.605913 -89.798047 16.954954
59.027981 -79.493950 14.014611
52.246437 -85.217037 -2.892481
5
47.899703 -82.727224 29.356854
58.341004 -78.083869 22.343605
59.746224 -78.873751 14.467898
59.027981 -79.493950 14.014611
40.605913 -89.798047 16.954954
6
-26.590252 70.902752 65.312773
-28.728831 71.001886 64.291418
-29.127514 71.962876 63.031202
-19.100601 80.952671 55.514252
-7.441212 79.957798 59.593446
-6.922983 75.080564 65.688517
6
-59.867049 79.622580 -8.728186
-58.784611 80.568511 -7.285917
-54.257257 82.551361 15.537789
-58.148245 78.957435 19.608802
-69.466400 71.246794 9.915319
-69.717082 71.149304 -8.792324
5
-40.229725 82.839426 -38.976899
-30.456111 84.871896 -43.234091
-17.710592 91.120566 -37.193781
-16.457836 92.842666 -33.307340
-32.891990 89.678553 -29.595170
7
42.794975 14.024091 -89.285581
42.500286 13.783198 -89.463675
42.722253 1.695265 -90.398757
49.285132 -10.334386 -86.395464
51.537788 -9.011115 -85.221219
55.599326 8.422987 -82.690799
54.506491 13.080239 -82.812740
7
27.317815 88.184143 -38.435581
33.531554 84.430519 -41.798592
54.281962 73.423849 -40.772626
57.731577 72.506621 -37.548035
53.648950 79.111911 -29.378490
38.828867 90.139513 -19.162131
30.039500 90.122996 -31.232579
7
2.328767 -67.331262 73.899107
-1.716401 -71.113538 70.284555
-14.659311 -70.717329 69.167651
-21.039733 -58.844919 78.067952
-20.302603 -53.081348 82.281072
-14.361575 -51.781824 84.334974
-4.755274 -53.088978 84.610565
6
60.546562 9.702053 78.993569
47.601082 -1.781270 87.925901
40.403567 4.453879 91.365829
40.149042 21.646794 88.991408
46.916631 24.369304 84.882075
46.951513 24.363320 84.864504
5
-14.306354 60.462804 78.355457
-10.577008 59.312401 79.813320
-16.069882 50.104759 85.036886
-35.152600 50.298974 78.957634
-27.781486 59.438514 75.466894
6
80.070386 -39.859925 -44.720462
77.909527 -32.515356 -53.599041
66.382530 -38.857306 -63.902031
64.918526 -40.469095 -64.403706
65.207507 -57.074177 -49.905103
68.423538 -55.718928 -47.049128
6
41.711150 51.505278 74.882483
42.107282 51.791612 74.462109
55.732340 34.246315 75.637928
46.951513 24.363320 84.864504
46.916631 24.369304 84.882075
38.040928 45.315644 80.618733
6
-62.275579 -62.609963 -46.922753
-71.897812 -57.958548 -38.360284
-66.648096 -67.037061 -32.619989
-54.516196 -75.967595 -35.452910
-52.014704 -71.825186 -46.212696
-53.067648 -68.903923 -49.356601
6
-13.048500 -31.403976 94.040029
-7.116536 -24.606116 96.663820
6.942495 -22.398507 97.211669
12.505385 -33.105402 93.528860
11.528992 -41.953233 90.038928
5.112889 -44.483992 89.414947
4
69.792352 -15.598658 69.897850
60.737501 -23.228711 75.969619
57.660314 -11.845491 80.839177
64.245027 -4.513071 76.499730
6
-68.821852 -72.520875 2.067701
-68.099939 -72.886854 -7.064333
-77.739287 -60.610775 -16.820738
-82.391854 -55.918668 -9.202441
-82.404517 -56.182852 -7.278925
-72.307985 -68.557194 8.453781
6
0.208932 -77.091218 63.693802
4.358558 -79.466373 60.548316
4.854484 -88.827356 45.674226
4.642207 -89.006086 45.347179
2.750280 -89.575866 44.368910
-10.022659 -83.446108 54.187576
8
-16.457836 92.842666 -33.307340
-17.710592 91.120566 -37.193781
-13.258228 82.623081 -54.750761
-5.519118 83.338388 -54.993204
-0.131743 85.050295 -52.596862
-0.594742 94.006131 -34.095360
-13.381039 93.952283 -31.526439
-14.859947 93.660067 -31.732850
5
3.852255 98.955285 -13.892868
3.253680 94.590319 -32.281343
15.478559 96.485277 -21.236890
13.380770 98.352272 -12.156708
7.543680 99.062999 -11.384868
6
52.622901 46.899784 -70.931238
59.966197 28.403533 -74.815069
66.987575 33.309802 -66.356023
58.087772 52.576491 -62.141157
55.996185 53.129050 -63.574613
53.854140 50.781176 -67.238410
6
-93.007094 -35.954825 -7.545259
-86.813291 -49.631849 -0.363469
-82.404517 -56.182852 -7.278925
-82.391854 -55.918668 -9.202441
-87.847148 -44.500593 -17.394707
-90.962449 -38.447586 -15.735816
7
-53.035639 79.483215 -29.489650
-42.899501 81.361077 -39.242935
-40.229725 82.839426 -38.976899
-32.891990 89.678553 -29.595170
-36.734467 90.315543 -22.218946
-49.443081 83.328074 -24.734869
-52.646047 80.424934 -27.572156
6
-22.746139 -74.631863 62.551564
-14.659311 -70.717329 69.167651
-1.716401 -71.113538 70.284555
0.208932 -77.091218 63.693802
-10.022659 -83.446108 54.187576
-18.957368 -82.636987 53.025905
7
3.014401 99.902953 3.211429
15.096805 98.466399 8.743845
10.251984 96.151630 25.490409
-1.102719 95.766907 28.766015
-14.873732 95.546937 25.486368
-13.370894 98.218617 13.203126
-7.806461 99.462493 6.802326
8
-52.454608 -10.500774 84.488152
-50.178085 -17.877274 84.631925
-52.608616 -27.603114 80.438806
-54.925492 -29.995270 77.996629
-62.149565 -29.462642 72.590525
-66.738211 -26.938516 69.428579
-69.758165 -8.992068 71.084043
-61.306469 -4.441767 78.878309
6
23.131930 7.277243 97.015234
29.266385 1.296773 95.612745
28.949404 -7.335270 95.436502
16.039047 -8.182024 98.365662
12.783641 2.334454 99.152049
18.057825 8.007669 98.029548
7
-4.755274 -53.088978 84.610565
5.112889 -44.483992 89.414947
11.528992 -41.953233 90.038928
19.951766 -47.272113 85.832828
26.138045 -57.772882 77.324619
6.299449 -66.913649 74.046475
2.328767 -67.331262 73.899107
6
92.926945 36.826111 -2.901800
94.595235 32.093533 4.663327
93.164155 34.839971 10.325538
88.336719 44.118711 15.816556
80.145583 58.311932 13.281722
81.361168 58.132887 0.963269
6
53.648950 79.111911 -29.378490
63.266421 77.108725 -7.183630
49.271677 86.936343 -3.791321
44.320660 89.309121 -7.717517
39.059363 90.803511 -15.135676
38.828867 90.139513 -19.162131
5
69.349298 68.326637 22.850504
54.612703 73.692570 39.835383
50.189745 79.150450 34.873999
52.534991 81.412661 24.739710
60.378559 78.117851 15.875482
5
68.305899 35.232604 63.976306
62.416542 37.279876 68.661387
53.141168 57.687786 62.033343
62.694617 52.564554 57.500893
69.879086 44.019085 56.384691
7
-25.372502 19.339514 94.774571
-16.765078 6.712662 98.355845
-19.368341 1.311045 98.097648
-26.530207 -3.048391 96.368332
-28.389287 -3.343518 95.827289
-37.560372 3.809607 92.599705
-29.483835 17.743242 93.892922
7
79.306432 -51.546050 32.457580
78.532096 -52.057564 33.507014
77.035572 -51.891985 37.050540
76.781786 -48.545014 41.808360
80.238748 -38.465867 45.630257
86.420030 -31.584180 39.166541
86.681343 -42.458881 26.145520
8
-73.075397 56.902085 -37.711259
-63.131614 65.506826 -41.512107
-62.073882 67.069935 -40.601196
-59.414399 73.745962 -32.116386
-74.715952 64.782600 -14.857365
-74.812676 64.668274 -14.868690
-74.846268 64.618611 -14.915472
-77.693897 55.241001 -30.200829
9
6.985983 -52.896841 -84.576121
2.420736 -53.423849 -84.498712
-2.045532 -55.613411 -83.084080
-1.527551 -71.820843 -69.566034
2.539753 -76.770670 -64.029789
3.645832 -76.994456 -63.706841
14.789505 -74.392608 -65.169091
20.673821 -70.403848 -67.940351
17.106441 -58.260976 -79.454568
5
-95.888889 -17.091149 -22.654218
-89.574335 -19.786958 -39.810989
-87.481929 -4.966653 -48.189671
-94.878176 2.054567 -31.526346
-97.290192 -0.566591 -23.114878
6
12.361771 69.894612 -70.440967
4.792529 69.033484 -72.190094
3.646693 68.506192 -72.757152
3.800774 50.898842 -85.993383
18.698825 52.600952 -82.966824
18.919621 52.994778 -82.665600
6
-21.175858 -69.103488 -69.110716
-18.583063 -68.374227 -70.566527
-10.782910 -54.869835 -82.903740
-19.627630 -50.264132 -84.191883
-31.185548 -62.502110 -71.560799
-31.046691 -63.160303 -71.041390
6
-77.428576 -21.471626 -59.529697
-85.503217 -3.703012 -51.725116
-87.481929 -4.966653 -48.189671
-89.574335 -19.786958 -39.810989
-85.809414 -33.020200 -39.324430
-80.037199 -40.144023 -44.525321
6
60.737501 -23.228711 75.969619
69.792352 -15.598658 69.897850
71.825921 -15.855456 67.746893
71.906460 -34.868708 60.113511
63.230921 -42.602094 64.706353
55.816768 -31.968340 76.567053
6
45.916267 -31.249948 83.157304
55.816768 -31.968340 76.567053
63.230921 -42.602094 64.706353
62.398394 -45.194335 63.748824
53.949044 -53.100519 65.343978
37.588359 -53.308798 75.797674
7
-53.670982 -81.814613 20.634795
-50.950241 -84.741807 14.929803
-55.222116 -83.348075 1.901637
-68.821852 -72.520875 2.067701
-72.307985 -68.557194 8.453781
-72.373544 -68.399067 9.145368
-58.725473 -77.401034 23.672744
6
-60.036018 64.046393 47.892965
-44.931456 77.093076 45.142240
-43.238698 77.489145 46.106914
-47.040665 60.804094 63.953405
-54.258231 54.338335 64.057707
-60.561277 54.090566 58.365592
6
41.617339 30.847034 -85.536294
20.722325 31.274261 -92.695770
20.914190 27.912656 -93.720224
35.042936 13.858411 -92.627950
42.500286 13.783198 -89.463675
42.794975 14.024091 -89.285581
5
-52.511163 48.678443 69.806783
-54.258231 54.338335 64.057707
-47.040665 60.804094 63.953405
-39.991231 61.731195 67.749251
-36.385152 50.927150 77.990680
6
57.274898 -62.349167 -53.218112
65.207507 -57.074177 -49.905103
64.918526 -40.469095 -64.403706
62.729127 -41.552307 -65.867006
54.443753 -49.647511 -67.609189
51.316794 -59.079754 -62.258890
6
-59.867049 79.622580 -8.728186
-69.717082 71.149304 -8.792324
-74.715952 64.782600 -14.857365
-59.414399 73.745962 -32.116386
-53.035639 79.483215 -29.489650
-52.646047 80.424934 -27.572156
6
-16.914247 32.379607 93.088502
-15.253554 31.301761 93.741820
-7.106323 21.532154 97.395413
-5.812181 12.141034 99.089928
-16.765078 6.712662 98.355845
-25.372502 19.339514 94.774571
5
-39.209792 -91.938288 -3.153330
-31.831142 -94.533370 7.086639
-21.731800 -97.551693 3.375794
-23.515022 -96.598300 -10.761612
-27.788889 -95.335386 -11.787354
7
48.368768 -64.581912 59.073166
50.533677 -62.207570 59.804395
62.713009 -64.045399 44.331313
62.835257 -65.473232 42.011741
60.819150 -69.175984 38.932174
58.369253 -70.747374 39.847702
50.949682 -72.768861 45.921920
6
47.153679 -81.765124 33.030216
58.369253 -70.747374 39.847702
60.819150 -69.175984 38.932174
61.311925 -69.459431 37.632903
58.341004 -78.083869 22.343605
47.899703 -82.727224 29.356854
7
-91.596085 22.081992 -33.504370
-90.202725 32.524401 -28.383654
-92.154920 31.176300 -23.141069
-98.696162 8.053450 -13.935908
-97.562131 -0.036140 -21.946054
-97.290192 -0.566591 -23.114878
-94.878176 2.054567 -31.526346
7
31.121223 -12.688008 94.183247
28.949404 -7.335270 95.436502
29.266385 1.296773 95.612745
40.403567 4.453879 91.365829
47.601082 -1.781270 87.925901
47.523357 -3.095935 87.931483
43.056896 -8.746619 89.830954
7
-11.487928 -28.604954 -95.130353
6.805108 -15.541624 -98.550233
6.408752 -14.259603 -98.770399
-18.693601 -6.048395 -98.050835
-24.102259 -16.184963 -95.692884
-24.265653 -24.050307 -93.982769
-22.538395 -26.761200 -93.679555
7
0.704239 63.092445 77.581231
8.497854 50.803572 85.713380
3.538336 43.695081 89.878919
-16.066433 38.592123 90.843370
-16.069882 50.104759 85.036886
-10.577008 59.312401 79.813320
-0.021999 63.561811 77.200361
4
45.573914 -66.066338 59.651130
33.888216 -78.647186 51.635347
27.555803 -71.924261 63.777570
29.512984 -63.088289 71.755499
6
30.039500 90.122996 -31.232579
38.828867 90.139513 -19.162131
39.059363 90.803511 -15.135676
22.807630 97.136282 -6.659930
13.380770 98.352272 -12.156708
15.478559 96.485277 -21.236890
6
95.077846 -10.711057 29.077077
98.149531 -12.798761 14.242936
97.639614 -20.225311 7.579092
92.429740 -34.104625 17.135275
91.456833 -18.983516 35.710976
94.472306 -11.294369 30.780197
7
-39.209792 -91.938288 -3.153330
-27.788889 -95.335386 -11.787354
-29.103754 -94.348624 -15.852719
-37.397130 -90.013710 -22.338008
-44.113434 -87.742109 -18.850129
-45.681126 -88.748733 -6.074294
-40.610186 -91.322996 -3.305033
6
2.539753 -76.770670 -64.029789
-10.168409 -80.411088 -58.571840
-8.111639 -88.013560 -46.774081
-0.865181 -88.280351 -46.966276
5.466247 -84.375580 -53.393647
3.645832 -76.994456 -63.706841
7
59.164178 34.404712 72.910327
62.416542 37.279876 68.661387
68.305899 35.232604 63.976306
75.636062 24.542034 60.637239
74.610175 13.998876 65.094955
73.214120 11.977585 67.053934
67.676212 11.112057 72.776730
7
2.938453 94.340655 -33.033413
22.449431 88.404491 -40.995964
24.278322 88.153422 -40.491201
27.317815 88.184143 -38.435581
30.039500 90.122996 -31.232579
15.478559 96.485277 -21.236890
3.253680 94.590319 -32.281343
6
26.814847 -90.469692 33.108895
4.642207 -89.006086 45.347179
4.854484 -88.827356 45.674226
18.064363 -83.454148 52.048861
32.664843 -82.417873 46.263400
32.641026 -84.110239 43.128078
7
-92.712637 31.778228 -19.862307
-92.154920 31.176300 -23.141069
-90.202725 32.524401 -28.383654
-88.990427 34.563035 -29.767441
-87.760605 38.175834 -28.994517
-85.015425 50.784100 -13.905133
-89.628649 44.317541 -1.631183
6
-27.591666 56.604820 -77.682652
-29.634513 46.039271 -83.679036
-24.713427 37.338000 -89.415437
-23.780503 36.605187 -89.969706
-5.349588 45.709846 -88.780583
-12.197439 59.289236 -79.599051
4
-93.007094 -35.954825 -7.545259
-95.555011 -29.482611 -0.124486
-86.547848 -48.729336 11.615587
-86.813291 -49.631849 -0.363469
6
-49.748778 -60.979078 -61.697740
-61.830127 -47.590522 -62.547403
-62.275579 -62.609963 -46.922753
-53.067648 -68.903923 -49.356601
-50.743163 -67.694029 -53.316505
-49.301472 -62.129794 -60.903641
5
-5.701345 -95.588708 -28.814814
11.275678 -99.154370 -6.424173
13.255897 -93.924218 -31.662634
11.455721 -92.951661 -35.053606
6.490993 -93.501734 -34.861050
6
-59.414399 73.745962 -32.116386
-62.073882 67.069935 -40.601196
-45.384412 72.040619 -52.444298
-43.026242 73.427610 -52.508367
-42.899501 81.361077 -39.242935
-53.035639 79.483215 -29.489650
6
-7.806461 99.462493 6.802326
-8.988428 99.186102 -9.018059
-4.593848 98.955113 -13.666825
3.852255 98.955285 -13.892868
7.543680 99.062999 -11.384868
3.014401 99.902953 3.211429
5
-66.648096 -67.037061 -32.619989
-65.862572 -71.635711 -23.031424
-55.741948 -79.322260 -24.511516
-52.208180 -80.405159 -28.448488
-54.516196 -75.967595 -35.452910
7
89.356201 -21.505493 39.407908
91.456833 -18.983516 35.710976
92.429740 -34.104625 17.135275
91.811730 -35.673796 17.262287
86.804462 -42.405364 25.821898
86.681343 -42.458881 26.145520
86.420030 -31.584180 39.166541
5
2.420736 -53.423849 -84.498712
6.985983 -52.896841 -84.576121
15.872020 -39.045727 -90.683572
10.941273 -32.523411 -93.928251
-5.298674 -33.306518 -94.141383
6
13.180372 17.519175 97.567189
-4.971893 11.637989 99.195955
-5.812181 12.141034 99.089928
-7.106323 21.532154 97.395413
11.009976 27.720699 95.448118
13.395246 26.730365 95.425651
5
67.298946 -73.106934 11.235128
70.762543 -65.696018 26.013378
71.446277 -64.966631 25.976265
79.154144 -58.551922 17.501253
69.012809 -71.841197 8.722073
7
46.170124 64.862876 60.507247
54.019188 69.809987 46.994607
66.603043 60.733187 43.307213
70.430452 53.566656 46.585027
62.694617 52.564554 57.500893
53.141168 57.687786 62.033343
47.143887 62.601176 62.117201
5
62.713009 -64.045399 44.331313
50.533677 -62.207570 59.804395
53.949044 -53.100519 65.343978
62.398394 -45.194335 63.748824
65.850795 -50.845517 55.483387
7
42.184257 -87.204719 -24.815831
45.968409 -80.165627 -38.214889
42.636401 -77.927703 -45.928319
37.173347 -78.766691 -49.131973
23.820618 -86.506059 -44.150650
23.545316 -86.747423 -43.823541
37.166403 -90.323408 -21.455546
5
-65.062491 63.283768 41.976623
-61.303631 75.091890 24.557543
-58.404525 78.119020 22.052895
-44.931456 77.093076 45.142240
-60.036018 64.046393 47.892965
6
29.344901 -12.512517 -94.775069
45.017672 -19.381764 -87.165110
49.285132 -10.334386 -86.395464
42.722253 1.695265 -90.398757
28.366985 -8.060243 -95.552848
28.502325 -10.957850 -95.223647
8
67.676212 11.112057 72.776730
73.214120 11.977585 67.053934
78.629872 -7.478456 61.330384
77.662190 -10.505395 62.114579
71.825921 -15.855456 67.746893
69.792352 -15.598658 69.897850
64.245027 -4.513071 76.499730
63.987741 8.965616 76.322911
7
51.316794 -59.079754 -62.258890
47.010360 -60.543232 -64.222606
34.665105 -74.090771 -57.522935
37.173347 -78.766691 -49.131973
42.636401 -77.927703 -45.928319
56.500247 -64.129731 -51.914350
57.274898 -62.349167 -53.218112
6
99.868151 -2.284234 -4.597258
97.477577 -21.687698 -5.269324
97.639614 -20.225311 7.579092
98.149531 -12.798761 14.242936
99.570554 3.499120 8.570931
99.617629 6.798663 5.486917
6
18.919621 52.994778 -82.665600
32.966768 56.232154 -75.836252
32.455687 60.837290 -72.425496
24.599447 70.544528 -66.470571
15.644252 71.369719 -68.276062
12.361771 69.894612 -70.440967
4
-30.971028 -88.478892 34.817828
-18.198513 -88.172387 43.525214
-10.852958 -92.371570 36.738350
-17.743950 -95.373103 24.271865
6
-10.577008 59.312401 79.813320
-14.306354 60.462804 78.355457
-26.590252 70.902752 65.312773
-6.922983 75.080564 65.688517
0.110782 66.608869 74.587172
-0.021999 63.561811 77.200361
5
60.290743 -72.463355 -33.377964
56.500247 -64.129731 -51.914350
42.636401 -77.927703 -45.928319
45.968409 -80.165627 -38.214889
60.065032 -72.916582 -32.792743
6
-61.830127 -47.590522 -62.547403
-63.365830 -44.016549 -63.618512
-78.753983 -42.506662 -44.620555
-76.219973 -53.190270 -36.895947
-71.897812 -57.958548 -38.360284
-62.275579 -62.609963 -46.922753
7
-19.947645 29.592632 -93.415029
-2.066282 22.791767 -97.346114
4.859928 37.675166 -92.503854
-1.508039 45.377105 -89.099069
-5.349588 45.709846 -88.780583
-23.780503 36.605187 -89.969706
-23.543140 33.040234 -91.400566
7
-14.285894 4.090378 -98.889747
-19.947645 29.592632 -93.415029
-23.543140 33.040234 -91.400566
-33.107601 19.091138 -92.408957
-32.813911 11.681950 -93.737822
-17.155422 1.207284 -98.510070
-14.628476 3.454034 -98.863934
5
2.938453 94.340655 -33.033413
-0.594742 94.006131 -34.095360
-0.131743 85.050295 -52.596862
10.330360 83.921722 -53.389401
22.449431 88.404491 -40.995964
7
37.588359 -53.308798 75.797674
53.949044 -53.100519 65.343978
50.533677 -62.207570 59.804395
48.368768 -64.581912 59.073166
45.573914 -66.066338 59.651130
29.512984 -63.088289 71.755499
28.037022 -58.304923 76.252615
5
-56.314848 -37.622545 -73.574329
-54.437873 -38.628041 -74.460677
-47.431969 -38.322260 -79.256626
-36.749374 -24.590008 -89.692893
-51.276490 -24.112992 -82.397119
6
14.673737 -98.692299 6.671701
11.213084 -99.349502 -1.985731
-2.525933 -99.966013 -0.644978
-11.841460 -98.922122 8.613568
-13.170579 -97.541713 17.667772
0.654203 -97.489491 22.256937
8
75.620424 -62.881232 -18.097020
78.114236 -58.793083 -21.012842
70.178315 -60.532596 -37.560736
60.290743 -72.463355 -33.377964
60.065032 -72.916582 -32.792743
64.069887 -74.859243 -17.062924
65.211770 -74.258079 -15.269667
65.910306 -73.714093 -14.901814
5
-80.725809 20.559777 -55.323044
-72.724135 36.128588 -58.360306
-73.789120 37.689719 -55.987953
-83.348633 36.801202 -41.215007
-84.969373 35.343173 -39.128835
7
23.213067 41.683185 -87.884388
19.467200 33.657449 -92.131451
20.722325 31.274261 -92.695770
41.617339 30.847034 -85.536294
43.255933 34.261891 -83.396925
41.989935 40.159342 -81.388406
37.043784 44.208173 -81.690853
5
7.285090 -15.871242 -98.463349
11.606942 -23.723238 -96.449401
24.715939 -23.004504 -94.127122
29.344901 -12.512517 -94.775069
28.502325 -10.957850 -95.223647
5
-25.072208 -42.293895 -87.078188
-31.911566 -43.922077 -83.979182
-39.826519 -53.941136 -74.190311
-31.185548 -62.502110 -71.560799
-19.627630 -50.264132 -84.191883
5
-35.977407 -91.494470 18.286283
-45.230449 -88.125756 13.713406
-50.950241 -84.741807 14.929803
-53.670982 -81.814613 20.634795
-38.555434 -87.126639 30.371488
6
-37.932801 36.569669 84.992717
-35.245004 50.249867 78.947708
-35.152600 50.298974 78.957634
-16.069882 50.104759 85.036886
-16.066433 38.592123 90.843370
-17.725149 34.782200 92.065290
6
-47.022354 30.648415 -82.762146
-47.194283 22.076841 -85.354044
-33.107601 19.091138 -92.408957
-23.543140 33.040234 -91.400566
-23.780503 36.605187 -89.969706
-24.713427 37.338000 -89.415437
7
-43.238698 77.489145 46.106914
-42.340884 77.903733 46.241302
-29.127514 71.962876 63.031202
-28.728831 71.001886 64.291418
-32.486101 66.287422 67.458364
-39.991231 61.731195 67.749251
-47.040665 60.804094 63.953405
5
81.597267 -22.168388 53.389592
77.662190 -10.505395 62.114579
78.629872 -7.478456 61.330384
85.267177 -5.367943 51.968199
88.380322 -20.592495 42.010330
6
-43.486091 32.220554 84.088024
-53.679618 41.955946 73.199708
-52.511163 48.678443 69.806783
-36.385152 50.927150 77.990680
-35.245004 50.249867 78.947708
-37.932801 36.569669 84.992717
5
-32.486101 66.287422 67.458364
-28.728831 71.001886 64.291418
-26.590252 70.902752 65.312773
-14.306354 60.462804 78.355457
-27.781486 59.438514 75.466894
6
3.538336 43.695081 89.878919
5.489371 33.723218 93.981974
-15.253554 31.301761 93.741820
-16.914247 32.379607 93.088502
-17.725149 34.782200 92.065290
-16.066433 38.592123 90.843370
4
26.626164 90.099089 34.252030
34.436790 87.813925 33.208765
37.656932 71.839530 58.489635
17.590981 84.503207 50.495201
5
27.605175 -94.055136 19.788525
14.673737 -98.692299 6.671701
0.654203 -97.489491 22.256937
3.550197 -95.131739 30.616145
25.982921 -93.018850 25.930318
5
12.085194 -99.192097 -3.856947
34.660894 -92.400263 -16.149731
34.772053 -92.242148 -16.801502
13.255897 -93.924218 -31.662634
11.275678 -99.154370 -6.424173
4
57.087311 15.075619 -80.707897
71.086853 1.295993 -70.320549
78.672255 11.474782 -60.654807
60.511304 21.952064 -76.527701
7
-8.111639 -88.013560 -46.774081
-10.168409 -80.411088 -58.571840
-14.402075 -79.752285 -58.584583
-24.505352 -82.593552 -50.771969
-25.167761 -87.255014 -41.870592
-19.870109 -91.015588 -36.350261
-17.665697 -91.622164 -35.962511
5
-53.476795 -16.710143 -82.831175
-51.276490 -24.112992 -82.397119
-36.749374 -24.590008 -89.692893
-35.790926 -24.186341 -90.188860
-48.785102 -11.314716 -86.556288
5
-88.566225 41.157110 21.496885
-86.578936 41.309444 28.242126
-88.583146 30.074438 35.334891
-91.758210 24.475334 31.327129
-93.520873 27.974838 21.708404
6
18.057825 8.007669 98.029548
12.783641 2.334454 99.152049
9.742995 1.696180 99.509784
-3.411803 9.112560 99.525478
-4.971893 11.637989 99.195955
13.180372 17.519175 97.567189
6
34.665105 -74.090771 -57.522935
22.364375 -70.342250 -67.467049
20.673821 -70.403848 -67.940351
14.789505 -74.392608 -65.169091
23.820618 -86.506059 -44.150650
37.173347 -78.766691 -49.131973
5
60.127007 78.456509 15.143288
60.378559 78.117851 15.875482
52.534991 81.412661 24.739710
45.632939 87.806351 14.411091
49.901290 86.361459 7.180501
6
79.395767 -57.015171 -21.108824
90.243823 -41.836759 -10.282901
95.007418 -27.126386 -15.419133
94.938896 -26.533038 -16.810825
92.026864 -28.192708 -27.133512
81.421105 -39.833683 -42.236020
4
-54.925492 -29.995270 77.996629
-50.039561 -45.994190 73.352415
-63.159175 -45.058044 63.092719
-62.149565 -29.462642 72.590525
5
62.729127 -41.552307 -65.867006
64.918526 -40.469095 -64.403706
66.382530 -38.857306 -63.902031
64.615157 -28.989927 -70.600748
51.238416 -31.188836 -80.011757
6
88.931378 -45.716316 -1.108409
80.264496 -59.581272 2.771771
80.218376 -59.639040 2.863036
81.094427 -56.459910 15.361392
83.787107 -52.418187 15.233334
89.195623 -45.030989 4.043626
5
79.418905 -22.986034 -56.251931
66.302958 -24.670774 -70.677229
64.615157 -28.989927 -70.600748
66.382530 -38.857306 -63.902031
77.909527 -32.515356 -53.599041
7
80.208671 -20.039817 -56.258109
79.418905 -22.986034 -56.251931
77.909527 -32.515356 -53.599041
80.070386 -39.859925 -44.720462
81.421105 -39.833683 -42.236020
92.026864 -28.192708 -27.133512
86.507524 -9.019025 -49.346788
6
32.664843 -82.417873 46.263400
33.865195 -80.899167 48.046574
50.949682 -72.768861 45.921920
58.369253 -70.747374 39.847702
47.153679 -81.765124 33.030216
32.641026 -84.110239 43.128078
8
65.910306 -73.714093 -14.901814
65.211770 -74.258079 -15.269667
52.246437 -85.217037 -2.892481
59.027981 -79.493950 14.014611
59.746224 -78.873751 14.467898
67.298946 -73.106934 11.235128
69.012809 -71.841197 8.722073
69.650353 -71.426806 6.858550
7
-54.925492 -29.995270 77.996629
-52.608616 -27.603114 80.438806
-35.656395 -37.100084 85.745001
-31.604135 -44.931434 83.560427
-31.354142 -46.493954 82.796317
-49.295573 -46.958253 73.245266
-50.039561 -45.994190 73.352415
10
-20.299837 93.360817 29.524135
-28.039537 87.509493 39.444556
-42.340884 77.903733 46.241302
-43.238698 77.489145 46.106914
-44.931456 77.093076 45.142240
-58.404525 78.119020 22.052895
-58.148245 78.957435 19.608802
-54.257257 82.551361 15.537789
-45.117678 88.255856 13.240051
-20.248838 93.420478 29.370033
6
-4.593848 98.955113 -13.666825
-13.381039 93.952283 -31.526439
-0.594742 94.006131 -34.095360
2.938453 94.340655 -33.033413
3.253680 94.590319 -32.281343
3.852255 98.955285 -13.892868
4
-32.822509 -75.627727 -56.596199
-24.505352 -82.593552 -50.771969
-14.402075 -79.752285 -58.584583
-21.076813 -72.293678 -65.798116
6
39.059363 90.803511 -15.135676
44.320660 89.309121 -7.717517
30.478929 94.591255 11.114379
28.850210 95.091927 11.188873
20.699015 97.654235 5.933055
22.807630 97.136282 -6.659930
5
-20.302603 -53.081348 82.281072
-21.039733 -58.844919 78.067952
-33.547877 -64.581352 68.584174
-37.264640 -59.546220 71.172989
-30.718804 -47.251644 82.605310
5
27.855626 -36.152684 -88.977792
24.715939 -23.004504 -94.127122
11.606942 -23.723238 -96.449401
10.941273 -32.523411 -93.928251
15.872020 -39.045727 -90.683572
4
-68.723199 38.350928 -61.695448
-71.399214 36.371326 -59.827075
-66.189694 15.591793 -73.319987
-58.578758 32.748241 -74.135564
6
65.757351 53.424489 -53.120568
82.368281 26.801710 -49.971338
83.799611 24.881637 -48.564692
80.712949 45.890516 -37.141357
69.477774 59.794167 -39.968694
67.212221 60.936333 -42.062817
5
-32.942911 -70.463557 62.846254
-33.547877 -64.581352 68.584174
-21.039733 -58.844919 78.067952
-14.659311 -70.717329 69.167651
-22.746139 -74.631863 62.551564
6
-96.783990 24.949876 -3.219166
-95.452948 29.305219 5.471633
-96.320377 23.179364 13.605223
-97.879444 14.914196 14.042124
-99.762984 6.878627 0.177722
-99.453379 9.312497 -4.722583
7
-49.301472 -62.129794 -60.903641
-35.339171 -65.900121 -66.395158
-31.046691 -63.160303 -71.041390
-31.185548 -62.502110 -71.560799
-39.826519 -53.941136 -74.190311
-43.678491 -52.964801 -72.711204
-49.748778 -60.979078 -61.697740
6
-91.596085 22.081992 -33.504370
-94.878176 2.054567 -31.526346
-87.481929 -4.966653 -48.189671
-85.503217 -3.703012 -51.725116
-80.659413 7.077528 -58.685328
-81.121316 9.009557 -57.776812
5
29.266385 1.296773 95.612745
23.131930 7.277243 97.015234
34.563941 22.897672 91.000168
40.149042 21.646794 88.991408
40.403567 4.453879 91.365829
6
-92.130992 5.077848 38.549913
-92.847034 7.200393 36.436007
-91.758210 24.475334 31.327129
-88.583146 30.074438 35.334891
-87.013377 30.639830 38.598875
-85.155358 26.558521 45.201880
5
-25.204167 96.769915 -0.577501
-37.205213 92.703778 -4.667089
-33.858509 92.940892 -14.683049
-21.004524 95.743500 -19.798793
-17.808626 97.695535 -11.765850
7
88.336719 44.118711 15.816556
87.264021 38.517563 30.023123
81.084890 41.318794 41.448738
80.681852 42.044902 41.504998
79.900139 46.957990 37.562146
78.991356 59.428147 15.121540
80.145583 58.311932 13.281722
7
-9.361072 -95.291063 -28.844126
-14.964666 -97.973876 -13.310834
-2.525933 -99.966013 -0.644978
11.213084 -99.349502 -1.985731
12.085194 -99.192097 -3.856947
11.275678 -99.154370 -6.424173
-5.701345 -95.588708 -28.814814
7
10.473031 12.885226 -98.611797
20.914190 27.912656 -93.720224
20.722325 31.274261 -92.695770
19.467200 33.657449 -92.131451
4.859928 37.675166 -92.503854
-2.066282 22.791767 -97.346114
0.234586 16.308543 -98.660916
6
-29.146435 63.219244 -71.790058
-29.160513 59.137702 -75.182422
-27.591666 56.604820 -77.682652
-12.197439 59.289236 -79.599051
-5.990337 67.618682 -73.429080
-15.084001 71.956430 -67.784549
5
-4.755274 -53.088978 84.610565
-14.361575 -51.781824 84.334974
-14.852767 -31.943291 93.589644
-13.048500 -31.403976 94.040029
5.112889 -44.483992 89.414947
5
-19.305353 -82.962065 52.388921
-18.198513 -88.172387 43.525214
-30.971028 -88.478892 34.817828
-36.974583 -86.092052 34.943367
-40.935276 -80.560485 42.828862
7
-21.076813 -72.293678 -65.798116
-14.402075 -79.752285 -58.584583
-10.168409 -80.411088 -58.571840
2.539753 -76.770670 -64.029789
-1.527551 -71.820843 -69.566034
-18.583063 -68.374227 -70.566527
-21.175858 -69.103488 -69.110716
5
41.989935 40.159342 -81.388406
43.255933 34.261891 -83.396925
59.711110 27.779792 -75.252020
59.966197 28.403533 -74.815069
52.622901 46.899784 -70.931238
6
-97.543802 -21.711112 3.719451
-95.555011 -29.482611 -0.124486
-93.007094 -35.954825 -7.545259
-90.962449 -38.447586 -15.735816
-91.580618 -33.150021 -22.673034
-95.891949 -17.629612 -22.224558
5
-30.979048 -26.818633 91.219842
-24.623399 -25.584243 93.483339
-17.258767 -31.373464 93.369378
-31.604135 -44.931434 83.560427
-35.656395 -37.100084 85.745001
6
-80.604582 13.425865 57.642411
-76.220008 12.584751 63.499090
-75.671082 -5.596352 65.135000
-78.482384 -8.459840 61.391746
-91.815768 -0.323840 39.620195
-91.741879 3.215552 39.662172
5
-36.138934 68.696746 -63.045496
-50.381095 55.179797 -66.460028
-49.694316 52.599545 -69.020018
-29.160513 59.137702 -75.182422
-29.146435 63.219244 -71.790058
6
-72.307985 -68.557194 8.453781
-82.404517 -56.182852 -7.278925
-86.813291 -49.631849 -0.363469
-86.547848 -48.729336 11.615587
-81.474591 -52.978827 23.561300
-72.373544 -68.399067 9.145368
4
96.767314 5.277639 24.662390
99.570554 3.499120 8.570931
98.149531 -12.798761 14.242936
95.077846 -10.711057 29.077077
6
-43.026242 73.427610 -52.508367
-36.382170 72.833342 -58.065842
-27.204103 78.191743 -56.089109
-30.456111 84.871896 -43.234091
-40.229725 82.839426 -38.976899
-42.899501 81.361077 -39.242935
6
-66.738211 -26.938516 69.428579
-62.149565 -29.462642 72.590525
-63.159175 -45.058044 63.092719
-65.134744 -47.214163 59.399393
-69.433567 -40.927880 59.193652
-69.439103 -27.771291 66.384986
6
37.166403 -90.323408 -21.455546
23.545316 -86.747423 -43.823541
18.005938 -88.824034 -42.262005
11.455721 -92.951661 -35.053606
13.255897 -93.924218 -31.662634
34.772053 -92.242148 -16.801502
6
12.361771 69.894612 -70.440967
15.644252 71.369719 -68.276062
10.330360 83.921722 -53.389401
-0.131743 85.050295 -52.596862
-5.519118 83.338388 -54.993204
4.792529 69.033484 -72.190094
4
0.234586 16.308543 -98.660916
-2.066282 22.791767 -97.346114
-19.947645 29.592632 -93.415029
-14.285894 4.090378 -98.889747
5
71.446277 -64.966631 25.976265
78.532096 -52.057564 33.507014
79.306432 -51.546050 32.457580
79.561895 -58.026766 17.401131
79.154144 -58.551922 17.501253
6
-88.990427 34.563035 -29.767441
-90.202725 32.524401 -28.383654
-91.596085 22.081992 -33.504370
-81.121316 9.009557 -57.776812
-80.725809 20.559777 -55.323044
-84.969373 35.343173 -39.128835
5
98.553475 15.804680 -6.117568
92.191654 31.751147 -22.193776
91.101820 25.027130 -32.773483
97.183889 8.949459 -21.799060
98.296303 8.562635 -16.264014
6
26.138045 -57.772882 77.324619
28.037022 -58.304923 76.252615
29.512984 -63.088289 71.755499
27.555803 -71.924261 63.777570
17.822690 -75.623078 62.956348
6.299449 -66.913649 74.046475
7
-44.113434 -87.742109 -18.850129
-51.967426 -80.570405 -28.421761
-52.208180 -80.405159 -28.448488
-55.741948 -79.322260 -24.511516
-57.538774 -80.492173 -14.501707
-48.633394 -87.211922 -5.373419
-45.681126 -88.748733 -6.074294
6
45.632939 87.806351 14.411091
40.515729 89.673137 17.810229
30.478929 94.591255 11.114379
44.320660 89.309121 -7.717517
49.271677 86.936343 -3.791321
49.901290 86.361459 7.180501
5
-96.783990 24.949876 -3.219166
-99.453379 9.312497 -4.722583
-98.696162 8.053450 -13.935908
-92.154920 31.176300 -23.141069
-92.712637 31.778228 -19.862307
4
-83.348633 36.801202 -41.215007
-73.789120 37.689719 -55.987953
-71.846794 48.880593 -49.484602
-73.811070 49.858592 -45.453787
6
66.302958 -24.670774 -70.677229
64.353713 -17.361783 -74.546416
46.493164 -29.595830 -83.441432
46.484278 -29.640859 -83.430399
51.238416 -31.188836 -80.011757
64.615157 -28.989927 -70.600748
7
-63.296593 53.741053 -55.726479
-65.348050 43.461689 -61.973494
-50.742056 46.400514 -72.610165
-49.694316 52.599545 -69.020018
-50.381095 55.179797 -66.460028
-55.650260 58.311675 -59.184434
-60.261676 57.268139 -55.577789
6
-18.693601 -6.048395 -98.050835
-17.155422 1.207284 -98.510070
-32.813911 11.681950 -93.737822
-40.816571 4.977350 -91.154997
-41.840751 -2.604198 -90.788599
-24.102259 -16.184963 -95.692884
6
69.650353 -71.426806 6.858550
69.012809 -71.841197 8.722073
79.154144 -58.551922 17.501253
79.561895 -58.026766 17.401131
81.094427 -56.459910 15.361392
80.218376 -59.639040 2.863036
5
50.189745 79.150450 34.873999
36.462914 87.374397 32.189603
40.515729 89.673137 17.810229
45.632939 87.806351 14.411091
52.534991 81.412661 24.739710
6
-0.021999 63.561811 77.200361
0.110782 66.608869 74.587172
11.911465 74.177556 65.998539
30.230369 68.147859 66.648287
21.373117 62.602995 74.993699
0.704239 63.092445 77.581231
5
15.096805 98.466399 8.743845
20.699015 97.654235 5.933055
28.850210 95.091927 11.188873
22.699596 92.607933 30.141318
10.251984 96.151630 25.490409
6
24.278322 88.153422 -40.491201
27.477816 72.179204 -63.522690
36.342411 72.227083 -58.842822
38.992469 73.602867 -55.337196
33.531554 84.430519 -41.798592
27.317815 88.184143 -38.435581
7
44.955375 -30.383412 83.999182
45.215610 -29.322957 84.236054
53.203040 -11.255710 83.921067
57.660314 -11.845491 80.839177
60.737501 -23.228711 75.969619
55.816768 -31.968340 76.567053
45.916267 -31.249948 83.157304
5
-45.191842 88.797610 -8.525370
-38.104324 92.362759 -4.145040
-45.117678 88.255856 13.240051
-54.257257 82.551361 15.537789
-58.784611 80.568511 -7.285917
5
0.704239 63.092445 77.581231
21.373117 62.602995 74.993699
24.804455 56.264166 78.861161
18.036659 46.913086 86.451381
8.497854 50.803572 85.713380
5
28.949404 -7.335270 95.436502
31.121223 -12.688008 94.183247
30.234617 -16.426600 93.893742
12.317719 -16.784826 97.808708
16.039047 -8.182024 98.365662
6
89.356201 -21.505493 39.407908
86.420030 -31.584180 39.166541
80.238748 -38.465867 45.630257
73.680808 -34.256855 58.288990
81.597267 -22.168388 53.389592
88.380322 -20.592495 42.010330
6
66.603043 60.733187 43.307213
54.019188 69.809987 46.994607
54.612703 73.692570 39.835383
69.349298 68.326637 22.850504
70.227077 67.539679 22.506652
71.293435 59.904027 36.452073
7
-73.075397 56.902085 -37.711259
-77.693897 55.241001 -30.200829
-87.760605 38.175834 -28.994517
-88.990427 34.563035 -29.767441
-84.969373 35.343173 -39.128835
-83.348633 36.801202 -41.215007
-73.811070 49.858592 -45.453787
6
-17.663054 -95.881316 22.243870
-13.170579 -97.541713 17.667772
-11.841460 -98.922122 8.613568
-21.731800 -97.551693 3.375794
-31.831142 -94.533370 7.086639
-31.982118 -93.431767 15.736867
5
78.991356 59.428147 15.121540
79.900139 46.957990 37.562146
71.293435 59.904027 36.452073
70.227077 67.539679 22.506652
75.581363 63.193485 17.147627
8
34.436790 87.813925 33.208765
36.462914 87.374397 32.189603
50.189745 79.150450 34.873999
54.612703 73.692570 39.835383
54.019188 69.809987 46.994607
46.170124 64.862876 60.507247
40.733411 68.227075 60.711246
37.656932 71.839530 58.489635
7
-68.723199 38.350928 -61.695448
-65.348050 43.461689 -61.973494
-63.296593 53.741053 -55.726479
-71.846794 48.880593 -49.484602
-73.789120 37.689719 -55.987953
-72.724135 36.128588 -58.360306
-71.399214 36.371326 -59.827075
6
65.319710 75.696338 1.843870
75.581363 63.193485 17.147627
70.227077 67.539679 22.506652
69.349298 68.326637 22.850504
60.378559 78.117851 15.875482
60.127007 78.456509 15.143288
5
-69.339595 49.071088 52.764087
-76.814607 40.948663 49.221165
-79.433350 42.414231 43.489952
-72.884011 56.520174 38.644416
-71.632711 57.660245 39.294412
7
-14.873732 95.546937 25.486368
-20.248838 93.420478 29.370033
-45.117678 88.255856 13.240051
-38.104324 92.362759 -4.145040
-37.205213 92.703778 -4.667089
-25.204167 96.769915 -0.577501
-13.370894 98.218617 13.203126
7
-60.036018 64.046393 47.892965
-60.561277 54.090566 58.365592
-63.406609 51.646090 57.552439
-69.339595 49.071088 52.764087
-71.632711 57.660245 39.294412
-71.038807 58.474589 39.168998
-65.062491 63.283768 41.976623
5
-28.389287 -3.343518 95.827289
-26.530207 -3.048391 96.368332
-16.398275 -14.989756 97.500789
-24.331280 -23.004941 94.227180
-29.995477 -8.653638 95.002031
7
-54.516196 -75.967595 -35.452910
-52.208180 -80.405159 -28.448488
-51.967426 -80.570405 -28.421761
-41.537118 -84.288238 -34.207612
-37.285344 -83.515680 -40.434322
-40.757907 -79.639619 -44.680242
-52.014704 -71.825186 -46.212696
7
-49.748778 -60.979078 -61.697740
-43.678491 -52.964801 -72.711204
-54.437873 -38.628041 -74.460677
-56.314848 -37.622545 -73.574329
-60.179782 -37.378962 -70.577666
-63.365830 -44.016549 -63.618512
-61.830127 -47.590522 -62.547403
7
19.951766 -47.272113 85.832828
39.715320 -29.867749 86.779093
44.955375 -30.383412 83.999182
45.916267 -31.249948 83.157304
37.588359 -53.308798 75.797674
28.037022 -58.304923 76.252615
26.138045 -57.772882 77.324619
6
-63.406609 51.646090 57.552439
-67.695436 29.991945 67.214665
-67.741463 29.906374 67.206420
-77.182743 35.602434 52.681030
-76.814607 40.948663 49.221165
-69.339595 49.071088 52.764087
4
47.010360 -60.543232 -64.222606
38.845233 -58.668157 -71.056985
22.364375 -70.342250 -67.467049
34.665105 -74.090771 -57.522935
4
0.950583 -8.435545 99.639038
-4.116005 -6.545778 99.700608
-3.411803 9.112560 99.525478
9.742995 1.696180 99.509784
5
-40.248244 -18.584186 89.636526
-30.979048 -26.818633 91.219842
-35.656395 -37.100084 85.745001
-52.608616 -27.603114 80.438806
-50.178085 -17.877274 84.631925
6
73.214120 11.977585 67.053934
74.610175 13.998876 65.094955
88.472803 7.610954 45.985176
89.029408 5.264846 45.233240
85.267177 -5.367943 51.968199
78.629872 -7.478456 61.330384
6
-73.811070 49.858592 -45.453787
-71.846794 48.880593 -49.484602
-63.296593 53.741053 -55.726479
-60.261676 57.268139 -55.577789
-63.131614 65.506826 -41.512107
-73.075397 56.902085 -37.711259
7
77.035572 -51.891985 37.050540
78.532096 -52.057564 33.507014
71.446277 -64.966631 25.976265
70.762543 -65.696018 26.013378
61.311925 -69.459431 37.632903
60.819150 -69.175984 38.932174
62.835257 -65.473232 42.011741
6
86.997817 3.392191 -49.192204
96.587389 1.937752 -25.828693
97.183889 8.949459 -21.799060
91.101820 25.027130 -32.773483
84.494738 23.336333 -48.125407
84.121530 14.278253 -52.150741
4
-29.103754 -94.348624 -15.852719
-22.533175 -91.441261 -33.626653
-36.025999 -89.415079 -26.590806
-37.397130 -90.013710 -22.338008
8
32.641026 -84.110239 43.128078
47.153679 -81.765124 33.030216
47.899703 -82.727224 29.356854
40.605913 -89.798047 16.954954
36.826514 -91.668681 15.513246
27.605175 -94.055136 19.788525
25.982921 -93.018850 25.930318
26.814847 -90.469692 33.108895
6
-60.561277 54.090566 58.365592
-54.258231 54.338335 64.057707
-52.511163 48.678443 69.806783
-53.679618 41.955946 73.199708
-67.695436 29.991945 67.214665
-63.406609 51.646090 57.552439
5
-19.368341 1.311045 98.097648
-7.492816 -7.276708 99.453040
-12.153273 -15.416614 98.054199
-16.398275 -14.989756 97.500789
-26.530207 -3.048391 96.368332
7
-79.433350 42.414231 43.489952
-76.814607 40.948663 49.221165
-77.182743 35.602434 52.681030
-81.939798 27.493560 50.298844
-85.155358 26.558521 45.201880
-87.013377 30.639830 38.598875
-79.968854 42.244691 42.665777
5
-53.611719 13.640241 -83.305026
-40.816571 4.977350 -91.154997
-32.813911 11.681950 -93.737822
-33.107601 19.091138 -92.408957
-47.194283 22.076841 -85.354044
6
28.969037 27.736967 91.604888
33.320881 43.796367 83.496091
38.040928 45.315644 80.618733
46.916631 24.369304 84.882075
40.149042 21.646794 88.991408
34.563941 22.897672 91.000168
8
47.143887 62.601176 62.117201
42.107282 51.791612 74.462109
41.711150 51.505278 74.882483
24.804455 56.264166 78.861161
21.373117 62.602995 74.993699
30.230369 68.147859 66.648287
40.733411 68.227075 60.711246
46.170124 64.862876 60.507247
6
96.727386 -12.973024 -21.806271
99.220040 0.684924 -12.446465
98.296303 8.562635 -16.264014
97.183889 8.949459 -21.799060
96.587389 1.937752 -25.828693
96.528914 -9.952495 -24.147808
5
27.477816 72.179204 -63.522690
24.599447 70.544528 -66.470571
32.455687 60.837290 -72.425496
46.335491 61.311694 -63.983580
36.342411 72.227083 -58.842822
7
51.316794 -59.079754 -62.258890
54.443753 -49.647511 -67.609189
40.493005 -37.766240 -83.270809
38.785536 -38.859399 -83.580077
35.113059 -48.529916 -80.074467
38.845233 -58.668157 -71.056985
47.010360 -60.543232 -64.222606
6
67.651842 -7.445257 -73.265247
66.920051 -7.905324 -73.886484
64.353713 -17.361783 -74.546416
66.302958 -24.670774 -70.677229
79.418905 -22.986034 -56.251931
80.208671 -20.039817 -56.258109
8
-58.404525 78.119020 22.052895
-61.303631 75.091890 24.557543
-71.269444 64.731858 27.026894
-78.731385 57.715979 21.684898
-80.160865 57.120469 17.649014
-79.411319 59.719308 11.289228
-69.466400 71.246794 9.915319
-58.148245 78.957435 19.608802
6
38.785536 -38.859399 -83.580077
27.855626 -36.152684 -88.977792
15.872020 -39.045727 -90.683572
6.985983 -52.896841 -84.576121
17.106441 -58.260976 -79.454568
35.113059 -48.529916 -80.074467
6
12.317719 -16.784826 97.808708
30.234617 -16.426600 93.893742
31.716773 -23.887379 91.779298
12.505385 -33.105402 93.528860
6.942495 -22.398507 97.211669
7.443687 -20.538416 97.584656
4
38.992469 73.602867 -55.337196
48.958214 71.177489 -50.367235
54.281962 73.423849 -40.772626
33.531554 84.430519 -41.798592
7
14.673737 -98.692299 6.671701
27.605175 -94.055136 19.788525
36.826514 -91.668681 15.513246
43.066035 -90.183042 -3.512191
34.660894 -92.400263 -16.149731
12.085194 -99.192097 -3.856947
11.213084 -99.349502 -1.985731
6
-97.804790 -17.482428 11.339656
-92.424515 -4.955527 37.856991
-90.378739 -13.029081 40.766735
-87.216063 -32.509643 36.557920
-87.208491 -39.480868 28.912630
-97.794727 -17.948427 10.679205
6
-14.859947 93.660067 -31.732850
-21.004524 95.743500 -19.798793
-33.858509 92.940892 -14.683049
-36.734467 90.315543 -22.218946
-32.891990 89.678553 -29.595170
-16.457836 92.842666 -33.307340
6
6.805108 -15.541624 -98.550233
-11.487928 -28.604954 -95.130353
-5.298674 -33.306518 -94.141383
10.941273 -32.523411 -93.928251
11.606942 -23.723238 -96.449401
7.285090 -15.871242 -98.463349
7
-22.538395 -26.761200 -93.679555
-24.265653 -24.050307 -93.982769
-35.790926 -24.186341 -90.188860
-36.749374 -24.590008 -89.692893
-47.431969 -38.322260 -79.256626
-31.911566 -43.922077 -83.979182
-25.072208 -42.293895 -87.078188
7
-58.725473 -77.401034 23.672744
-57.095439 -71.741314 39.916096
-45.957358 -76.040368 45.888819
-40.935276 -80.560485 42.828862
-36.974583 -86.092052 34.943367
-38.555434 -87.126639 30.371488
-53.670982 -81.814613 20.634795
6
59.164178 34.404712 72.910327
67.676212 11.112057 72.776730
63.987741 8.965616 76.322911
60.546562 9.702053 78.993569
46.951513 24.363320 84.864504
55.732340 34.246315 75.637928
5
-75.660770 -46.631318 45.836319
-77.137311 -36.291697 52.275692
-69.433567 -40.927880 59.193652
-65.134744 -47.214163 59.399393
-64.786124 -50.557077 56.980173
5
53.854140 50.781176 -67.238410
33.869162 55.171915 -76.216401
37.043784 44.208173 -81.690853
41.989935 40.159342 -81.388406
52.622901 46.899784 -70.931238
7
-66.648096 -67.037061 -32.619989
-71.897812 -57.958548 -38.360284
-76.219973 -53.190270 -36.895947
-76.627328 -53.352690 -35.801439
-76.620068 -60.509025 -21.633843
-67.199974 -71.048035 -20.888758
-65.862572 -71.635711 -23.031424
6
-97.794727 -17.948427 10.679205
-98.032415 -17.965104 8.179283
-99.762984 6.878627 0.177722
-97.879444 14.914196 14.042124
-97.584682 11.417044 18.624741
-97.804790 -17.482428 11.339656
8
-17.665697 -91.622164 -35.962511
-19.870109 -91.015588 -36.350261
-22.533175 -91.441261 -33.626653
-29.103754 -94.348624 -15.852719
-27.788889 -95.335386 -11.787354
-23.515022 -96.598300 -10.761612
-14.964666 -97.973876 -13.310834
-9.361072 -95.291063 -28.844126
8
-17.258767 -31.373464 93.369378
-24.623399 -25.584243 93.483339
-24.331280 -23.004941 94.227180
-16.398275 -14.989756 97.500789
-12.153273 -15.416614 98.054199
-7.116536 -24.606116 96.663820
-13.048500 -31.403976 94.040029
-14.852767 -31.943291 93.589644
7
99.617629 6.798663 5.486917
98.716421 15.471136 3.963869
98.650274 15.990320 3.526073
98.553475 15.804680 -6.117568
98.296303 8.562635 -16.264014
99.220040 0.684924 -12.446465
99.868151 -2.284234 -4.597258
5
17.106441 -58.260976 -79.454568
20.673821 -70.403848 -67.940351
22.364375 -70.342250 -67.467049
38.845233 -58.668157 -71.056985
35.113059 -48.529916 -80.074467
6
-71.632711 57.660245 39.294412
-72.884011 56.520174 38.644416
-78.952473 53.258149 30.497158
-78.731385 57.715979 21.684898
-71.269444 64.731858 27.026894
-71.038807 58.474589 39.168998
7
39.715320 -29.867749 86.779093
31.716773 -23.887379 91.779298
30.234617 -16.426600 93.893742
31.121223 -12.688008 94.183247
43.056896 -8.746619 89.830954
45.215610 -29.322957 84.236054
44.955375 -30.383412 83.999182
5
6.490993 -93.501734 -34.861050
11.455721 -92.951661 -35.053606
18.005938 -88.824034 -42.262005
5.466247 -84.375580 -53.393647
-0.865181 -88.280351 -46.966276
6
-77.428576 -21.471626 -59.529697
-80.037199 -40.144023 -44.525321
-78.753983 -42.506662 -44.620555
-63.365830 -44.016549 -63.618512
-60.179782 -37.378962 -70.577666
-67.946253 -23.905347 -69.367435
7
-35.339171 -65.900121 -66.395158
-34.248965 -74.720503 -56.954850
-33.757374 -75.178788 -56.644413
-32.822509 -75.627727 -56.596199
-21.076813 -72.293678 -65.798116
-21.175858 -69.103488 -69.110716
-31.046691 -63.160303 -71.041390
4
64.069887 -74.859243 -17.062924
60.065032 -72.916582 -32.792743
45.968409 -80.165627 -38.214889
42.184257 -87.204719 -24.815831
4
-65.062491 63.283768 41.976623
-71.038807 58.474589 39.168998
-71.269444 64.731858 27.026894
-61.303631 75.091890 24.557543
7
-97.804790 -17.482428 11.339656
-97.584682 11.417044 18.624741
-92.847034 7.200393 36.436007
-92.130992 5.077848 38.549913
-91.741879 3.215552 39.662172
-91.815768 -0.323840 39.620195
-92.424515 -4.955527 37.856991
7
80.681852 42.044902 41.504998
81.084890 41.318794 41.448738
82.980992 31.971605 45.738075
75.636062 24.542034 60.637239
68.305899 35.232604 63.976306
69.879086 44.019085 56.384691
80.423226 42.254565 41.793020
6
-89.538323 44.529291 -0.176278
-89.628649 44.317541 -1.631183
-85.015425 50.784100 -13.905133
-74.846268 64.618611 -14.915472
-74.812676 64.668274 -14.868690
-82.312886 56.706011 3.002859
4
89.195623 -45.030989 4.043626
83.787107 -52.418187 15.233334
86.804462 -42.405364 25.821898
91.811730 -35.673796 17.262287
6
-88.393847 42.587208 19.309518
-88.566225 41.157110 21.496885
-93.520873 27.974838 21.708404
-96.320377 23.179364 13.605223
-95.452948 29.305219 5.471633
-91.344282 40.400620 4.900210
7
-83.049712 44.795699 33.107260
-86.578936 41.309444 28.242126
-88.566225 41.157110 21.496885
-88.393847 42.587208 19.309518
-80.160865 57.120469 17.649014
-78.731385 57.715979 21.684898
-78.952473 53.258149 30.497158
5
92.926945 36.826111 -2.901800
81.361168 58.132887 0.963269
80.198259 59.589587 -4.161787
89.932011 39.431510 -18.904745
91.240236 36.500627 -18.518193
9
84.121530 14.278253 -52.150741
84.494738 23.336333 -48.125407
83.799611 24.881637 -48.564692
82.368281 26.801710 -49.971338
66.987575 33.309802 -66.356023
59.966197 28.403533 -74.815069
59.711110 27.779792 -75.252020
60.511304 21.952064 -76.527701
78.672255 11.474782 -60.654807
7
54.506491 13.080239 -82.812740
57.087311 15.075619 -80.707897
60.511304 21.952064 -76.527701
59.711110 27.779792 -75.252020
43.255933 34.261891 -83.396925
41.617339 30.847034 -85.536294
42.794975 14.024091 -89.285581
7
-1.716401 -71.113538 70.284555
2.328767 -67.331262 73.899107
6.299449 -66.913649 74.046475
17.822690 -75.623078 62.956348
14.269894 -79.079951 59.520849
4.358558 -79.466373 60.548316
0.208932 -77.091218 63.693802
5
-52.486338 37.471445 -76.426927
-47.022354 30.648415 -82.762146
-24.713427 37.338000 -89.415437
-29.634513 46.039271 -83.679036
-50.213111 44.350474 -74.240682
4
66.987575 33.309802 -66.356023
82.368281 26.801710 -49.971338
65.757351 53.424489 -53.120568
58.087772 52.576491 -62.141157
5
-62.073882 67.069935 -40.601196
-63.131614 65.506826 -41.512107
-60.261676 57.268139 -55.577789
-55.650260 58.311675 -59.184434
-45.384412 72.040619 -52.444298
7
54.506491 13.080239 -82.812740
55.599326 8.422987 -82.690799
65.476492 -7.421787 -75.217991
66.920051 -7.905324 -73.886484
67.651842 -7.445257 -73.265247
71.086853 1.295993 -70.320549
57.087311 15.075619 -80.707897
7
-41.916888 4.012368 90.702125
-37.560372 3.809607 92.599705
-28.389287 -3.343518 95.827289
-29.995477 -8.653638 95.002031
-40.248244 -18.584186 89.636526
-50.178085 -17.877274 84.631925
-52.454608 -10.500774 84.488152
4
14.269894 -79.079951 59.520849
18.064363 -83.454148 52.048861
4.854484 -88.827356 45.674226
4.358558 -79.466373 60.548316
5
-79.353896 -30.754669 52.508186
-78.640946 -25.228459 56.383743
-69.439103 -27.771291 66.384986
-69.433567 -40.927880 59.193652
-77.137311 -36.291697 52.275692
5
65.910306 -73.714093 -14.901814
69.650353 -71.426806 6.858550
80.218376 -59.639040 2.863036
80.264496 -59.581272 2.771771
75.620424 -62.881232 -18.097020
