400
5
-57.912024 -33.641652 -74.259254
-49.502283 -50.211046 -70.911035
-48.770742 -50.531796 -71.189552
-41.933983 -37.031153 -82.886879
-42.739571 -35.329542 -83.217501
5
-94.357185 29.612918 -14.825541
-94.887956 31.563772 0.063387
-95.854172 27.975798 5.415953
-97.075758 23.076837 6.614892
-98.064907 19.476616 -1.983803
6
64.167717 75.725628 -12.171010
77.311527 62.652623 -9.878082
78.536868 61.789801 -3.739094
73.881494 67.233762 4.598496
65.679503 75.344424 3.069308
64.163914 75.729446 -12.167297
5
-46.874563 -14.778087 87.088366
-46.384628 -15.435157 87.236587
-49.660728 -37.164388 78.438640
-58.080914 -33.726383 74.088721
-60.487831 -13.065420 78.552639
4
-70.884626 -61.027401 35.369849
-63.445090 -65.252944 41.433969
-63.636242 -72.260174 26.998074
-72.988831 -63.716286 24.756117
7
66.722865 61.002573 42.740442
69.859442 64.175717 31.640730
73.531539 62.817779 25.436969
78.809425 56.480471 24.475108
81.797527 49.998032 28.449278
76.190767 50.157938 40.977412
66.921358 60.254472 43.484830
6
22.967146 -40.821085 88.352415
34.722150 -30.770728 88.586311
36.006835 -30.778100 88.069384
41.449213 -34.090298 84.378992
36.702890 -54.014180 75.732201
27.103772 -51.848879 81.099194
5
65.312429 32.209653 68.533385
64.260616 32.966267 69.165009
56.441426 44.963736 69.228808
61.927711 53.290960 57.663092
66.688318 47.809336 57.157113
6
30.539356 -80.136146 51.434870
42.210969 -74.073279 52.262639
46.996873 -83.016534 29.992483
45.978879 -83.798045 29.390992
43.837242 -84.954489 29.343331
26.919216 -87.460413 40.324088
7
-66.977246 -74.102703 4.778909
-77.107901 -63.194945 7.795544
-74.045656 -63.082616 23.191042
-72.988831 -63.716286 24.756117
-63.636242 -72.260174 26.998074
-60.164649 -75.858725 25.013373
-60.074609 -76.643713 22.732851
4
78.947139 58.974845 -17.009319
77.311527 62.652623 -9.878082
64.167717 75.725628 -12.171010
69.163325 67.058272 -26.825783
6
15.425054 25.901302 -95.347733
10.077330 19.185197 -97.623643
9.304143 7.733709 -99.265415
24.062602 -3.590629 -96.995353
33.050273 4.758706 -94.260459
31.513052 19.086365 -92.965791
6
91.755631 22.092649 33.057813
85.973367 26.358631 43.747031
84.386190 46.113574 27.431902
89.308222 40.794786 18.969106
91.308527 37.014685 17.107483
91.563478 36.223390 17.435468
5
64.452007 -67.699551 35.534626
74.538273 -59.296915 30.461807
76.154720 -64.114202 9.477750
71.586019 -69.001839 10.685883
63.766455 -68.631287 34.979788
6
-42.687740 -29.025216 -85.646329
-36.720236 -19.924217 -90.855103
-38.495297 -15.336723 -91.010423
-59.339814 -10.340870 -79.823887
-59.674603 -10.521579 -79.550224
-60.799212 -20.381616 -76.733601
7
14.926319 87.333459 -46.368868
6.439432 91.437368 -39.971757
-0.684746 90.908128 -41.656252
-4.425591 85.720260 -51.307418
0.834898 81.882180 -57.398707
14.323420 83.862187 -52.554478
15.298288 85.273968 -49.943096
7
-2.944364 -96.507760 -26.030426
4.555552 -94.981176 -30.948719
5.839041 -94.359131 -32.592331
5.906663 -94.282297 -32.801825
-4.842974 -88.962766 -45.411142
-5.827434 -88.845194 -45.525516
-21.189495 -91.826512 -33.449917
4
-6.053999 39.791461 91.542278
7.434687 20.460246 97.601761
-3.074187 6.734648 99.725593
-16.938562 38.104661 90.890703
6
78.355843 52.899899 -32.587767
78.416245 48.510143 -38.699593
83.326145 41.287404 -36.770964
91.804912 37.067407 -14.066468
89.400519 42.544709 -14.053292
83.036381 52.368012 -19.040764
7
87.988977 -46.986699 7.084485
87.507707 -48.136078 5.031822
81.759005 -57.447130 3.910543
76.154720 -64.114202 9.477750
74.538273 -59.296915 30.461807
78.865824 -51.736268 33.219578
86.723577 -43.318496 24.546469
5
99.005499 -3.470822 13.633217
97.149248 -20.752938 11.460332
96.647117 -22.104527 13.066167
93.446806 -20.111583 29.380585
95.094312 -7.127019 30.104441
7
-2.944364 -96.507760 -26.030426
-6.906711 -99.204875 -10.520938
-3.801211 -99.872257 -3.329138
-3.509630 -99.887616 -3.185388
4.542624 -99.883810 -1.609079
12.247977 -98.373406 -13.140020
4.555552 -94.981176 -30.948719
6
-87.785705 -32.168563 -35.480325
-83.408334 -32.649063 -44.464464
-80.232906 -15.501996 -57.639994
-83.234362 -11.490075 -54.221944
-88.475000 -9.927912 -45.536918
-91.064781 -24.325803 -33.398517
8
26.919216 -87.460413 40.324088
17.451702 -91.929164 35.277003
4.987226 -91.518550 39.993531
3.472446 -83.492455 54.926788
13.995591 -75.151693 64.469733
14.359991 -74.993727 64.573459
17.198531 -74.941524 63.937301
30.539356 -80.136146 51.434870
4
-58.364677 -33.866413 73.801291
-61.613106 -44.110133 65.254282
-69.088305 -41.542668 59.169357
-71.312021 -28.805159 63.912898
6
3.036402 -58.066636 -81.357520
4.593518 -53.544910 -84.331739
1.111930 -49.299895 -86.995885
-17.569808 -39.993549 -89.954532
-18.108655 -60.620113 -77.442098
-11.505658 -65.544921 -74.642369
5
-36.712617 -34.766340 86.275636
-41.764562 -18.353207 88.988096
-25.857050 -16.709442 95.143090
-23.639339 -19.963335 95.092833
-26.765383 -33.886074 90.196165
3
-36.143822 45.406750 -81.436179
-21.895727 56.406708 -79.616961
-41.043617 56.129683 -71.867101
6
-2.689040 34.552511 -93.802415
1.393554 49.988774 -86.597809
-4.663314 56.454445 -82.408429
-12.272662 56.268122 -81.751331
-12.477415 39.029650 -91.219518
-2.918178 34.511361 -93.810715
5
-63.574095 58.697552 -50.129150
-72.524241 50.535060 -46.759407
-73.179348 41.967220 -53.698560
-64.773819 44.522354 -61.823234
-64.441678 44.899650 -61.897427
4
-93.343683 34.099186 11.144614
-95.854172 27.975798 5.415953
-94.887956 31.563772 0.063387
-87.256899 48.599271 4.934006
5
-72.041278 -65.734693 -22.113444
-67.301803 -69.906692 -24.156194
-64.432321 -70.291310 -30.126529
-66.764653 -62.902624 -39.821364
-74.212030 -60.871010 -28.058773
6
95.094312 -7.127019 30.104441
93.446806 -20.111583 29.380585
89.215540 -28.123777 35.350256
83.161144 -27.631404 48.173952
85.838187 -0.245547 51.300540
94.208720 -2.023770 33.475683
5
9.443478 49.100349 86.602405
19.663101 38.521603 90.163455
11.741022 20.446835 97.180632
7.434687 20.460246 97.601761
-6.053999 39.791461 91.542278
5
14.595863 -16.506030 -97.542359
22.562672 -7.715962 -97.115342
24.062602 -3.590629 -96.995353
9.304143 7.733709 -99.265415
3.021782 0.901420 -99.950269
7
-63.332577 -4.695989 77.245922
-59.272009 7.561012 80.185161
-47.341180 -0.526693 88.082548
-46.394961 -13.256021 87.588729
-46.874563 -14.778087 87.088366
-60.487831 -13.065420 78.552639
-63.207508 -9.737540 76.876468
7
45.900778 23.705488 85.622242
45.836033 8.224268 88.495308
45.288483 7.810255 88.814150
39.947481 7.485409 91.368307
22.442336 13.679457 96.484268
21.989226 15.135472 96.371113
33.299066 30.675801 89.163711
5
80.534258 26.027449 53.261668
71.419136 44.326515 54.170722
76.221227 49.949269 41.175175
84.480443 26.043687 46.741642
82.679225 24.343085 50.710550
7
-58.684773 76.073574 27.729204
-64.933727 70.542002 28.415437
-68.544366 67.598974 27.056398
-73.674212 64.136642 21.414987
-72.524430 67.920321 11.271071
-63.488951 76.853423 7.918611
-58.895849 80.076126 10.912975
7
-31.408298 -88.614635 34.072940
-35.653142 -79.698435 48.754620
-29.107082 -80.378073 51.885867
-18.849031 -85.588351 48.159612
-16.704785 -90.122400 39.986286
-16.762875 -90.134558 39.934541
-29.788180 -89.313677 33.700615
7
15.212110 -72.955788 -66.678668
17.981099 -68.133941 -70.953832
3.036402 -58.066636 -81.357520
-11.505658 -65.544921 -74.642369
-11.488060 -66.271915 -74.000390
-8.125014 -74.595004 -66.102719
4.236549 -78.026703 -62.401004
8
-30.821111 -71.024349 -63.289818
-37.599751 -58.159154 -72.137172
-42.013321 -57.145170 -70.493336
-47.902346 -67.502367 -56.114131
-47.310685 -70.740256 -52.512049
-38.092565 -76.508311 -51.917578
-32.737297 -77.172164 -54.522716
-31.693803 -76.658353 -55.848006
5
-64.663060 62.664376 43.495571
-66.018043 60.613319 44.358129
-74.228019 53.827109 39.910443
-68.544366 67.598974 27.056398
-64.933727 70.542002 28.415437
6
-78.581139 -61.482478 6.701447
-88.500813 -44.805180 12.653139
-88.860085 -41.966642 18.511785
-82.431026 -47.439420 30.897046
-74.045656 -63.082616 23.191042
-77.107901 -63.194945 7.795544
5
-46.620224 60.733686 -64.327087
-41.404371 66.719091 -61.921248
-46.208596 79.969254 -38.336459
-61.630044 66.776350 -41.745140
-62.169807 60.400135 -49.867211
7
41.084419 -90.558725 -10.544562
37.074018 -91.705565 -14.683547
30.834164 -93.829856 -15.659262
26.628011 -96.217173 -5.762348
28.578789 -95.405437 9.003078
34.856440 -93.134038 10.539427
45.607046 -88.943716 3.002107
5
39.098059 -81.304707 -43.137993
37.411400 -82.606743 -42.148704
44.130134 -85.734107 -26.498949
53.524730 -80.824437 -24.546153
55.233826 -74.685883 -37.030303
5
11.278769 -58.758873 80.126052
14.359991 -74.993727 64.573459
13.995591 -75.151693 64.469733
-9.879884 -67.913175 72.733682
5.466356 -56.499117 82.328420
6
-15.465046 81.877801 -55.288860
-14.739669 76.107917 -63.169036
-12.559178 75.129984 -64.790066
-2.283750 75.695373 -65.306929
0.834898 81.882180 -57.398707
-4.425591 85.720260 -51.307418
4
-55.014728 -77.479060 -31.150843
-64.432321 -70.291310 -30.126529
-67.301803 -69.906692 -24.156194
-62.693365 -75.414787 -19.548705
5
65.819883 37.535731 -65.259573
59.441563 35.157542 -72.323217
56.089216 24.184981 -79.177564
60.468886 16.136318 -77.994443
65.913788 16.119101 -73.454388
5
-59.339814 -10.340870 -79.823887
-38.495297 -15.336723 -91.010423
-36.901452 -9.433474 -92.462384
-41.516385 -1.351488 -90.964627
-52.224924 2.497564 -85.242709
9
69.163325 67.058272 -26.825783
64.167717 75.725628 -12.171010
64.163914 75.729446 -12.167297
47.098920 86.099366 -19.198722
46.224871 85.760632 -22.547180
46.638884 85.033645 -24.374037
51.012014 80.158751 -31.182513
66.313043 67.341302 -32.676129
68.646137 66.630621 -29.121611
6
-99.645088 -5.994481 -5.909546
-99.531091 -8.503576 -4.609904
-98.664320 -13.433962 -9.213070
-95.661583 -16.438626 -24.054794
-95.989091 4.546449 -27.666300
-96.068712 5.012470 -27.307102
5
68.646137 66.630621 -29.121611
78.355843 52.899899 -32.587767
83.036381 52.368012 -19.040764
78.947139 58.974845 -17.009319
69.163325 67.058272 -26.825783
5
-58.467114 54.264643 60.307090
-61.196296 52.398681 59.240117
-66.018043 60.613319 44.358129
-64.663060 62.664376 43.495571
-53.228334 69.089335 48.922471
6
-41.404371 66.719091 -61.921248
-33.275955 69.893331 -63.305870
-26.834680 85.092916 -45.156346
-40.121878 85.307578 -33.359437
-45.662629 80.652043 -37.552261
-46.208596 79.969254 -38.336459
5
36.878245 -14.347811 91.837549
41.188533 -19.954113 88.911968
36.006835 -30.778100 88.069384
34.722150 -30.770728 88.586311
26.390246 -20.968078 94.148259
7
15.425054 25.901302 -95.347733
31.513052 19.086365 -92.965791
31.939134 19.354589 -92.764711
35.791310 30.170957 -88.366824
30.662347 45.133891 -83.801864
17.729879 41.733399 -89.128978
15.417661 25.920363 -95.343749
6
-24.907850 92.637547 28.246838
-19.140839 94.186271 27.614754
-14.996450 94.596343 28.751320
-10.076970 88.876539 44.714824
-24.435691 83.444881 49.394826
-30.886787 84.487164 43.679807
6
-24.946943 -0.915300 -96.833942
-22.683346 4.841768 -97.272931
-25.560355 8.675273 -96.288150
-38.955087 7.220411 -91.817029
-41.516385 -1.351488 -90.964627
-36.901452 -9.433474 -92.462384
6
15.785813 55.849872 81.434636
10.885965 53.046008 84.069119
-8.214576 69.511322 71.419163
-3.738721 76.392873 64.421665
-3.624665 76.468173 64.338794
19.763746 68.474312 70.147437
5
-19.941900 40.646734 89.163690
-45.755527 44.738153 76.843538
-46.384780 54.669351 69.711651
-33.648197 65.977335 67.192188
-22.174268 63.815860 73.728134
6
74.409158 -36.924546 55.676343
73.287801 -38.511637 56.087003
61.691606 -39.370337 68.147797
62.120161 -25.985188 73.931425
68.076305 -15.356245 71.622639
69.495342 -16.082905 70.083790
7
93.717903 32.726435 -12.080362
92.906633 36.976185 -1.057965
84.878069 52.240619 8.162785
84.425650 52.995344 7.987684
83.513549 54.989050 -1.300592
89.400519 42.544709 -14.053292
91.804912 37.067407 -14.066468
5
76.351074 -48.345437 -42.816261
67.960252 -39.568106 -61.771913
56.386171 -54.144235 -62.361860
55.354327 -64.831954 -52.275388
65.243368 -64.074083 -40.469925
8
-18.102503 38.151383 90.646408
-19.941900 40.646734 89.163690
-22.174268 63.815860 73.728134
-8.214576 69.511322 71.419163
10.885965 53.046008 84.069119
9.443478 49.100349 86.602405
-6.053999 39.791461 91.542278
-16.938562 38.104661 90.890703
6
-87.785705 -32.168563 -35.480325
-91.064781 -24.325803 -33.398517
-95.289483 -17.797241 -24.559573
-94.641663 -29.872410 -12.271703
-92.068654 -36.965180 -12.527502
-86.374487 -42.185804 -27.564577
6
-27.979368 -93.409065 -22.178853
-48.082673 -86.271600 -15.661023
-38.682603 -92.208514 -1.116304
-38.484663 -92.290134 -1.209072
-30.499262 -94.804139 -9.053738
-26.786182 -94.683678 -17.818571
5
78.809425 56.480471 24.475108
73.531539 62.817779 25.436969
72.178208 65.443286 22.527374
74.901619 65.897698 6.873198
81.585058 56.642407 11.641139
3
94.320677 -1.199841 33.198949
91.971610 21.646238 32.751540
98.096207 13.851312 13.611588
8
-25.857050 -16.709442 95.143090
-41.764562 -18.353207 88.988096
-46.384628 -15.435157 87.236587
-46.874563 -14.778087 87.088366
-46.394961 -13.256021 87.588729
-34.215398 -2.105067 93.940807
-32.725679 -2.954179 94.447355
-25.912373 -14.017739 95.561770
6
-12.328288 5.985049 -99.056512
-5.507489 -0.238039 -99.847939
3.021782 0.901420 -99.950269
9.304143 7.733709 -99.265415
10.077330 19.185197 -97.623643
-7.261195 16.310040 -98.393382
5
-63.332577 -4.695989 77.245922
-78.937658 6.790674 61.014202
-77.589650 13.788169 61.560804
-59.213218 8.531053 80.131242
-59.272009 7.561012 80.185161
6
84.867950 31.082439 -42.793844
79.683049 30.370615 -52.232532
82.923040 17.654103 -53.029257
88.816064 13.671944 -43.872368
89.740121 16.580278 -40.887712
87.173853 27.642313 -40.455184
5
-47.694397 -86.476540 15.717906
-48.369811 -87.227805 7.188284
-62.612452 -77.970444 -0.539089
-66.977246 -74.102703 4.778909
-60.074609 -76.643713 22.732851
6
-98.664320 -13.433962 -9.213070
-99.531091 -8.503576 -4.609904
-99.435124 -10.138940 3.139737
-96.891539 -24.493788 3.476198
-96.729465 -25.210143 2.803428
-96.564383 -25.189176 -6.389467
7
-65.671725 -54.349731 -52.281271
-68.625472 -54.976766 -47.624571
-65.658266 -61.922423 -43.065132
-54.557844 -70.526530 -45.270854
-47.310685 -70.740256 -52.512049
-47.902346 -67.502367 -56.114131
-57.655891 -57.640218 -57.908579
6
4.236549 -78.026703 -62.401004
5.957229 -83.255638 -55.072772
16.310095 -86.513972 -47.426927
24.765611 -83.963295 -48.340765
24.242367 -78.628493 -56.831926
15.212110 -72.955788 -66.678668
5
-29.788180 -89.313677 33.700615
-16.762875 -90.134558 39.934541
-16.694311 -96.539623 20.034998
-21.111621 -96.277776 16.878667
-24.997132 -95.032999 18.543801
6
45.598514 -3.759824 -88.919285
46.150200 -11.829909 -87.921626
47.047045 -12.882301 -87.296173
60.162381 -15.167421 -78.424724
63.241093 -4.315660 -77.342997
55.792673 5.262092 -82.822026
4
84.878069 52.240619 8.162785
92.906633 36.976185 -1.057965
91.308527 37.014685 17.107483
89.308222 40.794786 18.969106
8
12.712839 -24.639285 -96.079599
16.560684 -27.881347 -94.595847
26.237350 -30.820582 -91.442294
31.431669 -27.935774 -90.728401
37.119234 -17.549300 -91.182150
22.562672 -7.715962 -97.115342
14.595863 -16.506030 -97.542359
12.783347 -21.263215 -96.873432
4
52.679072 -65.214728 54.515636
54.618069 -58.321761 60.128518
67.080861 -51.720681 53.151945
61.093381 -62.481173 48.617917
6
-71.822921 66.565291 -20.261544
-86.647498 46.433381 -18.334453
-87.050273 45.134977 -19.623555
-75.880216 54.236674 -36.063500
-68.185866 65.352852 -32.858674
-69.873155 67.915348 -22.477714
6
17.981099 -68.133941 -70.953832
27.425905 -63.514357 -72.206275
19.679251 -50.502150 -84.037253
12.445882 -50.157589 -85.611426
4.593518 -53.544910 -84.331739
3.036402 -58.066636 -81.357520
5
99.497867 -7.637873 -6.468187
98.368143 -17.893100 -1.882938
97.149248 -20.752938 11.460332
99.005499 -3.470822 13.633217
99.730060 3.955811 6.186013
7
-71.088986 10.606925 -69.525889
-69.407947 -0.721843 -71.986220
-59.674603 -10.521579 -79.550224
-59.339814 -10.340870 -79.823887
-52.224924 2.497564 -85.242709
-52.217890 2.900837 -85.234249
-62.022413 19.770328 -75.910173
6
-46.794109 59.231287 -65.589375
-46.620224 60.733686 -64.327087
-62.169807 60.400135 -49.867211
-63.574095 58.697552 -50.129150
-64.441678 44.899650 -61.897427
-52.708820 49.412782 -69.138682
7
58.726345 -79.185085 -16.761225
41.084419 -90.558725 -10.544562
45.607046 -88.943716 3.002107
48.607670 -87.294562 4.117510
61.254900 -78.846523 -5.573423
62.070204 -77.445909 -12.223787
61.056376 -77.740951 -15.115008
5
-31.693803 -76.658353 -55.848006
-32.737297 -77.172164 -54.522716
-23.530421 -85.040472 -47.057809
-12.679604 -84.310833 -52.258120
-12.088004 -77.552673 -61.963401
6
28.518067 -94.176779 -17.817245
27.409615 -90.934829 -31.298082
9.473018 -93.111399 -35.221149
5.906663 -94.282297 -32.801825
5.839041 -94.359131 -32.592331
24.526062 -95.242297 -18.093567
7
5.552143 -99.843163 -0.718685
26.628011 -96.217173 -5.762348
30.834164 -93.829856 -15.659262
28.518067 -94.176779 -17.817245
24.526062 -95.242297 -18.093567
12.247977 -98.373406 -13.140020
4.542624 -99.883810 -1.609079
7
47.856197 -31.204530 -82.073514
31.431669 -27.935774 -90.728401
26.237350 -30.820582 -91.442294
27.598333 -34.801765 -89.594471
42.092229 -43.605249 -79.541351
47.133286 -41.323091 -77.915695
51.189077 -36.576012 -77.729491
5
69.380527 26.479942 66.971301
65.312429 32.209653 68.533385
66.688318 47.809336 57.157113
71.419136 44.326515 54.170722
80.534258 26.027449 53.261668
7
88.736915 0.241482 -46.105331
79.614098 11.644463 -59.380147
74.207216 10.022381 -66.278510
74.465568 5.572651 -66.511839
84.887028 -4.494601 -52.668692
88.065110 -2.421238 -47.314628
88.860410 -0.996519 -45.856673
5
-63.761096 -27.478493 -71.968431
-57.912024 -33.641652 -74.259254
-42.739571 -35.329542 -83.217501
-42.687740 -29.025216 -85.646329
-60.799212 -20.381616 -76.733601
4
-9.575942 99.045677 -9.912375
-21.599211 95.443308 -20.592454
-8.633680 96.647585 -24.180652
2.606646 97.955594 -19.947607
6
-86.374487 -42.185804 -27.564577
-83.419665 -47.822575 -27.461988
-71.352213 -52.032232 -46.920236
-75.879938 -40.275868 -51.186809
-83.408334 -32.649063 -44.464464
-87.785705 -32.168563 -35.480325
5
12.876645 -98.528245 11.241753
16.484324 -97.704557 13.493944
28.578789 -95.405437 9.003078
26.628011 -96.217173 -5.762348
5.552143 -99.843163 -0.718685
7
65.202051 -64.191164 -40.350800
67.524543 -68.603880 -27.091396
77.033505 -61.553672 -16.642855
81.800311 -50.258101 -27.979144
78.155865 -47.099646 -40.905795
76.351074 -48.345437 -42.816261
65.243368 -64.074083 -40.469925
6
-64.441678 44.899650 -61.897427
-64.773819 44.522354 -61.823234
-66.338311 33.528561 -66.895920
-61.325447 28.635644 -73.615144
-52.637490 48.325220 -69.956899
-52.708820 49.412782 -69.138682
5
35.110061 70.701909 61.388303
40.857343 74.151645 53.218522
47.927823 70.499098 52.276199
58.330736 57.675335 57.193365
41.299145 56.828594 71.168051
8
-56.873713 81.312051 -12.398837
-57.038578 81.276669 -11.861858
-68.150206 73.126272 -2.845669
-70.410860 70.901412 -3.911599
-72.517370 68.309620 -8.661805
-71.822921 66.565291 -20.261544
-69.873155 67.915348 -22.477714
-65.533652 72.433230 -21.418862
7
-39.748548 86.381142 -30.957248
-23.899284 94.581204 -21.982268
-22.831771 95.132422 -20.701027
-27.341351 96.188705 0.428327
-30.885964 95.096279 1.659777
-39.239368 91.964689 -1.663743
-45.759588 86.751296 -19.500583
5
45.643053 44.444887 -77.080242
45.931233 36.956088 -80.774807
51.535050 26.783024 -81.405210
56.089216 24.184981 -79.177564
59.441563 35.157542 -72.323217
8
-16.938562 38.104661 90.890703
-3.074187 6.734648 99.725593
-3.203868 6.304753 99.749613
-3.468634 6.095087 99.753789
-22.413787 12.905694 96.597439
-28.650497 21.511516 93.361682
-28.017481 25.083483 92.659806
-18.102503 38.151383 90.646408
5
16.310095 -86.513972 -47.426927
9.473018 -93.111399 -35.221149
27.409615 -90.934829 -31.298082
34.134603 -83.932491 -42.310352
24.765611 -83.963295 -48.340765
5
-31.926075 -42.466474 -84.719091
-33.999827 -57.280272 -74.585402
-18.108655 -60.620113 -77.442098
-17.569808 -39.993549 -89.954532
-18.478932 -38.408988 -90.461476
6
13.995591 -75.151693 64.469733
3.472446 -83.492455 54.926788
-9.502046 -80.821050 58.117717
-18.660802 -69.427622 69.509566
-16.187955 -68.255620 71.267949
-9.879884 -67.913175 72.733682
7
-52.708820 49.412782 -69.138682
-52.637490 48.325220 -69.956899
-41.706364 35.684600 -83.589404
-38.392867 37.460949 -84.395883
-36.143822 45.406750 -81.436179
-41.043617 56.129683 -71.867101
-46.794109 59.231287 -65.589375
6
95.516002 -5.785939 -29.038185
95.094170 -6.269400 -30.295107
90.354626 -22.748559 -36.311769
92.613826 -30.915163 -21.608607
93.446402 -30.901574 -17.687924
97.236969 -7.916272 -21.961430
7
-20.428333 -9.286151 -97.449734
-9.687244 -12.592770 -98.729830
-6.564255 -9.796571 -99.302254
-5.507489 -0.238039 -99.847939
-12.328288 5.985049 -99.056512
-22.683346 4.841768 -97.272931
-24.946943 -0.915300 -96.833942
6
-52.217890 2.900837 -85.234249
-44.352703 14.008302 -88.524602
-43.993024 20.072532 -87.531179
-47.756984 26.527151 -83.759064
-59.812197 23.618052 -76.581256
-62.022413 19.770328 -75.910173
7
78.632004 -46.400404 -40.792285
78.155865 -47.099646 -40.905795
81.800311 -50.258101 -27.979144
83.758903 -48.825284 -24.505872
93.407246 -32.294982 -15.235502
93.446402 -30.901574 -17.687924
92.613826 -30.915163 -21.608607
6
77.311527 62.652623 -9.878082
78.947139 58.974845 -17.009319
83.036381 52.368012 -19.040764
89.400519 42.544709 -14.053292
83.513549 54.989050 -1.300592
78.536868 61.789801 -3.739094
6
90.354626 -22.748559 -36.311769
95.094170 -6.269400 -30.295107
88.860410 -0.996519 -45.856673
88.065110 -2.421238 -47.314628
85.324036 -22.470119 -47.062751
86.990216 -26.386645 -41.670700
7
-80.728856 -58.339373 -8.908942
-78.581139 -61.482478 6.701447
-77.107901 -63.194945 7.795544
-66.977246 -74.102703 4.778909
-62.612452 -77.970444 -0.539089
-62.149348 -78.143089 -5.578191
-73.687879 -65.617000 -16.263633
6
41.188533 -19.954113 88.911968
36.878245 -14.347811 91.837549
37.987959 -9.311828 92.033716
40.712716 -7.148121 91.057010
52.662790 -16.018908 83.486676
52.032411 -18.119273 83.452502
6
-97.232875 21.791417 8.420343
-97.075758 23.076837 6.614892
-95.854172 27.975798 5.415953
-93.343683 34.099186 11.144614
-92.695878 31.548568 20.301775
-95.277777 23.662777 19.032029
7
-73.674212 64.136642 21.414987
-68.544366 67.598974 27.056398
-74.228019 53.827109 39.910443
-75.968946 51.034208 40.301722
-83.944323 40.528474 36.204882
-85.033104 41.660881 32.151860
-83.761836 51.171676 19.115818
4
15.478118 94.460013 28.943631
14.838435 97.251131 17.945426
26.000733 95.105775 16.698906
22.130515 92.135157 31.958617
6
-47.902346 -67.502367 -56.114131
-42.013321 -57.145170 -70.493336
-48.770742 -50.531796 -71.189552
-49.502283 -50.211046 -70.911035
-52.149430 -50.291302 -68.929108
-57.655891 -57.640218 -57.908579
8
83.326145 41.287404 -36.770964
78.416245 48.510143 -38.699593
70.741713 50.848480 -49.092180
67.723212 45.702037 -57.661863
68.966669 41.802428 -59.128298
75.175770 33.447635 -56.831852
79.683049 30.370615 -52.232532
84.867950 31.082439 -42.793844
6
-83.761836 51.171676 19.115818
-85.033104 41.660881 32.151860
-92.695878 31.548568 20.301775
-93.343683 34.099186 11.144614
-87.256899 48.599271 4.934006
-86.418113 50.092393 4.760447
7
-26.005629 -49.737117 82.764283
-14.850658 -53.349606 83.266305
-16.187955 -68.255620 71.267949
-18.660802 -69.427622 69.509566
-20.800768 -69.242908 69.085076
-27.234053 -66.295621 69.736626
-34.605806 -53.181164 77.292962
10
-92.889566 30.803397 -20.559165
-88.871357 40.329968 -21.803112
-87.050273 45.134977 -19.623555
-86.647498 46.433381 -18.334453
-85.787641 51.382609 0.555065
-85.799618 51.339826 1.627191
-86.418113 50.092393 4.760447
-87.256899 48.599271 4.934006
-94.887956 31.563772 0.063387
-94.357185 29.612918 -14.825541
6
30.662347 45.133891 -83.801864
36.625930 50.597008 -78.092791
24.454843 65.073977 -71.884199
18.583172 62.365412 -75.929053
15.098830 45.026003 -88.003888
17.729879 41.733399 -89.128978
6
-75.103594 65.832559 5.052153
-72.524430 67.920321 11.271071
-73.674212 64.136642 21.414987
-83.761836 51.171676 19.115818
-86.418113 50.092393 4.760447
-85.799618 51.339826 1.627191
6
52.662790 -16.018908 83.486676
40.712716 -7.148121 91.057010
45.288483 7.810255 88.814150
45.836033 8.224268 88.495308
56.356913 1.338346 82.596048
57.082424 -9.890947 81.509300
6
21.625960 87.150534 44.012523
23.868578 90.776196 34.495990
39.399942 87.866552 26.965043
42.379671 85.931296 28.631728
44.918124 83.028969 32.993216
39.056433 79.111699 47.073710
7
-98.603156 1.243958 16.609340
-98.451244 -3.503972 17.177739
-99.435124 -10.138940 3.139737
-99.531091 -8.503576 -4.609904
-99.645088 -5.994481 -5.909546
-99.565480 8.766195 -3.141497
-99.241436 6.959841 10.133998
6
-38.392867 37.460949 -84.395883
-28.053450 35.693969 -89.100755
-15.626102 56.779440 -80.820295
-19.312293 57.217423 -79.706975
-21.895727 56.406708 -79.616961
-36.143822 45.406750 -81.436179
5
8.605122 -38.131089 92.043316
4.764736 -41.811375 90.714421
-9.983313 -35.631685 92.901650
-7.577859 -21.470992 97.373367
-2.530834 -18.772453 98.189561
7
46.114598 23.836401 85.470871
66.090930 17.986218 72.859350
66.142573 17.504920 72.929677
63.516505 5.735315 77.024410
56.356913 1.338346 82.596048
45.836033 8.224268 88.495308
45.900778 23.705488 85.622242
8
-62.326902 51.158210 59.145539
-61.196296 52.398681 59.240117
-58.467114 54.264643 60.307090
-46.384780 54.669351 69.711651
-45.755527 44.738153 76.843538
-53.139673 32.253162 78.332042
-67.140987 36.199412 64.665991
-67.845100 40.238208 61.464860
5
-44.593546 -40.816634 79.658132
-49.660728 -37.164388 78.438640
-46.384628 -15.435157 87.236587
-41.764562 -18.353207 88.988096
-36.712617 -34.766340 86.275636
5
61.691606 -39.370337 68.147797
58.898908 -40.911067 69.693639
48.338951 -31.428310 81.704389
52.304921 -20.342371 82.767041
62.120161 -25.985188 73.931425
6
-33.999827 -57.280272 -74.585402
-37.599751 -58.159154 -72.137172
-30.821111 -71.024349 -63.289818
-11.488060 -66.271915 -74.000390
-11.505658 -65.544921 -74.642369
-18.108655 -60.620113 -77.442098
6
-9.575942 99.045677 -9.912375
-9.332224 99.447353 -4.809745
-24.779656 96.868646 1.560126
-27.341351 96.188705 0.428327
-22.831771 95.132422 -20.701027
-21.599211 95.443308 -20.592454
6
-83.322878 -48.091150 -27.286248
-83.419665 -47.822575 -27.461988
-86.374487 -42.185804 -27.564577
-92.068654 -36.965180 -12.527502
-91.142558 -40.694614 -6.081319
-81.594125 -56.914801 -10.154021
7
-62.169807 60.400135 -49.867211
-61.630044 66.776350 -41.745140
-68.185866 65.352852 -32.858674
-75.880216 54.236674 -36.063500
-74.224285 50.352085 -44.220165
-72.524241 50.535060 -46.759407
-63.574095 58.697552 -50.129150
6
-92.526269 1.645911 -37.896972
-95.989091 4.546449 -27.666300
-95.661583 -16.438626 -24.054794
-95.289483 -17.797241 -24.559573
-91.064781 -24.325803 -33.398517
-88.475000 -9.927912 -45.536918
7
37.556065 -54.751936 74.778121
36.184368 -60.188271 71.190333
17.198531 -74.941524 63.937301
14.359991 -74.993727 64.573459
11.278769 -58.758873 80.126052
27.103772 -51.848879 81.099194
36.702890 -54.014180 75.732201
5
-95.289483 -17.797241 -24.559573
-95.661583 -16.438626 -24.054794
-98.664320 -13.433962 -9.213070
-96.564383 -25.189176 -6.389467
-94.641663 -29.872410 -12.271703
6
-23.297135 -91.423181 -33.151856
-23.530421 -85.040472 -47.057809
-32.737297 -77.172164 -54.522716
-38.092565 -76.508311 -51.917578
-38.704281 -85.555440 -34.383795
-27.282705 -91.399427 -30.029965
6
16.560684 -27.881347 -94.595847
12.712839 -24.639285 -96.079599
5.441010 -28.361551 -95.739322
1.111930 -49.299895 -86.995885
4.593518 -53.544910 -84.331739
12.445882 -50.157589 -85.611426
6
-7.577859 -21.470992 97.373367
-9.983313 -35.631685 92.901650
-16.219758 -39.017233 90.634292
-23.937424 -36.728273 89.877882
-26.765383 -33.886074 90.196165
-23.639339 -19.963335 95.092833
7
12.283328 97.516695 -18.428621
28.322266 91.377905 -29.119198
46.224871 85.760632 -22.547180
47.098920 86.099366 -19.198722
41.975719 90.425615 -7.826061
21.530388 97.443122 -6.424980
14.329906 98.235816 -12.015753
6
-81.892638 32.751254 -47.126970
-83.371014 38.798072 -39.293556
-88.871357 40.329968 -21.803112
-92.889566 30.803397 -20.559165
-94.588395 20.198618 -25.397862
-90.632522 21.576357 -36.334649
5
31.939134 19.354589 -92.764711
36.764412 19.550479 -90.918407
51.535050 26.783024 -81.405210
45.931233 36.956088 -80.774807
35.791310 30.170957 -88.366824
7
-28.650497 21.511516 93.361682
-32.161801 17.879482 92.983561
-43.336789 12.700057 89.222370
-56.550538 14.944670 81.109146
-56.590269 16.822033 80.712828
-52.805231 29.968741 79.457423
-28.017481 25.083483 92.659806
6
-7.200516 88.351703 46.283141
-10.076970 88.876539 44.714824
-14.996450 94.596343 28.751320
-11.635494 95.546051 27.121345
5.519413 94.007342 33.647521
5.589374 93.604733 34.740653
4
-85.787641 51.382609 0.555065
-86.647498 46.433381 -18.334453
-71.822921 66.565291 -20.261544
-72.517370 68.309620 -8.661805
6
63.766455 -68.631287 34.979788
71.586019 -69.001839 10.685883
69.642733 -71.042092 10.144498
61.293132 -77.567208 15.049258
55.365882 -77.635972 30.121006
59.750860 -72.340124 34.593948
4
69.495342 -16.082905 70.083790
76.091441 -13.036811 63.562049
81.698655 -28.882917 49.910989
74.409158 -36.924546 55.676343
7
99.497867 -7.637873 -6.468187
98.928362 -6.367569 -13.138999
97.236969 -7.916272 -21.961430
93.446402 -30.901574 -17.687924
93.407246 -32.294982 -15.235502
93.861154 -33.222833 -9.291238
98.368143 -17.893100 -1.882938
5
46.224871 85.760632 -22.547180
28.322266 91.377905 -29.119198
25.508266 87.851499 -40.391118
35.266649 82.725622 -43.734824
46.638884 85.033645 -24.374037
6
34.425413 92.473096 16.236302
28.280826 94.700620 15.231135
21.654374 97.601577 -2.240581
21.530388 97.443122 -6.424980
41.975719 90.425615 -7.826061
44.794666 89.389708 1.708243
7
-90.553778 -37.136284 20.516082
-88.860085 -41.966642 18.511785
-88.500813 -44.805180 12.653139
-91.325312 -40.526044 4.162589
-96.729465 -25.210143 2.803428
-96.891539 -24.493788 3.476198
-95.191789 -24.207310 18.775768
6
33.050273 4.758706 -94.260459
24.062602 -3.590629 -96.995353
22.562672 -7.715962 -97.115342
37.119234 -17.549300 -91.182150
46.150200 -11.829909 -87.921626
45.598514 -3.759824 -88.919285
8
43.880434 48.178976 -75.850470
45.643053 44.444887 -77.080242
59.441563 35.157542 -72.323217
65.819883 37.535731 -65.259573
68.966669 41.802428 -59.128298
67.723212 45.702037 -57.661863
62.326202 49.641010 -60.425282
50.214518 52.597009 -68.644423
6
-65.533652 72.433230 -21.418862
-45.662629 80.652043 -37.552261
-40.121878 85.307578 -33.359437
-39.748548 86.381142 -30.957248
-45.759588 86.751296 -19.500583
-56.873713 81.312051 -12.398837
6
47.927823 70.499098 52.276199
40.857343 74.151645 53.218522
39.056433 79.111699 47.073710
44.918124 83.028969 32.993216
55.983118 76.626190 31.532802
58.080508 70.182761 41.243601
7
-8.125014 -74.595004 -66.102719
-12.088004 -77.552673 -61.963401
-12.679604 -84.310833 -52.258120
-5.827434 -88.845194 -45.525516
-4.842974 -88.962766 -45.411142
5.957229 -83.255638 -55.072772
4.236549 -78.026703 -62.401004
6
-58.467114 54.264643 60.307090
-53.228334 69.089335 48.922471
-47.743959 74.786050 46.125493
-33.910797 66.945579 66.093474
-33.648197 65.977335 67.192188
-46.384780 54.669351 69.711651
7
50.214518 52.597009 -68.644423
41.208223 72.192756 -55.588563
40.220681 72.595943 -55.786431
24.754930 67.369921 -69.631079
24.454843 65.073977 -71.884199
36.625930 50.597008 -78.092791
43.880434 48.178976 -75.850470
6
-27.234053 -66.295621 69.736626
-20.800768 -69.242908 69.085076
-29.107082 -80.378073 51.885867
-35.653142 -79.698435 48.754620
-49.344282 -71.549229 49.455532
-51.973304 -67.104973 52.874363
7
-80.415067 14.929135 -57.537275
-71.088986 10.606925 -69.525889
-62.022413 19.770328 -75.910173
-59.812197 23.618052 -76.581256
-61.325447 28.635644 -73.615144
-66.338311 33.528561 -66.895920
-78.722904 28.993068 -54.425236
5
-85.799618 51.339826 1.627191
-85.787641 51.382609 0.555065
-72.517370 68.309620 -8.661805
-70.410860 70.901412 -3.911599
-75.103594 65.832559 5.052153
5
56.582402 9.500319 -81.903454
60.468886 16.136318 -77.994443
56.089216 24.184981 -79.177564
51.535050 26.783024 -81.405210
36.764412 19.550479 -90.918407
6
18.583172 62.365412 -75.929053
24.454843 65.073977 -71.884199
24.754930 67.369921 -69.631079
16.100780 74.302575 -64.960698
0.844502 74.256572 -66.971996
1.469905 61.189147 -79.080514
8
14.475830 -36.688129 91.893588
22.967146 -40.821085 88.352415
27.103772 -51.848879 81.099194
11.278769 -58.758873 80.126052
5.466356 -56.499117 82.328420
1.950847 -50.937988 86.032061
4.764736 -41.811375 90.714421
8.605122 -38.131089 92.043316
5
50.214518 52.597009 -68.644423
62.326202 49.641010 -60.425282
50.965316 69.944850 -50.102441
48.783520 71.252580 -50.430526
41.208223 72.192756 -55.588563
6
-5.951031 -97.301714 22.292637
-16.694311 -96.539623 20.034998
-16.762875 -90.134558 39.934541
-16.704785 -90.122400 39.986286
0.889886 -92.545950 37.874203
-4.159283 -97.082905 23.613763
5
-5.827434 -88.845194 -45.525516
-12.679604 -84.310833 -52.258120
-23.530421 -85.040472 -47.057809
-23.297135 -91.423181 -33.151856
-21.189495 -91.826512 -33.449917
7
78.809425 56.480471 24.475108
81.585058 56.642407 11.641139
84.425650 52.995344 7.987684
84.878069 52.240619 8.162785
89.308222 40.794786 18.969106
84.386190 46.113574 27.431902
81.797527 49.998032 28.449278
5
58.080508 70.182761 41.243601
55.983118 76.626190 31.532802
56.980744 76.321264 30.467351
69.859442 64.175717 31.640730
66.722865 61.002573 42.740442
8
-36.720236 -19.924217 -90.855103
-42.687740 -29.025216 -85.646329
-42.739571 -35.329542 -83.217501
-41.933983 -37.031153 -82.886879
-31.926075 -42.466474 -84.719091
-18.478932 -38.408988 -90.461476
-17.468472 -31.741632 -93.205801
-24.227192 -25.719835 -93.549630
6
66.844994 -30.804769 -67.696477
75.182376 -19.438459 -63.006005
75.210525 -19.310231 -63.011839
72.571158 -2.345800 -68.759903
63.241093 -4.315660 -77.342997
60.162381 -15.167421 -78.424724
6
-13.333649 -29.543567 -94.601223
-17.468472 -31.741632 -93.205801
-18.478932 -38.408988 -90.461476
-17.569808 -39.993549 -89.954532
1.111930 -49.299895 -86.995885
5.441010 -28.361551 -95.739322
6
-47.743959 74.786050 46.125493
-47.143986 77.424413 42.224458
-30.886787 84.487164 43.679807
-24.435691 83.444881 49.394826
-24.037457 80.794855 53.799555
-33.910797 66.945579 66.093474
6
-12.272662 56.268122 -81.751331
-14.704677 56.930372 -80.886990
-15.626102 56.779440 -80.820295
-28.053450 35.693969 -89.100755
-24.342544 32.311928 -91.451516
-12.477415 39.029650 -91.219518
5
35.892248 -70.281932 -61.418210
41.326605 -76.507698 -49.383032
53.135361 -65.978083 -53.136861
39.856890 -63.039763 -66.613937
36.446390 -64.285153 -67.372693
5
47.047045 -12.882301 -87.296173
46.150200 -11.829909 -87.921626
37.119234 -17.549300 -91.182150
31.431669 -27.935774 -90.728401
47.856197 -31.204530 -82.073514
5
-70.410860 70.901412 -3.911599
-68.150206 73.126272 -2.845669
-63.488951 76.853423 7.918611
-72.524430 67.920321 11.271071
-75.103594 65.832559 5.052153
5
44.130134 -85.734107 -26.498949
37.074018 -91.705565 -14.683547
41.084419 -90.558725 -10.544562
58.726345 -79.185085 -16.761225
53.524730 -80.824437 -24.546153
7
65.679503 75.344424 3.069308
60.717575 78.827621 9.979093
54.884739 83.067083 9.355481
44.794666 89.389708 1.708243
41.975719 90.425615 -7.826061
47.098920 86.099366 -19.198722
64.163914 75.729446 -12.167297
6
-2.239796 -18.308692 98.284155
-6.657488 -1.386543 99.768509
-3.468634 6.095087 99.753789
-3.203868 6.304753 99.749613
12.753445 0.121629 99.183340
16.586927 -14.019786 97.613111
6
28.513997 -5.023091 95.716877
17.327910 -14.389302 97.430444
16.586927 -14.019786 97.613111
12.753445 0.121629 99.183340
21.205812 8.672410 97.340140
28.721546 -1.891815 95.767916
5
15.478118 94.460013 28.943631
6.515092 94.392500 32.366796
4.741472 98.718483 15.237439
10.390012 98.256873 15.415403
14.838435 97.251131 17.945426
5
21.654374 97.601577 -2.240581
28.280826 94.700620 15.231135
26.000733 95.105775 16.698906
14.838435 97.251131 17.945426
10.390012 98.256873 15.415403
7
56.980744 76.321264 30.467351
55.983118 76.626190 31.532802
44.918124 83.028969 32.993216
42.379671 85.931296 28.631728
54.884739 83.067083 9.355481
60.717575 78.827621 9.979093
62.266498 76.255308 17.550250
8
99.730060 3.955811 6.186013
99.005499 -3.470822 13.633217
95.094312 -7.127019 30.104441
94.208720 -2.023770 33.475683
94.320677 -1.199841 33.198949
98.096207 13.851312 13.611588
98.562962 13.710220 9.867742
98.926055 12.629522 7.357364
6
-8.633680 96.647585 -24.180652
-7.182431 91.650130 -39.353099
-0.684746 90.908128 -41.656252
6.439432 91.437368 -39.971757
10.695038 97.423097 -19.858407
2.606646 97.955594 -19.947607
7
-74.212030 -60.871010 -28.058773
-66.764653 -62.902624 -39.821364
-65.658266 -61.922423 -43.065132
-68.625472 -54.976766 -47.624571
-71.352213 -52.032232 -46.920236
-83.419665 -47.822575 -27.461988
-83.322878 -48.091150 -27.286248
7
96.647117 -22.104527 13.066167
97.149248 -20.752938 11.460332
98.368143 -17.893100 -1.882938
93.861154 -33.222833 -9.291238
87.585531 -48.016373 4.816908
87.507707 -48.136078 5.031822
87.988977 -46.986699 7.084485
7
46.241480 -71.108080 52.965711
44.301420 -72.004219 53.411390
36.184368 -60.188271 71.190333
37.556065 -54.751936 74.778121
50.550942 -50.456876 69.990755
54.618069 -58.321761 60.128518
52.679072 -65.214728 54.515636
6
-80.179379 -15.517159 -57.710353
-80.232906 -15.501996 -57.639994
-83.408334 -32.649063 -44.464464
-75.879938 -40.275868 -51.186809
-68.818890 -33.325366 -64.446725
-68.206866 -29.413468 -66.952754
6
39.399942 87.866552 26.965043
23.868578 90.776196 34.495990
22.130515 92.135157 31.958617
26.000733 95.105775 16.698906
28.280826 94.700620 15.231135
34.425413 92.473096 16.236302
6
-24.227192 -25.719835 -93.549630
-20.428333 -9.286151 -97.449734
-24.946943 -0.915300 -96.833942
-36.901452 -9.433474 -92.462384
-38.495297 -15.336723 -91.010423
-36.720236 -19.924217 -90.855103
4
-25.912373 -14.017739 95.561770
-32.725679 -2.954179 94.447355
-23.755158 3.271150 97.082398
-16.557809 -3.712905 98.549750
4
-79.009129 6.633766 60.938909
-78.298945 -12.586042 60.916884
-90.594808 -4.089575 42.140908
-90.121351 0.119378 43.337372
6
-45.759588 86.751296 -19.500583
-39.239368 91.964689 -1.663743
-52.263422 85.016407 6.383197
-53.744700 84.093446 6.308686
-57.038578 81.276669 -11.861858
-56.873713 81.312051 -12.398837
6
-65.533652 72.433230 -21.418862
-69.873155 67.915348 -22.477714
-68.185866 65.352852 -32.858674
-61.630044 66.776350 -41.745140
-46.208596 79.969254 -38.336459
-45.662629 80.652043 -37.552261
6
-13.333649 -29.543567 -94.601223
5.441010 -28.361551 -95.739322
12.712839 -24.639285 -96.079599
12.783347 -21.263215 -96.873432
-6.564255 -9.796571 -99.302254
-9.687244 -12.592770 -98.729830
6
51.189077 -36.576012 -77.729491
47.133286 -41.323091 -77.915695
47.917673 -55.633061 -67.888579
56.386171 -54.144235 -62.361860
67.960252 -39.568106 -61.771913
66.283795 -32.233781 -67.582852
7
-90.632522 21.576357 -36.334649
-94.588395 20.198618 -25.397862
-96.134442 11.889805 -24.835491
-96.068712 5.012470 -27.307102
-95.989091 4.546449 -27.666300
-92.526269 1.645911 -37.896972
-82.939194 13.604511 -54.184936
5
46.996873 -83.016534 29.992483
55.365882 -77.635972 30.121006
61.293132 -77.567208 15.049258
50.886946 -85.649115 8.645680
45.978879 -83.798045 29.390992
6
70.741713 50.848480 -49.092180
78.416245 48.510143 -38.699593
78.355843 52.899899 -32.587767
68.646137 66.630621 -29.121611
66.313043 67.341302 -32.676129
64.453459 64.145548 -41.606494
8
-2.239796 -18.308692 98.284155
-2.530834 -18.772453 98.189561
-7.577859 -21.470992 97.373367
-23.639339 -19.963335 95.092833
-25.857050 -16.709442 95.143090
-25.912373 -14.017739 95.561770
-16.557809 -3.712905 98.549750
-6.657488 -1.386543 99.768509
5
95.516002 -5.785939 -29.038185
97.236969 -7.916272 -21.961430
98.928362 -6.367569 -13.138999
95.407590 26.792854 -13.399055
95.305851 13.687280 -27.008390
7
16.586927 -14.019786 97.613111
17.327910 -14.389302 97.430444
20.601111 -19.509730 95.890378
14.475830 -36.688129 91.893588
8.605122 -38.131089 92.043316
-2.530834 -18.772453 98.189561
-2.239796 -18.308692 98.284155
5
-53.139673 32.253162 78.332042
-52.805231 29.968741 79.457423
-56.590269 16.822033 80.712828
-72.728217 23.668551 64.423646
-67.140987 36.199412 64.665991
6
38.388500 51.821301 76.425623
32.948063 31.264343 89.089651
19.663101 38.521603 90.163455
9.443478 49.100349 86.602405
10.885965 53.046008 84.069119
15.785813 55.849872 81.434636
4
22.442336 13.679457 96.484268
39.947481 7.485409 91.368307
28.721546 -1.891815 95.767916
21.205812 8.672410 97.340140
5
1.239473 82.692111 56.218133
-7.200516 88.351703 46.283141
5.589374 93.604733 34.740653
16.094117 86.617394 47.311801
12.453220 84.136876 52.591856
6
28.513997 -5.023091 95.716877
28.721546 -1.891815 95.767916
39.947481 7.485409 91.368307
45.288483 7.810255 88.814150
40.712716 -7.148121 91.057010
37.987959 -9.311828 92.033716
7
-44.474655 88.247485 15.309687
-44.248954 85.384437 27.414011
-50.882965 79.109203 33.950816
-58.684773 76.073574 27.729204
-58.895849 80.076126 10.912975
-53.744700 84.093446 6.308686
-52.263422 85.016407 6.383197
5
48.607670 -87.294562 4.117510
50.886946 -85.649115 8.645680
61.293132 -77.567208 15.049258
69.642733 -71.042092 10.144498
61.254900 -78.846523 -5.573423
7
-3.509630 -99.887616 -3.185388
-3.801211 -99.872257 -3.329138
-15.836098 -98.671400 3.629426
-19.679138 -97.622344 9.088975
-21.111621 -96.277776 16.878667
-16.694311 -96.539623 20.034998
-5.951031 -97.301714 22.292637
7
-90.809913 16.927647 38.301626
-86.383365 26.331250 42.948569
-77.667920 16.798166 60.708450
-77.589650 13.788169 61.560804
-78.937658 6.790674 61.014202
-79.009129 6.633766 60.938909
-90.121351 0.119378 43.337372
5
-34.720152 -1.195396 93.771435
-34.215398 -2.105067 93.940807
-46.394961 -13.256021 87.588729
-47.341180 -0.526693 88.082548
-42.718334 2.364145 90.385590
5
20.601111 -19.509730 95.890378
26.390246 -20.968078 94.148259
34.722150 -30.770728 88.586311
22.967146 -40.821085 88.352415
14.475830 -36.688129 91.893588
6
-54.557844 -70.526530 -45.270854
-53.013298 -78.393838 -32.310932
-48.683036 -82.102172 -29.819380
-38.704281 -85.555440 -34.383795
-38.092565 -76.508311 -51.917578
-47.310685 -70.740256 -52.512049
8
-40.150028 -91.576339 1.322639
-38.682603 -92.208514 -1.116304
-48.082673 -86.271600 -15.661023
-49.722923 -85.158679 -16.602115
-60.875230 -78.891508 -8.386678
-62.149348 -78.143089 -5.578191
-62.612452 -77.970444 -0.539089
-48.369811 -87.227805 7.188284
8
40.322686 52.409519 75.015487
48.272203 45.871958 74.602667
50.448973 31.890533 80.236494
46.114598 23.836401 85.470871
45.900778 23.705488 85.622242
33.299066 30.675801 89.163711
32.948063 31.264343 89.089651
38.388500 51.821301 76.425623
7
77.033505 -61.553672 -16.642855
77.416707 -62.708676 -8.618314
81.759005 -57.447130 3.910543
87.507707 -48.136078 5.031822
87.585531 -48.016373 4.816908
83.758903 -48.825284 -24.505872
81.800311 -50.258101 -27.979144
7
-4.663314 56.454445 -82.408429
1.469905 61.189147 -79.080514
0.844502 74.256572 -66.971996
-2.283750 75.695373 -65.306929
-12.559178 75.129984 -64.790066
-14.704677 56.930372 -80.886990
-12.272662 56.268122 -81.751331
7
47.917673 -55.633061 -67.888579
47.133286 -41.323091 -77.915695
42.092229 -43.605249 -79.541351
36.068935 -49.382696 -79.122571
31.677338 -62.748214 -71.128109
36.446390 -64.285153 -67.372693
39.856890 -63.039763 -66.613937
6
-44.248954 85.384437 27.414011
-30.024128 92.012979 25.142860
-24.907850 92.637547 28.246838
-30.886787 84.487164 43.679807
-47.143986 77.424413 42.224458
-50.882965 79.109203 33.950816
6
-9.879884 -67.913175 72.733682
-16.187955 -68.255620 71.267949
-14.850658 -53.349606 83.266305
-11.195912 -50.579552 85.535726
1.950847 -50.937988 86.032061
5.466356 -56.499117 82.328420
6
95.407590 26.792854 -13.399055
95.214599 27.797680 -12.707049
95.058644 28.297853 -12.770499
87.173853 27.642313 -40.455184
89.740121 16.580278 -40.887712
95.305851 13.687280 -27.008390
6
84.386190 46.113574 27.431902
85.973367 26.358631 43.747031
84.480443 26.043687 46.741642
76.221227 49.949269 41.175175
76.190767 50.157938 40.977412
81.797527 49.998032 28.449278
6
10.695038 97.423097 -19.858407
6.439432 91.437368 -39.971757
14.926319 87.333459 -46.368868
25.508266 87.851499 -40.391118
28.322266 91.377905 -29.119198
12.283328 97.516695 -18.428621
6
-22.952679 85.608932 -46.306429
-26.834680 85.092916 -45.156346
-33.275955 69.893331 -63.305870
-33.249653 69.894416 -63.318490
-14.739669 76.107917 -63.169036
-15.465046 81.877801 -55.288860
8
-96.271823 -10.954482 24.733286
-98.451244 -3.503972 17.177739
-98.603156 1.243958 16.609340
-95.403196 14.511320 26.223115
-90.809913 16.927647 38.301626
-90.121351 0.119378 43.337372
-90.594808 -4.089575 42.140908
-92.588313 -11.576590 35.963688
7
65.243368 -64.074083 -40.469925
55.354327 -64.831954 -52.275388
53.135361 -65.978083 -53.136861
41.326605 -76.507698 -49.383032
39.098059 -81.304707 -43.137993
55.233826 -74.685883 -37.030303
65.202051 -64.191164 -40.350800
9
86.723577 -43.318496 24.546469
78.865824 -51.736268 33.219578
73.747859 -48.336578 47.168088
72.473748 -44.639513 52.486854
73.287801 -38.511637 56.087003
74.409158 -36.924546 55.676343
81.698655 -28.882917 49.910989
83.161144 -27.631404 48.173952
89.215540 -28.123777 35.350256
4
12.247977 -98.373406 -13.140020
24.526062 -95.242297 -18.093567
5.839041 -94.359131 -32.592331
4.555552 -94.981176 -30.948719
7
-30.730931 -93.685759 16.690966
-24.997132 -95.032999 18.543801
-21.111621 -96.277776 16.878667
-19.679138 -97.622344 9.088975
-38.484663 -92.290134 -1.209072
-38.682603 -92.208514 -1.116304
-40.150028 -91.576339 1.322639
5
-83.944323 40.528474 36.204882
-75.968946 51.034208 40.301722
-62.326902 51.158210 59.145539
-67.845100 40.238208 61.464860
-84.093898 36.333545 40.100995
6
-1.118616 99.257664 12.110526
-0.978456 99.210782 12.500538
-11.635494 95.546051 27.121345
-14.996450 94.596343 28.751320
-19.140839 94.186271 27.614754
-20.700761 97.628520 6.336442
5
-47.694397 -86.476540 15.717906
-43.587877 -87.334702 21.742740
-30.730931 -93.685759 16.690966
-40.150028 -91.576339 1.322639
-48.369811 -87.227805 7.188284
6
-63.207508 -9.737540 76.876468
-76.462284 -16.590151 62.275886
-78.298945 -12.586042 60.916884
-79.009129 6.633766 60.938909
-78.937658 6.790674 61.014202
-63.332577 -4.695989 77.245922
5
-52.637490 48.325220 -69.956899
-61.325447 28.635644 -73.615144
-59.812197 23.618052 -76.581256
-47.756984 26.527151 -83.759064
-41.706364 35.684600 -83.589404
5
73.747859 -48.336578 47.168088
78.865824 -51.736268 33.219578
74.538273 -59.296915 30.461807
64.452007 -67.699551 35.534626
64.648289 -66.069152 38.150568
5
64.453459 64.145548 -41.606494
66.313043 67.341302 -32.676129
51.012014 80.158751 -31.182513
48.783520 71.252580 -50.430526
50.965316 69.944850 -50.102441
5
33.299066 30.675801 89.163711
21.989226 15.135472 96.371113
11.741022 20.446835 97.180632
19.663101 38.521603 90.163455
32.948063 31.264343 89.089651
6
66.921358 60.254472 43.484830
60.889822 55.724998 56.454887
58.330736 57.675335 57.193365
47.927823 70.499098 52.276199
58.080508 70.182761 41.243601
66.722865 61.002573 42.740442
5
91.755631 22.092649 33.057813
91.563478 36.223390 17.435468
98.562962 13.710220 9.867742
98.096207 13.851312 13.611588
91.971610 21.646238 32.751540
5
-26.786182 -94.683678 -17.818571
-30.499262 -94.804139 -9.053738
-15.836098 -98.671400 3.629426
-3.801211 -99.872257 -3.329138
-6.906711 -99.204875 -10.520938
6
-43.587877 -87.334702 21.742740
-42.588921 -85.854895 28.550321
-31.408298 -88.614635 34.072940
-29.788180 -89.313677 33.700615
-24.997132 -95.032999 18.543801
-30.730931 -93.685759 16.690966
6
-18.102503 38.151383 90.646408
-28.017481 25.083483 92.659806
-52.805231 29.968741 79.457423
-53.139673 32.253162 78.332042
-45.755527 44.738153 76.843538
-19.941900 40.646734 89.163690
5
-57.038578 81.276669 -11.861858
-53.744700 84.093446 6.308686
-58.895849 80.076126 10.912975
-63.488951 76.853423 7.918611
-68.150206 73.126272 -2.845669
7
15.212110 -72.955788 -66.678668
24.242367 -78.628493 -56.831926
35.892248 -70.281932 -61.418210
36.446390 -64.285153 -67.372693
31.677338 -62.748214 -71.128109
27.425905 -63.514357 -72.206275
17.981099 -68.133941 -70.953832
7
-42.186045 -48.018444 76.906220
-54.385909 -59.147339 59.529532
-61.613106 -44.110133 65.254282
-58.364677 -33.866413 73.801291
-58.080914 -33.726383 74.088721
-49.660728 -37.164388 78.438640
-44.593546 -40.816634 79.658132
7
-11.529229 24.094310 -96.366701
-23.112746 26.891145 -93.502232
-27.493869 18.512241 -94.347147
-25.560355 8.675273 -96.288150
-22.683346 4.841768 -97.272931
-12.328288 5.985049 -99.056512
-7.261195 16.310040 -98.393382
6
-48.683036 -82.102172 -29.819380
-53.013298 -78.393838 -32.310932
-55.014728 -77.479060 -31.150843
-62.693365 -75.414787 -19.548705
-60.875230 -78.891508 -8.386678
-49.722923 -85.158679 -16.602115
7
41.299145 56.828594 71.168051
40.322686 52.409519 75.015487
38.388500 51.821301 76.425623
15.785813 55.849872 81.434636
19.763746 68.474312 70.147437
25.648348 72.227069 64.229376
35.110061 70.701909 61.388303
6
-73.687879 -65.617000 -16.263633
-72.041278 -65.734693 -22.113444
-74.212030 -60.871010 -28.058773
-83.322878 -48.091150 -27.286248
-81.594125 -56.914801 -10.154021
-80.728856 -58.339373 -8.908942
5
-74.224285 50.352085 -44.220165
-75.880216 54.236674 -36.063500
-87.050273 45.134977 -19.623555
-88.871357 40.329968 -21.803112
-83.371014 38.798072 -39.293556
5
-78.722904 28.993068 -54.425236
-66.338311 33.528561 -66.895920
-64.773819 44.522354 -61.823234
-73.179348 41.967220 -53.698560
-78.941564 30.703626 -53.155590
7
66.921358 60.254472 43.484830
76.190767 50.157938 40.977412
76.221227 49.949269 41.175175
71.419136 44.326515 54.170722
66.688318 47.809336 57.157113
61.927711 53.290960 57.663092
60.889822 55.724998 56.454887
7
25.648348 72.227069 64.229376
12.453220 84.136876 52.591856
16.094117 86.617394 47.311801
21.625960 87.150534 44.012523
39.056433 79.111699 47.073710
40.857343 74.151645 53.218522
35.110061 70.701909 61.388303
5
-11.488060 -66.271915 -74.000390
-30.821111 -71.024349 -63.289818
-31.693803 -76.658353 -55.848006
-12.088004 -77.552673 -61.963401
-8.125014 -74.595004 -66.102719
7
34.134603 -83.932491 -42.310352
27.409615 -90.934829 -31.298082
28.518067 -94.176779 -17.817245
30.834164 -93.829856 -15.659262
37.074018 -91.705565 -14.683547
44.130134 -85.734107 -26.498949
37.411400 -82.606743 -42.148704
7
2.606646 97.955594 -19.947607
10.695038 97.423097 -19.858407
12.283328 97.516695 -18.428621
14.329906 98.235816 -12.015753
0.316326 99.984455 1.734554
-9.332224 99.447353 -4.809745
-9.575942 99.045677 -9.912375
6
72.178208 65.443286 22.527374
62.266498 76.255308 17.550250
60.717575 78.827621 9.979093
65.679503 75.344424 3.069308
73.881494 67.233762 4.598496
74.901619 65.897698 6.873198
7
1.239473 82.692111 56.218133
-3.624665 76.468173 64.338794
-3.738721 76.392873 64.421665
-24.037457 80.794855 53.799555
-24.435691 83.444881 49.394826
-10.076970 88.876539 44.714824
-7.200516 88.351703 46.283141
5
43.837242 -84.954489 29.343331
36.240542 -91.140582 19.494034
18.159738 -92.890219 32.274311
17.451702 -91.929164 35.277003
26.919216 -87.460413 40.324088
6
-69.088305 -41.542668 59.169357
-71.771084 -43.505278 54.370970
-79.045289 -37.670758 48.298616
-78.242748 -23.621172 57.620418
-76.876843 -22.092022 60.015778
-71.312021 -28.805159 63.912898
6
12.876645 -98.528245 11.241753
5.552143 -99.843163 -0.718685
4.542624 -99.883810 -1.609079
-3.509630 -99.887616 -3.185388
-5.951031 -97.301714 22.292637
-4.159283 -97.082905 23.613763
6
-64.432321 -70.291310 -30.126529
-55.014728 -77.479060 -31.150843
-53.013298 -78.393838 -32.310932
-54.557844 -70.526530 -45.270854
-65.658266 -61.922423 -43.065132
-66.764653 -62.902624 -39.821364
6
-96.134442 11.889805 -24.835491
-94.588395 20.198618 -25.397862
-92.889566 30.803397 -20.559165
-94.357185 29.612918 -14.825541
-98.064907 19.476616 -1.983803
-99.462349 9.570413 -3.955796
5
31.677338 -62.748214 -71.128109
36.068935 -49.382696 -79.122571
25.065094 -46.867652 -84.706341
19.679251 -50.502150 -84.037253
27.425905 -63.514357 -72.206275
6
-15.465046 81.877801 -55.288860
-4.425591 85.720260 -51.307418
-0.684746 90.908128 -41.656252
-7.182431 91.650130 -39.353099
-11.957018 91.010984 -39.674053
-22.952679 85.608932 -46.306429
6
-77.667920 16.798166 60.708450
-72.728217 23.668551 64.423646
-56.590269 16.822033 80.712828
-56.550538 14.944670 81.109146
-59.213218 8.531053 80.131242
-77.589650 13.788169 61.560804
6
-54.569139 -63.853494 54.267305
-66.705094 -54.162023 51.155700
-71.771084 -43.505278 54.370970
-69.088305 -41.542668 59.169357
-61.613106 -44.110133 65.254282
-54.385909 -59.147339 59.529532
4
79.566055 1.859252 60.545735
70.929714 -1.256755 70.479758
63.516505 5.735315 77.024410
66.142573 17.504920 72.929677
6
4.987226 -91.518550 39.993531
0.889886 -92.545950 37.874203
-16.704785 -90.122400 39.986286
-18.849031 -85.588351 48.159612
-9.502046 -80.821050 58.117717
3.472446 -83.492455 54.926788
5
12.783347 -21.263215 -96.873432
14.595863 -16.506030 -97.542359
3.021782 0.901420 -99.950269
-5.507489 -0.238039 -99.847939
-6.564255 -9.796571 -99.302254
6
-96.271823 -10.954482 24.733286
-92.588313 -11.576590 35.963688
-90.293257 -18.055698 39.001533
-88.193931 -28.696306 37.394553
-90.553778 -37.136284 20.516082
-95.191789 -24.207310 18.775768
6
98.926055 12.629522 7.357364
95.214599 27.797680 -12.707049
95.407590 26.792854 -13.399055
98.928362 -6.367569 -13.138999
99.497867 -7.637873 -6.468187
99.730060 3.955811 6.186013
5
55.354327 -64.831954 -52.275388
56.386171 -54.144235 -62.361860
47.917673 -55.633061 -67.888579
39.856890 -63.039763 -66.613937
53.135361 -65.978083 -53.136861
5
-99.462349 9.570413 -3.955796
-99.565480 8.766195 -3.141497
-99.645088 -5.994481 -5.909546
-96.068712 5.012470 -27.307102
-96.134442 11.889805 -24.835491
5
77.033505 -61.553672 -16.642855
67.524543 -68.603880 -27.091396
61.056376 -77.740951 -15.115008
62.070204 -77.445909 -12.223787
77.416707 -62.708676 -8.618314
9
55.792673 5.262092 -82.822026
63.241093 -4.315660 -77.342997
72.571158 -2.345800 -68.759903
74.465568 5.572651 -66.511839
74.207216 10.022381 -66.278510
72.392844 12.926508 -67.765636
65.913788 16.119101 -73.454388
60.468886 16.136318 -77.994443
56.582402 9.500319 -81.903454
7
69.495342 -16.082905 70.083790
68.076305 -15.356245 71.622639
67.423142 -13.770286 72.556868
70.929714 -1.256755 70.479758
79.566055 1.859252 60.545735
80.969991 1.659447 58.660948
76.091441 -13.036811 63.562049
7
-81.119927 14.159675 -56.736770
-80.415067 14.929135 -57.537275
-78.722904 28.993068 -54.425236
-78.941564 30.703626 -53.155590
-81.892638 32.751254 -47.126970
-90.632522 21.576357 -36.334649
-82.939194 13.604511 -54.184936
6
37.556065 -54.751936 74.778121
36.702890 -54.014180 75.732201
41.449213 -34.090298 84.378992
48.338951 -31.428310 81.704389
58.898908 -40.911067 69.693639
50.550942 -50.456876 69.990755
8
-90.809913 16.927647 38.301626
-95.403196 14.511320 26.223115
-95.277777 23.662777 19.032029
-92.695878 31.548568 20.301775
-85.033104 41.660881 32.151860
-83.944323 40.528474 36.204882
-84.093898 36.333545 40.100995
-86.383365 26.331250 42.948569
5
-95.191789 -24.207310 18.775768
-96.891539 -24.493788 3.476198
-99.435124 -10.138940 3.139737
-98.451244 -3.503972 17.177739
-96.271823 -10.954482 24.733286
5
36.240542 -91.140582 19.494034
34.856440 -93.134038 10.539427
28.578789 -95.405437 9.003078
16.484324 -97.704557 13.493944
18.159738 -92.890219 32.274311
7
31.513052 19.086365 -92.965791
33.050273 4.758706 -94.260459
45.598514 -3.759824 -88.919285
55.792673 5.262092 -82.822026
56.582402 9.500319 -81.903454
36.764412 19.550479 -90.918407
31.939134 19.354589 -92.764711
7
-21.189495 -91.826512 -33.449917
-23.297135 -91.423181 -33.151856
-27.282705 -91.399427 -30.029965
-27.979368 -93.409065 -22.178853
-26.786182 -94.683678 -17.818571
-6.906711 -99.204875 -10.520938
-2.944364 -96.507760 -26.030426
7
-60.164649 -75.858725 25.013373
-63.636242 -72.260174 26.998074
-63.445090 -65.252944 41.433969
-53.794729 -65.314501 53.292993
-51.973304 -67.104973 52.874363
-49.344282 -71.549229 49.455532
-50.430887 -78.492132 35.995985
6
-21.599211 95.443308 -20.592454
-22.831771 95.132422 -20.701027
-23.899284 94.581204 -21.982268
-11.957018 91.010984 -39.674053
-7.182431 91.650130 -39.353099
-8.633680 96.647585 -24.180652
8
91.563478 36.223390 17.435468
91.308527 37.014685 17.107483
92.906633 36.976185 -1.057965
93.717903 32.726435 -12.080362
95.058644 28.297853 -12.770499
95.214599 27.797680 -12.707049
98.926055 12.629522 7.357364
98.562962 13.710220 9.867742
5
-12.477415 39.029650 -91.219518
-24.342544 32.311928 -91.451516
-23.112746 26.891145 -93.502232
-11.529229 24.094310 -96.366701
-2.918178 34.511361 -93.810715
5
-24.779656 96.868646 1.560126
-9.332224 99.447353 -4.809745
0.316326 99.984455 1.734554
-1.118616 99.257664 12.110526
-20.700761 97.628520 6.336442
5
61.093381 -62.481173 48.617917
67.080861 -51.720681 53.151945
72.473748 -44.639513 52.486854
73.747859 -48.336578 47.168088
64.648289 -66.069152 38.150568
7
-81.119927 14.159675 -56.736770
-83.234362 -11.490075 -54.221944
-80.232906 -15.501996 -57.639994
-80.179379 -15.517159 -57.710353
-69.407947 -0.721843 -71.986220
-71.088986 10.606925 -69.525889
-80.415067 14.929135 -57.537275
8
14.329906 98.235816 -12.015753
21.530388 97.443122 -6.424980
21.654374 97.601577 -2.240581
10.390012 98.256873 15.415403
4.741472 98.718483 15.237439
-0.978456 99.210782 12.500538
-1.118616 99.257664 12.110526
0.316326 99.984455 1.734554
4
-44.474655 88.247485 15.309687
-33.907412 93.242973 12.491417
-30.024128 92.012979 25.142860
-44.248954 85.384437 27.414011
6
87.173853 27.642313 -40.455184
95.058644 28.297853 -12.770499
93.717903 32.726435 -12.080362
91.804912 37.067407 -14.066468
83.326145 41.287404 -36.770964
84.867950 31.082439 -42.793844
7
60.889822 55.724998 56.454887
61.927711 53.290960 57.663092
56.441426 44.963736 69.228808
48.272203 45.871958 74.602667
40.322686 52.409519 75.015487
41.299145 56.828594 71.168051
58.330736 57.675335 57.193365
8
-27.493869 18.512241 -94.347147
-23.112746 26.891145 -93.502232
-24.342544 32.311928 -91.451516
-28.053450 35.693969 -89.100755
-38.392867 37.460949 -84.395883
-41.706364 35.684600 -83.589404
-47.756984 26.527151 -83.759064
-43.993024 20.072532 -87.531179
5
-82.939194 13.604511 -54.184936
-92.526269 1.645911 -37.896972
-88.475000 -9.927912 -45.536918
-83.234362 -11.490075 -54.221944
-81.119927 14.159675 -56.736770
5
85.324036 -22.470119 -47.062751
88.065110 -2.421238 -47.314628
84.887028 -4.494601 -52.668692
75.210525 -19.310231 -63.011839
75.182376 -19.438459 -63.006005
6
76.091441 -13.036811 63.562049
80.969991 1.659447 58.660948
83.805537 3.293986 54.458990
85.838187 -0.245547 51.300540
83.161144 -27.631404 48.173952
81.698655 -28.882917 49.910989
6
19.679251 -50.502150 -84.037253
25.065094 -46.867652 -84.706341
27.598333 -34.801765 -89.594471
26.237350 -30.820582 -91.442294
16.560684 -27.881347 -94.595847
12.445882 -50.157589 -85.611426
9
94.208720 -2.023770 33.475683
85.838187 -0.245547 51.300540
83.805537 3.293986 54.458990
82.679225 24.343085 50.710550
84.480443 26.043687 46.741642
85.973367 26.358631 43.747031
91.755631 22.092649 33.057813
91.971610 21.646238 32.751540
94.320677 -1.199841 33.198949
8
7.434687 20.460246 97.601761
11.741022 20.446835 97.180632
21.989226 15.135472 96.371113
22.442336 13.679457 96.484268
21.205812 8.672410 97.340140
12.753445 0.121629 99.183340
-3.203868 6.304753 99.749613
-3.074187 6.734648 99.725593
5
-50.430887 -78.492132 35.995985
-49.344282 -71.549229 49.455532
-35.653142 -79.698435 48.754620
-31.408298 -88.614635 34.072940
-42.588921 -85.854895 28.550321
8
-46.794109 59.231287 -65.589375
-41.043617 56.129683 -71.867101
-21.895727 56.406708 -79.616961
-19.312293 57.217423 -79.706975
-33.249653 69.894416 -63.318490
-33.275955 69.893331 -63.305870
-41.404371 66.719091 -61.921248
-46.620224 60.733686 -64.327087
5
-75.968946 51.034208 40.301722
-74.228019 53.827109 39.910443
-66.018043 60.613319 44.358129
-61.196296 52.398681 59.240117
-62.326902 51.158210 59.145539
5
67.423142 -13.770286 72.556868
57.082424 -9.890947 81.509300
56.356913 1.338346 82.596048
63.516505 5.735315 77.024410
70.929714 -1.256755 70.479758
5
-0.978456 99.210782 12.500538
4.741472 98.718483 15.237439
6.515092 94.392500 32.366796
5.519413 94.007342 33.647521
-11.635494 95.546051 27.121345
5
69.859442 64.175717 31.640730
56.980744 76.321264 30.467351
62.266498 76.255308 17.550250
72.178208 65.443286 22.527374
73.531539 62.817779 25.436969
7
46.241480 -71.108080 52.965711
52.679072 -65.214728 54.515636
61.093381 -62.481173 48.617917
64.648289 -66.069152 38.150568
64.452007 -67.699551 35.534626
63.766455 -68.631287 34.979788
59.750860 -72.340124 34.593948
6
-88.193931 -28.696306 37.394553
-80.945111 -39.046765 43.854751
-80.091126 -46.836416 37.306322
-82.431026 -47.439420 30.897046
-88.860085 -41.966642 18.511785
-90.553778 -37.136284 20.516082
6
-54.569139 -63.853494 54.267305
-53.794729 -65.314501 53.292993
-63.445090 -65.252944 41.433969
-70.884626 -61.027401 35.369849
-76.380541 -51.267946 39.212379
-66.705094 -54.162023 51.155700
6
-76.380541 -51.267946 39.212379
-70.884626 -61.027401 35.369849
-72.988831 -63.716286 24.756117
-74.045656 -63.082616 23.191042
-82.431026 -47.439420 30.897046
-80.091126 -46.836416 37.306322
6
66.090930 17.986218 72.859350
46.114598 23.836401 85.470871
50.448973 31.890533 80.236494
64.260616 32.966267 69.165009
65.312429 32.209653 68.533385
69.380527 26.479942 66.971301
6
66.844994 -30.804769 -67.696477
60.162381 -15.167421 -78.424724
47.047045 -12.882301 -87.296173
47.856197 -31.204530 -82.073514
51.189077 -36.576012 -77.729491
66.283795 -32.233781 -67.582852
5
39.412058 73.668999 -54.950599
35.266649 82.725622 -43.734824
25.508266 87.851499 -40.391118
14.926319 87.333459 -46.368868
15.298288 85.273968 -49.943096
4
-30.499262 -94.804139 -9.053738
-38.484663 -92.290134 -1.209072
-19.679138 -97.622344 9.088975
-15.836098 -98.671400 3.629426
6
79.614098 11.644463 -59.380147
82.923040 17.654103 -53.029257
79.683049 30.370615 -52.232532
75.175770 33.447635 -56.831852
72.392844 12.926508 -67.765636
74.207216 10.022381 -66.278510
5
-18.660802 -69.427622 69.509566
-9.502046 -80.821050 58.117717
-18.849031 -85.588351 48.159612
-29.107082 -80.378073 51.885867
-20.800768 -69.242908 69.085076
7
24.765611 -83.963295 -48.340765
34.134603 -83.932491 -42.310352
37.411400 -82.606743 -42.148704
39.098059 -81.304707 -43.137993
41.326605 -76.507698 -49.383032
35.892248 -70.281932 -61.418210
24.242367 -78.628493 -56.831926
7
-53.228334 69.089335 48.922471
-64.663060 62.664376 43.495571
-64.933727 70.542002 28.415437
-58.684773 76.073574 27.729204
-50.882965 79.109203 33.950816
-47.143986 77.424413 42.224458
-47.743959 74.786050 46.125493
6
-33.249653 69.894416 -63.318490
-19.312293 57.217423 -79.706975
-15.626102 56.779440 -80.820295
-14.704677 56.930372 -80.886990
-12.559178 75.129984 -64.790066
-14.739669 76.107917 -63.169036
5
1.393554 49.988774 -86.597809
15.098830 45.026003 -88.003888
18.583172 62.365412 -75.929053
1.469905 61.189147 -79.080514
-4.663314 56.454445 -82.408429
4
-32.161801 17.879482 92.983561
-34.720152 -1.195396 93.771435
-42.718334 2.364145 90.385590
-43.336789 12.700057 89.222370
6
-91.142558 -40.694614 -6.081319
-92.068654 -36.965180 -12.527502
-94.641663 -29.872410 -12.271703
-96.564383 -25.189176 -6.389467
-96.729465 -25.210143 2.803428
-91.325312 -40.526044 4.162589
7
-92.588313 -11.576590 35.963688
-90.594808 -4.089575 42.140908
-78.298945 -12.586042 60.916884
-76.462284 -16.590151 62.275886
-76.876843 -22.092022 60.015778
-78.242748 -23.621172 57.620418
-90.293257 -18.055698 39.001533
7
17.451702 -91.929164 35.277003
18.159738 -92.890219 32.274311
16.484324 -97.704557 13.493944
12.876645 -98.528245 11.241753
-4.159283 -97.082905 23.613763
0.889886 -92.545950 37.874203
4.987226 -91.518550 39.993531
7
-68.818890 -33.325366 -64.446725
-62.411010 -45.858763 -63.260095
-52.149430 -50.291302 -68.929108
-49.502283 -50.211046 -70.911035
-57.912024 -33.641652 -74.259254
-63.761096 -27.478493 -71.968431
-68.206866 -29.413468 -66.952754
5
1.950847 -50.937988 86.032061
-11.195912 -50.579552 85.535726
-16.219758 -39.017233 90.634292
-9.983313 -35.631685 92.901650
4.764736 -41.811375 90.714421
7
51.012014 80.158751 -31.182513
46.638884 85.033645 -24.374037
35.266649 82.725622 -43.734824
39.412058 73.668999 -54.950599
40.220681 72.595943 -55.786431
41.208223 72.192756 -55.588563
48.783520 71.252580 -50.430526
4
88.816064 13.671944 -43.872368
82.923040 17.654103 -53.029257
79.614098 11.644463 -59.380147
88.736915 0.241482 -46.105331
7
69.642733 -71.042092 10.144498
71.586019 -69.001839 10.685883
76.154720 -64.114202 9.477750
81.759005 -57.447130 3.910543
77.416707 -62.708676 -8.618314
62.070204 -77.445909 -12.223787
61.254900 -78.846523 -5.573423
5
65.819883 37.535731 -65.259573
65.913788 16.119101 -73.454388
72.392844 12.926508 -67.765636
75.175770 33.447635 -56.831852
68.966669 41.802428 -59.128298
5
19.763746 68.474312 70.147437
-3.624665 76.468173 64.338794
1.239473 82.692111 56.218133
12.453220 84.136876 52.591856
25.648348 72.227069 64.229376
7
58.898908 -40.911067 69.693639
61.691606 -39.370337 68.147797
73.287801 -38.511637 56.087003
72.473748 -44.639513 52.486854
67.080861 -51.720681 53.151945
54.618069 -58.321761 60.128518
50.550942 -50.456876 69.990755
6
40.220681 72.595943 -55.786431
39.412058 73.668999 -54.950599
15.298288 85.273968 -49.943096
14.323420 83.862187 -52.554478
16.100780 74.302575 -64.960698
24.754930 67.369921 -69.631079
5
-23.937424 -36.728273 89.877882
-16.219758 -39.017233 90.634292
-11.195912 -50.579552 85.535726
-14.850658 -53.349606 83.266305
-26.005629 -49.737117 82.764283
6
-22.174268 63.815860 73.728134
-33.648197 65.977335 67.192188
-33.910797 66.945579 66.093474
-24.037457 80.794855 53.799555
-3.738721 76.392873 64.421665
-8.214576 69.511322 71.419163
5
-52.263422 85.016407 6.383197
-39.239368 91.964689 -1.663743
-30.885964 95.096279 1.659777
-33.907412 93.242973 12.491417
-44.474655 88.247485 15.309687
6
-73.687879 -65.617000 -16.263633
-62.149348 -78.143089 -5.578191
-60.875230 -78.891508 -8.386678
-62.693365 -75.414787 -19.548705
-67.301803 -69.906692 -24.156194
-72.041278 -65.734693 -22.113444
5
-90.293257 -18.055698 39.001533
-78.242748 -23.621172 57.620418
-79.045289 -37.670758 48.298616
-80.945111 -39.046765 43.854751
-88.193931 -28.696306 37.394553
5
-6.657488 -1.386543 99.768509
-16.557809 -3.712905 98.549750
-23.755158 3.271150 97.082398
-22.413787 12.905694 96.597439
-3.468634 6.095087 99.753789
7
62.120161 -25.985188 73.931425
52.304921 -20.342371 82.767041
52.032411 -18.119273 83.452502
52.662790 -16.018908 83.486676
57.082424 -9.890947 81.509300
67.423142 -13.770286 72.556868
68.076305 -15.356245 71.622639
5
5.957229 -83.255638 -55.072772
-4.842974 -88.962766 -45.411142
5.906663 -94.282297 -32.801825
9.473018 -93.111399 -35.221149
16.310095 -86.513972 -47.426927
8
-30.885964 95.096279 1.659777
-27.341351 96.188705 0.428327
-24.779656 96.868646 1.560126
-20.700761 97.628520 6.336442
-19.140839 94.186271 27.614754
-24.907850 92.637547 28.246838
-30.024128 92.012979 25.142860
-33.907412 93.242973 12.491417
5
-2.689040 34.552511 -93.802415
15.417661 25.920363 -95.343749
17.729879 41.733399 -89.128978
15.098830 45.026003 -88.003888
1.393554 49.988774 -86.597809
6
55.233826 -74.685883 -37.030303
53.524730 -80.824437 -24.546153
58.726345 -79.185085 -16.761225
61.056376 -77.740951 -15.115008
67.524543 -68.603880 -27.091396
65.202051 -64.191164 -40.350800
6
35.791310 30.170957 -88.366824
45.931233 36.956088 -80.774807
45.643053 44.444887 -77.080242
43.880434 48.178976 -75.850470
36.625930 50.597008 -78.092791
30.662347 45.133891 -83.801864
6
-42.718334 2.364145 90.385590
-47.341180 -0.526693 88.082548
-59.272009 7.561012 80.185161
-59.213218 8.531053 80.131242
-56.550538 14.944670 81.109146
-43.336789 12.700057 89.222370
4
90.354626 -22.748559 -36.311769
86.990216 -26.386645 -41.670700
78.632004 -46.400404 -40.792285
92.613826 -30.915163 -21.608607
7
-42.186045 -48.018444 76.906220
-44.593546 -40.816634 79.658132
-36.712617 -34.766340 86.275636
-26.765383 -33.886074 90.196165
-23.937424 -36.728273 89.877882
-26.005629 -49.737117 82.764283
-34.605806 -53.181164 77.292962
6
-99.241436 6.959841 10.133998
-99.565480 8.766195 -3.141497
-99.462349 9.570413 -3.955796
-98.064907 19.476616 -1.983803
-97.075758 23.076837 6.614892
-97.232875 21.791417 8.420343
6
-11.957018 91.010984 -39.674053
-23.899284 94.581204 -21.982268
-39.748548 86.381142 -30.957248
-40.121878 85.307578 -33.359437
-26.834680 85.092916 -45.156346
-22.952679 85.608932 -46.306429
9
86.990216 -26.386645 -41.670700
85.324036 -22.470119 -47.062751
75.182376 -19.438459 -63.006005
66.844994 -30.804769 -67.696477
66.283795 -32.233781 -67.582852
67.960252 -39.568106 -61.771913
76.351074 -48.345437 -42.816261
78.155865 -47.099646 -40.905795
78.632004 -46.400404 -40.792285
7
-2.918178 34.511361 -93.810715
-11.529229 24.094310 -96.366701
-7.261195 16.310040 -98.393382
10.077330 19.185197 -97.623643
15.425054 25.901302 -95.347733
15.417661 25.920363 -95.343749
-2.689040 34.552511 -93.802415
6
42.210969 -74.073279 52.262639
44.301420 -72.004219 53.411390
46.241480 -71.108080 52.965711
59.750860 -72.340124 34.593948
55.365882 -77.635972 30.121006
46.996873 -83.016534 29.992483
6
-41.933983 -37.031153 -82.886879
-48.770742 -50.531796 -71.189552
-42.013321 -57.145170 -70.493336
-37.599751 -58.159154 -72.137172
-33.999827 -57.280272 -74.585402
-31.926075 -42.466474 -84.719091
5
42.379671 85.931296 28.631728
39.399942 87.866552 26.965043
34.425413 92.473096 16.236302
44.794666 89.389708 1.708243
54.884739 83.067083 9.355481
6
-78.941564 30.703626 -53.155590
-73.179348 41.967220 -53.698560
-72.524241 50.535060 -46.759407
-74.224285 50.352085 -44.220165
-83.371014 38.798072 -39.293556
-81.892638 32.751254 -47.126970
6
-60.074609 -76.643713 22.732851
-60.164649 -75.858725 25.013373
-50.430887 -78.492132 35.995985
-42.588921 -85.854895 28.550321
-43.587877 -87.334702 21.742740
-47.694397 -86.476540 15.717906
6
-75.879938 -40.275868 -51.186809
-71.352213 -52.032232 -46.920236
-68.625472 -54.976766 -47.624571
-65.671725 -54.349731 -52.281271
-62.411010 -45.858763 -63.260095
-68.818890 -33.325366 -64.446725
7
-60.487831 -13.065420 78.552639
-58.080914 -33.726383 74.088721
-58.364677 -33.866413 73.801291
-71.312021 -28.805159 63.912898
-76.876843 -22.092022 60.015778
-76.462284 -16.590151 62.275886
-63.207508 -9.737540 76.876468
6
78.536868 61.789801 -3.739094
83.513549 54.989050 -1.300592
84.425650 52.995344 7.987684
81.585058 56.642407 11.641139
74.901619 65.897698 6.873198
73.881494 67.233762 4.598496
4
64.260616 32.966267 69.165009
50.448973 31.890533 80.236494
48.272203 45.871958 74.602667
56.441426 44.963736 69.228808
4
-57.655891 -57.640218 -57.908579
-52.149430 -50.291302 -68.929108
-62.411010 -45.858763 -63.260095
-65.671725 -54.349731 -52.281271
6
41.449213 -34.090298 84.378992
36.006835 -30.778100 88.069384
41.188533 -19.954113 88.911968
52.032411 -18.119273 83.452502
52.304921 -20.342371 82.767041
48.338951 -31.428310 81.704389
6
-79.045289 -37.670758 48.298616
-71.771084 -43.505278 54.370970
-66.705094 -54.162023 51.155700
-76.380541 -51.267946 39.212379
-80.091126 -46.836416 37.306322
-80.945111 -39.046765 43.854751
5
-38.955087 7.220411 -91.817029
-25.560355 8.675273 -96.288150
-27.493869 18.512241 -94.347147
-43.993024 20.072532 -87.531179
-44.352703 14.008302 -88.524602
6
17.327910 -14.389302 97.430444
28.513997 -5.023091 95.716877
37.987959 -9.311828 92.033716
36.878245 -14.347811 91.837549
26.390246 -20.968078 94.148259
20.601111 -19.509730 95.890378
4
87.585531 -48.016373 4.816908
93.861154 -33.222833 -9.291238
93.407246 -32.294982 -15.235502
83.758903 -48.825284 -24.505872
5
0.834898 81.882180 -57.398707
-2.283750 75.695373 -65.306929
0.844502 74.256572 -66.971996
16.100780 74.302575 -64.960698
14.323420 83.862187 -52.554478
5
50.965316 69.944850 -50.102441
62.326202 49.641010 -60.425282
67.723212 45.702037 -57.661863
70.741713 50.848480 -49.092180
64.453459 64.145548 -41.606494
7
95.305851 13.687280 -27.008390
89.740121 16.580278 -40.887712
88.816064 13.671944 -43.872368
88.736915 0.241482 -46.105331
88.860410 -0.996519 -45.856673
95.094170 -6.269400 -30.295107
95.516002 -5.785939 -29.038185
7
-34.605806 -53.181164 77.292962
-27.234053 -66.295621 69.736626
-51.973304 -67.104973 52.874363
-53.794729 -65.314501 53.292993
-54.569139 -63.853494 54.267305
-54.385909 -59.147339 59.529532
-42.186045 -48.018444 76.906220
7
-34.215398 -2.105067 93.940807
-34.720152 -1.195396 93.771435
-32.161801 17.879482 92.983561
-28.650497 21.511516 93.361682
-22.413787 12.905694 96.597439
-23.755158 3.271150 97.082398
-32.725679 -2.954179 94.447355
6
-86.383365 26.331250 42.948569
-84.093898 36.333545 40.100995
-67.845100 40.238208 61.464860
-67.140987 36.199412 64.665991
-72.728217 23.668551 64.423646
-77.667920 16.798166 60.708450
7
45.978879 -83.798045 29.390992
50.886946 -85.649115 8.645680
48.607670 -87.294562 4.117510
45.607046 -88.943716 3.002107
34.856440 -93.134038 10.539427
36.240542 -91.140582 19.494034
43.837242 -84.954489 29.343331
6
-68.206866 -29.413468 -66.952754
-63.761096 -27.478493 -71.968431
-60.799212 -20.381616 -76.733601
-59.674603 -10.521579 -79.550224
-69.407947 -0.721843 -71.986220
-80.179379 -15.517159 -57.710353
5
86.723577 -43.318496 24.546469
89.215540 -28.123777 35.350256
93.446806 -20.111583 29.380585
96.647117 -22.104527 13.066167
87.988977 -46.986699 7.084485
8
82.679225 24.343085 50.710550
83.805537 3.293986 54.458990
80.969991 1.659447 58.660948
79.566055 1.859252 60.545735
66.142573 17.504920 72.929677
66.090930 17.986218 72.859350
69.380527 26.479942 66.971301
80.534258 26.027449 53.261668
4
72.571158 -2.345800 -68.759903
75.210525 -19.310231 -63.011839
84.887028 -4.494601 -52.668692
74.465568 5.572651 -66.511839
4
27.598333 -34.801765 -89.594471
25.065094 -46.867652 -84.706341
36.068935 -49.382696 -79.122571
42.092229 -43.605249 -79.541351
5
30.539356 -80.136146 51.434870
17.198531 -74.941524 63.937301
36.184368 -60.188271 71.190333
44.301420 -72.004219 53.411390
42.210969 -74.073279 52.262639
5
-17.468472 -31.741632 -93.205801
-13.333649 -29.543567 -94.601223
-9.687244 -12.592770 -98.729830
-20.428333 -9.286151 -97.449734
-24.227192 -25.719835 -93.549630
8
5.589374 93.604733 34.740653
5.519413 94.007342 33.647521
6.515092 94.392500 32.366796
15.478118 94.460013 28.943631
22.130515 92.135157 31.958617
23.868578 90.776196 34.495990
21.625960 87.150534 44.012523
16.094117 86.617394 47.311801
6
-81.594125 -56.914801 -10.154021
-91.142558 -40.694614 -6.081319
-91.325312 -40.526044 4.162589
-88.500813 -44.805180 12.653139
-78.581139 -61.482478 6.701447
-80.728856 -58.339373 -8.908942
6
-49.722923 -85.158679 -16.602115
-48.082673 -86.271600 -15.661023
-27.979368 -93.409065 -22.178853
-27.282705 -91.399427 -30.029965
-38.704281 -85.555440 -34.383795
-48.683036 -82.102172 -29.819380
5
-52.224924 2.497564 -85.242709
-41.516385 -1.351488 -90.964627
-38.955087 7.220411 -91.817029
-44.352703 14.008302 -88.524602
-52.217890 2.900837 -85.234249
5
-99.241436 6.959841 10.133998
-97.232875 21.791417 8.420343
-95.277777 23.662777 19.032029
-95.403196 14.511320 26.223115
-98.603156 1.243958 16.609340
