400
6
57.810717 -62.636908 -52.292818
54.765302 -64.710301 -53.040914
49.708409 -70.633514 -50.398221
50.340562 -74.269300 -44.157660
59.691311 -71.385499 -36.620457
64.050848 -67.544007 -36.541703
5
16.799024 98.557721 2.041675
17.020130 98.174722 8.487585
12.210061 98.057413 15.351163
-5.226669 99.255938 10.997301
-5.711135 99.744213 -4.298248
5
36.101519 -82.202152 44.039602
53.121687 -75.949839 37.546083
53.049958 -80.430119 26.771214
48.790514 -84.068032 23.495780
42.002163 -86.048217 28.836136
10
43.628974 -13.794766 88.916911
26.280212 -17.168002 94.945301
17.632441 -2.161553 98.409475
17.382119 -0.285957 98.477308
18.553609 2.406978 98.234261
25.643360 6.807160 96.416185
36.841931 8.969289 92.532286
37.714327 8.879386 92.188861
43.391740 6.024467 89.893619
47.223216 -5.010809 88.004884
5
74.654458 65.380163 -12.334755
61.584926 73.634085 -28.023533
63.384986 62.796559 -45.154576
65.920783 59.985634 -45.345055
75.382799 59.613996 -27.633407
8
83.101115 10.744023 -54.578116
77.344036 10.526159 -62.506800
70.611263 4.271165 -70.681021
69.531166 -5.066591 -71.692027
71.449649 -7.944450 -69.511390
82.470299 -13.621480 -54.891758
84.495777 -7.921358 -52.893438
84.716219 4.365686 -52.953781
6
84.478397 14.106128 51.617997
87.897637 33.039687 34.385819
96.738903 10.989896 22.821193
96.686708 5.851151 24.848430
95.785128 2.944683 28.575132
91.033778 5.748784 40.985396
6
-77.270263 -63.256639 5.282427
-72.803788 -67.670103 10.971125
-66.455850 -74.202280 8.811443
-65.489539 -74.130707 -14.688723
-71.181074 -67.624482 -18.978518
-71.958607 -67.084058 -17.935663
7
-31.663101 -29.787663 90.056334
-43.493926 -35.269378 82.851369
-52.040311 -34.480879 78.120900
-53.485624 -25.175777 80.656483
-42.692284 -12.868832 89.508447
-38.958319 -13.642406 91.083117
-30.703839 -19.218978 93.208933
5
80.250692 47.309009 36.354973
66.424858 67.980809 31.086134
63.839474 74.428071 19.621005
71.342361 69.393986 9.733562
76.943148 62.027626 15.242231
6
94.144568 -33.578685 3.045030
94.714575 -31.785774 4.337505
99.530947 -6.973579 -6.705209
98.510628 -9.813699 -14.119049
95.116085 -24.737573 -18.465720
91.376880 -40.064469 -6.715956
7
-60.982238 26.938886 74.534979
-56.116602 30.666655 76.879668
-36.922095 29.592267 88.096860
-37.059249 21.045944 90.463696
-56.810829 17.653397 80.379645
-61.119146 19.885119 76.609608
-61.284836 26.554842 74.424521
6
43.574295 46.607162 77.000346
41.204168 57.078172 71.023227
57.094568 54.726906 61.197843
57.221830 54.632210 61.163582
62.330793 40.821083 66.697162
61.007469 40.304551 68.217533
6
17.020130 98.174722 8.487585
30.870418 94.488277 10.907923
35.195863 91.596686 19.269105
30.650154 91.951739 24.605808
12.323750 97.941186 15.989037
12.210061 98.057413 15.351163
4
-59.644821 29.275939 -74.735632
-69.911013 32.767647 -63.551015
-73.653839 19.889388 -64.649240
-68.145012 17.117437 -71.156523
8
15.797993 57.620778 80.188960
33.137276 63.806986 69.502442
33.454822 63.660787 69.484381
41.204168 57.078172 71.023227
43.574295 46.607162 77.000346
39.659885 38.032046 83.550326
19.819519 48.538054 85.154237
16.382898 53.565344 82.839330
6
37.931521 71.455122 -58.782355
40.152508 70.217500 -58.798629
54.767383 68.849480 -47.542433
39.640613 85.468171 -33.523328
33.717408 84.414518 -41.681237
32.428092 81.306954 -48.348713
6
-69.748419 29.355596 65.371301
-61.284836 26.554842 74.424521
-61.119146 19.885119 76.609608
-68.303263 3.236789 72.967030
-68.780867 2.929707 72.530057
-77.244334 9.885658 62.734255
5
-20.380992 55.756302 -80.472666
-23.123090 64.952738 -72.432482
-43.176168 62.793242 -64.752045
-47.131066 58.767532 -65.765035
-26.280548 51.344600 -81.688830
6
-5.185063 96.661411 -25.093559
-3.008206 99.325292 -11.199868
-6.393210 99.614724 -6.002803
-25.930152 96.172894 -8.854476
-29.501068 94.933143 -10.834455
-23.335433 94.802497 -21.632018
8
76.131507 -49.970248 41.315469
78.144361 -39.704675 48.135202
79.257219 -37.113451 48.382693
88.260728 -28.502722 37.385007
89.884788 -28.912244 32.936410
90.481289 -33.419217 26.387350
84.340851 -47.493008 25.120410
83.288812 -48.919032 25.882466
6
18.242294 17.814627 -96.694663
22.970066 20.315950 -95.182132
27.804207 30.192641 -91.188434
17.231821 35.350982 -91.942223
15.172831 34.846150 -92.496114
16.413143 20.035863 -96.587644
5
-47.949586 -87.088794 -10.787919
-38.204788 -91.722990 -11.282166
-31.757408 -90.814207 -27.280890
-36.023172 -87.849241 -31.382192
-49.901815 -82.046039 -27.897245
7
-55.043089 -60.013455 58.040017
-56.520256 -59.744155 56.886699
-57.612253 -59.246879 56.308397
-68.043810 -42.187776 59.918540
-58.584976 -37.206869 71.996177
-55.740364 -38.184322 73.722245
-52.224362 -47.651214 70.724662
6
99.650590 8.188254 -1.646910
99.964229 -2.359068 -1.260087
99.946680 -3.101020 1.022195
96.686708 5.851151 24.848430
96.738903 10.989896 22.821193
97.588330 16.349869 14.463732
7
39.963351 36.954219 83.888714
37.536622 33.495626 86.423637
25.645939 28.661942 92.308065
21.428214 29.283950 93.184129
18.129875 33.884692 92.320828
19.819519 48.538054 85.154237
39.659885 38.032046 83.550326
6
11.704006 -80.258960 58.493723
13.691389 -67.388228 72.604219
17.312870 -64.430161 74.491737
28.256984 -70.636855 64.899750
30.638562 -82.201726 48.001612
28.401583 -82.711653 48.498789
5
0.588079 2.446815 -99.968331
16.742822 7.025001 -98.337822
16.508935 8.294621 -98.278453
-1.385528 16.426435 -98.631904
-8.952902 6.839118 -99.363333
5
-34.973521 26.043098 -89.992277
-45.787115 31.977190 -82.951790
-53.915386 27.377106 -79.646878
-51.889317 16.469853 -83.882315
-41.168598 18.008338 -89.335582
7
4.398293 -41.715609 -90.776996
9.052756 -41.359168 -90.595071
13.790710 -35.212713 -92.573653
13.890681 -30.226299 -94.304930
4.559201 -19.512031 -97.971906
-1.734169 -18.617421 -98.236370
-4.629685 -28.425099 -95.763144
8
26.992769 -94.949380 16.000179
27.129544 -90.527730 32.691253
33.747004 -82.436189 45.446831
34.364525 -82.256890 45.308757
36.101519 -82.202152 44.039602
42.002163 -86.048217 28.836136
34.783176 -92.710335 13.961534
27.194862 -94.966936 15.547365
5
27.948327 -34.663431 -89.539587
35.579898 -40.750422 -84.103948
36.822617 -40.729638 -83.577458
42.061637 -29.370022 -85.838340
34.850910 -21.794510 -91.161469
6
-98.348434 -12.004856 13.545069
-96.879021 -11.382416 22.020351
-85.807751 -32.319072 39.906234
-86.038395 -37.449481 34.567775
-97.549794 -17.797494 12.933943
-98.321282 -14.449626 11.141533
6
-3.546862 44.032436 -89.713791
-10.978460 26.904852 -95.684912
-0.977580 22.247601 -97.488915
3.143481 25.535812 -96.633539
5.302320 37.716416 -92.462735
4.320231 39.077357 -91.947244
4
12.416371 -53.089914 -83.828962
26.800007 -57.602213 -77.225285
27.697408 -47.975685 -83.253752
9.892568 -42.666576 -89.898278
7
-85.595198 46.058353 23.496601
-82.995355 43.296094 35.174128
-83.846555 40.005622 37.004128
-91.437790 27.693930 29.532641
-95.357561 22.219023 20.328564
-95.543869 22.305676 19.334579
-91.944833 36.664170 14.208672
6
-40.291100 76.559987 50.151726
-62.863510 60.261225 49.160593
-64.801594 59.385449 47.687754
-65.341538 60.055421 46.085027
-57.684564 71.740866 39.060713
-45.191264 79.017205 41.400857
5
-69.760958 46.078033 54.865505
-70.517938 30.240398 64.130638
-79.710188 25.190795 54.879046
-82.306275 28.872457 48.908674
-80.400745 37.273185 46.329578
5
22.061744 81.095084 -54.192866
32.428092 81.306954 -48.348713
33.717408 84.414518 -41.681237
14.944787 89.508070 -42.011411
12.170293 85.762758 -49.966323
6
-66.789654 -59.920178 44.144245
-66.092906 -58.028546 47.585875
-57.612253 -59.246879 56.308397
-56.520256 -59.744155 56.886699
-56.009753 -72.892032 39.365711
-61.241572 -70.138016 36.470927
6
-32.889849 59.723919 73.152658
-27.516862 47.446789 83.615934
-35.144907 40.508092 84.403377
-47.060876 47.706370 74.225172
-47.451829 49.355078 72.886214
-37.877988 61.127192 69.489024
6
89.391710 40.690712 -18.798620
91.085308 37.252230 -17.769019
92.784426 35.024827 -12.818417
81.533137 57.896559 0.579792
72.898180 68.452730 0.281221
74.830459 65.335554 -11.474659
7
73.306805 -43.483806 -52.299818
74.213307 -44.726695 -49.919012
81.177515 -46.714828 -35.041918
85.407086 -41.885316 -30.842340
91.071439 -27.701129 -30.637240
89.932549 -23.910743 -36.611650
81.797417 -24.501718 -52.046597
6
61.529221 63.938869 -46.108307
54.767383 68.849480 -47.542433
40.152508 70.217500 -58.798629
45.131843 57.635404 -68.126918
45.777387 56.987947 -68.240785
46.992058 56.371988 -67.926030
6
-36.903212 -92.770855 5.632174
-52.590544 -85.049391 -0.914153
-60.633359 -78.845298 10.344794
-54.633351 -81.554230 19.081521
-53.379139 -82.168054 19.976947
-42.004904 -88.461841 20.250698
6
-89.472478 -29.843206 -33.227380
-89.472278 -28.314449 -34.539883
-90.264980 -26.209103 -34.136731
-94.434019 -19.800086 -26.271137
-94.996563 -30.797580 -5.211733
-93.576409 -34.775950 -5.838583
5
46.409642 2.402837 -88.545872
43.087938 -8.815949 -89.809290
61.042185 -9.635743 -78.619362
61.609004 -8.783202 -78.276343
57.009326 1.178137 -82.149551
5
-79.206829 58.217900 18.356317
-70.669299 69.766907 11.765585
-63.236528 74.995026 19.413592
-72.389333 61.126679 31.989275
-78.860932 57.790171 21.005941
6
-42.971304 -51.432176 74.217237
-52.224362 -47.651214 70.724662
-55.740364 -38.184322 73.722245
-52.040311 -34.480879 78.120900
-43.493926 -35.269378 82.851369
-37.814281 -47.999376 79.158954
8
88.180653 -46.758977 -6.145765
77.304015 -59.187588 -22.823644
72.136445 -65.640872 -22.081876
70.569509 -68.359339 -18.626465
70.541553 -70.591076 -6.386644
72.640523 -68.725769 -0.350724
78.157878 -62.218220 4.498798
87.862621 -47.446445 -5.384677
8
-49.901815 -82.046039 -27.897245
-36.023172 -87.849241 -31.382192
-34.742741 -85.879763 -37.651138
-35.765044 -83.120133 -42.566479
-46.855915 -74.425453 -47.595957
-52.189604 -72.714615 -44.596300
-55.104776 -75.610185 -35.306706
-50.284941 -81.777735 -27.996907
5
83.058541 13.401914 54.052452
76.654693 2.279507 64.178360
63.633841 16.409613 75.375453
66.804299 37.798218 64.097429
69.781461 36.769953 61.469653
4
21.396683 85.876925 46.554654
14.098157 91.584543 37.596721
28.731781 90.776796 30.562363
41.392731 81.061512 41.420683
6
-15.723511 -94.714113 27.964405
-30.224667 -95.305888 1.804772
-30.949252 -95.073606 1.775744
-36.903212 -92.770855 5.632174
-42.004904 -88.461841 20.250698
-32.071962 -89.625650 30.637102
6
-22.015239 48.507476 84.630692
-17.812572 47.607358 86.117662
-13.965550 32.728786 93.454748
-35.775903 31.642494 87.856914
-35.144907 40.508092 84.403377
-27.516862 47.446789 83.615934
6
-73.105023 -28.210869 62.127308
-65.075904 -29.485662 69.969439
-58.584976 -37.206869 71.996177
-68.043810 -42.187776 59.918540
-73.083929 -39.606416 55.588408
-74.937938 -37.052505 54.876382
7
-97.590008 17.327125 13.265036
-95.543869 22.305676 19.334579
-95.357561 22.219023 20.328564
-94.138931 13.344823 30.980273
-92.828355 -5.086315 36.837833
-96.879021 -11.382416 22.020351
-98.348434 -12.004856 13.545069
7
-96.785028 -1.712979 -25.094303
-96.253627 -13.140616 -23.718421
-94.434019 -19.800086 -26.271137
-90.264980 -26.209103 -34.136731
-89.726336 -13.073441 -42.169535
-94.676098 -0.984159 -32.178688
-95.984202 -0.273958 -28.052772
9
-1.080166 -70.712577 70.700528
-17.278466 -56.121458 80.943416
-16.252138 -51.614065 84.094330
-15.297343 -50.142813 85.156853
-14.493985 -49.868574 85.457883
-3.208285 -51.301278 85.778120
17.523837 -63.297412 75.407909
17.312870 -64.430161 74.491737
13.691389 -67.388228 72.604219
7
4.190449 83.404808 -55.009801
-11.613844 89.083368 -43.923480
-12.198658 88.963336 -44.008153
-16.809891 82.686971 -53.668356
-13.434330 76.545196 -62.931326
-0.872017 76.305765 -64.627160
4.225543 82.310099 -56.632078
6
-36.967619 73.824139 -56.421552
-43.176168 62.793242 -64.752045
-23.123090 64.952738 -72.432482
-19.640598 70.291443 -68.361977
-33.121923 75.645908 -56.397117
-33.225613 75.626562 -56.362059
6
-61.961812 76.094092 19.246377
-54.412910 83.728871 5.358306
-45.594861 88.981162 1.860480
-39.531884 90.674752 14.673771
-46.047442 83.610692 29.814179
-56.235732 78.099126 27.167423
6
37.714327 8.879386 92.188861
37.536622 33.495626 86.423637
39.963351 36.954219 83.888714
52.769019 27.336148 80.424907
55.132793 19.852302 81.032471
43.391740 6.024467 89.893619
6
20.934803 0.810139 -97.780763
14.832987 -7.522577 -98.607268
19.730315 -21.988174 -95.536563
34.262296 -16.615452 -92.466328
36.140333 -12.154225 -92.445395
22.517670 0.452545 -97.430743
6
-77.889234 36.045735 -51.322238
-81.867187 27.339405 -50.500699
-74.695801 19.318454 -63.618666
-73.653839 19.889388 -64.649240
-69.911013 32.767647 -63.551015
-70.003304 40.246581 -58.989407
7
-75.143109 -34.447940 -56.274796
-62.005777 -43.612220 -65.217006
-54.964042 -40.339115 -73.155382
-51.877813 -33.835085 -78.510379
-55.260516 -26.760143 -78.931426
-68.096284 -21.175543 -70.103442
-75.790826 -25.632643 -59.989318
5
51.219628 -22.869459 -82.786095
51.228938 -24.697782 -82.253361
60.760699 -24.561848 -75.530478
62.925198 -21.371372 -74.724052
60.749428 -11.390566 -78.611462
7
62.547504 -67.878010 38.475779
62.562735 -67.843220 38.512357
71.352194 -54.954375 43.461259
76.131507 -49.970248 41.315469
83.288812 -48.919032 25.882466
78.495617 -59.465328 17.387146
66.864758 -70.118253 24.749438
7
-98.463613 15.994764 -7.006027
-98.387996 17.278719 -4.609576
-97.590008 17.327125 13.265036
-98.348434 -12.004856 13.545069
-98.321282 -14.449626 11.141533
-98.572342 -16.486485 3.418956
-99.157332 3.213413 -12.549799
5
87.440582 -16.703390 45.553720
88.260728 -28.502722 37.385007
79.257219 -37.113451 48.382693
79.712536 -26.960822 54.028009
82.311565 -15.705609 54.572339
5
80.746116 45.564880 37.468740
75.231063 47.944190 45.184530
63.493018 64.540175 42.464131
66.424858 67.980809 31.086134
80.250692 47.309009 36.354973
6
-56.810829 17.653397 80.379645
-37.059249 21.045944 90.463696
-34.671258 14.174122 92.719999
-35.214586 13.545989 92.609066
-48.103604 6.195364 87.450905
-49.452454 6.332723 86.685358
6
-53.915386 27.377106 -79.646878
-45.787115 31.977190 -82.951790
-42.654043 42.542824 -79.816920
-46.625564 45.214705 -76.037407
-57.365168 30.767011 -75.911978
-57.412476 30.466000 -75.997569
8
-3.006114 77.835023 62.711024
-0.081061 70.446294 70.974031
-0.849099 67.677918 73.613711
-12.418412 67.525664 72.705349
-32.167256 76.084798 56.359305
-32.153684 76.513202 55.784142
-30.799850 77.738224 54.846492
-7.628629 81.698685 57.158805
6
-73.105023 -28.210869 62.127308
-75.645878 -20.853263 61.990665
-72.532318 -10.001833 68.110397
-72.449492 -9.943017 68.207093
-66.101647 -17.679763 72.924607
-65.075904 -29.485662 69.969439
5
-21.677843 -86.737890 -44.795197
-10.361685 -90.027243 -42.281569
-15.397012 -79.070498 -59.251907
-18.139588 -77.666492 -60.323059
-26.343544 -75.786005 -59.686674
6
-81.809930 10.467039 56.547117
-84.575050 7.755772 52.791182
-87.870447 14.077037 45.613831
-86.001041 24.815431 44.587165
-82.306275 28.872457 48.908674
-79.710188 25.190795 54.879046
4
-87.433889 -47.926424 -7.640214
-81.631790 -57.693161 2.783892
-77.270263 -63.256639 5.282427
-71.958607 -67.084058 -17.935663
5
15.797993 57.620778 80.188960
16.382898 53.565344 82.839330
0.601669 41.094814 91.163887
-9.906392 51.436260 85.183182
0.474425 65.984388 75.138774
6
60.451550 16.276279 -77.978797
66.082950 25.284360 -70.666434
64.620652 30.185551 -70.092824
56.183673 35.812353 -74.571243
50.087278 35.722418 -78.836371
47.989164 20.734368 -85.247441
6
-46.927671 77.447067 -42.423408
-36.967619 73.824139 -56.421552
-33.225613 75.626562 -56.362059
-29.854866 85.133196 -43.139610
-39.211236 84.878634 -35.469655
-40.533435 84.494895 -34.894891
8
-85.595198 46.058353 23.496601
-91.944833 36.664170 14.208672
-89.998252 43.132377 6.317641
-89.567638 44.093656 5.778211
-89.159222 44.927355 5.671495
-81.476773 56.820488 11.531155
-79.206829 58.217900 18.356317
-78.860932 57.790171 21.005941
6
41.916643 88.769775 19.050515
35.195863 91.596686 19.269105
30.870418 94.488277 10.907923
34.411980 93.788526 4.419063
47.613694 87.795797 4.983395
50.196140 85.250640 14.583413
6
-18.493815 96.967466 15.977777
-14.783455 97.307319 17.684320
-17.191404 91.174343 37.305426
-23.639564 88.993095 39.005130
-26.452190 89.126149 36.834919
-35.718519 91.876982 16.816883
5
-38.958319 -13.642406 91.083117
-42.692284 -12.868832 89.508447
-44.375292 -11.485908 88.875797
-48.103604 6.195364 87.450905
-35.214586 13.545989 92.609066
4
36.841931 8.969289 92.532286
25.645939 28.661942 92.308065
37.536622 33.495626 86.423637
37.714327 8.879386 92.188861
6
12.878593 -85.576432 -50.108045
-3.049378 -79.840213 -60.135195
-15.397012 -79.070498 -59.251907
-10.361685 -90.027243 -42.281569
-3.332840 -93.361162 -35.673318
10.059101 -90.009981 -42.391247
6
42.061637 -29.370022 -85.838340
36.822617 -40.729638 -83.577458
38.810396 -42.023982 -82.022790
51.467312 -36.305436 -77.672589
52.051759 -35.290404 -77.750896
50.292247 -26.787776 -82.177278
7
-71.722406 -64.869813 25.451990
-63.419630 -70.327637 32.124352
-54.633351 -81.554230 19.081521
-60.633359 -78.845298 10.344794
-66.455850 -74.202280 8.811443
-72.803788 -67.670103 10.971125
-73.932746 -64.548563 19.168518
8
-3.546862 44.032436 -89.713791
4.320231 39.077357 -91.947244
17.792396 49.154777 -85.248100
16.163617 62.623972 -76.269100
5.227692 63.284616 -77.251075
4.892861 63.128640 -77.400482
-5.251580 54.222650 -83.858960
-3.673212 44.202213 -89.625175
6
-59.455824 45.929677 65.995983
-48.309441 49.467081 72.244071
-47.451829 49.355078 72.886214
-47.060876 47.706370 74.225172
-56.116602 30.666655 76.879668
-60.982238 26.938886 74.534979
5
-13.434330 76.545196 -62.931326
-19.056272 70.595623 -68.213756
4.892861 63.128640 -77.400482
5.227692 63.284616 -77.251075
-0.872017 76.305765 -64.627160
5
-89.567638 44.093656 5.778211
-89.561573 43.052203 -11.190730
-82.087353 56.117466 -10.606436
-81.901559 56.647147 -9.123339
-89.159222 44.927355 5.671495
5
18.129875 33.884692 92.320828
-1.630901 31.349271 94.945055
0.601669 41.094814 91.163887
16.382898 53.565344 82.839330
19.819519 48.538054 85.154237
5
-17.477931 -95.446447 -24.176389
-16.075392 -98.468679 -6.745452
-11.463597 -99.262276 -3.947966
6.707259 -98.794454 -13.952369
-3.739109 -93.613368 -34.965075
5
80.746116 45.564880 37.468740
80.250692 47.309009 36.354973
76.943148 62.027626 15.242231
91.560695 36.922459 15.917637
87.574240 35.219794 33.019973
5
-19.640598 70.291443 -68.361977
-19.056272 70.595623 -68.213756
-13.434330 76.545196 -62.931326
-16.809891 82.686971 -53.668356
-33.121923 75.645908 -56.397117
8
-42.654043 42.542824 -79.816920
-35.882320 42.751630 -82.974437
-27.826911 48.237388 -83.059120
-26.280548 51.344600 -81.688830
-47.131066 58.767532 -65.765035
-49.972693 56.810825 -65.385474
-50.059170 56.705433 -65.410805
-46.625564 45.214705 -76.037407
5
-42.946375 87.076518 -23.943453
-37.124112 92.350508 -9.653188
-45.278176 89.156324 1.018140
-62.691395 75.373113 -19.715041
-57.388495 78.331650 -23.889607
9
22.973780 -35.177102 90.745671
22.827761 -35.940342 90.483066
16.101833 -40.714136 89.906007
14.652250 -40.897342 90.070633
-3.155868 -28.192226 95.891808
-2.971010 -23.117739 97.245788
-2.666715 -22.783941 97.333348
3.356845 -21.509671 97.601566
21.473694 -25.959333 94.154095
4
38.810396 -42.023982 -82.022790
41.500954 -51.124159 -75.259493
52.263578 -46.813540 -71.253147
51.467312 -36.305436 -77.672589
6
-73.932746 -64.548563 19.168518
-78.855865 -57.447535 21.943866
-82.334109 -44.950469 34.648950
-81.247951 -46.231175 35.516881
-72.464453 -59.477063 34.804913
-71.722406 -64.869813 25.451990
7
-94.990587 22.435034 -21.759083
-94.008769 24.612289 -23.592085
-89.798788 37.734720 -22.633353
-90.875509 38.696656 -15.627241
-94.387522 32.279199 -7.003506
-98.387996 17.278719 -4.609576
-98.463613 15.994764 -7.006027
8
-98.321282 -14.449626 11.141533
-97.549794 -17.797494 12.933943
-89.809253 -40.861486 16.267670
-91.537949 -39.928857 -5.146871
-93.576409 -34.775950 -5.838583
-94.996563 -30.797580 -5.211733
-98.281341 -18.395752 1.540884
-98.572342 -16.486485 3.418956
5
-10.050479 -93.082921 35.136274
-12.832096 -86.077578 49.254318
4.019166 -83.479135 54.909748
5.822489 -87.014302 48.934751
-3.947314 -93.119014 36.239039
8
-11.613844 89.083368 -43.923480
-6.320736 92.037930 -38.588441
-4.697988 96.377319 -26.255309
-5.185063 96.661411 -25.093559
-23.335433 94.802497 -21.632018
-22.383372 92.446165 -30.865696
-13.126958 89.067954 -43.526803
-12.198658 88.963336 -44.008153
7
28.401583 -82.711653 48.498789
30.638562 -82.201726 48.001612
33.747004 -82.436189 45.446831
27.129544 -90.527730 32.691253
9.811734 -94.029220 32.591957
7.691248 -93.497095 34.628572
14.979232 -88.340506 44.402451
6
28.256984 -70.636855 64.899750
39.448175 -64.339354 65.607081
47.936677 -66.543094 57.219679
34.364525 -82.256890 45.308757
33.747004 -82.436189 45.446831
30.638562 -82.201726 48.001612
5
-6.763833 -13.845919 -98.805572
-1.734169 -18.617421 -98.236370
4.559201 -19.512031 -97.971906
12.488529 -8.529645 -98.849794
2.378470 -5.804322 -99.803070
5
-17.278466 -56.121458 80.943416
-1.080166 -70.712577 70.700528
-4.201014 -75.614939 65.304919
-8.419502 -76.759234 63.538430
-26.461709 -65.248121 71.010286
5
47.336187 -87.733226 -7.884575
54.295767 -82.971718 -12.948498
56.012817 -79.881320 -21.943996
53.510254 -80.601655 -25.298732
36.209850 -89.687832 -25.395658
6
-32.153684 76.513202 55.784142
-32.167256 76.084798 56.359305
-38.338558 66.101442 64.503910
-56.709623 60.586154 55.797282
-62.863510 60.261225 49.160593
-40.291100 76.559987 50.151726
5
45.841097 -24.266950 85.496836
22.973780 -35.177102 90.745671
21.473694 -25.959333 94.154095
26.280212 -17.168002 94.945301
43.628974 -13.794766 88.916911
6
39.255611 -73.229748 -55.645314
44.098626 -61.156002 -65.690598
37.493322 -58.361478 -72.029082
29.607887 -61.485381 -73.095287
29.028151 -62.249760 -72.679666
29.284088 -75.109685 -59.169058
5
89.884788 -28.912244 32.936410
88.260728 -28.502722 37.385007
87.440582 -16.703390 45.553720
90.865071 -12.799568 39.745564
93.709451 -14.425407 31.787520
7
-2.971010 -23.117739 97.245788
-3.155868 -28.192226 95.891808
-14.493985 -49.868574 85.457883
-15.297343 -50.142813 85.156853
-31.663101 -29.787663 90.056334
-30.703839 -19.218978 93.208933
-28.008904 -17.771446 94.338099
5
-8.627140 -68.267936 -72.560742
-18.139588 -77.666492 -60.323059
-15.397012 -79.070498 -59.251907
-3.049378 -79.840213 -60.135195
-1.005208 -69.919494 -71.486040
6
38.482836 -82.252195 -41.876576
39.819778 -82.610766 -39.872882
46.701408 -78.707636 -40.299956
50.340562 -74.269300 -44.157660
49.708409 -70.633514 -50.398221
39.509239 -73.277893 -55.401899
6
-99.157332 3.213413 -12.549799
-96.785028 -1.712979 -25.094303
-95.984202 -0.273958 -28.052772
-95.190032 8.354150 -29.479926
-94.990587 22.435034 -21.759083
-98.463613 15.994764 -7.006027
5
-37.877988 61.127192 69.489024
-47.451829 49.355078 72.886214
-48.309441 49.467081 72.244071
-56.709623 60.586154 55.797282
-38.338558 66.101442 64.503910
5
-59.142603 3.794456 -80.546599
-52.044979 -7.306927 -85.076019
-32.244281 -3.487296 -94.594636
-41.168598 18.008338 -89.335582
-51.889317 16.469853 -83.882315
6
96.738903 10.989896 22.821193
87.897637 33.039687 34.385819
87.574240 35.219794 33.019973
91.560695 36.922459 15.917637
91.822009 36.661016 14.989617
97.588330 16.349869 14.463732
6
-50.059170 56.705433 -65.410805
-49.972693 56.810825 -65.385474
-56.177869 70.776274 -42.834168
-60.312717 68.248871 -41.285200
-64.688753 59.504896 -47.692061
-56.951839 52.671697 -63.104520
7
-3.673212 44.202213 -89.625175
-21.396589 37.025169 -90.395370
-24.690852 26.402945 -93.237580
-24.071305 25.808299 -93.565506
-20.078168 24.314657 -94.898180
-10.978460 26.904852 -95.684912
-3.546862 44.032436 -89.713791
6
-0.977580 22.247601 -97.488915
-1.385528 16.426435 -98.631904
16.508935 8.294621 -98.278453
18.242294 17.814627 -96.694663
16.413143 20.035863 -96.587644
3.143481 25.535812 -96.633539
4
26.992769 -94.949380 16.000179
11.914142 -96.388340 23.818925
9.811734 -94.029220 32.591957
27.129544 -90.527730 32.691253
7
74.830459 65.335554 -11.474659
72.898180 68.452730 0.281221
72.815477 68.539985 0.420502
58.274318 80.782284 -8.850225
56.315861 78.650357 -25.350447
61.584926 73.634085 -28.023533
74.654458 65.380163 -12.334755
4
-23.410924 -7.699650 96.915654
-33.359351 13.794296 93.257016
-26.295638 14.473013 95.389053
-13.645376 -0.936446 99.060218
7
45.441254 19.247221 -86.974921
43.313369 14.823751 -88.905615
46.409642 2.402837 -88.545872
57.009326 1.178137 -82.149551
62.184799 12.471272 -77.314411
60.451550 16.276279 -77.978797
47.989164 20.734368 -85.247441
5
61.007469 40.304551 68.217533
52.769019 27.336148 80.424907
39.963351 36.954219 83.888714
39.659885 38.032046 83.550326
43.574295 46.607162 77.000346
5
-79.081924 -38.711989 -47.407081
-77.368170 -44.239871 -45.354163
-63.677545 -53.745261 -55.286681
-62.005777 -43.612220 -65.217006
-75.143109 -34.447940 -56.274796
5
-29.813613 -55.799373 -77.444034
-20.893629 -62.089410 -75.553699
-14.204174 -62.084426 -77.095820
-9.026647 -55.150714 -82.927187
-21.039169 -48.656024 -84.793542
5
66.864758 -70.118253 24.749438
62.568624 -76.039747 17.410459
53.049958 -80.430119 26.771214
53.121687 -75.949839 37.546083
62.547504 -67.878010 38.475779
5
48.441186 87.434790 -2.934112
34.637235 93.145068 -11.147120
38.672373 87.537682 -29.010374
38.865316 87.381847 -29.221569
53.366512 84.236925 -7.493725
6
-31.675328 -67.243427 66.895405
-36.432440 -71.743289 59.376576
-37.839705 -71.296874 59.033147
-55.043089 -60.013455 58.040017
-52.224362 -47.651214 70.724662
-42.971304 -51.432176 74.217237
7
-63.677545 -53.745261 -55.286681
-60.949288 -59.656739 -52.213579
-58.932728 -61.296292 -52.627922
-51.756265 -62.126565 -58.835184
-50.379063 -50.363439 -70.181722
-54.964042 -40.339115 -73.155382
-62.005777 -43.612220 -65.217006
6
-60.633359 -78.845298 10.344794
-52.590544 -85.049391 -0.914153
-52.373614 -85.066915 -4.541426
-62.365584 -76.634101 -15.419097
-65.489539 -74.130707 -14.688723
-66.455850 -74.202280 8.811443
6
-96.879021 -11.382416 22.020351
-92.828355 -5.086315 36.837833
-88.434607 -8.210693 45.955465
-86.229355 -20.603680 46.259991
-85.278204 -30.924299 42.087001
-85.807751 -32.319072 39.906234
5
-15.719080 -28.796938 -94.465056
-23.957978 -13.543277 -96.138416
-37.817598 -35.165245 -85.634309
-22.210401 -40.518758 -88.684431
-16.153164 -38.149533 -91.014770
5
74.750791 47.787822 46.137222
61.378089 55.707812 55.940771
62.056770 64.809216 44.144340
63.493018 64.540175 42.464131
75.231063 47.944190 45.184530
4
-85.628423 -47.254668 -20.851127
-77.340340 -57.018878 -27.700528
-78.867807 -47.288177 -39.289914
-86.220029 -43.058173 -26.685210
5
-40.533435 84.494895 -34.894891
-42.946375 87.076518 -23.943453
-57.388495 78.331650 -23.889607
-53.421561 73.499254 -41.761184
-46.927671 77.447067 -42.423408
5
-75.143109 -34.447940 -56.274796
-75.790826 -25.632643 -59.989318
-81.551444 -17.451682 -55.179713
-85.902193 -31.025808 -40.721154
-79.081924 -38.711989 -47.407081
9
-55.260516 -26.760143 -78.931426
-51.877813 -33.835085 -78.510379
-41.692445 -36.477390 -83.253468
-37.817598 -35.165245 -85.634309
-23.957978 -13.543277 -96.138416
-23.373852 -8.576011 -96.850994
-31.804031 -3.603201 -94.739224
-32.244281 -3.487296 -94.594636
-52.044979 -7.306927 -85.076019
6
-81.867187 27.339405 -50.500699
-77.889234 36.045735 -51.322238
-80.527620 43.227378 -40.579505
-87.026950 31.745020 -37.663824
-87.557529 27.745074 -39.546048
-82.047336 27.159966 -50.304780
7
63.493018 64.540175 42.464131
62.056770 64.809216 44.144340
58.617352 66.974197 45.590163
46.099220 78.946529 40.525392
62.281904 75.626330 20.040524
63.839474 74.428071 19.621005
66.424858 67.980809 31.086134
5
-89.998252 43.132377 6.317641
-94.387522 32.279199 -7.003506
-90.875509 38.696656 -15.627241
-89.561573 43.052203 -11.190730
-89.567638 44.093656 5.778211
6
58.617352 66.974197 45.590163
62.056770 64.809216 44.144340
61.378089 55.707812 55.940771
57.221830 54.632210 61.163582
57.094568 54.726906 61.197843
51.489933 65.757085 54.998115
4
27.138312 75.253332 60.003734
13.239986 76.678862 62.809672
12.174978 82.403815 55.329749
21.221559 83.929405 50.054973
7
47.223216 -5.010809 88.004884
43.391740 6.024467 89.893619
55.132793 19.852302 81.032471
63.633841 16.409613 75.375453
76.654693 2.279507 64.178360
76.267719 0.066540 64.677899
69.998642 -6.915148 71.080031
6
-26.461709 -65.248121 71.010286
-31.675328 -67.243427 66.895405
-42.971304 -51.432176 74.217237
-37.814281 -47.999376 79.158954
-16.252138 -51.614065 84.094330
-17.278466 -56.121458 80.943416
6
-12.198658 88.963336 -44.008153
-13.126958 89.067954 -43.526803
-29.854866 85.133196 -43.139610
-33.225613 75.626562 -56.362059
-33.121923 75.645908 -56.397117
-16.809891 82.686971 -53.668356
6
57.522642 -52.052288 63.100752
56.053692 -45.286588 69.333315
57.100536 -38.797702 72.348235
78.144361 -39.704675 48.135202
76.131507 -49.970248 41.315469
71.352194 -54.954375 43.461259
5
-39.531884 90.674752 14.673771
-35.718519 91.876982 16.816883
-26.452190 89.126149 36.834919
-44.441874 83.199538 33.207780
-46.047442 83.610692 29.814179
5
-13.645376 -0.936446 99.060218
-26.295638 14.473013 95.389053
-5.900106 24.156060 96.859039
-4.316468 21.726820 97.515709
-7.306443 0.071507 99.732697
5
-46.625564 45.214705 -76.037407
-50.059170 56.705433 -65.410805
-56.951839 52.671697 -63.104520
-61.564195 48.011788 -62.487743
-57.365168 30.767011 -75.911978
5
70.333264 50.285699 -50.245203
77.484496 47.084345 -42.180769
82.714041 48.799046 -27.875447
75.382799 59.613996 -27.633407
65.920783 59.985634 -45.345055
7
-59.469859 -17.719809 78.417755
-53.485624 -25.175777 80.656483
-52.040311 -34.480879 78.120900
-55.740364 -38.184322 73.722245
-58.584976 -37.206869 71.996177
-65.075904 -29.485662 69.969439
-66.101647 -17.679763 72.924607
5
19.730315 -21.988174 -95.536563
14.832987 -7.522577 -98.607268
12.488529 -8.529645 -98.849794
4.559201 -19.512031 -97.971906
13.890681 -30.226299 -94.304930
4
5.393559 17.830629 98.249571
19.406930 24.558898 94.974900
25.643360 6.807160 96.416185
18.553609 2.406978 98.234261
7
-68.780867 2.929707 72.530057
-68.303263 3.236789 72.967030
-59.291406 -1.669377 80.509269
-55.917159 -8.012496 82.517097
-59.469859 -17.719809 78.417755
-66.101647 -17.679763 72.924607
-72.449492 -9.943017 68.207093
8
84.478397 14.106128 51.617997
91.033778 5.748784 40.985396
90.865071 -12.799568 39.745564
87.440582 -16.703390 45.553720
82.311565 -15.705609 54.572339
76.267719 0.066540 64.677899
76.654693 2.279507 64.178360
83.058541 13.401914 54.052452
7
-44.441874 83.199538 33.207780
-26.452190 89.126149 36.834919
-23.639564 88.993095 39.005130
-30.799850 77.738224 54.846492
-32.153684 76.513202 55.784142
-40.291100 76.559987 50.151726
-45.191264 79.017205 41.400857
8
-68.351273 48.398611 54.641357
-69.760958 46.078033 54.865505
-80.400745 37.273185 46.329578
-83.846555 40.005622 37.004128
-82.995355 43.296094 35.174128
-71.437954 59.709349 36.488525
-65.341538 60.055421 46.085027
-64.801594 59.385449 47.687754
7
-24.690852 26.402945 -93.237580
-33.739935 26.685976 -90.274445
-34.973521 26.043098 -89.992277
-41.168598 18.008338 -89.335582
-32.244281 -3.487296 -94.594636
-31.804031 -3.603201 -94.739224
-24.071305 25.808299 -93.565506
6
12.496995 -98.919178 -7.669502
23.820294 -97.019520 -4.450426
28.749305 -95.379131 -8.734925
30.963032 -91.746248 -24.978321
25.077838 -92.712103 -27.849022
9.841720 -98.735042 -12.431090
7
69.531166 -5.066591 -71.692027
61.609004 -8.783202 -78.276343
61.042185 -9.635743 -78.619362
60.749428 -11.390566 -78.611462
62.925198 -21.371372 -74.724052
68.572772 -21.701245 -69.475398
71.449649 -7.944450 -69.511390
6
-20.078168 24.314657 -94.898180
-11.655754 6.012508 -99.136235
-8.952902 6.839118 -99.363333
-1.385528 16.426435 -98.631904
-0.977580 22.247601 -97.488915
-10.978460 26.904852 -95.684912
7
-59.455824 45.929677 65.995983
-60.982238 26.938886 74.534979
-61.284836 26.554842 74.424521
-69.748419 29.355596 65.371301
-70.517938 30.240398 64.130638
-69.760958 46.078033 54.865505
-68.351273 48.398611 54.641357
6
-75.790826 -25.632643 -59.989318
-68.096284 -21.175543 -70.103442
-73.781668 -3.529813 -67.407759
-82.149035 -1.112948 -57.011380
-83.796852 -8.725202 -53.869829
-81.551444 -17.451682 -55.179713
5
66.087300 -66.387527 -35.002357
72.136445 -65.640872 -22.081876
77.304015 -59.187588 -22.823644
81.177515 -46.714828 -35.041918
74.213307 -44.726695 -49.919012
6
35.397223 -89.901662 -25.782316
36.209850 -89.687832 -25.395658
53.510254 -80.601655 -25.298732
53.774683 -79.319290 -28.578555
46.701408 -78.707636 -40.299956
39.819778 -82.610766 -39.872882
4
21.473694 -25.959333 94.154095
3.356845 -21.509671 97.601566
17.632441 -2.161553 98.409475
26.280212 -17.168002 94.945301
6
20.934803 0.810139 -97.780763
16.742822 7.025001 -98.337822
0.588079 2.446815 -99.968331
2.378470 -5.804322 -99.803070
12.488529 -8.529645 -98.849794
14.832987 -7.522577 -98.607268
7
52.051759 -35.290404 -77.750896
51.467312 -36.305436 -77.672589
52.263578 -46.813540 -71.253147
58.097094 -48.682283 -65.228544
68.349899 -45.415119 -57.146814
64.996684 -36.012448 -66.921855
61.041531 -33.480980 -71.784090
5
51.489933 65.757085 54.998115
57.094568 54.726906 61.197843
41.204168 57.078172 71.023227
33.454822 63.660787 69.484381
48.521669 67.777809 55.243246
5
-68.303263 3.236789 72.967030
-61.119146 19.885119 76.609608
-56.810829 17.653397 80.379645
-49.452454 6.332723 86.685358
-59.291406 -1.669377 80.509269
5
84.716219 4.365686 -52.953781
84.495777 -7.921358 -52.893438
93.739038 -7.668327 -33.973366
95.847790 -2.354924 -28.419280
95.517932 1.199726 -29.578460
8
70.333264 50.285699 -50.245203
65.920783 59.985634 -45.345055
63.384986 62.796559 -45.154576
61.529221 63.938869 -46.108307
46.992058 56.371988 -67.926030
51.701824 51.780319 -68.159518
60.364748 47.717741 -63.867945
70.191808 46.572109 -53.890154
5
46.992058 56.371988 -67.926030
45.777387 56.987947 -68.240785
38.268326 44.132315 -81.165719
48.804802 37.608647 -78.763450
51.701824 51.780319 -68.159518
6
95.116085 -24.737573 -18.465720
98.510628 -9.813699 -14.119049
95.847790 -2.354924 -28.419280
93.739038 -7.668327 -33.973366
89.932549 -23.910743 -36.611650
91.071439 -27.701129 -30.637240
8
39.931066 86.148481 -31.367965
38.865316 87.381847 -29.221569
38.672373 87.537682 -29.010374
15.664789 95.109440 -26.623463
12.263221 92.062282 -37.069525
14.944787 89.508070 -42.011411
33.717408 84.414518 -41.681237
39.640613 85.468171 -33.523328
5
-21.677843 -86.737890 -44.795197
-26.343544 -75.786005 -59.686674
-27.209107 -75.389782 -59.800045
-35.765044 -83.120133 -42.566479
-34.742741 -85.879763 -37.651138
8
-4.316468 21.726820 97.515709
-5.900106 24.156060 96.859039
-5.925653 26.247933 96.311643
-1.630901 31.349271 94.945055
18.129875 33.884692 92.320828
21.428214 29.283950 93.184129
19.406930 24.558898 94.974900
5.393559 17.830629 98.249571
6
-24.071305 25.808299 -93.565506
-31.804031 -3.603201 -94.739224
-23.373852 -8.576011 -96.850994
-23.297271 -8.547254 -96.871986
-11.655754 6.012508 -99.136235
-20.078168 24.314657 -94.898180
6
-62.583644 4.635384 -77.857567
-73.781668 -3.529813 -67.407759
-68.096284 -21.175543 -70.103442
-55.260516 -26.760143 -78.931426
-52.044979 -7.306927 -85.076019
-59.142603 3.794456 -80.546599
8
-56.177869 70.776274 -42.834168
-53.421561 73.499254 -41.761184
-57.388495 78.331650 -23.889607
-62.691395 75.373113 -19.715041
-66.047395 72.604730 -19.138826
-71.222555 64.198704 -28.387920
-71.137560 64.083441 -28.857585
-60.312717 68.248871 -41.285200
5
38.482836 -82.252195 -41.876576
39.509239 -73.277893 -55.401899
39.255611 -73.229748 -55.645314
29.284088 -75.109685 -59.169058
16.521979 -83.342104 -52.736305
7
-67.004189 44.418170 -59.476591
-72.179025 52.818553 -44.725706
-75.404763 52.341924 -39.679273
-80.043930 45.796515 -38.673615
-80.527620 43.227378 -40.579505
-77.889234 36.045735 -51.322238
-70.003304 40.246581 -58.989407
9
16.521979 -83.342104 -52.736305
15.930681 -83.531852 -52.617898
12.878593 -85.576432 -50.108045
10.059101 -90.009981 -42.391247
25.077838 -92.712103 -27.849022
30.963032 -91.746248 -24.978321
35.397223 -89.901662 -25.782316
39.819778 -82.610766 -39.872882
38.482836 -82.252195 -41.876576
6
-37.817598 -35.165245 -85.634309
-41.692445 -36.477390 -83.253468
-31.119732 -55.429612 -77.195339
-29.813613 -55.799373 -77.444034
-21.039169 -48.656024 -84.793542
-22.210401 -40.518758 -88.684431
5
42.002163 -86.048217 28.836136
48.790514 -84.068032 23.495780
48.964152 -86.071517 13.935777
36.505966 -92.207554 12.848398
34.783176 -92.710335 13.961534
6
-69.200569 -64.910127 -31.590452
-55.104776 -75.610185 -35.306706
-52.189604 -72.714615 -44.596300
-58.932728 -61.296292 -52.627922
-60.949288 -59.656739 -52.213579
-68.654375 -61.107527 -39.401102
5
71.449649 -7.944450 -69.511390
68.572772 -21.701245 -69.475398
68.878732 -22.354026 -68.963887
81.734944 -23.219740 -52.728006
82.470299 -13.621480 -54.891758
8
42.678749 79.974907 42.220121
42.142811 78.725159 45.014806
29.525823 73.751575 60.736570
27.138312 75.253332 60.003734
21.221559 83.929405 50.054973
21.396683 85.876925 46.554654
41.392731 81.061512 41.420683
41.445351 81.028722 41.432223
4
-19.602179 63.042005 75.109655
-22.015239 48.507476 84.630692
-27.516862 47.446789 83.615934
-32.889849 59.723919 73.152658
6
90.481289 -33.419217 26.387350
89.884788 -28.912244 32.936410
93.709451 -14.425407 31.787520
96.051833 -11.086355 25.517409
97.303950 -15.458984 17.116105
95.376391 -25.551414 15.826222
4
16.413143 20.035863 -96.587644
15.172831 34.846150 -92.496114
5.302320 37.716416 -92.462735
3.143481 25.535812 -96.633539
5
5.518850 -81.891830 57.125042
-4.201014 -75.614939 65.304919
-1.080166 -70.712577 70.700528
13.691389 -67.388228 72.604219
11.704006 -80.258960 58.493723
5
-85.890942 -38.214248 34.094242
-82.334109 -44.950469 34.648950
-78.855865 -57.447535 21.943866
-86.276011 -47.903302 16.177874
-89.043729 -41.799782 17.999795
8
-45.594861 88.981162 1.860480
-45.278176 89.156324 1.018140
-37.124112 92.350508 -9.653188
-29.501068 94.933143 -10.834455
-25.930152 96.172894 -8.854476
-18.493815 96.967466 15.977777
-35.718519 91.876982 16.816883
-39.531884 90.674752 14.673771
8
72.815477 68.539985 0.420502
72.898180 68.452730 0.281221
81.533137 57.896559 0.579792
92.152482 36.994800 11.802744
91.822009 36.661016 14.989617
91.560695 36.922459 15.917637
76.943148 62.027626 15.242231
71.342361 69.393986 9.733562
9
-86.038395 -37.449481 34.567775
-85.807751 -32.319072 39.906234
-85.278204 -30.924299 42.087001
-74.937938 -37.052505 54.876382
-73.083929 -39.606416 55.588408
-71.691364 -51.271025 47.240135
-81.247951 -46.231175 35.516881
-82.334109 -44.950469 34.648950
-85.890942 -38.214248 34.094242
8
47.989164 20.734368 -85.247441
50.087278 35.722418 -78.836371
48.804802 37.608647 -78.763450
38.268326 44.132315 -81.165719
36.224003 44.280048 -82.018894
32.747044 40.979619 -85.136960
32.014729 31.707000 -89.273306
45.441254 19.247221 -86.974921
6
-73.932746 -64.548563 19.168518
-72.803788 -67.670103 10.971125
-77.270263 -63.256639 5.282427
-81.631790 -57.693161 2.783892
-86.276011 -47.903302 16.177874
-78.855865 -57.447535 21.943866
6
-71.222555 64.198704 -28.387920
-80.694393 55.865304 -19.169838
-86.031646 43.969309 -25.792551
-80.043930 45.796515 -38.673615
-75.404763 52.341924 -39.679273
-71.137560 64.083441 -28.857585
6
79.257219 -37.113451 48.382693
78.144361 -39.704675 48.135202
57.100536 -38.797702 72.348235
56.961606 -38.026972 72.865114
61.819034 -31.627195 71.959208
79.712536 -26.960822 54.028009
5
-55.917159 -8.012496 82.517097
-59.291406 -1.669377 80.509269
-49.452454 6.332723 86.685358
-48.103604 6.195364 87.450905
-44.375292 -11.485908 88.875797
5
-82.995355 43.296094 35.174128
-85.595198 46.058353 23.496601
-78.860932 57.790171 21.005941
-72.389333 61.126679 31.989275
-71.437954 59.709349 36.488525
6
13.790710 -35.212713 -92.573653
9.052756 -41.359168 -90.595071
9.892568 -42.666576 -89.898278
27.697408 -47.975685 -83.253752
35.579898 -40.750422 -84.103948
27.948327 -34.663431 -89.539587
5
-90.686500 21.940770 -35.980012
-94.008769 24.612289 -23.592085
-94.990587 22.435034 -21.759083
-95.190032 8.354150 -29.479926
-90.968962 17.199962 -37.799592
5
-6.320736 92.037930 -38.588441
12.263221 92.062282 -37.069525
15.664789 95.109440 -26.623463
15.236973 95.407846 -25.791035
-4.697988 96.377319 -26.255309
5
-35.775903 31.642494 87.856914
-36.922095 29.592267 88.096860
-56.116602 30.666655 76.879668
-47.060876 47.706370 74.225172
-35.144907 40.508092 84.403377
5
-97.549794 -17.797494 12.933943
-86.038395 -37.449481 34.567775
-85.890942 -38.214248 34.094242
-89.043729 -41.799782 17.999795
-89.809253 -40.861486 16.267670
8
-1.983215 -44.353628 -89.603697
-8.063634 -54.673132 -83.341625
5.826974 -62.533008 -77.818181
8.016527 -61.466248 -78.470604
12.416371 -53.089914 -83.828962
9.892568 -42.666576 -89.898278
9.052756 -41.359168 -90.595071
4.398293 -41.715609 -90.776996
7
-5.711135 99.744213 -4.298248
-5.226669 99.255938 10.997301
-10.617970 98.132386 16.040374
-14.783455 97.307319 17.684320
-18.493815 96.967466 15.977777
-25.930152 96.172894 -8.854476
-6.393210 99.614724 -6.002803
6
-32.167256 76.084798 56.359305
-12.418412 67.525664 72.705349
-19.602179 63.042005 75.109655
-32.889849 59.723919 73.152658
-37.877988 61.127192 69.489024
-38.338558 66.101442 64.503910
4
-98.281341 -18.395752 1.540884
-94.996563 -30.797580 -5.211733
-94.434019 -19.800086 -26.271137
-96.253627 -13.140616 -23.718421
5
-98.572342 -16.486485 3.418956
-98.281341 -18.395752 1.540884
-96.253627 -13.140616 -23.718421
-96.785028 -1.712979 -25.094303
-99.157332 3.213413 -12.549799
7
43.313369 14.823751 -88.905615
40.635558 14.163036 -90.267158
22.517670 0.452545 -97.430743
36.140333 -12.154225 -92.445395
42.300224 -9.777033 -90.083854
43.087938 -8.815949 -89.809290
46.409642 2.402837 -88.545872
6
-29.813613 -55.799373 -77.444034
-31.119732 -55.429612 -77.195339
-38.153273 -60.227621 -70.121048
-32.145013 -72.733074 -60.634957
-27.433374 -75.175542 -59.967057
-20.893629 -62.089410 -75.553699
4
4.709200 -99.641285 7.031200
24.202853 -96.372459 11.250378
23.820294 -97.019520 -4.450426
12.496995 -98.919178 -7.669502
7
62.562735 -67.843220 38.512357
62.547504 -67.878010 38.475779
53.121687 -75.949839 37.546083
36.101519 -82.202152 44.039602
34.364525 -82.256890 45.308757
47.936677 -66.543094 57.219679
50.489188 -64.871402 56.943332
6
19.730315 -21.988174 -95.536563
13.890681 -30.226299 -94.304930
13.790710 -35.212713 -92.573653
27.948327 -34.663431 -89.539587
34.850910 -21.794510 -91.161469
34.262296 -16.615452 -92.466328
7
24.202853 -96.372459 11.250378
27.194862 -94.966936 15.547365
34.783176 -92.710335 13.961534
36.505966 -92.207554 12.848398
40.367907 -91.476848 -1.555128
28.749305 -95.379131 -8.734925
23.820294 -97.019520 -4.450426
8
-85.902193 -31.025808 -40.721154
-89.472278 -28.314449 -34.539883
-89.472478 -29.843206 -33.227380
-86.220029 -43.058173 -26.685210
-78.867807 -47.288177 -39.289914
-77.453556 -46.192624 -43.210974
-77.368170 -44.239871 -45.354163
-79.081924 -38.711989 -47.407081
5
52.556373 -36.319802 76.933086
33.721564 -44.119880 83.164249
22.827761 -35.940342 90.483066
22.973780 -35.177102 90.745671
45.841097 -24.266950 85.496836
6
95.376391 -25.551414 15.826222
97.303950 -15.458984 17.116105
99.946680 -3.101020 1.022195
99.964229 -2.359068 -1.260087
99.530947 -6.973579 -6.705209
94.714575 -31.785774 4.337505
5
-0.081061 70.446294 70.974031
-3.006114 77.835023 62.711024
7.728949 84.157157 53.458735
12.174978 82.403815 55.329749
13.239986 76.678862 62.809672
5
32.747044 40.979619 -85.136960
22.048763 43.618914 -87.242434
17.231821 35.350982 -91.942223
27.804207 30.192641 -91.188434
32.014729 31.707000 -89.273306
6
-89.798788 37.734720 -22.633353
-94.008769 24.612289 -23.592085
-90.686500 21.940770 -35.980012
-87.557529 27.745074 -39.546048
-87.026950 31.745020 -37.663824
-89.740639 37.815246 -22.729386
5
4.398293 -41.715609 -90.776996
-4.629685 -28.425099 -95.763144
-15.719080 -28.796938 -94.465056
-16.153164 -38.149533 -91.014770
-1.983215 -44.353628 -89.603697
5
91.376880 -40.064469 -6.715956
95.116085 -24.737573 -18.465720
91.071439 -27.701129 -30.637240
85.407086 -41.885316 -30.842340
90.506533 -41.920985 -7.155317
6
-64.801594 59.385449 47.687754
-62.863510 60.261225 49.160593
-56.709623 60.586154 55.797282
-48.309441 49.467081 72.244071
-59.455824 45.929677 65.995983
-68.351273 48.398611 54.641357
7
-56.235732 78.099126 27.167423
-57.684564 71.740866 39.060713
-65.341538 60.055421 46.085027
-71.437954 59.709349 36.488525
-72.389333 61.126679 31.989275
-63.236528 74.995026 19.413592
-61.961812 76.094092 19.246377
6
39.509239 -73.277893 -55.401899
49.708409 -70.633514 -50.398221
54.765302 -64.710301 -53.040914
46.159266 -60.724717 -64.667078
44.098626 -61.156002 -65.690598
39.255611 -73.229748 -55.645314
7
95.216133 8.635764 -29.314016
97.260121 21.355473 -9.187636
94.282944 32.057092 -9.114236
92.784426 35.024827 -12.818417
91.085308 37.252230 -17.769019
89.297123 31.371621 -32.277627
88.636448 23.076882 -40.137732
6
-5.071406 90.628819 41.960673
-17.191404 91.174343 37.305426
-14.783455 97.307319 17.684320
-10.617970 98.132386 16.040374
7.505156 92.628761 36.926755
4.056170 91.808925 39.429288
7
-46.927671 77.447067 -42.423408
-53.421561 73.499254 -41.761184
-56.177869 70.776274 -42.834168
-49.972693 56.810825 -65.385474
-47.131066 58.767532 -65.765035
-43.176168 62.793242 -64.752045
-36.967619 73.824139 -56.421552
6
20.671044 97.521661 -7.888823
31.510394 94.499152 -8.775273
34.411980 93.788526 4.419063
30.870418 94.488277 10.907923
17.020130 98.174722 8.487585
16.799024 98.557721 2.041675
6
-92.828355 -5.086315 36.837833
-94.138931 13.344823 30.980273
-87.870447 14.077037 45.613831
-84.575050 7.755772 52.791182
-87.070024 -5.442345 48.879360
-88.434607 -8.210693 45.955465
7
-87.433889 -47.926424 -7.640214
-87.996139 -46.793147 -8.190297
-91.537949 -39.928857 -5.146871
-89.809253 -40.861486 16.267670
-89.043729 -41.799782 17.999795
-86.276011 -47.903302 16.177874
-81.631790 -57.693161 2.783892
6
-87.050401 9.140870 -48.359819
-90.968962 17.199962 -37.799592
-95.190032 8.354150 -29.479926
-95.984202 -0.273958 -28.052772
-94.676098 -0.984159 -32.178688
-86.840076 7.561523 -49.006372
5
56.183673 35.812353 -74.571243
60.364748 47.717741 -63.867945
51.701824 51.780319 -68.159518
48.804802 37.608647 -78.763450
50.087278 35.722418 -78.836371
4
-22.383372 92.446165 -30.865696
-39.211236 84.878634 -35.469655
-29.854866 85.133196 -43.139610
-13.126958 89.067954 -43.526803
6
85.885477 -46.623619 21.211391
84.340851 -47.493008 25.120410
90.481289 -33.419217 26.387350
95.376391 -25.551414 15.826222
94.714575 -31.785774 4.337505
94.144568 -33.578685 3.045030
6
-35.857324 -84.965847 38.665969
-50.824924 -78.219415 36.035404
-53.091496 -75.140021 39.182526
-37.839705 -71.296874 59.033147
-36.432440 -71.743289 59.376576
-32.845784 -76.752068 55.047929
8
-66.047395 72.604730 -19.138826
-70.088535 71.177403 -4.623265
-73.315001 67.980484 -1.887980
-76.174589 64.761699 -1.831492
-81.901559 56.647147 -9.123339
-82.087353 56.117466 -10.606436
-80.694393 55.865304 -19.169838
-71.222555 64.198704 -28.387920
4
57.522642 -52.052288 63.100752
71.352194 -54.954375 43.461259
62.562735 -67.843220 38.512357
50.489188 -64.871402 56.943332
6
18.291795 63.212168 -75.296959
25.819627 59.342495 -76.235261
45.131843 57.635404 -68.126918
40.152508 70.217500 -58.798629
37.931521 71.455122 -58.782355
21.915545 69.112243 -68.870943
5
-42.004904 -88.461841 20.250698
-53.379139 -82.168054 19.976947
-50.824924 -78.219415 36.035404
-35.857324 -84.965847 38.665969
-32.071962 -89.625650 30.637102
5
29.629234 -55.500866 77.728775
19.015710 -61.736490 76.334845
16.101833 -40.714136 89.906007
22.827761 -35.940342 90.483066
33.721564 -44.119880 83.164249
6
-5.711135 99.744213 -4.298248
-6.393210 99.614724 -6.002803
-3.008206 99.325292 -11.199868
14.650204 97.694578 -15.528712
20.671044 97.521661 -7.888823
16.799024 98.557721 2.041675
6
-22.210401 -40.518758 -88.684431
-21.039169 -48.656024 -84.793542
-9.026647 -55.150714 -82.927187
-8.063634 -54.673132 -83.341625
-1.983215 -44.353628 -89.603697
-16.153164 -38.149533 -91.014770
7
17.792396 49.154777 -85.248100
22.048763 43.618914 -87.242434
32.747044 40.979619 -85.136960
36.224003 44.280048 -82.018894
25.819627 59.342495 -76.235261
18.291795 63.212168 -75.296959
16.163617 62.623972 -76.269100
6
-61.961812 76.094092 19.246377
-63.236528 74.995026 19.413592
-70.669299 69.766907 11.765585
-73.315001 67.980484 -1.887980
-70.088535 71.177403 -4.623265
-54.412910 83.728871 5.358306
6
-78.867807 -47.288177 -39.289914
-77.340340 -57.018878 -27.700528
-71.386209 -64.297239 -27.746605
-69.200569 -64.910127 -31.590452
-68.654375 -61.107527 -39.401102
-77.453556 -46.192624 -43.210974
7
29.629234 -55.500866 77.728775
33.721564 -44.119880 83.164249
52.556373 -36.319802 76.933086
56.961606 -38.026972 72.865114
57.100536 -38.797702 72.348235
56.053692 -45.286588 69.333315
39.878991 -57.577209 71.375984
5
74.654458 65.380163 -12.334755
75.382799 59.613996 -27.633407
82.714041 48.799046 -27.875447
89.391710 40.690712 -18.798620
74.830459 65.335554 -11.474659
7
-15.719080 -28.796938 -94.465056
-4.629685 -28.425099 -95.763144
-1.734169 -18.617421 -98.236370
-6.763833 -13.845919 -98.805572
-23.297271 -8.547254 -96.871986
-23.373852 -8.576011 -96.850994
-23.957978 -13.543277 -96.138416
7
43.628974 -13.794766 88.916911
47.223216 -5.010809 88.004884
69.998642 -6.915148 71.080031
61.819034 -31.627195 71.959208
56.961606 -38.026972 72.865114
52.556373 -36.319802 76.933086
45.841097 -24.266950 85.496836
5
56.315861 78.650357 -25.350447
58.274318 80.782284 -8.850225
53.366512 84.236925 -7.493725
38.865316 87.381847 -29.221569
39.931066 86.148481 -31.367965
7
30.963032 -91.746248 -24.978321
28.749305 -95.379131 -8.734925
40.367907 -91.476848 -1.555128
46.790180 -88.226309 -5.176624
47.336187 -87.733226 -7.884575
36.209850 -89.687832 -25.395658
35.397223 -89.901662 -25.782316
5
-86.001041 24.815431 44.587165
-87.870447 14.077037 45.613831
-94.138931 13.344823 30.980273
-95.357561 22.219023 20.328564
-91.437790 27.693930 29.532641
5
-87.557529 27.745074 -39.546048
-90.686500 21.940770 -35.980012
-90.968962 17.199962 -37.799592
-87.050401 9.140870 -48.359819
-82.047336 27.159966 -50.304780
5
66.082950 25.284360 -70.666434
69.588389 23.600341 -67.826838
78.666145 31.219880 -53.263090
70.250177 46.422062 -53.943533
64.620652 30.185551 -70.092824
7
-20.893629 -62.089410 -75.553699
-27.433374 -75.175542 -59.967057
-27.209107 -75.389782 -59.800045
-26.343544 -75.786005 -59.686674
-18.139588 -77.666492 -60.323059
-8.627140 -68.267936 -72.560742
-14.204174 -62.084426 -77.095820
5
-72.464453 -59.477063 34.804913
-66.789654 -59.920178 44.144245
-61.241572 -70.138016 36.470927
-63.419630 -70.327637 32.124352
-71.722406 -64.869813 25.451990
5
50.292247 -26.787776 -82.177278
52.051759 -35.290404 -77.750896
61.041531 -33.480980 -71.784090
60.760699 -24.561848 -75.530478
51.228938 -24.697782 -82.253361
5
91.085308 37.252230 -17.769019
89.391710 40.690712 -18.798620
82.714041 48.799046 -27.875447
77.484496 47.084345 -42.180769
89.297123 31.371621 -32.277627
4
-76.174589 64.761699 -1.831492
-81.476773 56.820488 11.531155
-89.159222 44.927355 5.671495
-81.901559 56.647147 -9.123339
8
34.850910 -21.794510 -91.161469
42.061637 -29.370022 -85.838340
50.292247 -26.787776 -82.177278
51.228938 -24.697782 -82.253361
51.219628 -22.869459 -82.786095
42.300224 -9.777033 -90.083854
36.140333 -12.154225 -92.445395
34.262296 -16.615452 -92.466328
5
-15.297343 -50.142813 85.156853
-16.252138 -51.614065 84.094330
-37.814281 -47.999376 79.158954
-43.493926 -35.269378 82.851369
-31.663101 -29.787663 90.056334
6
-46.855915 -74.425453 -47.595957
-40.864257 -71.373779 -56.884937
-49.530121 -63.285484 -59.512306
-51.756265 -62.126565 -58.835184
-58.932728 -61.296292 -52.627922
-52.189604 -72.714615 -44.596300
5
25.819627 59.342495 -76.235261
36.224003 44.280048 -82.018894
38.268326 44.132315 -81.165719
45.777387 56.987947 -68.240785
45.131843 57.635404 -68.126918
6
46.099220 78.946529 40.525392
58.617352 66.974197 45.590163
51.489933 65.757085 54.998115
48.521669 67.777809 55.243246
42.142811 78.725159 45.014806
42.678749 79.974907 42.220121
7
-2.145382 -99.474011 10.015912
-2.555056 -99.278989 11.711277
11.914142 -96.388340 23.818925
26.992769 -94.949380 16.000179
27.194862 -94.966936 15.547365
24.202853 -96.372459 11.250378
4.709200 -99.641285 7.031200
5
-68.043810 -42.187776 59.918540
-57.612253 -59.246879 56.308397
-66.092906 -58.028546 47.585875
-71.691364 -51.271025 47.240135
-73.083929 -39.606416 55.588408
5
19.601864 74.166183 -64.149390
21.915545 69.112243 -68.870943
37.931521 71.455122 -58.782355
32.428092 81.306954 -48.348713
22.061744 81.095084 -54.192866
6
-20.380992 55.756302 -80.472666
-5.251580 54.222650 -83.858960
4.892861 63.128640 -77.400482
-19.056272 70.595623 -68.213756
-19.640598 70.291443 -68.361977
-23.123090 64.952738 -72.432482
6
-23.297271 -8.547254 -96.871986
-6.763833 -13.845919 -98.805572
2.378470 -5.804322 -99.803070
0.588079 2.446815 -99.968331
-8.952902 6.839118 -99.363333
-11.655754 6.012508 -99.136235
8
9.058996 92.731303 36.315838
14.098157 91.584543 37.596721
21.396683 85.876925 46.554654
21.221559 83.929405 50.054973
12.174978 82.403815 55.329749
7.728949 84.157157 53.458735
4.056170 91.808925 39.429288
7.505156 92.628761 36.926755
8
29.525823 73.751575 60.736570
33.137276 63.806986 69.502442
15.797993 57.620778 80.188960
0.474425 65.984388 75.138774
-0.849099 67.677918 73.613711
-0.081061 70.446294 70.974031
13.239986 76.678862 62.809672
27.138312 75.253332 60.003734
4
-3.208285 -51.301278 85.778120
-14.493985 -49.868574 85.457883
-3.155868 -28.192226 95.891808
14.652250 -40.897342 90.070633
5
-5.071406 90.628819 41.960673
4.056170 91.808925 39.429288
7.728949 84.157157 53.458735
-3.006114 77.835023 62.711024
-7.628629 81.698685 57.158805
5
-3.008206 99.325292 -11.199868
-5.185063 96.661411 -25.093559
-4.697988 96.377319 -26.255309
15.236973 95.407846 -25.791035
14.650204 97.694578 -15.528712
5
-72.532318 -10.001833 68.110397
-75.645878 -20.853263 61.990665
-86.229355 -20.603680 46.259991
-88.434607 -8.210693 45.955465
-87.070024 -5.442345 48.879360
5
33.454822 63.660787 69.484381
33.137276 63.806986 69.502442
29.525823 73.751575 60.736570
42.142811 78.725159 45.014806
48.521669 67.777809 55.243246
6
87.862621 -47.446445 -5.384677
78.157878 -62.218220 4.498798
78.495617 -59.465328 17.387146
83.288812 -48.919032 25.882466
84.340851 -47.493008 25.120410
85.885477 -46.623619 21.211391
7
-71.386209 -64.297239 -27.746605
-71.181074 -67.624482 -18.978518
-65.489539 -74.130707 -14.688723
-62.365584 -76.634101 -15.419097
-50.284941 -81.777735 -27.996907
-55.104776 -75.610185 -35.306706
-69.200569 -64.910127 -31.590452
7
39.448175 -64.339354 65.607081
28.256984 -70.636855 64.899750
17.312870 -64.430161 74.491737
17.523837 -63.297412 75.407909
19.015710 -61.736490 76.334845
29.629234 -55.500866 77.728775
39.878991 -57.577209 71.375984
6
-91.944833 36.664170 14.208672
-95.543869 22.305676 19.334579
-97.590008 17.327125 13.265036
-98.387996 17.278719 -4.609576
-94.387522 32.279199 -7.003506
-89.998252 43.132377 6.317641
5
17.523837 -63.297412 75.407909
-3.208285 -51.301278 85.778120
14.652250 -40.897342 90.070633
16.101833 -40.714136 89.906007
19.015710 -61.736490 76.334845
6
-81.551444 -17.451682 -55.179713
-83.796852 -8.725202 -53.869829
-89.726336 -13.073441 -42.169535
-90.264980 -26.209103 -34.136731
-89.472278 -28.314449 -34.539883
-85.902193 -31.025808 -40.721154
6
-3.739109 -93.613368 -34.965075
6.707259 -98.794454 -13.952369
9.841720 -98.735042 -12.431090
25.077838 -92.712103 -27.849022
10.059101 -90.009981 -42.391247
-3.332840 -93.361162 -35.673318
7
4.225543 82.310099 -56.632078
-0.872017 76.305765 -64.627160
5.227692 63.284616 -77.251075
16.163617 62.623972 -76.269100
18.291795 63.212168 -75.296959
21.915545 69.112243 -68.870943
19.601864 74.166183 -64.149390
6
66.804299 37.798218 64.097429
63.633841 16.409613 75.375453
55.132793 19.852302 81.032471
52.769019 27.336148 80.424907
61.007469 40.304551 68.217533
62.330793 40.821083 66.697162
6
4.320231 39.077357 -91.947244
5.302320 37.716416 -92.462735
15.172831 34.846150 -92.496114
17.231821 35.350982 -91.942223
22.048763 43.618914 -87.242434
17.792396 49.154777 -85.248100
6
97.588330 16.349869 14.463732
91.822009 36.661016 14.989617
92.152482 36.994800 11.802744
94.282944 32.057092 -9.114236
97.260121 21.355473 -9.187636
99.650590 8.188254 -1.646910
7
-62.583644 4.635384 -77.857567
-59.142603 3.794456 -80.546599
-51.889317 16.469853 -83.882315
-53.915386 27.377106 -79.646878
-57.412476 30.466000 -75.997569
-59.644821 29.275939 -74.735632
-68.145012 17.117437 -71.156523
6
-26.461709 -65.248121 71.010286
-8.419502 -76.759234 63.538430
-15.769638 -83.580341 52.589402
-32.845784 -76.752068 55.047929
-36.432440 -71.743289 59.376576
-31.675328 -67.243427 66.895405
8
87.574240 35.219794 33.019973
87.897637 33.039687 34.385819
84.478397 14.106128 51.617997
83.058541 13.401914 54.052452
69.781461 36.769953 61.469653
74.750791 47.787822 46.137222
75.231063 47.944190 45.184530
80.746116 45.564880 37.468740
5
90.506533 -41.920985 -7.155317
85.407086 -41.885316 -30.842340
81.177515 -46.714828 -35.041918
77.304015 -59.187588 -22.823644
88.180653 -46.758977 -6.145765
5
99.946680 -3.101020 1.022195
97.303950 -15.458984 17.116105
96.051833 -11.086355 25.517409
95.785128 2.944683 28.575132
96.686708 5.851151 24.848430
7
-3.947314 -93.119014 36.239039
7.691248 -93.497095 34.628572
9.811734 -94.029220 32.591957
11.914142 -96.388340 23.818925
-2.555056 -99.278989 11.711277
-14.946253 -94.787586 28.141128
-10.050479 -93.082921 35.136274
6
-11.463597 -99.262276 -3.947966
-2.145382 -99.474011 10.015912
4.709200 -99.641285 7.031200
12.496995 -98.919178 -7.669502
9.841720 -98.735042 -12.431090
6.707259 -98.794454 -13.952369
8
27.697408 -47.975685 -83.253752
26.800007 -57.602213 -77.225285
29.607887 -61.485381 -73.095287
37.493322 -58.361478 -72.029082
41.500954 -51.124159 -75.259493
38.810396 -42.023982 -82.022790
36.822617 -40.729638 -83.577458
35.579898 -40.750422 -84.103948
8
64.050848 -67.544007 -36.541703
59.691311 -71.385499 -36.620457
53.774683 -79.319290 -28.578555
53.510254 -80.601655 -25.298732
56.012817 -79.881320 -21.943996
70.569509 -68.359339 -18.626465
72.136445 -65.640872 -22.081876
66.087300 -66.387527 -35.002357
5
82.311565 -15.705609 54.572339
79.712536 -26.960822 54.028009
61.819034 -31.627195 71.959208
69.998642 -6.915148 71.080031
76.267719 0.066540 64.677899
6
4.019166 -83.479135 54.909748
5.518850 -81.891830 57.125042
11.704006 -80.258960 58.493723
28.401583 -82.711653 48.498789
14.979232 -88.340506 44.402451
5.822489 -87.014302 48.934751
5
5.826974 -62.533008 -77.818181
2.177132 -69.029939 -72.319621
12.100614 -73.758195 -66.432701
20.036167 -65.440414 -72.911619
8.016527 -61.466248 -78.470604
6
88.636448 23.076882 -40.137732
84.908064 21.547879 -48.231832
83.101115 10.744023 -54.578116
84.716219 4.365686 -52.953781
95.517932 1.199726 -29.578460
95.216133 8.635764 -29.314016
6
-12.832096 -86.077578 49.254318
-15.769638 -83.580341 52.589402
-8.419502 -76.759234 63.538430
-4.201014 -75.614939 65.304919
5.518850 -81.891830 57.125042
4.019166 -83.479135 54.909748
7
-9.906392 51.436260 85.183182
-17.812572 47.607358 86.117662
-22.015239 48.507476 84.630692
-19.602179 63.042005 75.109655
-12.418412 67.525664 72.705349
-0.849099 67.677918 73.613711
0.474425 65.984388 75.138774
6
-86.840076 7.561523 -49.006372
-94.676098 -0.984159 -32.178688
-89.726336 -13.073441 -42.169535
-83.796852 -8.725202 -53.869829
-82.149035 -1.112948 -57.011380
-82.861842 1.872930 -55.950042
4
-51.756265 -62.126565 -58.835184
-49.530121 -63.285484 -59.512306
-39.396609 -59.814729 -69.786140
-50.379063 -50.363439 -70.181722
7
-82.087353 56.117466 -10.606436
-89.561573 43.052203 -11.190730
-90.875509 38.696656 -15.627241
-89.798788 37.734720 -22.633353
-89.740639 37.815246 -22.729386
-86.031646 43.969309 -25.792551
-80.694393 55.865304 -19.169838
4
59.691311 -71.385499 -36.620457
50.340562 -74.269300 -44.157660
46.701408 -78.707636 -40.299956
53.774683 -79.319290 -28.578555
6
-45.278176 89.156324 1.018140
-45.594861 88.981162 1.860480
-54.412910 83.728871 5.358306
-70.088535 71.177403 -4.623265
-66.047395 72.604730 -19.138826
-62.691395 75.373113 -19.715041
5
-67.004189 44.418170 -59.476591
-61.564195 48.011788 -62.487743
-56.951839 52.671697 -63.104520
-64.688753 59.504896 -47.692061
-72.179025 52.818553 -44.725706
5
51.219628 -22.869459 -82.786095
60.749428 -11.390566 -78.611462
61.042185 -9.635743 -78.619362
43.087938 -8.815949 -89.809290
42.300224 -9.777033 -90.083854
6
61.920683 -77.301665 13.794259
62.568624 -76.039747 17.410459
66.864758 -70.118253 24.749438
78.495617 -59.465328 17.387146
78.157878 -62.218220 4.498798
72.640523 -68.725769 -0.350724
8
-10.050479 -93.082921 35.136274
-14.946253 -94.787586 28.141128
-15.723511 -94.714113 27.964405
-32.071962 -89.625650 30.637102
-35.857324 -84.965847 38.665969
-32.845784 -76.752068 55.047929
-15.769638 -83.580341 52.589402
-12.832096 -86.077578 49.254318
9
50.196140 85.250640 14.583413
47.613694 87.795797 4.983395
48.441186 87.434790 -2.934112
53.366512 84.236925 -7.493725
58.274318 80.782284 -8.850225
72.815477 68.539985 0.420502
71.342361 69.393986 9.733562
63.839474 74.428071 19.621005
62.281904 75.626330 20.040524
7
63.384986 62.796559 -45.154576
61.584926 73.634085 -28.023533
56.315861 78.650357 -25.350447
39.931066 86.148481 -31.367965
39.640613 85.468171 -33.523328
54.767383 68.849480 -47.542433
61.529221 63.938869 -46.108307
6
-5.925653 26.247933 96.311643
-13.965550 32.728786 93.454748
-17.812572 47.607358 86.117662
-9.906392 51.436260 85.183182
0.601669 41.094814 91.163887
-1.630901 31.349271 94.945055
6
70.541553 -70.591076 -6.386644
61.824435 -78.419347 -5.305214
54.349473 -83.827061 4.377060
54.787924 -83.102497 9.605121
61.920683 -77.301665 13.794259
72.640523 -68.725769 -0.350724
5
-46.047442 83.610692 29.814179
-44.441874 83.199538 33.207780
-45.191264 79.017205 41.400857
-57.684564 71.740866 39.060713
-56.235732 78.099126 27.167423
6
36.505966 -92.207554 12.848398
48.964152 -86.071517 13.935777
54.787924 -83.102497 9.605121
54.349473 -83.827061 4.377060
46.790180 -88.226309 -5.176624
40.367907 -91.476848 -1.555128
5
-45.787115 31.977190 -82.951790
-34.973521 26.043098 -89.992277
-33.739935 26.685976 -90.274445
-35.882320 42.751630 -82.974437
-42.654043 42.542824 -79.816920
5
-4.646638 -2.467478 99.861506
17.382119 -0.285957 98.477308
17.632441 -2.161553 98.409475
3.356845 -21.509671 97.601566
-2.666715 -22.783941 97.333348
5
69.588389 23.600341 -67.826838
77.344036 10.526159 -62.506800
83.101115 10.744023 -54.578116
84.908064 21.547879 -48.231832
78.666145 31.219880 -53.263090
6
41.445351 81.028722 41.432223
41.392731 81.061512 41.420683
28.731781 90.776796 30.562363
30.650154 91.951739 24.605808
35.195863 91.596686 19.269105
41.916643 88.769775 19.050515
5
91.033778 5.748784 40.985396
95.785128 2.944683 28.575132
96.051833 -11.086355 25.517409
93.709451 -14.425407 31.787520
90.865071 -12.799568 39.745564
5
-80.400745 37.273185 46.329578
-82.306275 28.872457 48.908674
-86.001041 24.815431 44.587165
-91.437790 27.693930 29.532641
-83.846555 40.005622 37.004128
4
94.282944 32.057092 -9.114236
92.152482 36.994800 11.802744
81.533137 57.896559 0.579792
92.784426 35.024827 -12.818417
6
-30.224667 -95.305888 1.804772
-16.075392 -98.468679 -6.745452
-17.477931 -95.446447 -24.176389
-31.757408 -90.814207 -27.280890
-38.204788 -91.722990 -11.282166
-30.949252 -95.073606 1.775744
9
-26.295638 14.473013 95.389053
-33.359351 13.794296 93.257016
-34.671258 14.174122 92.719999
-37.059249 21.045944 90.463696
-36.922095 29.592267 88.096860
-35.775903 31.642494 87.856914
-13.965550 32.728786 93.454748
-5.925653 26.247933 96.311643
-5.900106 24.156060 96.859039
7
-87.070024 -5.442345 48.879360
-84.575050 7.755772 52.791182
-81.809930 10.467039 56.547117
-77.244334 9.885658 62.734255
-68.780867 2.929707 72.530057
-72.449492 -9.943017 68.207093
-72.532318 -10.001833 68.110397
6
44.098626 -61.156002 -65.690598
46.159266 -60.724717 -64.667078
58.097094 -48.682283 -65.228544
52.263578 -46.813540 -71.253147
41.500954 -51.124159 -75.259493
37.493322 -58.361478 -72.029082
6
-11.613844 89.083368 -43.923480
4.190449 83.404808 -55.009801
12.170293 85.762758 -49.966323
14.944787 89.508070 -42.011411
12.263221 92.062282 -37.069525
-6.320736 92.037930 -38.588441
6
54.787924 -83.102497 9.605121
48.964152 -86.071517 13.935777
48.790514 -84.068032 23.495780
53.049958 -80.430119 26.771214
62.568624 -76.039747 17.410459
61.920683 -77.301665 13.794259
5
-69.748419 29.355596 65.371301
-77.244334 9.885658 62.734255
-81.809930 10.467039 56.547117
-79.710188 25.190795 54.879046
-70.517938 30.240398 64.130638
7
-11.463597 -99.262276 -3.947966
-16.075392 -98.468679 -6.745452
-30.224667 -95.305888 1.804772
-15.723511 -94.714113 27.964405
-14.946253 -94.787586 28.141128
-2.555056 -99.278989 11.711277
-2.145382 -99.474011 10.015912
5
-37.839705 -71.296874 59.033147
-53.091496 -75.140021 39.182526
-56.009753 -72.892032 39.365711
-56.520256 -59.744155 56.886699
-55.043089 -60.013455 58.040017
8
-3.739109 -93.613368 -34.965075
-3.332840 -93.361162 -35.673318
-10.361685 -90.027243 -42.281569
-21.677843 -86.737890 -44.795197
-34.742741 -85.879763 -37.651138
-36.023172 -87.849241 -31.382192
-31.757408 -90.814207 -27.280890
-17.477931 -95.446447 -24.176389
6
39.878991 -57.577209 71.375984
56.053692 -45.286588 69.333315
57.522642 -52.052288 63.100752
50.489188 -64.871402 56.943332
47.936677 -66.543094 57.219679
39.448175 -64.339354 65.607081
7
-28.008904 -17.771446 94.338099
-23.410924 -7.699650 96.915654
-13.645376 -0.936446 99.060218
-7.306443 0.071507 99.732697
-4.646638 -2.467478 99.861506
-2.666715 -22.783941 97.333348
-2.971010 -23.117739 97.245788
8
95.517932 1.199726 -29.578460
95.847790 -2.354924 -28.419280
98.510628 -9.813699 -14.119049
99.530947 -6.973579 -6.705209
99.964229 -2.359068 -1.260087
99.650590 8.188254 -1.646910
97.260121 21.355473 -9.187636
95.216133 8.635764 -29.314016
7
81.734944 -23.219740 -52.728006
68.878732 -22.354026 -68.963887
64.996684 -36.012448 -66.921855
68.349899 -45.415119 -57.146814
68.480553 -45.463736 -56.951406
73.306805 -43.483806 -52.299818
81.797417 -24.501718 -52.046597
5
25.645939 28.661942 92.308065
36.841931 8.969289 92.532286
25.643360 6.807160 96.416185
19.406930 24.558898 94.974900
21.428214 29.283950 93.184129
7
-14.204174 -62.084426 -77.095820
-8.627140 -68.267936 -72.560742
-1.005208 -69.919494 -71.486040
2.177132 -69.029939 -72.319621
5.826974 -62.533008 -77.818181
-8.063634 -54.673132 -83.341625
-9.026647 -55.150714 -82.927187
7
-63.419630 -70.327637 32.124352
-61.241572 -70.138016 36.470927
-56.009753 -72.892032 39.365711
-53.091496 -75.140021 39.182526
-50.824924 -78.219415 36.035404
-53.379139 -82.168054 19.976947
-54.633351 -81.554230 19.081521
6
41.445351 81.028722 41.432223
41.916643 88.769775 19.050515
50.196140 85.250640 14.583413
62.281904 75.626330 20.040524
46.099220 78.946529 40.525392
42.678749 79.974907 42.220121
6
29.284088 -75.109685 -59.169058
29.028151 -62.249760 -72.679666
20.036167 -65.440414 -72.911619
12.100614 -73.758195 -66.432701
15.930681 -83.531852 -52.617898
16.521979 -83.342104 -52.736305
5
70.541553 -70.591076 -6.386644
70.569509 -68.359339 -18.626465
56.012817 -79.881320 -21.943996
54.295767 -82.971718 -12.948498
61.824435 -78.419347 -5.305214
6
-3.049378 -79.840213 -60.135195
12.878593 -85.576432 -50.108045
15.930681 -83.531852 -52.617898
12.100614 -73.758195 -66.432701
2.177132 -69.029939 -72.319621
-1.005208 -69.919494 -71.486040
7
-57.412476 30.466000 -75.997569
-57.365168 30.767011 -75.911978
-61.564195 48.011788 -62.487743
-67.004189 44.418170 -59.476591
-70.003304 40.246581 -58.989407
-69.911013 32.767647 -63.551015
-59.644821 29.275939 -74.735632
6
22.970066 20.315950 -95.182132
40.635558 14.163036 -90.267158
43.313369 14.823751 -88.905615
45.441254 19.247221 -86.974921
32.014729 31.707000 -89.273306
27.804207 30.192641 -91.188434
7
-77.340340 -57.018878 -27.700528
-85.628423 -47.254668 -20.851127
-87.996139 -46.793147 -8.190297
-87.433889 -47.926424 -7.640214
-71.958607 -67.084058 -17.935663
-71.181074 -67.624482 -18.978518
-71.386209 -64.297239 -27.746605
5
-86.229355 -20.603680 46.259991
-75.645878 -20.853263 61.990665
-73.105023 -28.210869 62.127308
-74.937938 -37.052505 54.876382
-85.278204 -30.924299 42.087001
5
-80.527620 43.227378 -40.579505
-80.043930 45.796515 -38.673615
-86.031646 43.969309 -25.792551
-89.740639 37.815246 -22.729386
-87.026950 31.745020 -37.663824
6
-82.047336 27.159966 -50.304780
-87.050401 9.140870 -48.359819
-86.840076 7.561523 -49.006372
-82.861842 1.872930 -55.950042
-74.695801 19.318454 -63.618666
-81.867187 27.339405 -50.500699
7
14.650204 97.694578 -15.528712
15.236973 95.407846 -25.791035
15.664789 95.109440 -26.623463
38.672373 87.537682 -29.010374
34.637235 93.145068 -11.147120
31.510394 94.499152 -8.775273
20.671044 97.521661 -7.888823
5
-70.669299 69.766907 11.765585
-79.206829 58.217900 18.356317
-81.476773 56.820488 11.531155
-76.174589 64.761699 -1.831492
-73.315001 67.980484 -1.887980
7
-23.335433 94.802497 -21.632018
-29.501068 94.933143 -10.834455
-37.124112 92.350508 -9.653188
-42.946375 87.076518 -23.943453
-40.533435 84.494895 -34.894891
-39.211236 84.878634 -35.469655
-22.383372 92.446165 -30.865696
6
-30.949252 -95.073606 1.775744
-38.204788 -91.722990 -11.282166
-47.949586 -87.088794 -10.787919
-52.373614 -85.066915 -4.541426
-52.590544 -85.049391 -0.914153
-36.903212 -92.770855 5.632174
5
-40.864257 -71.373779 -56.884937
-32.145013 -72.733074 -60.634957
-38.153273 -60.227621 -70.121048
-39.396609 -59.814729 -69.786140
-49.530121 -63.285484 -59.512306
5
-50.284941 -81.777735 -27.996907
-62.365584 -76.634101 -15.419097
-52.373614 -85.066915 -4.541426
-47.949586 -87.088794 -10.787919
-49.901815 -82.046039 -27.897245
6
61.041531 -33.480980 -71.784090
64.996684 -36.012448 -66.921855
68.878732 -22.354026 -68.963887
68.572772 -21.701245 -69.475398
62.925198 -21.371372 -74.724052
60.760699 -24.561848 -75.530478
6
-5.251580 54.222650 -83.858960
-20.380992 55.756302 -80.472666
-26.280548 51.344600 -81.688830
-27.826911 48.237388 -83.059120
-21.396589 37.025169 -90.395370
-3.673212 44.202213 -89.625175
6
69.781461 36.769953 61.469653
66.804299 37.798218 64.097429
62.330793 40.821083 66.697162
57.221830 54.632210 61.163582
61.378089 55.707812 55.940771
74.750791 47.787822 46.137222
7
-68.145012 17.117437 -71.156523
-73.653839 19.889388 -64.649240
-74.695801 19.318454 -63.618666
-82.861842 1.872930 -55.950042
-82.149035 -1.112948 -57.011380
-73.781668 -3.529813 -67.407759
-62.583644 4.635384 -77.857567
6
-89.472478 -29.843206 -33.227380
-93.576409 -34.775950 -5.838583
-91.537949 -39.928857 -5.146871
-87.996139 -46.793147 -8.190297
-85.628423 -47.254668 -20.851127
-86.220029 -43.058173 -26.685210
6
66.082950 25.284360 -70.666434
60.451550 16.276279 -77.978797
62.184799 12.471272 -77.314411
70.611263 4.271165 -70.681021
77.344036 10.526159 -62.506800
69.588389 23.600341 -67.826838
6
-7.306443 0.071507 99.732697
-4.316468 21.726820 97.515709
5.393559 17.830629 98.249571
18.553609 2.406978 98.234261
17.382119 -0.285957 98.477308
-4.646638 -2.467478 99.861506
5
4.225543 82.310099 -56.632078
19.601864 74.166183 -64.149390
22.061744 81.095084 -54.192866
12.170293 85.762758 -49.966323
4.190449 83.404808 -55.009801
8
88.636448 23.076882 -40.137732
89.297123 31.371621 -32.277627
77.484496 47.084345 -42.180769
70.333264 50.285699 -50.245203
70.191808 46.572109 -53.890154
70.250177 46.422062 -53.943533
78.666145 31.219880 -53.263090
84.908064 21.547879 -48.231832
5
30.650154 91.951739 24.605808
28.731781 90.776796 30.562363
14.098157 91.584543 37.596721
9.058996 92.731303 36.315838
12.323750 97.941186 15.989037
5
-33.739935 26.685976 -90.274445
-24.690852 26.402945 -93.237580
-21.396589 37.025169 -90.395370
-27.826911 48.237388 -83.059120
-35.882320 42.751630 -82.974437
5
-7.628629 81.698685 57.158805
-30.799850 77.738224 54.846492
-23.639564 88.993095 39.005130
-17.191404 91.174343 37.305426
-5.071406 90.628819 41.960673
5
57.009326 1.178137 -82.149551
61.609004 -8.783202 -78.276343
69.531166 -5.066591 -71.692027
70.611263 4.271165 -70.681021
62.184799 12.471272 -77.314411
5
-71.137560 64.083441 -28.857585
-75.404763 52.341924 -39.679273
-72.179025 52.818553 -44.725706
-64.688753 59.504896 -47.692061
-60.312717 68.248871 -41.285200
6
-35.765044 -83.120133 -42.566479
-27.209107 -75.389782 -59.800045
-27.433374 -75.175542 -59.967057
-32.145013 -72.733074 -60.634957
-40.864257 -71.373779 -56.884937
-46.855915 -74.425453 -47.595957
6
68.480553 -45.463736 -56.951406
68.349899 -45.415119 -57.146814
58.097094 -48.682283 -65.228544
46.159266 -60.724717 -64.667078
54.765302 -64.710301 -53.040914
57.810717 -62.636908 -52.292818
5
70.250177 46.422062 -53.943533
70.191808 46.572109 -53.890154
60.364748 47.717741 -63.867945
56.183673 35.812353 -74.571243
64.620652 30.185551 -70.092824
6
12.416371 -53.089914 -83.828962
8.016527 -61.466248 -78.470604
20.036167 -65.440414 -72.911619
29.028151 -62.249760 -72.679666
29.607887 -61.485381 -73.095287
26.800007 -57.602213 -77.225285
6
12.210061 98.057413 15.351163
12.323750 97.941186 15.989037
9.058996 92.731303 36.315838
7.505156 92.628761 36.926755
-10.617970 98.132386 16.040374
-5.226669 99.255938 10.997301
7
-28.008904 -17.771446 94.338099
-30.703839 -19.218978 93.208933
-38.958319 -13.642406 91.083117
-35.214586 13.545989 92.609066
-34.671258 14.174122 92.719999
-33.359351 13.794296 93.257016
-23.410924 -7.699650 96.915654
6
81.797417 -24.501718 -52.046597
89.932549 -23.910743 -36.611650
93.739038 -7.668327 -33.973366
84.495777 -7.921358 -52.893438
82.470299 -13.621480 -54.891758
81.734944 -23.219740 -52.728006
7
16.508935 8.294621 -98.278453
16.742822 7.025001 -98.337822
20.934803 0.810139 -97.780763
22.517670 0.452545 -97.430743
40.635558 14.163036 -90.267158
22.970066 20.315950 -95.182132
18.242294 17.814627 -96.694663
4
5.822489 -87.014302 48.934751
14.979232 -88.340506 44.402451
7.691248 -93.497095 34.628572
-3.947314 -93.119014 36.239039
7
-50.379063 -50.363439 -70.181722
-39.396609 -59.814729 -69.786140
-38.153273 -60.227621 -70.121048
-31.119732 -55.429612 -77.195339
-41.692445 -36.477390 -83.253468
-51.877813 -33.835085 -78.510379
-54.964042 -40.339115 -73.155382
6
94.144568 -33.578685 3.045030
91.376880 -40.064469 -6.715956
90.506533 -41.920985 -7.155317
88.180653 -46.758977 -6.145765
87.862621 -47.446445 -5.384677
85.885477 -46.623619 21.211391
5
-81.247951 -46.231175 35.516881
-71.691364 -51.271025 47.240135
-66.092906 -58.028546 47.585875
-66.789654 -59.920178 44.144245
-72.464453 -59.477063 34.804913
5
-55.917159 -8.012496 82.517097
-44.375292 -11.485908 88.875797
-42.692284 -12.868832 89.508447
-53.485624 -25.175777 80.656483
-59.469859 -17.719809 78.417755
5
-68.654375 -61.107527 -39.401102
-60.949288 -59.656739 -52.213579
-63.677545 -53.745261 -55.286681
-77.368170 -44.239871 -45.354163
-77.453556 -46.192624 -43.210974
5
46.790180 -88.226309 -5.176624
54.349473 -83.827061 4.377060
61.824435 -78.419347 -5.305214
54.295767 -82.971718 -12.948498
47.336187 -87.733226 -7.884575
5
34.411980 93.788526 4.419063
31.510394 94.499152 -8.775273
34.637235 93.145068 -11.147120
48.441186 87.434790 -2.934112
47.613694 87.795797 4.983395
6
66.087300 -66.387527 -35.002357
74.213307 -44.726695 -49.919012
73.306805 -43.483806 -52.299818
68.480553 -45.463736 -56.951406
57.810717 -62.636908 -52.292818
64.050848 -67.544007 -36.541703
