400
4
49.938976 -84.435402 19.410344
41.858509 -84.879536 32.300611
56.155397 -72.452384 39.965279
64.427805 -74.668999 16.540815
6
57.680009 -56.787954 58.720906
62.452555 -59.150689 50.998768
61.264016 -66.471631 42.757954
56.623923 -71.452553 41.088490
35.685173 -69.693579 62.204289
37.766187 -66.812215 64.108058
6
-83.940598 -42.001296 -34.494450
-81.895662 -35.190836 -45.328860
-86.085707 -19.770830 -46.886729
-89.095324 -16.092892 -42.462242
-89.887875 -33.722770 -27.981149
-89.615022 -34.397239 -28.035296
5
-28.203062 54.975076 -78.627784
-34.840716 54.641608 -76.160483
-35.741863 45.011249 -81.832186
-26.671058 40.094126 -87.641975
-22.908381 43.869470 -86.894624
6
15.576880 -80.924639 56.644185
24.563909 -77.349263 58.426928
34.113256 -87.583601 34.137934
31.045156 -89.840314 31.063102
4.010747 -92.659386 37.391872
3.844696 -88.300730 46.778193
5
51.420309 46.288822 -72.203163
51.566317 46.274234 -72.108323
58.016458 54.901226 -60.165987
44.463267 67.621765 -58.739380
40.364581 62.791187 -66.542974
5
-42.265812 38.392675 -82.095089
-51.037754 32.142534 -79.762179
-47.230466 21.912551 -85.376362
-41.082637 26.583854 -87.209607
-39.237666 34.586545 -85.230138
8
22.080230 -44.541693 -86.766935
25.230753 -47.927604 -84.061608
27.350129 -48.074051 -83.311801
41.748968 -38.122504 -82.484534
43.456166 -32.528803 -83.984752
37.685084 -22.668119 -89.810861
33.473228 -22.420533 -91.525203
23.774813 -30.508410 -92.217109
6
-84.288637 6.908716 53.363802
-64.019123 -5.747236 76.606274
-63.690570 -12.152597 76.130320
-73.453833 -23.453698 63.674629
-75.102013 -24.005149 61.509678
-87.638071 -7.980828 47.496051
4
92.616813 -26.625603 -26.705865
86.860170 -40.505047 -28.542110
87.197933 -47.624997 -11.330496
93.666168 -32.709733 -12.518877
6
-61.162902 -7.615322 -78.747104
-66.736011 -30.320128 -68.022016
-53.422456 -30.823422 -78.714407
-42.859531 -24.764413 -86.889496
-42.707982 -24.066878 -87.159702
-51.873073 -9.977853 -84.909521
6
66.292251 -46.673044 -58.540280
66.198206 -46.615198 -58.692595
51.985049 -46.170874 -71.873535
48.152535 -54.818564 -68.383174
52.025790 -57.011986 -63.584201
60.066431 -54.041986 -58.919331
7
19.236696 67.601002 71.134057
20.554674 39.578521 89.504447
7.334324 41.825696 90.536285
-4.588708 52.165782 85.191989
3.691867 71.829040 69.476321
12.984891 71.737932 68.447510
15.006977 71.078965 68.720967
6
39.006163 -54.000541 74.581907
49.557199 -40.234500 76.975769
51.299932 -40.102772 75.895221
59.001711 -42.556565 68.612949
57.680009 -56.787954 58.720906
37.766187 -66.812215 64.108058
7
-4.089999 70.911233 -70.390830
-8.979557 68.798733 -72.014595
-14.317957 59.559658 -79.042035
-14.291087 59.522526 -79.074862
-1.426146 52.875757 -84.865308
1.826792 52.426983 -85.135623
-1.194490 69.865912 -71.535498
5
-10.817402 -58.818907 80.145617
5.376757 -59.724182 80.025699
1.073002 -67.925798 73.382114
-3.587742 -69.808642 71.511409
-13.811923 -62.149585 77.114589
9
-67.552364 5.011499 -73.563326
-69.469685 4.417188 -71.794507
-72.153609 1.828241 -69.213540
-73.177714 -24.766331 -63.495284
-68.340677 -30.279331 -66.428262
-67.357266 -30.551142 -67.302499
-67.042290 -30.531541 -67.625117
-66.736011 -30.320128 -68.022016
-61.162902 -7.615322 -78.747104
8
74.317046 -29.818779 -59.898389
72.925584 -28.433487 -62.236613
61.547146 -30.735971 -72.575814
60.328143 -34.574620 -71.868705
66.198206 -46.615198 -58.692595
66.292251 -46.673044 -58.540280
69.263526 -45.440215 -56.015630
73.351904 -40.491275 -54.588963
7
79.105377 -44.719181 41.743673
79.889150 -46.137975 38.587705
77.949974 -52.516520 34.144059
67.333050 -63.501638 37.865583
61.264016 -66.471631 42.757954
62.452555 -59.150689 50.998768
71.140195 -49.276392 50.108980
7
18.044669 -97.509436 -12.895728
8.350240 -99.415263 -6.846822
7.628813 -99.706879 -0.582610
23.654277 -95.869583 15.795513
25.448434 -95.355829 16.113443
28.660713 -95.039306 12.086926
29.979256 -95.164241 -6.709052
7
-86.436903 -38.712476 32.093706
-84.629436 -42.153447 32.572158
-81.682035 -54.106086 20.014410
-84.512658 -51.369716 14.790635
-85.576727 -49.730736 14.264557
-92.700582 -31.486162 20.377037
-91.184223 -31.770545 26.001344
7
8.772601 -64.432279 -75.970539
9.911130 -66.738037 -73.809240
10.029871 -66.848787 -73.692885
22.971915 -69.895230 -67.727011
34.289769 -56.597369 -74.972992
27.350129 -48.074051 -83.311801
25.230753 -47.927604 -84.061608
6
34.075287 93.233189 12.101541
42.124419 90.351089 7.887587
50.507762 82.379375 25.741107
49.026231 81.601987 30.619346
30.981924 90.448758 29.311135
26.841335 93.471822 23.292945
6
7.020486 -89.869665 -43.291525
-9.308288 -88.804190 -45.024122
-13.730392 -92.665885 -34.993001
-3.725285 -96.851072 -24.616906
8.075457 -94.553962 -31.533082
9.788365 -92.597122 -36.468628
7
-67.552364 5.011499 -73.563326
-61.162902 -7.615322 -78.747104
-51.873073 -9.977853 -84.909521
-43.405709 5.194189 -89.938673
-44.438576 8.864849 -89.143858
-48.311849 13.128271 -86.565661
-67.471486 5.173337 -73.626321
5
-8.979557 68.798733 -72.014595
-25.125218 71.707345 -65.013691
-26.960439 68.910844 -67.263885
-21.195654 59.240246 -77.726041
-14.317957 59.559658 -79.042035
8
97.513023 -4.585802 21.683650
97.333415 -18.126294 14.058583
95.555355 -25.638653 14.554502
91.552617 -33.811676 21.791947
91.402294 -33.614036 22.709408
91.671449 -30.837735 25.404322
95.964297 -5.574603 27.564063
97.147465 -3.113503 23.509067
7
-44.438576 8.864849 -89.143858
-22.916139 22.488804 -94.705355
-23.974085 23.798896 -94.121495
-41.082637 26.583854 -87.209607
-47.230466 21.912551 -85.376362
-48.295356 18.854151 -85.510699
-48.311849 13.128271 -86.565661
6
54.363458 7.324150 83.612028
65.182843 -1.682446 75.817982
65.403299 -6.324984 75.381716
62.480382 -12.632216 77.049523
57.959101 -12.943630 80.456230
42.593324 -1.582740 90.461614
7
-27.968365 -79.493905 -53.837623
-40.311257 -66.215978 -63.169984
-44.363665 -65.972898 -60.658403
-43.016924 -78.661799 -44.292952
-41.561296 -79.927062 -43.408793
-31.834064 -83.693028 -44.520439
-30.399346 -83.452464 -45.951779
5
-42.026377 40.424885 -81.237998
-49.962893 48.350726 -71.874311
-53.329151 33.346551 -77.743226
-51.037754 32.142534 -79.762179
-42.265812 38.392675 -82.095089
7
-19.872411 -79.911877 56.737811
-27.503192 -68.674912 67.285443
-27.566018 -67.645941 68.294519
-21.939511 -62.787180 74.675484
-13.811923 -62.149585 77.114589
-3.587742 -69.808642 71.511409
-4.664292 -75.150002 65.808218
5
63.407721 54.010005 55.338777
55.281857 37.937881 74.193217
45.076566 50.261196 73.769339
46.549229 64.045913 61.084288
50.496231 65.126874 56.644691
5
-77.526414 59.908002 -20.017154
-78.670294 58.127519 -20.788852
-76.903815 54.288803 -33.742098
-70.053906 59.921014 -38.754643
-69.929463 64.269931 -31.292909
6
91.430609 14.680291 -37.748281
93.666103 11.505113 -33.080107
94.727270 25.683697 -19.159646
93.856013 28.446237 -19.541252
92.054532 32.094744 -22.268598
89.239161 31.167554 -32.633659
5
87.137559 34.288651 -35.090372
82.299744 48.098721 -30.220277
76.625765 50.652241 -39.532804
79.469384 40.301706 -45.391514
83.717487 34.584493 -42.370924
5
71.518115 -15.976542 -68.043437
65.515648 -17.402726 -73.517651
59.027503 -24.984845 -76.756181
61.547146 -30.735971 -72.575814
72.925584 -28.433487 -62.236613
6
-8.011691 -43.078824 89.888974
-8.474023 -43.832966 89.481071
-26.656151 -51.728036 81.324411
-33.599195 -46.338364 81.999086
-22.013927 -34.210216 91.351235
-14.896064 -35.201366 92.406554
6
-34.495591 -9.637499 93.365801
-44.514054 1.941233 89.525028
-37.265730 9.870601 92.270453
-19.217530 -3.680356 98.067026
-19.211055 -5.020552 98.008823
-21.884265 -6.947746 97.328350
7
45.992559 -88.458055 7.736730
28.660713 -95.039306 12.086926
25.448434 -95.355829 16.113443
31.045156 -89.840314 31.063102
34.113256 -87.583601 34.137934
41.858509 -84.879536 32.300611
49.938976 -84.435402 19.410344
7
-64.022812 -76.143933 -10.157804
-63.503538 -70.104792 -32.444088
-66.224722 -65.706489 -36.013103
-67.421490 -65.080771 -34.911832
-71.987678 -63.620736 -27.752047
-70.640584 -70.425990 -7.077277
-65.337169 -75.271001 -8.082748
6
51.240859 80.407209 -30.150540
66.745811 68.029011 -30.282838
68.650660 67.825186 -26.207461
65.413228 75.595922 -2.523129
64.950076 75.991350 -2.608126
56.122845 81.439882 -14.757100
5
71.518115 -15.976542 -68.043437
76.399645 -4.163139 -64.387596
66.548634 2.148252 -74.610082
62.400086 -7.092094 -77.819865
65.515648 -17.402726 -73.517651
6
82.844090 -55.754598 -5.318039
82.644575 -56.080392 -4.986365
86.510803 -47.530740 16.022163
90.649422 -38.616130 17.072689
91.929430 -39.043821 4.955798
86.477010 -49.459408 -8.688708
6
-3.273507 0.487181 -99.945219
-6.845339 -1.843630 -99.748395
-3.345640 -16.597533 -98.556221
4.537194 -17.289679 -98.389435
11.483774 -13.468129 -98.421199
9.197072 -0.237152 -99.575889
4
24.297545 49.929691 -83.166431
6.406982 50.909013 -85.832529
15.094800 37.904287 -91.298478
26.936918 46.172865 -84.513129
6
-4.063114 76.185431 -64.647283
-12.144366 80.880730 -57.539742
-25.754307 74.449169 -61.595754
-25.125218 71.707345 -65.013691
-8.979557 68.798733 -72.014595
-4.089999 70.911233 -70.390830
6
-10.548535 -79.690784 -59.481991
-13.533648 -77.565884 -61.647173
-14.838319 -77.292774 -61.689962
-27.968365 -79.493905 -53.837623
-30.399346 -83.452464 -45.951779
-10.979428 -86.994211 -48.077639
6
57.328196 -71.281506 -40.403279
67.887373 -62.919777 -37.847142
70.544372 -57.448906 -41.510418
68.971508 -56.635423 -45.114964
63.491345 -60.889925 -47.552772
56.411463 -70.800947 -42.484971
6
-71.987678 -63.620736 -27.752047
-81.166748 -54.593482 -20.772837
-82.529536 -54.095696 -16.202821
-81.174562 -58.063050 -6.274769
-74.304884 -66.802661 -4.023516
-70.640584 -70.425990 -7.077277
6
3.557870 51.569245 -85.603473
-4.220657 35.952299 -93.218122
14.856689 30.235315 -94.154684
15.094800 37.904287 -91.298478
6.406982 50.909013 -85.832529
5.445491 51.556658 -85.511740
9
-84.260799 7.715993 53.297102
-84.288637 6.908716 53.363802
-87.638071 -7.980828 47.496051
-88.656639 -9.387402 45.297649
-91.438147 -10.549023 39.086869
-95.949448 -6.583540 27.392709
-97.702500 1.690554 21.245319
-91.322997 19.198640 35.937759
-86.238188 16.530882 47.850861
9
68.718756 19.493106 -69.983936
66.097947 3.138883 -74.974721
66.548634 2.148252 -74.610082
76.399645 -4.163139 -64.387596
79.432703 -3.096460 -60.670072
82.850485 1.559230 -55.976477
83.902999 13.619346 -52.676372
81.727335 18.135495 -54.696860
77.730755 22.187078 -58.869884
6
-43.535620 89.854176 -5.556683
-35.828060 92.320861 13.899955
-36.693016 91.562141 16.431584
-55.193596 82.247535 13.748092
-45.083798 89.152942 -4.382252
-43.686432 89.777682 -5.609241
6
-72.888164 -56.244429 39.036903
-72.893662 -58.617673 35.362162
-79.943696 -56.437329 20.587216
-81.682035 -54.106086 20.014410
-84.629436 -42.153447 32.572158
-75.795202 -47.315574 44.903494
6
66.233856 61.042411 -43.438467
66.745811 68.029011 -30.282838
51.240859 80.407209 -30.150540
47.023112 82.014314 -32.595692
40.171538 81.458018 -41.843027
44.395764 74.475308 -49.824137
7
77.908286 -55.054027 -29.989216
77.877821 -52.616091 -34.155409
70.544372 -57.448906 -41.510418
67.887373 -62.919777 -37.847142
68.907836 -66.263940 -29.339400
73.485387 -62.937440 -25.274029
74.618625 -61.547249 -25.377093
7
51.229900 14.839597 -84.588910
51.173106 14.397270 -84.699657
52.607314 8.542580 -84.613798
66.097947 3.138883 -74.974721
68.718756 19.493106 -69.983936
62.020551 24.983782 -74.359007
58.947480 23.989728 -77.134218
4
-56.185511 -82.674643 2.844597
-45.757267 -87.647224 14.974531
-38.175283 -91.829791 10.485098
-40.188505 -91.142451 -8.828229
6
0.887584 39.001982 92.076368
-22.831679 39.687730 88.902185
-23.624222 41.647319 87.791782
-9.067036 52.998418 84.314628
-4.588708 52.165782 85.191989
7.334324 41.825696 90.536285
7
-11.237693 10.743551 98.784059
9.031740 2.934439 99.548062
10.999911 -3.034261 99.346843
7.188922 -15.844880 98.474663
-14.267031 -9.808966 98.489776
-19.211055 -5.020552 98.008823
-19.217530 -3.680356 98.067026
5
-64.622639 -63.595878 -42.183869
-51.088275 -62.517760 -59.004389
-55.921590 -56.255010 -60.894577
-62.923090 -50.710423 -58.899387
-70.903083 -51.423888 -48.252840
6
-64.552335 39.223068 -65.532793
-55.813586 32.403130 -76.386391
-53.329151 33.346551 -77.743226
-49.962893 48.350726 -71.874311
-50.505774 51.152415 -69.516884
-60.550365 47.464880 -63.880658
6
-32.610789 48.214323 81.313686
-39.916562 55.041577 73.328663
-37.641417 66.639380 64.360833
-28.666646 68.666243 66.806964
-26.730770 55.755053 78.592875
-32.385357 48.249959 81.382615
6
-36.728687 28.662691 88.484200
-48.397540 21.581202 84.805247
-52.602477 22.399776 82.044070
-52.418388 35.350080 77.476993
-49.016540 38.416879 78.240158
-41.413990 41.346799 81.088370
6
97.575905 7.047134 20.719089
99.705462 7.666863 -0.200176
99.887948 -4.578311 -1.198731
99.642750 -8.404229 0.831456
97.513023 -4.585802 21.683650
97.147465 -3.113503 23.509067
7
39.177493 -84.933975 -35.374340
39.375102 -88.390776 -25.232361
40.483571 -88.477758 -23.081740
54.117093 -81.669350 -20.036406
59.485314 -76.612392 -24.331850
59.606926 -75.259142 -27.983492
57.545662 -75.074841 -32.438635
7
48.739512 74.236815 45.971244
69.806357 65.756733 28.339454
71.724993 63.033466 29.703661
75.958403 49.550009 42.132145
69.462082 49.896679 51.820272
63.407721 54.010005 55.338777
50.496231 65.126874 56.644691
7
-96.411875 -6.699532 -25.687870
-96.247930 -19.609605 -18.756317
-94.218231 -27.081835 -19.735734
-89.887875 -33.722770 -27.981149
-89.095324 -16.092892 -42.462242
-89.895469 -13.439231 -41.691627
-95.003109 -6.367764 -30.559137
5
-54.993817 19.507691 81.210406
-47.491941 0.751401 87.999721
-48.812456 -0.755144 87.274131
-63.655257 -5.113151 76.953648
-61.458244 15.055881 77.435164
6
-79.414939 17.847291 -58.092527
-71.028436 25.499563 -65.610469
-68.980602 30.822406 -65.510730
-68.893044 33.648861 -64.198930
-79.926222 34.445320 -49.247528
-83.453963 18.687874 -51.828558
6
-42.001284 -17.251952 89.096926
-43.568760 -16.830471 88.422273
-48.812456 -0.755144 87.274131
-47.491941 0.751401 87.999721
-44.514054 1.941233 89.525028
-34.495591 -9.637499 93.365801
8
-41.211945 57.826150 -70.411022
-43.333788 57.555486 -69.350911
-45.382855 56.509121 -68.899316
-50.505774 51.152415 -69.516884
-49.962893 48.350726 -71.874311
-42.026377 40.424885 -81.237998
-35.741863 45.011249 -81.832186
-34.840716 54.641608 -76.160483
6
-21.359912 95.156311 -22.114035
-22.640870 94.928398 -21.817203
-41.034118 86.876708 -27.724335
-30.032518 85.908599 -41.445875
-15.921215 93.075029 -32.917379
-17.832804 95.063703 -25.394555
7
-4.664292 -75.150002 65.808218
-3.587742 -69.808642 71.511409
1.073002 -67.925798 73.382114
21.257916 -72.218557 65.822344
25.567863 -75.914149 59.860892
24.563909 -77.349263 58.426928
15.576880 -80.924639 56.644185
4
74.821943 -40.375458 -52.645031
79.369192 -49.727216 -35.039054
84.413712 -42.352021 -32.872960
83.857514 -33.870532 -42.669713
6
24.982070 94.794997 -19.743473
40.676325 89.999850 -15.667274
40.974892 89.942765 -15.210432
44.249565 89.526266 5.198431
42.353039 90.282790 7.432220
22.207464 96.494919 -13.984242
6
-56.550642 36.626963 73.895132
-56.961947 51.046097 64.417642
-54.193348 55.385047 63.210581
-49.394959 52.921056 68.989128
-49.016540 38.416879 78.240158
-52.418388 35.350080 77.476993
6
-2.157532 -43.258733 90.133385
8.846357 -57.208259 81.541137
5.376757 -59.724182 80.025699
-10.817402 -58.818907 80.145617
-8.474023 -43.832966 89.481071
-8.011691 -43.078824 89.888974
5
-9.067036 52.998418 84.314628
-15.341490 59.293185 79.050344
-8.706951 73.492724 67.253316
3.691867 71.829040 69.476321
-4.588708 52.165782 85.191989
4
-68.732923 36.521043 62.785338
-65.487642 34.724490 67.123606
-66.892736 18.221759 72.064759
-76.479586 15.389877 62.562165
6
-65.487642 34.724490 67.123606
-68.732923 36.521043 62.785338
-69.547746 37.935531 61.024639
-67.816472 41.601086 60.582801
-56.961947 51.046097 64.417642
-56.550642 36.626963 73.895132
4
-83.505119 26.289656 48.329588
-82.327516 46.429182 32.657483
-75.138693 45.984934 47.324018
-74.096560 37.288778 55.850217
6
-55.883046 -21.266361 80.155019
-63.690570 -12.152597 76.130320
-64.019123 -5.747236 76.606274
-63.655257 -5.113151 76.953648
-48.812456 -0.755144 87.274131
-43.568760 -16.830471 88.422273
6
84.555574 53.278777 3.424450
88.444344 46.627919 -1.853449
90.322921 42.905012 -0.964282
93.490253 30.184219 18.667768
86.742302 42.065611 26.575505
84.745374 51.551075 12.677079
5
-28.091235 -0.168296 -95.973195
-34.297852 -0.711034 -93.931634
-38.312137 -21.174166 -89.910149
-23.158364 -19.995217 -95.204420
-22.025818 -5.170892 -97.407008
8
24.506497 31.131564 91.816433
20.676796 27.230669 93.973192
-11.303515 14.085581 98.355615
-14.538461 20.364781 96.818949
0.887584 39.001982 92.076368
7.334324 41.825696 90.536285
20.554674 39.578521 89.504447
20.997456 39.099039 89.612343
5
-82.046007 48.551814 30.185661
-86.012502 48.553003 15.635072
-82.198494 56.328277 8.398382
-68.565705 69.619965 21.255694
-72.152819 61.682770 31.451656
6
8.350240 -99.415263 -6.846822
18.044669 -97.509436 -12.895728
18.402077 -96.798998 -17.068029
8.075457 -94.553962 -31.533082
-3.725285 -96.851072 -24.616906
-4.854578 -98.610299 -15.888425
6
-11.874396 74.978608 65.093833
-20.525135 73.642340 64.463359
-38.280319 83.049724 40.464312
-29.293994 88.717528 35.651958
-25.170218 89.303516 37.300699
-10.962841 84.716055 51.990443
5
-72.888164 -56.244429 39.036903
-57.932648 -65.342768 48.725056
-58.778699 -67.716490 44.266709
-67.266500 -66.047513 33.360815
-72.893662 -58.617673 35.362162
7
84.413712 -42.352021 -32.872960
79.369192 -49.727216 -35.039054
77.877821 -52.616091 -34.155409
77.908286 -55.054027 -29.989216
87.181317 -47.661845 -11.303387
87.197933 -47.624997 -11.330496
86.860170 -40.505047 -28.542110
5
10.546461 99.396052 -3.032649
22.207464 96.494919 -13.984242
42.353039 90.282790 7.432220
42.124419 90.351089 7.887587
34.075287 93.233189 12.101541
5
-26.960439 68.910844 -67.263885
-41.211945 57.826150 -70.411022
-34.840716 54.641608 -76.160483
-28.203062 54.975076 -78.627784
-21.195654 59.240246 -77.726041
5
71.724993 63.033466 29.703661
84.745374 51.551075 12.677079
86.742302 42.065611 26.575505
82.768878 42.262862 36.921041
75.958403 49.550009 42.132145
5
10.029871 -66.848787 -73.692885
10.759164 -79.854539 -59.224092
17.369003 -79.338887 -58.340884
25.382858 -71.946944 -64.647875
22.971915 -69.895230 -67.727011
6
94.056644 10.425966 -32.320998
95.982975 6.812309 -27.218761
96.517369 6.939432 -25.223834
97.944223 16.920518 -10.982953
94.727270 25.683697 -19.159646
93.666103 11.505113 -33.080107
8
93.490253 30.184219 18.667768
95.314432 24.083891 18.306428
95.901711 15.759080 23.548104
94.130096 17.087937 29.112323
86.139081 32.522138 39.017552
84.713488 35.598078 39.451258
82.768878 42.262862 36.921041
86.742302 42.065611 26.575505
6
-46.334793 -46.426295 -75.483019
-53.422456 -30.823422 -78.714407
-66.736011 -30.320128 -68.022016
-67.042290 -30.531541 -67.625117
-56.565989 -45.275583 -68.923221
-48.600520 -47.638338 -73.270583
4
77.949974 -52.516520 34.144059
79.357632 -56.897690 21.564302
71.795596 -68.461485 12.586398
67.333050 -63.501638 37.865583
7
-22.640870 94.928398 -21.817203
-35.289887 93.384703 -5.824192
-43.535620 89.854176 -5.556683
-43.686432 89.777682 -5.609241
-47.543470 84.818336 -23.355262
-46.219788 84.883078 -25.663091
-41.034118 86.876708 -27.724335
6
-55.883046 -21.266361 80.155019
-54.245766 -29.017245 78.837785
-59.241345 -35.462436 72.338639
-61.627514 -35.139921 70.478617
-73.453833 -23.453698 63.674629
-63.690570 -12.152597 76.130320
6
74.618625 -61.547249 -25.377093
73.485387 -62.937440 -25.274029
70.194388 -69.695221 -14.673924
76.558229 -64.328281 -0.842449
82.644575 -56.080392 -4.986365
82.844090 -55.754598 -5.318039
4
-5.789474 -54.487146 -83.651855
-27.250938 -47.371273 -83.745739
-28.045035 -60.474933 -74.540315
-18.987155 -61.857969 -76.243555
6
3.081870 17.835656 -98.348317
-8.809711 31.803239 -94.397791
-22.058867 22.072399 -95.006398
-20.675817 18.782653 -96.019386
-18.970473 17.611091 -96.591773
0.721267 15.751274 -98.749062
5
3.844696 -88.300730 46.778193
4.010747 -92.659386 37.391872
-0.863597 -95.774245 28.749751
-24.885318 -84.415668 47.483849
-20.217566 -82.191455 53.252369
6
44.395764 74.475308 -49.824137
40.171538 81.458018 -41.843027
29.160114 86.417693 -41.008172
22.163087 82.799220 -51.508123
24.965272 73.308830 -63.265715
43.819090 73.331870 -51.983884
8
50.496231 65.126874 56.644691
46.549229 64.045913 61.084288
19.236696 67.601002 71.134057
15.006977 71.078965 68.720967
27.736601 83.651125 47.256431
31.541489 83.241623 45.562777
48.650628 74.354666 45.874831
48.739512 74.236815 45.971244
7
55.281857 37.937881 74.193217
63.407721 54.010005 55.338777
69.462082 49.896679 51.820272
70.363095 45.503821 54.575059
66.100709 23.619366 71.223744
58.081980 25.998735 77.139804
56.941935 27.053540 77.625524
5
-95.003109 -6.367764 -30.559137
-89.895469 -13.439231 -41.691627
-88.577215 -8.338217 -45.656884
-87.121262 13.957611 -47.064538
-91.770949 14.280764 -37.069565
5
-43.077996 -48.767112 75.934544
-35.335397 -62.406651 69.690886
-55.293116 -60.554219 57.235111
-56.031693 -54.003623 62.801736
-52.893600 -50.241356 68.396442
7
49.253106 -4.435697 -86.916375
52.989822 -12.194393 -83.924821
62.400086 -7.092094 -77.819865
66.548634 2.148252 -74.610082
66.097947 3.138883 -74.974721
52.607314 8.542580 -84.613798
50.729668 5.200427 -86.020093
8
-58.906051 79.059983 16.721133
-44.369436 80.460279 39.465131
-50.190651 74.861730 43.319972
-58.487095 67.673387 44.716578
-66.230287 62.815708 40.837922
-72.152819 61.682770 31.451656
-68.565705 69.619965 21.255694
-62.768133 76.283008 15.526241
6
-28.666646 68.666243 66.806964
-20.525135 73.642340 64.463359
-11.874396 74.978608 65.093833
-8.706951 73.492724 67.253316
-15.341490 59.293185 79.050344
-26.730770 55.755053 78.592875
6
-11.282959 99.169590 6.171483
-29.244694 89.521540 33.625017
-36.693016 91.562141 16.431584
-35.828060 92.320861 13.899955
-20.962014 97.686136 4.244150
-12.466518 99.067436 5.498089
8
3.543026 -63.224388 -77.395890
8.772601 -64.432279 -75.970539
25.230753 -47.927604 -84.061608
22.080230 -44.541693 -86.766935
4.221388 -39.564786 -91.743161
1.386629 -39.909528 -91.680461
-3.538871 -45.802599 -88.823411
-5.745777 -54.479296 -83.659981
5
57.545662 -75.074841 -32.438635
59.606926 -75.259142 -27.983492
68.907836 -66.263940 -29.339400
67.887373 -62.919777 -37.847142
57.328196 -71.281506 -40.403279
5
27.355638 -83.063394 -48.498883
17.369003 -79.338887 -58.340884
10.759164 -79.854539 -59.224092
8.169785 -81.496240 -57.372620
8.913896 -88.256594 -46.166179
5
51.240859 80.407209 -30.150540
56.122845 81.439882 -14.757100
40.974892 89.942765 -15.210432
40.676325 89.999850 -15.667274
47.023112 82.014314 -32.595692
5
56.411463 -70.800947 -42.484971
63.491345 -60.889925 -47.552772
59.045405 -60.286529 -53.657941
48.601621 -69.596828 -52.859853
49.333870 -71.375273 -49.716593
7
65.403299 -6.324984 75.381716
65.182843 -1.682446 75.817982
70.953053 13.195197 69.221030
77.575104 7.618809 62.642294
79.281326 2.652195 60.888727
78.833269 -0.592995 61.522062
74.837693 -6.266960 66.030636
7
-1.379686 90.595221 -42.315511
7.895351 82.066462 -56.592926
8.065079 82.023704 -56.630967
22.163087 82.799220 -51.508123
29.160114 86.417693 -41.008172
21.543617 91.743021 -33.452811
8.457965 93.188146 -35.276512
5
-18.970473 17.611091 -96.591773
-6.901288 -1.827136 -99.744843
-6.845339 -1.843630 -99.748395
-3.273507 0.487181 -99.945219
0.721267 15.751274 -98.749062
6
87.712593 -15.600700 45.421572
82.967273 -13.177891 54.247348
78.833269 -0.592995 61.522062
79.281326 2.652195 60.888727
88.897841 2.100254 45.746725
90.838154 -7.363419 41.160780
6
60.066431 -54.041986 -58.919331
59.045405 -60.286529 -53.657941
63.491345 -60.889925 -47.552772
68.971508 -56.635423 -45.114964
69.263526 -45.440215 -56.015630
66.292251 -46.673044 -58.540280
5
-41.413990 41.346799 81.088370
-49.016540 38.416879 78.240158
-49.394959 52.921056 68.989128
-39.916562 55.041577 73.328663
-32.610789 48.214323 81.313686
7
82.768878 42.262862 36.921041
84.713488 35.598078 39.451258
80.282138 25.312239 53.982116
79.683246 25.687342 54.687665
70.363095 45.503821 54.575059
69.462082 49.896679 51.820272
75.958403 49.550009 42.132145
6
-56.506559 69.153446 -44.997885
-67.989182 60.253864 -41.796449
-71.137032 49.558121 -49.834880
-63.448642 50.571489 -58.453352
-55.653458 67.817850 -47.994080
-55.473747 69.512308 -45.724200
7
60.328143 -34.574620 -71.868705
61.547146 -30.735971 -72.575814
59.027503 -24.984845 -76.756181
55.346783 -23.764377 -79.824733
43.456166 -32.528803 -83.984752
41.748968 -38.122504 -82.484534
51.553849 -43.239732 -73.976525
7
91.929430 -39.043821 4.955798
96.680939 -25.356592 -3.136768
96.776864 -24.876884 -3.921638
93.666168 -32.709733 -12.518877
87.197933 -47.624997 -11.330496
87.181317 -47.661845 -11.303387
86.477010 -49.459408 -8.688708
6
49.026231 81.601987 30.619346
50.507762 82.379375 25.741107
67.212600 72.008171 17.242094
69.806357 65.756733 28.339454
48.739512 74.236815 45.971244
48.650628 74.354666 45.874831
6
82.299744 48.098721 -30.220277
87.137559 34.288651 -35.090372
89.239161 31.167554 -32.633659
92.054532 32.094744 -22.268598
87.603067 45.414529 -16.224153
83.225815 49.911466 -24.131087
6
88.901975 11.811978 44.237043
88.897841 2.100254 45.746725
79.281326 2.652195 60.888727
77.575104 7.618809 62.642294
83.405273 17.872867 52.193114
87.518271 14.536195 46.143811
4
-71.987678 -63.620736 -27.752047
-67.421490 -65.080771 -34.911832
-82.127003 -45.912649 -33.870104
-81.166748 -54.593482 -20.772837
4
56.122845 81.439882 -14.757100
64.950076 75.991350 -2.608126
44.249565 89.526266 5.198431
40.974892 89.942765 -15.210432
7
-98.556308 -16.856132 1.588997
-99.995676 -0.299510 -0.880410
-99.305937 7.641924 8.940463
-97.702500 1.690554 21.245319
-95.949448 -6.583540 27.392709
-97.048435 -20.411729 12.843774
-98.236346 -18.502719 2.696250
6
39.177493 -84.933975 -35.374340
57.545662 -75.074841 -32.438635
57.328196 -71.281506 -40.403279
56.411463 -70.800947 -42.484971
49.333870 -71.375273 -49.716593
36.710942 -83.918259 -40.125210
7
-68.893044 33.648861 -64.198930
-64.552335 39.223068 -65.532793
-60.550365 47.464880 -63.880658
-63.448642 50.571489 -58.453352
-71.137032 49.558121 -49.834880
-80.432204 39.385680 -44.490772
-79.926222 34.445320 -49.247528
6
23.839130 10.252789 -96.574200
27.410724 4.208214 -96.077797
50.729668 5.200427 -86.020093
52.607314 8.542580 -84.613798
51.173106 14.397270 -84.699657
23.434740 15.533268 -95.966299
5
-66.767060 74.263920 5.199026
-62.768133 76.283008 15.526241
-68.565705 69.619965 21.255694
-82.198494 56.328277 8.398382
-81.462501 57.877261 3.752810
6
89.505478 -8.970813 -43.684023
82.850485 1.559230 -55.976477
79.432703 -3.096460 -60.670072
80.997956 -21.824359 -54.433706
82.341505 -21.944884 -52.328755
87.863983 -15.543655 -45.147706
5
23.654277 -95.869583 15.795513
7.628813 -99.706879 -0.582610
-7.467970 -98.859394 13.078592
-8.148110 -97.808904 19.157940
-1.501681 -96.587402 25.857664
6
31.045156 -89.840314 31.063102
25.448434 -95.355829 16.113443
23.654277 -95.869583 15.795513
-1.501681 -96.587402 25.857664
-0.863597 -95.774245 28.749751
4.010747 -92.659386 37.391872
6
29.509316 45.035280 -84.267573
38.337607 33.997065 -85.874487
39.327078 33.975474 -85.434467
44.785177 37.341937 -81.239569
50.051929 45.558051 -73.615680
36.169375 52.139799 -77.286595
7
-81.174562 -58.063050 -6.274769
-82.927373 -55.758667 -3.744581
-84.512658 -51.369716 14.790635
-81.682035 -54.106086 20.014410
-79.943696 -56.437329 20.587216
-72.447511 -67.159261 15.523911
-74.304884 -66.802661 -4.023516
6
-3.345640 -16.597533 -98.556221
-10.481615 -25.556907 -96.109210
1.386629 -39.909528 -91.680461
4.221388 -39.564786 -91.743161
9.655210 -27.437444 -95.676348
4.537194 -17.289679 -98.389435
7
-81.166748 -54.593482 -20.772837
-82.127003 -45.912649 -33.870104
-82.379161 -44.986844 -34.494315
-83.940598 -42.001296 -34.494450
-89.615022 -34.397239 -28.035296
-88.789116 -42.824942 -16.808248
-82.529536 -54.095696 -16.202821
7
-65.337169 -75.271001 -8.082748
-70.640584 -70.425990 -7.077277
-74.304884 -66.802661 -4.023516
-72.447511 -67.159261 15.523911
-64.282610 -73.750137 20.704185
-63.877290 -74.107176 20.683770
-58.707895 -80.911212 2.599776
5
96.517369 6.939432 -25.223834
98.747165 1.102347 -15.741103
99.514302 9.634951 -2.017752
98.602233 15.997083 -4.657574
97.944223 16.920518 -10.982953
5
71.140195 -49.276392 50.108980
66.224281 -38.893342 64.044145
70.169348 -33.828476 62.704839
80.425255 -37.740041 45.907164
79.105377 -44.719181 41.743673
5
48.445002 -69.516499 -53.108739
48.601621 -69.596828 -52.859853
59.045405 -60.286529 -53.657941
60.066431 -54.041986 -58.919331
52.025790 -57.011986 -63.584201
6
18.665211 -24.937802 -95.024817
18.908025 -19.398947 -96.260934
13.690905 -13.868008 -98.082809
11.483774 -13.468129 -98.421199
4.537194 -17.289679 -98.389435
9.655210 -27.437444 -95.676348
6
-33.599195 -46.338364 81.999086
-40.359018 -45.153123 79.576034
-43.481343 -37.100069 82.054602
-35.593696 -26.848108 89.511272
-29.836899 -27.554060 91.381252
-22.013927 -34.210216 91.351235
5
75.272355 29.784009 -58.711032
76.501028 39.234011 -51.071372
67.890228 49.300060 -54.409752
67.684328 42.463951 -60.130230
71.640534 34.016172 -60.914152
7
4.622060 99.882644 -1.447097
10.546461 99.396052 -3.032649
34.075287 93.233189 12.101541
26.841335 93.471822 23.292945
12.047233 95.458107 27.250945
4.049039 97.390106 22.333216
-2.313588 99.745580 6.742898
7
87.863983 -15.543655 -45.147706
88.564364 -26.329050 -38.250942
92.868168 -24.171252 -28.129237
93.765360 -21.080410 -27.634643
92.409566 -10.703555 -36.686591
90.367118 -8.761356 -41.916854
89.505478 -8.970813 -43.684023
6
3.081870 17.835656 -98.348317
19.284698 21.314700 -95.779873
14.856689 30.235315 -94.154684
-4.220657 35.952299 -93.218122
-7.261634 34.610711 -93.538053
-8.809711 31.803239 -94.397791
7
-14.896064 -35.201366 92.406554
-22.013927 -34.210216 91.351235
-29.836899 -27.554060 91.381252
-21.884265 -6.947746 97.328350
-19.211055 -5.020552 98.008823
-14.267031 -9.808966 98.489776
-14.692138 -34.602395 92.665071
7
-28.552390 -88.224460 37.432683
-33.425798 -88.973031 31.088836
-49.185949 -83.846029 23.464567
-53.969138 -79.808621 26.793956
-52.922567 -78.781571 31.506603
-39.530877 -79.864032 45.376715
-27.913834 -84.884917 44.892859
6
-54.245766 -29.017245 78.837785
-55.883046 -21.266361 80.155019
-43.568760 -16.830471 88.422273
-42.001284 -17.251952 89.096926
-35.593696 -26.848108 89.511272
-43.481343 -37.100069 82.054602
4
-14.692138 -34.602395 92.665071
-14.267031 -9.808966 98.489776
7.188922 -15.844880 98.474663
7.223442 -15.914059 98.460980
5
-88.656639 -9.387402 45.297649
-85.076683 -29.574167 43.443372
-86.436903 -38.712476 32.093706
-91.184223 -31.770545 26.001344
-91.438147 -10.549023 39.086869
5
48.152535 -54.818564 -68.383174
39.108638 -58.782216 -70.817833
38.174576 -69.567243 -60.853106
48.445002 -69.516499 -53.108739
52.025790 -57.011986 -63.584201
6
-88.789116 -42.824942 -16.808248
-89.615022 -34.397239 -28.035296
-89.887875 -33.722770 -27.981149
-94.218231 -27.081835 -19.735734
-93.814174 -34.481301 -3.152874
-92.916394 -36.878298 -2.556318
5
4.221388 -39.564786 -91.743161
22.080230 -44.541693 -86.766935
23.774813 -30.508410 -92.217109
18.665211 -24.937802 -95.024817
9.655210 -27.437444 -95.676348
5
18.945762 67.013095 -71.765613
-1.194490 69.865912 -71.535498
1.826792 52.426983 -85.135623
3.557870 51.569245 -85.603473
5.445491 51.556658 -85.511740
7
54.338927 -83.910800 -2.501751
49.502355 -86.883664 -0.863615
45.992559 -88.458055 7.736730
49.938976 -84.435402 19.410344
64.427805 -74.668999 16.540815
70.128800 -70.545474 10.260972
59.130477 -80.639234 -0.948978
7
-40.188505 -91.142451 -8.828229
-38.175283 -91.829791 10.485098
-32.735676 -93.557513 13.242630
-18.491913 -98.213198 -3.495256
-19.513940 -97.667810 -8.955728
-32.964136 -92.928069 -16.665526
-37.789581 -91.283835 -15.466383
6
75.272355 29.784009 -58.711032
71.640534 34.016172 -60.914152
61.217466 34.562371 -71.118664
62.020551 24.983782 -74.359007
68.718756 19.493106 -69.983936
77.730755 22.187078 -58.869884
5
-29.836899 -27.554060 91.381252
-35.593696 -26.848108 89.511272
-42.001284 -17.251952 89.096926
-34.495591 -9.637499 93.365801
-21.884265 -6.947746 97.328350
5
-26.730770 55.755053 78.592875
-15.341490 59.293185 79.050344
-9.067036 52.998418 84.314628
-23.624222 41.647319 87.791782
-32.385357 48.249959 81.382615
8
42.353039 90.282790 7.432220
44.249565 89.526266 5.198431
64.950076 75.991350 -2.608126
65.413228 75.595922 -2.523129
69.408836 71.951998 2.307274
67.212600 72.008171 17.242094
50.507762 82.379375 25.741107
42.124419 90.351089 7.887587
8
-70.903083 -51.423888 -48.252840
-72.107999 -49.779658 -48.191515
-82.379161 -44.986844 -34.494315
-82.127003 -45.912649 -33.870104
-67.421490 -65.080771 -34.911832
-66.224722 -65.706489 -36.013103
-64.746551 -64.447490 -40.674379
-64.622639 -63.595878 -42.183869
7
-5.817124 94.480243 32.243522
-25.170218 89.303516 37.300699
-29.293994 88.717528 35.651958
-29.244694 89.521540 33.625017
-11.282959 99.169590 6.171483
-2.313588 99.745580 6.742898
4.049039 97.390106 22.333216
7
-17.832804 95.063703 -25.394555
-0.364225 98.570617 -16.843420
4.622060 99.882644 -1.447097
-2.313588 99.745580 6.742898
-11.282959 99.169590 6.171483
-12.466518 99.067436 5.498089
-21.359912 95.156311 -22.114035
6
40.171538 81.458018 -41.843027
47.023112 82.014314 -32.595692
40.676325 89.999850 -15.667274
24.982070 94.794997 -19.743473
21.543617 91.743021 -33.452811
29.160114 86.417693 -41.008172
5
-45.083798 89.152942 -4.382252
-62.682184 77.658308 -6.334905
-56.206645 79.981104 -21.067415
-47.543470 84.818336 -23.355262
-43.686432 89.777682 -5.609241
6
-18.491913 -98.213198 -3.495256
-32.735676 -93.557513 13.242630
-32.628724 -93.576024 13.375132
-14.155185 -96.789197 20.772148
-8.148110 -97.808904 19.157940
-7.467970 -98.859394 13.078592
5
78.133576 58.369480 -22.094075
78.503398 61.932637 1.250992
69.408836 71.951998 2.307274
65.413228 75.595922 -2.523129
68.650660 67.825186 -26.207461
5
-92.342072 33.332680 -19.022992
-96.321103 21.947132 -15.510273
-96.787362 17.183995 -18.355294
-92.512074 17.559980 -33.662490
-89.519804 29.579982 -33.335105
5
43.456166 -32.528803 -83.984752
55.346783 -23.764377 -79.824733
52.877674 -12.910910 -83.888378
39.760114 -19.116243 -89.742424
37.685084 -22.668119 -89.810861
8
-43.695778 -47.034685 -76.670838
-46.334793 -46.426295 -75.483019
-48.600520 -47.638338 -73.270583
-48.013874 -63.779783 -60.222979
-44.363665 -65.972898 -60.658403
-40.311257 -66.215978 -63.169984
-33.464182 -64.165370 -69.014157
-33.434471 -64.116763 -69.073706
8
97.147465 -3.113503 23.509067
95.964297 -5.574603 27.564063
90.838154 -7.363419 41.160780
88.897841 2.100254 45.746725
88.901975 11.811978 44.237043
94.130096 17.087937 29.112323
95.901711 15.759080 23.548104
97.575905 7.047134 20.719089
8
64.427805 -74.668999 16.540815
56.155397 -72.452384 39.965279
56.623923 -71.452553 41.088490
61.264016 -66.471631 42.757954
67.333050 -63.501638 37.865583
71.795596 -68.461485 12.586398
70.571363 -70.111482 10.201118
70.128800 -70.545474 10.260972
5
-52.893600 -50.241356 68.396442
-56.031693 -54.003623 62.801736
-67.640952 -42.660872 60.039583
-61.627514 -35.139921 70.478617
-59.241345 -35.462436 72.338639
5
28.144437 -15.442140 -94.707080
28.805877 -1.462153 -95.750110
28.575194 -1.082367 -95.824249
13.690905 -13.868008 -98.082809
18.908025 -19.398947 -96.260934
6
-66.026812 53.023702 53.187848
-67.816472 41.601086 60.582801
-69.547746 37.935531 61.024639
-74.096560 37.288778 55.850217
-75.138693 45.984934 47.324018
-67.743053 54.045187 49.899865
5
-58.487095 67.673387 44.716578
-50.190651 74.861730 43.319972
-46.674110 63.765439 61.282104
-54.235990 57.029953 61.693127
-54.900422 57.259327 60.887709
6
-74.131491 -39.309922 -54.399008
-68.340677 -30.279331 -66.428262
-73.177714 -24.766331 -63.495284
-78.228645 -21.206519 -58.571005
-86.085707 -19.770830 -46.886729
-81.895662 -35.190836 -45.328860
7
97.575905 7.047134 20.719089
95.901711 15.759080 23.548104
95.314432 24.083891 18.306428
97.125539 23.803728 -0.110243
98.602233 15.997083 -4.657574
99.514302 9.634951 -2.017752
99.705462 7.666863 -0.200176
7
19.043593 67.030924 -71.723057
8.065079 82.023704 -56.630967
7.895351 82.066462 -56.592926
-4.063114 76.185431 -64.647283
-4.089999 70.911233 -70.390830
-1.194490 69.865912 -71.535498
18.945762 67.013095 -71.765613
5
-72.447511 -67.159261 15.523911
-79.943696 -56.437329 20.587216
-72.893662 -58.617673 35.362162
-67.266500 -66.047513 33.360815
-64.282610 -73.750137 20.704185
4
88.901975 11.811978 44.237043
87.518271 14.536195 46.143811
86.139081 32.522138 39.017552
94.130096 17.087937 29.112323
5
98.892289 -5.488872 -13.790848
99.887948 -4.578311 -1.198731
99.705462 7.666863 -0.200176
99.514302 9.634951 -2.017752
98.747165 1.102347 -15.741103
6
-43.608694 -87.851273 -19.504759
-41.561296 -79.927062 -43.408793
-43.016924 -78.661799 -44.292952
-45.544947 -77.887444 -43.118485
-55.959361 -77.261189 -29.987640
-48.869004 -84.905248 -20.072848
5
70.169348 -33.828476 62.704839
70.735788 -32.089520 62.981831
74.891933 -26.451882 60.757685
85.197813 -24.904309 46.055489
80.425255 -37.740041 45.907164
7
83.857514 -33.870532 -42.669713
84.413712 -42.352021 -32.872960
86.860170 -40.505047 -28.542110
92.616813 -26.625603 -26.705865
92.868168 -24.171252 -28.129237
88.564364 -26.329050 -38.250942
85.196713 -30.693576 -42.419624
4
-1.418900 87.906517 47.649040
-10.962841 84.716055 51.990443
-25.170218 89.303516 37.300699
-5.817124 94.480243 32.243522
7
-55.193596 82.247535 13.748092
-58.906051 79.059983 16.721133
-62.768133 76.283008 15.526241
-66.767060 74.263920 5.199026
-67.022499 74.186922 -2.070080
-62.682184 77.658308 -6.334905
-45.083798 89.152942 -4.382252
6
97.298292 -13.595835 -18.660003
97.639711 -21.112342 -4.555863
99.067316 -13.624469 0.202016
99.642750 -8.404229 0.831456
99.887948 -4.578311 -1.198731
98.892289 -5.488872 -13.790848
7
-1.501681 -96.587402 25.857664
-8.148110 -97.808904 19.157940
-14.155185 -96.789197 20.772148
-28.552390 -88.224460 37.432683
-27.913834 -84.884917 44.892859
-24.885318 -84.415668 47.483849
-0.863597 -95.774245 28.749751
6
-28.987677 -42.806725 -85.599643
-32.839514 -40.869422 -85.154311
-43.695778 -47.034685 -76.670838
-33.434471 -64.116763 -69.073706
-28.045035 -60.474933 -74.540315
-27.250938 -47.371273 -83.745739
7
-79.414939 17.847291 -58.092527
-83.453963 18.687874 -51.828558
-85.508335 15.117123 -49.596344
-80.625550 -0.789967 -59.151472
-80.130970 -1.015648 -59.816353
-72.153609 1.828241 -69.213540
-69.469685 4.417188 -71.794507
4
-23.974085 23.798896 -94.121495
-27.423967 37.564891 -88.525731
-39.237666 34.586545 -85.230138
-41.082637 26.583854 -87.209607
6
12.047233 95.458107 27.250945
13.343662 90.192739 41.075742
6.354312 87.597343 47.815565
-1.418900 87.906517 47.649040
-5.817124 94.480243 32.243522
4.049039 97.390106 22.333216
7
-72.152819 61.682770 31.451656
-66.230287 62.815708 40.837922
-67.743053 54.045187 49.899865
-75.138693 45.984934 47.324018
-82.327516 46.429182 32.657483
-82.464406 46.969864 31.519100
-82.046007 48.551814 30.185661
5
-67.387623 7.093676 -73.543103
-61.088419 24.009044 -75.443826
-61.113198 24.518367 -75.259728
-68.980602 30.822406 -65.510730
-71.028436 25.499563 -65.610469
5
-63.983199 70.825240 -29.831790
-69.929463 64.269931 -31.292909
-70.053906 59.921014 -38.754643
-67.989182 60.253864 -41.796449
-56.506559 69.153446 -44.997885
4
-72.153609 1.828241 -69.213540
-80.130970 -1.015648 -59.816353
-78.228645 -21.206519 -58.571005
-73.177714 -24.766331 -63.495284
5
21.575484 -91.096641 -35.155377
9.788365 -92.597122 -36.468628
8.075457 -94.553962 -31.533082
18.402077 -96.798998 -17.068029
25.077782 -93.611926 -24.655875
6
-95.949448 -6.583540 27.392709
-91.438147 -10.549023 39.086869
-91.184223 -31.770545 26.001344
-92.700582 -31.486162 20.377037
-92.711202 -31.472994 20.349048
-97.048435 -20.411729 12.843774
7
-97.048435 -20.411729 12.843774
-92.711202 -31.472994 20.349048
-92.089183 -38.802132 3.738567
-92.703457 -37.443080 -2.021082
-92.916394 -36.878298 -2.556318
-93.814174 -34.481301 -3.152874
-98.236346 -18.502719 2.696250
6
-14.317957 59.559658 -79.042035
-21.195654 59.240246 -77.726041
-28.203062 54.975076 -78.627784
-22.908381 43.869470 -86.894624
-18.372358 45.047147 -87.368249
-14.291087 59.522526 -79.074862
7
-76.479586 15.389877 62.562165
-66.892736 18.221759 72.064759
-61.458244 15.055881 77.435164
-63.655257 -5.113151 76.953648
-64.019123 -5.747236 76.606274
-84.288637 6.908716 53.363802
-84.260799 7.715993 53.297102
8
-24.440344 26.440500 93.292923
-14.538461 20.364781 96.818949
-11.303515 14.085581 98.355615
-11.237693 10.743551 98.784059
-19.217530 -3.680356 98.067026
-37.265730 9.870601 92.270453
-37.299608 11.176207 92.107718
-25.639807 25.957594 93.106410
4
71.640534 34.016172 -60.914152
67.684328 42.463951 -60.130230
57.145442 41.638760 -70.715007
61.217466 34.562371 -71.118664
5
39.054189 -7.210271 -91.775717
39.760114 -19.116243 -89.742424
52.877674 -12.910910 -83.888378
52.989822 -12.194393 -83.924821
49.253106 -4.435697 -86.916375
5
22.163087 82.799220 -51.508123
8.065079 82.023704 -56.630967
19.043593 67.030924 -71.723057
19.943633 66.910114 -71.591118
24.965272 73.308830 -63.265715
7
35.685173 -69.693579 62.204289
56.623923 -71.452553 41.088490
56.155397 -72.452384 39.965279
41.858509 -84.879536 32.300611
34.113256 -87.583601 34.137934
24.563909 -77.349263 58.426928
25.567863 -75.914149 59.860892
5
64.442835 -17.957028 74.328098
62.480382 -12.632216 77.049523
65.403299 -6.324984 75.381716
74.837693 -6.266960 66.030636
75.540772 -16.282983 63.470121
4
82.341505 -21.944884 -52.328755
85.196713 -30.693576 -42.419624
88.564364 -26.329050 -38.250942
87.863983 -15.543655 -45.147706
8
67.070994 59.252299 -44.616664
76.625765 50.652241 -39.532804
82.299744 48.098721 -30.220277
83.225815 49.911466 -24.131087
78.133576 58.369480 -22.094075
68.650660 67.825186 -26.207461
66.745811 68.029011 -30.282838
66.233856 61.042411 -43.438467
6
83.225815 49.911466 -24.131087
87.603067 45.414529 -16.224153
88.444344 46.627919 -1.853449
84.555574 53.278777 3.424450
78.503398 61.932637 1.250992
78.133576 58.369480 -22.094075
6
-95.003109 -6.367764 -30.559137
-91.770949 14.280764 -37.069565
-92.512074 17.559980 -33.662490
-96.787362 17.183995 -18.355294
-99.076953 2.176420 -13.379859
-96.411875 -6.699532 -25.687870
5
-37.895552 66.691016 64.157895
-46.674110 63.765439 61.282104
-50.190651 74.861730 43.319972
-44.369436 80.460279 39.465131
-39.666071 82.333389 40.593298
6
-18.491913 -98.213198 -3.495256
-7.467970 -98.859394 13.078592
7.628813 -99.706879 -0.582610
8.350240 -99.415263 -6.846822
-4.854578 -98.610299 -15.888425
-19.513940 -97.667810 -8.955728
6
59.130477 -80.639234 -0.948978
70.128800 -70.545474 10.260972
70.571363 -70.111482 10.201118
76.558229 -64.328281 -0.842449
70.194388 -69.695221 -14.673924
65.137306 -73.953489 -16.970942
5
-12.466518 99.067436 5.498089
-20.962014 97.686136 4.244150
-35.289887 93.384703 -5.824192
-22.640870 94.928398 -21.817203
-21.359912 95.156311 -22.114035
7
25.077782 -93.611926 -24.655875
18.402077 -96.798998 -17.068029
18.044669 -97.509436 -12.895728
29.979256 -95.164241 -6.709052
38.533981 -91.681454 -10.471070
40.483571 -88.477758 -23.081740
39.375102 -88.390776 -25.232361
4
39.327078 33.975474 -85.434467
51.229900 14.839597 -84.588910
58.947480 23.989728 -77.134218
44.785177 37.341937 -81.239569
6
-26.671058 40.094126 -87.641975
-35.741863 45.011249 -81.832186
-42.026377 40.424885 -81.237998
-42.265812 38.392675 -82.095089
-39.237666 34.586545 -85.230138
-27.423967 37.564891 -88.525731
6
66.591525 23.129681 70.926628
79.683246 25.687342 54.687665
80.282138 25.312239 53.982116
83.405273 17.872867 52.193114
77.575104 7.618809 62.642294
70.953053 13.195197 69.221030
8
-63.666247 73.319822 -23.891686
-63.983199 70.825240 -29.831790
-56.506559 69.153446 -44.997885
-55.473747 69.512308 -45.724200
-51.147137 73.201374 -45.005879
-46.219788 84.883078 -25.663091
-47.543470 84.818336 -23.355262
-56.206645 79.981104 -21.067415
10
-8.809711 31.803239 -94.397791
-7.261634 34.610711 -93.538053
-15.489547 44.278684 -88.314620
-18.372358 45.047147 -87.368249
-22.908381 43.869470 -86.894624
-26.671058 40.094126 -87.641975
-27.423967 37.564891 -88.525731
-23.974085 23.798896 -94.121495
-22.916139 22.488804 -94.705355
-22.058867 22.072399 -95.006398
8
-29.244694 89.521540 33.625017
-29.293994 88.717528 35.651958
-38.280319 83.049724 40.464312
-39.666071 82.333389 40.593298
-44.369436 80.460279 39.465131
-58.906051 79.059983 16.721133
-55.193596 82.247535 13.748092
-36.693016 91.562141 16.431584
6
-39.666071 82.333389 40.593298
-38.280319 83.049724 40.464312
-20.525135 73.642340 64.463359
-28.666646 68.666243 66.806964
-37.641417 66.639380 64.360833
-37.895552 66.691016 64.157895
5
23.774813 -30.508410 -92.217109
33.473228 -22.420533 -91.525203
28.144437 -15.442140 -94.707080
18.908025 -19.398947 -96.260934
18.665211 -24.937802 -95.024817
5
-30.032518 85.908599 -41.445875
-30.339384 82.763174 -47.220533
-11.496578 85.611838 -50.382952
-4.485283 90.455760 -42.398557
-15.921215 93.075029 -32.917379
7
-0.364225 98.570617 -16.843420
8.457965 93.188146 -35.276512
21.543617 91.743021 -33.452811
24.982070 94.794997 -19.743473
22.207464 96.494919 -13.984242
10.546461 99.396052 -3.032649
4.622060 99.882644 -1.447097
5
8.169785 -81.496240 -57.372620
10.759164 -79.854539 -59.224092
10.029871 -66.848787 -73.692885
9.911130 -66.738037 -73.809240
-6.711781 -79.599039 -60.157668
8
-88.963081 44.498369 -10.269637
-88.394482 44.390112 -14.694673
-87.090089 46.098619 -17.036249
-78.670294 58.127519 -20.788852
-77.526414 59.908002 -20.017154
-73.920329 65.807754 -14.322168
-73.899679 65.935279 -13.833885
-81.808891 57.503528 0.805954
8
9.197072 -0.237152 -99.575889
23.839130 10.252789 -96.574200
23.434740 15.533268 -95.966299
21.876347 19.612820 -95.586415
19.284698 21.314700 -95.779873
3.081870 17.835656 -98.348317
0.721267 15.751274 -98.749062
-3.273507 0.487181 -99.945219
4
-25.639807 25.957594 93.106410
-37.299608 11.176207 92.107718
-48.397540 21.581202 84.805247
-36.728687 28.662691 88.484200
5
82.844090 -55.754598 -5.318039
86.477010 -49.459408 -8.688708
87.181317 -47.661845 -11.303387
77.908286 -55.054027 -29.989216
74.618625 -61.547249 -25.377093
6
-67.471486 5.173337 -73.626321
-67.387623 7.093676 -73.543103
-71.028436 25.499563 -65.610469
-79.414939 17.847291 -58.092527
-69.469685 4.417188 -71.794507
-67.552364 5.011499 -73.563326
5
-48.600520 -47.638338 -73.270583
-56.565989 -45.275583 -68.923221
-55.921590 -56.255010 -60.894577
-51.088275 -62.517760 -59.004389
-48.013874 -63.779783 -60.222979
6
-59.241345 -35.462436 72.338639
-54.245766 -29.017245 78.837785
-43.481343 -37.100069 82.054602
-40.359018 -45.153123 79.576034
-43.077996 -48.767112 75.934544
-52.893600 -50.241356 68.396442
5
-8.474023 -43.832966 89.481071
-10.817402 -58.818907 80.145617
-13.811923 -62.149585 77.114589
-21.939511 -62.787180 74.675484
-26.656151 -51.728036 81.324411
5
17.369003 -79.338887 -58.340884
27.355638 -83.063394 -48.498883
28.697419 -82.906759 -47.988827
33.178626 -72.538600 -60.310283
25.382858 -71.946944 -64.647875
6
-68.340677 -30.279331 -66.428262
-74.131491 -39.309922 -54.399008
-72.107999 -49.779658 -48.191515
-70.903083 -51.423888 -48.252840
-62.923090 -50.710423 -58.899387
-67.357266 -30.551142 -67.302499
4
-20.962014 97.686136 4.244150
-35.828060 92.320861 13.899955
-43.535620 89.854176 -5.556683
-35.289887 93.384703 -5.824192
5
-66.224722 -65.706489 -36.013103
-63.503538 -70.104792 -32.444088
-55.959361 -77.261189 -29.987640
-45.544947 -77.887444 -43.118485
-64.746551 -64.447490 -40.674379
6
33.473228 -22.420533 -91.525203
37.685084 -22.668119 -89.810861
39.760114 -19.116243 -89.742424
39.054189 -7.210271 -91.775717
28.805877 -1.462153 -95.750110
28.144437 -15.442140 -94.707080
6
-37.789581 -91.283835 -15.466383
-32.964136 -92.928069 -16.665526
-25.244847 -91.839847 -30.465393
-31.834064 -83.693028 -44.520439
-41.561296 -79.927062 -43.408793
-43.608694 -87.851273 -19.504759
7
-34.431152 77.785347 -52.573145
-38.334712 76.131512 -52.291899
-43.333788 57.555486 -69.350911
-41.211945 57.826150 -70.411022
-26.960439 68.910844 -67.263885
-25.125218 71.707345 -65.013691
-25.754307 74.449169 -61.595754
6
12.096958 -34.008106 93.258310
22.281503 -42.030326 87.960140
22.862212 -50.539732 83.204897
14.865122 -57.471824 80.473708
8.846357 -57.208259 81.541137
-2.157532 -43.258733 90.133385
6
26.936918 46.172865 -84.513129
29.509316 45.035280 -84.267573
36.169375 52.139799 -77.286595
30.020722 62.570327 -71.997989
23.684368 64.443604 -72.705382
24.297545 49.929691 -83.166431
7
-54.993817 19.507691 81.210406
-52.602477 22.399776 82.044070
-48.397540 21.581202 84.805247
-37.299608 11.176207 92.107718
-37.265730 9.870601 92.270453
-44.514054 1.941233 89.525028
-47.491941 0.751401 87.999721
6
-1.426146 52.875757 -84.865308
-15.489547 44.278684 -88.314620
-7.261634 34.610711 -93.538053
-4.220657 35.952299 -93.218122
3.557870 51.569245 -85.603473
1.826792 52.426983 -85.135623
5
-82.426995 39.525137 -40.540770
-81.624808 39.916414 -41.762072
-76.903815 54.288803 -33.742098
-78.670294 58.127519 -20.788852
-87.090089 46.098619 -17.036249
7
95.982975 6.812309 -27.218761
96.136544 -1.661515 -27.477341
97.044124 -13.811021 -19.791251
97.298292 -13.595835 -18.660003
98.892289 -5.488872 -13.790848
98.747165 1.102347 -15.741103
96.517369 6.939432 -25.223834
5
-20.675817 18.782653 -96.019386
-28.091235 -0.168296 -95.973195
-22.025818 -5.170892 -97.407008
-6.901288 -1.827136 -99.744843
-18.970473 17.611091 -96.591773
7
-41.034118 86.876708 -27.724335
-46.219788 84.883078 -25.663091
-51.147137 73.201374 -45.005879
-38.334712 76.131512 -52.291899
-34.431152 77.785347 -52.573145
-30.339384 82.763174 -47.220533
-30.032518 85.908599 -41.445875
8
97.044124 -13.811021 -19.791251
93.765360 -21.080410 -27.634643
92.868168 -24.171252 -28.129237
92.616813 -26.625603 -26.705865
93.666168 -32.709733 -12.518877
96.776864 -24.876884 -3.921638
97.639711 -21.112342 -4.555863
97.298292 -13.595835 -18.660003
5
-60.550365 47.464880 -63.880658
-50.505774 51.152415 -69.516884
-45.382855 56.509121 -68.899316
-55.653458 67.817850 -47.994080
-63.448642 50.571489 -58.453352
7
30.020722 62.570327 -71.997989
40.364581 62.791187 -66.542974
44.463267 67.621765 -58.739380
43.819090 73.331870 -51.983884
24.965272 73.308830 -63.265715
19.943633 66.910114 -71.591118
23.684368 64.443604 -72.705382
7
43.819090 73.331870 -51.983884
44.463267 67.621765 -58.739380
58.016458 54.901226 -60.165987
65.544701 54.928111 -51.834302
67.070994 59.252299 -44.616664
66.233856 61.042411 -43.438467
44.395764 74.475308 -49.824137
5
-66.230287 62.815708 40.837922
-58.487095 67.673387 44.716578
-54.900422 57.259327 60.887709
-66.026812 53.023702 53.187848
-67.743053 54.045187 49.899865
7
-69.547746 37.935531 61.024639
-68.732923 36.521043 62.785338
-76.479586 15.389877 62.562165
-84.260799 7.715993 53.297102
-86.238188 16.530882 47.850861
-83.505119 26.289656 48.329588
-74.096560 37.288778 55.850217
5
46.549229 64.045913 61.084288
45.076566 50.261196 73.769339
20.997456 39.099039 89.612343
20.554674 39.578521 89.504447
19.236696 67.601002 71.134057
6
86.865899 -21.729536 44.521263
85.197813 -24.904309 46.055489
74.891933 -26.451882 60.757685
76.365851 -17.432440 62.164032
82.967273 -13.177891 54.247348
87.712593 -15.600700 45.421572
6
-4.854578 -98.610299 -15.888425
-3.725285 -96.851072 -24.616906
-13.730392 -92.665885 -34.993001
-25.244847 -91.839847 -30.465393
-32.964136 -92.928069 -16.665526
-19.513940 -97.667810 -8.955728
7
-46.674110 63.765439 61.282104
-37.895552 66.691016 64.157895
-37.641417 66.639380 64.360833
-39.916562 55.041577 73.328663
-49.394959 52.921056 68.989128
-54.193348 55.385047 63.210581
-54.235990 57.029953 61.693127
4
31.541489 83.241623 45.562777
30.981924 90.448758 29.311135
49.026231 81.601987 30.619346
48.650628 74.354666 45.874831
6
11.483774 -13.468129 -98.421199
13.690905 -13.868008 -98.082809
28.575194 -1.082367 -95.824249
27.410724 4.208214 -96.077797
23.839130 10.252789 -96.574200
9.197072 -0.237152 -99.575889
6
-76.903815 54.288803 -33.742098
-81.624808 39.916414 -41.762072
-80.432204 39.385680 -44.490772
-71.137032 49.558121 -49.834880
-67.989182 60.253864 -41.796449
-70.053906 59.921014 -38.754643
4
-14.538461 20.364781 96.818949
-24.440344 26.440500 93.292923
-22.831679 39.687730 88.902185
0.887584 39.001982 92.076368
7
-39.530877 -79.864032 45.376715
-47.341217 -69.939136 53.547422
-27.503192 -68.674912 67.285443
-19.872411 -79.911877 56.737811
-20.217566 -82.191455 53.252369
-24.885318 -84.415668 47.483849
-27.913834 -84.884917 44.892859
5
-68.893044 33.648861 -64.198930
-68.980602 30.822406 -65.510730
-61.113198 24.518367 -75.259728
-55.813586 32.403130 -76.386391
-64.552335 39.223068 -65.532793
4
-48.869004 -84.905248 -20.072848
-55.959361 -77.261189 -29.987640
-63.503538 -70.104792 -32.444088
-64.022812 -76.143933 -10.157804
6
-75.795202 -47.315574 44.903494
-75.547941 -47.013801 45.631251
-55.463552 -61.387195 56.173006
-54.930567 -63.498617 54.319043
-57.932648 -65.342768 48.725056
-72.888164 -56.244429 39.036903
6
12.047233 95.458107 27.250945
26.841335 93.471822 23.292945
30.981924 90.448758 29.311135
31.541489 83.241623 45.562777
27.736601 83.651125 47.256431
13.343662 90.192739 41.075742
6
-5.745777 -54.479296 -83.659981
-3.538871 -45.802599 -88.823411
-23.411063 -39.677307 -88.756033
-28.987677 -42.806725 -85.599643
-27.250938 -47.371273 -83.745739
-5.789474 -54.487146 -83.651855
8
-64.022812 -76.143933 -10.157804
-65.337169 -75.271001 -8.082748
-58.707895 -80.911212 2.599776
-56.185511 -82.674643 2.844597
-40.188505 -91.142451 -8.828229
-37.789581 -91.283835 -15.466383
-43.608694 -87.851273 -19.504759
-48.869004 -84.905248 -20.072848
6
55.281857 37.937881 74.193217
56.941935 27.053540 77.625524
28.047604 28.542073 91.644323
24.506497 31.131564 91.816433
20.997456 39.099039 89.612343
45.076566 50.261196 73.769339
6
-12.144366 80.880730 -57.539742
-4.063114 76.185431 -64.647283
7.895351 82.066462 -56.592926
-1.379686 90.595221 -42.315511
-4.485283 90.455760 -42.398557
-11.496578 85.611838 -50.382952
6
83.717487 34.584493 -42.370924
81.727335 18.135495 -54.696860
83.902999 13.619346 -52.676372
91.430609 14.680291 -37.748281
89.239161 31.167554 -32.633659
87.137559 34.288651 -35.090372
7
80.425255 -37.740041 45.907164
85.197813 -24.904309 46.055489
86.865899 -21.729536 44.521263
91.671449 -30.837735 25.404322
91.402294 -33.614036 22.709408
79.889150 -46.137975 38.587705
79.105377 -44.719181 41.743673
7
37.766187 -66.812215 64.108058
35.685173 -69.693579 62.204289
25.567863 -75.914149 59.860892
21.257916 -72.218557 65.822344
14.865122 -57.471824 80.473708
22.862212 -50.539732 83.204897
39.006163 -54.000541 74.581907
7
7.223442 -15.914059 98.460980
7.188922 -15.844880 98.474663
10.999911 -3.034261 99.346843
36.858581 1.021335 92.953762
38.946151 -1.761824 92.087422
34.409029 -17.367313 92.273480
13.234233 -22.706902 96.484463
5
-51.873073 -9.977853 -84.909521
-42.707982 -24.066878 -87.159702
-38.312137 -21.174166 -89.910149
-34.297852 -0.711034 -93.931634
-43.405709 5.194189 -89.938673
6
-56.206645 79.981104 -21.067415
-62.682184 77.658308 -6.334905
-67.022499 74.186922 -2.070080
-73.899679 65.935279 -13.833885
-73.920329 65.807754 -14.322168
-63.666247 73.319822 -23.891686
6
-96.724751 25.383415 0.069050
-92.538879 37.880429 1.276332
-90.857981 40.690827 9.438424
-93.378452 30.615827 18.523924
-95.447271 23.112048 18.858727
-98.481287 14.782315 9.106003
5
-92.703457 -37.443080 -2.021082
-92.089183 -38.802132 3.738567
-85.576727 -49.730736 14.264557
-84.512658 -51.369716 14.790635
-82.927373 -55.758667 -3.744581
6
58.016458 54.901226 -60.165987
51.566317 46.274234 -72.108323
57.145442 41.638760 -70.715007
67.684328 42.463951 -60.130230
67.890228 49.300060 -54.409752
65.544701 54.928111 -51.834302
6
-84.629436 -42.153447 32.572158
-86.436903 -38.712476 32.093706
-85.076683 -29.574167 43.443372
-74.901389 -39.495065 53.197009
-75.547941 -47.013801 45.631251
-75.795202 -47.315574 44.903494
7
41.748968 -38.122504 -82.484534
27.350129 -48.074051 -83.311801
34.289769 -56.597369 -74.972992
39.108638 -58.782216 -70.817833
48.152535 -54.818564 -68.383174
51.985049 -46.170874 -71.873535
51.553849 -43.239732 -73.976525
4
70.363095 45.503821 54.575059
79.683246 25.687342 54.687665
66.591525 23.129681 70.926628
66.100709 23.619366 71.223744
7
-61.458244 15.055881 77.435164
-66.892736 18.221759 72.064759
-65.487642 34.724490 67.123606
-56.550642 36.626963 73.895132
-52.418388 35.350080 77.476993
-52.602477 22.399776 82.044070
-54.993817 19.507691 81.210406
5
15.006977 71.078965 68.720967
12.984891 71.737932 68.447510
6.354312 87.597343 47.815565
13.343662 90.192739 41.075742
27.736601 83.651125 47.256431
5
59.001711 -42.556565 68.612949
66.224281 -38.893342 64.044145
71.140195 -49.276392 50.108980
62.452555 -59.150689 50.998768
57.680009 -56.787954 58.720906
6
97.125539 23.803728 -0.110243
94.272851 33.250469 -2.652542
93.856013 28.446237 -19.541252
94.727270 25.683697 -19.159646
97.944223 16.920518 -10.982953
98.602233 15.997083 -4.657574
5
29.979256 -95.164241 -6.709052
28.660713 -95.039306 12.086926
45.992559 -88.458055 7.736730
49.502355 -86.883664 -0.863615
38.533981 -91.681454 -10.471070
4
93.765360 -21.080410 -27.634643
97.044124 -13.811021 -19.791251
96.136544 -1.661515 -27.477341
92.409566 -10.703555 -36.686591
8
-25.639807 25.957594 93.106410
-36.728687 28.662691 88.484200
-41.413990 41.346799 81.088370
-32.610789 48.214323 81.313686
-32.385357 48.249959 81.382615
-23.624222 41.647319 87.791782
-22.831679 39.687730 88.902185
-24.440344 26.440500 93.292923
7
68.971508 -56.635423 -45.114964
70.544372 -57.448906 -41.510418
77.877821 -52.616091 -34.155409
79.369192 -49.727216 -35.039054
74.821943 -40.375458 -52.645031
73.351904 -40.491275 -54.588963
69.263526 -45.440215 -56.015630
4
-92.711202 -31.472994 20.349048
-92.700582 -31.486162 20.377037
-85.576727 -49.730736 14.264557
-92.089183 -38.802132 3.738567
5
-5.789474 -54.487146 -83.651855
-18.987155 -61.857969 -76.243555
-10.218680 -69.881912 -70.796165
3.543026 -63.224388 -77.395890
-5.745777 -54.479296 -83.659981
7
-86.012502 48.553003 15.635072
-90.857981 40.690827 9.438424
-92.538879 37.880429 1.276332
-88.963081 44.498369 -10.269637
-81.808891 57.503528 0.805954
-81.462501 57.877261 3.752810
-82.198494 56.328277 8.398382
6
-82.046007 48.551814 30.185661
-82.464406 46.969864 31.519100
-88.337688 36.822876 28.991872
-93.378452 30.615827 18.523924
-90.857981 40.690827 9.438424
-86.012502 48.553003 15.635072
4
-28.552390 -88.224460 37.432683
-14.155185 -96.789197 20.772148
-32.628724 -93.576024 13.375132
-33.425798 -88.973031 31.088836
6
74.891933 -26.451882 60.757685
70.735788 -32.089520 62.981831
64.435088 -18.381517 74.230986
64.442835 -17.957028 74.328098
75.540772 -16.282983 63.470121
76.365851 -17.432440 62.164032
6
59.027503 -24.984845 -76.756181
65.515648 -17.402726 -73.517651
62.400086 -7.092094 -77.819865
52.989822 -12.194393 -83.924821
52.877674 -12.910910 -83.888378
55.346783 -23.764377 -79.824733
8
28.697419 -82.906759 -47.988827
32.461510 -84.457937 -42.580597
36.710942 -83.918259 -40.125210
49.333870 -71.375273 -49.716593
48.601621 -69.596828 -52.859853
48.445002 -69.516499 -53.108739
38.174576 -69.567243 -60.853106
33.178626 -72.538600 -60.310283
4
-14.291087 59.522526 -79.074862
-18.372358 45.047147 -87.368249
-15.489547 44.278684 -88.314620
-1.426146 52.875757 -84.865308
5
75.540772 -16.282983 63.470121
74.837693 -6.266960 66.030636
78.833269 -0.592995 61.522062
82.967273 -13.177891 54.247348
76.365851 -17.432440 62.164032
6
-17.832804 95.063703 -25.394555
-15.921215 93.075029 -32.917379
-4.485283 90.455760 -42.398557
-1.379686 90.595221 -42.315511
8.457965 93.188146 -35.276512
-0.364225 98.570617 -16.843420
5
-87.090089 46.098619 -17.036249
-88.394482 44.390112 -14.694673
-92.342072 33.332680 -19.022992
-89.519804 29.579982 -33.335105
-82.426995 39.525137 -40.540770
5
95.964297 -5.574603 27.564063
91.671449 -30.837735 25.404322
86.865899 -21.729536 44.521263
87.712593 -15.600700 45.421572
90.838154 -7.363419 41.160780
6
-38.175283 -91.829791 10.485098
-45.757267 -87.647224 14.974531
-49.185949 -83.846029 23.464567
-33.425798 -88.973031 31.088836
-32.628724 -93.576024 13.375132
-32.735676 -93.557513 13.242630
6
97.639711 -21.112342 -4.555863
96.776864 -24.876884 -3.921638
96.680939 -25.356592 -3.136768
95.555355 -25.638653 14.554502
97.333415 -18.126294 14.058583
99.067316 -13.624469 0.202016
5
-73.453833 -23.453698 63.674629
-61.627514 -35.139921 70.478617
-67.640952 -42.660872 60.039583
-74.419696 -38.896284 54.302743
-75.102013 -24.005149 61.509678
6
76.625765 50.652241 -39.532804
67.070994 59.252299 -44.616664
65.544701 54.928111 -51.834302
67.890228 49.300060 -54.409752
76.501028 39.234011 -51.071372
79.469384 40.301706 -45.391514
4
-14.838319 -77.292774 -61.689962
-33.464182 -64.165370 -69.014157
-40.311257 -66.215978 -63.169984
-27.968365 -79.493905 -53.837623
5
59.130477 -80.639234 -0.948978
65.137306 -73.953489 -16.970942
59.485314 -76.612392 -24.331850
54.117093 -81.669350 -20.036406
54.338927 -83.910800 -2.501751
10
-80.432204 39.385680 -44.490772
-81.624808 39.916414 -41.762072
-82.426995 39.525137 -40.540770
-89.519804 29.579982 -33.335105
-92.512074 17.559980 -33.662490
-91.770949 14.280764 -37.069565
-87.121262 13.957611 -47.064538
-85.508335 15.117123 -49.596344
-83.453963 18.687874 -51.828558
-79.926222 34.445320 -49.247528
5
13.234233 -22.706902 96.484463
34.409029 -17.367313 92.273480
41.668970 -30.687098 85.568680
22.281503 -42.030326 87.960140
12.096958 -34.008106 93.258310
7
24.297545 49.929691 -83.166431
23.684368 64.443604 -72.705382
19.943633 66.910114 -71.591118
19.043593 67.030924 -71.723057
18.945762 67.013095 -71.765613
5.445491 51.556658 -85.511740
6.406982 50.909013 -85.832529
6
65.137306 -73.953489 -16.970942
70.194388 -69.695221 -14.673924
73.485387 -62.937440 -25.274029
68.907836 -66.263940 -29.339400
59.606926 -75.259142 -27.983492
59.485314 -76.612392 -24.331850
4
20.676796 27.230669 93.973192
9.031740 2.934439 99.548062
-11.237693 10.743551 98.784059
-11.303515 14.085581 98.355615
7
21.876347 19.612820 -95.586415
38.337607 33.997065 -85.874487
29.509316 45.035280 -84.267573
26.936918 46.172865 -84.513129
15.094800 37.904287 -91.298478
14.856689 30.235315 -94.154684
19.284698 21.314700 -95.779873
6
9.031740 2.934439 99.548062
20.676796 27.230669 93.973192
24.506497 31.131564 91.816433
28.047604 28.542073 91.644323
36.858581 1.021335 92.953762
10.999911 -3.034261 99.346843
5
3.844696 -88.300730 46.778193
-20.217566 -82.191455 53.252369
-19.872411 -79.911877 56.737811
-4.664292 -75.150002 65.808218
15.576880 -80.924639 56.644185
7
-64.622639 -63.595878 -42.183869
-64.746551 -64.447490 -40.674379
-45.544947 -77.887444 -43.118485
-43.016924 -78.661799 -44.292952
-44.363665 -65.972898 -60.658403
-48.013874 -63.779783 -60.222979
-51.088275 -62.517760 -59.004389
7
-96.787362 17.183995 -18.355294
-96.321103 21.947132 -15.510273
-96.724751 25.383415 0.069050
-98.481287 14.782315 9.106003
-99.305937 7.641924 8.940463
-99.995676 -0.299510 -0.880410
-99.076953 2.176420 -13.379859
5
80.282138 25.312239 53.982116
84.713488 35.598078 39.451258
86.139081 32.522138 39.017552
87.518271 14.536195 46.143811
83.405273 17.872867 52.193114
8
50.051929 45.558051 -73.615680
44.785177 37.341937 -81.239569
58.947480 23.989728 -77.134218
62.020551 24.983782 -74.359007
61.217466 34.562371 -71.118664
57.145442 41.638760 -70.715007
51.566317 46.274234 -72.108323
51.420309 46.288822 -72.203163
8
-42.859531 -24.764413 -86.889496
-32.839514 -40.869422 -85.154311
-28.987677 -42.806725 -85.599643
-23.411063 -39.677307 -88.756033
-15.580412 -25.701620 -95.376504
-23.158364 -19.995217 -95.204420
-38.312137 -21.174166 -89.910149
-42.707982 -24.066878 -87.159702
6
-82.529536 -54.095696 -16.202821
-88.789116 -42.824942 -16.808248
-92.916394 -36.878298 -2.556318
-92.703457 -37.443080 -2.021082
-82.927373 -55.758667 -3.744581
-81.174562 -58.063050 -6.274769
6
39.006163 -54.000541 74.581907
22.862212 -50.539732 83.204897
22.281503 -42.030326 87.960140
41.668970 -30.687098 85.568680
43.217171 -31.460667 84.513328
49.557199 -40.234500 76.975769
7
-75.547941 -47.013801 45.631251
-74.901389 -39.495065 53.197009
-74.419696 -38.896284 54.302743
-67.640952 -42.660872 60.039583
-56.031693 -54.003623 62.801736
-55.293116 -60.554219 57.235111
-55.463552 -61.387195 56.173006
6
34.409029 -17.367313 92.273480
38.946151 -1.761824 92.087422
42.593324 -1.582740 90.461614
57.959101 -12.943630 80.456230
43.217171 -31.460667 84.513328
41.668970 -30.687098 85.568680
6
-51.147137 73.201374 -45.005879
-55.473747 69.512308 -45.724200
-55.653458 67.817850 -47.994080
-45.382855 56.509121 -68.899316
-43.333788 57.555486 -69.350911
-38.334712 76.131512 -52.291899
7
-22.058867 22.072399 -95.006398
-22.916139 22.488804 -94.705355
-44.438576 8.864849 -89.143858
-43.405709 5.194189 -89.938673
-34.297852 -0.711034 -93.931634
-28.091235 -0.168296 -95.973195
-20.675817 18.782653 -96.019386
6
-91.704487 20.546822 34.177701
-91.322997 19.198640 35.937759
-97.702500 1.690554 21.245319
-99.305937 7.641924 8.940463
-98.481287 14.782315 9.106003
-95.447271 23.112048 18.858727
6
51.299932 -40.102772 75.895221
64.435088 -18.381517 74.230986
70.735788 -32.089520 62.981831
70.169348 -33.828476 62.704839
66.224281 -38.893342 64.044145
59.001711 -42.556565 68.612949
7
-18.987155 -61.857969 -76.243555
-28.045035 -60.474933 -74.540315
-33.434471 -64.116763 -69.073706
-33.464182 -64.165370 -69.014157
-14.838319 -77.292774 -61.689962
-13.533648 -77.565884 -61.647173
-10.218680 -69.881912 -70.796165
7
89.505478 -8.970813 -43.684023
90.367118 -8.761356 -41.916854
94.056644 10.425966 -32.320998
93.666103 11.505113 -33.080107
91.430609 14.680291 -37.748281
83.902999 13.619346 -52.676372
82.850485 1.559230 -55.976477
5
96.680939 -25.356592 -3.136768
91.929430 -39.043821 4.955798
90.649422 -38.616130 17.072689
91.552617 -33.811676 21.791947
95.555355 -25.638653 14.554502
5
-67.022499 74.186922 -2.070080
-66.767060 74.263920 5.199026
-81.462501 57.877261 3.752810
-81.808891 57.503528 0.805954
-73.899679 65.935279 -13.833885
7
64.435088 -18.381517 74.230986
51.299932 -40.102772 75.895221
49.557199 -40.234500 76.975769
43.217171 -31.460667 84.513328
57.959101 -12.943630 80.456230
62.480382 -12.632216 77.049523
64.442835 -17.957028 74.328098
7
-55.463552 -61.387195 56.173006
-55.293116 -60.554219 57.235111
-35.335397 -62.406651 69.690886
-27.566018 -67.645941 68.294519
-27.503192 -68.674912 67.285443
-47.341217 -69.939136 53.547422
-54.930567 -63.498617 54.319043
7
-10.218680 -69.881912 -70.796165
-13.533648 -77.565884 -61.647173
-10.548535 -79.690784 -59.481991
-6.711781 -79.599039 -60.157668
9.911130 -66.738037 -73.809240
8.772601 -64.432279 -75.970539
3.543026 -63.224388 -77.395890
6
83.717487 34.584493 -42.370924
79.469384 40.301706 -45.391514
76.501028 39.234011 -51.071372
75.272355 29.784009 -58.711032
77.730755 22.187078 -58.869884
81.727335 18.135495 -54.696860
6
79.432703 -3.096460 -60.670072
76.399645 -4.163139 -64.387596
71.518115 -15.976542 -68.043437
72.925584 -28.433487 -62.236613
74.317046 -29.818779 -59.898389
80.997956 -21.824359 -54.433706
6
58.081980 25.998735 77.139804
66.100709 23.619366 71.223744
66.591525 23.129681 70.926628
70.953053 13.195197 69.221030
65.182843 -1.682446 75.817982
54.363458 7.324150 83.612028
5
54.117093 -81.669350 -20.036406
40.483571 -88.477758 -23.081740
38.533981 -91.681454 -10.471070
49.502355 -86.883664 -0.863615
54.338927 -83.910800 -2.501751
5
-67.357266 -30.551142 -67.302499
-62.923090 -50.710423 -58.899387
-55.921590 -56.255010 -60.894577
-56.565989 -45.275583 -68.923221
-67.042290 -30.531541 -67.625117
5
90.322921 42.905012 -0.964282
94.272851 33.250469 -2.652542
97.125539 23.803728 -0.110243
95.314432 24.083891 18.306428
93.490253 30.184219 18.667768
7
-6.845339 -1.843630 -99.748395
-6.901288 -1.827136 -99.744843
-22.025818 -5.170892 -97.407008
-23.158364 -19.995217 -95.204420
-15.580412 -25.701620 -95.376504
-10.481615 -25.556907 -96.109210
-3.345640 -16.597533 -98.556221
6
-87.638071 -7.980828 47.496051
-75.102013 -24.005149 61.509678
-74.419696 -38.896284 54.302743
-74.901389 -39.495065 53.197009
-85.076683 -29.574167 43.443372
-88.656639 -9.387402 45.297649
7
-80.625550 -0.789967 -59.151472
-88.577215 -8.338217 -45.656884
-89.895469 -13.439231 -41.691627
-89.095324 -16.092892 -42.462242
-86.085707 -19.770830 -46.886729
-78.228645 -21.206519 -58.571005
-80.130970 -1.015648 -59.816353
6
-54.900422 57.259327 60.887709
-54.235990 57.029953 61.693127
-54.193348 55.385047 63.210581
-56.961947 51.046097 64.417642
-67.816472 41.601086 60.582801
-66.026812 53.023702 53.187848
4
51.553849 -43.239732 -73.976525
51.985049 -46.170874 -71.873535
66.198206 -46.615198 -58.692595
60.328143 -34.574620 -71.868705
4
-88.337688 36.822876 28.991872
-91.704487 20.546822 34.177701
-95.447271 23.112048 18.858727
-93.378452 30.615827 18.523924
5
14.865122 -57.471824 80.473708
21.257916 -72.218557 65.822344
1.073002 -67.925798 73.382114
5.376757 -59.724182 80.025699
8.846357 -57.208259 81.541137
5
-3.538871 -45.802599 -88.823411
1.386629 -39.909528 -91.680461
-10.481615 -25.556907 -96.109210
-15.580412 -25.701620 -95.376504
-23.411063 -39.677307 -88.756033
6
-49.185949 -83.846029 23.464567
-45.757267 -87.647224 14.974531
-56.185511 -82.674643 2.844597
-58.707895 -80.911212 2.599776
-63.877290 -74.107176 20.683770
-53.969138 -79.808621 26.793956
7
-48.295356 18.854151 -85.510699
-47.230466 21.912551 -85.376362
-51.037754 32.142534 -79.762179
-53.329151 33.346551 -77.743226
-55.813586 32.403130 -76.386391
-61.113198 24.518367 -75.259728
-61.088419 24.009044 -75.443826
5
-96.411875 -6.699532 -25.687870
-99.076953 2.176420 -13.379859
-99.995676 -0.299510 -0.880410
-98.556308 -16.856132 1.588997
-96.247930 -19.609605 -18.756317
6
-53.969138 -79.808621 26.793956
-63.877290 -74.107176 20.683770
-64.282610 -73.750137 20.704185
-67.266500 -66.047513 33.360815
-58.778699 -67.716490 44.266709
-52.922567 -78.781571 31.506603
7
9.788365 -92.597122 -36.468628
21.575484 -91.096641 -35.155377
32.461510 -84.457937 -42.580597
28.697419 -82.906759 -47.988827
27.355638 -83.063394 -48.498883
8.913896 -88.256594 -46.166179
7.020486 -89.869665 -43.291525
5
-32.839514 -40.869422 -85.154311
-42.859531 -24.764413 -86.889496
-53.422456 -30.823422 -78.714407
-46.334793 -46.426295 -75.483019
-43.695778 -47.034685 -76.670838
5
-98.236346 -18.502719 2.696250
-93.814174 -34.481301 -3.152874
-94.218231 -27.081835 -19.735734
-96.247930 -19.609605 -18.756317
-98.556308 -16.856132 1.588997
5
-30.339384 82.763174 -47.220533
-34.431152 77.785347 -52.573145
-25.754307 74.449169 -61.595754
-12.144366 80.880730 -57.539742
-11.496578 85.611838 -50.382952
6
23.434740 15.533268 -95.966299
51.173106 14.397270 -84.699657
51.229900 14.839597 -84.588910
39.327078 33.975474 -85.434467
38.337607 33.997065 -85.874487
21.876347 19.612820 -95.586415
7
80.997956 -21.824359 -54.433706
74.317046 -29.818779 -59.898389
73.351904 -40.491275 -54.588963
74.821943 -40.375458 -52.645031
83.857514 -33.870532 -42.669713
85.196713 -30.693576 -42.419624
82.341505 -21.944884 -52.328755
6
28.575194 -1.082367 -95.824249
28.805877 -1.462153 -95.750110
39.054189 -7.210271 -91.775717
49.253106 -4.435697 -86.916375
50.729668 5.200427 -86.020093
27.410724 4.208214 -96.077797
6
-52.922567 -78.781571 31.506603
-58.778699 -67.716490 44.266709
-57.932648 -65.342768 48.725056
-54.930567 -63.498617 54.319043
-47.341217 -69.939136 53.547422
-39.530877 -79.864032 45.376715
5
90.367118 -8.761356 -41.916854
92.409566 -10.703555 -36.686591
96.136544 -1.661515 -27.477341
95.982975 6.812309 -27.218761
94.056644 10.425966 -32.320998
6
22.971915 -69.895230 -67.727011
25.382858 -71.946944 -64.647875
33.178626 -72.538600 -60.310283
38.174576 -69.567243 -60.853106
39.108638 -58.782216 -70.817833
34.289769 -56.597369 -74.972992
4
99.642750 -8.404229 0.831456
99.067316 -13.624469 0.202016
97.333415 -18.126294 14.058583
97.513023 -4.585802 21.683650
7
-14.896064 -35.201366 92.406554
-14.692138 -34.602395 92.665071
7.223442 -15.914059 98.460980
13.234233 -22.706902 96.484463
12.096958 -34.008106 93.258310
-2.157532 -43.258733 90.133385
-8.011691 -43.078824 89.888974
4
-85.508335 15.117123 -49.596344
-87.121262 13.957611 -47.064538
-88.577215 -8.338217 -45.656884
-80.625550 -0.789967 -59.151472
6
36.710942 -83.918259 -40.125210
32.461510 -84.457937 -42.580597
21.575484 -91.096641 -35.155377
25.077782 -93.611926 -24.655875
39.375102 -88.390776 -25.232361
39.177493 -84.933975 -35.374340
6
-25.244847 -91.839847 -30.465393
-13.730392 -92.665885 -34.993001
-9.308288 -88.804190 -45.024122
-10.979428 -86.994211 -48.077639
-30.399346 -83.452464 -45.951779
-31.834064 -83.693028 -44.520439
5
-73.920329 65.807754 -14.322168
-77.526414 59.908002 -20.017154
-69.929463 64.269931 -31.292909
-63.983199 70.825240 -29.831790
-63.666247 73.319822 -23.891686
7
-8.706951 73.492724 67.253316
-11.874396 74.978608 65.093833
-10.962841 84.716055 51.990443
-1.418900 87.906517 47.649040
6.354312 87.597343 47.815565
12.984891 71.737932 68.447510
3.691867 71.829040 69.476321
5
-48.311849 13.128271 -86.565661
-48.295356 18.854151 -85.510699
-61.088419 24.009044 -75.443826
-67.387623 7.093676 -73.543103
-67.471486 5.173337 -73.626321
7
77.949974 -52.516520 34.144059
79.889150 -46.137975 38.587705
91.402294 -33.614036 22.709408
91.552617 -33.811676 21.791947
90.649422 -38.616130 17.072689
86.510803 -47.530740 16.022163
79.357632 -56.897690 21.564302
7
-88.337688 36.822876 28.991872
-82.464406 46.969864 31.519100
-82.327516 46.429182 32.657483
-83.505119 26.289656 48.329588
-86.238188 16.530882 47.850861
-91.322997 19.198640 35.937759
-91.704487 20.546822 34.177701
6
76.558229 -64.328281 -0.842449
70.571363 -70.111482 10.201118
71.795596 -68.461485 12.586398
79.357632 -56.897690 21.564302
86.510803 -47.530740 16.022163
82.644575 -56.080392 -4.986365
5
-72.107999 -49.779658 -48.191515
-74.131491 -39.309922 -54.399008
-81.895662 -35.190836 -45.328860
-83.940598 -42.001296 -34.494450
-82.379161 -44.986844 -34.494315
7
-21.939511 -62.787180 74.675484
-27.566018 -67.645941 68.294519
-35.335397 -62.406651 69.690886
-43.077996 -48.767112 75.934544
-40.359018 -45.153123 79.576034
-33.599195 -46.338364 81.999086
-26.656151 -51.728036 81.324411
6
-88.394482 44.390112 -14.694673
-88.963081 44.498369 -10.269637
-92.538879 37.880429 1.276332
-96.724751 25.383415 0.069050
-96.321103 21.947132 -15.510273
-92.342072 33.332680 -19.022992
5
36.169375 52.139799 -77.286595
50.051929 45.558051 -73.615680
51.420309 46.288822 -72.203163
40.364581 62.791187 -66.542974
30.020722 62.570327 -71.997989
7
8.913896 -88.256594 -46.166179
8.169785 -81.496240 -57.372620
-6.711781 -79.599039 -60.157668
-10.548535 -79.690784 -59.481991
-10.979428 -86.994211 -48.077639
-9.308288 -88.804190 -45.024122
7.020486 -89.869665 -43.291525
7
56.941935 27.053540 77.625524
58.081980 25.998735 77.139804
54.363458 7.324150 83.612028
42.593324 -1.582740 90.461614
38.946151 -1.761824 92.087422
36.858581 1.021335 92.953762
28.047604 28.542073 91.644323
6
87.603067 45.414529 -16.224153
92.054532 32.094744 -22.268598
93.856013 28.446237 -19.541252
94.272851 33.250469 -2.652542
90.322921 42.905012 -0.964282
88.444344 46.627919 -1.853449
7
69.806357 65.756733 28.339454
67.212600 72.008171 17.242094
69.408836 71.951998 2.307274
78.503398 61.932637 1.250992
84.555574 53.278777 3.424450
84.745374 51.551075 12.677079
71.724993 63.033466 29.703661
