400
6
-8.223300 -0.425075 -99.660407
0.698974 0.691997 -99.995163
5.385574 11.316175 -99.211591
2.086706 18.190940 -98.309386
-10.533964 26.754618 -95.776960
-17.142123 8.178813 -98.179706
6
-77.672919 48.878189 39.722038
-72.221889 51.397186 46.285289
-74.349906 42.551171 51.589624
-79.548237 33.038345 50.799072
-82.821790 31.706291 46.208898
-81.673281 44.710566 36.475204
6
-83.506850 3.035777 -54.930775
-84.686923 11.016230 -52.026606
-88.695796 15.289871 -43.580679
-88.849457 15.268478 -43.274099
-93.091935 7.829112 -35.673473
-89.844300 -3.759410 -43.747785
7
-83.087110 11.652406 54.412807
-82.110805 14.874973 55.104908
-72.985810 23.447546 64.212803
-68.758012 23.973552 68.539073
-66.723161 0.106578 74.484954
-72.966383 -9.723441 67.685757
-80.246689 -5.300163 59.433805
6
-17.481505 89.988745 39.955260
-16.765621 89.384189 41.585824
-22.757922 81.934364 52.619740
-32.635782 80.006937 50.336822
-32.664059 85.141870 41.035609
-26.741246 89.692911 35.214876
6
-8.223300 -0.425075 -99.660407
-10.590374 -10.325715 -98.900069
-1.526407 -17.000819 -98.532443
6.297144 -16.323682 -98.457521
8.025863 -6.521999 -99.463808
0.698974 0.691997 -99.995163
7
21.561060 45.812475 86.234203
24.980151 38.225881 88.965016
22.358537 30.798489 92.474585
11.838188 28.060911 95.249370
11.444199 28.313361 95.222812
11.078697 36.919280 92.272581
19.143745 46.251321 86.569812
5
39.991985 -55.919003 72.620288
44.531272 -66.337858 60.135301
37.799629 -71.695547 58.574198
25.715220 -70.353541 66.250334
30.177676 -63.253534 71.332309
5
12.612874 -28.040626 95.155865
-8.783605 -28.030295 95.588445
-8.864851 -27.868538 95.628233
-3.678840 -5.309951 99.791135
16.646304 -24.878815 95.414596
6
23.534974 85.645497 45.945117
23.384719 85.845113 45.648345
23.044311 87.197769 43.191536
28.282736 92.675451 24.725443
42.639558 87.248296 23.866356
43.451163 85.523339 28.244556
6
43.451163 85.523339 28.244556
42.639558 87.248296 23.866356
44.282576 87.967348 17.343560
60.777597 77.781336 16.004607
62.922377 74.315375 22.759602
53.787760 75.975369 36.532454
4
12.099122 80.958609 57.439662
4.515130 71.456617 69.810926
-6.001733 70.976930 70.187283
-9.886806 80.047035 59.116184
7
76.727125 -28.309674 -57.545726
80.722222 -28.085345 -51.914702
87.879831 -7.874487 -47.065143
87.308680 -4.904107 -48.509217
82.963721 -0.033826 -55.830278
79.091579 -4.655378 -61.015158
73.619924 -22.495324 -63.828420
6
54.352555 32.475680 77.402390
45.531107 40.431128 79.323655
43.139034 44.596875 78.422844
44.386041 48.247572 75.511927
64.365106 40.647664 64.845204
65.209363 37.491198 65.894985
6
-53.763719 -50.769550 67.319502
-46.246039 -55.330265 69.281063
-40.822856 -63.716686 65.373376
-45.125355 -70.871011 54.231008
-50.407941 -68.593803 52.477897
-59.554980 -50.683579 62.324788
6
-39.290566 91.955753 0.625256
-39.608301 91.608797 6.245861
-47.758600 87.082899 11.648384
-55.267975 83.321710 -1.715691
-55.064556 83.418960 -3.028489
-46.800154 88.029805 -7.778112
5
95.769982 26.952577 -10.083113
96.410256 25.533289 -7.287910
93.080595 33.384134 14.882959
88.550394 45.456562 9.619180
86.837390 49.385427 4.510789
5
47.702832 73.306042 48.483647
40.123040 64.564284 64.973802
26.468822 70.938510 65.323268
17.884221 81.537669 55.061450
23.538315 85.513515 46.188596
6
-91.129702 7.570329 40.473048
-91.812830 21.560978 33.249488
-91.392587 22.353936 33.877672
-86.574490 25.580083 43.017637
-82.110805 14.874973 55.104908
-83.087110 11.652406 54.412807
5
-46.357014 -10.318555 88.003152
-58.812817 0.035296 80.876766
-54.580699 6.779244 83.516401
-43.637096 11.296056 89.264791
-38.794370 2.442050 92.135950
6
-86.700413 42.165909 -26.553241
-73.784052 61.470325 -27.880329
-80.545047 57.294999 -15.158445
-91.264871 39.762846 -9.467805
-92.771993 35.946404 -10.060483
-88.868751 39.539674 -23.215495
4
-64.951134 -32.629355 68.678056
-69.419283 -18.777258 69.486529
-46.952110 -22.123857 85.475344
-45.438144 -32.658340 82.878272
8
-69.490668 71.102922 10.743447
-68.106409 72.369550 11.142947
-60.101437 77.990248 17.473935
-58.829179 69.473231 41.383547
-60.856920 66.558120 43.202453
-74.424029 63.137614 21.787738
-74.851816 63.202103 20.067383
-73.600442 66.049705 14.846263
6
80.670247 -19.833175 55.668271
78.999064 -14.775821 59.504815
82.511093 -3.160671 56.408596
90.904056 2.618090 41.588437
93.158128 -4.865445 36.026250
92.374696 -8.544573 37.335049
4
-23.803320 49.781568 -83.397826
-5.767492 68.533016 -72.594502
-11.010051 72.092728 -68.420884
-30.247415 66.952405 -67.841501
8
59.856529 -79.076598 12.809668
71.163593 -70.100983 -4.647058
71.089180 -70.101177 -5.670399
69.218298 -71.852186 -6.788998
53.196891 -84.314309 -7.822286
56.311815 -81.755786 12.040385
56.333320 -81.734699 12.082884
56.986437 -81.209791 12.550535
4
-25.251563 -63.943798 72.619207
-37.677304 -76.168913 52.713542
-45.125355 -70.871011 54.231008
-40.822856 -63.716686 65.373376
6
-1.844983 -89.852426 43.853592
-9.292483 -94.338889 31.840600
-9.732339 -94.343589 31.694932
-22.725479 -86.691195 44.364279
-22.348186 -85.067303 47.582691
-10.000925 -83.880886 53.516151
5
60.489700 -72.009954 -33.993568
62.089188 -72.910975 -28.791014
70.782800 -66.757201 -23.092668
76.429380 -53.217510 -36.420413
76.289687 -53.091665 -36.893885
5
44.857908 9.509976 -88.866914
25.005483 10.151097 -96.289569
21.369334 8.298022 -97.337015
21.354763 7.206402 -97.427110
36.044173 -7.746725 -92.955935
7
-47.022323 40.142461 -78.596971
-44.573088 24.073045 -86.219072
-30.731461 24.908746 -91.842973
-12.883023 35.681306 -92.524981
-12.217593 39.022997 -91.257526
-12.318939 39.792127 -90.911113
-23.665683 48.344813 -84.277604
5
66.784541 -53.488035 -51.757659
52.989543 -55.123933 -64.447346
52.721812 -57.762995 -62.320518
57.819863 -65.343461 -48.857911
68.292572 -55.158529 -47.892184
6
1.220226 -89.757333 -44.069630
8.306339 -91.931110 -38.466554
25.280705 -83.022157 -49.681057
25.375569 -82.780503 -50.034676
14.170638 -76.497121 -62.828207
0.242192 -76.497150 -64.405958
5
-0.303391 96.141306 27.509222
-12.460763 94.698947 29.611463
-24.896549 95.136993 18.141508
-13.524646 98.306619 12.364976
1.465501 98.592173 16.656403
8
43.128056 55.284864 -71.299050
60.833380 48.504481 -62.822092
65.110594 47.402125 -59.276041
56.424763 73.520125 -37.563777
56.017906 73.876283 -37.473844
46.488660 78.050398 -41.796409
43.449048 78.146545 -44.780552
36.306738 67.855940 -63.854461
5
-95.017018 19.467877 24.346830
-96.599994 -1.760248 25.794239
-97.381425 -2.351987 22.612524
-99.780086 4.957360 4.399899
-98.725602 14.090795 7.396289
8
76.485097 -13.868470 62.910218
78.999064 -14.775821 59.504815
80.670247 -19.833175 55.668271
80.077455 -31.555065 50.910500
80.064485 -31.582857 50.913667
64.740733 -35.802728 67.281515
62.439499 -32.033424 71.240218
65.474176 -22.167932 72.261436
4
-36.114889 68.559676 -63.208272
-55.625055 67.788444 -48.068494
-60.670469 57.906751 -54.460099
-51.527629 53.715211 -66.780084
6
57.466573 -72.393276 38.168136
65.176621 -72.819750 21.196510
59.856529 -79.076598 12.809668
56.986437 -81.209791 12.550535
49.616863 -80.865973 31.604768
55.691263 -73.881029 37.948344
6
-74.424029 63.137614 21.787738
-60.856920 66.558120 43.202453
-61.467729 61.905701 48.881514
-62.556251 60.209690 49.613594
-72.221889 51.397186 46.285289
-77.672919 48.878189 39.722038
4
-51.635843 46.798043 71.719473
-66.481363 30.260574 68.297336
-67.638947 36.769388 63.819942
-61.529788 54.374819 57.074199
7
97.075426 -21.458996 -10.764439
98.329360 -11.623641 -14.008136
98.143231 -10.682842 -15.930571
95.669873 -13.527447 -25.773699
94.655134 -15.816311 -28.111383
94.018630 -20.500528 -27.207085
94.634568 -28.406209 -15.407331
6
-46.800154 88.029805 -7.778112
-55.064556 83.418960 -3.028489
-61.835172 77.442135 -13.383846
-61.151660 75.477122 -23.741915
-47.541744 85.310328 -21.492568
-44.876749 87.733907 -16.995262
7
53.651519 73.502003 41.460465
53.787760 75.975369 36.532454
62.922377 74.315375 22.759602
74.562805 62.624021 22.773235
75.653137 60.917807 23.782843
76.295478 57.312401 29.904661
75.793807 56.594530 32.440070
6
-13.245676 -99.106948 -1.537836
-10.438275 -98.561067 13.295052
-2.449649 -99.098354 13.172526
6.011206 -99.601120 6.594108
7.477988 -99.719645 0.268676
2.301528 -99.628016 -8.304304
7
60.833380 48.504481 -62.822092
59.094222 28.022455 -75.647968
59.402826 27.353268 -75.651193
70.150456 25.465269 -66.561503
72.063434 30.434687 -62.294392
67.754218 45.663324 -57.656108
65.110594 47.402125 -59.276041
7
-45.315981 -1.858805 -89.123547
-50.116835 -0.898342 -86.530318
-59.499723 -2.950904 -80.318585
-59.774513 -3.267104 -80.102020
-61.255498 -8.669984 -78.565866
-55.426686 -17.760929 -81.316861
-41.741412 -16.066587 -89.440032
7
26.468822 70.938510 65.323268
20.866994 65.011525 73.062098
7.475981 66.892425 73.956157
4.515130 71.456617 69.810926
12.099122 80.958609 57.439662
13.504247 81.436684 56.442022
17.884221 81.537669 55.061450
7
71.163593 -70.100983 -4.647058
76.237501 -63.871163 10.407588
87.395330 -47.156794 11.759804
86.357187 -48.896830 -12.310005
84.930873 -50.955366 -13.794840
71.684203 -69.425131 -6.444085
71.089180 -70.101177 -5.670399
5
-31.688144 90.666503 -27.846845
-37.252672 86.640989 -33.250225
-31.123236 84.746445 -43.004467
-20.734661 90.766057 -36.491049
-19.614706 93.301510 -30.167723
6
97.349568 -1.605910 22.814088
93.158128 -4.865445 36.026250
90.904056 2.618090 41.588437
90.792098 5.978544 41.485564
93.439954 16.123426 31.764919
98.729828 7.457413 14.028827
7
66.207107 -40.850742 -62.831806
66.784541 -53.488035 -51.757659
68.292572 -55.158529 -47.892184
76.203434 -52.155007 -38.378274
76.577558 -51.383341 -38.673374
77.228150 -43.323968 -46.463390
70.589306 -38.250103 -59.616101
9
36.329248 1.386554 93.157196
33.040064 3.985259 94.299904
30.807313 15.142800 93.923400
33.682066 24.326676 90.960053
36.220405 25.864331 89.549532
41.429050 25.467373 87.378755
48.596688 20.781350 84.891091
47.908073 11.735735 86.989017
40.325415 1.848139 91.490138
8
92.379688 -36.034625 -12.942144
90.350333 -40.391586 -14.329584
86.357187 -48.896830 -12.310005
87.395330 -47.156794 11.759804
88.555674 -43.732947 15.662758
88.853912 -43.085036 15.769021
93.725571 -32.777893 11.879690
96.036607 -26.983359 6.990594
6
96.479017 -14.603051 21.875789
93.881942 -20.739008 27.496808
92.546396 -21.476240 31.207942
92.374696 -8.544573 37.335049
93.158128 -4.865445 36.026250
97.349568 -1.605910 22.814088
6
-88.480023 -29.056503 -36.428083
-94.344373 -28.239393 -17.368823
-93.814944 -30.204787 -16.924161
-86.127900 -47.034019 -19.229816
-85.792774 -36.835654 -35.815282
-86.723848 -32.533107 -37.690464
6
63.733999 -40.199719 -65.741615
59.177166 -42.571113 -68.452636
52.494340 -54.340744 -65.508990
52.989543 -55.123933 -64.447346
66.784541 -53.488035 -51.757659
66.207107 -40.850742 -62.831806
6
-80.545047 57.294999 -15.158445
-73.784052 61.470325 -27.880329
-72.921777 62.181786 -28.562912
-71.053223 64.525756 -28.068957
-73.349147 67.912047 -2.802948
-80.269077 59.322796 -6.138493
5
-35.514635 78.489335 -50.775339
-33.898067 72.251804 -60.254443
-16.099737 81.774962 -55.259877
-17.659314 84.982990 -49.659239
-31.128911 84.463142 -43.554202
5
-58.829179 69.473231 41.383547
-60.101437 77.990248 17.473935
-53.535723 82.539154 17.922456
-47.805712 80.304508 35.578080
-49.708922 77.378589 39.262921
5
15.741156 -82.769906 53.864261
-6.697756 -78.550120 61.522506
10.850307 -70.627622 69.957200
18.682692 -71.037606 67.857318
20.689609 -71.857354 66.396241
7
-6.502692 -49.747778 -86.503604
-14.297962 -49.914244 -85.464241
-17.851930 -53.422316 -82.627869
-16.227559 -67.096747 -72.351177
-3.861642 -75.857838 -65.043648
-1.151742 -75.969373 -65.017904
4.187034 -59.679778 -80.129850
6
-16.487617 -87.167811 -46.151178
-34.681637 -84.697460 -40.292980
-31.922823 -88.933772 -32.737098
-17.654172 -95.201024 -25.001905
-13.670051 -95.593993 -25.979187
-10.286922 -90.873178 -40.450523
6
-81.518481 -17.547080 -55.198164
-88.691075 -13.732603 -44.105656
-90.501568 -16.798615 -39.080337
-88.480023 -29.056503 -36.428083
-86.723848 -32.533107 -37.690464
-79.086161 -31.718847 -52.338263
7
-77.285914 -12.420111 -62.230446
-81.518481 -17.547080 -55.198164
-79.086161 -31.718847 -52.338263
-75.574037 -36.955836 -54.063214
-65.657359 -35.142985 -66.738908
-66.471698 -24.535360 -70.565781
-69.471408 -18.233982 -69.579058
6
-43.953573 66.223474 60.683893
-50.699059 46.974342 72.270441
-51.635843 46.798043 71.719473
-61.529788 54.374819 57.074199
-62.556251 60.209690 49.613594
-61.467729 61.905701 48.881514
5
44.282576 87.967348 17.343560
42.115994 90.150997 9.951925
59.181323 80.607508 -0.027616
62.769212 77.805353 2.520523
60.777597 77.781336 16.004607
7
-92.165557 -2.588741 38.714450
-93.580838 -5.468340 34.824186
-96.599994 -1.760248 25.794239
-95.017018 19.467877 24.346830
-94.550521 20.408920 25.370750
-91.812830 21.560978 33.249488
-91.129702 7.570329 40.473048
7
-39.128007 -89.520937 21.330748
-33.813663 -88.678835 31.507150
-31.782485 -89.186395 32.181681
-16.631881 -95.448500 24.758119
-17.228441 -96.535519 19.597818
-25.674878 -95.765333 13.030792
-34.944388 -92.278904 16.232489
8
-94.440711 32.690167 -3.507867
-93.571240 34.146859 -8.855222
-92.771993 35.946404 -10.060483
-91.264871 39.762846 -9.467805
-83.655247 54.775215 1.214701
-83.380274 55.086741 3.630540
-89.162336 42.513433 15.578380
-90.959185 39.341170 13.367833
5
88.713304 -9.333055 -45.197830
87.879831 -7.874487 -47.065143
80.722222 -28.085345 -51.914702
80.880749 -28.731256 -51.311007
87.180785 -31.234565 -37.734767
7
-11.359479 -79.175797 -60.017959
-16.487617 -87.167811 -46.151178
-10.286922 -90.873178 -40.450523
1.220226 -89.757333 -44.069630
0.242192 -76.497150 -64.405958
-1.151742 -75.969373 -65.017904
-3.861642 -75.857838 -65.043648
7
-14.297962 -49.914244 -85.464241
-20.981805 -35.705057 -91.021496
-38.832400 -31.128031 -86.735750
-43.319629 -36.648503 -82.342558
-43.651448 -38.001944 -81.550005
-33.795748 -51.690559 -78.650706
-17.851930 -53.422316 -82.627869
5
-37.004689 -82.821111 -42.087011
-34.681637 -84.697460 -40.292980
-16.487617 -87.167811 -46.151178
-11.359479 -79.175797 -60.017959
-37.897609 -75.493601 -53.520906
8
-55.625055 67.788444 -48.068494
-56.591233 72.504626 -39.249350
-63.918670 71.389786 -28.598987
-71.053223 64.525756 -28.068957
-72.921777 62.181786 -28.562912
-72.998743 61.704250 -29.389948
-63.124153 56.289581 -53.355640
-60.670469 57.906751 -54.460099
7
-80.269077 59.322796 -6.138493
-73.349147 67.912047 -2.802948
-70.705871 70.698661 1.542436
-69.490668 71.102922 10.743447
-73.600442 66.049705 14.846263
-83.380274 55.086741 3.630540
-83.655247 54.775215 1.214701
6
-84.681905 -7.199849 52.698549
-86.097257 -20.285801 46.644920
-90.615883 -25.162966 33.993925
-91.805031 -22.615563 32.563362
-93.580838 -5.468340 34.824186
-92.165557 -2.588741 38.714450
5
36.645279 -23.124137 90.124346
42.253059 -44.984898 78.683150
29.821933 -46.488314 83.363595
19.821026 -24.997558 94.774728
30.971993 -20.718056 92.798156
6
-66.084043 -73.555790 14.914593
-56.946459 -79.289292 21.686611
-51.689303 -83.780510 17.579591
-49.673931 -86.789899 0.118716
-59.564744 -79.820240 -8.987247
-63.229323 -77.196761 -6.535507
7
79.091579 -4.655378 -61.015158
82.963721 -0.033826 -55.830278
82.650326 2.013570 -56.257170
76.696664 8.425292 -63.613176
63.506028 10.605699 -76.514728
62.708577 10.218711 -77.221838
65.941709 -6.422524 -74.902886
6
52.494340 -54.340744 -65.508990
59.177166 -42.571113 -68.452636
48.312678 -34.318558 -80.548878
47.270935 -34.480858 -81.095802
42.955228 -40.567276 -80.679269
42.915681 -55.601023 -71.181251
7
16.150395 -83.708666 52.268767
6.570058 -89.653398 43.807563
-1.844983 -89.852426 43.853592
-10.000925 -83.880886 53.516151
-7.105618 -78.550408 61.476367
-6.697756 -78.550120 61.522506
15.741156 -82.769906 53.864261
5
28.282736 92.675451 24.725443
23.044311 87.197769 43.191536
15.477151 93.861496 30.829814
20.514407 96.400554 16.914262
22.162372 96.073940 16.692132
6
65.209363 37.491198 65.894985
70.484265 29.496898 64.512800
67.669156 21.256627 70.491426
62.582677 17.483653 76.011384
53.852182 23.286739 80.979444
54.352555 32.475680 77.402390
7
-56.682449 -75.732460 32.429839
-56.415170 -76.178187 31.846701
-56.946459 -79.289292 21.686611
-66.084043 -73.555790 14.914593
-71.583701 -68.199071 14.988679
-74.689374 -62.275249 23.308600
-71.282985 -61.452343 33.798602
6
-12.460763 94.698947 29.611463
-17.481505 89.988745 39.955260
-26.741246 89.692911 35.214876
-30.550224 91.849085 25.108355
-25.494160 94.987816 18.093164
-24.896549 95.136993 18.141508
5
92.546396 -21.476240 31.207942
93.881942 -20.739008 27.496808
93.725571 -32.777893 11.879690
88.853912 -43.085036 15.769021
88.621515 -29.227291 35.944299
7
-93.065943 -35.784534 7.628717
-92.891449 -36.786604 4.233730
-93.814944 -30.204787 -16.924161
-94.344373 -28.239393 -17.368823
-96.725713 -19.955009 -15.682282
-98.597190 -14.778774 -7.757701
-93.684241 -34.118661 7.692856
9
99.796390 1.532138 6.191367
99.128264 7.139647 11.073061
96.410256 25.533289 -7.287910
95.769982 26.952577 -10.083113
95.239340 26.648947 -14.808838
95.429284 24.430493 -17.216350
96.073929 17.684953 -21.378554
97.108499 9.859288 -21.742444
98.803569 2.576124 -15.205864
6
52.376968 -23.353973 81.922189
52.739847 -33.695666 77.994299
43.881775 -45.521802 77.473579
42.253059 -44.984898 78.683150
36.645279 -23.124137 90.124346
49.021563 -19.945125 84.847383
6
-77.705702 -54.478820 -31.525895
-70.189667 -66.707110 -24.971425
-65.136545 -70.706563 -27.528393
-66.305836 -63.127315 -40.230315
-69.712799 -59.289163 -40.310307
-76.448624 -54.055946 -35.122109
6
-37.252672 86.640989 -33.250225
-39.682340 85.910140 -32.322743
-50.007822 76.491478 -40.598911
-35.514635 78.489335 -50.775339
-31.128911 84.463142 -43.554202
-31.123236 84.746445 -43.004467
6
60.627850 -3.597154 79.443844
63.765992 -0.415672 77.030679
67.690314 -1.636822 73.589009
76.485097 -13.868470 62.910218
65.474176 -22.167932 72.261436
60.892169 -19.899240 76.786483
8
-43.111274 38.682032 81.517596
-52.923872 25.453965 80.939233
-67.464907 25.703521 69.194041
-66.481363 30.260574 68.297336
-51.635843 46.798043 71.719473
-50.699059 46.974342 72.270441
-44.692405 45.485165 77.030440
-43.005635 40.057136 80.906991
7
-51.527629 53.715211 -66.780084
-60.670469 57.906751 -54.460099
-63.124153 56.289581 -53.355640
-71.831780 45.040671 -53.023894
-71.194859 44.043349 -54.694382
-53.033343 42.074508 -73.601633
-52.898399 42.157595 -73.651182
4
-71.635194 0.506073 -69.772078
-59.774513 -3.267104 -80.102020
-59.499723 -2.950904 -80.318585
-64.230096 15.813897 -74.996103
4
-10.916704 -34.813525 93.106627
2.339162 -50.100268 86.512955
-19.789799 -59.546626 77.862464
-24.746586 -53.347321 80.880590
6
-42.870542 -36.524022 82.632393
-53.763719 -50.769550 67.319502
-59.554980 -50.683579 62.324788
-65.052013 -46.578194 59.989228
-64.951134 -32.629355 68.678056
-45.438144 -32.658340 82.878272
5
45.729810 88.013021 -12.747264
53.714740 83.633256 -10.963812
59.181323 80.607508 -0.027616
42.115994 90.150997 9.951925
36.077585 93.164830 4.326940
6
29.094303 -85.124829 43.672475
29.334906 -85.789065 42.186487
18.817204 -93.097103 31.286454
13.463086 -94.478654 29.875227
6.570058 -89.653398 43.807563
16.150395 -83.708666 52.268767
7
-23.155906 30.276379 92.450770
-36.805032 32.508324 87.112562
-43.111274 38.682032 81.517596
-43.005635 40.057136 80.906991
-18.480526 45.549287 87.084629
-16.148530 35.297412 92.159198
-19.945673 31.716418 92.715905
6
43.881775 -45.521802 77.473579
52.739847 -33.695666 77.994299
62.439499 -32.033424 71.240218
64.740733 -35.802728 67.281515
56.868607 -50.087654 65.247133
43.967263 -45.691809 77.324889
5
38.597711 -68.060812 -62.273129
28.002174 -81.781146 -50.276459
38.649175 -78.931401 -47.708230
45.275997 -68.794043 -56.722692
45.270907 -68.787689 -56.734459
7
42.955228 -40.567276 -80.679269
47.270935 -34.480858 -81.095802
43.151892 -28.977791 -85.429514
31.620503 -28.609392 -90.452454
29.682922 -29.639051 -90.776929
27.545894 -43.528507 -85.711684
29.779611 -44.701703 -84.350059
7
3.887514 -39.988204 -91.574182
3.358953 -35.822845 -93.302954
-9.051415 -28.509798 -95.421503
-14.822187 -28.453077 -94.713912
-20.981805 -35.705057 -91.021496
-14.297962 -49.914244 -85.464241
-6.502692 -49.747778 -86.503604
7
17.251058 -2.909289 -98.457793
21.354763 7.206402 -97.427110
21.369334 8.298022 -97.337015
20.928647 8.638846 -97.403091
5.385574 11.316175 -99.211591
0.698974 0.691997 -99.995163
8.025863 -6.521999 -99.463808
5
46.984719 35.842340 -80.670706
50.629046 12.521358 -85.322420
56.246154 13.405190 -81.588425
59.402826 27.353268 -75.651193
59.094222 28.022455 -75.647968
6
22.901562 -51.388182 82.672688
30.177676 -63.253534 71.332309
25.715220 -70.353541 66.250334
20.689609 -71.857354 66.396241
18.682692 -71.037606 67.857318
16.781895 -53.019433 83.110214
5
97.214098 -22.596240 6.231299
96.036607 -26.983359 6.990594
93.725571 -32.777893 11.879690
93.881942 -20.739008 27.496808
96.479017 -14.603051 21.875789
5
98.143231 -10.682842 -15.930571
98.329360 -11.623641 -14.008136
99.607313 -8.354982 2.928748
99.796390 1.532138 6.191367
98.803569 2.576124 -15.205864
5
-85.937602 -47.448413 -19.062443
-85.728541 -48.480473 -17.328040
-75.457096 -64.414526 -12.529782
-70.189667 -66.707110 -24.971425
-77.705702 -54.478820 -31.525895
5
-99.634520 -8.414819 -1.467361
-99.963905 2.261560 1.450173
-99.780086 4.957360 4.399899
-97.381425 -2.351987 22.612524
-97.435447 -17.012265 14.728086
6
-3.861642 -75.857838 -65.043648
-16.227559 -67.096747 -72.351177
-39.089194 -65.991325 -64.165256
-42.788656 -67.621171 -59.970894
-37.897609 -75.493601 -53.520906
-11.359479 -79.175797 -60.017959
5
-53.535723 82.539154 17.922456
-49.117624 85.790608 15.080802
-37.486055 88.910881 26.261206
-41.770515 84.592547 33.156072
-47.805712 80.304508 35.578080
6
26.849049 55.913970 78.439509
42.533377 57.099418 70.218005
44.386041 48.247572 75.511927
43.139034 44.596875 78.422844
38.038362 43.656742 81.530190
26.614315 48.476496 83.316910
5
-10.549220 80.229560 58.753142
-17.936737 79.683454 57.695933
-22.757922 81.934364 52.619740
-16.765621 89.384189 41.585824
-5.021576 89.233605 44.856968
5
-67.260130 -51.729625 -52.916168
-74.502261 -43.604375 -50.478428
-77.582708 -46.550762 -42.590492
-76.448624 -54.055946 -35.122109
-69.712799 -59.289163 -40.310307
7
-79.548237 33.038345 50.799072
-74.349906 42.551171 51.589624
-67.638947 36.769388 63.819942
-66.481363 30.260574 68.297336
-67.464907 25.703521 69.194041
-68.758012 23.973552 68.539073
-72.985810 23.447546 64.212803
6
97.434096 -21.775905 5.692701
97.075426 -21.458996 -10.764439
94.634568 -28.406209 -15.407331
92.379688 -36.034625 -12.942144
96.036607 -26.983359 6.990594
97.214098 -22.596240 6.231299
5
70.589306 -38.250103 -59.616101
77.228150 -43.323968 -46.463390
80.880749 -28.731256 -51.311007
80.722222 -28.085345 -51.914702
76.727125 -28.309674 -57.545726
6
4.187034 -59.679778 -80.129850
-1.151742 -75.969373 -65.017904
0.242192 -76.497150 -64.405958
14.170638 -76.497121 -62.828207
27.954656 -62.864349 -72.571419
14.316143 -56.291071 -81.402478
7
9.546838 98.676583 13.106860
20.514407 96.400554 16.914262
15.477151 93.861496 30.829814
-0.149257 96.069459 27.760345
-0.303391 96.141306 27.509222
1.465501 98.592173 16.656403
4.031804 98.914833 14.128001
6
15.195455 2.036605 98.817764
15.857233 1.640297 98.721110
16.943873 -24.775515 95.389093
16.646304 -24.878815 95.414596
-3.678840 -5.309951 99.791135
-4.078513 -3.985306 99.837283
7
-16.949962 -64.759468 74.289367
-19.526694 -61.620474 76.299577
-19.789799 -59.546626 77.862464
2.339162 -50.100268 86.512955
7.123087 -49.818765 86.413843
9.559524 -51.569215 85.142419
5.083518 -65.936014 75.010666
6
-77.285914 -12.420111 -62.230446
-77.539744 -3.254076 -63.063453
-83.506850 3.035777 -54.930775
-89.844300 -3.759410 -43.747785
-88.691075 -13.732603 -44.105656
-81.518481 -17.547080 -55.198164
7
33.900147 93.984181 4.213526
22.162372 96.073940 16.692132
20.514407 96.400554 16.914262
9.546838 98.676583 13.106860
17.431355 98.303988 -5.698576
18.331206 98.127738 -5.908797
27.454225 96.125883 -2.465795
5
-72.221889 51.397186 46.285289
-62.556251 60.209690 49.613594
-61.529788 54.374819 57.074199
-67.638947 36.769388 63.819942
-74.349906 42.551171 51.589624
9
-13.619008 55.417553 82.118313
-10.552698 56.934403 81.529837
2.761775 55.792238 82.943346
4.505874 54.456559 83.750703
3.243149 44.755283 89.366921
-10.935356 34.061229 93.382282
-16.148530 35.297412 92.159198
-18.480526 45.549287 87.084629
-17.558813 51.237792 84.061743
8
-96.459629 -20.417079 16.693795
-91.805031 -22.615563 32.563362
-90.615883 -25.162966 33.993925
-89.665430 -28.333748 34.019250
-88.021293 -39.006564 27.032204
-91.209533 -39.404610 11.318029
-93.065943 -35.784534 7.628717
-93.684241 -34.118661 7.692856
5
99.128264 7.139647 11.073061
98.751645 7.506332 13.848017
93.307358 31.058971 18.140485
93.080595 33.384134 14.882959
96.410256 25.533289 -7.287910
5
82.511093 -3.160671 56.408596
80.896455 10.608988 57.820523
82.301300 19.523211 53.341731
90.792098 5.978544 41.485564
90.904056 2.618090 41.588437
3
63.506028 10.605699 -76.514728
76.696664 8.425292 -63.613176
70.180050 25.045082 -66.689612
5
9.729558 -96.597705 -23.962869
11.849668 -96.401823 -23.796509
31.647568 -90.547782 -28.275973
25.280705 -83.022157 -49.681057
8.306339 -91.931110 -38.466554
6
86.837390 49.385427 4.510789
88.550394 45.456562 9.619180
86.502054 44.300215 23.556008
76.295478 57.312401 29.904661
75.653137 60.917807 23.782843
86.669590 49.686141 4.435043
6
45.531107 40.431128 79.323655
41.429050 25.467373 87.378755
36.220405 25.864331 89.549532
34.051244 36.881831 86.488400
38.038362 43.656742 81.530190
43.139034 44.596875 78.422844
5
-26.541310 68.192912 68.156332
-22.608672 71.063091 66.624958
-8.643388 68.755030 72.097418
-10.552698 56.934403 81.529837
-13.619008 55.417553 82.118313
6
-43.953573 66.223474 60.683893
-40.144798 67.770297 61.608295
-34.600802 65.702120 66.977727
-35.266108 55.081233 75.646278
-44.692405 45.485165 77.030440
-50.699059 46.974342 72.270441
6
7.123087 -49.818765 86.413843
2.339162 -50.100268 86.512955
-10.916704 -34.813525 93.106627
-10.884514 -32.160696 94.059646
-8.783605 -28.030295 95.588445
12.612874 -28.040626 95.155865
5
85.132813 52.463352 0.028009
76.876581 59.766469 -22.758745
77.285613 57.763447 -26.273909
83.703710 47.179196 -27.709428
86.527432 44.182968 -23.682671
6
6.297144 -16.323682 -98.457521
11.919499 -23.507653 -96.464065
16.250138 -23.497616 -95.832119
25.317600 -12.786424 -95.893308
17.251058 -2.909289 -98.457793
8.025863 -6.521999 -99.463808
7
98.729828 7.457413 14.028827
93.439954 16.123426 31.764919
88.427670 28.655677 36.870033
88.652312 32.009232 33.409230
89.468230 33.340901 29.729113
93.307358 31.058971 18.140485
98.751645 7.506332 13.848017
5
66.499377 -24.900854 -70.411507
49.638158 -33.046444 -80.274441
48.312678 -34.318558 -80.548878
59.177166 -42.571113 -68.452636
63.733999 -40.199719 -65.741615
6
-4.521891 13.133677 99.030596
-2.066688 27.304080 96.178043
11.444199 28.313361 95.222812
11.838188 28.060911 95.249370
14.517241 20.201002 96.856436
12.133170 11.307455 98.615048
6
56.017906 73.876283 -37.473844
60.311071 76.824709 -21.460168
53.714740 83.633256 -10.963812
45.729810 88.013021 -12.747264
41.424615 88.890403 -19.557544
46.488660 78.050398 -41.796409
4
-53.033343 42.074508 -73.601633
-71.194859 44.043349 -54.694382
-71.713211 32.312744 -61.750319
-65.546609 26.188120 -70.836604
5
15.477151 93.861496 30.829814
23.044311 87.197769 43.191536
23.384719 85.845113 45.648345
0.833210 93.152859 36.357263
-0.149257 96.069459 27.760345
5
17.431355 98.303988 -5.698576
9.546838 98.676583 13.106860
4.031804 98.914833 14.128001
-3.266330 99.624791 -8.014497
2.386695 99.331567 -11.293516
8
-54.707174 -69.799878 46.207166
-50.407941 -68.593803 52.477897
-45.125355 -70.871011 54.231008
-37.677304 -76.168913 52.713542
-37.336297 -76.520401 52.446441
-40.827880 -82.826161 38.378525
-56.415170 -76.178187 31.846701
-56.682449 -75.732460 32.429839
5
11.849668 -96.401823 -23.796509
33.773694 -94.115531 1.266642
44.078981 -88.773570 -13.277679
33.242403 -90.256386 -27.362884
31.647568 -90.547782 -28.275973
6
70.023128 -58.633243 40.729649
74.748118 -60.416426 27.614750
72.714409 -66.212015 18.126879
65.176621 -72.819750 21.196510
57.466573 -72.393276 38.168136
61.746338 -65.470334 43.600747
7
49.616863 -80.865973 31.604768
41.095339 -86.528060 28.706584
39.629518 -86.881723 29.682780
29.334906 -85.789065 42.186487
29.094303 -85.124829 43.672475
38.155629 -77.568285 50.272350
55.691263 -73.881029 37.948344
5
57.644829 -51.508943 63.434238
56.868607 -50.087654 65.247133
64.740733 -35.802728 67.281515
80.064485 -31.582857 50.913667
77.657846 -39.825808 48.817661
5
-80.246689 -5.300163 59.433805
-84.681905 -7.199849 52.698549
-92.165557 -2.588741 38.714450
-91.129702 7.570329 40.473048
-83.087110 11.652406 54.412807
8
31.594194 43.147896 -84.498911
29.138636 35.485076 -88.835518
30.628090 31.851714 -89.707238
45.957489 10.313665 -88.213023
47.207462 10.341988 -87.547124
50.629046 12.521358 -85.322420
46.984719 35.842340 -80.670706
38.378696 47.047168 -79.458415
6
-56.415170 -76.178187 31.846701
-40.827880 -82.826161 38.378525
-33.813663 -88.678835 31.507150
-39.128007 -89.520937 21.330748
-51.689303 -83.780510 17.579591
-56.946459 -79.289292 21.686611
6
21.354763 7.206402 -97.427110
17.251058 -2.909289 -98.457793
25.317600 -12.786424 -95.893308
32.100584 -12.005885 -93.943660
35.763222 -9.584685 -92.893088
36.044173 -7.746725 -92.955935
8
-34.600802 65.702120 66.977727
-40.144798 67.770297 61.608295
-35.115769 78.482259 51.062880
-32.635782 80.006937 50.336822
-22.757922 81.934364 52.619740
-17.936737 79.683454 57.695933
-22.608672 71.063091 66.624958
-26.541310 68.192912 68.156332
7
1.026984 -96.465040 26.333275
-2.449649 -99.098354 13.172526
-10.438275 -98.561067 13.295052
-17.228441 -96.535519 19.597818
-16.631881 -95.448500 24.758119
-9.732339 -94.343589 31.694932
-9.292483 -94.338889 31.840600
5
-31.823212 5.568831 -94.637579
-30.731461 24.908746 -91.842973
-44.573088 24.073045 -86.219072
-45.122828 22.867387 -86.261307
-40.513583 3.774412 -91.347706
6
47.702832 73.306042 48.483647
52.538047 72.470026 44.585300
64.899662 53.033940 54.547549
64.377430 52.410214 55.755861
42.972064 58.953637 68.394959
40.123040 64.564284 64.973802
7
2.301528 -99.628016 -8.304304
3.269398 -98.129811 -18.969746
-13.670051 -95.593993 -25.979187
-17.654172 -95.201024 -25.001905
-21.893378 -96.207474 -16.272739
-20.657592 -97.796016 -3.033677
-13.245676 -99.106948 -1.537836
8
-95.820000 7.966541 -27.478390
-95.592442 7.479868 -28.392544
-93.091935 7.829112 -35.673473
-88.849457 15.268478 -43.274099
-88.452249 27.308369 -37.821324
-90.073802 27.834337 -33.346062
-96.327668 16.907637 -20.859342
-96.680450 13.594194 -21.635354
8
54.710999 -10.486984 -83.046552
59.529420 -12.583989 -79.359255
61.853086 -12.240280 -77.616824
65.941709 -6.422524 -74.902886
62.708577 10.218711 -77.221838
56.246154 13.405190 -81.588425
50.629046 12.521358 -85.322420
47.207462 10.341988 -87.547124
6
12.133170 11.307455 98.615048
14.517241 20.201002 96.856436
30.807313 15.142800 93.923400
33.040064 3.985259 94.299904
15.857233 1.640297 98.721110
15.195455 2.036605 98.817764
7
48.312678 -34.318558 -80.548878
49.638158 -33.046444 -80.274441
59.529420 -12.583989 -79.359255
54.710999 -10.486984 -83.046552
44.162456 -15.880358 -88.303407
43.151892 -28.977791 -85.429514
47.270935 -34.480858 -81.095802
5
-84.932626 -52.002250 9.067249
-84.700487 -52.327115 9.364861
-75.502468 -64.993176 8.675507
-75.661038 -65.361278 -1.819522
-84.618577 -53.279236 -1.009657
7
71.646425 69.746838 -1.472541
62.769212 77.805353 2.520523
59.181323 80.607508 -0.027616
53.714740 83.633256 -10.963812
60.311071 76.824709 -21.460168
71.741271 68.436720 -13.023264
71.910171 69.464916 -1.884880
6
67.690314 -1.636822 73.589009
63.765992 -0.415672 77.030679
62.332519 4.795922 78.049063
62.582677 17.483653 76.011384
67.669156 21.256627 70.491426
73.790202 9.234253 66.856074
6
-88.691075 -13.732603 -44.105656
-89.844300 -3.759410 -43.747785
-93.091935 7.829112 -35.673473
-95.592442 7.479868 -28.392544
-95.151788 -13.484373 -27.646137
-90.501568 -16.798615 -39.080337
5
68.334417 45.721075 -56.920918
81.679854 39.491636 -42.057249
83.703710 47.179196 -27.709428
77.285613 57.763447 -26.273909
71.480734 61.507423 -33.276743
7
68.292572 -55.158529 -47.892184
57.819863 -65.343461 -48.857911
55.255793 -68.717884 -47.166193
54.003306 -74.320870 -39.497483
60.489700 -72.009954 -33.993568
76.289687 -53.091665 -36.893885
76.203434 -52.155007 -38.378274
8
-0.149257 96.069459 27.760345
0.833210 93.152859 36.357263
-4.072483 89.404010 44.613203
-5.021576 89.233605 44.856968
-16.765621 89.384189 41.585824
-17.481505 89.988745 39.955260
-12.460763 94.698947 29.611463
-0.303391 96.141306 27.509222
6
9.999738 53.657146 83.790906
4.505874 54.456559 83.750703
2.761775 55.792238 82.943346
7.475981 66.892425 73.956157
20.866994 65.011525 73.062098
21.518167 60.497178 76.661985
5
52.102696 -6.794300 85.083175
60.627850 -3.597154 79.443844
60.892169 -19.899240 76.786483
52.376968 -23.353973 81.922189
49.021563 -19.945125 84.847383
6
75.793807 56.594530 32.440070
76.295478 57.312401 29.904661
86.502054 44.300215 23.556008
89.468230 33.340901 29.729113
88.652312 32.009232 33.409230
75.808949 53.943955 36.647687
7
33.242403 -90.256386 -27.362884
46.472485 -78.524296 -40.917516
38.649175 -78.931401 -47.708230
28.002174 -81.781146 -50.276459
25.375569 -82.780503 -50.034676
25.280705 -83.022157 -49.681057
31.647568 -90.547782 -28.275973
6
-66.084043 -73.555790 14.914593
-63.229323 -77.196761 -6.535507
-73.507581 -67.409563 -7.251643
-75.661038 -65.361278 -1.819522
-75.502468 -64.993176 8.675507
-71.583701 -68.199071 14.988679
6
2.086706 18.190940 -98.309386
16.019134 24.401561 -95.644922
18.542186 30.621294 -93.373035
-12.217593 39.022997 -91.257526
-12.883023 35.681306 -92.524981
-10.533964 26.754618 -95.776960
7
96.155178 4.062858 -27.160173
90.590077 0.039053 -42.348984
87.308680 -4.904107 -48.509217
87.879831 -7.874487 -47.065143
88.713304 -9.333055 -45.197830
94.655134 -15.816311 -28.111383
95.669873 -13.527447 -25.773699
6
2.386695 99.331567 -11.293516
6.013907 96.722584 -24.669308
18.822802 92.944694 -31.733043
22.549826 93.800054 -26.325943
18.331206 98.127738 -5.908797
17.431355 98.303988 -5.698576
5
61.853086 -12.240280 -77.616824
66.739056 -24.385852 -70.364967
73.619924 -22.495324 -63.828420
79.091579 -4.655378 -61.015158
65.941709 -6.422524 -74.902886
6
86.669590 49.686141 4.435043
75.653137 60.917807 23.782843
74.562805 62.624021 22.773235
71.646425 69.746838 -1.472541
71.910171 69.464916 -1.884880
85.134575 52.452213 0.932459
5
61.853086 -12.240280 -77.616824
59.529420 -12.583989 -79.359255
49.638158 -33.046444 -80.274441
66.499377 -24.900854 -70.411507
66.739056 -24.385852 -70.364967
5
-31.123236 84.746445 -43.004467
-31.128911 84.463142 -43.554202
-17.659314 84.982990 -49.659239
-13.407358 88.843954 -43.897546
-20.734661 90.766057 -36.491049
7
-96.680450 13.594194 -21.635354
-96.327668 16.907637 -20.859342
-93.571240 34.146859 -8.855222
-94.440711 32.690167 -3.507867
-98.725602 14.090795 7.396289
-99.780086 4.957360 4.399899
-99.963905 2.261560 1.450173
8
-47.022323 40.142461 -78.596971
-23.665683 48.344813 -84.277604
-23.803320 49.781568 -83.397826
-30.247415 66.952405 -67.841501
-34.864049 69.122300 -63.297755
-36.114889 68.559676 -63.208272
-51.527629 53.715211 -66.780084
-52.898399 42.157595 -73.651182
5
-58.027683 -66.300472 -47.297309
-66.305836 -63.127315 -40.230315
-65.136545 -70.706563 -27.528393
-57.381972 -77.865911 -25.381278
-54.158249 -78.189254 -30.875956
6
-77.582708 -46.550762 -42.590492
-74.502261 -43.604375 -50.478428
-75.574037 -36.955836 -54.063214
-79.086161 -31.718847 -52.338263
-86.723848 -32.533107 -37.690464
-85.792774 -36.835654 -35.815282
6
-80.246689 -5.300163 59.433805
-72.966383 -9.723441 67.685757
-72.413596 -13.378435 67.655662
-79.366164 -26.105296 54.950210
-86.097257 -20.285801 46.644920
-84.681905 -7.199849 52.698549
8
-70.189667 -66.707110 -24.971425
-75.457096 -64.414526 -12.529782
-73.507581 -67.409563 -7.251643
-63.229323 -77.196761 -6.535507
-59.564744 -79.820240 -8.987247
-56.853863 -79.384550 -21.580812
-57.381972 -77.865911 -25.381278
-65.136545 -70.706563 -27.528393
5
7.548509 83.763748 -54.098563
15.314658 81.064090 -56.516144
23.649637 89.362013 -38.146104
19.042113 92.338435 -33.331836
4.755691 89.525292 -44.301304
5
-48.564294 -64.339851 -59.176794
-48.364486 -40.620430 -77.529718
-58.799956 -39.991559 -70.308182
-54.151548 -60.871221 -57.985380
-51.714489 -63.180485 -57.739397
5
-38.520262 -91.674846 -10.578849
-44.981317 -89.301572 -1.382158
-39.427910 -91.857401 2.767263
-25.553277 -96.649939 2.412322
-23.618257 -97.165875 -0.985210
5
-21.893378 -96.207474 -16.272739
-38.022432 -91.546144 -13.175665
-38.520262 -91.674846 -10.578849
-23.618257 -97.165875 -0.985210
-20.657592 -97.796016 -3.033677
8
32.900692 92.247763 -20.196404
22.549826 93.800054 -26.325943
18.822802 92.944694 -31.733043
19.042113 92.338435 -33.331836
23.649637 89.362013 -38.146104
43.449048 78.146545 -44.780552
46.488660 78.050398 -41.796409
41.424615 88.890403 -19.557544
5
14.517241 20.201002 96.856436
11.838188 28.060911 95.249370
22.358537 30.798489 92.474585
33.682066 24.326676 90.960053
30.807313 15.142800 93.923400
5
88.550394 45.456562 9.619180
93.080595 33.384134 14.882959
93.307358 31.058971 18.140485
89.468230 33.340901 29.729113
86.502054 44.300215 23.556008
7
52.494340 -54.340744 -65.508990
42.915681 -55.601023 -71.181251
33.576633 -61.983747 -70.926898
38.597711 -68.060812 -62.273129
45.270907 -68.787689 -56.734459
52.721812 -57.762995 -62.320518
52.989543 -55.123933 -64.447346
5
-25.978098 -52.512855 81.040351
-46.246039 -55.330265 69.281063
-53.763719 -50.769550 67.319502
-42.870542 -36.524022 82.632393
-35.423888 -40.408550 84.334437
7
-3.266330 99.624791 -8.014497
-13.487892 98.704905 -8.684377
-17.402521 97.884205 -10.762647
-15.746057 95.149006 -26.433470
-5.892797 94.803204 -31.267034
6.013907 96.722584 -24.669308
2.386695 99.331567 -11.293516
5
6.297144 -16.323682 -98.457521
-1.526407 -17.000819 -98.532443
-9.051415 -28.509798 -95.421503
3.358953 -35.822845 -93.302954
11.919499 -23.507653 -96.464065
6
76.611180 -47.328685 43.482441
70.023128 -58.633243 40.729649
61.746338 -65.470334 43.600747
55.840894 -61.186983 56.017387
57.644829 -51.508943 63.434238
77.657846 -39.825808 48.817661
5
42.915681 -55.601023 -71.181251
42.955228 -40.567276 -80.679269
29.779611 -44.701703 -84.350059
29.238471 -62.322276 -72.533066
33.576633 -61.983747 -70.926898
6
-76.448624 -54.055946 -35.122109
-77.582708 -46.550762 -42.590492
-85.792774 -36.835654 -35.815282
-86.127900 -47.034019 -19.229816
-85.937602 -47.448413 -19.062443
-77.705702 -54.478820 -31.525895
7
23.538315 85.513515 46.188596
17.884221 81.537669 55.061450
13.504247 81.436684 56.442022
-4.072483 89.404010 44.613203
0.833210 93.152859 36.357263
23.384719 85.845113 45.648345
23.534974 85.645497 45.945117
7
-50.007822 76.491478 -40.598911
-56.591233 72.504626 -39.249350
-55.625055 67.788444 -48.068494
-36.114889 68.559676 -63.208272
-34.864049 69.122300 -63.297755
-33.898067 72.251804 -60.254443
-35.514635 78.489335 -50.775339
5
15.195455 2.036605 98.817764
-4.078513 -3.985306 99.837283
-12.974238 2.648175 99.119404
-4.521891 13.133677 99.030596
12.133170 11.307455 98.615048
5
-86.574490 25.580083 43.017637
-91.392587 22.353936 33.877672
-85.199033 42.834831 30.104851
-81.673281 44.710566 36.475204
-82.821790 31.706291 46.208898
5
-7.105618 -78.550408 61.476367
-10.000925 -83.880886 53.516151
-22.348186 -85.067303 47.582691
-31.380241 -79.147308 52.449825
-14.498022 -71.217100 68.687204
7
-25.494160 94.987816 18.093164
-28.115747 94.971859 13.778632
-20.532980 97.364450 -9.927773
-17.402521 97.884205 -10.762647
-13.487892 98.704905 -8.684377
-13.524646 98.306619 12.364976
-24.896549 95.136993 18.141508
6
-71.994589 -57.910598 38.251037
-79.977767 -48.595049 35.243126
-78.970847 -40.894068 45.730521
-67.116220 -46.277078 57.912392
-66.624343 -46.616251 58.207578
-69.669826 -57.185554 43.311982
7
-54.151548 -60.871221 -57.985380
-63.404133 -53.609991 -55.730466
-67.260130 -51.729625 -52.916168
-69.712799 -59.289163 -40.310307
-66.305836 -63.127315 -40.230315
-58.027683 -66.300472 -47.297309
-51.714489 -63.180485 -57.739397
5
57.819863 -65.343461 -48.857911
52.721812 -57.762995 -62.320518
45.270907 -68.787689 -56.734459
45.275997 -68.794043 -56.722692
55.255793 -68.717884 -47.166193
6
95.429284 24.430493 -17.216350
95.239340 26.648947 -14.808838
86.527432 44.182968 -23.682671
83.703710 47.179196 -27.709428
81.679854 39.491636 -42.057249
85.150752 30.588804 -42.587258
7
33.576633 -61.983747 -70.926898
29.238471 -62.322276 -72.533066
27.954656 -62.864349 -72.571419
14.170638 -76.497121 -62.828207
25.375569 -82.780503 -50.034676
28.002174 -81.781146 -50.276459
38.597711 -68.060812 -62.273129
6
70.150456 25.465269 -66.561503
70.180050 25.045082 -66.689612
76.696664 8.425292 -63.613176
82.650326 2.013570 -56.257170
83.707408 18.542469 -51.470833
72.063434 30.434687 -62.294392
7
-14.498022 -71.217100 68.687204
-31.380241 -79.147308 52.449825
-37.336297 -76.520401 52.446441
-37.677304 -76.168913 52.713542
-25.251563 -63.943798 72.619207
-19.526694 -61.620474 76.299577
-16.949962 -64.759468 74.289367
4
-16.227559 -67.096747 -72.351177
-17.851930 -53.422316 -82.627869
-33.795748 -51.690559 -78.650706
-39.089194 -65.991325 -64.165256
6
53.651519 73.502003 41.460465
75.793807 56.594530 32.440070
75.808949 53.943955 36.647687
72.568658 51.056893 46.119232
64.899662 53.033940 54.547549
52.538047 72.470026 44.585300
5
-40.513583 3.774412 -91.347706
-45.122828 22.867387 -86.261307
-55.854230 16.873826 -81.213170
-50.116835 -0.898342 -86.530318
-45.315981 -1.858805 -89.123547
6
9.999738 53.657146 83.790906
21.518167 60.497178 76.661985
26.849049 55.913970 78.439509
26.614315 48.476496 83.316910
21.561060 45.812475 86.234203
19.143745 46.251321 86.569812
7
52.538047 72.470026 44.585300
47.702832 73.306042 48.483647
23.538315 85.513515 46.188596
23.534974 85.645497 45.945117
43.451163 85.523339 28.244556
53.787760 75.975369 36.532454
53.651519 73.502003 41.460465
5
33.682066 24.326676 90.960053
22.358537 30.798489 92.474585
24.980151 38.225881 88.965016
34.051244 36.881831 86.488400
36.220405 25.864331 89.549532
5
42.972064 58.953637 68.394959
64.377430 52.410214 55.755861
64.365106 40.647664 64.845204
44.386041 48.247572 75.511927
42.533377 57.099418 70.218005
6
-23.890496 -13.825040 -96.115100
-19.392335 -15.709434 -96.835691
-10.590374 -10.325715 -98.900069
-8.223300 -0.425075 -99.660407
-17.142123 8.178813 -98.179706
-26.432486 4.282759 -96.348231
6
32.100584 -12.005885 -93.943660
25.317600 -12.786424 -95.893308
16.250138 -23.497616 -95.832119
21.169948 -27.844236 -93.683146
29.682922 -29.639051 -90.776929
31.620503 -28.609392 -90.452454
8
77.657846 -39.825808 48.817661
80.064485 -31.582857 50.913667
80.077455 -31.555065 50.910500
88.621515 -29.227291 35.944299
88.853912 -43.085036 15.769021
88.555674 -43.732947 15.662758
86.385069 -46.112534 20.279402
76.611180 -47.328685 43.482441
6
6.011206 -99.601120 6.594108
13.468286 -97.017764 20.153382
27.020573 -95.399506 12.993187
33.157606 -94.266883 3.785236
33.231605 -94.290224 2.239224
7.477988 -99.719645 0.268676
6
-69.669826 -57.185554 43.311982
-66.624343 -46.616251 58.207578
-65.052013 -46.578194 59.989228
-59.554980 -50.683579 62.324788
-50.407941 -68.593803 52.477897
-54.707174 -69.799878 46.207166
8
-79.253837 -27.396955 54.481522
-79.366164 -26.105296 54.950210
-72.413596 -13.378435 67.655662
-69.419283 -18.777258 69.486529
-64.951134 -32.629355 68.678056
-65.052013 -46.578194 59.989228
-66.624343 -46.616251 58.207578
-67.116220 -46.277078 57.912392
5
-74.689374 -62.275249 23.308600
-71.583701 -68.199071 14.988679
-75.502468 -64.993176 8.675507
-84.700487 -52.327115 9.364861
-81.193105 -54.291421 21.450436
5
-95.151788 -13.484373 -27.646137
-96.725713 -19.955009 -15.682282
-94.344373 -28.239393 -17.368823
-88.480023 -29.056503 -36.428083
-90.501568 -16.798615 -39.080337
6
5.918659 65.247787 -75.549294
-5.767492 68.533016 -72.594502
-23.803320 49.781568 -83.397826
-23.665683 48.344813 -84.277604
-12.318939 39.792127 -90.911113
5.390316 53.475046 -84.328903
5
43.449048 78.146545 -44.780552
23.649637 89.362013 -38.146104
15.314658 81.064090 -56.516144
23.367259 71.898698 -65.456463
36.306738 67.855940 -63.854461
6
54.003306 -74.320870 -39.497483
52.383294 -75.688502 -39.079932
48.185059 -85.658609 -18.460843
61.199699 -75.537627 -23.423573
62.089188 -72.910975 -28.791014
60.489700 -72.009954 -33.993568
5
85.848010 23.063713 -45.805941
91.862620 16.522214 -35.892554
96.073929 17.684953 -21.378554
95.429284 24.430493 -17.216350
85.150752 30.588804 -42.587258
5
85.134575 52.452213 0.932459
71.910171 69.464916 -1.884880
71.741271 68.436720 -13.023264
76.876581 59.766469 -22.758745
85.132813 52.463352 0.028009
5
-20.532980 97.364450 -9.927773
-28.115747 94.971859 13.778632
-39.608301 91.608797 6.245861
-39.290566 91.955753 0.625256
-26.907551 95.723343 -10.631333
6
-91.209533 -39.404610 11.318029
-84.932626 -52.002250 9.067249
-84.618577 -53.279236 -1.009657
-86.611089 -48.645245 -11.496062
-92.891449 -36.786604 4.233730
-93.065943 -35.784534 7.628717
7
-34.681637 -84.697460 -40.292980
-37.004689 -82.821111 -42.087011
-54.158249 -78.189254 -30.875956
-57.381972 -77.865911 -25.381278
-56.853863 -79.384550 -21.580812
-39.633883 -89.859351 -18.826903
-31.922823 -88.933772 -32.737098
6
27.020573 -95.399506 12.993187
27.435606 -92.904011 24.822011
39.629518 -86.881723 29.682780
41.095339 -86.528060 28.706584
41.407313 -88.735256 20.285186
33.157606 -94.266883 3.785236
8
-43.319629 -36.648503 -82.342558
-57.341971 -24.627993 -78.136805
-66.471698 -24.535360 -70.565781
-65.657359 -35.142985 -66.738908
-64.069310 -36.931876 -67.313892
-58.799956 -39.991559 -70.308182
-48.364486 -40.620430 -77.529718
-43.651448 -38.001944 -81.550005
5
96.155178 4.062858 -27.160173
97.108499 9.859288 -21.742444
96.073929 17.684953 -21.378554
91.862620 16.522214 -35.892554
90.590077 0.039053 -42.348984
6
-88.452249 27.308369 -37.821324
-88.849457 15.268478 -43.274099
-88.695796 15.289871 -43.580679
-80.668844 27.430964 -52.345772
-80.596877 38.502372 -44.963439
-81.806806 37.870886 -43.283282
4
-54.580699 6.779244 83.516401
-52.171439 23.984674 81.871096
-41.678601 18.247855 89.050042
-43.637096 11.296056 89.264791
6
-93.814944 -30.204787 -16.924161
-92.891449 -36.786604 4.233730
-86.611089 -48.645245 -11.496062
-85.728541 -48.480473 -17.328040
-85.937602 -47.448413 -19.062443
-86.127900 -47.034019 -19.229816
6
-82.757945 -34.578691 44.220319
-89.665430 -28.333748 34.019250
-90.615883 -25.162966 33.993925
-86.097257 -20.285801 46.644920
-79.366164 -26.105296 54.950210
-79.253837 -27.396955 54.481522
4
-78.970847 -40.894068 45.730521
-82.757945 -34.578691 44.220319
-79.253837 -27.396955 54.481522
-67.116220 -46.277078 57.912392
6
-61.835172 77.442135 -13.383846
-55.064556 83.418960 -3.028489
-55.267975 83.321710 -1.715691
-68.106409 72.369550 11.142947
-69.490668 71.102922 10.743447
-70.705871 70.698661 1.542436
4
-23.155906 30.276379 92.450770
-31.131525 17.714711 93.364967
-41.108799 18.536521 89.255050
-36.805032 32.508324 87.112562
5
-82.110805 14.874973 55.104908
-86.574490 25.580083 43.017637
-82.821790 31.706291 46.208898
-79.548237 33.038345 50.799072
-72.985810 23.447546 64.212803
6
-74.901969 16.359177 -64.203367
-77.911627 17.761562 -60.119093
-84.686923 11.016230 -52.026606
-83.506850 3.035777 -54.930775
-77.539744 -3.254076 -63.063453
-76.961737 -2.130457 -63.814985
5
-71.994589 -57.910598 38.251037
-69.669826 -57.185554 43.311982
-54.707174 -69.799878 46.207166
-56.682449 -75.732460 32.429839
-71.282985 -61.452343 33.798602
4
27.454225 96.125883 -2.465795
18.331206 98.127738 -5.908797
22.549826 93.800054 -26.325943
32.900692 92.247763 -20.196404
6
-61.835172 77.442135 -13.383846
-70.705871 70.698661 1.542436
-73.349147 67.912047 -2.802948
-71.053223 64.525756 -28.068957
-63.918670 71.389786 -28.598987
-61.151660 75.477122 -23.741915
6
-66.392503 21.644712 -71.578921
-74.901969 16.359177 -64.203367
-76.961737 -2.130457 -63.814985
-71.635194 0.506073 -69.772078
-64.230096 15.813897 -74.996103
-64.063692 17.425702 -74.780936
7
-81.806806 37.870886 -43.283282
-80.596877 38.502372 -44.963439
-76.608121 43.725630 -47.109077
-72.998743 61.704250 -29.389948
-72.921777 62.181786 -28.562912
-73.784052 61.470325 -27.880329
-86.700413 42.165909 -26.553241
6
-26.404288 5.409576 96.299273
-38.794370 2.442050 92.135950
-43.637096 11.296056 89.264791
-41.678601 18.247855 89.050042
-41.108799 18.536521 89.255050
-31.131525 17.714711 93.364967
7
70.589306 -38.250103 -59.616101
76.727125 -28.309674 -57.545726
73.619924 -22.495324 -63.828420
66.739056 -24.385852 -70.364967
66.499377 -24.900854 -70.411507
63.733999 -40.199719 -65.741615
66.207107 -40.850742 -62.831806
8
-18.307070 1.180021 98.302893
-13.891998 2.646820 98.994983
-12.974238 2.648175 99.119404
-4.078513 -3.985306 99.837283
-3.678840 -5.309951 99.791135
-8.864851 -27.868538 95.628233
-21.485387 -17.954114 96.000145
-23.003018 -9.413744 96.861977
5
-88.868751 39.539674 -23.215495
-92.771993 35.946404 -10.060483
-93.571240 34.146859 -8.855222
-96.327668 16.907637 -20.859342
-90.073802 27.834337 -33.346062
6
-93.684241 -34.118661 7.692856
-98.597190 -14.778774 -7.757701
-98.872984 -13.309907 -6.854159
-99.634520 -8.414819 -1.467361
-97.435447 -17.012265 14.728086
-96.459629 -20.417079 16.693795
6
-63.404133 -53.609991 -55.730466
-64.069310 -36.931876 -67.313892
-65.657359 -35.142985 -66.738908
-75.574037 -36.955836 -54.063214
-74.502261 -43.604375 -50.478428
-67.260130 -51.729625 -52.916168
6
36.077585 93.164830 4.326940
33.900147 93.984181 4.213526
27.454225 96.125883 -2.465795
32.900692 92.247763 -20.196404
41.424615 88.890403 -19.557544
45.729810 88.013021 -12.747264
6
10.850307 -70.627622 69.957200
-6.697756 -78.550120 61.522506
-7.105618 -78.550408 61.476367
-14.498022 -71.217100 68.687204
-16.949962 -64.759468 74.289367
5.083518 -65.936014 75.010666
7
67.754218 45.663324 -57.656108
72.063434 30.434687 -62.294392
83.707408 18.542469 -51.470833
85.848010 23.063713 -45.805941
85.150752 30.588804 -42.587258
81.679854 39.491636 -42.057249
68.334417 45.721075 -56.920918
6
7.475981 66.892425 73.956157
2.761775 55.792238 82.943346
-10.552698 56.934403 81.529837
-8.643388 68.755030 72.097418
-6.001733 70.976930 70.187283
4.515130 71.456617 69.810926
5
-26.907551 95.723343 -10.631333
-39.290566 91.955753 0.625256
-46.800154 88.029805 -7.778112
-44.876749 87.733907 -16.995262
-33.073392 92.963787 -16.244542
7
18.542186 30.621294 -93.373035
16.019134 24.401561 -95.644922
20.928647 8.638846 -97.403091
21.369334 8.298022 -97.337015
25.005483 10.151097 -96.289569
30.628090 31.851714 -89.707238
29.138636 35.485076 -88.835518
5
60.892169 -19.899240 76.786483
65.474176 -22.167932 72.261436
62.439499 -32.033424 71.240218
52.739847 -33.695666 77.994299
52.376968 -23.353973 81.922189
6
87.670123 -33.294449 -34.719292
88.428822 -32.717276 -33.315512
94.018630 -20.500528 -27.207085
94.655134 -15.816311 -28.111383
88.713304 -9.333055 -45.197830
87.180785 -31.234565 -37.734767
4
27.545894 -43.528507 -85.711684
29.682922 -29.639051 -90.776929
21.169948 -27.844236 -93.683146
17.071970 -44.502570 -87.909437
5
23.367259 71.898698 -65.456463
15.314658 81.064090 -56.516144
7.548509 83.763748 -54.098563
-1.794627 80.757394 -58.949322
10.585298 68.636357 -71.951386
7
-68.758012 23.973552 68.539073
-67.464907 25.703521 69.194041
-52.923872 25.453965 80.939233
-52.171439 23.984674 81.871096
-54.580699 6.779244 83.516401
-58.812817 0.035296 80.876766
-66.723161 0.106578 74.484954
4
44.857908 9.509976 -88.866914
45.957489 10.313665 -88.213023
30.628090 31.851714 -89.707238
25.005483 10.151097 -96.289569
6
-95.592442 7.479868 -28.392544
-95.820000 7.966541 -27.478390
-98.872984 -13.309907 -6.854159
-98.597190 -14.778774 -7.757701
-96.725713 -19.955009 -15.682282
-95.151788 -13.484373 -27.646137
5
69.218298 -71.852186 -6.788998
61.199699 -75.537627 -23.423573
48.185059 -85.658609 -18.460843
44.128755 -88.748068 -13.282825
53.196891 -84.314309 -7.822286
8
65.209363 37.491198 65.894985
64.365106 40.647664 64.845204
64.377430 52.410214 55.755861
64.899662 53.033940 54.547549
72.568658 51.056893 46.119232
82.788009 27.363517 48.963082
81.447786 24.512362 52.587093
70.484265 29.496898 64.512800
6
49.021563 -19.945125 84.847383
36.645279 -23.124137 90.124346
30.971993 -20.718056 92.798156
36.329248 1.386554 93.157196
40.325415 1.848139 91.490138
52.102696 -6.794300 85.083175
5
-88.452249 27.308369 -37.821324
-81.806806 37.870886 -43.283282
-86.700413 42.165909 -26.553241
-88.868751 39.539674 -23.215495
-90.073802 27.834337 -33.346062
7
-24.746586 -53.347321 80.880590
-19.789799 -59.546626 77.862464
-19.526694 -61.620474 76.299577
-25.251563 -63.943798 72.619207
-40.822856 -63.716686 65.373376
-46.246039 -55.330265 69.281063
-25.978098 -52.512855 81.040351
6
56.868607 -50.087654 65.247133
57.644829 -51.508943 63.434238
55.840894 -61.186983 56.017387
44.531272 -66.337858 60.135301
39.991985 -55.919003 72.620288
43.967263 -45.691809 77.324889
5
98.803569 2.576124 -15.205864
97.108499 9.859288 -21.742444
96.155178 4.062858 -27.160173
95.669873 -13.527447 -25.773699
98.143231 -10.682842 -15.930571
5
72.568658 51.056893 46.119232
75.808949 53.943955 36.647687
88.652312 32.009232 33.409230
88.427670 28.655677 36.870033
82.788009 27.363517 48.963082
6
-16.099737 81.774962 -55.259877
-8.008186 80.308335 -59.046086
-7.266680 80.568530 -58.786966
-4.646532 90.184440 -42.955517
-13.407358 88.843954 -43.897546
-17.659314 84.982990 -49.659239
5
35.763222 -9.584685 -92.893088
32.100584 -12.005885 -93.943660
31.620503 -28.609392 -90.452454
43.151892 -28.977791 -85.429514
44.162456 -15.880358 -88.303407
6
6.570058 -89.653398 43.807563
13.463086 -94.478654 29.875227
11.637831 -95.609079 26.897302
1.026984 -96.465040 26.333275
-9.292483 -94.338889 31.840600
-1.844983 -89.852426 43.853592
5
43.128056 55.284864 -71.299050
38.378696 47.047168 -79.458415
46.984719 35.842340 -80.670706
59.094222 28.022455 -75.647968
60.833380 48.504481 -62.822092
6
-84.121446 -45.640735 28.991475
-88.021293 -39.006564 27.032204
-89.665430 -28.333748 34.019250
-82.757945 -34.578691 44.220319
-78.970847 -40.894068 45.730521
-79.977767 -48.595049 35.243126
7
-26.432486 4.282759 -96.348231
-31.823212 5.568831 -94.637579
-40.513583 3.774412 -91.347706
-45.315981 -1.858805 -89.123547
-41.741412 -16.066587 -89.440032
-39.262141 -19.684297 -89.838815
-23.890496 -13.825040 -96.115100
7
-5.767492 68.533016 -72.594502
5.918659 65.247787 -75.549294
10.585298 68.636357 -71.951386
-1.794627 80.757394 -58.949322
-7.266680 80.568530 -58.786966
-8.008186 80.308335 -59.046086
-11.010051 72.092728 -68.420884
5
-17.558813 51.237792 84.061743
-18.480526 45.549287 87.084629
-43.005635 40.057136 80.906991
-44.692405 45.485165 77.030440
-35.266108 55.081233 75.646278
7
-51.714489 -63.180485 -57.739397
-58.027683 -66.300472 -47.297309
-54.158249 -78.189254 -30.875956
-37.004689 -82.821111 -42.087011
-37.897609 -75.493601 -53.520906
-42.788656 -67.621171 -59.970894
-48.564294 -64.339851 -59.176794
5
65.176621 -72.819750 21.196510
72.714409 -66.212015 18.126879
76.237501 -63.871163 10.407588
71.163593 -70.100983 -4.647058
59.856529 -79.076598 12.809668
5
76.577558 -51.383341 -38.673374
87.670123 -33.294449 -34.719292
87.180785 -31.234565 -37.734767
80.880749 -28.731256 -51.311007
77.228150 -43.323968 -46.463390
5
56.986437 -81.209791 12.550535
56.333320 -81.734699 12.082884
41.407313 -88.735256 20.285186
41.095339 -86.528060 28.706584
49.616863 -80.865973 31.604768
6
70.484265 29.496898 64.512800
81.447786 24.512362 52.587093
82.301300 19.523211 53.341731
80.896455 10.608988 57.820523
73.790202 9.234253 66.856074
67.669156 21.256627 70.491426
6
-47.805712 80.304508 35.578080
-41.770515 84.592547 33.156072
-32.664059 85.141870 41.035609
-32.635782 80.006937 50.336822
-35.115769 78.482259 51.062880
-49.708922 77.378589 39.262921
7
43.967263 -45.691809 77.324889
39.991985 -55.919003 72.620288
30.177676 -63.253534 71.332309
22.901562 -51.388182 82.672688
29.821933 -46.488314 83.363595
42.253059 -44.984898 78.683150
43.881775 -45.521802 77.473579
8
11.849668 -96.401823 -23.796509
9.729558 -96.597705 -23.962869
3.269398 -98.129811 -18.969746
2.301528 -99.628016 -8.304304
7.477988 -99.719645 0.268676
33.231605 -94.290224 2.239224
33.640268 -94.157986 1.614317
33.773694 -94.115531 1.266642
7
42.115994 90.150997 9.951925
44.282576 87.967348 17.343560
42.639558 87.248296 23.866356
28.282736 92.675451 24.725443
22.162372 96.073940 16.692132
33.900147 93.984181 4.213526
36.077585 93.164830 4.326940
6
-88.021293 -39.006564 27.032204
-84.121446 -45.640735 28.991475
-81.193105 -54.291421 21.450436
-84.700487 -52.327115 9.364861
-84.932626 -52.002250 9.067249
-91.209533 -39.404610 11.318029
7
-30.550224 91.849085 25.108355
-37.486055 88.910881 26.261206
-49.117624 85.790608 15.080802
-47.758600 87.082899 11.648384
-39.608301 91.608797 6.245861
-28.115747 94.971859 13.778632
-25.494160 94.987816 18.093164
7
38.155629 -77.568285 50.272350
29.094303 -85.124829 43.672475
16.150395 -83.708666 52.268767
15.741156 -82.769906 53.864261
20.689609 -71.857354 66.396241
25.715220 -70.353541 66.250334
37.799629 -71.695547 58.574198
4
76.429380 -53.217510 -36.420413
70.782800 -66.757201 -23.092668
71.684203 -69.425131 -6.444085
84.930873 -50.955366 -13.794840
5
4.505874 54.456559 83.750703
9.999738 53.657146 83.790906
19.143745 46.251321 86.569812
11.078697 36.919280 92.272581
3.243149 44.755283 89.366921
6
55.255793 -68.717884 -47.166193
45.275997 -68.794043 -56.722692
38.649175 -78.931401 -47.708230
46.472485 -78.524296 -40.917516
52.383294 -75.688502 -39.079932
54.003306 -74.320870 -39.497483
6
33.040064 3.985259 94.299904
36.329248 1.386554 93.157196
30.971993 -20.718056 92.798156
19.821026 -24.997558 94.774728
16.943873 -24.775515 95.389093
15.857233 1.640297 98.721110
5
-86.433417 45.406397 21.622293
-89.162336 42.513433 15.578380
-83.380274 55.086741 3.630540
-73.600442 66.049705 14.846263
-74.851816 63.202103 20.067383
7
-85.199033 42.834831 30.104851
-91.392587 22.353936 33.877672
-91.812830 21.560978 33.249488
-94.550521 20.408920 25.370750
-90.959185 39.341170 13.367833
-89.162336 42.513433 15.578380
-86.433417 45.406397 21.622293
5
60.777597 77.781336 16.004607
62.769212 77.805353 2.520523
71.646425 69.746838 -1.472541
74.562805 62.624021 22.773235
62.922377 74.315375 22.759602
7
14.316143 -56.291071 -81.402478
27.954656 -62.864349 -72.571419
29.238471 -62.322276 -72.533066
29.779611 -44.701703 -84.350059
27.545894 -43.528507 -85.711684
17.071970 -44.502570 -87.909437
16.266139 -44.849647 -87.885846
7
-26.907551 95.723343 -10.631333
-33.073392 92.963787 -16.244542
-31.688144 90.666503 -27.846845
-19.614706 93.301510 -30.167723
-15.746057 95.149006 -26.433470
-17.402521 97.884205 -10.762647
-20.532980 97.364450 -9.927773
5
53.852182 23.286739 80.979444
48.596688 20.781350 84.891091
41.429050 25.467373 87.378755
45.531107 40.431128 79.323655
54.352555 32.475680 77.402390
4
-72.998743 61.704250 -29.389948
-76.608121 43.725630 -47.109077
-71.831780 45.040671 -53.023894
-63.124153 56.289581 -53.355640
5
-2.449649 -99.098354 13.172526
1.026984 -96.465040 26.333275
11.637831 -95.609079 26.897302
13.468286 -97.017764 20.153382
6.011206 -99.601120 6.594108
4
-34.944388 -92.278904 16.232489
-25.674878 -95.765333 13.030792
-25.553277 -96.649939 2.412322
-39.427910 -91.857401 2.767263
5
-17.558813 51.237792 84.061743
-35.266108 55.081233 75.646278
-34.600802 65.702120 66.977727
-26.541310 68.192912 68.156332
-13.619008 55.417553 82.118313
7
-45.438144 -32.658340 82.878272
-46.952110 -22.123857 85.475344
-45.152327 -16.151999 87.751811
-28.168672 -23.880101 92.931516
-28.438448 -32.562306 90.171786
-35.423888 -40.408550 84.334437
-42.870542 -36.524022 82.632393
4
98.329360 -11.623641 -14.008136
97.075426 -21.458996 -10.764439
97.434096 -21.775905 5.692701
99.607313 -8.354982 2.928748
7
56.424763 73.520125 -37.563777
71.480734 61.507423 -33.276743
77.285613 57.763447 -26.273909
76.876581 59.766469 -22.758745
71.741271 68.436720 -13.023264
60.311071 76.824709 -21.460168
56.017906 73.876283 -37.473844
6
3.269398 -98.129811 -18.969746
9.729558 -96.597705 -23.962869
8.306339 -91.931110 -38.466554
1.220226 -89.757333 -44.069630
-10.286922 -90.873178 -40.450523
-13.670051 -95.593993 -25.979187
7
36.044173 -7.746725 -92.955935
35.763222 -9.584685 -92.893088
44.162456 -15.880358 -88.303407
54.710999 -10.486984 -83.046552
47.207462 10.341988 -87.547124
45.957489 10.313665 -88.213023
44.857908 9.509976 -88.866914
6
93.439954 16.123426 31.764919
90.792098 5.978544 41.485564
82.301300 19.523211 53.341731
81.447786 24.512362 52.587093
82.788009 27.363517 48.963082
88.427670 28.655677 36.870033
5
-19.392335 -15.709434 -96.835691
-14.822187 -28.453077 -94.713912
-9.051415 -28.509798 -95.421503
-1.526407 -17.000819 -98.532443
-10.590374 -10.325715 -98.900069
4
76.611180 -47.328685 43.482441
86.385069 -46.112534 20.279402
74.748118 -60.416426 27.614750
70.023128 -58.633243 40.729649
9
76.203434 -52.155007 -38.378274
76.289687 -53.091665 -36.893885
76.429380 -53.217510 -36.420413
84.930873 -50.955366 -13.794840
86.357187 -48.896830 -12.310005
90.350333 -40.391586 -14.329584
88.428822 -32.717276 -33.315512
87.670123 -33.294449 -34.719292
76.577558 -51.383341 -38.673374
6
12.099122 80.958609 57.439662
-9.886806 80.047035 59.116184
-10.549220 80.229560 58.753142
-5.021576 89.233605 44.856968
-4.072483 89.404010 44.613203
13.504247 81.436684 56.442022
6
-66.392503 21.644712 -71.578921
-65.546609 26.188120 -70.836604
-71.713211 32.312744 -61.750319
-79.739337 26.629346 -54.152711
-77.911627 17.761562 -60.119093
-74.901969 16.359177 -64.203367
6
-85.199033 42.834831 30.104851
-86.433417 45.406397 21.622293
-74.851816 63.202103 20.067383
-74.424029 63.137614 21.787738
-77.672919 48.878189 39.722038
-81.673281 44.710566 36.475204
6
-96.459629 -20.417079 16.693795
-97.435447 -17.012265 14.728086
-97.381425 -2.351987 22.612524
-96.599994 -1.760248 25.794239
-93.580838 -5.468340 34.824186
-91.805031 -22.615563 32.563362
6
52.102696 -6.794300 85.083175
40.325415 1.848139 91.490138
47.908073 11.735735 86.989017
62.332519 4.795922 78.049063
63.765992 -0.415672 77.030679
60.627850 -3.597154 79.443844
7
61.746338 -65.470334 43.600747
57.466573 -72.393276 38.168136
55.691263 -73.881029 37.948344
38.155629 -77.568285 50.272350
37.799629 -71.695547 58.574198
44.531272 -66.337858 60.135301
55.840894 -61.186983 56.017387
6
27.435606 -92.904011 24.822011
27.020573 -95.399506 12.993187
13.468286 -97.017764 20.153382
11.637831 -95.609079 26.897302
13.463086 -94.478654 29.875227
18.817204 -93.097103 31.286454
6
-71.282985 -61.452343 33.798602
-74.689374 -62.275249 23.308600
-81.193105 -54.291421 21.450436
-84.121446 -45.640735 28.991475
-79.977767 -48.595049 35.243126
-71.994589 -57.910598 38.251037
7
-15.746057 95.149006 -26.433470
-19.614706 93.301510 -30.167723
-20.734661 90.766057 -36.491049
-13.407358 88.843954 -43.897546
-4.646532 90.184440 -42.955517
-4.018072 90.414484 -42.533236
-5.892797 94.803204 -31.267034
5
-80.668844 27.430964 -52.345772
-88.695796 15.289871 -43.580679
-84.686923 11.016230 -52.026606
-77.911627 17.761562 -60.119093
-79.739337 26.629346 -54.152711
5
-55.854230 16.873826 -81.213170
-64.063692 17.425702 -74.780936
-64.230096 15.813897 -74.996103
-59.499723 -2.950904 -80.318585
-50.116835 -0.898342 -86.530318
7
86.669590 49.686141 4.435043
85.134575 52.452213 0.932459
85.132813 52.463352 0.028009
86.527432 44.182968 -23.682671
95.239340 26.648947 -14.808838
95.769982 26.952577 -10.083113
86.837390 49.385427 4.510789
6
5.390316 53.475046 -84.328903
-12.318939 39.792127 -90.911113
-12.217593 39.022997 -91.257526
18.542186 30.621294 -93.373035
29.138636 35.485076 -88.835518
31.594194 43.147896 -84.498911
5
21.561060 45.812475 86.234203
26.614315 48.476496 83.316910
38.038362 43.656742 81.530190
34.051244 36.881831 86.488400
24.980151 38.225881 88.965016
6
61.199699 -75.537627 -23.423573
69.218298 -71.852186 -6.788998
71.089180 -70.101177 -5.670399
71.684203 -69.425131 -6.444085
70.782800 -66.757201 -23.092668
62.089188 -72.910975 -28.791014
7
-39.633883 -89.859351 -18.826903
-56.853863 -79.384550 -21.580812
-59.564744 -79.820240 -8.987247
-49.673931 -86.789899 0.118716
-44.981317 -89.301572 -1.382158
-38.520262 -91.674846 -10.578849
-38.022432 -91.546144 -13.175665
9
-45.120780 -13.516089 88.212417
-45.152327 -16.151999 87.751811
-46.952110 -22.123857 85.475344
-69.419283 -18.777258 69.486529
-72.413596 -13.378435 67.655662
-72.966383 -9.723441 67.685757
-66.723161 0.106578 74.484954
-58.812817 0.035296 80.876766
-46.357014 -10.318555 88.003152
6
-60.101437 77.990248 17.473935
-68.106409 72.369550 11.142947
-55.267975 83.321710 -1.715691
-47.758600 87.082899 11.648384
-49.117624 85.790608 15.080802
-53.535723 82.539154 17.922456
6
6.013907 96.722584 -24.669308
-5.892797 94.803204 -31.267034
-4.018072 90.414484 -42.533236
4.755691 89.525292 -44.301304
19.042113 92.338435 -33.331836
18.822802 92.944694 -31.733043
6
-51.689303 -83.780510 17.579591
-39.128007 -89.520937 21.330748
-34.944388 -92.278904 16.232489
-39.427910 -91.857401 2.767263
-44.981317 -89.301572 -1.382158
-49.673931 -86.789899 0.118716
6
-4.018072 90.414484 -42.533236
-4.646532 90.184440 -42.955517
-7.266680 80.568530 -58.786966
-1.794627 80.757394 -58.949322
7.548509 83.763748 -54.098563
4.755691 89.525292 -44.301304
7
-40.827880 -82.826161 38.378525
-37.336297 -76.520401 52.446441
-31.380241 -79.147308 52.449825
-22.348186 -85.067303 47.582691
-22.725479 -86.691195 44.364279
-31.782485 -89.186395 32.181681
-33.813663 -88.678835 31.507150
6
-46.357014 -10.318555 88.003152
-38.794370 2.442050 92.135950
-26.404288 5.409576 96.299273
-18.307070 1.180021 98.302893
-23.003018 -9.413744 96.861977
-45.120780 -13.516089 88.212417
5
-41.770515 84.592547 33.156072
-37.486055 88.910881 26.261206
-30.550224 91.849085 25.108355
-26.741246 89.692911 35.214876
-32.664059 85.141870 41.035609
6
-39.262141 -19.684297 -89.838815
-38.832400 -31.128031 -86.735750
-20.981805 -35.705057 -91.021496
-14.822187 -28.453077 -94.713912
-19.392335 -15.709434 -96.835691
-23.890496 -13.825040 -96.115100
5
4.031804 98.914833 14.128001
1.465501 98.592173 16.656403
-13.524646 98.306619 12.364976
-13.487892 98.704905 -8.684377
-3.266330 99.624791 -8.014497
7
-13.245676 -99.106948 -1.537836
-20.657592 -97.796016 -3.033677
-23.618257 -97.165875 -0.985210
-25.553277 -96.649939 2.412322
-25.674878 -95.765333 13.030792
-17.228441 -96.535519 19.597818
-10.438275 -98.561067 13.295052
7
-61.467729 61.905701 48.881514
-60.856920 66.558120 43.202453
-58.829179 69.473231 41.383547
-49.708922 77.378589 39.262921
-35.115769 78.482259 51.062880
-40.144798 67.770297 61.608295
-43.953573 66.223474 60.683893
6
-9.886806 80.047035 59.116184
-6.001733 70.976930 70.187283
-8.643388 68.755030 72.097418
-22.608672 71.063091 66.624958
-17.936737 79.683454 57.695933
-10.549220 80.229560 58.753142
6
59.402826 27.353268 -75.651193
56.246154 13.405190 -81.588425
62.708577 10.218711 -77.221838
63.506028 10.605699 -76.514728
70.180050 25.045082 -66.689612
70.150456 25.465269 -66.561503
5
14.316143 -56.291071 -81.402478
16.266139 -44.849647 -87.885846
3.887514 -39.988204 -91.574182
-6.502692 -49.747778 -86.503604
4.187034 -59.679778 -80.129850
6
74.748118 -60.416426 27.614750
86.385069 -46.112534 20.279402
88.555674 -43.732947 15.662758
87.395330 -47.156794 11.759804
76.237501 -63.871163 10.407588
72.714409 -66.212015 18.126879
6
-30.247415 66.952405 -67.841501
-11.010051 72.092728 -68.420884
-8.008186 80.308335 -59.046086
-16.099737 81.774962 -55.259877
-33.898067 72.251804 -60.254443
-34.864049 69.122300 -63.297755
7
-80.596877 38.502372 -44.963439
-80.668844 27.430964 -52.345772
-79.739337 26.629346 -54.152711
-71.713211 32.312744 -61.750319
-71.194859 44.043349 -54.694382
-71.831780 45.040671 -53.023894
-76.608121 43.725630 -47.109077
5
92.374696 -8.544573 37.335049
92.546396 -21.476240 31.207942
88.621515 -29.227291 35.944299
80.077455 -31.555065 50.910500
80.670247 -19.833175 55.668271
6
-8.783605 -28.030295 95.588445
-10.884514 -32.160696 94.059646
-28.438448 -32.562306 90.171786
-28.168672 -23.880101 92.931516
-21.485387 -17.954114 96.000145
-8.864851 -27.868538 95.628233
9
-64.063692 17.425702 -74.780936
-55.854230 16.873826 -81.213170
-45.122828 22.867387 -86.261307
-44.573088 24.073045 -86.219072
-47.022323 40.142461 -78.596971
-52.898399 42.157595 -73.651182
-53.033343 42.074508 -73.601633
-65.546609 26.188120 -70.836604
-66.392503 21.644712 -71.578921
4
-91.264871 39.762846 -9.467805
-80.545047 57.294999 -15.158445
-80.269077 59.322796 -6.138493
-83.655247 54.775215 1.214701
9
16.943873 -24.775515 95.389093
19.821026 -24.997558 94.774728
29.821933 -46.488314 83.363595
22.901562 -51.388182 82.672688
16.781895 -53.019433 83.110214
9.559524 -51.569215 85.142419
7.123087 -49.818765 86.413843
12.612874 -28.040626 95.155865
16.646304 -24.878815 95.414596
6
33.157606 -94.266883 3.785236
41.407313 -88.735256 20.285186
56.333320 -81.734699 12.082884
56.311815 -81.755786 12.040385
33.640268 -94.157986 1.614317
33.231605 -94.290224 2.239224
9
98.751645 7.506332 13.848017
99.128264 7.139647 11.073061
99.796390 1.532138 6.191367
99.607313 -8.354982 2.928748
97.434096 -21.775905 5.692701
97.214098 -22.596240 6.231299
96.479017 -14.603051 21.875789
97.349568 -1.605910 22.814088
98.729828 7.457413 14.028827
5
-23.003018 -9.413744 96.861977
-21.485387 -17.954114 96.000145
-28.168672 -23.880101 92.931516
-45.152327 -16.151999 87.751811
-45.120780 -13.516089 88.212417
7
-12.974238 2.648175 99.119404
-13.891998 2.646820 98.994983
-19.945673 31.716418 92.715905
-16.148530 35.297412 92.159198
-10.935356 34.061229 93.382282
-2.066688 27.304080 96.178043
-4.521891 13.133677 99.030596
7
21.169948 -27.844236 -93.683146
16.250138 -23.497616 -95.832119
11.919499 -23.507653 -96.464065
3.358953 -35.822845 -93.302954
3.887514 -39.988204 -91.574182
16.266139 -44.849647 -87.885846
17.071970 -44.502570 -87.909437
7
-69.471408 -18.233982 -69.579058
-61.255498 -8.669984 -78.565866
-59.774513 -3.267104 -80.102020
-71.635194 0.506073 -69.772078
-76.961737 -2.130457 -63.814985
-77.539744 -3.254076 -63.063453
-77.285914 -12.420111 -62.230446
6
53.196891 -84.314309 -7.822286
44.128755 -88.748068 -13.282825
44.078981 -88.773570 -13.277679
33.773694 -94.115531 1.266642
33.640268 -94.157986 1.614317
56.311815 -81.755786 12.040385
6
-39.682340 85.910140 -32.322743
-47.541744 85.310328 -21.492568
-61.151660 75.477122 -23.741915
-63.918670 71.389786 -28.598987
-56.591233 72.504626 -39.249350
-50.007822 76.491478 -40.598911
4
-58.799956 -39.991559 -70.308182
-64.069310 -36.931876 -67.313892
-63.404133 -53.609991 -55.730466
-54.151548 -60.871221 -57.985380
6
-24.746586 -53.347321 80.880590
-25.978098 -52.512855 81.040351
-35.423888 -40.408550 84.334437
-28.438448 -32.562306 90.171786
-10.884514 -32.160696 94.059646
-10.916704 -34.813525 93.106627
5
-17.654172 -95.201024 -25.001905
-31.922823 -88.933772 -32.737098
-39.633883 -89.859351 -18.826903
-38.022432 -91.546144 -13.175665
-21.893378 -96.207474 -16.272739
5
90.350333 -40.391586 -14.329584
92.379688 -36.034625 -12.942144
94.634568 -28.406209 -15.407331
94.018630 -20.500528 -27.207085
88.428822 -32.717276 -33.315512
5
62.582677 17.483653 76.011384
62.332519 4.795922 78.049063
47.908073 11.735735 86.989017
48.596688 20.781350 84.891091
53.852182 23.286739 80.979444
6
-36.805032 32.508324 87.112562
-41.108799 18.536521 89.255050
-41.678601 18.247855 89.050042
-52.171439 23.984674 81.871096
-52.923872 25.453965 80.939233
-43.111274 38.682032 81.517596
5
-2.066688 27.304080 96.178043
-10.935356 34.061229 93.382282
3.243149 44.755283 89.366921
11.078697 36.919280 92.272581
11.444199 28.313361 95.222812
4
-31.782485 -89.186395 32.181681
-22.725479 -86.691195 44.364279
-9.732339 -94.343589 31.694932
-16.631881 -95.448500 24.758119
6
-84.618577 -53.279236 -1.009657
-75.661038 -65.361278 -1.819522
-73.507581 -67.409563 -7.251643
-75.457096 -64.414526 -12.529782
-85.728541 -48.480473 -17.328040
-86.611089 -48.645245 -11.496062
6
-33.073392 92.963787 -16.244542
-44.876749 87.733907 -16.995262
-47.541744 85.310328 -21.492568
-39.682340 85.910140 -32.322743
-37.252672 86.640989 -33.250225
-31.688144 90.666503 -27.846845
7
85.848010 23.063713 -45.805941
83.707408 18.542469 -51.470833
82.650326 2.013570 -56.257170
82.963721 -0.033826 -55.830278
87.308680 -4.904107 -48.509217
90.590077 0.039053 -42.348984
91.862620 16.522214 -35.892554
6
-19.945673 31.716418 92.715905
-13.891998 2.646820 98.994983
-18.307070 1.180021 98.302893
-26.404288 5.409576 96.299273
-31.131525 17.714711 93.364967
-23.155906 30.276379 92.450770
6
-43.651448 -38.001944 -81.550005
-48.364486 -40.620430 -77.529718
-48.564294 -64.339851 -59.176794
-42.788656 -67.621171 -59.970894
-39.089194 -65.991325 -64.165256
-33.795748 -51.690559 -78.650706
6
-41.741412 -16.066587 -89.440032
-55.426686 -17.760929 -81.316861
-57.341971 -24.627993 -78.136805
-43.319629 -36.648503 -82.342558
-38.832400 -31.128031 -86.735750
-39.262141 -19.684297 -89.838815
5
65.110594 47.402125 -59.276041
67.754218 45.663324 -57.656108
68.334417 45.721075 -56.920918
71.480734 61.507423 -33.276743
56.424763 73.520125 -37.563777
5
-99.963905 2.261560 1.450173
-99.634520 -8.414819 -1.467361
-98.872984 -13.309907 -6.854159
-95.820000 7.966541 -27.478390
-96.680450 13.594194 -21.635354
5
16.781895 -53.019433 83.110214
18.682692 -71.037606 67.857318
10.850307 -70.627622 69.957200
5.083518 -65.936014 75.010666
9.559524 -51.569215 85.142419
6
52.383294 -75.688502 -39.079932
46.472485 -78.524296 -40.917516
33.242403 -90.256386 -27.362884
44.078981 -88.773570 -13.277679
44.128755 -88.748068 -13.282825
48.185059 -85.658609 -18.460843
5
-55.426686 -17.760929 -81.316861
-61.255498 -8.669984 -78.565866
-69.471408 -18.233982 -69.579058
-66.471698 -24.535360 -70.565781
-57.341971 -24.627993 -78.136805
8
36.306738 67.855940 -63.854461
23.367259 71.898698 -65.456463
10.585298 68.636357 -71.951386
5.918659 65.247787 -75.549294
5.390316 53.475046 -84.328903
31.594194 43.147896 -84.498911
38.378696 47.047168 -79.458415
43.128056 55.284864 -71.299050
4
5.385574 11.316175 -99.211591
20.928647 8.638846 -97.403091
16.019134 24.401561 -95.644922
2.086706 18.190940 -98.309386
6
78.999064 -14.775821 59.504815
76.485097 -13.868470 62.910218
67.690314 -1.636822 73.589009
73.790202 9.234253 66.856074
80.896455 10.608988 57.820523
82.511093 -3.160671 56.408596
6
-10.533964 26.754618 -95.776960
-12.883023 35.681306 -92.524981
-30.731461 24.908746 -91.842973
-31.823212 5.568831 -94.637579
-26.432486 4.282759 -96.348231
-17.142123 8.178813 -98.179706
7
40.123040 64.564284 64.973802
42.972064 58.953637 68.394959
42.533377 57.099418 70.218005
26.849049 55.913970 78.439509
21.518167 60.497178 76.661985
20.866994 65.011525 73.062098
26.468822 70.938510 65.323268
4
39.629518 -86.881723 29.682780
27.435606 -92.904011 24.822011
18.817204 -93.097103 31.286454
29.334906 -85.789065 42.186487
5
-94.440711 32.690167 -3.507867
-90.959185 39.341170 13.367833
-94.550521 20.408920 25.370750
-95.017018 19.467877 24.346830
-98.725602 14.090795 7.396289
