400
5
55.546786 -19.986733 -80.716077
67.082308 -22.224866 -70.753228
70.226168 -16.179493 -69.328994
70.140723 -15.786273 -69.505917
54.720300 -2.483444 -83.663141
6
65.836070 -68.780587 30.575198
68.624135 -67.208043 27.817387
63.321254 -76.620948 10.938425
49.286254 -84.610544 20.295836
50.298449 -82.292024 26.421371
58.520534 -74.731227 31.473654
7
-58.005943 16.599502 79.748148
-64.668234 11.735205 75.367795
-71.445047 18.176125 67.566514
-67.541344 33.698706 65.593933
-66.801182 34.038378 66.173945
-63.601447 33.846201 69.349049
-55.065307 22.527411 80.376164
5
22.917202 -95.876397 16.808283
31.875154 -94.409450 8.416073
29.875478 -95.431684 0.499482
26.759274 -96.351716 -0.536831
17.565540 -98.317355 5.014921
6
-83.406137 -52.791335 -16.015346
-88.171123 -46.188161 -9.618046
-89.049457 -45.333257 -3.884592
-87.971198 -47.548153 0.491338
-82.671149 -56.189721 -2.862931
-79.658716 -58.347137 -15.814567
5
43.492854 40.145615 80.602117
52.317735 45.847477 71.839150
58.546023 42.244842 69.193472
59.683900 33.511622 72.902697
44.619363 33.829812 82.853221
5
82.010832 21.575811 52.997244
87.874911 22.160708 42.271775
88.441316 19.196417 42.539760
84.458124 -0.648349 53.538817
81.523120 8.034189 57.353577
5
8.434500 -96.728097 23.927691
22.111705 -95.477266 19.878738
22.917202 -95.876397 16.808283
17.565540 -98.317355 5.014921
1.680322 -99.953007 2.563784
8
93.025591 23.071164 -28.529997
92.664023 23.871132 -29.043897
88.586267 24.388551 -39.467351
86.245695 19.257593 -46.806251
86.955313 9.336593 -48.493315
91.869402 0.481876 -39.494060
94.323034 3.883029 -32.986168
94.366364 17.357480 -28.172810
5
-9.647473 -33.138597 93.854993
2.048341 -42.397252 90.544339
-18.368352 -53.159389 82.684237
-34.336505 -45.749395 82.024370
-25.314918 -29.727881 92.061979
6
32.142458 -67.240372 -66.675293
44.928238 -59.419401 -66.714227
41.587629 -49.880759 -76.041956
31.360800 -49.014796 -81.326810
27.738858 -51.924933 -80.835371
24.743517 -61.432205 -74.925580
6
77.830488 -54.405896 -31.343478
68.613433 -59.182354 -42.304206
67.490306 -71.203829 -19.366808
73.173870 -66.805424 -13.513699
76.235347 -63.655210 -11.669877
81.319553 -56.458803 -14.125649
6
-55.800591 -0.012176 -82.983697
-51.221963 3.241250 -85.824267
-50.375846 8.347059 -85.980235
-57.273805 13.020328 -80.933197
-67.469796 6.131176 -73.554301
-67.807506 2.122925 -73.468601
8
93.910036 30.493572 15.844469
92.491866 27.418372 26.334152
87.921171 29.948422 37.053470
82.808102 38.672213 40.586675
79.856419 47.454078 37.027864
81.767283 50.712974 27.245287
82.199142 50.471055 26.381313
92.105374 35.746318 15.453182
9
-91.841473 32.782307 22.146426
-90.218556 24.377165 35.586036
-92.201685 9.122049 37.624959
-92.368011 8.160873 37.437290
-94.002150 6.915026 33.403266
-98.532847 12.092490 12.043661
-98.120887 16.626607 9.790173
-96.663464 22.792365 11.691139
-92.248989 32.382404 21.011997
4
-68.829358 -58.666943 42.669770
-75.723043 -52.653951 38.646891
-73.213409 -38.905686 55.911934
-64.646690 -45.010428 61.602491
6
-28.745405 43.108393 -85.529925
-25.200800 46.398842 -84.923891
-24.735562 47.458176 -84.474100
-36.682240 54.462220 -75.420686
-47.108675 48.175718 -73.890953
-48.996921 35.053640 -79.815688
5
92.442919 25.059351 -28.746054
90.556068 39.473639 -15.538031
82.770106 51.308476 -22.727732
81.553103 51.222337 -26.932573
84.955210 42.203025 -31.646754
7
45.838004 -27.355324 -84.561005
32.289991 -40.166699 -85.697099
31.360800 -49.014796 -81.326810
41.587629 -49.880759 -76.041956
51.945151 -43.819023 -73.359352
54.222289 -37.839108 -75.020966
48.128329 -27.474361 -83.239554
6
99.129337 -2.852071 -12.854577
96.947556 -7.290443 -23.409844
96.339612 -11.728633 -24.106394
97.429690 -19.579850 -11.139344
98.567066 -15.515958 -6.617292
99.336451 -10.303924 -5.108674
5
-88.353428 -26.941385 -38.312316
-85.698699 -22.980009 -46.126481
-88.718690 -10.403102 -44.952969
-96.345860 -7.343969 -25.759296
-94.891299 -15.193663 -27.654909
5
34.242141 -47.903642 80.825224
39.511343 -41.151082 82.130641
47.567692 -37.907032 79.374880
55.911654 -43.725886 70.440995
49.748409 -57.107203 65.298263
5
34.085626 -21.808253 91.447089
10.443207 -31.713958 94.261149
11.844385 -5.896231 99.120861
19.074764 -7.054068 97.910130
34.285945 -21.250798 91.503429
5
-61.565973 -56.637943 -54.788451
-36.742541 -60.386550 -70.735071
-46.933235 -39.002816 -79.221536
-65.919126 -44.148913 -60.873166
-67.387112 -49.065165 -55.241168
5
-89.399415 44.804709 -0.531643
-92.248989 32.382404 21.011997
-96.663464 22.792365 11.691139
-90.462386 42.458369 -3.720691
-89.485585 44.555320 -2.674604
7
-15.246780 -44.844817 -88.070870
-45.924669 -35.625833 -81.373981
-46.933235 -39.002816 -79.221536
-36.742541 -60.386550 -70.735071
-33.690727 -63.202547 -69.788057
-28.624062 -64.683525 -70.687373
-11.153008 -51.908097 -84.741724
8
-79.593846 -10.438304 -59.631044
-80.404191 -5.243783 -59.225576
-85.031923 -0.993642 -52.617343
-87.882551 -2.682923 -47.638840
-88.718690 -10.403102 -44.952969
-85.698699 -22.980009 -46.126481
-84.386277 -23.505617 -48.233208
-81.012737 -22.138345 -54.284713
7
36.103357 72.724379 58.375613
36.928226 74.102955 56.080818
49.355715 74.239486 45.304659
55.265138 70.768998 44.017195
55.884458 66.103448 50.072563
42.529273 62.377822 65.576431
36.969701 70.201690 60.868415
6
80.477475 2.683206 -59.297356
81.795693 -2.837887 -57.457906
86.833197 -6.395540 -49.184276
91.557495 -0.665943 -40.209224
91.869402 0.481876 -39.494060
86.955313 9.336593 -48.493315
6
92.664023 23.871132 -29.043897
93.025591 23.071164 -28.529997
97.090968 23.862602 1.979950
91.117632 40.655425 -6.686820
90.556068 39.473639 -15.538031
92.442919 25.059351 -28.746054
4
-96.684577 -11.334663 22.882701
-89.319200 -18.754944 40.869703
-89.354667 -25.031043 37.271843
-92.494194 -30.431182 22.776460
4
-98.173423 8.277842 -17.130566
-91.067226 32.448454 -25.570651
-92.863142 35.544860 -10.630135
-97.980548 19.357289 -5.010739
5
-76.757503 64.084765 1.195245
-66.363241 74.716115 3.663659
-63.771168 75.355394 15.962542
-74.539064 63.414066 20.556853
-77.597208 61.413901 14.387704
5
-4.420152 76.297957 -64.490961
-6.928561 85.330123 -51.679446
-28.798051 85.961139 -42.206100
-29.742967 85.388329 -42.710527
-16.378624 73.820507 -65.439082
5
-8.099442 35.147173 93.268833
-5.847995 17.682381 98.250366
-7.007271 15.989426 98.464392
-28.103041 29.268956 91.397742
-26.188375 33.172657 90.629707
8
-24.339774 -83.399883 -49.518026
-20.269098 -81.007001 -55.018447
-25.517119 -67.997461 -68.740249
-28.624062 -64.683525 -70.687373
-33.690727 -63.202547 -69.788057
-36.211952 -65.780705 -66.042361
-36.041002 -80.432458 -47.240512
-30.655800 -82.995216 -46.604893
6
1.714823 99.215580 12.382571
0.994042 99.907398 -4.186132
9.506179 98.939134 -10.985462
10.335301 98.929475 -10.302455
21.082468 97.487303 7.194113
14.334983 98.103387 13.047366
7
14.334983 98.103387 13.047366
21.082468 97.487303 7.194113
24.960094 96.535847 7.604202
30.086872 94.714856 11.129970
30.875101 92.428882 22.441700
22.954751 93.142674 28.240428
16.668541 95.276078 25.389540
5
-85.750858 -45.169512 -24.627335
-88.874772 -40.376762 -21.702350
-89.712422 -39.914772 -18.933892
-88.171123 -46.188161 -9.618046
-83.406137 -52.791335 -16.015346
6
89.823752 -35.125394 -26.417804
84.598308 -37.993293 -37.411708
77.830488 -54.405896 -31.343478
81.319553 -56.458803 -14.125649
85.226256 -50.979296 -11.730160
87.368269 -47.231399 -11.661069
7
35.439299 27.164124 89.477184
42.606812 28.056504 86.008675
45.393022 24.340670 85.714674
45.325755 6.937088 88.867614
35.858465 3.414225 93.287264
32.837700 7.616608 94.147080
35.272651 27.072714 89.570688
5
-15.296410 91.586609 37.120248
-8.328746 91.671059 39.077473
6.274134 83.191763 55.134072
5.772898 82.845691 55.706958
-11.943303 76.796859 62.925353
6
4.476542 -96.900000 -24.297133
-4.766780 -96.329956 -26.416235
-8.255937 -97.758715 -19.366803
-2.852248 -99.950749 1.308631
1.098637 -99.974556 1.970046
7.884874 -99.468557 -6.620792
6
-88.562688 -1.408820 46.418374
-92.368011 8.160873 37.437290
-92.201685 9.122049 37.624959
-81.420120 20.703274 54.241483
-77.062163 13.514948 62.279766
-80.670047 -1.157446 59.084717
6
-92.201685 9.122049 37.624959
-90.218556 24.377165 35.586036
-82.347699 35.400995 44.335381
-82.217363 35.421219 44.560549
-79.290221 31.409135 52.216157
-81.420120 20.703274 54.241483
5
-76.830772 19.562460 -60.945407
-77.270893 17.194380 -61.102883
-67.496653 6.260503 -73.518759
-63.815880 29.769876 -71.002028
-68.886659 28.418497 -66.685960
6
-51.375312 -1.021032 85.787731
-48.363488 3.790702 87.444861
-39.229333 8.544420 91.586311
-29.863546 -8.736184 95.036034
-33.855726 -19.185324 92.117931
-46.562135 -14.383256 87.321759
6
33.586106 -74.957606 -57.037976
33.733416 -74.955197 -56.954149
53.829422 -64.386479 -54.376232
52.807185 -62.206698 -57.807680
44.928238 -59.419401 -66.714227
32.142458 -67.240372 -66.675293
6
39.229678 -4.577158 -91.869919
34.968602 -1.949636 -93.666407
29.406737 -4.769599 -95.459388
18.904993 -19.319066 -96.277593
24.036786 -27.427193 -93.112738
39.731029 -17.977117 -89.990381
7
-27.404970 93.481150 -22.588540
-26.880771 93.502739 -23.122760
-12.990026 97.141864 -19.867496
-12.103240 99.126590 -5.237436
-14.971499 98.809011 -3.554379
-29.075063 95.360795 -7.807658
-29.283122 95.267469 -8.161374
5
65.944088 52.182135 -54.114711
54.402390 65.440112 -52.516395
50.054550 59.174829 -63.189253
51.502884 55.242936 -65.541368
66.013622 46.057101 -59.337552
5
29.406737 -4.769599 -95.459388
17.610775 -1.750129 -98.421530
12.166957 -7.261237 -98.991109
15.891671 -18.796690 -96.923368
18.904993 -19.319066 -96.277593
5
-68.710660 -72.645035 -1.242625
-62.765081 -77.728768 4.333952
-51.008031 -86.006469 -1.033475
-51.677046 -85.442754 -5.386901
-57.449665 -80.765356 -13.285072
6
-13.922650 -7.575558 98.735864
-8.581319 11.923183 98.915108
-7.424789 12.911702 98.884582
10.425465 -1.801747 99.438742
11.158526 -5.110176 99.244009
-8.403900 -13.518619 98.724979
6
-51.677046 -85.442754 -5.386901
-51.008031 -86.006469 -1.033475
-47.954735 -87.701224 2.972995
-38.994240 -91.735926 7.998066
-28.196566 -95.901083 -2.817092
-35.399345 -91.178279 -20.818448
6
32.269924 75.374464 -57.248076
22.223052 87.417326 -43.178085
19.222793 87.474100 -44.483324
4.433280 73.087531 -68.106966
8.162527 69.414531 -71.519200
27.052910 68.511186 -67.633997
6
35.272651 27.072714 89.570688
24.448152 26.289718 93.333481
18.204362 33.174838 92.563661
19.175606 38.225978 90.393975
26.608384 42.935089 86.305110
35.439299 27.164124 89.477184
5
22.637256 91.064521 34.565989
33.903278 83.990509 42.381153
33.608382 83.724265 43.136111
15.554242 83.027436 53.521121
15.839100 89.912552 40.802646
5
-26.880771 93.502739 -23.122760
-24.287115 90.627707 -34.594143
-13.585411 92.663450 -35.055978
-4.857790 96.348101 -26.333349
-12.990026 97.141864 -19.867496
6
79.283131 -7.387959 60.494654
84.544870 -2.641337 53.340306
90.223362 -8.449266 42.288944
87.325724 -25.771486 41.352732
76.576131 -23.911873 59.701913
73.643630 -18.756108 64.998648
6
-67.576278 -70.358565 21.979966
-65.976414 -66.098870 35.749855
-53.525784 -74.836948 39.171694
-55.631434 -79.381013 24.572309
-60.415252 -76.954695 20.687492
-61.411168 -76.257256 20.334683
9
37.678099 -85.965998 -34.499391
41.213886 -82.237105 -39.223388
33.733416 -74.955197 -56.954149
33.586106 -74.957606 -57.037976
21.133216 -80.627200 -55.250718
16.506323 -88.178173 -44.183153
16.694943 -88.450009 -43.564606
20.462933 -90.260007 -37.873468
27.887457 -89.369440 -35.148156
6
-42.180049 -48.202633 76.794203
-34.336505 -45.749395 82.024370
-18.368352 -53.159389 82.684237
-20.846935 -60.567576 76.791758
-33.890970 -59.967492 72.493463
-41.514460 -51.012088 75.328059
8
-55.194015 74.806092 36.846564
-55.607914 74.653398 36.532589
-56.208121 75.197515 34.438071
-56.028355 77.838626 28.319106
-36.693329 91.361279 17.513320
-36.571835 91.403421 17.547519
-25.303281 93.133293 26.190337
-44.807506 80.101089 39.700162
5
74.743154 9.770404 -65.711492
80.477475 2.683206 -59.297356
86.955313 9.336593 -48.493315
86.245695 19.257593 -46.806251
74.881468 20.365014 -63.071642
7
-89.672290 33.215006 -29.251389
-88.404192 23.176991 -40.589727
-83.802568 26.685950 -47.591907
-76.804730 37.663834 -51.792558
-71.603469 52.469410 -46.042419
-72.818045 53.888124 -42.350942
-79.652838 50.519491 -33.214551
6
78.384671 -51.584090 34.567687
77.481184 -51.373804 36.842889
77.301910 -39.495711 49.643767
77.597727 -38.180643 50.207881
87.020517 -28.283982 40.341616
88.863926 -37.977804 25.707761
6
37.918641 -86.027721 -34.079435
54.107817 -82.166634 -17.916150
59.530023 -77.297631 -21.937471
54.973139 -72.956004 -40.686305
41.213886 -82.237105 -39.223388
37.678099 -85.965998 -34.499391
8
-11.153008 -51.908097 -84.741724
-3.770926 -53.487218 -84.409109
7.079596 -47.604359 -87.656741
8.566688 -38.557233 -91.869209
2.630811 -29.767213 -95.430560
-3.895097 -28.378217 -95.809733
-14.890451 -41.461776 -89.773023
-15.246780 -44.844817 -88.070870
5
-53.451486 60.436236 59.079607
-68.959660 56.935986 44.753311
-69.009286 57.260508 44.260057
-59.621102 68.608941 41.690976
-49.023471 62.637694 60.607084
6
92.442919 25.059351 -28.746054
84.955210 42.203025 -31.646754
77.480509 41.175749 -47.972163
77.424080 38.869199 -49.946944
88.586267 24.388551 -39.467351
92.664023 23.871132 -29.043897
6
66.933174 -22.595407 70.777100
66.655870 -22.898177 70.941303
57.800784 -24.121817 77.956445
49.941615 -14.034195 85.491967
55.270418 0.720608 83.334636
61.692831 4.114898 78.594289
7
-4.693857 67.750718 73.401688
5.240988 70.164955 71.059209
15.992868 67.635611 71.900294
17.745718 64.319594 74.485430
17.152791 55.739156 81.233787
13.966002 54.297622 82.805308
-5.772652 60.804776 79.179894
5
22.111705 -95.477266 19.878738
29.587105 -91.937326 25.925495
44.749995 -87.859481 16.677815
31.875154 -94.409450 8.416073
22.917202 -95.876397 16.808283
5
12.166957 -7.261237 -98.991109
-0.935962 -3.533362 -99.933174
-0.022717 -11.422601 -99.345476
11.242126 -19.967454 -97.339177
15.891671 -18.796690 -96.923368
7
-7.424789 12.911702 98.884582
-7.007271 15.989426 98.464392
-5.847995 17.682381 98.250366
4.021471 22.540468 97.343490
18.905748 17.194716 96.679442
19.720788 12.299795 97.261532
10.425465 -1.801747 99.438742
5
-88.353428 -26.941385 -38.312316
-94.891299 -15.193663 -27.654909
-94.608744 -26.496849 -18.630685
-90.366390 -31.759732 -28.726904
-88.274292 -28.938702 -37.016225
5
-28.798051 85.961139 -42.206100
-6.928561 85.330123 -51.679446
-5.076727 87.961387 -47.297159
-13.585411 92.663450 -35.055978
-24.287115 90.627707 -34.594143
6
8.162527 69.414531 -71.519200
6.712450 62.435904 -77.824809
14.748909 49.757565 -85.478971
33.934285 52.575057 -78.002101
31.286197 65.499549 -68.782141
27.052910 68.511186 -67.633997
7
-10.895473 -66.895108 73.527772
-17.975179 -64.686608 74.111643
-20.846935 -60.567576 76.791758
-18.368352 -53.159389 82.684237
2.048341 -42.397252 90.544339
2.375835 -42.476615 90.499130
2.079252 -46.771465 88.363492
5
65.426708 62.380626 -42.755156
65.500017 62.307780 -42.749133
76.045717 54.466135 -35.362256
78.149606 54.589224 -30.210192
64.126660 73.701798 -21.349857
4
34.285945 -21.250798 91.503429
19.074764 -7.054068 97.910130
35.388236 1.647084 93.514490
40.241042 -15.435424 90.235282
6
-61.879817 31.264396 -72.065427
-63.815880 29.769876 -71.002028
-67.496653 6.260503 -73.518759
-67.469796 6.131176 -73.554301
-57.273805 13.020328 -80.933197
-57.694418 31.064992 -75.540190
5
82.486495 53.816106 -17.314876
82.770106 51.308476 -22.727732
90.556068 39.473639 -15.538031
91.117632 40.655425 -6.686820
88.036997 47.325606 -3.126375
7
41.806403 86.815862 26.743800
42.502367 85.310894 30.258886
38.907713 83.651731 38.582090
33.903278 83.990509 42.381153
22.637256 91.064521 34.565989
22.954751 93.142674 28.240428
30.875101 92.428882 22.441700
5
-44.799499 66.509453 -59.745272
-44.408208 71.541360 -53.942051
-46.380958 73.232395 -49.858030
-53.200045 70.706778 -46.586551
-58.139761 61.488617 -53.281499
6
83.051278 -54.267124 12.552473
85.226256 -50.979296 -11.730160
81.319553 -56.458803 -14.125649
76.235347 -63.655210 -11.669877
74.347991 -66.802260 3.135962
82.615520 -54.891340 12.712857
6
-86.208909 44.438091 24.357341
-83.451381 46.989101 28.773102
-82.492259 46.423741 32.246913
-82.347699 35.400995 44.335381
-90.218556 24.377165 35.586036
-91.841473 32.782307 22.146426
5
-82.492259 46.423741 32.246913
-83.451381 46.989101 28.773102
-74.617694 62.470779 23.013073
-72.682859 62.874003 27.641666
-69.682943 57.265571 43.184972
9
81.004877 -34.335578 -47.531863
84.598308 -37.993293 -37.411708
89.823752 -35.125394 -26.417804
92.472358 -28.241179 -25.520557
93.635218 -19.257091 -29.353201
91.650507 -17.889013 -35.779432
86.079710 -21.563526 -46.100953
82.554178 -27.343228 -49.367556
81.327351 -31.282702 -49.063780
7
96.339612 -11.728633 -24.106394
96.947556 -7.290443 -23.409844
94.323034 3.883029 -32.986168
91.869402 0.481876 -39.494060
91.557495 -0.665943 -40.209224
91.650507 -17.889013 -35.779432
93.635218 -19.257091 -29.353201
4
58.434337 77.237477 24.895792
64.837791 67.733653 34.759360
55.914993 70.948039 42.893931
51.647020 79.394200 32.080310
7
-52.087564 -79.353571 -31.462619
-57.633615 -77.474276 -26.001980
-58.592609 -77.757302 -22.819032
-57.449665 -80.765356 -13.285072
-51.677046 -85.442754 -5.386901
-35.399345 -91.178279 -20.818448
-35.136733 -90.475081 -24.076330
6
-94.299488 -30.907661 -12.341920
-89.712422 -39.914772 -18.933892
-88.874772 -40.376762 -21.702350
-90.366390 -31.759732 -28.726904
-94.608744 -26.496849 -18.630685
-95.206327 -27.458653 -13.482491
6
64.451518 6.913035 76.145990
79.283131 -7.387959 60.494654
73.643630 -18.756108 64.998648
66.933174 -22.595407 70.777100
61.692831 4.114898 78.594289
63.427053 6.601807 77.028729
6
-68.102900 -59.601459 42.540112
-68.829358 -58.666943 42.669770
-64.646690 -45.010428 61.602491
-63.599996 -45.151636 62.580910
-52.368601 -63.264963 57.053256
-54.683302 -65.527570 52.114049
6
-30.967432 -88.200561 35.520123
-33.574130 -88.613069 31.945295
-46.647144 -85.003100 24.464604
-46.649432 -85.001491 24.465835
-42.658801 -79.281543 43.527734
-39.918183 -80.087250 44.638225
6
30.086872 94.714856 11.129970
24.960094 96.535847 7.604202
30.496398 94.976994 -7.024264
30.967276 94.802190 -7.319332
46.780667 88.360531 1.996433
46.740981 88.369084 2.487109
6
50.455126 -65.917467 55.759912
36.049560 -69.154189 62.594947
32.965786 -48.611870 80.932954
34.242141 -47.903642 80.825224
49.748409 -57.107203 65.298263
52.438422 -63.792078 56.398428
5
56.672219 -48.213594 -66.810995
51.945151 -43.819023 -73.359352
41.587629 -49.880759 -76.041956
44.928238 -59.419401 -66.714227
52.807185 -62.206698 -57.807680
5
-24.333203 45.036665 85.904564
-26.146689 59.312666 76.146952
-7.685774 58.753302 80.554195
-9.362752 49.418442 86.430067
-9.699685 48.874553 86.701754
6
73.643630 -18.756108 64.998648
76.576131 -23.911873 59.701913
76.496176 -37.271569 52.527757
65.677643 -40.299247 63.737100
66.655870 -22.898177 70.941303
66.933174 -22.595407 70.777100
10
-38.175141 89.430981 -23.340056
-45.844310 82.638146 -32.699175
-45.886842 82.533277 -32.903738
-40.727225 82.460689 -39.262297
-30.036134 85.266308 -42.749121
-29.742967 85.388329 -42.710527
-28.798051 85.961139 -42.206100
-24.287115 90.627707 -34.594143
-26.880771 93.502739 -23.122760
-27.404970 93.481150 -22.588540
5
51.977453 82.207617 -23.243324
32.772841 92.744429 -18.011435
21.243262 94.644088 -24.315026
24.936204 88.228246 -39.924458
46.686198 81.454105 -34.432945
5
36.928226 74.102955 56.080818
33.608382 83.724265 43.136111
33.903278 83.990509 42.381153
38.907713 83.651731 38.582090
49.355715 74.239486 45.304659
7
-30.137831 -91.532086 -26.713076
-15.627030 -97.113758 -18.019819
-8.255937 -97.758715 -19.366803
-4.766780 -96.329956 -26.416235
-6.560173 -94.795560 -31.157116
-10.492992 -93.010851 -35.197708
-14.487279 -92.312985 -35.615047
5
97.429690 -19.579850 -11.139344
96.339612 -11.728633 -24.106394
93.635218 -19.257091 -29.353201
92.472358 -28.241179 -25.520557
96.167182 -24.651518 -12.007318
5
51.309925 84.919686 12.487533
41.806403 86.815862 26.743800
30.875101 92.428882 22.441700
30.086872 94.714856 11.129970
46.740981 88.369084 2.487109
7
-26.531538 -89.443752 35.998511
-23.010390 -91.962146 31.835290
-21.642632 -94.859655 23.092039
-24.561894 -94.967159 19.440988
-32.122307 -93.258913 16.460031
-33.574130 -88.613069 31.945295
-30.967432 -88.200561 35.520123
5
54.720300 -2.483444 -83.663141
70.140723 -15.786273 -69.505917
70.335221 6.008618 -70.829748
57.968230 5.756937 -81.280637
54.252076 -1.305742 -83.994091
6
83.813321 54.310646 5.067638
82.199142 50.471055 26.381313
81.767283 50.712974 27.245287
72.379911 65.800597 20.770889
71.921747 67.605034 16.025657
75.764002 65.199081 2.982586
6
-27.303063 -5.924322 -96.017942
-27.898826 -5.226400 -95.887122
-45.001997 -3.394786 -89.237300
-53.763190 -22.640087 -81.221585
-46.232561 -32.005024 -82.693583
-35.210437 -23.147598 -90.688554
3
77.301910 -39.495711 49.643767
77.481184 -51.373804 36.842889
62.246765 -57.829133 52.736435
5
18.406330 -82.334521 53.686439
17.575164 -81.702295 54.916743
11.856425 -68.721491 71.671347
21.925636 -63.574412 74.010544
30.273615 -71.897278 62.564284
5
26.412004 21.913950 -93.926486
22.707800 27.214635 -93.507858
-3.414106 22.332186 -97.414667
-3.930015 4.817238 -99.806559
13.680642 3.927183 -98.981904
7
-13.146355 -99.085827 3.028569
-27.060266 -96.230077 -2.741214
-28.196566 -95.901083 -2.817092
-38.994240 -91.735926 7.998066
-38.925015 -91.718339 8.519948
-32.122307 -93.258913 16.460031
-24.561894 -94.967159 19.440988
7
65.944088 52.182135 -54.114711
66.013622 46.057101 -59.337552
71.564059 35.190551 -60.334158
77.424080 38.869199 -49.946944
77.480509 41.175749 -47.972163
75.626431 46.863679 -45.655652
69.856984 52.741242 -48.356625
5
-57.972036 -22.100678 78.427056
-57.671925 -32.335489 75.022431
-69.350990 -25.695674 67.306556
-74.648933 -12.572739 65.341128
-63.781604 -11.950107 76.086148
7
49.411713 -69.636595 52.050237
50.455126 -65.917467 55.759912
52.438422 -63.792078 56.398428
61.468671 -58.651467 52.740952
65.836070 -68.780587 30.575198
58.520534 -74.731227 31.473654
49.561139 -69.978852 51.445639
7
-10.169002 52.154277 -84.714360
-21.466880 50.178420 -83.793193
-24.735562 47.458176 -84.474100
-25.200800 46.398842 -84.923891
-7.886037 24.162852 -96.715909
-4.574740 23.315151 -97.136376
-2.766300 39.421465 -91.860196
7
8.434500 -96.728097 23.927691
7.117592 -96.120818 26.648230
7.113956 -94.409064 32.191929
21.725701 -85.738845 46.656665
27.480487 -85.996527 43.004885
29.587105 -91.937326 25.925495
22.111705 -95.477266 19.878738
7
-42.115923 60.032099 67.988206
-28.854863 61.415009 73.454704
-26.146689 59.312666 76.146952
-24.333203 45.036665 85.904564
-25.483912 43.813154 86.203119
-44.750311 45.959936 76.714366
-44.741894 52.890922 72.115971
7
-28.624062 -64.683525 -70.687373
-25.517119 -67.997461 -68.740249
-3.635919 -72.856251 -68.401366
-1.824071 -72.387006 -68.969516
2.383833 -64.285067 -76.562050
-3.770926 -53.487218 -84.409109
-11.153008 -51.908097 -84.741724
5
-21.642632 -94.859655 23.092039
-11.394361 -96.921392 21.826874
-8.552360 -99.574394 3.434702
-13.146355 -99.085827 3.028569
-24.561894 -94.967159 19.440988
5
-27.303063 -5.924322 -96.017942
-35.210437 -23.147598 -90.688554
-21.030778 -30.494903 -92.885775
-13.066642 -20.619466 -96.974742
-25.217443 -6.083314 -96.576777
7
-76.947920 -50.908817 -38.565657
-79.206746 -48.556142 -36.994493
-85.750858 -45.169512 -24.627335
-83.406137 -52.791335 -16.015346
-79.658716 -58.347137 -15.814567
-77.461268 -60.757611 -17.557470
-73.942863 -59.546729 -31.410829
5
32.269924 75.374464 -57.248076
47.936362 74.527765 -46.343472
46.686198 81.454105 -34.432945
24.936204 88.228246 -39.924458
22.223052 87.417326 -43.178085
6
-80.670047 -1.157446 59.084717
-77.062163 13.514948 62.279766
-71.445047 18.176125 67.566514
-64.668234 11.735205 75.367795
-65.050927 4.188666 75.834240
-79.507548 -2.700686 60.590892
7
-91.768843 -35.533603 17.771958
-92.494194 -30.431182 22.776460
-89.354667 -25.031043 37.271843
-83.002113 -36.719645 41.979958
-81.006202 -49.015960 32.178113
-84.038862 -49.611139 21.822114
-87.714718 -44.646193 17.687447
7
-71.824064 -69.561012 -1.602917
-75.153057 -65.843425 4.081828
-75.811666 -63.140509 16.305440
-67.576278 -70.358565 21.979966
-61.411168 -76.257256 20.334683
-62.765081 -77.728768 4.333952
-68.710660 -72.645035 -1.242625
6
-5.076727 87.961387 -47.297159
-6.928561 85.330123 -51.679446
-4.420152 76.297957 -64.490961
4.433280 73.087531 -68.106966
19.222793 87.474100 -44.483324
4.728578 91.455251 -40.169362
4
-29.283122 95.267469 -8.161374
-46.095014 88.214105 -9.670642
-38.175141 89.430981 -23.340056
-27.404970 93.481150 -22.588540
5
-21.030778 -30.494903 -92.885775
-14.890451 -41.461776 -89.773023
-3.895097 -28.378217 -95.809733
-7.501683 -22.616811 -97.119538
-13.066642 -20.619466 -96.974742
6
32.289991 -40.166699 -85.697099
24.034797 -30.254650 -92.233317
8.566688 -38.557233 -91.869209
7.079596 -47.604359 -87.656741
27.738858 -51.924933 -80.835371
31.360800 -49.014796 -81.326810
7
-44.741894 52.890922 72.115971
-60.203179 46.770708 64.715362
-61.144580 51.512665 60.064846
-53.451486 60.436236 59.079607
-49.023471 62.637694 60.607084
-44.075403 63.600787 63.342708
-42.115923 60.032099 67.988206
8
-68.102900 -59.601459 42.540112
-65.976414 -66.098870 35.749855
-67.576278 -70.358565 21.979966
-75.811666 -63.140509 16.305440
-84.038862 -49.611139 21.822114
-81.006202 -49.015960 32.178113
-75.723043 -52.653951 38.646891
-68.829358 -58.666943 42.669770
8
11.158526 -5.110176 99.244009
11.844385 -5.896231 99.120861
10.443207 -31.713958 94.261149
2.594200 -42.423186 90.518194
2.375835 -42.476615 90.499130
2.048341 -42.397252 90.544339
-9.647473 -33.138597 93.854993
-8.403900 -13.518619 98.724979
4
74.347991 -66.802260 3.135962
72.796535 -68.349688 5.383728
73.669547 -62.910778 24.799837
82.615520 -54.891340 12.712857
5
-70.371843 51.091028 49.371152
-69.316907 49.505175 52.387060
-68.555411 34.299220 64.216191
-79.290221 31.409135 52.216157
-82.217363 35.421219 44.560549
7
-10.028978 -67.725212 72.888375
-8.086438 -76.224311 64.221990
-9.872702 -77.633294 62.254328
-15.972252 -79.034986 59.146920
-23.905181 -71.634583 65.551727
-17.975179 -64.686608 74.111643
-10.895473 -66.895108 73.527772
7
39.229678 -4.577158 -91.869919
39.731029 -17.977117 -89.990381
45.838004 -27.355324 -84.561005
48.128329 -27.474361 -83.239554
55.546786 -19.986733 -80.716077
54.720300 -2.483444 -83.663141
54.252076 -1.305742 -83.994091
8
35.858465 3.414225 93.287264
35.388236 1.647084 93.514490
19.074764 -7.054068 97.910130
11.844385 -5.896231 99.120861
11.158526 -5.110176 99.244009
10.425465 -1.801747 99.438742
19.720788 12.299795 97.261532
32.837700 7.616608 94.147080
7
-38.925015 -91.718339 8.519948
-38.994240 -91.735926 7.998066
-47.954735 -87.701224 2.972995
-60.415252 -76.954695 20.687492
-55.631434 -79.381013 24.572309
-46.649432 -85.001491 24.465835
-46.647144 -85.003100 24.464604
5
-99.743302 1.389977 7.024359
-98.312554 -10.223811 15.169554
-98.020901 -17.647667 8.970112
-98.694685 -14.647059 -6.694983
-99.342857 -5.843323 -9.841358
7
-62.137044 50.187512 -60.168109
-65.984243 53.382303 -52.881087
-71.603469 52.469410 -46.042419
-76.804730 37.663834 -51.792558
-68.886659 28.418497 -66.685960
-63.815880 29.769876 -71.002028
-61.879817 31.264396 -72.065427
8
-37.287024 20.625731 90.466884
-33.500824 25.590828 90.679680
-28.103041 29.268956 91.397742
-7.007271 15.989426 98.464392
-7.424789 12.911702 98.884582
-8.581319 11.923183 98.915108
-18.810847 9.671100 97.737515
-37.067032 13.951969 91.822534
7
-71.603469 52.469410 -46.042419
-65.984243 53.382303 -52.881087
-58.139761 61.488617 -53.281499
-53.200045 70.706778 -46.586551
-57.939052 71.595019 -38.951501
-67.338592 63.708269 -37.506939
-72.818045 53.888124 -42.350942
8
-67.387112 -49.065165 -55.241168
-71.434518 -48.626162 -50.325005
-76.947920 -50.908817 -38.565657
-73.942863 -59.546729 -31.410829
-71.853891 -61.890226 -31.727249
-57.506879 -67.240415 -46.601346
-58.356999 -63.249848 -50.930515
-61.565973 -56.637943 -54.788451
4
85.672144 51.434229 3.847576
92.105374 35.746318 15.453182
82.199142 50.471055 26.381313
83.813321 54.310646 5.067638
7
-94.084774 -31.498346 12.486370
-91.768843 -35.533603 17.771958
-87.714718 -44.646193 17.687447
-87.971198 -47.548153 0.491338
-89.049457 -45.333257 -3.884592
-93.404062 -35.200809 -6.048484
-95.144347 -30.530890 3.926564
8
-19.115886 91.898107 34.486532
-22.794591 93.495689 27.183870
-18.806629 95.578141 22.608179
-0.101893 98.943393 14.498088
8.633714 95.630030 27.934859
3.157131 93.405026 35.574340
-8.328746 91.671059 39.077473
-15.296410 91.586609 37.120248
5
-66.625731 -15.351262 -72.975000
-79.593846 -10.438304 -59.631044
-81.012737 -22.138345 -54.284713
-72.488325 -27.497918 -63.160963
-65.849406 -17.060301 -73.299398
6
76.045717 54.466135 -35.362256
75.626431 46.863679 -45.655652
77.480509 41.175749 -47.972163
84.955210 42.203025 -31.646754
81.553103 51.222337 -26.932573
78.149606 54.589224 -30.210192
6
71.953601 69.226546 -5.510410
82.486495 53.816106 -17.314876
88.036997 47.325606 -3.126375
85.672144 51.434229 3.847576
83.813321 54.310646 5.067638
75.764002 65.199081 2.982586
4
26.774165 -95.007680 -16.021385
15.134833 -95.596804 -25.143349
14.577347 -98.401888 -10.225914
22.212601 -97.056100 -9.312020
6
29.818776 18.923577 -93.556073
26.412004 21.913950 -93.926486
13.680642 3.927183 -98.981904
17.610775 -1.750129 -98.421530
29.406737 -4.769599 -95.459388
34.968602 -1.949636 -93.666407
6
-3.930015 4.817238 -99.806559
-4.619023 3.236534 -99.840821
-0.935962 -3.533362 -99.933174
12.166957 -7.261237 -98.991109
17.610775 -1.750129 -98.421530
13.680642 3.927183 -98.981904
7
58.025075 26.564703 -76.989657
53.268863 19.737444 -82.297397
57.968230 5.756937 -81.280637
70.335221 6.008618 -70.829748
74.743154 9.770404 -65.711492
74.881468 20.365014 -63.071642
71.589542 28.414119 -63.777545
5
16.668541 95.276078 25.389540
8.633714 95.630030 27.934859
-0.101893 98.943393 14.498088
1.714823 99.215580 12.382571
14.334983 98.103387 13.047366
5
-55.800591 -0.012176 -82.983697
-55.169044 -21.520050 -80.580792
-53.763190 -22.640087 -81.221585
-45.001997 -3.394786 -89.237300
-51.221963 3.241250 -85.824267
5
-33.178787 -21.240423 91.913071
-25.314918 -29.727881 92.061979
-34.336505 -45.749395 82.024370
-42.180049 -48.202633 76.794203
-53.227182 -38.851785 75.215729
6
-13.066642 -20.619466 -96.974742
-7.501683 -22.616811 -97.119538
-0.022717 -11.422601 -99.345476
-0.935962 -3.533362 -99.933174
-4.619023 3.236534 -99.840821
-25.217443 -6.083314 -96.576777
5
-7.886037 24.162852 -96.715909
-25.200800 46.398842 -84.923891
-28.745405 43.108393 -85.529925
-30.059963 24.930294 -92.059106
-8.980724 23.957812 -96.671453
5
-47.108675 48.175718 -73.890953
-36.682240 54.462220 -75.420686
-38.047438 64.252299 -66.513417
-42.589155 64.093227 -63.860959
-51.458862 54.145309 -66.485119
6
27.887457 -89.369440 -35.148156
20.462933 -90.260007 -37.873468
14.449268 -95.308702 -26.598307
15.134833 -95.596804 -25.143349
26.774165 -95.007680 -16.021385
29.025714 -94.203324 -16.829784
8
26.810826 -50.150993 82.256048
21.925636 -63.574412 74.010544
11.856425 -68.721491 71.671347
6.370032 -67.285519 73.702657
5.648577 -66.487287 74.481771
2.079252 -46.771465 88.363492
2.375835 -42.476615 90.499130
2.594200 -42.423186 90.518194
7
-80.506611 58.410684 -10.338157
-80.058723 58.799134 -11.543945
-66.144369 72.921556 -17.531945
-64.305041 74.723734 -16.769772
-59.208159 80.099887 -8.854496
-66.363241 74.716115 3.663659
-76.757503 64.084765 1.195245
7
-99.743302 1.389977 7.024359
-99.342857 -5.843323 -9.841358
-97.966873 0.265588 -20.060438
-98.173423 8.277842 -17.130566
-97.980548 19.357289 -5.010739
-98.120887 16.626607 9.790173
-98.532847 12.092490 12.043661
6
-2.766300 39.421465 -91.860196
-4.574740 23.315151 -97.136376
-3.414106 22.332186 -97.414667
22.707800 27.214635 -93.507858
23.455658 31.471556 -91.974851
15.077579 47.836265 -86.512186
4
-0.872369 -75.391855 65.690998
6.370032 -67.285519 73.702657
11.856425 -68.721491 71.671347
17.575164 -81.702295 54.916743
7
19.175606 38.225978 90.393975
10.638739 48.410583 86.851786
13.966002 54.297622 82.805308
17.152791 55.739156 81.233787
24.961929 51.698104 81.879229
27.404384 45.829025 84.549987
26.608384 42.935089 86.305110
6
-59.208159 80.099887 -8.854496
-57.648791 81.263975 -8.531309
-53.736361 83.752492 9.895634
-63.736631 75.379408 15.987081
-63.771168 75.355394 15.962542
-66.363241 74.716115 3.663659
5
32.965786 -48.611870 80.932954
36.049560 -69.154189 62.594947
30.273615 -71.897278 62.564284
21.925636 -63.574412 74.010544
26.810826 -50.150993 82.256048
5
-95.144347 -30.530890 3.926564
-98.199087 -17.477967 -7.173556
-98.694685 -14.647059 -6.694983
-98.020901 -17.647667 8.970112
-94.084774 -31.498346 12.486370
5
-33.890970 -59.967492 72.493463
-33.206807 -68.740619 64.591295
-37.647309 -70.632547 59.947673
-50.147441 -63.617163 58.635235
-41.514460 -51.012088 75.328059
4
49.561139 -69.978852 51.445639
58.520534 -74.731227 31.473654
50.298449 -82.292024 26.421371
45.708245 -82.497733 33.239740
6
15.839100 89.912552 40.802646
15.554242 83.027436 53.521121
15.418009 82.910450 53.741439
6.274134 83.191763 55.134072
-8.328746 91.671059 39.077473
3.157131 93.405026 35.574340
6
62.209948 -57.848404 52.758739
61.468671 -58.651467 52.740952
52.438422 -63.792078 56.398428
49.748409 -57.107203 65.298263
55.911654 -43.725886 70.440995
65.183035 -41.108475 63.728057
7
-49.023471 62.637694 60.607084
-59.621102 68.608941 41.690976
-55.607914 74.653398 36.532589
-55.194015 74.806092 36.846564
-42.576505 70.117474 57.190743
-42.060224 67.952468 60.111560
-44.075403 63.600787 63.342708
6
73.931848 34.249007 57.974886
82.808102 38.672213 40.586675
87.921171 29.948422 37.053470
87.874911 22.160708 42.271775
82.010832 21.575811 52.997244
73.791508 30.394559 60.257648
7
90.522534 -37.329900 20.301461
93.861586 -31.845091 13.262463
93.962387 -32.064132 11.956644
92.965401 -36.824683 -1.173482
87.368269 -47.231399 -11.661069
85.226256 -50.979296 -11.730160
83.051278 -54.267124 12.552473
8
-52.368601 -63.264963 57.053256
-50.147441 -63.617163 58.635235
-37.647309 -70.632547 59.947673
-35.596265 -77.934780 51.566229
-39.918183 -80.087250 44.638225
-42.658801 -79.281543 43.527734
-50.669761 -74.728410 42.991162
-54.683302 -65.527570 52.114049
8
29.025714 -94.203324 -16.829784
26.774165 -95.007680 -16.021385
22.212601 -97.056100 -9.312020
26.759274 -96.351716 -0.536831
29.875478 -95.431684 0.499482
40.032126 -91.396801 -6.637292
41.373258 -90.550195 -9.429508
37.113979 -91.748746 -14.308043
7
-88.404192 23.176991 -40.589727
-89.215546 19.383585 -40.802733
-83.019445 9.329322 -54.961217
-79.725545 11.895259 -59.180574
-77.270893 17.194380 -61.102883
-76.830772 19.562460 -60.945407
-83.802568 26.685950 -47.591907
7
-44.741894 52.890922 72.115971
-44.750311 45.959936 76.714366
-44.935374 45.604857 76.818026
-47.081922 43.130787 76.961210
-63.601447 33.846201 69.349049
-66.801182 34.038378 66.173945
-60.203179 46.770708 64.715362
6
48.128329 -27.474361 -83.239554
54.222289 -37.839108 -75.020966
66.230642 -30.522272 -68.424360
66.518056 -30.011803 -68.371338
67.082308 -22.224866 -70.753228
55.546786 -19.986733 -80.716077
4
86.079710 -21.563526 -46.100953
91.650507 -17.889013 -35.779432
91.557495 -0.665943 -40.209224
86.833197 -6.395540 -49.184276
8
-33.855726 -19.185324 92.117931
-29.863546 -8.736184 95.036034
-29.403076 -8.552160 95.196217
-13.922650 -7.575558 98.735864
-8.403900 -13.518619 98.724979
-9.647473 -33.138597 93.854993
-25.314918 -29.727881 92.061979
-33.178787 -21.240423 91.913071
5
35.272651 27.072714 89.570688
32.837700 7.616608 94.147080
19.720788 12.299795 97.261532
18.905748 17.194716 96.679442
24.448152 26.289718 93.333481
7
22.212601 -97.056100 -9.312020
14.577347 -98.401888 -10.225914
7.884874 -99.468557 -6.620792
1.098637 -99.974556 1.970046
1.680322 -99.953007 2.563784
17.565540 -98.317355 5.014921
26.759274 -96.351716 -0.536831
5
58.546023 42.244842 69.193472
52.317735 45.847477 71.839150
47.688861 57.885716 66.143906
64.538423 49.885574 57.846534
65.227713 47.223858 59.289566
7
-71.434518 -48.626162 -50.325005
-84.386277 -23.505617 -48.233208
-85.698699 -22.980009 -46.126481
-88.353428 -26.941385 -38.312316
-88.274292 -28.938702 -37.016225
-79.206746 -48.556142 -36.994493
-76.947920 -50.908817 -38.565657
5
39.731029 -17.977117 -89.990381
24.036786 -27.427193 -93.112738
24.034797 -30.254650 -92.233317
32.289991 -40.166699 -85.697099
45.838004 -27.355324 -84.561005
7
-12.990026 97.141864 -19.867496
-4.857790 96.348101 -26.333349
1.848176 96.479367 -26.235775
10.025598 97.863706 -17.949443
9.506179 98.939134 -10.985462
0.994042 99.907398 -4.186132
-12.103240 99.126590 -5.237436
5
-32.457899 -90.887328 -26.191188
-30.137831 -91.532086 -26.713076
-14.487279 -92.312985 -35.615047
-24.339774 -83.399883 -49.518026
-30.655800 -82.995216 -46.604893
4
-10.895473 -66.895108 73.527772
2.079252 -46.771465 88.363492
5.648577 -66.487287 74.481771
-10.028978 -67.725212 72.888375
6
10.638739 48.410583 86.851786
10.629780 48.405346 86.855802
-9.362752 49.418442 86.430067
-7.685774 58.753302 80.554195
-5.772652 60.804776 79.179894
13.966002 54.297622 82.805308
6
-16.385261 -86.308088 47.774859
-18.542297 -82.484226 53.409135
-15.972252 -79.034986 59.146920
-9.872702 -77.633294 62.254328
3.563010 -85.036110 52.499190
-7.946609 -89.265382 44.368265
5
86.833197 -6.395540 -49.184276
81.795693 -2.837887 -57.457906
77.179522 -14.667449 -61.872347
82.554178 -27.343228 -49.367556
86.079710 -21.563526 -46.100953
4
-48.778493 29.893181 -82.018634
-49.550081 9.281237 -86.363465
-35.325573 13.752315 -92.536359
-34.974567 20.122031 -91.497998
6
59.530023 -77.297631 -21.937471
67.490306 -71.203829 -19.366808
68.613433 -59.182354 -42.304206
66.431554 -59.071371 -45.797617
58.801250 -64.842791 -48.351065
54.973139 -72.956004 -40.686305
6
42.606812 28.056504 86.008675
44.619363 33.829812 82.853221
59.683900 33.511622 72.902697
62.092426 30.452704 72.229934
56.354682 19.415817 80.294308
45.393022 24.340670 85.714674
8
97.991789 -10.117535 17.182690
93.861586 -31.845091 13.262463
90.522534 -37.329900 20.301461
88.863926 -37.977804 25.707761
87.020517 -28.283982 40.341616
87.325724 -25.771486 41.352732
90.223362 -8.449266 42.288944
90.732030 -8.024003 41.271227
8
-89.672290 33.215006 -29.251389
-91.067226 32.448454 -25.570651
-98.173423 8.277842 -17.130566
-97.966873 0.265588 -20.060438
-97.857755 0.136121 -20.587405
-92.661875 8.508516 -36.624883
-89.215546 19.383585 -40.802733
-88.404192 23.176991 -40.589727
6
64.451518 6.913035 76.145990
71.754236 18.205819 67.230036
81.523120 8.034189 57.353577
84.458124 -0.648349 53.538817
84.544870 -2.641337 53.340306
79.283131 -7.387959 60.494654
7
-75.337738 0.458986 -65.757240
-68.597425 0.664210 -72.759550
-67.807506 2.122925 -73.468601
-67.469796 6.131176 -73.554301
-67.496653 6.260503 -73.518759
-77.270893 17.194380 -61.102883
-79.725545 11.895259 -59.180574
4
10.335301 98.929475 -10.302455
30.496398 94.976994 -7.024264
24.960094 96.535847 7.604202
21.082468 97.487303 7.194113
6
-50.635476 32.981871 -79.675873
-57.694418 31.064992 -75.540190
-57.273805 13.020328 -80.933197
-50.375846 8.347059 -85.980235
-49.550081 9.281237 -86.363465
-48.778493 29.893181 -82.018634
7
-88.813323 -17.186939 42.623971
-89.319200 -18.754944 40.869703
-96.684577 -11.334663 22.882701
-96.765660 -10.990235 22.707306
-94.002150 6.915026 33.403266
-92.368011 8.160873 37.437290
-88.562688 -1.408820 46.418374
5
-11.943303 76.796859 62.925353
5.772898 82.845691 55.706958
5.240988 70.164955 71.059209
-4.693857 67.750718 73.401688
-13.878773 74.252945 65.527702
6
70.892436 -48.131870 -51.551775
81.004877 -34.335578 -47.531863
81.327351 -31.282702 -49.063780
66.518056 -30.011803 -68.371338
66.230642 -30.522272 -68.424360
66.105805 -44.356793 -60.518571
6
-79.507548 -2.700686 60.590892
-75.982007 -11.685352 63.954571
-79.732455 -25.404528 54.748019
-88.813323 -17.186939 42.623971
-88.562688 -1.408820 46.418374
-80.670047 -1.157446 59.084717
6
16.668541 95.276078 25.389540
22.954751 93.142674 28.240428
22.637256 91.064521 34.565989
15.839100 89.912552 40.802646
3.157131 93.405026 35.574340
8.633714 95.630030 27.934859
6
4.476542 -96.900000 -24.297133
14.449268 -95.308702 -26.598307
20.462933 -90.260007 -37.873468
16.694943 -88.450009 -43.564606
-6.560173 -94.795560 -31.157116
-4.766780 -96.329956 -26.416235
8
73.033525 -63.082400 26.205249
68.624135 -67.208043 27.817387
65.836070 -68.780587 30.575198
61.468671 -58.651467 52.740952
62.209948 -57.848404 52.758739
62.246765 -57.829133 52.736435
77.481184 -51.373804 36.842889
78.384671 -51.584090 34.567687
5
-72.818045 53.888124 -42.350942
-67.338592 63.708269 -37.506939
-66.144369 72.921556 -17.531945
-80.058723 58.799134 -11.543945
-79.652838 50.519491 -33.214551
6
14.801375 -77.018808 -62.040491
21.133216 -80.627200 -55.250718
33.586106 -74.957606 -57.037976
32.142458 -67.240372 -66.675293
24.743517 -61.432205 -74.925580
17.977166 -65.547962 -73.350434
6
40.241042 -15.435424 90.235282
35.388236 1.647084 93.514490
35.858465 3.414225 93.287264
45.325755 6.937088 88.867614
55.270418 0.720608 83.334636
49.941615 -14.034195 85.491967
6
63.321254 -76.620948 10.938425
68.624135 -67.208043 27.817387
73.033525 -63.082400 26.205249
73.669547 -62.910778 24.799837
72.796535 -68.349688 5.383728
64.172792 -76.186024 8.805819
4
75.626431 46.863679 -45.655652
76.045717 54.466135 -35.362256
65.500017 62.307780 -42.749133
69.856984 52.741242 -48.356625
5
7.884874 -99.468557 -6.620792
14.577347 -98.401888 -10.225914
15.134833 -95.596804 -25.143349
14.449268 -95.308702 -26.598307
4.476542 -96.900000 -24.297133
7
-52.152285 84.780449 -9.613252
-57.648791 81.263975 -8.531309
-59.208159 80.099887 -8.854496
-64.305041 74.723734 -16.769772
-52.957750 78.268991 -32.702322
-45.886842 82.533277 -32.903738
-45.844310 82.638146 -32.699175
7
73.791508 30.394559 60.257648
71.158084 25.946822 65.293871
62.092426 30.452704 72.229934
59.683900 33.511622 72.902697
58.546023 42.244842 69.193472
65.227713 47.223858 59.289566
73.931848 34.249007 57.974886
5
73.791508 30.394559 60.257648
82.010832 21.575811 52.997244
81.523120 8.034189 57.353577
71.754236 18.205819 67.230036
71.158084 25.946822 65.293871
6
99.110257 -5.648539 12.052012
98.852239 -5.688492 13.995569
98.787718 3.461961 15.132798
97.122194 23.335538 4.767827
97.173892 23.456751 2.648695
99.469841 7.012611 -7.521569
5
37.878369 55.283980 74.222036
24.961929 51.698104 81.879229
17.152791 55.739156 81.233787
17.745718 64.319594 74.485430
40.471563 60.776877 68.324401
4
-13.922650 -7.575558 98.735864
-29.403076 -8.552160 95.196217
-18.810847 9.671100 97.737515
-8.581319 11.923183 98.915108
6
6.596700 -77.200833 -63.217996
-2.720251 -86.067204 -50.843255
-2.662659 -86.125238 -50.747942
16.506323 -88.178173 -44.183153
21.133216 -80.627200 -55.250718
14.801375 -77.018808 -62.040491
5
92.472358 -28.241179 -25.520557
89.823752 -35.125394 -26.417804
87.368269 -47.231399 -11.661069
92.965401 -36.824683 -1.173482
96.167182 -24.651518 -12.007318
8
-55.211837 -37.936374 74.246108
-63.599996 -45.151636 62.580910
-64.646690 -45.010428 61.602491
-73.213409 -38.905686 55.911934
-76.568988 -34.243649 54.447796
-76.890219 -32.702934 54.940080
-69.350990 -25.695674 67.306556
-57.671925 -32.335489 75.022431
6
-61.565973 -56.637943 -54.788451
-58.356999 -63.249848 -50.930515
-43.457652 -68.584709 -58.374396
-36.211952 -65.780705 -66.042361
-33.690727 -63.202547 -69.788057
-36.742541 -60.386550 -70.735071
5
55.255555 -83.247429 -4.085244
51.628842 -84.844368 -11.657438
41.373258 -90.550195 -9.429508
40.032126 -91.396801 -6.637292
45.613503 -87.651651 15.381691
6
-65.919126 -44.148913 -60.873166
-72.488325 -27.497918 -63.160963
-81.012737 -22.138345 -54.284713
-84.386277 -23.505617 -48.233208
-71.434518 -48.626162 -50.325005
-67.387112 -49.065165 -55.241168
8
64.126660 73.701798 -21.349857
62.228825 76.085475 -18.400376
55.407169 80.891057 -19.664244
51.977453 82.207617 -23.243324
46.686198 81.454105 -34.432945
47.936362 74.527765 -46.343472
54.406146 65.479833 -52.462966
65.426708 62.380626 -42.755156
5
-92.661875 8.508516 -36.624883
-87.882551 -2.682923 -47.638840
-85.031923 -0.993642 -52.617343
-83.019445 9.329322 -54.961217
-89.215546 19.383585 -40.802733
6
66.431554 -59.071371 -45.797617
68.613433 -59.182354 -42.304206
77.830488 -54.405896 -31.343478
84.598308 -37.993293 -37.411708
81.004877 -34.335578 -47.531863
70.892436 -48.131870 -51.551775
6
67.082308 -22.224866 -70.753228
66.518056 -30.011803 -68.371338
81.327351 -31.282702 -49.063780
82.554178 -27.343228 -49.367556
77.179522 -14.667449 -61.872347
70.226168 -16.179493 -69.328994
7
-35.325573 13.752315 -92.536359
-49.550081 9.281237 -86.363465
-50.375846 8.347059 -85.980235
-51.221963 3.241250 -85.824267
-45.001997 -3.394786 -89.237300
-27.898826 -5.226400 -95.887122
-31.056452 7.047900 -94.793586
7
-48.996921 35.053640 -79.815688
-47.108675 48.175718 -73.890953
-51.458862 54.145309 -66.485119
-62.137044 50.187512 -60.168109
-61.879817 31.264396 -72.065427
-57.694418 31.064992 -75.540190
-50.635476 32.981871 -79.675873
6
-77.062163 13.514948 62.279766
-81.420120 20.703274 54.241483
-79.290221 31.409135 52.216157
-68.555411 34.299220 64.216191
-67.541344 33.698706 65.593933
-71.445047 18.176125 67.566514
7
-32.457899 -90.887328 -26.191188
-35.136733 -90.475081 -24.076330
-35.399345 -91.178279 -20.818448
-28.196566 -95.901083 -2.817092
-27.060266 -96.230077 -2.741214
-15.627030 -97.113758 -18.019819
-30.137831 -91.532086 -26.713076
5
5.648577 -66.487287 74.481771
6.370032 -67.285519 73.702657
-0.872369 -75.391855 65.690998
-8.086438 -76.224311 64.221990
-10.028978 -67.725212 72.888375
5
-44.408208 71.541360 -53.942051
-33.851205 76.827088 -54.329500
-30.036134 85.266308 -42.749121
-40.727225 82.460689 -39.262297
-46.380958 73.232395 -49.858030
4
37.878369 55.283980 74.222036
43.385338 40.283930 80.591051
27.404384 45.829025 84.549987
24.961929 51.698104 81.879229
7
17.745718 64.319594 74.485430
15.992868 67.635611 71.900294
17.605079 69.605509 69.606999
36.969701 70.201690 60.868415
42.529273 62.377822 65.576431
42.540345 62.224473 65.714793
40.471563 60.776877 68.324401
4
-39.335999 78.402447 48.018075
-42.576505 70.117474 57.190743
-55.194015 74.806092 36.846564
-44.807506 80.101089 39.700162
6
64.172792 -76.186024 8.805819
72.796535 -68.349688 5.383728
74.347991 -66.802260 3.135962
76.235347 -63.655210 -11.669877
73.173870 -66.805424 -13.513699
60.434348 -79.671736 -0.322452
8
1.680322 -99.953007 2.563784
1.098637 -99.974556 1.970046
-2.852248 -99.950749 1.308631
-8.552360 -99.574394 3.434702
-11.394361 -96.921392 21.826874
-9.938999 -96.685375 23.519236
7.117592 -96.120818 26.648230
8.434500 -96.728097 23.927691
7
-96.765660 -10.990235 22.707306
-96.684577 -11.334663 22.882701
-92.494194 -30.431182 22.776460
-91.768843 -35.533603 17.771958
-94.084774 -31.498346 12.486370
-98.020901 -17.647667 8.970112
-98.312554 -10.223811 15.169554
5
98.787718 3.461961 15.132798
95.404807 11.497668 27.671761
92.491866 27.418372 26.334152
93.910036 30.493572 15.844469
97.122194 23.335538 4.767827
5
-39.098212 90.770967 15.230279
-36.693329 91.361279 17.513320
-56.028355 77.838626 28.319106
-63.736631 75.379408 15.987081
-53.736361 83.752492 9.895634
7
63.321254 -76.620948 10.938425
64.172792 -76.186024 8.805819
60.434348 -79.671736 -0.322452
55.255555 -83.247429 -4.085244
45.613503 -87.651651 15.381691
45.380358 -87.545529 16.625385
49.286254 -84.610544 20.295836
7
-48.363488 3.790702 87.444861
-58.005943 16.599502 79.748148
-55.065307 22.527411 80.376164
-49.535560 24.938976 83.212233
-37.287024 20.625731 90.466884
-37.067032 13.951969 91.822534
-39.229333 8.544420 91.586311
6
-24.333203 45.036665 85.904564
-9.699685 48.874553 86.701754
-5.764302 39.321385 91.763835
-8.099442 35.147173 93.268833
-26.188375 33.172657 90.629707
-25.483912 43.813154 86.203119
6
-50.635476 32.981871 -79.675873
-48.778493 29.893181 -82.018634
-34.974567 20.122031 -91.497998
-30.059963 24.930294 -92.059106
-28.745405 43.108393 -85.529925
-48.996921 35.053640 -79.815688
7
-76.890219 -32.702934 54.940080
-76.568988 -34.243649 54.447796
-83.002113 -36.719645 41.979958
-89.354667 -25.031043 37.271843
-89.319200 -18.754944 40.869703
-88.813323 -17.186939 42.623971
-79.732455 -25.404528 54.748019
5
-89.049457 -45.333257 -3.884592
-88.171123 -46.188161 -9.618046
-89.712422 -39.914772 -18.933892
-94.299488 -30.907661 -12.341920
-93.404062 -35.200809 -6.048484
5
-90.462386 42.458369 -3.720691
-96.663464 22.792365 11.691139
-98.120887 16.626607 9.790173
-97.980548 19.357289 -5.010739
-92.863142 35.544860 -10.630135
5
6.712450 62.435904 -77.824809
-10.169002 52.154277 -84.714360
-2.766300 39.421465 -91.860196
15.077579 47.836265 -86.512186
14.748909 49.757565 -85.478971
6
33.934285 52.575057 -78.002101
14.748909 49.757565 -85.478971
15.077579 47.836265 -86.512186
23.455658 31.471556 -91.974851
26.047064 33.161516 -90.674497
36.558590 49.439852 -78.861718
5
-90.366390 -31.759732 -28.726904
-88.874772 -40.376762 -21.702350
-85.750858 -45.169512 -24.627335
-79.206746 -48.556142 -36.994493
-88.274292 -28.938702 -37.016225
8
-79.652838 50.519491 -33.214551
-80.058723 58.799134 -11.543945
-80.506611 58.410684 -10.338157
-89.485585 44.555320 -2.674604
-90.462386 42.458369 -3.720691
-92.863142 35.544860 -10.630135
-91.067226 32.448454 -25.570651
-89.672290 33.215006 -29.251389
6
90.732030 -8.024003 41.271227
90.223362 -8.449266 42.288944
84.544870 -2.641337 53.340306
84.458124 -0.648349 53.538817
88.441316 19.196417 42.539760
93.637297 8.305980 34.103772
7
-46.562135 -14.383256 87.321759
-33.855726 -19.185324 92.117931
-33.178787 -21.240423 91.913071
-53.227182 -38.851785 75.215729
-55.211837 -37.936374 74.246108
-57.671925 -32.335489 75.022431
-57.972036 -22.100678 78.427056
6
-3.770926 -53.487218 -84.409109
2.383833 -64.285067 -76.562050
17.977166 -65.547962 -73.350434
24.743517 -61.432205 -74.925580
27.738858 -51.924933 -80.835371
7.079596 -47.604359 -87.656741
6
-61.401922 -2.548020 78.887968
-65.050927 4.188666 75.834240
-64.668234 11.735205 75.367795
-58.005943 16.599502 79.748148
-48.363488 3.790702 87.444861
-51.375312 -1.021032 85.787731
6
93.637297 8.305980 34.103772
88.441316 19.196417 42.539760
87.874911 22.160708 42.271775
87.921171 29.948422 37.053470
92.491866 27.418372 26.334152
95.404807 11.497668 27.671761
5
-67.338592 63.708269 -37.506939
-57.939052 71.595019 -38.951501
-52.957750 78.268991 -32.702322
-64.305041 74.723734 -16.769772
-66.144369 72.921556 -17.531945
6
61.692831 4.114898 78.594289
55.270418 0.720608 83.334636
45.325755 6.937088 88.867614
45.393022 24.340670 85.714674
56.354682 19.415817 80.294308
63.427053 6.601807 77.028729
5
-37.067032 13.951969 91.822534
-18.810847 9.671100 97.737515
-29.403076 -8.552160 95.196217
-29.863546 -8.736184 95.036034
-39.229333 8.544420 91.586311
6
55.914993 70.948039 42.893931
55.265138 70.768998 44.017195
49.355715 74.239486 45.304659
38.907713 83.651731 38.582090
42.502367 85.310894 30.258886
51.647020 79.394200 32.080310
5
-76.890219 -32.702934 54.940080
-79.732455 -25.404528 54.748019
-75.982007 -11.685352 63.954571
-74.648933 -12.572739 65.341128
-69.350990 -25.695674 67.306556
5
66.105805 -44.356793 -60.518571
66.230642 -30.522272 -68.424360
54.222289 -37.839108 -75.020966
51.945151 -43.819023 -73.359352
56.672219 -48.213594 -66.810995
7
-63.599996 -45.151636 62.580910
-55.211837 -37.936374 74.246108
-53.227182 -38.851785 75.215729
-42.180049 -48.202633 76.794203
-41.514460 -51.012088 75.328059
-50.147441 -63.617163 58.635235
-52.368601 -63.264963 57.053256
5
2.630811 -29.767213 -95.430560
11.242126 -19.967454 -97.339177
-0.022717 -11.422601 -99.345476
-7.501683 -22.616811 -97.119538
-3.895097 -28.378217 -95.809733
5
-88.718690 -10.403102 -44.952969
-87.882551 -2.682923 -47.638840
-92.661875 8.508516 -36.624883
-97.857755 0.136121 -20.587405
-96.345860 -7.343969 -25.759296
6
-73.140434 -67.135594 -11.970333
-77.461268 -60.757611 -17.557470
-79.658716 -58.347137 -15.814567
-82.671149 -56.189721 -2.862931
-75.153057 -65.843425 4.081828
-71.824064 -69.561012 -1.602917
5
8.487536 32.744359 94.105094
18.204362 33.174838 92.563661
24.448152 26.289718 93.333481
18.905748 17.194716 96.679442
4.021471 22.540468 97.343490
6
-73.942863 -59.546729 -31.410829
-77.461268 -60.757611 -17.557470
-73.140434 -67.135594 -11.970333
-58.592609 -77.757302 -22.819032
-57.633615 -77.474276 -26.001980
-71.853891 -61.890226 -31.727249
6
4.021471 22.540468 97.343490
-5.847995 17.682381 98.250366
-8.099442 35.147173 93.268833
-5.764302 39.321385 91.763835
4.397265 38.330182 92.257581
8.487536 32.744359 94.105094
5
72.379911 65.800597 20.770889
81.767283 50.712974 27.245287
79.856419 47.454078 37.027864
73.152329 54.064256 41.542664
66.152268 66.721853 34.235533
5
1.848176 96.479367 -26.235775
-4.857790 96.348101 -26.333349
-13.585411 92.663450 -35.055978
-5.076727 87.961387 -47.297159
4.728578 91.455251 -40.169362
6
-77.597208 61.413901 14.387704
-74.539064 63.414066 20.556853
-74.617694 62.470779 23.013073
-83.451381 46.989101 28.773102
-86.208909 44.438091 24.357341
-85.851189 49.836341 12.079419
7
-69.682943 57.265571 43.184972
-69.009286 57.260508 44.260057
-68.959660 56.935986 44.753311
-70.371843 51.091028 49.371152
-82.217363 35.421219 44.560549
-82.347699 35.400995 44.335381
-82.492259 46.423741 32.246913
6
-44.075403 63.600787 63.342708
-42.060224 67.952468 60.111560
-27.055621 76.522716 58.414615
-14.054695 74.222513 65.524683
-28.854863 61.415009 73.454704
-42.115923 60.032099 67.988206
6
-29.742967 85.388329 -42.710527
-30.036134 85.266308 -42.749121
-33.851205 76.827088 -54.329500
-24.763368 70.475970 -66.482428
-22.467229 70.719696 -67.036917
-16.378624 73.820507 -65.439082
5
-85.851189 49.836341 12.079419
-86.208909 44.438091 24.357341
-91.841473 32.782307 22.146426
-92.248989 32.382404 21.011997
-89.399415 44.804709 -0.531643
6
-58.139761 61.488617 -53.281499
-65.984243 53.382303 -52.881087
-62.137044 50.187512 -60.168109
-51.458862 54.145309 -66.485119
-42.589155 64.093227 -63.860959
-44.799499 66.509453 -59.745272
6
-18.806629 95.578141 22.608179
-22.794591 93.495689 27.183870
-25.303281 93.133293 26.190337
-36.571835 91.403421 17.547519
-29.075063 95.360795 -7.807658
-14.971499 98.809011 -3.554379
7
56.672219 -48.213594 -66.810995
52.807185 -62.206698 -57.807680
53.829422 -64.386479 -54.376232
58.801250 -64.842791 -48.351065
66.431554 -59.071371 -45.797617
70.892436 -48.131870 -51.551775
66.105805 -44.356793 -60.518571
7
26.608384 42.935089 86.305110
27.404384 45.829025 84.549987
43.385338 40.283930 80.591051
43.492854 40.145615 80.602117
44.619363 33.829812 82.853221
42.606812 28.056504 86.008675
35.439299 27.164124 89.477184
7
-29.283122 95.267469 -8.161374
-29.075063 95.360795 -7.807658
-36.571835 91.403421 17.547519
-36.693329 91.361279 17.513320
-39.098212 90.770967 15.230279
-48.411549 87.075237 -8.615397
-46.095014 88.214105 -9.670642
6
-16.385261 -86.308088 47.774859
-7.946609 -89.265382 44.368265
-5.818807 -91.534630 39.844108
-11.434825 -93.849193 32.581801
-23.010390 -91.962146 31.835290
-26.531538 -89.443752 35.998511
5
-75.723043 -52.653951 38.646891
-81.006202 -49.015960 32.178113
-83.002113 -36.719645 41.979958
-76.568988 -34.243649 54.447796
-73.213409 -38.905686 55.911934
6
18.017723 80.439378 56.611555
15.418009 82.910450 53.741439
15.554242 83.027436 53.521121
33.608382 83.724265 43.136111
36.928226 74.102955 56.080818
36.103357 72.724379 58.375613
5
-34.974567 20.122031 -91.497998
-35.325573 13.752315 -92.536359
-31.056452 7.047900 -94.793586
-8.980724 23.957812 -96.671453
-30.059963 24.930294 -92.059106
6
-42.589155 64.093227 -63.860959
-38.047438 64.252299 -66.513417
-24.763368 70.475970 -66.482428
-33.851205 76.827088 -54.329500
-44.408208 71.541360 -53.942051
-44.799499 66.509453 -59.745272
9
49.411713 -69.636595 52.050237
28.986501 -85.557103 42.892481
27.480487 -85.996527 43.004885
21.725701 -85.738845 46.656665
18.392660 -82.422825 53.555467
18.406330 -82.334521 53.686439
30.273615 -71.897278 62.564284
36.049560 -69.154189 62.594947
50.455126 -65.917467 55.759912
6
4.397265 38.330182 92.257581
10.629780 48.405346 86.855802
10.638739 48.410583 86.851786
19.175606 38.225978 90.393975
18.204362 33.174838 92.563661
8.487536 32.744359 94.105094
6
-69.009286 57.260508 44.260057
-69.682943 57.265571 43.184972
-72.682859 62.874003 27.641666
-56.208121 75.197515 34.438071
-55.607914 74.653398 36.532589
-59.621102 68.608941 41.690976
5
-61.411168 -76.257256 20.334683
-60.415252 -76.954695 20.687492
-47.954735 -87.701224 2.972995
-51.008031 -86.006469 -1.033475
-62.765081 -77.728768 4.333952
7
21.243262 94.644088 -24.315026
32.772841 92.744429 -18.011435
30.967276 94.802190 -7.319332
30.496398 94.976994 -7.024264
10.335301 98.929475 -10.302455
9.506179 98.939134 -10.985462
10.025598 97.863706 -17.949443
7
26.412004 21.913950 -93.926486
29.818776 18.923577 -93.556073
50.509189 20.812400 -83.759571
43.309159 36.478321 -82.423594
26.047064 33.161516 -90.674497
23.455658 31.471556 -91.974851
22.707800 27.214635 -93.507858
5
-46.095014 88.214105 -9.670642
-48.411549 87.075237 -8.615397
-52.152285 84.780449 -9.613252
-45.844310 82.638146 -32.699175
-38.175141 89.430981 -23.340056
6
-40.727225 82.460689 -39.262297
-45.886842 82.533277 -32.903738
-52.957750 78.268991 -32.702322
-57.939052 71.595019 -38.951501
-53.200045 70.706778 -46.586551
-46.380958 73.232395 -49.858030
5
-46.824582 -77.174250 -43.030149
-43.457652 -68.584709 -58.374396
-58.356999 -63.249848 -50.930515
-57.506879 -67.240415 -46.601346
-50.644994 -76.675855 -39.444872
6
71.158084 25.946822 65.293871
71.754236 18.205819 67.230036
64.451518 6.913035 76.145990
63.427053 6.601807 77.028729
56.354682 19.415817 80.294308
62.092426 30.452704 72.229934
5
98.567066 -15.515958 -6.617292
97.429690 -19.579850 -11.139344
96.167182 -24.651518 -12.007318
92.965401 -36.824683 -1.173482
93.962387 -32.064132 11.956644
8
4.433280 73.087531 -68.106966
-4.420152 76.297957 -64.490961
-16.378624 73.820507 -65.439082
-22.467229 70.719696 -67.036917
-21.466880 50.178420 -83.793193
-10.169002 52.154277 -84.714360
6.712450 62.435904 -77.824809
8.162527 69.414531 -71.519200
5
-9.699685 48.874553 86.701754
-9.362752 49.418442 86.430067
10.629780 48.405346 86.855802
4.397265 38.330182 92.257581
-5.764302 39.321385 91.763835
4
-9.662075 -82.957878 -54.996680
-3.635919 -72.856251 -68.401366
-25.517119 -67.997461 -68.740249
-20.269098 -81.007001 -55.018447
5
54.973139 -72.956004 -40.686305
58.801250 -64.842791 -48.351065
53.829422 -64.386479 -54.376232
33.733416 -74.955197 -56.954149
41.213886 -82.237105 -39.223388
7
43.492854 40.145615 80.602117
43.385338 40.283930 80.591051
37.878369 55.283980 74.222036
40.471563 60.776877 68.324401
42.540345 62.224473 65.714793
47.688861 57.885716 66.143906
52.317735 45.847477 71.839150
5
-27.055621 76.522716 58.414615
-42.060224 67.952468 60.111560
-42.576505 70.117474 57.190743
-39.335999 78.402447 48.018075
-26.505133 85.253516 45.047929
4
-55.065307 22.527411 80.376164
-63.601447 33.846201 69.349049
-47.081922 43.130787 76.961210
-49.535560 24.938976 83.212233
6
-18.542297 -82.484226 53.409135
-16.385261 -86.308088 47.774859
-26.531538 -89.443752 35.998511
-30.967432 -88.200561 35.520123
-39.918183 -80.087250 44.638225
-35.596265 -77.934780 51.566229
5
-2.662659 -86.125238 -50.747942
-10.492992 -93.010851 -35.197708
-6.560173 -94.795560 -31.157116
16.694943 -88.450009 -43.564606
16.506323 -88.178173 -44.183153
6
-15.246780 -44.844817 -88.070870
-14.890451 -41.461776 -89.773023
-21.030778 -30.494903 -92.885775
-35.210437 -23.147598 -90.688554
-46.232561 -32.005024 -82.693583
-45.924669 -35.625833 -81.373981
4
-32.122307 -93.258913 16.460031
-38.925015 -91.718339 8.519948
-46.647144 -85.003100 24.464604
-33.574130 -88.613069 31.945295
5
-68.710660 -72.645035 -1.242625
-57.449665 -80.765356 -13.285072
-58.592609 -77.757302 -22.819032
-73.140434 -67.135594 -11.970333
-71.824064 -69.561012 -1.602917
6
-26.505133 85.253516 45.047929
-39.335999 78.402447 48.018075
-44.807506 80.101089 39.700162
-25.303281 93.133293 26.190337
-22.794591 93.495689 27.183870
-19.115886 91.898107 34.486532
5
-49.535560 24.938976 83.212233
-47.081922 43.130787 76.961210
-44.935374 45.604857 76.818026
-33.500824 25.590828 90.679680
-37.287024 20.625731 90.466884
8
-72.488325 -27.497918 -63.160963
-65.919126 -44.148913 -60.873166
-46.933235 -39.002816 -79.221536
-45.924669 -35.625833 -81.373981
-46.232561 -32.005024 -82.693583
-53.763190 -22.640087 -81.221585
-55.169044 -21.520050 -80.580792
-65.849406 -17.060301 -73.299398
6
90.732030 -8.024003 41.271227
93.637297 8.305980 34.103772
95.404807 11.497668 27.671761
98.787718 3.461961 15.132798
98.852239 -5.688492 13.995569
97.991789 -10.117535 17.182690
6
71.921747 67.605034 16.025657
72.379911 65.800597 20.770889
66.152268 66.721853 34.235533
64.837791 67.733653 34.759360
58.434337 77.237477 24.895792
59.027647 78.688163 17.997498
8
71.953601 69.226546 -5.510410
71.513192 69.648601 -5.910652
62.228825 76.085475 -18.400376
64.126660 73.701798 -21.349857
78.149606 54.589224 -30.210192
81.553103 51.222337 -26.932573
82.770106 51.308476 -22.727732
82.486495 53.816106 -17.314876
7
-52.087564 -79.353571 -31.462619
-35.136733 -90.475081 -24.076330
-32.457899 -90.887328 -26.191188
-30.655800 -82.995216 -46.604893
-36.041002 -80.432458 -47.240512
-46.824582 -77.174250 -43.030149
-50.644994 -76.675855 -39.444872
7
65.227713 47.223858 59.289566
64.538423 49.885574 57.846534
65.589392 53.863470 52.884386
73.152329 54.064256 41.542664
79.856419 47.454078 37.027864
82.808102 38.672213 40.586675
73.931848 34.249007 57.974886
7
70.140723 -15.786273 -69.505917
70.226168 -16.179493 -69.328994
77.179522 -14.667449 -61.872347
81.795693 -2.837887 -57.457906
80.477475 2.683206 -59.297356
74.743154 9.770404 -65.711492
70.335221 6.008618 -70.829748
5
17.977166 -65.547962 -73.350434
2.383833 -64.285067 -76.562050
-1.824071 -72.387006 -68.969516
6.596700 -77.200833 -63.217996
14.801375 -77.018808 -62.040491
6
-13.146355 -99.085827 3.028569
-8.552360 -99.574394 3.434702
-2.852248 -99.950749 1.308631
-8.255937 -97.758715 -19.366803
-15.627030 -97.113758 -18.019819
-27.060266 -96.230077 -2.741214
6
-80.506611 58.410684 -10.338157
-76.757503 64.084765 1.195245
-77.597208 61.413901 14.387704
-85.851189 49.836341 12.079419
-89.399415 44.804709 -0.531643
-89.485585 44.555320 -2.674604
7
78.384671 -51.584090 34.567687
88.863926 -37.977804 25.707761
90.522534 -37.329900 20.301461
83.051278 -54.267124 12.552473
82.615520 -54.891340 12.712857
73.669547 -62.910778 24.799837
73.033525 -63.082400 26.205249
7
51.502884 55.242936 -65.541368
50.054550 59.174829 -63.189253
31.286197 65.499549 -68.782141
33.934285 52.575057 -78.002101
36.558590 49.439852 -78.861718
47.943212 44.823062 -75.447608
49.812628 45.127044 -74.042231
6
-36.682240 54.462220 -75.420686
-24.735562 47.458176 -84.474100
-21.466880 50.178420 -83.793193
-22.467229 70.719696 -67.036917
-24.763368 70.475970 -66.482428
-38.047438 64.252299 -66.513417
6
65.183035 -41.108475 63.728057
55.911654 -43.725886 70.440995
47.567692 -37.907032 79.374880
57.800784 -24.121817 77.956445
66.655870 -22.898177 70.941303
65.677643 -40.299247 63.737100
5
37.113979 -91.748746 -14.308043
41.373258 -90.550195 -9.429508
51.628842 -84.844368 -11.657438
54.107817 -82.166634 -17.916150
37.918641 -86.027721 -34.079435
4
-36.041002 -80.432458 -47.240512
-36.211952 -65.780705 -66.042361
-43.457652 -68.584709 -58.374396
-46.824582 -77.174250 -43.030149
6
-63.781604 -11.950107 76.086148
-74.648933 -12.572739 65.341128
-75.982007 -11.685352 63.954571
-79.507548 -2.700686 60.590892
-65.050927 4.188666 75.834240
-61.401922 -2.548020 78.887968
5
-68.959660 56.935986 44.753311
-53.451486 60.436236 59.079607
-61.144580 51.512665 60.064846
-69.316907 49.505175 52.387060
-70.371843 51.091028 49.371152
5
37.678099 -85.965998 -34.499391
27.887457 -89.369440 -35.148156
29.025714 -94.203324 -16.829784
37.113979 -91.748746 -14.308043
37.918641 -86.027721 -34.079435
7
55.208894 82.220363 13.848822
51.309925 84.919686 12.487533
46.740981 88.369084 2.487109
46.780667 88.360531 1.996433
55.407169 80.891057 -19.664244
62.228825 76.085475 -18.400376
71.513192 69.648601 -5.910652
6
-35.596265 -77.934780 51.566229
-37.647309 -70.632547 59.947673
-33.206807 -68.740619 64.591295
-23.905181 -71.634583 65.551727
-15.972252 -79.034986 59.146920
-18.542297 -82.484226 53.409135
7
10.443207 -31.713958 94.261149
34.085626 -21.808253 91.447089
39.511343 -41.151082 82.130641
34.242141 -47.903642 80.825224
32.965786 -48.611870 80.932954
26.810826 -50.150993 82.256048
2.594200 -42.423186 90.518194
8
97.173892 23.456751 2.648695
97.122194 23.335538 4.767827
93.910036 30.493572 15.844469
92.105374 35.746318 15.453182
85.672144 51.434229 3.847576
88.036997 47.325606 -3.126375
91.117632 40.655425 -6.686820
97.090968 23.862602 1.979950
5
-21.642632 -94.859655 23.092039
-23.010390 -91.962146 31.835290
-11.434825 -93.849193 32.581801
-9.938999 -96.685375 23.519236
-11.394361 -96.921392 21.826874
4
49.841320 45.098779 -74.040144
58.025075 26.564703 -76.989657
71.589542 28.414119 -63.777545
71.466214 34.812917 -60.668287
7
18.392660 -82.422825 53.555467
3.563010 -85.036110 52.499190
-9.872702 -77.633294 62.254328
-8.086438 -76.224311 64.221990
-0.872369 -75.391855 65.690998
17.575164 -81.702295 54.916743
18.406330 -82.334521 53.686439
6
-75.153057 -65.843425 4.081828
-82.671149 -56.189721 -2.862931
-87.971198 -47.548153 0.491338
-87.714718 -44.646193 17.687447
-84.038862 -49.611139 21.822114
-75.811666 -63.140509 16.305440
4
17.605079 69.605509 69.606999
18.017723 80.439378 56.611555
36.103357 72.724379 58.375613
36.969701 70.201690 60.868415
6
45.613503 -87.651651 15.381691
40.032126 -91.396801 -6.637292
29.875478 -95.431684 0.499482
31.875154 -94.409450 8.416073
44.749995 -87.859481 16.677815
45.380358 -87.545529 16.625385
4
49.561139 -69.978852 51.445639
45.708245 -82.497733 33.239740
28.986501 -85.557103 42.892481
49.411713 -69.636595 52.050237
5
-50.644994 -76.675855 -39.444872
-57.506879 -67.240415 -46.601346
-71.853891 -61.890226 -31.727249
-57.633615 -77.474276 -26.001980
-52.087564 -79.353571 -31.462619
7
54.252076 -1.305742 -83.994091
57.968230 5.756937 -81.280637
53.268863 19.737444 -82.297397
50.509189 20.812400 -83.759571
29.818776 18.923577 -93.556073
34.968602 -1.949636 -93.666407
39.229678 -4.577158 -91.869919
7
62.209948 -57.848404 52.758739
65.183035 -41.108475 63.728057
65.677643 -40.299247 63.737100
76.496176 -37.271569 52.527757
77.597727 -38.180643 50.207881
77.301910 -39.495711 49.643767
62.246765 -57.829133 52.736435
6
-26.188375 33.172657 90.629707
-28.103041 29.268956 91.397742
-33.500824 25.590828 90.679680
-44.935374 45.604857 76.818026
-44.750311 45.959936 76.714366
-25.483912 43.813154 86.203119
7
17.605079 69.605509 69.606999
15.992868 67.635611 71.900294
5.240988 70.164955 71.059209
5.772898 82.845691 55.706958
6.274134 83.191763 55.134072
15.418009 82.910450 53.741439
18.017723 80.439378 56.611555
7
77.424080 38.869199 -49.946944
71.564059 35.190551 -60.334158
71.466214 34.812917 -60.668287
71.589542 28.414119 -63.777545
74.881468 20.365014 -63.071642
86.245695 19.257593 -46.806251
88.586267 24.388551 -39.467351
5
-57.972036 -22.100678 78.427056
-63.781604 -11.950107 76.086148
-61.401922 -2.548020 78.887968
-51.375312 -1.021032 85.787731
-46.562135 -14.383256 87.321759
7
22.223052 87.417326 -43.178085
24.936204 88.228246 -39.924458
21.243262 94.644088 -24.315026
10.025598 97.863706 -17.949443
1.848176 96.479367 -26.235775
4.728578 91.455251 -40.169362
19.222793 87.474100 -44.483324
5
-93.404062 -35.200809 -6.048484
-94.299488 -30.907661 -12.341920
-95.206327 -27.458653 -13.482491
-98.199087 -17.477967 -7.173556
-95.144347 -30.530890 3.926564
5
-66.625731 -15.351262 -72.975000
-68.597425 0.664210 -72.759550
-75.337738 0.458986 -65.757240
-80.404191 -5.243783 -59.225576
-79.593846 -10.438304 -59.631044
5
99.129337 -2.852071 -12.854577
99.278071 5.076098 -10.867285
94.366364 17.357480 -28.172810
94.323034 3.883029 -32.986168
96.947556 -7.290443 -23.409844
5
-50.669761 -74.728410 42.991162
-42.658801 -79.281543 43.527734
-46.649432 -85.001491 24.465835
-55.631434 -79.381013 24.572309
-53.525784 -74.836948 39.171694
6
54.406146 65.479833 -52.462966
54.402390 65.440112 -52.516395
65.944088 52.182135 -54.114711
69.856984 52.741242 -48.356625
65.500017 62.307780 -42.749133
65.426708 62.380626 -42.755156
5
-9.662075 -82.957878 -54.996680
-2.720251 -86.067204 -50.843255
6.596700 -77.200833 -63.217996
-1.824071 -72.387006 -68.969516
-3.635919 -72.856251 -68.401366
4
-83.802568 26.685950 -47.591907
-76.830772 19.562460 -60.945407
-68.886659 28.418497 -66.685960
-76.804730 37.663834 -51.792558
7
49.841320 45.098779 -74.040144
49.812628 45.127044 -74.042231
47.943212 44.823062 -75.447608
43.309159 36.478321 -82.423594
50.509189 20.812400 -83.759571
53.268863 19.737444 -82.297397
58.025075 26.564703 -76.989657
7
47.936362 74.527765 -46.343472
32.269924 75.374464 -57.248076
27.052910 68.511186 -67.633997
31.286197 65.499549 -68.782141
50.054550 59.174829 -63.189253
54.402390 65.440112 -52.516395
54.406146 65.479833 -52.462966
5
-75.337738 0.458986 -65.757240
-79.725545 11.895259 -59.180574
-83.019445 9.329322 -54.961217
-85.031923 -0.993642 -52.617343
-80.404191 -5.243783 -59.225576
5
55.407169 80.891057 -19.664244
46.780667 88.360531 1.996433
30.967276 94.802190 -7.319332
32.772841 92.744429 -18.011435
51.977453 82.207617 -23.243324
8
45.380358 -87.545529 16.625385
44.749995 -87.859481 16.677815
29.587105 -91.937326 25.925495
27.480487 -85.996527 43.004885
28.986501 -85.557103 42.892481
45.708245 -82.497733 33.239740
50.298449 -82.292024 26.421371
49.286254 -84.610544 20.295836
7
40.241042 -15.435424 90.235282
49.941615 -14.034195 85.491967
57.800784 -24.121817 77.956445
47.567692 -37.907032 79.374880
39.511343 -41.151082 82.130641
34.085626 -21.808253 91.447089
34.285945 -21.250798 91.503429
7
8.566688 -38.557233 -91.869209
24.034797 -30.254650 -92.233317
24.036786 -27.427193 -93.112738
18.904993 -19.319066 -96.277593
15.891671 -18.796690 -96.923368
11.242126 -19.967454 -97.339177
2.630811 -29.767213 -95.430560
7
65.589392 53.863470 52.884386
55.884458 66.103448 50.072563
55.265138 70.768998 44.017195
55.914993 70.948039 42.893931
64.837791 67.733653 34.759360
66.152268 66.721853 34.235533
73.152329 54.064256 41.542664
6
99.469841 7.012611 -7.521569
97.173892 23.456751 2.648695
97.090968 23.862602 1.979950
93.025591 23.071164 -28.529997
94.366364 17.357480 -28.172810
99.278071 5.076098 -10.867285
6
71.466214 34.812917 -60.668287
71.564059 35.190551 -60.334158
66.013622 46.057101 -59.337552
51.502884 55.242936 -65.541368
49.812628 45.127044 -74.042231
49.841320 45.098779 -74.040144
5
-48.411549 87.075237 -8.615397
-39.098212 90.770967 15.230279
-53.736361 83.752492 9.895634
-57.648791 81.263975 -8.531309
-52.152285 84.780449 -9.613252
7
51.628842 -84.844368 -11.657438
55.255555 -83.247429 -4.085244
60.434348 -79.671736 -0.322452
73.173870 -66.805424 -13.513699
67.490306 -71.203829 -19.366808
59.530023 -77.297631 -21.937471
54.107817 -82.166634 -17.916150
7
-2.662659 -86.125238 -50.747942
-2.720251 -86.067204 -50.843255
-9.662075 -82.957878 -54.996680
-20.269098 -81.007001 -55.018447
-24.339774 -83.399883 -49.518026
-14.487279 -92.312985 -35.615047
-10.492992 -93.010851 -35.197708
5
99.110257 -5.648539 12.052012
99.469841 7.012611 -7.521569
99.278071 5.076098 -10.867285
99.129337 -2.852071 -12.854577
99.336451 -10.303924 -5.108674
4
36.558590 49.439852 -78.861718
26.047064 33.161516 -90.674497
43.309159 36.478321 -82.423594
47.943212 44.823062 -75.447608
7
51.309925 84.919686 12.487533
55.208894 82.220363 13.848822
59.027647 78.688163 17.997498
58.434337 77.237477 24.895792
51.647020 79.394200 32.080310
42.502367 85.310894 30.258886
41.806403 86.815862 26.743800
5
-54.683302 -65.527570 52.114049
-50.669761 -74.728410 42.991162
-53.525784 -74.836948 39.171694
-65.976414 -66.098870 35.749855
-68.102900 -59.601459 42.540112
6
75.764002 65.199081 2.982586
71.921747 67.605034 16.025657
59.027647 78.688163 17.997498
55.208894 82.220363 13.848822
71.513192 69.648601 -5.910652
71.953601 69.226546 -5.510410
7
-13.878773 74.252945 65.527702
-4.693857 67.750718 73.401688
-5.772652 60.804776 79.179894
-7.685774 58.753302 80.554195
-26.146689 59.312666 76.146952
-28.854863 61.415009 73.454704
-14.054695 74.222513 65.524683
5
-98.532847 12.092490 12.043661
-94.002150 6.915026 33.403266
-96.765660 -10.990235 22.707306
-98.312554 -10.223811 15.169554
-99.743302 1.389977 7.024359
6
42.540345 62.224473 65.714793
42.529273 62.377822 65.576431
55.884458 66.103448 50.072563
65.589392 53.863470 52.884386
64.538423 49.885574 57.846534
47.688861 57.885716 66.143906
7
-27.055621 76.522716 58.414615
-26.505133 85.253516 45.047929
-19.115886 91.898107 34.486532
-15.296410 91.586609 37.120248
-11.943303 76.796859 62.925353
-13.878773 74.252945 65.527702
-14.054695 74.222513 65.524683
7
-74.617694 62.470779 23.013073
-74.539064 63.414066 20.556853
-63.771168 75.355394 15.962542
-63.736631 75.379408 15.987081
-56.028355 77.838626 28.319106
-56.208121 75.197515 34.438071
-72.682859 62.874003 27.641666
6
7.113956 -94.409064 32.191929
-5.818807 -91.534630 39.844108
-7.946609 -89.265382 44.368265
3.563010 -85.036110 52.499190
18.392660 -82.422825 53.555467
21.725701 -85.738845 46.656665
5
-20.846935 -60.567576 76.791758
-17.975179 -64.686608 74.111643
-23.905181 -71.634583 65.551727
-33.206807 -68.740619 64.591295
-33.890970 -59.967492 72.493463
10
-25.217443 -6.083314 -96.576777
-4.619023 3.236534 -99.840821
-3.930015 4.817238 -99.806559
-3.414106 22.332186 -97.414667
-4.574740 23.315151 -97.136376
-7.886037 24.162852 -96.715909
-8.980724 23.957812 -96.671453
-31.056452 7.047900 -94.793586
-27.898826 -5.226400 -95.887122
-27.303063 -5.924322 -96.017942
5
76.496176 -37.271569 52.527757
76.576131 -23.911873 59.701913
87.325724 -25.771486 41.352732
87.020517 -28.283982 40.341616
77.597727 -38.180643 50.207881
6
-60.203179 46.770708 64.715362
-66.801182 34.038378 66.173945
-67.541344 33.698706 65.593933
-68.555411 34.299220 64.216191
-69.316907 49.505175 52.387060
-61.144580 51.512665 60.064846
5
-9.938999 -96.685375 23.519236
-11.434825 -93.849193 32.581801
-5.818807 -91.534630 39.844108
7.113956 -94.409064 32.191929
7.117592 -96.120818 26.648230
6
-67.807506 2.122925 -73.468601
-68.597425 0.664210 -72.759550
-66.625731 -15.351262 -72.975000
-65.849406 -17.060301 -73.299398
-55.169044 -21.520050 -80.580792
-55.800591 -0.012176 -82.983697
6
-12.103240 99.126590 -5.237436
0.994042 99.907398 -4.186132
1.714823 99.215580 12.382571
-0.101893 98.943393 14.498088
-18.806629 95.578141 22.608179
-14.971499 98.809011 -3.554379
9
-99.342857 -5.843323 -9.841358
-98.694685 -14.647059 -6.694983
-98.199087 -17.477967 -7.173556
-95.206327 -27.458653 -13.482491
-94.608744 -26.496849 -18.630685
-94.891299 -15.193663 -27.654909
-96.345860 -7.343969 -25.759296
-97.857755 0.136121 -20.587405
-97.966873 0.265588 -20.060438
7
97.991789 -10.117535 17.182690
98.852239 -5.688492 13.995569
99.110257 -5.648539 12.052012
99.336451 -10.303924 -5.108674
98.567066 -15.515958 -6.617292
93.962387 -32.064132 11.956644
93.861586 -31.845091 13.262463
