100
6
-85.877427 22.100527 -46.223742
-59.121326 8.198984 -80.233693
-58.136905 37.484779 -72.214899
-77.216926 48.040457 -41.589192
-84.079458 35.679801 -40.713591
-85.751445 30.477518 -41.446479
6
-17.779647 -7.480272 -98.122014
-20.666546 -1.677148 -97.826791
-57.849415 1.407978 -81.556501
-61.483530 -13.869161 -77.636473
-50.151074 -40.746429 -76.319056
-47.483371 -43.627334 -76.432880
4
95.385502 -11.520428 -27.728790
92.960756 -36.793079 -2.137116
97.263649 -15.690922 17.134102
99.165368 2.899894 12.562661
7
74.019612 -34.160109 57.915318
78.757002 -28.440279 54.667038
83.877272 -25.042855 48.347272
89.500478 -28.884362 33.990559
75.024711 -63.963712 16.731294
68.046030 -66.843281 30.028547
66.522412 -59.115746 45.608084
6
-18.125053 -19.232256 96.444817
-21.907847 -13.996860 96.561556
-16.163364 15.613958 97.442034
15.067222 4.080708 98.774119
4.054260 -21.956072 97.475607
-12.759339 -22.817939 96.522230
5
69.926652 53.956482 46.893084
86.672099 43.522965 24.365932
84.362848 11.912762 52.354523
76.805945 16.333890 61.919712
70.271298 44.034998 55.882587
5
-32.453280 -58.707995 74.163036
-16.938341 -60.247837 77.995454
-17.390183 -82.088539 54.397180
-29.510042 -82.433658 48.309931
-46.766193 -69.279292 54.893560
7
29.250846 -89.585375 33.449194
35.402230 -93.460679 3.432731
-7.436467 -98.206478 -17.325896
-21.814406 -96.364446 -15.428066
-21.713203 -97.288674 7.965597
-14.420567 -97.714069 15.620753
28.194192 -89.720642 33.989614
6
-16.163364 15.613958 97.442034
-16.602209 17.375397 97.069368
10.717854 36.770740 92.374457
33.867446 30.586575 88.980096
37.544362 20.145009 90.468776
15.067222 4.080708 98.774119
5
-66.468937 -66.616405 33.825066
-74.081338 -67.036201 -4.254769
-83.822256 -52.357991 -15.246972
-91.452920 -40.441435 -0.924041
-83.535528 -36.340937 41.245023
5
-47.443937 -8.034315 87.661409
-21.907847 -13.996860 96.561556
-18.125053 -19.232256 96.444817
-44.376367 -42.155862 79.079842
-53.456589 -35.726261 76.589996
4
-53.618712 79.433518 -28.554332
-37.434431 87.981335 -29.290750
-36.649738 93.040877 0.438044
-56.867208 81.702860 9.526978
5
95.271193 26.717983 -14.475813
83.839338 53.509721 -10.376669
76.380261 53.774696 -35.697867
78.662722 48.310240 -38.448627
92.693684 21.697784 -30.611877
4
2.639267 79.113759 -61.106853
-22.615646 61.894592 -75.216966
6.169728 47.458309 -87.804575
20.010134 52.552275 -82.691311
7
81.048807 58.527623 2.368174
87.788485 43.155903 20.754516
86.672099 43.522965 24.365932
69.926652 53.956482 46.893084
59.055312 66.886344 45.151823
51.916440 80.142705 29.695624
62.837915 77.634780 4.923150
5
-14.420567 -97.714069 15.620753
-4.606360 -85.926889 50.944589
12.365370 -81.671554 56.363596
12.637498 -81.677575 56.294470
28.194192 -89.720642 33.989614
5
-59.138135 79.536211 13.291806
-58.359866 73.400677 34.734228
-64.870213 68.651474 32.845556
-85.016258 52.434504 4.781068
-78.756811 60.476489 -11.830425
6
-12.759339 -22.817939 96.522230
-14.948698 -59.700665 78.818570
-16.938341 -60.247837 77.995454
-32.453280 -58.707995 74.163036
-44.376367 -42.155862 79.079842
-18.125053 -19.232256 96.444817
6
-85.751445 30.477518 -41.446479
-98.729687 10.293802 -12.103164
-99.359181 -4.214837 -10.487533
-89.551917 -21.795747 -38.799478
-87.590927 -8.380818 -47.514117
-85.877427 22.100527 -46.223742
5
98.108543 16.724310 9.747374
87.788485 43.155903 20.754516
81.048807 58.527623 2.368174
83.839338 53.509721 -10.376669
95.271193 26.717983 -14.475813
7
-81.636419 -22.268593 53.287942
-75.101809 0.071628 66.028124
-69.738291 3.850419 71.566368
-49.982217 -4.726362 86.483753
-47.443937 -8.034315 87.661409
-53.456589 -35.726261 76.589996
-62.842251 -35.936956 68.988308
4
-50.257578 -72.003426 -47.850626
-45.649088 -48.021096 -74.900835
-84.267238 -48.589604 -23.196615
-83.832355 -50.364528 -20.869850
6
83.877272 -25.042855 48.347272
78.757002 -28.440279 54.667038
62.925108 6.932022 77.410451
76.805945 16.333890 61.919712
84.362848 11.912762 52.354523
86.603797 8.435448 49.281086
5
69.926652 53.956482 46.893084
70.271298 44.034998 55.882587
36.427219 39.147920 84.501468
33.082240 60.995253 72.007948
59.055312 66.886344 45.151823
6
34.738378 44.791079 -82.383277
22.463957 18.093930 -95.749571
29.068054 -2.243547 -95.655709
57.374979 17.457268 -80.020969
56.903431 37.088737 -73.392269
47.808379 47.136447 -74.111498
6
67.913467 -70.895596 -19.015140
75.517528 -65.455193 -3.566600
92.960756 -36.793079 -2.137116
95.385502 -11.520428 -27.728790
93.180242 -10.452704 -34.758934
81.920544 -29.566114 -49.141320
6
4.054260 -21.956072 97.475607
35.410891 -41.197486 83.957346
34.726484 -43.725565 82.958702
-10.580231 -60.830745 78.661802
-14.948698 -59.700665 78.818570
-12.759339 -22.817939 96.522230
6
28.194192 -89.720642 33.989614
12.637498 -81.677575 56.294470
36.934381 -54.909743 74.971805
41.507559 -58.402806 69.758403
41.862588 -82.795561 37.315129
29.250846 -89.585375 33.449194
5
-25.418631 -95.162163 -17.264297
-50.257578 -72.003426 -47.850626
-83.832355 -50.364528 -20.869850
-83.822256 -52.357991 -15.246972
-74.081338 -67.036201 -4.254769
5
-98.729687 10.293802 -12.103164
-97.603001 20.824685 6.323510
-97.005262 -5.894807 23.563325
-98.819369 -14.303603 5.489932
-99.359181 -4.214837 -10.487533
7
67.913467 -70.895596 -19.015140
81.920544 -29.566114 -49.141320
77.289501 -28.058887 -56.912493
40.254235 -54.942145 -73.218558
40.761421 -77.223899 -48.733725
41.524087 -77.967973 -46.869450
66.419535 -72.098975 -19.753053
7
-20.828276 65.339936 72.779638
-20.883173 73.008665 65.066335
30.081419 63.363479 71.275366
33.082240 60.995253 72.007948
36.427219 39.147920 84.501468
33.867446 30.586575 88.980096
10.717854 36.770740 92.374457
5
57.374979 17.457268 -80.020969
69.852727 0.975748 -71.551691
80.853348 17.028768 -56.327233
73.067775 32.311915 -60.141836
56.903431 37.088737 -73.392269
7
-87.179306 29.620609 39.017793
-87.769045 34.831279 32.914688
-64.870213 68.651474 32.845556
-58.359866 73.400677 34.734228
-46.811026 73.876933 48.486355
-65.959066 41.949313 62.367113
-86.249950 29.229186 41.311026
6
-9.538057 99.500560 2.943484
-15.115788 92.721386 -34.267440
8.779802 86.709438 -49.034564
24.919068 87.043990 -42.454491
32.644815 90.844291 -26.108062
24.004064 96.666613 -8.909029
5
-33.449889 31.142726 88.945127
-34.243179 33.050462 87.949256
-20.828276 65.339936 72.779638
10.717854 36.770740 92.374457
-16.602209 17.375397 97.069368
7
-81.636419 -22.268593 53.287942
-62.842251 -35.936956 68.988308
-53.063096 -67.906429 50.724991
-63.777031 -68.223001 35.750699
-66.468937 -66.616405 33.825066
-83.535528 -36.340937 41.245023
-83.990439 -24.116147 48.621165
7
-1.222799 28.258890 -95.916317
6.169728 47.458309 -87.804575
-22.615646 61.894592 -75.216966
-25.858294 60.186351 -75.557606
-30.937680 45.072473 -83.733698
-27.835258 34.078731 -89.798878
-18.620571 24.863890 -95.052940
9
-46.811026 73.876933 48.486355
-58.359866 73.400677 34.734228
-59.138135 79.536211 13.291806
-56.867208 81.702860 9.526978
-36.649738 93.040877 0.438044
-14.485995 98.121783 12.738587
-11.543975 93.918472 32.342808
-14.838671 88.255564 44.618038
-25.418926 78.565007 56.404059
9
22.463957 18.093930 -95.749571
-1.222799 28.258890 -95.916317
-18.620571 24.863890 -95.052940
-20.666546 -1.677148 -97.826791
-17.779647 -7.480272 -98.122014
-3.630995 -14.266752 -98.910443
18.676899 -12.277543 -97.470177
28.935064 -3.107485 -95.671864
29.068054 -2.243547 -95.655709
5
21.507640 -45.961127 -86.168418
-9.226116 -48.503178 -86.961604
-23.074420 -57.848995 -78.237235
-8.134635 -74.568939 -66.130939
27.646377 -51.591558 -81.080139
6
53.956190 83.196874 -12.923219
32.644815 90.844291 -26.108062
24.919068 87.043990 -42.454491
30.083998 83.447332 -46.168125
68.097538 59.647560 -42.484043
73.309673 57.088192 -36.967962
5
75.024711 -63.963712 16.731294
89.500478 -28.884362 33.990559
97.263649 -15.690922 17.134102
92.960756 -36.793079 -2.137116
75.517528 -65.455193 -3.566600
6
-85.877427 22.100527 -46.223742
-87.590927 -8.380818 -47.514117
-61.483530 -13.869161 -77.636473
-57.849415 1.407978 -81.556501
-58.922870 7.922911 -80.407232
-59.121326 8.198984 -80.233693
6
-29.510042 -82.433658 48.309931
-17.390183 -82.088539 54.397180
-4.606360 -85.926889 50.944589
-14.420567 -97.714069 15.620753
-21.713203 -97.288674 7.965597
-24.935273 -96.060351 12.273598
8
47.808379 47.136447 -74.111498
56.903431 37.088737 -73.392269
73.067775 32.311915 -60.141836
78.662722 48.310240 -38.448627
76.380261 53.774696 -35.697867
73.309673 57.088192 -36.967962
68.097538 59.647560 -42.484043
47.881839 47.813831 -73.628575
8
29.250846 -89.585375 33.449194
41.862588 -82.795561 37.315129
68.046030 -66.843281 30.028547
75.024711 -63.963712 16.731294
75.517528 -65.455193 -3.566600
67.913467 -70.895596 -19.015140
66.419535 -72.098975 -19.753053
35.402230 -93.460679 3.432731
6
40.254235 -54.942145 -73.218558
40.056142 -54.755690 -73.466454
27.646377 -51.591558 -81.080139
-8.134635 -74.568939 -66.130939
-7.996823 -74.868077 -65.808980
40.761421 -77.223899 -48.733725
5
-30.937680 45.072473 -83.733698
-58.136905 37.484779 -72.214899
-59.121326 8.198984 -80.233693
-58.922870 7.922911 -80.407232
-27.835258 34.078731 -89.798878
6
-14.485995 98.121783 12.738587
-36.649738 93.040877 0.438044
-37.434431 87.981335 -29.290750
-30.944664 89.250203 -32.815074
-15.115788 92.721386 -34.267440
-9.538057 99.500560 2.943484
6
-62.842251 -35.936956 68.988308
-53.456589 -35.726261 76.589996
-44.376367 -42.155862 79.079842
-32.453280 -58.707995 74.163036
-46.766193 -69.279292 54.893560
-53.063096 -67.906429 50.724991
5
42.794812 -33.937451 83.766661
51.783724 5.340699 85.381045
62.925108 6.932022 77.410451
78.757002 -28.440279 54.667038
74.019612 -34.160109 57.915318
4
35.402230 -93.460679 3.432731
66.419535 -72.098975 -19.753053
41.524087 -77.967973 -46.869450
-7.436467 -98.206478 -17.325896
5
-89.551917 -21.795747 -38.799478
-88.747521 -25.890617 -38.125496
-50.151074 -40.746429 -76.319056
-61.483530 -13.869161 -77.636473
-87.590927 -8.380818 -47.514117
6
53.956190 83.196874 -12.923219
73.309673 57.088192 -36.967962
76.380261 53.774696 -35.697867
83.839338 53.509721 -10.376669
81.048807 58.527623 2.368174
62.837915 77.634780 4.923150
6
-73.949523 55.021953 -38.782118
-73.288384 55.774099 -38.962324
-53.618712 79.433518 -28.554332
-56.867208 81.702860 9.526978
-59.138135 79.536211 13.291806
-78.756811 60.476489 -11.830425
5
-53.063096 -67.906429 50.724991
-46.766193 -69.279292 54.893560
-29.510042 -82.433658 48.309931
-24.935273 -96.060351 12.273598
-63.777031 -68.223001 35.750699
6
99.017033 4.665368 13.185659
86.603797 8.435448 49.281086
84.362848 11.912762 52.354523
86.672099 43.522965 24.365932
87.788485 43.155903 20.754516
98.108543 16.724310 9.747374
6
99.165368 2.899894 12.562661
97.263649 -15.690922 17.134102
89.500478 -28.884362 33.990559
83.877272 -25.042855 48.347272
86.603797 8.435448 49.281086
99.017033 4.665368 13.185659
7
91.875956 9.052814 -38.429875
80.853348 17.028768 -56.327233
69.852727 0.975748 -71.551691
68.984283 -14.666063 -70.894818
77.289501 -28.058887 -56.912493
81.920544 -29.566114 -49.141320
93.180242 -10.452704 -34.758934
6
40.056142 -54.755690 -73.466454
49.216234 -17.242836 -85.325535
28.935064 -3.107485 -95.671864
18.676899 -12.277543 -97.470177
21.507640 -45.961127 -86.168418
27.646377 -51.591558 -81.080139
7
-37.485378 65.324530 -65.784134
-73.288384 55.774099 -38.962324
-73.949523 55.021953 -38.782118
-77.216926 48.040457 -41.589192
-58.136905 37.484779 -72.214899
-30.937680 45.072473 -83.733698
-25.858294 60.186351 -75.557606
6
-23.074420 -57.848995 -78.237235
-9.226116 -48.503178 -86.961604
-3.630995 -14.266752 -98.910443
-17.779647 -7.480272 -98.122014
-47.483371 -43.627334 -76.432880
-45.600360 -47.952330 -74.974537
6
-14.948698 -59.700665 78.818570
-10.580231 -60.830745 78.661802
12.365370 -81.671554 56.363596
-4.606360 -85.926889 50.944589
-17.390183 -82.088539 54.397180
-16.938341 -60.247837 77.995454
5
-84.079458 35.679801 -40.713591
-93.838534 32.996253 10.275059
-97.603001 20.824685 6.323510
-98.729687 10.293802 -12.103164
-85.751445 30.477518 -41.446479
5
92.693684 21.697784 -30.611877
78.662722 48.310240 -38.448627
73.067775 32.311915 -60.141836
80.853348 17.028768 -56.327233
91.875956 9.052814 -38.429875
5
-86.249950 29.229186 41.311026
-65.959066 41.949313 62.367113
-61.279777 28.721936 73.619558
-69.738291 3.850419 71.566368
-75.101809 0.071628 66.028124
5
36.934381 -54.909743 74.971805
12.637498 -81.677575 56.294470
12.365370 -81.671554 56.363596
-10.580231 -60.830745 78.661802
34.726484 -43.725565 82.958702
7
36.934381 -54.909743 74.971805
34.726484 -43.725565 82.958702
35.410891 -41.197486 83.957346
42.794812 -33.937451 83.766661
74.019612 -34.160109 57.915318
66.522412 -59.115746 45.608084
41.507559 -58.402806 69.758403
4
66.522412 -59.115746 45.608084
68.046030 -66.843281 30.028547
41.862588 -82.795561 37.315129
41.507559 -58.402806 69.758403
7
-95.979370 -6.144629 27.389854
-97.005262 -5.894807 23.563325
-97.603001 20.824685 6.323510
-93.838534 32.996253 10.275059
-92.527527 35.634506 12.993796
-87.769045 34.831279 32.914688
-87.179306 29.620609 39.017793
8
99.017033 4.665368 13.185659
98.108543 16.724310 9.747374
95.271193 26.717983 -14.475813
92.693684 21.697784 -30.611877
91.875956 9.052814 -38.429875
93.180242 -10.452704 -34.758934
95.385502 -11.520428 -27.728790
99.165368 2.899894 12.562661
7
-20.883173 73.008665 65.066335
-20.828276 65.339936 72.779638
-34.243179 33.050462 87.949256
-61.279777 28.721936 73.619558
-65.959066 41.949313 62.367113
-46.811026 73.876933 48.486355
-25.418926 78.565007 56.404059
8
-74.081338 -67.036201 -4.254769
-66.468937 -66.616405 33.825066
-63.777031 -68.223001 35.750699
-24.935273 -96.060351 12.273598
-21.713203 -97.288674 7.965597
-21.814406 -96.364446 -15.428066
-22.856313 -95.942208 -16.513079
-25.418631 -95.162163 -17.264297
6
-83.990439 -24.116147 48.621165
-95.979370 -6.144629 27.389854
-87.179306 29.620609 39.017793
-86.249950 29.229186 41.311026
-75.101809 0.071628 66.028124
-81.636419 -22.268593 53.287942
6
15.067222 4.080708 98.774119
37.544362 20.145009 90.468776
51.783724 5.340699 85.381045
42.794812 -33.937451 83.766661
35.410891 -41.197486 83.957346
4.054260 -21.956072 97.475607
5
20.010134 52.552275 -82.691311
6.169728 47.458309 -87.804575
-1.222799 28.258890 -95.916317
22.463957 18.093930 -95.749571
34.738378 44.791079 -82.383277
8
-83.822256 -52.357991 -15.246972
-83.832355 -50.364528 -20.869850
-84.267238 -48.589604 -23.196615
-88.747521 -25.890617 -38.125496
-89.551917 -21.795747 -38.799478
-99.359181 -4.214837 -10.487533
-98.819369 -14.303603 5.489932
-91.452920 -40.441435 -0.924041
7
70.271298 44.034998 55.882587
76.805945 16.333890 61.919712
62.925108 6.932022 77.410451
51.783724 5.340699 85.381045
37.544362 20.145009 90.468776
33.867446 30.586575 88.980096
36.427219 39.147920 84.501468
7
24.004064 96.666613 -8.909029
32.644815 90.844291 -26.108062
53.956190 83.196874 -12.923219
62.837915 77.634780 4.923150
51.916440 80.142705 29.695624
45.627839 83.642817 30.364115
26.244218 95.164799 15.965651
7
-77.216926 48.040457 -41.589192
-73.949523 55.021953 -38.782118
-78.756811 60.476489 -11.830425
-85.016258 52.434504 4.781068
-92.527527 35.634506 12.993796
-93.838534 32.996253 10.275059
-84.079458 35.679801 -40.713591
8
-25.418631 -95.162163 -17.264297
-22.856313 -95.942208 -16.513079
-7.996823 -74.868077 -65.808980
-8.134635 -74.568939 -66.130939
-23.074420 -57.848995 -78.237235
-45.600360 -47.952330 -74.974537
-45.649088 -48.021096 -74.900835
-50.257578 -72.003426 -47.850626
5
26.244218 95.164799 15.965651
45.627839 83.642817 30.364115
26.250488 85.273827 45.158458
-14.838671 88.255564 44.618038
-11.543975 93.918472 32.342808
5
-34.243179 33.050462 87.949256
-33.449889 31.142726 88.945127
-49.982217 -4.726362 86.483753
-69.738291 3.850419 71.566368
-61.279777 28.721936 73.619558
8
8.779802 86.709438 -49.034564
2.639267 79.113759 -61.106853
20.010134 52.552275 -82.691311
34.738378 44.791079 -82.383277
47.808379 47.136447 -74.111498
47.881839 47.813831 -73.628575
30.083998 83.447332 -46.168125
24.919068 87.043990 -42.454491
6
40.761421 -77.223899 -48.733725
-7.996823 -74.868077 -65.808980
-22.856313 -95.942208 -16.513079
-21.814406 -96.364446 -15.428066
-7.436467 -98.206478 -17.325896
41.524087 -77.967973 -46.869450
6
-21.907847 -13.996860 96.561556
-47.443937 -8.034315 87.661409
-49.982217 -4.726362 86.483753
-33.449889 31.142726 88.945127
-16.602209 17.375397 97.069368
-16.163364 15.613958 97.442034
6
69.852727 0.975748 -71.551691
57.374979 17.457268 -80.020969
29.068054 -2.243547 -95.655709
28.935064 -3.107485 -95.671864
49.216234 -17.242836 -85.325535
68.984283 -14.666063 -70.894818
3
47.881839 47.813831 -73.628575
68.097538 59.647560 -42.484043
30.083998 83.447332 -46.168125
5
-30.944664 89.250203 -32.815074
-37.434431 87.981335 -29.290750
-53.618712 79.433518 -28.554332
-73.288384 55.774099 -38.962324
-37.485378 65.324530 -65.784134
4
-9.226116 -48.503178 -86.961604
21.507640 -45.961127 -86.168418
18.676899 -12.277543 -97.470177
-3.630995 -14.266752 -98.910443
6
-83.535528 -36.340937 41.245023
-91.452920 -40.441435 -0.924041
-98.819369 -14.303603 5.489932
-97.005262 -5.894807 23.563325
-95.979370 -6.144629 27.389854
-83.990439 -24.116147 48.621165
6
-47.483371 -43.627334 -76.432880
-50.151074 -40.746429 -76.319056
-88.747521 -25.890617 -38.125496
-84.267238 -48.589604 -23.196615
-45.649088 -48.021096 -74.900835
-45.600360 -47.952330 -74.974537
5
26.244218 95.164799 15.965651
-11.543975 93.918472 32.342808
-14.485995 98.121783 12.738587
-9.538057 99.500560 2.943484
24.004064 96.666613 -8.909029
5
-25.418926 78.565007 56.404059
-14.838671 88.255564 44.618038
26.250488 85.273827 45.158458
30.081419 63.363479 71.275366
-20.883173 73.008665 65.066335
5
-27.835258 34.078731 -89.798878
-58.922870 7.922911 -80.407232
-57.849415 1.407978 -81.556501
-20.666546 -1.677148 -97.826791
-18.620571 24.863890 -95.052940
4
-85.016258 52.434504 4.781068
-64.870213 68.651474 32.845556
-87.769045 34.831279 32.914688
-92.527527 35.634506 12.993796
6
51.916440 80.142705 29.695624
59.055312 66.886344 45.151823
33.082240 60.995253 72.007948
30.081419 63.363479 71.275366
26.250488 85.273827 45.158458
45.627839 83.642817 30.364115
7
8.779802 86.709438 -49.034564
-15.115788 92.721386 -34.267440
-30.944664 89.250203 -32.815074
-37.485378 65.324530 -65.784134
-25.858294 60.186351 -75.557606
-22.615646 61.894592 -75.216966
2.639267 79.113759 -61.106853
5
77.289501 -28.058887 -56.912493
68.984283 -14.666063 -70.894818
49.216234 -17.242836 -85.325535
40.056142 -54.755690 -73.466454
40.254235 -54.942145 -73.218558
