100
6
-27.345728 82.816965 48.924037
5.333338 89.136059 45.014647
11.463949 76.258694 63.664664
-5.244288 60.282715 79.614645
-6.220476 60.378179 79.471889
-26.646804 77.649447 57.100886
6
30.766178 89.523960 -32.232017
27.603843 91.853058 -28.302712
4.250650 98.326325 -17.716258
-3.571148 89.977724 -43.488575
18.323782 76.443737 -61.810955
29.763406 74.480406 -59.722766
8
78.585139 61.273374 8.363585
63.201221 77.173337 -7.062697
62.038950 77.257471 -13.507477
67.109085 67.081191 -31.567143
89.196376 36.861954 -26.176381
91.404692 36.554537 -17.576920
90.293939 42.653871 -5.258507
84.176463 53.575239 6.634525
7
-28.418087 -33.638098 -89.782463
-28.080264 -64.946489 -70.664364
-25.074493 -67.310684 -69.574001
-14.579733 -71.218493 -68.668462
2.959957 -45.237984 -89.133403
-22.143802 -30.326999 -92.681849
-25.724165 -31.237707 -91.446558
5
10.390445 9.122567 -99.039474
-16.754644 23.602580 -95.719382
-35.996124 21.971961 -90.672554
-13.909720 -16.436652 -97.654269
1.273632 -8.938895 -99.591536
5
-25.064043 -96.786950 -2.019924
-34.822236 -93.589228 5.335568
-37.271539 -89.491831 24.536597
-16.481089 -88.323402 43.901599
-5.776592 -98.425354 16.705711
6
61.915125 -72.814049 -29.404617
63.131465 -72.495175 -27.547555
84.522912 -42.088125 -32.931247
84.549454 -39.574259 -35.850633
75.265225 -39.745225 -52.492505
72.288991 -41.964743 -54.893188
6
74.531939 -52.522873 41.065045
67.219467 -46.069880 57.957824
74.433061 -27.329561 60.932869
88.139448 -9.777405 46.215150
95.019192 -20.055319 23.856599
88.310006 -45.704639 10.603245
9
-62.180227 -70.062093 34.998893
-62.496062 -70.772496 32.946868
-63.528610 -70.940990 30.520348
-86.175009 -49.950212 -8.879424
-95.317298 -29.778686 -5.276605
-95.770570 -28.508631 -3.905881
-96.492039 -26.125403 2.598039
-95.842336 -27.484285 7.672069
-74.636006 -48.594223 45.476017
5
6.383423 -54.718040 83.457702
28.267009 -38.469899 87.869466
33.827932 -37.541519 86.291978
60.893815 -51.389763 60.423800
17.954669 -74.434615 64.320432
6
60.893815 -51.389763 60.423800
61.434980 -51.160816 60.069244
46.268269 -85.359397 23.937848
30.157810 -89.582965 32.640449
15.871547 -78.448508 59.949358
17.954669 -74.434615 64.320432
6
-33.830806 82.211224 -45.790732
-3.571148 89.977724 -43.488575
4.250650 98.326325 -17.716258
-2.275567 99.487854 -9.848287
-2.990939 99.487456 -9.659213
-37.049854 83.750330 -40.164544
5
0.877896 -77.080127 -63.701517
11.208777 -90.879449 -40.190659
32.820998 -84.336607 -42.545490
29.783376 -72.214132 -62.434523
23.643365 -68.663450 -68.748251
7
-49.851700 60.249629 62.328085
-52.336117 34.884820 77.743039
-57.957204 29.905722 75.806400
-84.431184 30.494926 44.061715
-83.359960 38.937932 39.178497
-73.380152 59.616828 32.575867
-71.888978 61.010503 33.312060
5
-25.724165 -31.237707 -91.446558
-51.428406 10.626891 -85.101047
-61.604196 3.706548 -78.684080
-57.904242 -32.591387 -74.732190
-28.418087 -33.638098 -89.782463
6
4.250650 98.326325 -17.716258
27.603843 91.853058 -28.302712
39.127513 90.933381 14.147717
32.746378 91.274284 24.427029
32.685073 91.297295 24.423144
-2.275567 99.487854 -9.848287
7
-94.074560 30.443585 -14.938721
-91.730020 37.422287 -13.607936
-83.359960 38.937932 39.178497
-84.431184 30.494926 44.061715
-85.860592 27.356803 43.353939
-93.701509 11.859325 32.853975
-94.345304 10.779007 31.349269
6
2.959957 -45.237984 -89.133403
22.889059 -41.117542 -88.235133
23.199574 -40.326500 -88.518660
1.273632 -8.938895 -99.591536
-13.909720 -16.436652 -97.654269
-22.143802 -30.326999 -92.681849
5
-42.204209 -80.840714 -41.031497
-21.337457 -90.003945 -38.000037
-10.902005 -74.283188 -66.054177
-14.579733 -71.218493 -68.668462
-25.074493 -67.310684 -69.574001
5
-91.730020 37.422287 -13.607936
-75.644790 62.209228 -20.195982
-72.767808 65.808161 -19.342494
-73.380152 59.616828 32.575867
-83.359960 38.937932 39.178497
5
-52.029367 49.193801 -69.806267
-41.701859 29.898769 -85.831338
-10.399305 61.891842 -77.854058
-9.749817 69.060592 -71.662931
-31.255701 75.279506 -57.931660
7
-5.776592 -98.425354 16.705711
8.293621 -98.642609 14.172208
19.078277 -97.647440 -10.049719
3.607738 -96.316845 -26.646755
-13.726752 -95.965339 -24.540377
-24.526084 -96.495840 -9.328673
-25.064043 -96.786950 -2.019924
6
54.595221 67.411295 49.750167
46.656159 75.753250 45.657945
32.746378 91.274284 24.427029
39.127513 90.933381 14.147717
63.201221 77.173337 -7.062697
78.585139 61.273374 8.363585
6
0.877896 -77.080127 -63.701517
-10.902005 -74.283188 -66.054177
-21.337457 -90.003945 -38.000037
-13.726752 -95.965339 -24.540377
3.607738 -96.316845 -26.646755
11.208777 -90.879449 -40.190659
6
15.871547 -78.448508 59.949358
30.157810 -89.582965 32.640449
8.293621 -98.642609 14.172208
-5.776592 -98.425354 16.705711
-16.481089 -88.323402 43.901599
-16.006865 -86.169430 48.151942
5
86.873710 -49.505577 1.468456
68.832210 -72.326706 -5.565475
60.884030 -78.998586 7.235904
74.531939 -52.522873 41.065045
88.310006 -45.704639 10.603245
6
68.984904 39.910242 60.400791
73.131061 35.125908 58.463823
57.081077 -8.773969 81.638031
51.173908 -6.958132 85.631860
32.823178 9.175083 94.013067
33.475111 20.541058 91.964569
7
17.954669 -74.434615 64.320432
15.871547 -78.448508 59.949358
-16.006865 -86.169430 48.151942
-36.465653 -72.521546 58.402753
-20.332675 -48.341435 85.145099
-11.895935 -45.320042 88.343537
6.383423 -54.718040 83.457702
5
14.010578 -3.367724 98.956365
-10.872862 -24.428842 96.358770
-31.953967 -5.436376 94.601215
-21.856381 16.550503 96.168495
-10.037601 16.392714 98.135241
4
78.627292 17.300184 -59.316545
89.196376 36.861954 -26.176381
67.109085 67.081191 -31.567143
49.287484 61.409491 -61.641044
5
-86.175009 -49.950212 -8.879424
-63.528610 -70.940990 30.520348
-51.388702 -85.635423 5.076976
-67.323731 -68.148467 -28.693233
-68.298126 -67.077313 -28.913667
5
-96.492039 -26.125403 2.598039
-95.770570 -28.508631 -3.905881
-94.448538 28.734783 -15.930663
-94.074560 30.443585 -14.938721
-94.345304 10.779007 31.349269
5
15.477436 93.356821 32.325731
5.333338 89.136059 45.014647
-27.345728 82.816965 48.924037
-34.686775 87.765782 33.075598
-24.745240 95.191831 18.060687
5
-13.726752 -95.965339 -24.540377
-21.337457 -90.003945 -38.000037
-42.204209 -80.840714 -41.031497
-62.602149 -72.125150 -29.646817
-24.526084 -96.495840 -9.328673
6
-84.431184 30.494926 44.061715
-57.957204 29.905722 75.806400
-55.122417 -6.466095 83.184787
-56.590886 -8.983770 81.955863
-76.110553 -6.304405 64.555699
-85.860592 27.356803 43.353939
6
-68.298126 -67.077313 -28.913667
-61.504117 -52.184509 -59.110242
-63.322183 -43.694378 -63.883507
-88.383981 -12.349211 -45.119496
-95.317298 -29.778686 -5.276605
-86.175009 -49.950212 -8.879424
9
-51.428406 10.626891 -85.101047
-40.801151 23.048827 -88.340351
-41.701859 29.898769 -85.831338
-52.029367 49.193801 -69.806267
-54.931052 49.210965 -67.534143
-76.995522 34.108909 -53.928397
-77.347257 33.206096 -53.988490
-72.351821 5.543746 -68.807564
-61.604196 3.706548 -78.684080
6
61.434980 -51.160816 60.069244
67.219467 -46.069880 57.957824
74.531939 -52.522873 41.065045
60.884030 -78.998586 7.235904
53.013705 -83.856315 12.556493
46.268269 -85.359397 23.937848
5
-34.822236 -93.589228 5.335568
-51.388702 -85.635423 5.076976
-63.528610 -70.940990 30.520348
-62.496062 -70.772496 32.946868
-37.271539 -89.491831 24.536597
6
88.310006 -45.704639 10.603245
95.019192 -20.055319 23.856599
99.698158 -4.943278 -5.986756
98.102171 -12.031361 -15.205601
90.320356 -42.334137 -7.074898
86.873710 -49.505577 1.468456
6
32.685073 91.297295 24.423144
15.477436 93.356821 32.325731
-24.745240 95.191831 18.060687
-23.355993 96.647641 10.664482
-2.990939 99.487456 -9.659213
-2.275567 99.487854 -9.848287
5
63.201221 77.173337 -7.062697
39.127513 90.933381 14.147717
27.603843 91.853058 -28.302712
30.766178 89.523960 -32.232017
62.038950 77.257471 -13.507477
6
11.208777 -90.879449 -40.190659
3.607738 -96.316845 -26.646755
19.078277 -97.647440 -10.049719
26.808749 -95.773241 -10.429633
44.381274 -83.216138 -33.247209
32.820998 -84.336607 -42.545490
6
-64.035021 73.882371 -20.997891
-44.891215 83.887359 30.784570
-71.888978 61.010503 33.312060
-73.380152 59.616828 32.575867
-72.767808 65.808161 -19.342494
-70.275611 68.082803 -20.641473
7
33.827932 -37.541519 86.291978
51.173908 -6.958132 85.631860
57.081077 -8.773969 81.638031
74.433061 -27.329561 60.932869
67.219467 -46.069880 57.957824
61.434980 -51.160816 60.069244
60.893815 -51.389763 60.423800
7
-68.298126 -67.077313 -28.913667
-67.323731 -68.148467 -28.693233
-62.602149 -72.125150 -29.646817
-42.204209 -80.840714 -41.031497
-25.074493 -67.310684 -69.574001
-28.080264 -64.946489 -70.664364
-61.504117 -52.184509 -59.110242
6
8.293621 -98.642609 14.172208
30.157810 -89.582965 32.640449
46.268269 -85.359397 23.937848
53.013705 -83.856315 12.556493
26.808749 -95.773241 -10.429633
19.078277 -97.647440 -10.049719
6
-44.891215 83.887359 30.784570
-34.686775 87.765782 33.075598
-27.345728 82.816965 48.924037
-26.646804 77.649447 57.100886
-49.851700 60.249629 62.328085
-71.888978 61.010503 33.312060
7
11.463949 76.258694 63.664664
46.656159 75.753250 45.657945
54.595221 67.411295 49.750167
55.434775 64.658036 52.405383
13.825563 47.974747 86.644547
11.855465 48.761006 86.497470
-5.244288 60.282715 79.614645
6
32.746378 91.274284 24.427029
46.656159 75.753250 45.657945
11.463949 76.258694 63.664664
5.333338 89.136059 45.014647
15.477436 93.356821 32.325731
32.685073 91.297295 24.423144
6
-56.590886 -8.983770 81.955863
-56.378760 -30.116945 76.905170
-79.897732 -28.431394 52.990644
-82.428155 -24.130567 51.218307
-82.877580 -19.409335 52.484135
-76.110553 -6.304405 64.555699
7
-91.730020 37.422287 -13.607936
-94.074560 30.443585 -14.938721
-94.448538 28.734783 -15.930663
-91.081141 20.783650 -35.668833
-77.347257 33.206096 -53.988490
-76.995522 34.108909 -53.928397
-75.644790 62.209228 -20.195982
6
-16.754644 23.602580 -95.719382
0.706278 47.003111 -88.262159
-10.399305 61.891842 -77.854058
-41.701859 29.898769 -85.831338
-40.801151 23.048827 -88.340351
-35.996124 21.971961 -90.672554
7
55.434775 64.658036 52.405383
54.595221 67.411295 49.750167
78.585139 61.273374 8.363585
84.176463 53.575239 6.634525
85.240897 23.474012 46.722160
73.131061 35.125908 58.463823
68.984904 39.910242 60.400791
4
-72.351821 5.543746 -68.807564
-77.347257 33.206096 -53.988490
-91.081141 20.783650 -35.668833
-87.385741 -7.489213 -48.037943
8
-10.872862 -24.428842 96.358770
-11.895935 -45.320042 88.343537
-20.332675 -48.341435 85.145099
-56.036545 -30.890977 76.848247
-56.378760 -30.116945 76.905170
-56.590886 -8.983770 81.955863
-55.122417 -6.466095 83.184787
-31.953967 -5.436376 94.601215
7
-14.579733 -71.218493 -68.668462
-10.902005 -74.283188 -66.054177
0.877896 -77.080127 -63.701517
23.643365 -68.663450 -68.748251
28.685175 -52.087619 -80.399258
22.889059 -41.117542 -88.235133
2.959957 -45.237984 -89.133403
8
68.832210 -72.326706 -5.565475
63.131465 -72.495175 -27.547555
61.915125 -72.814049 -29.404617
60.615027 -73.446855 -30.518486
44.381274 -83.216138 -33.247209
26.808749 -95.773241 -10.429633
53.013705 -83.856315 12.556493
60.884030 -78.998586 7.235904
6
85.240897 23.474012 46.722160
88.742246 14.598776 43.722871
88.139448 -9.777405 46.215150
74.433061 -27.329561 60.932869
57.081077 -8.773969 81.638031
73.131061 35.125908 58.463823
7
26.240648 40.665981 -87.508322
39.471205 65.296141 -64.640838
29.763406 74.480406 -59.722766
18.323782 76.443737 -61.810955
-9.749817 69.060592 -71.662931
-10.399305 61.891842 -77.854058
0.706278 47.003111 -88.262159
7
-10.037601 16.392714 98.135241
11.855465 48.761006 86.497470
13.825563 47.974747 86.644547
33.475111 20.541058 91.964569
32.823178 9.175083 94.013067
15.153097 -3.116797 98.796099
14.010578 -3.367724 98.956365
5
-26.646804 77.649447 57.100886
-6.220476 60.378179 79.471889
-33.717132 38.500824 85.911825
-52.336117 34.884820 77.743039
-49.851700 60.249629 62.328085
6
-23.355993 96.647641 10.664482
-24.745240 95.191831 18.060687
-34.686775 87.765782 33.075598
-44.891215 83.887359 30.784570
-64.035021 73.882371 -20.997891
-55.609050 79.538597 -24.109026
5
-74.623767 -48.012160 46.109933
-79.897732 -28.431394 52.990644
-56.378760 -30.116945 76.905170
-56.036545 -30.890977 76.848247
-58.390812 -43.687684 68.424406
5
10.390445 9.122567 -99.039474
29.556110 14.775234 -94.382884
26.240648 40.665981 -87.508322
0.706278 47.003111 -88.262159
-16.754644 23.602580 -95.719382
5
-74.623767 -48.012160 46.109933
-58.390812 -43.687684 68.424406
-44.118022 -70.538032 55.479602
-62.180227 -70.062093 34.998893
-74.636006 -48.594223 45.476017
5
32.820998 -84.336607 -42.545490
44.381274 -83.216138 -33.247209
60.615027 -73.446855 -30.518486
52.409039 -65.095768 -54.916606
29.783376 -72.214132 -62.434523
5
-58.390812 -43.687684 68.424406
-56.036545 -30.890977 76.848247
-20.332675 -48.341435 85.145099
-36.465653 -72.521546 58.402753
-44.118022 -70.538032 55.479602
5
1.273632 -8.938895 -99.591536
23.199574 -40.326500 -88.518660
52.125736 -2.267311 -85.309829
29.556110 14.775234 -94.382884
10.390445 9.122567 -99.039474
8
52.125736 -2.267311 -85.309829
55.154530 -2.250649 -83.384126
78.392259 14.523152 -60.363332
78.627292 17.300184 -59.316545
49.287484 61.409491 -61.641044
39.471205 65.296141 -64.640838
26.240648 40.665981 -87.508322
29.556110 14.775234 -94.382884
5
-28.418087 -33.638098 -89.782463
-57.904242 -32.591387 -74.732190
-63.322183 -43.694378 -63.883507
-61.504117 -52.184509 -59.110242
-28.080264 -64.946489 -70.664364
6
-51.388702 -85.635423 5.076976
-34.822236 -93.589228 5.335568
-25.064043 -96.786950 -2.019924
-24.526084 -96.495840 -9.328673
-62.602149 -72.125150 -29.646817
-67.323731 -68.148467 -28.693233
6
67.109085 67.081191 -31.567143
62.038950 77.257471 -13.507477
30.766178 89.523960 -32.232017
29.763406 74.480406 -59.722766
39.471205 65.296141 -64.640838
49.287484 61.409491 -61.641044
6
-22.143802 -30.326999 -92.681849
-13.909720 -16.436652 -97.654269
-35.996124 21.971961 -90.672554
-40.801151 23.048827 -88.340351
-51.428406 10.626891 -85.101047
-25.724165 -31.237707 -91.446558
6
-88.383981 -12.349211 -45.119496
-87.385741 -7.489213 -48.037943
-91.081141 20.783650 -35.668833
-94.448538 28.734783 -15.930663
-95.770570 -28.508631 -3.905881
-95.317298 -29.778686 -5.276605
6
14.010578 -3.367724 98.956365
15.153097 -3.116797 98.796099
28.267009 -38.469899 87.869466
6.383423 -54.718040 83.457702
-11.895935 -45.320042 88.343537
-10.872862 -24.428842 96.358770
8
-55.609050 79.538597 -24.109026
-64.035021 73.882371 -20.997891
-70.275611 68.082803 -20.641473
-54.931052 49.210965 -67.534143
-52.029367 49.193801 -69.806267
-31.255701 75.279506 -57.931660
-33.830806 82.211224 -45.790732
-37.049854 83.750330 -40.164544
6
99.890402 0.349545 -4.667487
99.698158 -4.943278 -5.986756
95.019192 -20.055319 23.856599
88.139448 -9.777405 46.215150
88.742246 14.598776 43.722871
96.735834 15.772703 19.834318
6
-61.604196 3.706548 -78.684080
-72.351821 5.543746 -68.807564
-87.385741 -7.489213 -48.037943
-88.383981 -12.349211 -45.119496
-63.322183 -43.694378 -63.883507
-57.904242 -32.591387 -74.732190
5
88.742246 14.598776 43.722871
85.240897 23.474012 46.722160
84.176463 53.575239 6.634525
90.293939 42.653871 -5.258507
96.735834 15.772703 19.834318
7
63.297185 -41.381288 -65.429775
55.154530 -2.250649 -83.384126
52.125736 -2.267311 -85.309829
23.199574 -40.326500 -88.518660
22.889059 -41.117542 -88.235133
28.685175 -52.087619 -80.399258
54.837055 -50.408311 -66.722556
4
84.549454 -39.574259 -35.850633
93.760904 -11.199485 -32.916022
85.350293 1.828031 -52.076730
75.265225 -39.745225 -52.492505
6
-21.856381 16.550503 96.168495
-31.953967 -5.436376 94.601215
-55.122417 -6.466095 83.184787
-57.957204 29.905722 75.806400
-52.336117 34.884820 77.743039
-33.717132 38.500824 85.911825
4
-93.701509 11.859325 32.853975
-85.860592 27.356803 43.353939
-76.110553 -6.304405 64.555699
-82.877580 -19.409335 52.484135
5
-74.636006 -48.594223 45.476017
-95.842336 -27.484285 7.672069
-82.428155 -24.130567 51.218307
-79.897732 -28.431394 52.990644
-74.623767 -48.012160 46.109933
5
-70.275611 68.082803 -20.641473
-72.767808 65.808161 -19.342494
-75.644790 62.209228 -20.195982
-76.995522 34.108909 -53.928397
-54.931052 49.210965 -67.534143
6
72.288991 -41.964743 -54.893188
75.265225 -39.745225 -52.492505
85.350293 1.828031 -52.076730
78.392259 14.523152 -60.363332
55.154530 -2.250649 -83.384126
63.297185 -41.381288 -65.429775
7
-44.118022 -70.538032 55.479602
-36.465653 -72.521546 58.402753
-16.006865 -86.169430 48.151942
-16.481089 -88.323402 43.901599
-37.271539 -89.491831 24.536597
-62.496062 -70.772496 32.946868
-62.180227 -70.062093 34.998893
4
13.825563 47.974747 86.644547
55.434775 64.658036 52.405383
68.984904 39.910242 60.400791
33.475111 20.541058 91.964569
5
32.823178 9.175083 94.013067
51.173908 -6.958132 85.631860
33.827932 -37.541519 86.291978
28.267009 -38.469899 87.869466
15.153097 -3.116797 98.796099
5
54.837055 -50.408311 -66.722556
28.685175 -52.087619 -80.399258
23.643365 -68.663450 -68.748251
29.783376 -72.214132 -62.434523
52.409039 -65.095768 -54.916606
5
63.131465 -72.495175 -27.547555
68.832210 -72.326706 -5.565475
86.873710 -49.505577 1.468456
90.320356 -42.334137 -7.074898
84.522912 -42.088125 -32.931247
6
-21.856381 16.550503 96.168495
-33.717132 38.500824 85.911825
-6.220476 60.378179 79.471889
-5.244288 60.282715 79.614645
11.855465 48.761006 86.497470
-10.037601 16.392714 98.135241
5
84.549454 -39.574259 -35.850633
84.522912 -42.088125 -32.931247
90.320356 -42.334137 -7.074898
98.102171 -12.031361 -15.205601
93.760904 -11.199485 -32.916022
6
72.288991 -41.964743 -54.893188
63.297185 -41.381288 -65.429775
54.837055 -50.408311 -66.722556
52.409039 -65.095768 -54.916606
60.615027 -73.446855 -30.518486
61.915125 -72.814049 -29.404617
4
-37.049854 83.750330 -40.164544
-2.990939 99.487456 -9.659213
-23.355993 96.647641 10.664482
-55.609050 79.538597 -24.109026
5
-9.749817 69.060592 -71.662931
18.323782 76.443737 -61.810955
-3.571148 89.977724 -43.488575
-33.830806 82.211224 -45.790732
-31.255701 75.279506 -57.931660
4
96.735834 15.772703 19.834318
90.293939 42.653871 -5.258507
91.404692 36.554537 -17.576920
99.890402 0.349545 -4.667487
9
93.760904 -11.199485 -32.916022
98.102171 -12.031361 -15.205601
99.698158 -4.943278 -5.986756
99.890402 0.349545 -4.667487
91.404692 36.554537 -17.576920
89.196376 36.861954 -26.176381
78.627292 17.300184 -59.316545
78.392259 14.523152 -60.363332
85.350293 1.828031 -52.076730
6
-94.345304 10.779007 31.349269
-93.701509 11.859325 32.853975
-82.877580 -19.409335 52.484135
-82.428155 -24.130567 51.218307
-95.842336 -27.484285 7.672069
-96.492039 -26.125403 2.598039
