100
6
-65.236462 -61.082567 44.867851
-55.641388 -75.723333 34.205450
-56.901918 -78.656898 23.984666
-80.418731 -56.023115 19.855434
-81.132004 -54.640754 20.784269
-82.340521 -45.669073 33.680474
5
-42.473977 8.744632 -90.108228
-34.829042 3.605366 -93.669307
9.789090 -3.303208 -99.464881
6.841509 32.684397 -94.259874
-1.157510 42.604701 -90.462698
7
36.507791 64.449802 -67.181874
4.879112 63.532544 -77.070164
-2.241631 48.550433 -87.394682
-1.157510 42.604701 -90.462698
6.841509 32.684397 -94.259874
40.097983 34.182593 -84.992365
49.648482 49.886961 -71.037451
7
-66.674677 -41.877126 -61.650578
-68.388179 -30.117698 -66.452850
-76.980441 -21.482756 -60.104100
-88.860319 -33.390793 -31.446761
-88.689671 -36.861363 -27.845683
-85.228799 -43.262702 -29.400517
-85.101037 -43.410149 -29.552877
5
74.068019 -14.807560 -65.533692
33.762348 -15.236532 -92.886770
34.383886 -17.599872 -92.238782
56.388843 -46.832699 -68.022030
75.745008 -30.702142 -57.620069
5
47.677208 -85.928478 18.525132
55.459248 -81.069966 -18.759860
53.749294 -82.060173 -19.420127
23.743812 -96.275741 -12.931089
31.728146 -92.405982 21.318048
6
0.766814 99.864437 5.148428
19.292979 96.389521 -18.353236
44.967383 88.393718 12.825176
18.635504 89.048014 41.511074
16.980651 89.656244 40.907399
9.757915 93.043936 35.321509
6
96.125581 -27.039940 -5.358570
77.437084 -57.846037 -25.638525
67.798831 -71.585212 -16.699579
75.957750 -62.250038 18.850809
88.662741 -35.772213 29.313260
91.649625 -30.268338 26.156720
5
38.251073 77.284653 -50.635342
30.947873 91.378494 -26.309693
19.293046 96.387596 -18.363268
-5.077269 90.879853 -41.413447
37.752574 76.897955 -51.589220
7
-48.805872 -37.139775 78.984961
-45.926028 -37.279374 80.629078
-11.018716 -71.206023 69.341836
-13.884431 -74.896301 64.790175
-30.828269 -79.908648 51.616139
-39.703683 -75.839568 51.691174
-51.377724 -53.573572 67.008968
6
-96.570450 -0.859307 25.950141
-86.283315 -1.966459 50.510619
-82.340521 -45.669073 33.680474
-81.132004 -54.640754 20.784269
-94.857609 -28.573576 -13.622950
-99.699738 -6.912431 3.490071
4
-88.860319 -33.390793 -31.446761
-76.980441 -21.482756 -60.104100
-76.950337 -5.978652 -63.583813
-87.459767 6.042644 -48.106919
6
54.674764 82.442066 -14.627918
54.369345 82.416600 -15.858070
57.508613 74.492726 -33.817056
65.781533 66.893823 -34.612228
68.393867 65.258663 -32.612663
76.177649 64.258328 -8.236078
9
29.164187 -70.141512 -65.035517
18.188208 -62.105612 -76.237012
1.749404 -58.658899 -80.969581
1.113988 -58.689758 -80.958454
-15.116133 -70.529988 -69.260547
-15.455444 -72.270617 -67.365326
-5.263591 -84.406909 -53.364485
22.355108 -81.360076 -53.672966
24.642582 -79.660794 -55.198741
6
9.789090 -3.303208 -99.464881
14.154049 -8.391143 -98.636969
31.467976 -11.887614 -94.172454
43.306297 4.765135 -90.010322
40.097983 34.182593 -84.992365
6.841509 32.684397 -94.259874
4
-41.098504 -90.486818 11.092735
-27.118978 -86.705786 41.793154
2.949723 -95.466540 29.621596
-3.324497 -98.046689 19.385420
5
-1.477731 -99.949286 2.820749
20.860130 -96.736512 -14.384095
14.462862 -95.451040 -26.075363
-2.142440 -95.917819 -28.198969
-13.793803 -98.580298 -9.573703
5
66.836073 42.568025 60.999201
55.543748 51.159307 65.556215
59.365635 66.165283 45.802585
76.285753 58.655961 27.202245
78.572711 49.429852 37.188962
6
16.048173 9.514670 98.244222
23.084013 12.704211 96.466219
28.570313 8.374864 95.465171
46.852811 -23.028233 85.290765
37.575534 -32.118961 86.927853
5.848947 -26.013481 96.379918
5
-34.829042 3.605366 -93.669307
-22.664448 -37.411320 -89.926169
11.779248 -11.760860 -98.604926
14.154049 -8.391143 -98.636969
9.789090 -3.303208 -99.464881
5
23.942451 29.064543 92.639146
42.949290 41.548195 80.181706
62.776891 19.354434 75.395410
28.570313 8.374864 95.465171
23.084013 12.704211 96.466219
7
17.630086 -92.353016 34.060247
7.160747 -94.408695 32.182635
-13.884431 -74.896301 64.790175
-11.018716 -71.206023 69.341836
11.383380 -64.108545 75.898044
20.496418 -64.377500 73.725398
29.717885 -72.078664 62.621989
6
-12.477665 8.237385 98.875949
-16.857615 52.023005 83.722325
-2.118752 54.513870 83.807809
23.942451 29.064543 92.639146
23.084013 12.704211 96.466219
16.048173 9.514670 98.244222
6
75.957750 -62.250038 18.850809
67.798831 -71.585212 -16.699579
56.601882 -80.209877 -19.042126
55.459248 -81.069966 -18.759860
47.677208 -85.928478 18.525132
58.025153 -77.299598 25.648661
6
76.526678 -55.475245 -32.652178
77.262730 -31.335267 -55.213871
75.745008 -30.702142 -57.620069
56.388843 -46.832699 -68.022030
48.551396 -60.474780 -63.131315
53.467757 -62.942170 -56.386898
6
-47.123616 87.279112 12.716973
-30.890159 94.482277 -10.904010
0.766814 99.864437 5.148428
9.757915 93.043936 35.321509
-31.134720 89.907122 30.778868
-47.210762 87.178245 13.080426
5
-76.980441 -21.482756 -60.104100
-68.388179 -30.117698 -66.452850
-55.246551 -18.774523 -81.211673
-54.386651 -0.847951 -83.912890
-76.950337 -5.978652 -63.583813
5
-13.884431 -74.896301 64.790175
7.160747 -94.408695 32.182635
2.949723 -95.466540 29.621596
-27.118978 -86.705786 41.793154
-30.828269 -79.908648 51.616139
7
66.188372 17.410833 72.910646
62.776891 19.354434 75.395410
42.949290 41.548195 80.181706
45.232715 51.151086 73.058660
55.543748 51.159307 65.556215
66.836073 42.568025 60.999201
71.592548 21.962962 66.273187
6
-69.383808 48.345756 -53.372043
-44.649770 58.722182 -67.513727
-21.453512 86.079175 -46.153249
-28.214282 88.257300 -37.611212
-55.658554 75.975814 -33.612514
-74.037444 47.926817 -47.132547
5
-86.449620 36.173993 -34.898501
-85.771119 37.540205 -35.129022
-79.778173 58.858369 -13.081875
-78.132971 60.173908 16.563204
-93.307228 35.714052 4.274058
5
-89.214067 27.193979 -36.074060
-86.449620 36.173993 -34.898501
-93.307228 35.714052 4.274058
-96.570450 -0.859307 25.950141
-99.699738 -6.912431 3.490071
6
-15.116133 -70.529988 -69.260547
-43.436601 -51.960702 -73.575452
-48.943788 -55.342875 -67.391926
-50.131782 -67.905734 -53.624767
-38.308622 -77.740918 -49.887865
-15.455444 -72.270617 -67.365326
7
-30.828269 -79.908648 51.616139
-27.118978 -86.705786 41.793154
-41.098504 -90.486818 11.092735
-46.387370 -88.351841 6.493391
-56.901918 -78.656898 23.984666
-55.641388 -75.723333 34.205450
-39.703683 -75.839568 51.691174
5
77.437084 -57.846037 -25.638525
76.526678 -55.475245 -32.652178
53.467757 -62.942170 -56.386898
56.601882 -80.209877 -19.042126
67.798831 -71.585212 -16.699579
8
51.585582 49.086922 -70.209699
63.805565 48.754561 -59.597338
65.781533 66.893823 -34.612228
57.508613 74.492726 -33.817056
38.251073 77.284653 -50.635342
37.752574 76.897955 -51.589220
36.507791 64.449802 -67.181874
49.648482 49.886961 -71.037451
5
-47.123616 87.279112 12.716973
-66.234259 72.999144 -16.856686
-55.658554 75.975814 -33.612514
-28.214282 88.257300 -37.611212
-30.890159 94.482277 -10.904010
5
29.164187 -70.141512 -65.035517
48.551396 -60.474780 -63.131315
56.388843 -46.832699 -68.022030
34.383886 -17.599872 -92.238782
18.188208 -62.105612 -76.237012
4
57.508613 74.492726 -33.817056
54.369345 82.416600 -15.858070
30.947873 91.378494 -26.309693
38.251073 77.284653 -50.635342
6
28.570313 8.374864 95.465171
62.776891 19.354434 75.395410
66.188372 17.410833 72.910646
64.866186 -6.806662 75.802686
54.419948 -22.587246 80.797807
46.852811 -23.028233 85.290765
6
93.366513 35.499531 -4.741051
84.372523 53.365073 5.783279
76.177649 64.258328 -8.236078
68.393867 65.258663 -32.612663
92.276569 23.421828 -30.601516
93.010869 22.827812 -28.772718
8
-86.283315 -1.966459 50.510619
-96.570450 -0.859307 25.950141
-93.307228 35.714052 4.274058
-78.132971 60.173908 16.563204
-72.035108 63.330485 28.287681
-71.595563 48.046424 50.651916
-83.346584 2.137736 55.215732
-83.852331 0.222355 54.486118
4
71.592548 21.962962 66.273187
66.836073 42.568025 60.999201
78.572711 49.429852 37.188962
87.572985 16.354742 45.425706
6
-1.157510 42.604701 -90.462698
-2.241631 48.550433 -87.394682
-39.435435 49.240858 -77.589847
-47.928428 10.526137 -87.132463
-47.514643 9.583794 -87.467191
-42.473977 8.744632 -90.108228
5
92.276569 23.421828 -30.601516
68.393867 65.258663 -32.612663
65.781533 66.893823 -34.612228
63.805565 48.754561 -59.597338
91.311243 23.549175 -33.282027
6
-31.134720 89.907122 30.778868
-33.981292 68.819251 64.102906
-37.825804 61.232674 69.424550
-71.595563 48.046424 50.651916
-72.035108 63.330485 28.287681
-47.210762 87.178245 13.080426
6
-47.486623 -87.968870 -2.549238
-31.109643 -94.390671 -11.072097
-16.943991 -90.211613 -39.683322
-35.336154 -81.827441 -45.339014
-49.580695 -86.679450 -5.331761
-49.516624 -86.733611 -5.038319
5
-2.142440 -95.917819 -28.198969
-15.995153 -90.301365 -39.872529
-16.943991 -90.211613 -39.683322
-31.109643 -94.390671 -11.072097
-13.793803 -98.580298 -9.573703
7
21.543930 85.296617 47.543098
18.635504 89.048014 41.511074
44.967383 88.393718 12.825176
46.646499 87.626492 12.070709
77.117295 60.263907 20.522774
76.285753 58.655961 27.202245
59.365635 66.165283 45.802585
7
-99.699738 -6.912431 3.490071
-94.857609 -28.573576 -13.622950
-88.689671 -36.861363 -27.845683
-88.860319 -33.390793 -31.446761
-87.459767 6.042644 -48.106919
-88.047261 17.929043 -43.888828
-89.214067 27.193979 -36.074060
6
-47.486623 -87.968870 -2.549238
-49.516624 -86.733611 -5.038319
-76.441155 -64.397296 -3.120583
-80.418731 -56.023115 19.855434
-56.901918 -78.656898 23.984666
-46.387370 -88.351841 6.493391
7
-89.214067 27.193979 -36.074060
-88.047261 17.929043 -43.888828
-56.310957 16.597918 -80.954217
-69.383808 48.345756 -53.372043
-74.037444 47.926817 -47.132547
-85.771119 37.540205 -35.129022
-86.449620 36.173993 -34.898501
7
-13.793803 -98.580298 -9.573703
-31.109643 -94.390671 -11.072097
-47.486623 -87.968870 -2.549238
-46.387370 -88.351841 6.493391
-41.098504 -90.486818 11.092735
-3.324497 -98.046689 19.385420
-1.477731 -99.949286 2.820749
6
-2.241631 48.550433 -87.394682
4.879112 63.532544 -77.070164
-21.450135 86.079329 -46.154532
-21.453512 86.079175 -46.153249
-44.649770 58.722182 -67.513727
-39.435435 49.240858 -77.589847
6
-20.666551 1.694944 97.826483
-12.477665 8.237385 98.875949
16.048173 9.514670 98.244222
5.848947 -26.013481 96.379918
-10.407665 -32.256236 94.080900
-24.996580 -26.912112 93.010264
5
91.311243 23.549175 -33.282027
63.805565 48.754561 -59.597338
51.585582 49.086922 -70.209699
68.245800 11.994291 -72.101649
76.428633 6.292370 -64.179983
5
-45.926028 -37.279374 80.629078
-24.996580 -26.912112 93.010264
-10.407665 -32.256236 94.080900
11.383380 -64.108545 75.898044
-11.018716 -71.206023 69.341836
4
9.757915 93.043936 35.321509
16.980651 89.656244 40.907399
-33.981292 68.819251 64.102906
-31.134720 89.907122 30.778868
6
93.328735 -4.770054 35.594856
64.866186 -6.806662 75.802686
66.188372 17.410833 72.910646
71.592548 21.962962 66.273187
87.572985 16.354742 45.425706
93.389740 2.809490 35.643557
5
-71.595563 48.046424 50.651916
-37.825804 61.232674 69.424550
-24.849207 53.321778 80.865969
-44.033201 16.285120 88.294236
-83.346584 2.137736 55.215732
7
24.642582 -79.660794 -55.198741
53.749294 -82.060173 -19.420127
55.459248 -81.069966 -18.759860
56.601882 -80.209877 -19.042126
53.467757 -62.942170 -56.386898
48.551396 -60.474780 -63.131315
29.164187 -70.141512 -65.035517
8
-23.475322 -39.500196 -88.818037
-22.664448 -37.411320 -89.926169
-34.829042 3.605366 -93.669307
-42.473977 8.744632 -90.108228
-47.514643 9.583794 -87.467191
-54.386651 -0.847951 -83.912890
-55.246551 -18.774523 -81.211673
-39.952415 -44.287938 -80.264457
5
4.879112 63.532544 -77.070164
36.507791 64.449802 -67.181874
37.752574 76.897955 -51.589220
-5.077269 90.879853 -41.413447
-21.450135 86.079329 -46.154532
5
21.543930 85.296617 47.543098
59.365635 66.165283 45.802585
55.543748 51.159307 65.556215
45.232715 51.151086 73.058660
21.455406 75.613502 61.824460
6
-49.516624 -86.733611 -5.038319
-49.580695 -86.679450 -5.331761
-64.834701 -66.311780 -37.406008
-85.101037 -43.410149 -29.552877
-85.228799 -43.262702 -29.400517
-76.441155 -64.397296 -3.120583
6
70.727933 -42.912123 56.179259
54.419948 -22.587246 80.797807
64.866186 -6.806662 75.802686
93.328735 -4.770054 35.594856
91.649625 -30.268338 26.156720
88.662741 -35.772213 29.313260
6
-47.210762 87.178245 13.080426
-72.035108 63.330485 28.287681
-78.132971 60.173908 16.563204
-79.778173 58.858369 -13.081875
-66.234259 72.999144 -16.856686
-47.123616 87.279112 12.716973
6
-15.455444 -72.270617 -67.365326
-38.308622 -77.740918 -49.887865
-35.336154 -81.827441 -45.339014
-16.943991 -90.211613 -39.683322
-15.995153 -90.301365 -39.872529
-5.263591 -84.406909 -53.364485
6
-48.943788 -55.342875 -67.391926
-43.436601 -51.960702 -73.575452
-39.952415 -44.287938 -80.264457
-55.246551 -18.774523 -81.211673
-68.388179 -30.117698 -66.452850
-66.674677 -41.877126 -61.650578
8
93.010869 22.827812 -28.772718
92.276569 23.421828 -30.601516
91.311243 23.549175 -33.282027
76.428633 6.292370 -64.179983
74.068019 -14.807560 -65.533692
75.745008 -30.702142 -57.620069
77.262730 -31.335267 -55.213871
96.895273 -13.339904 -20.817135
7
96.895273 -13.339904 -20.817135
96.125581 -27.039940 -5.358570
91.649625 -30.268338 26.156720
93.328735 -4.770054 35.594856
93.389740 2.809490 35.643557
93.366513 35.499531 -4.741051
93.010869 22.827812 -28.772718
5
-69.383808 48.345756 -53.372043
-56.310957 16.597918 -80.954217
-47.928428 10.526137 -87.132463
-39.435435 49.240858 -77.589847
-44.649770 58.722182 -67.513727
5
-2.118752 54.513870 83.807809
21.455406 75.613502 61.824460
45.232715 51.151086 73.058660
42.949290 41.548195 80.181706
23.942451 29.064543 92.639146
5
96.125581 -27.039940 -5.358570
96.895273 -13.339904 -20.817135
77.262730 -31.335267 -55.213871
76.526678 -55.475245 -32.652178
77.437084 -57.846037 -25.638525
7
46.646499 87.626492 12.070709
44.967383 88.393718 12.825176
19.292979 96.389521 -18.353236
19.293046 96.387596 -18.363268
30.947873 91.378494 -26.309693
54.369345 82.416600 -15.858070
54.674764 82.442066 -14.627918
5
-55.658554 75.975814 -33.612514
-66.234259 72.999144 -16.856686
-79.778173 58.858369 -13.081875
-85.771119 37.540205 -35.129022
-74.037444 47.926817 -47.132547
7
-83.852331 0.222355 54.486118
-83.346584 2.137736 55.215732
-44.033201 16.285120 88.294236
-20.666551 1.694944 97.826483
-24.996580 -26.912112 93.010264
-45.926028 -37.279374 80.629078
-48.805872 -37.139775 78.984961
6
-83.852331 0.222355 54.486118
-48.805872 -37.139775 78.984961
-51.377724 -53.573572 67.008968
-65.236462 -61.082567 44.867851
-82.340521 -45.669073 33.680474
-86.283315 -1.966459 50.510619
5
5.848947 -26.013481 96.379918
37.575534 -32.118961 86.927853
20.496418 -64.377500 73.725398
11.383380 -64.108545 75.898044
-10.407665 -32.256236 94.080900
5
1.113988 -58.689758 -80.958454
-23.475322 -39.500196 -88.818037
-39.952415 -44.287938 -80.264457
-43.436601 -51.960702 -73.575452
-15.116133 -70.529988 -69.260547
5
-64.834701 -66.311780 -37.406008
-50.131782 -67.905734 -53.624767
-48.943788 -55.342875 -67.391926
-66.674677 -41.877126 -61.650578
-85.101037 -43.410149 -29.552877
7
84.372523 53.365073 5.783279
93.366513 35.499531 -4.741051
93.389740 2.809490 35.643557
87.572985 16.354742 45.425706
78.572711 49.429852 37.188962
76.285753 58.655961 27.202245
77.117295 60.263907 20.522774
8
-1.477731 -99.949286 2.820749
-3.324497 -98.046689 19.385420
2.949723 -95.466540 29.621596
7.160747 -94.408695 32.182635
17.630086 -92.353016 34.060247
31.728146 -92.405982 21.318048
23.743812 -96.275741 -12.931089
20.860130 -96.736512 -14.384095
5
84.372523 53.365073 5.783279
77.117295 60.263907 20.522774
46.646499 87.626492 12.070709
54.674764 82.442066 -14.627918
76.177649 64.258328 -8.236078
6
58.025153 -77.299598 25.648661
47.677208 -85.928478 18.525132
31.728146 -92.405982 21.318048
17.630086 -92.353016 34.060247
29.717885 -72.078664 62.621989
47.777533 -67.756520 55.913875
5
14.462862 -95.451040 -26.075363
22.355108 -81.360076 -53.672966
-5.263591 -84.406909 -53.364485
-15.995153 -90.301365 -39.872529
-2.142440 -95.917819 -28.198969
4
-51.377724 -53.573572 67.008968
-39.703683 -75.839568 51.691174
-55.641388 -75.723333 34.205450
-65.236462 -61.082567 44.867851
6
-94.857609 -28.573576 -13.622950
-81.132004 -54.640754 20.784269
-80.418731 -56.023115 19.855434
-76.441155 -64.397296 -3.120583
-85.228799 -43.262702 -29.400517
-88.689671 -36.861363 -27.845683
8
-30.890159 94.482277 -10.904010
-28.214282 88.257300 -37.611212
-21.453512 86.079175 -46.153249
-21.450135 86.079329 -46.154532
-5.077269 90.879853 -41.413447
19.293046 96.387596 -18.363268
19.292979 96.389521 -18.353236
0.766814 99.864437 5.148428
7
47.777533 -67.756520 55.913875
29.717885 -72.078664 62.621989
20.496418 -64.377500 73.725398
37.575534 -32.118961 86.927853
46.852811 -23.028233 85.290765
54.419948 -22.587246 80.797807
70.727933 -42.912123 56.179259
9
-37.825804 61.232674 69.424550
-33.981292 68.819251 64.102906
16.980651 89.656244 40.907399
18.635504 89.048014 41.511074
21.543930 85.296617 47.543098
21.455406 75.613502 61.824460
-2.118752 54.513870 83.807809
-16.857615 52.023005 83.722325
-24.849207 53.321778 80.865969
6
74.068019 -14.807560 -65.533692
76.428633 6.292370 -64.179983
68.245800 11.994291 -72.101649
43.306297 4.765135 -90.010322
31.467976 -11.887614 -94.172454
33.762348 -15.236532 -92.886770
5
-64.834701 -66.311780 -37.406008
-49.580695 -86.679450 -5.331761
-35.336154 -81.827441 -45.339014
-38.308622 -77.740918 -49.887865
-50.131782 -67.905734 -53.624767
7
18.188208 -62.105612 -76.237012
34.383886 -17.599872 -92.238782
33.762348 -15.236532 -92.886770
31.467976 -11.887614 -94.172454
14.154049 -8.391143 -98.636969
11.779248 -11.760860 -98.604926
1.749404 -58.658899 -80.969581
5
-20.666551 1.694944 97.826483
-44.033201 16.285120 88.294236
-24.849207 53.321778 80.865969
-16.857615 52.023005 83.722325
-12.477665 8.237385 98.875949
7
-87.459767 6.042644 -48.106919
-76.950337 -5.978652 -63.583813
-54.386651 -0.847951 -83.912890
-47.514643 9.583794 -87.467191
-47.928428 10.526137 -87.132463
-56.310957 16.597918 -80.954217
-88.047261 17.929043 -43.888828
6
22.355108 -81.360076 -53.672966
14.462862 -95.451040 -26.075363
20.860130 -96.736512 -14.384095
23.743812 -96.275741 -12.931089
53.749294 -82.060173 -19.420127
24.642582 -79.660794 -55.198741
5
49.648482 49.886961 -71.037451
40.097983 34.182593 -84.992365
43.306297 4.765135 -90.010322
68.245800 11.994291 -72.101649
51.585582 49.086922 -70.209699
5
47.777533 -67.756520 55.913875
70.727933 -42.912123 56.179259
88.662741 -35.772213 29.313260
75.957750 -62.250038 18.850809
58.025153 -77.299598 25.648661
5
1.749404 -58.658899 -80.969581
11.779248 -11.760860 -98.604926
-22.664448 -37.411320 -89.926169
-23.475322 -39.500196 -88.818037
1.113988 -58.689758 -80.958454
