100
5
-52.771293 -50.199198 -68.521757
-71.039405 -17.336509 -68.211791
-82.978600 -32.612477 -45.287728
-72.781368 -52.791573 -43.771251
-71.318920 -53.847633 -44.878102
7
-27.753680 -83.906789 -46.790853
-3.647331 -98.504352 -16.840118
0.675311 -98.537055 -17.029176
28.244397 -91.869611 -27.608487
22.138394 -79.409317 -56.604345
-16.499020 -70.662541 -68.808340
-19.927539 -71.356322 -67.165232
7
55.541449 80.180636 22.050240
59.974584 72.440864 33.990741
36.419973 61.221709 70.181821
30.875759 62.323964 71.849920
16.842172 72.256611 67.047173
20.044035 96.343250 17.782430
30.024087 94.459477 13.265045
6
83.083717 24.396892 -50.018873
88.140713 35.244737 -31.448740
84.760297 43.850640 -29.879984
58.231842 71.988220 -37.772329
49.221991 69.635081 -52.231705
60.452473 46.545174 -64.645535
7
-19.120229 36.086362 91.280838
10.405354 72.509805 68.073907
16.842172 72.256611 67.047173
30.875759 62.323964 71.849920
20.972172 30.980772 92.738125
-16.841225 14.867066 97.444053
-18.075487 15.854408 97.066547
6
9.829217 -7.241648 -99.251927
30.460013 -24.844065 -91.950857
61.264371 3.960422 -78.936632
45.598155 26.887476 -84.840273
28.312575 35.728893 -89.004743
14.375161 22.284647 -96.419652
5
-19.386275 -91.415120 35.601238
-10.031568 -89.100795 44.276585
9.048656 -94.475474 31.504072
-10.700072 -99.364258 -3.500395
-22.027715 -97.346804 6.195124
6
61.264371 3.960422 -78.936632
30.460013 -24.844065 -91.950857
30.443273 -27.312842 -91.253580
58.409856 -39.943512 -70.659781
80.265548 -14.295569 -57.905773
75.822565 0.749288 -65.194917
7
-60.073245 29.790147 74.187279
-55.689060 47.673166 68.014689
-41.560467 62.080545 66.473555
-37.356372 62.282789 68.741222
-19.120229 36.086362 91.280838
-18.075487 15.854408 97.066547
-40.949430 16.925618 89.647463
7
-90.749128 -41.947607 2.234744
-86.510795 -50.087157 2.675657
-80.276036 -59.554992 -2.993490
-74.122544 -63.482131 -21.814387
-72.781368 -52.791573 -43.771251
-82.978600 -32.612477 -45.287728
-84.019808 -31.910166 -43.845332
4
54.881135 47.059793 69.090064
36.419973 61.221709 70.181821
59.974584 72.440864 33.990741
86.600695 37.651261 32.904440
8
-34.505163 -83.112071 -43.609373
-49.697102 -82.768566 -26.068422
-52.342216 -84.652086 -9.711679
-43.965399 -89.395953 8.683739
-22.027715 -97.346804 6.195124
-10.700072 -99.364258 -3.500395
-3.647331 -98.504352 -16.840118
-27.753680 -83.906789 -46.790853
6
36.419973 61.221709 70.181821
54.881135 47.059793 69.090064
61.983001 12.799067 77.422810
45.880412 1.080185 88.847178
20.972172 30.980772 92.738125
30.875759 62.323964 71.849920
6
28.244397 -91.869611 -27.608487
37.231280 -89.293852 -25.306913
57.761621 -63.947420 -50.737783
53.190492 -62.225589 -57.434725
40.676920 -64.239528 -64.951299
22.138394 -79.409317 -56.604345
8
-60.055052 -16.645623 78.206867
-58.028514 -25.684200 77.285273
-58.275948 -31.360269 74.969643
-73.816084 -37.878173 55.824992
-76.110827 -37.131778 53.182451
-89.480771 -20.129148 39.849830
-89.143972 -3.649156 45.166758
-72.857126 0.809017 68.492223
6
-3.647331 -98.504352 -16.840118
-10.700072 -99.364258 -3.500395
9.048656 -94.475474 31.504072
11.460551 -94.181013 31.600516
28.027056 -94.692474 15.742286
0.675311 -98.537055 -17.029176
6
-74.647955 -59.068145 30.637184
-53.701121 -77.464641 33.397889
-53.661743 -81.014391 23.602666
-75.214890 -65.897628 -0.472135
-80.276036 -59.554992 -2.993490
-86.510795 -50.087157 2.675657
7
85.864569 -49.634299 12.795004
96.531922 -26.065861 -1.469317
96.643454 -25.573286 -2.459637
95.990687 -27.358749 -6.106302
89.870920 -40.360882 -17.152751
79.232544 -59.478227 -13.584718
79.518798 -60.153980 7.632791
5
55.660722 78.276847 -27.831982
70.069459 71.280208 3.066423
55.541449 80.180636 22.050240
30.024087 94.459477 13.265045
40.946619 89.804275 -16.080004
4
6.478858 -78.894429 61.103957
-1.272436 -79.894765 60.126595
-6.817734 -58.146741 81.070803
17.354023 -63.520888 75.259117
6
69.751972 -49.835522 51.488670
62.037665 -61.890225 48.176013
35.701927 -62.688884 69.249377
30.463830 -56.293222 76.831167
32.007825 -46.001888 82.821045
42.860356 -37.716494 82.100280
6
-76.893917 18.077253 -61.323229
-69.523144 3.999428 -71.767242
-48.603207 16.941839 -85.736237
-43.511286 27.272566 -85.807780
-46.803138 39.134407 -79.233607
-62.488801 40.613799 -66.675851
5
-48.247132 87.580403 -1.373787
-57.930400 81.229091 6.775223
-90.448710 42.439967 -4.228472
-60.004037 73.815675 -30.834424
-47.223421 87.973933 -5.525903
8
-19.927539 -71.356322 -67.165232
-16.499020 -70.662541 -68.808340
-15.617693 -70.011270 -69.674312
-4.254486 -48.702308 -87.235225
-19.719308 -12.467301 -97.240502
-20.215766 -12.344872 -97.154140
-37.608493 -23.004262 -89.757480
-35.111960 -56.850671 -74.398599
6
45.600666 0.103589 88.997576
50.200254 -21.306772 83.820975
42.860356 -37.716494 82.100280
32.007825 -46.001888 82.821045
-3.285948 -26.503232 96.367947
-3.604017 -19.622433 97.989648
7
-58.275948 -31.360269 74.969643
-58.028514 -25.684200 77.285273
-12.055145 -5.358796 99.125964
-3.604017 -19.622433 97.989648
-3.285948 -26.503232 96.367947
-6.417676 -31.113992 94.819475
-52.664194 -36.785173 76.637678
7
-21.855297 65.539578 -72.297370
-21.767136 62.013527 -75.369186
-17.168134 58.737199 -79.089801
8.760627 57.819402 -81.118236
21.630841 79.460738 -56.728281
19.453997 81.053461 -55.243809
-5.114958 83.027942 -55.499532
4
21.630841 79.460738 -56.728281
8.760627 57.819402 -81.118236
27.223354 39.505342 -87.739484
48.521843 69.756171 -52.722930
6
30.164085 -28.046969 -91.123518
30.443273 -27.312842 -91.253580
30.460013 -24.844065 -91.950857
9.829217 -7.241648 -99.251927
-19.719308 -12.467301 -97.240502
-4.254486 -48.702308 -87.235225
5
-55.689060 47.673166 68.014689
-77.366683 53.066022 34.617823
-56.664652 74.472281 35.256156
-44.935089 72.278365 52.504055
-41.560467 62.080545 66.473555
5
-76.893917 18.077253 -61.323229
-62.488801 40.613799 -66.675851
-57.692601 55.986729 -59.473103
-59.893555 61.270146 -51.562887
-92.565390 26.220320 -27.278991
4
-39.421714 79.405448 -46.267735
-21.855297 65.539578 -72.297370
-5.114958 83.027942 -55.499532
-19.001583 93.597736 -29.637876
6
-90.213631 37.645924 21.078072
-77.366683 53.066022 34.617823
-55.689060 47.673166 68.014689
-60.073245 29.790147 74.187279
-62.932979 27.851264 72.551687
-89.835865 25.363371 35.863864
5
-52.342216 -84.652086 -9.711679
-49.697102 -82.768566 -26.068422
-74.122544 -63.482131 -21.814387
-80.276036 -59.554992 -2.993490
-75.214890 -65.897628 -0.472135
5
98.874454 2.835399 -14.690227
99.664633 -5.117147 -6.385582
91.489993 17.602636 36.328065
89.390128 31.880342 31.512677
93.780085 27.725536 -20.894743
7
4.150129 99.201984 11.905580
20.044035 96.343250 17.782430
16.842172 72.256611 67.047173
10.405354 72.509805 68.073907
0.614654 74.555060 66.642067
-21.820919 88.336822 41.478349
-20.698941 94.791064 24.211732
6
-19.409615 33.904232 -92.053082
-17.168134 58.737199 -79.089801
-21.767136 62.013527 -75.369186
-30.648291 58.776536 -74.873233
-46.803138 39.134407 -79.233607
-43.511286 27.272566 -85.807780
5
-16.617265 29.822409 -93.991970
-19.409615 33.904232 -92.053082
-43.511286 27.272566 -85.807780
-48.603207 16.941839 -85.736237
-24.932686 0.871184 -96.838020
6
-21.820919 88.336822 41.478349
-44.935089 72.278365 52.504055
-56.664652 74.472281 35.256156
-56.522293 74.820303 34.744103
-23.269634 94.425216 23.289542
-20.698941 94.791064 24.211732
6
-53.661743 -81.014391 23.602666
-53.701121 -77.464641 33.397889
-51.510966 -77.199120 37.241325
-19.386275 -91.415120 35.601238
-22.027715 -97.346804 6.195124
-43.965399 -89.395953 8.683739
5
58.231842 71.988220 -37.772329
84.760297 43.850640 -29.879984
79.260505 60.877886 3.413985
70.069459 71.280208 3.066423
55.660722 78.276847 -27.831982
5
26.111227 -81.942043 51.026517
6.478858 -78.894429 61.103957
17.354023 -63.520888 75.259117
30.463830 -56.293222 76.831167
35.701927 -62.688884 69.249377
5
0.614654 74.555060 66.642067
-37.356372 62.282789 68.741222
-41.560467 62.080545 66.473555
-44.935089 72.278365 52.504055
-21.820919 88.336822 41.478349
6
-58.275948 -31.360269 74.969643
-52.664194 -36.785173 76.637678
-35.128857 -62.950032 69.305533
-35.832365 -68.200447 63.755319
-48.948720 -72.163879 48.953012
-73.816084 -37.878173 55.824992
6
-48.948720 -72.163879 48.953012
-51.510966 -77.199120 37.241325
-53.701121 -77.464641 33.397889
-74.647955 -59.068145 30.637184
-76.110827 -37.131778 53.182451
-73.816084 -37.878173 55.824992
6
89.924310 7.948198 43.016795
91.489993 17.602636 36.328065
99.664633 -5.117147 -6.385582
96.643454 -25.573286 -2.459637
96.531922 -26.065861 -1.469317
92.088006 -14.332237 36.254463
5
-40.949430 16.925618 89.647463
-60.055052 -16.645623 78.206867
-72.857126 0.809017 68.492223
-62.932979 27.851264 72.551687
-60.073245 29.790147 74.187279
6
93.780085 27.725536 -20.894743
89.390128 31.880342 31.512677
87.172285 36.871425 32.272136
79.260505 60.877886 3.413985
84.760297 43.850640 -29.879984
88.140713 35.244737 -31.448740
5
79.232544 -59.478227 -13.584718
89.870920 -40.360882 -17.152751
80.345813 -39.971128 -44.123228
69.990731 -57.822152 -41.927275
73.259961 -63.775579 -23.783472
6
55.936929 -80.581795 19.432813
53.411020 -83.127851 15.395562
28.027056 -94.692474 15.742286
11.460551 -94.181013 31.600516
27.566065 -83.334801 47.910574
54.906904 -78.037644 29.922532
7
-59.893555 61.270146 -51.562887
-54.991108 72.368943 -41.697891
-60.004037 73.815675 -30.834424
-90.448710 42.439967 -4.228472
-92.526939 37.791204 -3.254306
-95.289796 25.124449 -16.988730
-92.565390 26.220320 -27.278991
7
80.265548 -14.295569 -57.905773
58.409856 -39.943512 -70.659781
53.190492 -62.225589 -57.434725
57.761621 -63.947420 -50.737783
69.990731 -57.822152 -41.927275
80.345813 -39.971128 -44.123228
82.728388 -18.443447 -53.064612
8
75.822565 0.749288 -65.194917
80.265548 -14.295569 -57.905773
82.728388 -18.443447 -53.064612
85.695887 -17.691760 -48.406782
98.874454 2.835399 -14.690227
93.780085 27.725536 -20.894743
88.140713 35.244737 -31.448740
83.083717 24.396892 -50.018873
4
82.292072 -39.742343 40.602476
92.088006 -14.332237 36.254463
96.531922 -26.065861 -1.469317
85.864569 -49.634299 12.795004
4
10.405354 72.509805 68.073907
-19.120229 36.086362 91.280838
-37.356372 62.282789 68.741222
0.614654 74.555060 66.642067
6
79.518798 -60.153980 7.632791
79.232544 -59.478227 -13.584718
73.259961 -63.775579 -23.783472
50.650058 -85.758149 -8.950506
53.411020 -83.127851 15.395562
55.936929 -80.581795 19.432813
5
83.083717 24.396892 -50.018873
60.452473 46.545174 -64.645535
45.598155 26.887476 -84.840273
61.264371 3.960422 -78.936632
75.822565 0.749288 -65.194917
6
-89.480771 -20.129148 39.849830
-76.110827 -37.131778 53.182451
-74.647955 -59.068145 30.637184
-86.510795 -50.087157 2.675657
-90.749128 -41.947607 2.234744
-95.601131 -27.896834 9.065889
6
-19.927539 -71.356322 -67.165232
-35.111960 -56.850671 -74.398599
-52.771293 -50.199198 -68.521757
-71.318920 -53.847633 -44.878102
-34.505163 -83.112071 -43.609373
-27.753680 -83.906789 -46.790853
8
72.574986 -46.481308 50.718433
82.292072 -39.742343 40.602476
85.864569 -49.634299 12.795004
79.518798 -60.153980 7.632791
55.936929 -80.581795 19.432813
54.906904 -78.037644 29.922532
62.037665 -61.890225 48.176013
69.751972 -49.835522 51.488670
7
-39.421714 79.405448 -46.267735
-54.991108 72.368943 -41.697891
-59.893555 61.270146 -51.562887
-57.692601 55.986729 -59.473103
-30.648291 58.776536 -74.873233
-21.767136 62.013527 -75.369186
-21.855297 65.539578 -72.297370
5
98.874454 2.835399 -14.690227
85.695887 -17.691760 -48.406782
95.990687 -27.358749 -6.106302
96.643454 -25.573286 -2.459637
99.664633 -5.117147 -6.385582
5
57.761621 -63.947420 -50.737783
37.231280 -89.293852 -25.306913
50.650058 -85.758149 -8.950506
73.259961 -63.775579 -23.783472
69.990731 -57.822152 -41.927275
6
48.521843 69.756171 -52.722930
27.223354 39.505342 -87.739484
28.312575 35.728893 -89.004743
45.598155 26.887476 -84.840273
60.452473 46.545174 -64.645535
49.221991 69.635081 -52.231705
4
-15.617693 -70.011270 -69.674312
30.821161 -54.778429 -77.777759
30.164085 -28.046969 -91.123518
-4.254486 -48.702308 -87.235225
6
45.600666 0.103589 88.997576
-3.604017 -19.622433 97.989648
-12.055145 -5.358796 99.125964
-16.841225 14.867066 97.444053
20.972172 30.980772 92.738125
45.880412 1.080185 88.847178
6
16.471367 92.713209 -33.659396
-8.346163 97.693151 -19.656801
-17.885158 94.965473 -25.723142
-19.001583 93.597736 -29.637876
-5.114958 83.027942 -55.499532
19.453997 81.053461 -55.243809
8
-97.481568 15.226177 -16.294399
-95.289796 25.124449 -16.988730
-92.526939 37.791204 -3.254306
-90.213631 37.645924 21.078072
-89.835865 25.363371 35.863864
-89.143972 -3.649156 45.166758
-89.480771 -20.129148 39.849830
-95.601131 -27.896834 9.065889
8
81.754769 4.741202 57.390581
61.983001 12.799067 77.422810
54.881135 47.059793 69.090064
86.600695 37.651261 32.904440
87.172285 36.871425 32.272136
89.390128 31.880342 31.512677
91.489993 17.602636 36.328065
89.924310 7.948198 43.016795
5
-35.111960 -56.850671 -74.398599
-37.608493 -23.004262 -89.757480
-68.035752 -9.587377 -72.658232
-71.039405 -17.336509 -68.211791
-52.771293 -50.199198 -68.521757
5
69.751972 -49.835522 51.488670
42.860356 -37.716494 82.100280
50.200254 -21.306772 83.820975
70.449503 -24.151067 66.735249
72.574986 -46.481308 50.718433
6
-24.932686 0.871184 -96.838020
-48.603207 16.941839 -85.736237
-69.523144 3.999428 -71.767242
-68.035752 -9.587377 -72.658232
-37.608493 -23.004262 -89.757480
-20.215766 -12.344872 -97.154140
6
-35.128857 -62.950032 69.305533
-12.022958 -52.903785 84.003797
-6.817734 -58.146741 81.070803
-1.272436 -79.894765 60.126595
-9.762334 -83.254517 54.528729
-35.832365 -68.200447 63.755319
6
28.027056 -94.692474 15.742286
53.411020 -83.127851 15.395562
50.650058 -85.758149 -8.950506
37.231280 -89.293852 -25.306913
28.244397 -91.869611 -27.608487
0.675311 -98.537055 -17.029176
4
-72.857126 0.809017 68.492223
-89.143972 -3.649156 45.166758
-89.835865 25.363371 35.863864
-62.932979 27.851264 72.551687
8
6.478858 -78.894429 61.103957
26.111227 -81.942043 51.026517
27.566065 -83.334801 47.910574
11.460551 -94.181013 31.600516
9.048656 -94.475474 31.504072
-10.031568 -89.100795 44.276585
-9.762334 -83.254517 54.528729
-1.272436 -79.894765 60.126595
9
-97.481568 15.226177 -16.294399
-84.019808 -31.910166 -43.845332
-82.978600 -32.612477 -45.287728
-71.039405 -17.336509 -68.211791
-68.035752 -9.587377 -72.658232
-69.523144 3.999428 -71.767242
-76.893917 18.077253 -61.323229
-92.565390 26.220320 -27.278991
-95.289796 25.124449 -16.988730
4
-23.269634 94.425216 23.289542
-56.522293 74.820303 34.744103
-57.930400 81.229091 6.775223
-48.247132 87.580403 -1.373787
4
-95.601131 -27.896834 9.065889
-90.749128 -41.947607 2.234744
-84.019808 -31.910166 -43.845332
-97.481568 15.226177 -16.294399
6
-20.215766 -12.344872 -97.154140
-19.719308 -12.467301 -97.240502
9.829217 -7.241648 -99.251927
14.375161 22.284647 -96.419652
-16.617265 29.822409 -93.991970
-24.932686 0.871184 -96.838020
5
54.906904 -78.037644 29.922532
27.566065 -83.334801 47.910574
26.111227 -81.942043 51.026517
35.701927 -62.688884 69.249377
62.037665 -61.890225 48.176013
5
-71.318920 -53.847633 -44.878102
-72.781368 -52.791573 -43.771251
-74.122544 -63.482131 -21.814387
-49.697102 -82.768566 -26.068422
-34.505163 -83.112071 -43.609373
6
70.449503 -24.151067 66.735249
81.754769 4.741202 57.390581
89.924310 7.948198 43.016795
92.088006 -14.332237 36.254463
82.292072 -39.742343 40.602476
72.574986 -46.481308 50.718433
6
50.200254 -21.306772 83.820975
45.600666 0.103589 88.997576
45.880412 1.080185 88.847178
61.983001 12.799067 77.422810
81.754769 4.741202 57.390581
70.449503 -24.151067 66.735249
7
14.375161 22.284647 -96.419652
28.312575 35.728893 -89.004743
27.223354 39.505342 -87.739484
8.760627 57.819402 -81.118236
-17.168134 58.737199 -79.089801
-19.409615 33.904232 -92.053082
-16.617265 29.822409 -93.991970
4
-52.664194 -36.785173 76.637678
-6.417676 -31.113992 94.819475
-12.022958 -52.903785 84.003797
-35.128857 -62.950032 69.305533
7
-6.817734 -58.146741 81.070803
-12.022958 -52.903785 84.003797
-6.417676 -31.113992 94.819475
-3.285948 -26.503232 96.367947
32.007825 -46.001888 82.821045
30.463830 -56.293222 76.831167
17.354023 -63.520888 75.259117
6
40.946619 89.804275 -16.080004
30.024087 94.459477 13.265045
20.044035 96.343250 17.782430
4.150129 99.201984 11.905580
-8.346163 97.693151 -19.656801
16.471367 92.713209 -33.659396
6
70.069459 71.280208 3.066423
79.260505 60.877886 3.413985
87.172285 36.871425 32.272136
86.600695 37.651261 32.904440
59.974584 72.440864 33.990741
55.541449 80.180636 22.050240
7
-57.930400 81.229091 6.775223
-56.522293 74.820303 34.744103
-56.664652 74.472281 35.256156
-77.366683 53.066022 34.617823
-90.213631 37.645924 21.078072
-92.526939 37.791204 -3.254306
-90.448710 42.439967 -4.228472
7
4.150129 99.201984 11.905580
-20.698941 94.791064 24.211732
-23.269634 94.425216 23.289542
-48.247132 87.580403 -1.373787
-47.223421 87.973933 -5.525903
-17.885158 94.965473 -25.723142
-8.346163 97.693151 -19.656801
8
40.946619 89.804275 -16.080004
16.471367 92.713209 -33.659396
19.453997 81.053461 -55.243809
21.630841 79.460738 -56.728281
48.521843 69.756171 -52.722930
49.221991 69.635081 -52.231705
58.231842 71.988220 -37.772329
55.660722 78.276847 -27.831982
6
30.821161 -54.778429 -77.777759
40.676920 -64.239528 -64.951299
53.190492 -62.225589 -57.434725
58.409856 -39.943512 -70.659781
30.443273 -27.312842 -91.253580
30.164085 -28.046969 -91.123518
5
80.345813 -39.971128 -44.123228
89.870920 -40.360882 -17.152751
95.990687 -27.358749 -6.106302
85.695887 -17.691760 -48.406782
82.728388 -18.443447 -53.064612
6
-18.075487 15.854408 97.066547
-16.841225 14.867066 97.444053
-12.055145 -5.358796 99.125964
-58.028514 -25.684200 77.285273
-60.055052 -16.645623 78.206867
-40.949430 16.925618 89.647463
6
-47.223421 87.973933 -5.525903
-60.004037 73.815675 -30.834424
-54.991108 72.368943 -41.697891
-39.421714 79.405448 -46.267735
-19.001583 93.597736 -29.637876
-17.885158 94.965473 -25.723142
4
-43.965399 -89.395953 8.683739
-52.342216 -84.652086 -9.711679
-75.214890 -65.897628 -0.472135
-53.661743 -81.014391 23.602666
6
-35.832365 -68.200447 63.755319
-9.762334 -83.254517 54.528729
-10.031568 -89.100795 44.276585
-19.386275 -91.415120 35.601238
-51.510966 -77.199120 37.241325
-48.948720 -72.163879 48.953012
5
22.138394 -79.409317 -56.604345
40.676920 -64.239528 -64.951299
30.821161 -54.778429 -77.777759
-15.617693 -70.011270 -69.674312
-16.499020 -70.662541 -68.808340
4
-30.648291 58.776536 -74.873233
-57.692601 55.986729 -59.473103
-62.488801 40.613799 -66.675851
-46.803138 39.134407 -79.233607
