100
5
20.752888 -77.104582 -60.201338
28.546437 -80.578558 -51.886385
47.595693 -73.055406 -48.964861
56.790343 -56.740814 -59.626646
39.653926 -48.445879 -77.977965
6
43.144991 39.398946 -81.155608
41.149110 43.261853 -80.219467
26.504071 54.969734 -79.220342
8.089136 50.136198 -86.144806
6.754728 31.633422 -94.623994
36.812262 14.672346 -91.812742
5
-19.541064 -31.149427 92.993871
-9.221501 -8.410985 99.218039
43.993211 -8.086744 89.438258
15.007531 -45.977346 87.526326
-15.112332 -41.833600 89.563203
5
7.440947 -99.675449 3.072005
6.375812 -95.752247 -28.122167
-4.987751 -92.511630 -37.639350
-24.491688 -91.441619 -32.227124
-22.109690 -96.820147 -11.705587
4
-51.424694 79.060344 -33.240981
-36.004811 91.986493 -15.560809
-60.368927 79.614825 4.131870
-65.694867 75.391981 -0.483413
4
-67.504032 73.773669 -0.807068
-82.568063 53.262863 18.589846
-94.675411 30.608872 9.983162
-81.253903 52.416975 -25.500273
6
-24.784646 -62.161493 -74.307941
-12.481186 -50.285019 -85.531496
-15.652999 -39.989419 -90.309634
-56.550030 -23.817327 -78.960933
-61.268861 -29.594926 -73.282106
-40.906277 -60.486537 -68.323169
6
-65.694867 75.391981 -0.483413
-60.368927 79.614825 4.131870
-42.862645 84.770289 31.253667
-68.228601 56.753798 46.085403
-82.568063 53.262863 18.589846
-67.504032 73.773669 -0.807068
4
31.101584 73.145693 60.682774
-6.446942 73.021657 68.016723
-19.645055 87.793637 43.661757
14.208076 95.298588 26.763962
6
-62.958501 -72.920641 -26.810580
-52.443909 -83.723669 -15.491405
-31.177207 -88.001020 -35.830187
-35.153272 -80.452516 -47.871078
-43.814198 -74.274552 -50.632074
-60.237599 -67.691658 -42.299776
6
-58.083146 -73.932559 34.063541
-38.081379 -91.458575 13.606532
-42.866092 -90.345490 0.436670
-50.614203 -86.112272 -4.783207
-71.172636 -69.079921 12.744424
-72.782780 -66.258807 17.675900
7
-68.328349 47.731651 55.253291
-66.317444 46.370229 58.752009
-70.180732 11.297455 70.335143
-74.605292 2.474321 66.542679
-79.259724 0.099078 60.974472
-83.984557 1.957811 54.247223
-89.924075 19.912352 38.950726
7
-49.924750 73.310813 -46.184890
-49.273115 73.251140 -46.972657
-25.559967 84.278743 -47.368571
-21.005424 88.466636 -41.622427
-27.425042 94.950921 -15.237771
-36.004811 91.986493 -15.560809
-51.424694 79.060344 -33.240981
5
86.413298 2.932589 -50.240838
66.783163 -12.224181 -73.420559
65.753953 -22.513366 -71.899694
72.722194 -45.743174 -51.176602
90.245942 -21.181191 -37.510361
6
33.619050 35.448329 87.253512
53.362047 58.494735 61.080749
70.848624 57.813190 40.473542
87.554354 34.929656 33.378948
59.851330 -6.941759 79.809964
52.826310 -2.938332 84.857216
6
-66.317444 46.370229 58.752009
-50.999114 47.086943 71.985486
-36.708241 38.723236 84.575505
-36.737005 33.974267 86.580261
-50.016983 17.248745 84.857423
-70.180732 11.297455 70.335143
7
-83.984557 1.957811 54.247223
-90.986069 -17.272240 37.725389
-96.524966 -22.378267 13.496077
-99.675605 -7.267505 3.457904
-99.830249 5.270600 2.478330
-97.061149 20.686046 12.297193
-89.924075 19.912352 38.950726
6
-9.221501 -8.410985 99.218039
-19.541064 -31.149427 92.993871
-43.694781 -22.023516 87.210841
-50.016983 17.248745 84.857423
-36.737005 33.974267 86.580261
-8.862781 3.220610 99.554401
4
84.866600 -47.937584 22.352813
87.519687 -45.449495 -16.572504
76.355210 -58.922355 -26.420407
66.179629 -74.749479 5.724686
6
-21.005424 88.466636 -41.622427
-3.782160 92.087216 -38.802577
17.523443 97.634466 -12.666489
17.671852 97.805930 -11.032030
-21.028495 97.466088 -7.626541
-27.425042 94.950921 -15.237771
6
-69.921262 -32.696210 -63.576528
-88.700459 12.392099 -44.482182
-89.296079 13.240718 -43.022014
-91.022166 -26.827640 -31.547472
-90.843917 -27.175608 -31.762699
-73.283348 -37.124220 -57.020550
5
-72.519596 -44.180634 -52.810792
-73.283348 -37.124220 -57.020550
-90.843917 -27.175608 -31.762699
-86.334032 -48.480909 -14.001299
-80.983835 -55.444631 -19.170587
6
-56.550030 -23.817327 -78.960933
-54.201177 -7.193136 -83.728676
-61.413850 11.134996 -78.130346
-88.700459 12.392099 -44.482182
-69.921262 -32.696210 -63.576528
-61.268861 -29.594926 -73.282106
5
41.938811 76.137442 -49.439114
36.537770 73.213014 -57.487789
50.104329 59.094034 -63.225401
76.266941 49.830153 -41.234809
73.969103 53.301442 -41.079533
6
-68.228601 56.753798 46.085403
-68.328349 47.731651 55.253291
-89.924075 19.912352 38.950726
-97.061149 20.686046 12.297193
-94.675411 30.608872 9.983162
-82.568063 53.262863 18.589846
7
43.993211 -8.086744 89.438258
52.826310 -2.938332 84.857216
59.851330 -6.941759 79.809964
64.405762 -21.902182 73.295241
40.379481 -47.619950 78.114261
23.374010 -50.351320 83.176921
15.007531 -45.977346 87.526326
7
53.362047 58.494735 61.080749
31.101584 73.145693 60.682774
14.208076 95.298588 26.763962
30.688890 94.880016 7.481620
46.270809 88.195451 8.976342
52.886969 83.914349 12.702387
70.848624 57.813190 40.473542
5
-6.999864 59.513033 80.057484
22.562490 36.534538 90.311470
-8.862781 3.220610 99.554401
-36.737005 33.974267 86.580261
-36.708241 38.723236 84.575505
7
10.919432 -15.212205 -98.231130
3.958772 -15.316843 -98.740683
-15.652999 -39.989419 -90.309634
-12.481186 -50.285019 -85.531496
2.098038 -58.899152 -80.786683
33.068939 -41.951589 -84.537030
31.115318 -36.404582 -87.786920
8
-15.112332 -41.833600 89.563203
15.007531 -45.977346 87.526326
23.374010 -50.351320 83.176921
28.299946 -79.609399 53.492585
6.316149 -87.662334 47.701379
1.079280 -85.429739 51.967248
-17.439416 -50.447112 84.563323
-17.428598 -48.914929 85.460948
5
37.076707 13.523787 -91.882670
10.919432 -15.212205 -98.231130
31.115318 -36.404582 -87.786920
56.156737 -3.843304 -82.653796
50.988914 4.472028 -85.907692
6
-99.675605 -7.267505 3.457904
-96.524966 -22.378267 13.496077
-89.672282 -42.074092 13.735085
-86.334032 -48.480909 -14.001299
-90.843917 -27.175608 -31.762699
-91.022166 -26.827640 -31.547472
5
-74.020292 -64.809549 -17.908622
-71.172636 -69.079921 12.744424
-50.614203 -86.112272 -4.783207
-52.443909 -83.723669 -15.491405
-62.958501 -72.920641 -26.810580
4
-79.259724 0.099078 60.974472
-71.895371 -39.385104 57.270142
-90.986069 -17.272240 37.725389
-83.984557 1.957811 54.247223
6
-35.153272 -80.452516 -47.871078
-31.177207 -88.001020 -35.830187
-24.491688 -91.441619 -32.227124
-4.987751 -92.511630 -37.639350
-1.529271 -80.775766 -58.931630
-17.652956 -77.772135 -60.331320
5
8.703906 -99.479727 5.293951
41.562461 -89.390664 -16.789013
26.432116 -88.007890 -39.445590
6.375812 -95.752247 -28.122167
7.440947 -99.675449 3.072005
7
-71.784441 -40.065705 56.936222
-84.119177 -50.371662 19.663664
-89.672282 -42.074092 13.735085
-96.524966 -22.378267 13.496077
-90.986069 -17.272240 37.725389
-71.895371 -39.385104 57.270142
-71.857902 -39.445328 57.275719
6
50.988914 4.472028 -85.907692
67.109756 20.705668 -71.186768
62.472278 37.090388 -68.713300
43.144991 39.398946 -81.155608
36.812262 14.672346 -91.812742
37.076707 13.523787 -91.882670
6
8.089136 50.136198 -86.144806
26.504071 54.969734 -79.220342
25.355523 70.706218 -66.013092
-8.089551 71.933827 -68.993359
-9.040250 71.535767 -69.288584
-13.198041 61.378118 -77.836613
5
23.374010 -50.351320 83.176921
40.379481 -47.619950 78.114261
52.106878 -67.117864 52.726328
43.417575 -75.651782 48.905236
28.299946 -79.609399 53.492585
5
-20.325997 57.370845 -79.343809
-48.837506 61.455293 -61.952764
-54.863339 51.941628 -65.513979
-52.168240 32.995218 -78.675221
-27.647137 37.723492 -88.388766
5
93.623524 -24.444989 -25.240410
87.519687 -45.449495 -16.572504
84.866600 -47.937584 22.352813
86.603598 -38.521993 31.872762
98.566374 -2.767829 16.643588
6
66.179629 -74.749479 5.724686
76.355210 -58.922355 -26.420407
74.711210 -59.093848 -30.432749
55.908752 -75.696554 -33.826663
49.429787 -85.535841 -15.502131
63.960717 -76.655202 5.745153
5
72.656370 -45.884140 -51.143892
56.790343 -56.740814 -59.626646
47.595693 -73.055406 -48.964861
55.908752 -75.696554 -33.826663
74.711210 -59.093848 -30.432749
5
-17.428598 -48.914929 85.460948
-17.439416 -50.447112 84.563323
-44.325829 -75.653165 48.081384
-52.463933 -72.516266 44.597387
-61.801348 -53.575260 57.535075
7
54.227709 79.563673 -26.999584
46.270809 88.195451 8.976342
30.688890 94.880016 7.481620
17.671852 97.805930 -11.032030
17.523443 97.634466 -12.666489
24.701692 91.974093 -30.505617
41.597001 80.516751 -42.269875
6
72.722194 -45.743174 -51.176602
65.753953 -22.513366 -71.899694
38.493926 -45.589495 -80.248462
39.653926 -48.445879 -77.977965
56.790343 -56.740814 -59.626646
72.656370 -45.884140 -51.143892
6
8.748726 -99.205732 9.037843
51.841208 -83.240708 19.582483
63.960717 -76.655202 5.745153
49.429787 -85.535841 -15.502131
41.562461 -89.390664 -16.789013
8.703906 -99.479727 5.293951
4
54.227709 79.563673 -26.999584
41.597001 80.516751 -42.269875
41.938811 76.137442 -49.439114
73.969103 53.301442 -41.079533
5
-15.652999 -39.989419 -90.309634
3.958772 -15.316843 -98.740683
-18.087298 9.046680 -97.933688
-54.201177 -7.193136 -83.728676
-56.550030 -23.817327 -78.960933
6
-51.424694 79.060344 -33.240981
-65.694867 75.391981 -0.483413
-67.504032 73.773669 -0.807068
-81.253903 52.416975 -25.500273
-80.545533 51.078086 -30.057382
-49.924750 73.310813 -46.184890
6
51.841208 -83.240708 19.582483
8.748726 -99.205732 9.037843
2.919446 -97.571466 21.709118
6.316149 -87.662334 47.701379
28.299946 -79.609399 53.492585
43.417575 -75.651782 48.905236
6
-61.801348 -53.575260 57.535075
-52.463933 -72.516266 44.597387
-58.083146 -73.932559 34.063541
-72.782780 -66.258807 17.675900
-84.119177 -50.371662 19.663664
-71.784441 -40.065705 56.936222
7
93.623524 -24.444989 -25.240410
98.566374 -2.767829 16.643588
96.054231 21.826455 17.239218
89.006386 34.568808 -29.712972
86.614463 5.263270 -49.701436
86.413298 2.932589 -50.240838
90.245942 -21.181191 -37.510361
8
7.440947 -99.675449 3.072005
-22.109690 -96.820147 -11.705587
-42.866092 -90.345490 0.436670
-38.081379 -91.458575 13.606532
-29.176391 -93.456348 20.362936
2.919446 -97.571466 21.709118
8.748726 -99.205732 9.037843
8.703906 -99.479727 5.293951
6
41.562461 -89.390664 -16.789013
49.429787 -85.535841 -15.502131
55.908752 -75.696554 -33.826663
47.595693 -73.055406 -48.964861
28.546437 -80.578558 -51.886385
26.432116 -88.007890 -39.445590
5
17.623046 83.539689 -52.062929
24.701692 91.974093 -30.505617
17.523443 97.634466 -12.666489
-3.782160 92.087216 -38.802577
6.059000 85.231850 -51.950172
6
-19.645055 87.793637 43.661757
-6.446942 73.021657 68.016723
-6.999864 59.513033 80.057484
-36.708241 38.723236 84.575505
-50.999114 47.086943 71.985486
-20.147123 87.785737 43.448334
5
-60.237599 -67.691658 -42.299776
-72.519596 -44.180634 -52.810792
-80.983835 -55.444631 -19.170587
-74.020292 -64.809549 -17.908622
-62.958501 -72.920641 -26.810580
5
-71.857902 -39.445328 57.275719
-71.895371 -39.385104 57.270142
-79.259724 0.099078 60.974472
-74.605292 2.474321 66.542679
-47.823955 -22.017927 85.018117
7
36.812262 14.672346 -91.812742
6.754728 31.633422 -94.623994
-16.448100 18.355899 -96.915019
-18.087298 9.046680 -97.933688
3.958772 -15.316843 -98.740683
10.919432 -15.212205 -98.231130
37.076707 13.523787 -91.882670
7
-42.862645 84.770289 31.253667
-32.026658 88.273858 34.380505
-20.147123 87.785737 43.448334
-50.999114 47.086943 71.985486
-66.317444 46.370229 58.752009
-68.328349 47.731651 55.253291
-68.228601 56.753798 46.085403
6
-52.463933 -72.516266 44.597387
-44.325829 -75.653165 48.081384
-36.187886 -81.258346 45.689365
-29.176391 -93.456348 20.362936
-38.081379 -91.458575 13.606532
-58.083146 -73.932559 34.063541
6
-9.040250 71.535767 -69.288584
-8.089551 71.933827 -68.993359
6.059000 85.231850 -51.950172
-3.782160 92.087216 -38.802577
-21.005424 88.466636 -41.622427
-25.559967 84.278743 -47.368571
6
52.886969 83.914349 12.702387
82.296197 44.748719 -34.998401
89.006386 34.568808 -29.712972
96.054231 21.826455 17.239218
87.554354 34.929656 33.378948
70.848624 57.813190 40.473542
5
-29.176391 -93.456348 20.362936
-36.187886 -81.258346 45.689365
1.079280 -85.429739 51.967248
6.316149 -87.662334 47.701379
2.919446 -97.571466 21.709118
6
22.562490 36.534538 90.311470
-6.999864 59.513033 80.057484
-6.446942 73.021657 68.016723
31.101584 73.145693 60.682774
53.362047 58.494735 61.080749
33.619050 35.448329 87.253512
6
25.355523 70.706218 -66.013092
26.504071 54.969734 -79.220342
41.149110 43.261853 -80.219467
50.104329 59.094034 -63.225401
36.537770 73.213014 -57.487789
27.597574 73.082783 -62.428204
7
-80.545533 51.078086 -30.057382
-82.899909 38.079228 -40.958240
-75.803467 39.569999 -51.846404
-54.863339 51.941628 -65.513979
-48.837506 61.455293 -61.952764
-49.273115 73.251140 -46.972657
-49.924750 73.310813 -46.184890
6
2.098038 -58.899152 -80.786683
-12.481186 -50.285019 -85.531496
-24.784646 -62.161493 -74.307941
-17.652956 -77.772135 -60.331320
-1.529271 -80.775766 -58.931630
8.659711 -76.495288 -63.823823
6
-52.443909 -83.723669 -15.491405
-50.614203 -86.112272 -4.783207
-42.866092 -90.345490 0.436670
-22.109690 -96.820147 -11.705587
-24.491688 -91.441619 -32.227124
-31.177207 -88.001020 -35.830187
7
-40.906277 -60.486537 -68.323169
-61.268861 -29.594926 -73.282106
-69.921262 -32.696210 -63.576528
-73.283348 -37.124220 -57.020550
-72.519596 -44.180634 -52.810792
-60.237599 -67.691658 -42.299776
-43.814198 -74.274552 -50.632074
6
38.493926 -45.589495 -80.248462
65.753953 -22.513366 -71.899694
66.783163 -12.224181 -73.420559
56.156737 -3.843304 -82.653796
31.115318 -36.404582 -87.786920
33.068939 -41.951589 -84.537030
6
-32.026658 88.273858 34.380505
-42.862645 84.770289 31.253667
-60.368927 79.614825 4.131870
-36.004811 91.986493 -15.560809
-27.425042 94.950921 -15.237771
-21.028495 97.466088 -7.626541
6
62.472278 37.090388 -68.713300
76.629269 49.390026 -41.092341
76.266941 49.830153 -41.234809
50.104329 59.094034 -63.225401
41.149110 43.261853 -80.219467
43.144991 39.398946 -81.155608
6
52.826310 -2.938332 84.857216
43.993211 -8.086744 89.438258
-9.221501 -8.410985 99.218039
-8.862781 3.220610 99.554401
22.562490 36.534538 90.311470
33.619050 35.448329 87.253512
7
8.659711 -76.495288 -63.823823
-1.529271 -80.775766 -58.931630
-4.987751 -92.511630 -37.639350
6.375812 -95.752247 -28.122167
26.432116 -88.007890 -39.445590
28.546437 -80.578558 -51.886385
20.752888 -77.104582 -60.201338
7
-80.983835 -55.444631 -19.170587
-86.334032 -48.480909 -14.001299
-89.672282 -42.074092 13.735085
-84.119177 -50.371662 19.663664
-72.782780 -66.258807 17.675900
-71.172636 -69.079921 12.744424
-74.020292 -64.809549 -17.908622
5
-40.906277 -60.486537 -68.323169
-43.814198 -74.274552 -50.632074
-35.153272 -80.452516 -47.871078
-17.652956 -77.772135 -60.331320
-24.784646 -62.161493 -74.307941
6
20.752888 -77.104582 -60.201338
39.653926 -48.445879 -77.977965
38.493926 -45.589495 -80.248462
33.068939 -41.951589 -84.537030
2.098038 -58.899152 -80.786683
8.659711 -76.495288 -63.823823
6
-20.325997 57.370845 -79.343809
-27.647137 37.723492 -88.388766
-16.448100 18.355899 -96.915019
6.754728 31.633422 -94.623994
8.089136 50.136198 -86.144806
-13.198041 61.378118 -77.836613
7
-20.147123 87.785737 43.448334
-32.026658 88.273858 34.380505
-21.028495 97.466088 -7.626541
17.671852 97.805930 -11.032030
30.688890 94.880016 7.481620
14.208076 95.298588 26.763962
-19.645055 87.793637 43.661757
5
25.355523 70.706218 -66.013092
27.597574 73.082783 -62.428204
17.623046 83.539689 -52.062929
6.059000 85.231850 -51.950172
-8.089551 71.933827 -68.993359
5
-70.180732 11.297455 70.335143
-50.016983 17.248745 84.857423
-43.694781 -22.023516 87.210841
-47.823955 -22.017927 85.018117
-74.605292 2.474321 66.542679
6
76.629269 49.390026 -41.092341
62.472278 37.090388 -68.713300
67.109756 20.705668 -71.186768
86.614463 5.263270 -49.701436
89.006386 34.568808 -29.712972
82.296197 44.748719 -34.998401
4
52.106878 -67.117864 52.726328
40.379481 -47.619950 78.114261
64.405762 -21.902182 73.295241
78.775165 -40.804082 46.146508
7
78.775165 -40.804082 46.146508
64.405762 -21.902182 73.295241
59.851330 -6.941759 79.809964
87.554354 34.929656 33.378948
96.054231 21.826455 17.239218
98.566374 -2.767829 16.643588
86.603598 -38.521993 31.872762
7
-97.061149 20.686046 12.297193
-99.830249 5.270600 2.478330
-90.000639 16.296340 -40.426653
-82.899909 38.079228 -40.958240
-80.545533 51.078086 -30.057382
-81.253903 52.416975 -25.500273
-94.675411 30.608872 9.983162
8
84.866600 -47.937584 22.352813
66.179629 -74.749479 5.724686
63.960717 -76.655202 5.745153
51.841208 -83.240708 19.582483
43.417575 -75.651782 48.905236
52.106878 -67.117864 52.726328
78.775165 -40.804082 46.146508
86.603598 -38.521993 31.872762
7
-75.803467 39.569999 -51.846404
-82.899909 38.079228 -40.958240
-90.000639 16.296340 -40.426653
-89.296079 13.240718 -43.022014
-88.700459 12.392099 -44.482182
-61.413850 11.134996 -78.130346
-60.435817 18.017549 -77.607216
6
27.597574 73.082783 -62.428204
36.537770 73.213014 -57.487789
41.938811 76.137442 -49.439114
41.597001 80.516751 -42.269875
24.701692 91.974093 -30.505617
17.623046 83.539689 -52.062929
6
-13.198041 61.378118 -77.836613
-9.040250 71.535767 -69.288584
-25.559967 84.278743 -47.368571
-49.273115 73.251140 -46.972657
-48.837506 61.455293 -61.952764
-20.325997 57.370845 -79.343809
5
-99.830249 5.270600 2.478330
-99.675605 -7.267505 3.457904
-91.022166 -26.827640 -31.547472
-89.296079 13.240718 -43.022014
-90.000639 16.296340 -40.426653
4
1.079280 -85.429739 51.967248
-36.187886 -81.258346 45.689365
-44.325829 -75.653165 48.081384
-17.439416 -50.447112 84.563323
7
46.270809 88.195451 8.976342
54.227709 79.563673 -26.999584
73.969103 53.301442 -41.079533
76.266941 49.830153 -41.234809
76.629269 49.390026 -41.092341
82.296197 44.748719 -34.998401
52.886969 83.914349 12.702387
7
90.245942 -21.181191 -37.510361
72.722194 -45.743174 -51.176602
72.656370 -45.884140 -51.143892
74.711210 -59.093848 -30.432749
76.355210 -58.922355 -26.420407
87.519687 -45.449495 -16.572504
93.623524 -24.444989 -25.240410
4
-54.863339 51.941628 -65.513979
-75.803467 39.569999 -51.846404
-60.435817 18.017549 -77.607216
-52.168240 32.995218 -78.675221
8
-15.112332 -41.833600 89.563203
-17.428598 -48.914929 85.460948
-61.801348 -53.575260 57.535075
-71.784441 -40.065705 56.936222
-71.857902 -39.445328 57.275719
-47.823955 -22.017927 85.018117
-43.694781 -22.023516 87.210841
-19.541064 -31.149427 92.993871
6
86.614463 5.263270 -49.701436
67.109756 20.705668 -71.186768
50.988914 4.472028 -85.907692
56.156737 -3.843304 -82.653796
66.783163 -12.224181 -73.420559
86.413298 2.932589 -50.240838
7
-54.201177 -7.193136 -83.728676
-18.087298 9.046680 -97.933688
-16.448100 18.355899 -96.915019
-27.647137 37.723492 -88.388766
-52.168240 32.995218 -78.675221
-60.435817 18.017549 -77.607216
-61.413850 11.134996 -78.130346
