100
5
49.538782 -73.616511 -46.114188
63.354047 -59.584129 -49.355814
51.863650 -43.654655 -73.514849
36.169688 -50.291558 -78.501674
30.172943 -65.265169 -69.498570
7
-80.184230 45.692017 38.506219
-59.519037 76.777345 23.721794
-47.912320 83.249354 27.820041
-33.265246 86.671493 37.168207
-37.756006 79.883111 46.831320
-65.210600 40.543796 64.060739
-68.504763 38.074917 62.107955
5
5.350424 -58.208941 81.136257
3.698577 -44.465839 89.493629
13.333587 -31.862095 93.845737
43.020035 -32.157655 84.351419
41.358322 -56.440097 71.442317
6
43.365702 -69.629334 57.194158
17.488710 -85.640728 48.577884
-8.499106 -68.185738 72.653082
5.350424 -58.208941 81.136257
41.358322 -56.440097 71.442317
43.299683 -59.613694 67.611721
6
69.089287 -0.149661 -72.295560
60.719817 -12.095224 -78.529035
63.088507 -21.279054 -74.612614
83.604145 -28.451977 -46.913026
85.774694 -26.165304 -44.250184
86.979827 10.492470 -48.212216
5
-19.900173 65.867626 -72.563344
-24.287555 77.278345 -58.635928
-47.705193 72.891689 -49.102100
-56.761527 52.964969 -63.030478
-34.046769 53.856905 -77.073026
6
-19.334614 30.630004 -93.209311
-18.284252 27.846674 -94.288116
-10.270530 21.171488 -97.191997
7.016344 17.315241 -98.239266
19.322591 45.023324 -87.175328
-4.969813 48.368843 -87.382813
8
53.542697 -71.496772 44.959884
61.194110 -77.587422 15.345127
45.748154 -88.828573 -4.073199
29.036675 -94.894606 -12.324176
20.583511 -97.124888 -11.961409
8.260756 -94.878110 30.494328
17.488710 -85.640728 48.577884
43.365702 -69.629334 57.194158
6
51.722646 -13.530519 84.508538
43.020035 -32.157655 84.351419
13.333587 -31.862095 93.845737
5.498530 -17.481337 98.306506
16.385896 1.140775 98.641781
33.471396 3.076804 94.181733
5
-52.495474 9.709811 84.557346
-44.504322 26.071911 85.671587
-15.452168 14.988152 97.655444
-27.012333 -8.989947 95.861957
-41.733364 -10.258411 90.294470
6
-91.562200 31.045733 25.544589
-80.184230 45.692017 38.506219
-68.504763 38.074917 62.107955
-75.099395 11.216274 65.071315
-78.721920 5.312710 61.438054
-92.345361 7.057026 37.716478
6
14.036286 62.699983 76.626985
25.015139 56.814213 78.398903
26.831881 37.213260 88.855070
-6.200308 26.780978 96.147467
-6.912829 28.655688 95.556603
6.674648 63.090197 77.298617
6
-89.798713 -28.739638 -33.320030
-93.787816 5.676371 -34.229000
-99.177353 11.646938 -5.310511
-99.359274 -10.557713 4.033528
-97.615882 -21.692785 -0.750144
-91.312344 -32.364707 -24.790755
4
53.140276 51.242780 67.455827
30.966883 58.035093 75.319188
41.631309 82.085667 39.099581
55.417180 55.464288 62.069710
7
-99.177353 11.646938 -5.310511
-93.787816 5.676371 -34.229000
-87.355521 20.429193 -44.177607
-87.550496 44.644597 -18.487038
-87.579437 44.687114 -18.245657
-91.841067 39.463732 -2.798609
-93.740618 34.790041 1.532858
7
69.645298 -5.015548 71.584752
76.479951 -14.068748 62.871992
74.473482 -37.695202 55.070611
43.299683 -59.613694 67.611721
41.358322 -56.440097 71.442317
43.020035 -32.157655 84.351419
51.722646 -13.530519 84.508538
6
-72.681722 55.865027 -39.955801
-62.666976 47.966327 -61.417275
-56.761527 52.964969 -63.030478
-47.705193 72.891689 -49.102100
-50.527715 80.750878 -30.434285
-58.256135 76.367071 -27.826124
6
46.668409 27.362650 -84.103181
42.753223 10.491848 -89.789103
51.410376 -6.902847 -85.494584
60.719817 -12.095224 -78.529035
69.089287 -0.149661 -72.295560
66.073023 21.826748 -71.818861
5
66.073023 21.826748 -71.818861
69.089287 -0.149661 -72.295560
86.979827 10.492470 -48.212216
87.398610 12.704597 -46.904969
73.255017 33.465376 -59.277070
6
-74.093430 -25.952281 61.940639
-72.819766 -19.974715 65.561364
-49.472643 -20.817214 84.374766
-36.358987 -57.042508 73.649008
-36.396760 -59.110418 71.980792
-46.828441 -59.877449 64.975289
5
-72.022414 21.422706 -65.983631
-62.666976 47.966327 -61.417275
-72.681722 55.865027 -39.955801
-87.550496 44.644597 -18.487038
-87.355521 20.429193 -44.177607
7
85.740869 -50.094922 11.789917
88.468894 -42.799331 18.478963
88.718434 -42.242422 18.563870
99.396382 -6.768456 -8.634074
98.899436 -8.518346 -12.097083
92.773290 -26.410116 -26.374655
86.995740 -48.395688 -9.465652
5
-21.636344 -90.053688 37.712092
-24.708386 -67.070405 69.936088
-8.499106 -68.185738 72.653082
17.488710 -85.640728 48.577884
8.260756 -94.878110 30.494328
6
2.527070 -61.436112 -78.862019
13.556785 -74.478272 -65.339119
30.172943 -65.265169 -69.498570
36.169688 -50.291558 -78.501674
26.381674 -43.469942 -86.106744
14.440539 -43.915066 -88.673208
8
44.859487 34.049348 -82.633337
26.461137 46.828024 -84.302695
21.373088 46.638122 -85.837502
19.322591 45.023324 -87.175328
7.016344 17.315241 -98.239266
10.894179 11.965731 -98.682005
42.753223 10.491848 -89.789103
46.668409 27.362650 -84.103181
6
-20.225067 -92.988804 -30.725056
-30.564754 -89.710249 -31.904030
-65.916180 -75.180213 1.729970
-64.942390 -74.853111 13.397678
-49.095732 -82.139232 29.030254
-36.734765 -88.779161 27.727559
5
85.740869 -50.094922 11.789917
61.194110 -77.587422 15.345127
53.542697 -71.496772 44.959884
78.040495 -45.740752 42.631733
88.468894 -42.799331 18.478963
8
39.206364 88.958271 -23.436871
30.635871 83.814395 -45.128600
55.880936 56.601301 -60.610344
62.574605 50.612848 -59.352830
66.252364 49.257325 -56.429959
73.674218 57.358613 -35.806412
63.732855 77.043137 1.574259
63.448853 77.276622 1.602119
6
-7.489795 20.974610 97.488300
16.385896 1.140775 98.641781
5.498530 -17.481337 98.306506
-18.380195 -17.911206 96.650696
-27.012333 -8.989947 95.861957
-15.452168 14.988152 97.655444
5
-54.013842 -63.975178 54.677979
-70.056191 -56.220942 43.946965
-82.339361 -35.629112 44.167817
-74.093430 -25.952281 61.940639
-46.828441 -59.877449 64.975289
7
-37.756006 79.883111 46.831320
-33.265246 86.671493 37.168207
-32.633701 86.925922 37.133889
-29.698186 87.799068 37.541197
-0.593899 65.636118 75.442344
-26.669274 47.686407 83.754143
-32.875064 48.097177 81.276637
6
-92.345361 7.057026 37.716478
-94.373174 0.007168 33.071195
-99.359274 -10.557713 4.033528
-99.177353 11.646938 -5.310511
-93.740618 34.790041 1.532858
-91.562200 31.045733 25.544589
5
62.574605 50.612848 -59.352830
55.880936 56.601301 -60.610344
33.638901 58.658692 -73.672127
26.461137 46.828024 -84.302695
44.859487 34.049348 -82.633337
4
6.674648 63.090197 77.298617
-6.912829 28.655688 95.556603
-26.669274 47.686407 83.754143
-0.593899 65.636118 75.442344
5
-19.573771 -56.527576 -80.134266
-18.866430 -57.407300 -79.677222
2.527070 -61.436112 -78.862019
14.440539 -43.915066 -88.673208
-3.077955 -32.060513 -94.671272
7
63.088507 -21.279054 -74.612614
60.719817 -12.095224 -78.529035
51.410376 -6.902847 -85.494584
31.090499 -19.939307 -92.929032
26.381674 -43.469942 -86.106744
36.169688 -50.291558 -78.501674
51.863650 -43.654655 -73.514849
6
-69.222524 -32.200990 -64.585900
-69.283780 15.500246 -70.423719
-72.022414 21.422706 -65.983631
-87.355521 20.429193 -44.177607
-93.787816 5.676371 -34.229000
-89.798713 -28.739638 -33.320030
6
98.899436 -8.518346 -12.097083
87.551598 12.825953 -46.585540
87.398610 12.704597 -46.904969
86.979827 10.492470 -48.212216
85.774694 -26.165304 -44.250184
92.773290 -26.410116 -26.374655
6
96.677188 22.403896 12.312055
95.954547 25.212449 12.532252
91.217132 25.389294 -32.168596
87.551598 12.825953 -46.585540
98.899436 -8.518346 -12.097083
99.396382 -6.768456 -8.634074
6
-70.056191 -56.220942 43.946965
-73.502656 -63.876571 22.740784
-86.188843 -47.114506 18.753843
-89.388179 -39.092637 21.943548
-86.083841 -33.809767 38.032512
-82.339361 -35.629112 44.167817
5
63.354047 -59.584129 -49.355814
70.878768 -55.342209 -43.742888
83.604145 -28.451977 -46.913026
63.088507 -21.279054 -74.612614
51.863650 -43.654655 -73.514849
6
23.022121 90.937897 34.645068
14.036286 62.699983 76.626985
6.674648 63.090197 77.298617
-0.593899 65.636118 75.442344
-29.698186 87.799068 37.541197
-8.357314 94.813009 30.669996
5
53.542697 -71.496772 44.959884
43.365702 -69.629334 57.194158
43.299683 -59.613694 67.611721
74.473482 -37.695202 55.070611
78.040495 -45.740752 42.631733
6
74.473482 -37.695202 55.070611
76.479951 -14.068748 62.871992
93.071832 -15.200587 33.265241
88.718434 -42.242422 18.563870
88.468894 -42.799331 18.478963
78.040495 -45.740752 42.631733
6
55.417180 55.464288 62.069710
41.631309 82.085667 39.099581
39.506037 86.811000 30.052012
63.448853 77.276622 1.602119
63.732855 77.043137 1.574259
85.535633 48.397705 18.474784
7
89.888078 38.838372 20.290744
95.954547 25.212449 12.532252
96.677188 22.403896 12.312055
93.071832 -15.200587 33.265241
76.479951 -14.068748 62.871992
69.645298 -5.015548 71.584752
73.286739 18.460185 65.484925
5
-64.942390 -74.853111 13.397678
-65.916180 -75.180213 1.729970
-80.836129 -57.826744 -11.026687
-86.188843 -47.114506 18.753843
-73.502656 -63.876571 22.740784
6
21.373088 46.638122 -85.837502
26.461137 46.828024 -84.302695
33.638901 58.658692 -73.672127
22.748766 82.139842 -52.302390
17.441848 82.077859 -54.396755
4.253613 69.496343 -71.778583
7
-46.828441 -59.877449 64.975289
-36.396760 -59.110418 71.980792
-24.708386 -67.070405 69.936088
-21.636344 -90.053688 37.712092
-36.734765 -88.779161 27.727559
-49.095732 -82.139232 29.030254
-54.013842 -63.975178 54.677979
6
-28.897531 -16.106502 -94.369027
-30.047700 -16.205390 -93.992133
-53.755939 -39.753415 -74.363735
-19.573771 -56.527576 -80.134266
-3.077955 -32.060513 -94.671272
-5.835754 -23.924600 -96.920367
7
-8.499106 -68.185738 72.653082
-24.708386 -67.070405 69.936088
-36.396760 -59.110418 71.980792
-36.358987 -57.042508 73.649008
-17.195571 -35.661010 91.829215
3.698577 -44.465839 89.493629
5.350424 -58.208941 81.136257
6
-89.388179 -39.092637 21.943548
-86.188843 -47.114506 18.753843
-80.836129 -57.826744 -11.026687
-82.224413 -54.802632 -15.356349
-91.312344 -32.364707 -24.790755
-97.615882 -21.692785 -0.750144
6
-19.334614 30.630004 -93.209311
-4.969813 48.368843 -87.382813
-12.407276 65.596732 -74.452188
-19.900173 65.867626 -72.563344
-34.046769 53.856905 -77.073026
-30.842158 40.714189 -85.971600
4
-87.579437 44.687114 -18.245657
-69.598818 70.547705 -13.380059
-62.517565 75.461758 19.926795
-91.841067 39.463732 -2.798609
6
39.506037 86.811000 30.052012
41.631309 82.085667 39.099581
30.966883 58.035093 75.319188
25.015139 56.814213 78.398903
14.036286 62.699983 76.626985
23.022121 90.937897 34.645068
6
85.774694 -26.165304 -44.250184
83.604145 -28.451977 -46.913026
70.878768 -55.342209 -43.742888
75.727397 -60.196646 -25.332294
86.995740 -48.395688 -9.465652
92.773290 -26.410116 -26.374655
8
-32.875064 48.097177 81.276637
-26.669274 47.686407 83.754143
-6.912829 28.655688 95.556603
-6.200308 26.780978 96.147467
-7.489795 20.974610 97.488300
-15.452168 14.988152 97.655444
-44.504322 26.071911 85.671587
-44.798559 37.826823 81.007534
6
-5.835754 -23.924600 -96.920367
-3.077955 -32.060513 -94.671272
14.440539 -43.915066 -88.673208
26.381674 -43.469942 -86.106744
31.090499 -19.939307 -92.929032
8.758403 -9.163197 -99.193378
7
-60.540327 -40.321407 -68.622540
-53.755939 -39.753415 -74.363735
-30.047700 -16.205390 -93.992133
-44.207424 8.284845 -89.314416
-60.269040 15.806606 -78.216328
-69.283780 15.500246 -70.423719
-69.222524 -32.200990 -64.585900
4
88.718434 -42.242422 18.563870
93.071832 -15.200587 33.265241
96.677188 22.403896 12.312055
99.396382 -6.768456 -8.634074
5
-4.969813 48.368843 -87.382813
19.322591 45.023324 -87.175328
21.373088 46.638122 -85.837502
4.253613 69.496343 -71.778583
-12.407276 65.596732 -74.452188
5
13.333587 -31.862095 93.845737
3.698577 -44.465839 89.493629
-17.195571 -35.661010 91.829215
-18.380195 -17.911206 96.650696
5.498530 -17.481337 98.306506
6
49.538782 -73.616511 -46.114188
29.036675 -94.894606 -12.324176
45.748154 -88.828573 -4.073199
75.727397 -60.196646 -25.332294
70.878768 -55.342209 -43.742888
63.354047 -59.584129 -49.355814
7
1.224806 99.195060 -12.603174
-1.214084 98.881083 -14.868001
-11.248067 89.259667 -43.659968
17.441848 82.077859 -54.396755
22.748766 82.139842 -52.302390
30.635871 83.814395 -45.128600
39.206364 88.958271 -23.436871
6
73.286739 18.460185 65.484925
69.645298 -5.015548 71.584752
51.722646 -13.530519 84.508538
33.471396 3.076804 94.181733
34.069167 28.913504 89.461171
61.001849 32.493660 72.269886
5
-87.550496 44.644597 -18.487038
-72.681722 55.865027 -39.955801
-58.256135 76.367071 -27.826124
-69.598818 70.547705 -13.380059
-87.579437 44.687114 -18.245657
4
30.635871 83.814395 -45.128600
22.748766 82.139842 -52.302390
33.638901 58.658692 -73.672127
55.880936 56.601301 -60.610344
6
-93.740618 34.790041 1.532858
-91.841067 39.463732 -2.798609
-62.517565 75.461758 19.926795
-59.519037 76.777345 23.721794
-80.184230 45.692017 38.506219
-91.562200 31.045733 25.544589
7
-34.046769 53.856905 -77.073026
-56.761527 52.964969 -63.030478
-62.666976 47.966327 -61.417275
-72.022414 21.422706 -65.983631
-69.283780 15.500246 -70.423719
-60.269040 15.806606 -78.216328
-30.842158 40.714189 -85.971600
6
30.966883 58.035093 75.319188
53.140276 51.242780 67.455827
61.001849 32.493660 72.269886
34.069167 28.913504 89.461171
26.831881 37.213260 88.855070
25.015139 56.814213 78.398903
5
8.758403 -9.163197 -99.193378
31.090499 -19.939307 -92.929032
51.410376 -6.902847 -85.494584
42.753223 10.491848 -89.789103
10.894179 11.965731 -98.682005
8
-15.778692 -93.555274 -31.598159
-18.866430 -57.407300 -79.677222
-19.573771 -56.527576 -80.134266
-53.755939 -39.753415 -74.363735
-60.540327 -40.321407 -68.622540
-51.458873 -72.173474 -46.292267
-30.564754 -89.710249 -31.904030
-20.225067 -92.988804 -30.725056
6
-75.099395 11.216274 65.071315
-52.495474 9.709811 84.557346
-41.733364 -10.258411 90.294470
-49.472643 -20.817214 84.374766
-72.819766 -19.974715 65.561364
-78.721920 5.312710 61.438054
5
-6.737613 -94.946978 -30.654136
13.556785 -74.478272 -65.339119
2.527070 -61.436112 -78.862019
-18.866430 -57.407300 -79.677222
-15.778692 -93.555274 -31.598159
6
-47.705193 72.891689 -49.102100
-24.287555 77.278345 -58.635928
-14.740012 88.394380 -44.375282
-37.359472 88.549486 -27.627130
-46.051110 84.471635 -27.273397
-50.527715 80.750878 -30.434285
5
-94.373174 0.007168 33.071195
-86.083841 -33.809767 38.032512
-89.388179 -39.092637 21.943548
-97.615882 -21.692785 -0.750144
-99.359274 -10.557713 4.033528
6
85.535633 48.397705 18.474784
63.732855 77.043137 1.574259
73.674218 57.358613 -35.806412
91.217132 25.389294 -32.168596
95.954547 25.212449 12.532252
89.888078 38.838372 20.290744
6
-44.798559 37.826823 81.007534
-44.504322 26.071911 85.671587
-52.495474 9.709811 84.557346
-75.099395 11.216274 65.071315
-68.504763 38.074917 62.107955
-65.210600 40.543796 64.060739
6
73.255017 33.465376 -59.277070
87.398610 12.704597 -46.904969
87.551598 12.825953 -46.585540
91.217132 25.389294 -32.168596
73.674218 57.358613 -35.806412
66.252364 49.257325 -56.429959
7
-24.287555 77.278345 -58.635928
-19.900173 65.867626 -72.563344
-12.407276 65.596732 -74.452188
4.253613 69.496343 -71.778583
17.441848 82.077859 -54.396755
-11.248067 89.259667 -43.659968
-14.740012 88.394380 -44.375282
6
39.506037 86.811000 30.052012
23.022121 90.937897 34.645068
-8.357314 94.813009 30.669996
1.224806 99.195060 -12.603174
39.206364 88.958271 -23.436871
63.448853 77.276622 1.602119
6
20.583511 -97.124888 -11.961409
29.036675 -94.894606 -12.324176
49.538782 -73.616511 -46.114188
30.172943 -65.265169 -69.498570
13.556785 -74.478272 -65.339119
-6.737613 -94.946978 -30.654136
6
44.859487 34.049348 -82.633337
46.668409 27.362650 -84.103181
66.073023 21.826748 -71.818861
73.255017 33.465376 -59.277070
66.252364 49.257325 -56.429959
62.574605 50.612848 -59.352830
5
-82.224413 -54.802632 -15.356349
-80.836129 -57.826744 -11.026687
-65.916180 -75.180213 1.729970
-30.564754 -89.710249 -31.904030
-51.458873 -72.173474 -46.292267
6
-7.489795 20.974610 97.488300
-6.200308 26.780978 96.147467
26.831881 37.213260 88.855070
34.069167 28.913504 89.461171
33.471396 3.076804 94.181733
16.385896 1.140775 98.641781
7
-62.517565 75.461758 19.926795
-69.598818 70.547705 -13.380059
-58.256135 76.367071 -27.826124
-50.527715 80.750878 -30.434285
-46.051110 84.471635 -27.273397
-47.912320 83.249354 27.820041
-59.519037 76.777345 23.721794
6
-27.482017 94.812248 -15.980499
-1.214084 98.881083 -14.868001
1.224806 99.195060 -12.603174
-8.357314 94.813009 30.669996
-29.698186 87.799068 37.541197
-32.633701 86.925922 37.133889
6
-89.798713 -28.739638 -33.320030
-91.312344 -32.364707 -24.790755
-82.224413 -54.802632 -15.356349
-51.458873 -72.173474 -46.292267
-60.540327 -40.321407 -68.622540
-69.222524 -32.200990 -64.585900
6
89.888078 38.838372 20.290744
73.286739 18.460185 65.484925
61.001849 32.493660 72.269886
53.140276 51.242780 67.455827
55.417180 55.464288 62.069710
85.535633 48.397705 18.474784
6
-41.733364 -10.258411 90.294470
-27.012333 -8.989947 95.861957
-18.380195 -17.911206 96.650696
-17.195571 -35.661010 91.829215
-36.358987 -57.042508 73.649008
-49.472643 -20.817214 84.374766
6
-47.912320 83.249354 27.820041
-46.051110 84.471635 -27.273397
-37.359472 88.549486 -27.627130
-27.482017 94.812248 -15.980499
-32.633701 86.925922 37.133889
-33.265246 86.671493 37.168207
5
-54.013842 -63.975178 54.677979
-49.095732 -82.139232 29.030254
-64.942390 -74.853111 13.397678
-73.502656 -63.876571 22.740784
-70.056191 -56.220942 43.946965
5
-44.207424 8.284845 -89.314416
-30.047700 -16.205390 -93.992133
-28.897531 -16.106502 -94.369027
-10.270530 21.171488 -97.191997
-18.284252 27.846674 -94.288116
5
-37.359472 88.549486 -27.627130
-14.740012 88.394380 -44.375282
-11.248067 89.259667 -43.659968
-1.214084 98.881083 -14.868001
-27.482017 94.812248 -15.980499
7
-15.778692 -93.555274 -31.598159
-20.225067 -92.988804 -30.725056
-36.734765 -88.779161 27.727559
-21.636344 -90.053688 37.712092
8.260756 -94.878110 30.494328
20.583511 -97.124888 -11.961409
-6.737613 -94.946978 -30.654136
5
86.995740 -48.395688 -9.465652
75.727397 -60.196646 -25.332294
45.748154 -88.828573 -4.073199
61.194110 -77.587422 15.345127
85.740869 -50.094922 11.789917
7
-78.721920 5.312710 61.438054
-72.819766 -19.974715 65.561364
-74.093430 -25.952281 61.940639
-82.339361 -35.629112 44.167817
-86.083841 -33.809767 38.032512
-94.373174 0.007168 33.071195
-92.345361 7.057026 37.716478
6
10.894179 11.965731 -98.682005
7.016344 17.315241 -98.239266
-10.270530 21.171488 -97.191997
-28.897531 -16.106502 -94.369027
-5.835754 -23.924600 -96.920367
8.758403 -9.163197 -99.193378
4
-44.798559 37.826823 81.007534
-65.210600 40.543796 64.060739
-37.756006 79.883111 46.831320
-32.875064 48.097177 81.276637
5
-44.207424 8.284845 -89.314416
-18.284252 27.846674 -94.288116
-19.334614 30.630004 -93.209311
-30.842158 40.714189 -85.971600
-60.269040 15.806606 -78.216328
