100
5
24.134619 -50.566221 82.828603
19.517569 -59.992401 77.588507
-10.445862 -68.269940 72.319426
-29.545219 -52.188233 80.021674
17.157307 -43.623080 88.332631
6
30.793917 16.254791 93.741754
58.059377 53.900851 61.023004
78.462266 23.076357 57.542633
62.435396 -2.242118 78.081971
59.923213 -3.379087 79.986189
34.238106 8.819103 93.541304
7
-36.384069 -91.596784 16.918292
-37.092990 -89.443505 24.979381
-12.008778 -91.208759 39.201421
2.858935 -92.588968 37.671070
7.646944 -98.077512 17.953435
5.049234 -99.494631 8.678923
-9.274956 -99.221999 -8.304819
6
-98.414433 14.155335 10.687651
-94.010897 34.005664 -2.359268
-89.497011 44.318209 5.116784
-89.047682 43.392217 13.697657
-92.628673 25.992418 27.282286
-96.085233 14.187454 23.797986
6
-14.488914 54.422052 -82.633599
-15.179569 36.612709 -91.810077
1.962731 20.687467 -97.817056
23.629650 16.899400 -95.687250
33.066120 37.845775 -86.454202
2.592892 57.417560 -81.832150
6
33.878843 -90.372645 -26.172678
37.416318 -87.893719 -29.575551
5.263053 -83.612264 -54.601187
2.474663 -84.687395 -53.121757
-12.138111 -97.830795 -16.786953
-8.989829 -99.026409 -10.627953
6
47.874123 -73.916796 -47.374841
37.420141 -87.891920 -29.576062
37.473748 -87.884200 -29.531095
78.559487 -61.168313 -9.319038
84.958160 -44.987451 -27.536162
82.899194 -45.012994 -33.189667
6
51.892589 -70.224302 48.741222
45.819734 -79.673932 39.403256
23.114899 -82.637484 51.349272
19.517569 -59.992401 77.588507
24.134619 -50.566221 82.828603
42.165858 -46.123468 78.068343
7
40.734121 -62.628153 -66.471391
35.527419 -63.429250 -68.662455
6.094398 -81.082945 -58.210087
5.263053 -83.612264 -54.601187
37.416318 -87.893719 -29.575551
37.420141 -87.891920 -29.576062
47.874123 -73.916796 -47.374841
5
-74.212253 -59.339203 31.167298
-71.524013 -63.095546 30.054412
-75.058115 -65.818548 5.847913
-88.719942 -43.496434 -15.389353
-94.072724 -32.359100 10.159296
5
-62.977629 -73.401110 -25.418407
-41.244658 -85.349824 -31.847854
-39.358534 -85.686670 -33.297153
-54.997827 -60.683692 -57.382301
-80.147028 -43.760102 -40.761591
5
-94.072724 -32.359100 10.159296
-95.824592 -22.046664 18.209675
-88.042334 -12.416323 45.764421
-83.097529 -13.804149 53.891057
-74.212253 -59.339203 31.167298
6
22.085988 97.482402 3.064392
25.298721 93.561537 24.621403
8.717981 95.323500 28.938332
-19.741955 97.301032 11.948403
-13.367216 97.384162 -18.375052
-9.746320 97.540975 -19.767837
5
-98.414433 14.155335 10.687651
-96.085233 14.187454 23.797986
-88.042334 -12.416323 45.764421
-95.824592 -22.046664 18.209675
-99.974030 -1.096410 -1.997818
6
62.332632 73.832712 -25.756040
73.990795 47.394727 -47.739943
91.241456 37.135423 -17.203404
92.502467 37.681050 -4.840665
84.809909 52.722049 5.259738
71.305284 70.105146 -0.908297
5
92.667826 -32.052018 -19.630135
95.611452 -26.072971 13.366019
98.163333 -1.370829 19.028424
99.416165 7.145198 8.085309
97.286943 -11.499783 -20.075001
6
22.455767 88.015022 -41.822176
13.923712 90.345629 -40.543774
-25.133601 63.564083 -72.992530
-14.488914 54.422052 -82.633599
2.592892 57.417560 -81.832150
31.997895 72.114309 -61.446409
5
-9.274956 -99.221999 -8.304819
5.049234 -99.494631 8.678923
29.998117 -95.372137 2.066042
33.878843 -90.372645 -26.172678
-8.989829 -99.026409 -10.627953
6
8.697247 -19.563037 97.681347
17.157307 -43.623080 88.332631
-29.545219 -52.188233 80.021674
-42.739436 -44.138925 78.899277
-51.382818 -9.626537 85.247498
-50.396144 -9.349332 85.865119
5
81.261897 22.804999 53.632417
93.854304 0.181137 34.515748
84.406512 -26.957512 46.355509
62.435396 -2.242118 78.081971
78.462266 23.076357 57.542633
6
-56.621210 46.330457 68.172776
-64.276084 21.099111 73.643822
-85.229025 32.983995 40.596421
-82.119100 49.457073 28.468428
-62.078350 69.275018 36.704910
-58.638996 65.893855 47.111229
5
41.513070 87.887782 -23.503249
22.085988 97.482402 3.064392
-9.746320 97.540975 -19.767837
13.923712 90.345629 -40.543774
22.455767 88.015022 -41.822176
6
60.741602 69.793725 37.938026
50.839442 83.590949 20.685850
52.063207 83.523460 17.698986
71.305284 70.105146 -0.908297
84.809909 52.722049 5.259738
78.716115 56.384603 24.990994
4
37.473748 -87.884200 -29.531095
57.994323 -79.133005 19.355260
74.515888 -65.909515 10.164564
78.559487 -61.168313 -9.319038
6
34.238106 8.819103 93.541304
8.697247 -19.563037 97.681347
-50.396144 -9.349332 85.865119
-22.614903 16.603814 95.983746
24.012980 23.598780 94.161958
30.793917 16.254791 93.741754
7
49.955297 -82.081555 27.696329
42.922731 -87.452187 22.577735
7.646944 -98.077512 17.953435
2.858935 -92.588968 37.671070
18.224469 -84.525814 50.232017
23.114899 -82.637484 51.349272
45.819734 -79.673932 39.403256
6
99.416165 7.145198 8.085309
95.164098 30.674843 1.687715
92.502467 37.681050 -4.840665
91.241456 37.135423 -17.203404
95.453679 0.830195 -29.797751
97.286943 -11.499783 -20.075001
7
34.238106 8.819103 93.541304
59.923213 -3.379087 79.986189
53.174281 -34.968799 77.134162
42.165858 -46.123468 78.068343
24.134619 -50.566221 82.828603
17.157307 -43.623080 88.332631
8.697247 -19.563037 97.681347
4
-12.138111 -97.830795 -16.786953
2.474663 -84.687395 -53.121757
-24.804065 -80.980632 -53.168559
-37.207510 -86.496307 -33.674770
6
25.298721 93.561537 24.621403
25.308428 93.557916 24.625186
28.380924 79.515126 53.589812
5.904249 75.565734 65.230052
-6.087278 80.575969 58.910595
8.717981 95.323500 28.938332
6
45.868648 -55.624810 -69.296087
37.767965 -25.625309 -88.977100
21.727975 -35.051775 -91.100319
11.944740 -50.859338 -85.268112
35.527419 -63.429250 -68.662455
40.734121 -62.628153 -66.471391
8
37.473748 -87.884200 -29.531095
37.420141 -87.891920 -29.576062
37.416318 -87.893719 -29.575551
33.878843 -90.372645 -26.172678
29.998117 -95.372137 2.066042
42.922731 -87.452187 22.577735
49.955297 -82.081555 27.696329
57.994323 -79.133005 19.355260
4
-22.614903 16.603814 95.983746
-11.904033 48.574915 86.595448
14.434695 50.843845 84.891360
24.012980 23.598780 94.161958
6
-73.013249 18.423872 -65.799897
-82.651834 3.726919 -56.167467
-83.448343 -27.983071 -47.469167
-53.403671 -30.267400 -78.942589
-51.609777 -17.375215 -83.872122
-72.429797 18.115901 -66.526226
5
75.078810 -30.643982 -58.515969
45.868648 -55.624810 -69.296087
40.734121 -62.628153 -66.471391
47.874123 -73.916796 -47.374841
82.899194 -45.012994 -33.189667
8
33.066120 37.845775 -86.454202
23.629650 16.899400 -95.687250
33.177968 1.487334 -94.323964
34.530921 0.489695 -93.847619
36.520530 1.184514 -93.085164
62.717950 29.660041 -72.019030
61.373765 46.138051 -64.066694
60.492169 46.633726 -64.544505
7
-72.232794 69.103300 2.675329
-79.025595 61.231722 -2.373104
-76.557359 52.093429 -37.752422
-65.387435 52.745912 -54.243452
-62.064394 56.152631 -54.725616
-52.565202 82.751512 -19.725285
-55.914673 81.993659 -12.271480
6
-21.870019 83.296767 50.826674
-27.746028 94.435568 17.665826
-19.741955 97.301032 11.948403
8.717981 95.323500 28.938332
-6.087278 80.575969 58.910595
-9.458419 80.209155 58.966344
9
-62.064394 56.152631 -54.725616
-65.387435 52.745912 -54.243452
-73.013249 18.423872 -65.799897
-72.429797 18.115901 -66.526226
-36.946316 14.706549 -91.753404
-15.179569 36.612709 -91.810077
-14.488914 54.422052 -82.633599
-25.133601 63.564083 -72.992530
-35.328730 65.427345 -66.866608
8
-29.044781 57.634235 76.385179
-11.904033 48.574915 86.595448
-22.614903 16.603814 95.983746
-50.396144 -9.349332 85.865119
-51.382818 -9.626537 85.247498
-61.306665 -2.446040 78.965244
-64.276084 21.099111 73.643822
-56.621210 46.330457 68.172776
4
-92.628673 25.992418 27.282286
-89.047682 43.392217 13.697657
-82.119100 49.457073 28.468428
-85.229025 32.983995 40.596421
5
-94.040843 29.921926 -16.155437
-76.557359 52.093429 -37.752422
-79.025595 61.231722 -2.373104
-89.497011 44.318209 5.116784
-94.010897 34.005664 -2.359268
6
-99.974030 -1.096410 -1.997818
-99.726545 -1.356543 -7.264708
-96.034002 16.223877 -22.677218
-94.040843 29.921926 -16.155437
-94.010897 34.005664 -2.359268
-98.414433 14.155335 10.687651
7
5.836347 -52.603463 -84.845818
11.944740 -50.859338 -85.268112
21.727975 -35.051775 -91.100319
-0.194927 -15.846767 -98.736224
-8.677811 -14.354597 -98.583169
-17.049402 -18.132489 -96.853140
-7.130056 -44.504642 -89.266450
6
75.031587 -15.582554 -64.245194
69.911798 -3.708020 -71.404419
36.520530 1.184514 -93.085164
34.530921 0.489695 -93.847619
37.768199 -25.624921 -88.977112
74.017321 -21.535645 -63.699703
7
-16.196714 -80.145600 57.570385
-29.699550 -77.304419 56.053221
-42.762616 -44.205299 78.849542
-42.739436 -44.138925 78.899277
-29.545219 -52.188233 80.021674
-10.445862 -68.269940 72.319426
-9.674427 -74.742039 65.726959
7
-75.058115 -65.818548 5.847913
-64.859742 -76.055844 -2.953393
-62.977629 -73.401110 -25.418407
-80.147028 -43.760102 -40.761591
-84.107036 -37.435402 -39.046090
-85.948238 -37.439657 -34.801903
-88.719942 -43.496434 -15.389353
5
78.716115 56.384603 24.990994
84.809909 52.722049 5.259738
92.502467 37.681050 -4.840665
95.164098 30.674843 1.687715
84.540349 28.884626 44.928920
3
69.911798 -3.708020 -71.404419
62.717950 29.660041 -72.019030
36.520530 1.184514 -93.085164
5
75.078810 -30.643982 -58.515969
74.017321 -21.535645 -63.699703
37.768199 -25.624921 -88.977112
37.767965 -25.625309 -88.977100
45.868648 -55.624810 -69.296087
8
-74.212253 -59.339203 31.167298
-83.097529 -13.804149 53.891057
-61.306665 -2.446040 78.965244
-51.382818 -9.626537 85.247498
-42.739436 -44.138925 78.899277
-42.762616 -44.205299 78.849542
-59.621890 -70.581833 38.254870
-71.524013 -63.095546 30.054412
7
-61.306665 -2.446040 78.965244
-83.097529 -13.804149 53.891057
-88.042334 -12.416323 45.764421
-96.085233 14.187454 23.797986
-92.628673 25.992418 27.282286
-85.229025 32.983995 40.596421
-64.276084 21.099111 73.643822
6
-73.013249 18.423872 -65.799897
-65.387435 52.745912 -54.243452
-76.557359 52.093429 -37.752422
-94.040843 29.921926 -16.155437
-96.034002 16.223877 -22.677218
-82.651834 3.726919 -56.167467
7
-61.734424 71.134549 33.596680
-62.078350 69.275018 36.704910
-82.119100 49.457073 28.468428
-89.047682 43.392217 13.697657
-89.497011 44.318209 5.116784
-79.025595 61.231722 -2.373104
-72.232794 69.103300 2.675329
6
24.012980 23.598780 94.161958
14.434695 50.843845 84.891360
15.807794 54.171313 82.556541
54.379695 60.164263 58.507352
58.059377 53.900851 61.023004
30.793917 16.254791 93.741754
6
-39.358534 -85.686670 -33.297153
-37.207510 -86.496307 -33.674770
-24.804065 -80.980632 -53.168559
-30.062552 -65.003084 -69.791418
-38.042028 -57.921981 -72.096104
-54.997827 -60.683692 -57.382301
6
6.094398 -81.082945 -58.210087
-2.807018 -66.732789 -74.423487
-30.062552 -65.003084 -69.791418
-24.804065 -80.980632 -53.168559
2.474663 -84.687395 -53.121757
5.263053 -83.612264 -54.601187
5
1.962731 20.687467 -97.817056
-8.677811 -14.354597 -98.583169
-0.194927 -15.846767 -98.736224
33.177968 1.487334 -94.323964
23.629650 16.899400 -95.687250
4
-42.762616 -44.205299 78.849542
-29.699550 -77.304419 56.053221
-43.632539 -84.174242 31.794631
-59.621890 -70.581833 38.254870
6
-9.746320 97.540975 -19.767837
-13.367216 97.384162 -18.375052
-18.900831 95.806500 -21.537717
-35.328730 65.427345 -66.866608
-25.133601 63.564083 -72.992530
13.923712 90.345629 -40.543774
5
2.858935 -92.588968 37.671070
-12.008778 -91.208759 39.201421
-16.196714 -80.145600 57.570385
-9.674427 -74.742039 65.726959
18.224469 -84.525814 50.232017
6
-39.096706 90.211968 18.255093
-27.746028 94.435568 17.665826
-21.870019 83.296767 50.826674
-58.638996 65.893855 47.111229
-62.078350 69.275018 36.704910
-61.734424 71.134549 33.596680
5
-56.621210 46.330457 68.172776
-58.638996 65.893855 47.111229
-21.870019 83.296767 50.826674
-9.458419 80.209155 58.966344
-29.044781 57.634235 76.385179
5
28.380924 79.515126 53.589812
54.359263 60.458775 58.222050
54.379695 60.164263 58.507352
15.807794 54.171313 82.556541
5.904249 75.565734 65.230052
5
-7.130056 -44.504642 -89.266450
-17.049402 -18.132489 -96.853140
-17.300919 -18.086422 -96.817145
-41.416350 -42.460659 -80.509492
-37.772168 -53.999259 -75.215314
5
65.485346 -56.359297 50.351754
51.892589 -70.224302 48.741222
42.165858 -46.123468 78.068343
53.174281 -34.968799 77.134162
66.743799 -43.345559 60.551035
7
74.515888 -65.909515 10.164564
84.238385 -45.327125 29.143545
85.507469 -42.337431 29.933505
95.611452 -26.072971 13.366019
92.667826 -32.052018 -19.630135
84.958160 -44.987451 -27.536162
78.559487 -61.168313 -9.319038
8
-8.989829 -99.026409 -10.627953
-12.138111 -97.830795 -16.786953
-37.207510 -86.496307 -33.674770
-39.358534 -85.686670 -33.297153
-41.244658 -85.349824 -31.847854
-50.177049 -86.495704 0.870009
-36.384069 -91.596784 16.918292
-9.274956 -99.221999 -8.304819
4
5.049234 -99.494631 8.678923
7.646944 -98.077512 17.953435
42.922731 -87.452187 22.577735
29.998117 -95.372137 2.066042
5
-53.403671 -30.267400 -78.942589
-41.416350 -42.460659 -80.509492
-17.300919 -18.086422 -96.817145
-31.138047 -6.507270 -94.805472
-51.609777 -17.375215 -83.872122
4
31.997895 72.114309 -61.446409
2.592892 57.417560 -81.832150
33.066120 37.845775 -86.454202
60.492169 46.633726 -64.544505
6
-95.824592 -22.046664 18.209675
-94.072724 -32.359100 10.159296
-88.719942 -43.496434 -15.389353
-85.948238 -37.439657 -34.801903
-99.726545 -1.356543 -7.264708
-99.974030 -1.096410 -1.997818
7
43.060258 87.318847 -22.830531
52.063207 83.523460 17.698986
50.839442 83.590949 20.685850
25.308428 93.557916 24.625186
25.298721 93.561537 24.621403
22.085988 97.482402 3.064392
41.513070 87.887782 -23.503249
7
65.485346 -56.359297 50.351754
84.238385 -45.327125 29.143545
74.515888 -65.909515 10.164564
57.994323 -79.133005 19.355260
49.955297 -82.081555 27.696329
45.819734 -79.673932 39.403256
51.892589 -70.224302 48.741222
5
23.114899 -82.637484 51.349272
18.224469 -84.525814 50.232017
-9.674427 -74.742039 65.726959
-10.445862 -68.269940 72.319426
19.517569 -59.992401 77.588507
6
62.435396 -2.242118 78.081971
84.406512 -26.957512 46.355509
84.192467 -29.233608 45.354434
66.743799 -43.345559 60.551035
53.174281 -34.968799 77.134162
59.923213 -3.379087 79.986189
6
34.530921 0.489695 -93.847619
33.177968 1.487334 -94.323964
-0.194927 -15.846767 -98.736224
21.727975 -35.051775 -91.100319
37.767965 -25.625309 -88.977100
37.768199 -25.624921 -88.977112
6
-82.651834 3.726919 -56.167467
-96.034002 16.223877 -22.677218
-99.726545 -1.356543 -7.264708
-85.948238 -37.439657 -34.801903
-84.107036 -37.435402 -39.046090
-83.448343 -27.983071 -47.469167
6
95.611452 -26.072971 13.366019
85.507469 -42.337431 29.933505
84.192467 -29.233608 45.354434
84.406512 -26.957512 46.355509
93.854304 0.181137 34.515748
98.163333 -1.370829 19.028424
7
1.962731 20.687467 -97.817056
-15.179569 36.612709 -91.810077
-36.946316 14.706549 -91.753404
-31.138047 -6.507270 -94.805472
-17.300919 -18.086422 -96.817145
-17.049402 -18.132489 -96.853140
-8.677811 -14.354597 -98.583169
9
82.899194 -45.012994 -33.189667
84.958160 -44.987451 -27.536162
92.667826 -32.052018 -19.630135
97.286943 -11.499783 -20.075001
95.453679 0.830195 -29.797751
86.994323 2.557220 -49.248842
75.031587 -15.582554 -64.245194
74.017321 -21.535645 -63.699703
75.078810 -30.643982 -58.515969
4
-18.900831 95.806500 -21.537717
-52.565202 82.751512 -19.725285
-62.064394 56.152631 -54.725616
-35.328730 65.427345 -66.866608
6
84.540349 28.884626 44.928920
95.164098 30.674843 1.687715
99.416165 7.145198 8.085309
98.163333 -1.370829 19.028424
93.854304 0.181137 34.515748
81.261897 22.804999 53.632417
7
-9.458419 80.209155 58.966344
-6.087278 80.575969 58.910595
5.904249 75.565734 65.230052
15.807794 54.171313 82.556541
14.434695 50.843845 84.891360
-11.904033 48.574915 86.595448
-29.044781 57.634235 76.385179
4
-61.734424 71.134549 33.596680
-72.232794 69.103300 2.675329
-55.914673 81.993659 -12.271480
-39.096706 90.211968 18.255093
5
25.308428 93.557916 24.625186
50.839442 83.590949 20.685850
60.741602 69.793725 37.938026
54.359263 60.458775 58.222050
28.380924 79.515126 53.589812
5
-29.699550 -77.304419 56.053221
-16.196714 -80.145600 57.570385
-12.008778 -91.208759 39.201421
-37.092990 -89.443505 24.979381
-43.632539 -84.174242 31.794631
9
22.455767 88.015022 -41.822176
31.997895 72.114309 -61.446409
60.492169 46.633726 -64.544505
61.373765 46.138051 -64.066694
73.774284 47.191870 -48.272999
73.990795 47.394727 -47.739943
62.332632 73.832712 -25.756040
43.060258 87.318847 -22.830531
41.513070 87.887782 -23.503249
8
-83.448343 -27.983071 -47.469167
-84.107036 -37.435402 -39.046090
-80.147028 -43.760102 -40.761591
-54.997827 -60.683692 -57.382301
-38.042028 -57.921981 -72.096104
-37.772168 -53.999259 -75.215314
-41.416350 -42.460659 -80.509492
-53.403671 -30.267400 -78.942589
8
-50.177049 -86.495704 0.870009
-64.859742 -76.055844 -2.953393
-75.058115 -65.818548 5.847913
-71.524013 -63.095546 30.054412
-59.621890 -70.581833 38.254870
-43.632539 -84.174242 31.794631
-37.092990 -89.443505 24.979381
-36.384069 -91.596784 16.918292
6
86.994323 2.557220 -49.248842
73.774284 47.191870 -48.272999
61.373765 46.138051 -64.066694
62.717950 29.660041 -72.019030
69.911798 -3.708020 -71.404419
75.031587 -15.582554 -64.245194
6
-38.042028 -57.921981 -72.096104
-30.062552 -65.003084 -69.791418
-2.807018 -66.732789 -74.423487
5.836347 -52.603463 -84.845818
-7.130056 -44.504642 -89.266450
-37.772168 -53.999259 -75.215314
4
62.332632 73.832712 -25.756040
71.305284 70.105146 -0.908297
52.063207 83.523460 17.698986
43.060258 87.318847 -22.830531
4
-62.977629 -73.401110 -25.418407
-64.859742 -76.055844 -2.953393
-50.177049 -86.495704 0.870009
-41.244658 -85.349824 -31.847854
7
-55.914673 81.993659 -12.271480
-52.565202 82.751512 -19.725285
-18.900831 95.806500 -21.537717
-13.367216 97.384162 -18.375052
-19.741955 97.301032 11.948403
-27.746028 94.435568 17.665826
-39.096706 90.211968 18.255093
5
35.527419 -63.429250 -68.662455
11.944740 -50.859338 -85.268112
5.836347 -52.603463 -84.845818
-2.807018 -66.732789 -74.423487
6.094398 -81.082945 -58.210087
5
66.743799 -43.345559 60.551035
84.192467 -29.233608 45.354434
85.507469 -42.337431 29.933505
84.238385 -45.327125 29.143545
65.485346 -56.359297 50.351754
4
-51.609777 -17.375215 -83.872122
-31.138047 -6.507270 -94.805472
-36.946316 14.706549 -91.753404
-72.429797 18.115901 -66.526226
8
84.540349 28.884626 44.928920
81.261897 22.804999 53.632417
78.462266 23.076357 57.542633
58.059377 53.900851 61.023004
54.379695 60.164263 58.507352
54.359263 60.458775 58.222050
60.741602 69.793725 37.938026
78.716115 56.384603 24.990994
5
91.241456 37.135423 -17.203404
73.990795 47.394727 -47.739943
73.774284 47.191870 -48.272999
86.994323 2.557220 -49.248842
95.453679 0.830195 -29.797751
