100
6
1.114475 15.108555 -98.845787
-11.675672 -22.253731 -96.790754
-8.388845 -30.007437 -95.022003
4.507004 -32.270258 -94.542675
29.131414 -26.505989 -91.917318
35.389817 21.333682 -91.062807
9
-24.547976 -96.384927 -10.360631
-37.586247 -92.550927 4.647576
-38.717387 -91.250028 13.205917
-17.705712 -93.254753 31.465201
-16.395359 -93.413157 31.704485
-2.209513 -97.080437 23.885285
0.924441 -98.191364 18.910351
2.444061 -99.421978 -10.454514
-5.870365 -98.085689 -18.567076
5
55.523063 34.785448 -75.545761
86.425445 27.058274 -42.408635
87.219633 27.336408 -40.564225
85.703287 34.720805 -38.071149
70.229437 53.961069 -46.433061
7
35.453953 71.965688 59.698886
16.042276 73.692964 65.665763
9.167413 76.464334 63.790001
18.003862 93.081807 31.806259
35.351069 90.929662 21.956741
46.537861 84.392750 26.685038
48.909397 77.355911 40.298063
6
45.986417 -84.555301 27.122877
46.134831 -85.771146 22.691140
0.924441 -98.191364 18.910351
-2.209513 -97.080437 23.885285
27.796884 -80.997016 51.641231
42.813140 -83.315811 35.007293
6
-82.259614 53.957858 17.941727
-82.589012 54.582283 14.136104
-73.024802 67.433238 -10.960690
-46.764901 88.319174 3.573172
-51.177850 82.360298 24.446043
-65.113999 65.875814 37.690108
6
-73.704049 -22.077268 -63.877284
-75.631899 -11.749177 -64.356605
-85.764379 -1.208178 -51.410229
-89.912291 -0.891595 -43.760540
-93.722832 -18.288873 -29.690872
-88.056728 -33.314446 -33.706978
9
51.709039 -85.511407 -3.738242
57.870003 -80.651953 -12.096497
57.905443 -80.573389 -12.445424
28.705291 -77.509331 -56.287742
9.814289 -81.285174 -57.414286
6.348544 -82.366725 -56.350853
-4.153854 -87.807669 -47.671362
-5.870365 -98.085689 -18.567076
2.444061 -99.421978 -10.454514
4
-81.197095 -56.005916 16.442904
-95.816978 -24.395684 14.965204
-88.428994 -25.013116 39.429140
-79.318720 -56.453546 22.837202
7
-55.646697 32.948363 -76.274835
-42.659113 46.230279 -77.736487
-61.524551 61.760718 -48.993298
-72.637721 56.981945 -38.429408
-81.496118 39.956070 -41.974936
-77.845536 28.924585 -55.708536
-69.747567 25.022587 -67.150183
7
46.134831 -85.771146 22.691140
45.986417 -84.555301 27.122877
80.661225 -46.169002 36.907859
80.791377 -46.015590 36.814656
82.390396 -56.080635 8.172210
57.870003 -80.651953 -12.096497
51.709039 -85.511407 -3.738242
5
-7.252507 99.513077 6.674470
3.749414 99.656837 -7.379477
28.681882 95.727585 -3.684984
35.351069 90.929662 21.956741
18.003862 93.081807 31.806259
7
-42.552938 -74.972135 -50.679646
-52.908514 -57.863544 -62.068506
-82.156985 -51.772851 -23.870520
-82.001229 -54.866378 -16.293526
-81.433554 -56.090602 -14.913771
-51.340269 -80.594906 -29.472664
-48.313023 -80.969258 -33.314127
6
46.098846 -50.858451 -72.720798
63.383838 -45.325686 -62.674327
79.857816 -23.631395 -55.355997
79.236655 -17.434937 -58.460033
74.219604 -8.302817 -66.501983
30.390981 -27.430628 -91.235678
8
-12.226293 92.212273 -36.707145
-10.444727 92.772913 -35.834260
2.210022 98.476554 -17.247727
3.749414 99.656837 -7.379477
-7.252507 99.513077 6.674470
-12.543282 98.781689 9.211083
-35.947718 93.306122 -1.314949
-37.381421 91.113949 -17.345823
5
-65.113999 65.875814 37.690108
-52.836846 61.559310 58.469814
-82.099532 19.842683 53.534426
-91.764900 18.627774 35.102837
-82.259614 53.957858 17.941727
7
-91.764900 18.627774 35.102837
-92.706159 16.020064 33.895805
-99.480577 2.491052 9.869620
-99.515875 6.647677 -7.238711
-96.081274 20.887158 -18.224033
-82.589012 54.582283 14.136104
-82.259614 53.957858 17.941727
7
46.332408 -14.870322 87.362357
50.653924 -47.958723 71.652919
23.827878 -77.682236 58.289814
20.507300 -77.142323 60.237137
21.770420 -27.179064 93.740852
33.492389 -13.517723 93.249831
35.838935 -12.991535 92.448855
6
70.229437 53.961069 -46.433061
85.703287 34.720805 -38.071149
85.121118 48.613087 -19.777844
73.547369 63.926609 -22.453800
65.135338 68.707492 -32.197335
63.865252 66.454683 -38.794389
6
-52.836846 61.559310 58.469814
-45.442315 61.093303 64.827497
-55.197743 26.576992 79.037160
-70.046449 12.847392 70.202846
-72.388774 11.926601 67.953084
-82.099532 19.842683 53.534426
8
34.011049 45.541299 -82.275383
8.003227 61.279680 -78.617741
-11.538287 60.657451 -78.660928
-27.031959 47.756529 -83.597770
-23.768285 28.068286 -92.990537
1.114475 15.108555 -98.845787
35.389817 21.333682 -91.062807
41.584574 32.164012 -85.065854
8
90.218014 43.108143 -1.548507
85.121118 48.613087 -19.777844
85.703287 34.720805 -38.071149
87.219633 27.336408 -40.564225
92.435883 17.311573 -33.998780
97.477441 9.868738 -20.018906
98.494013 17.224057 1.503730
98.458192 17.408769 1.708575
7
-11.232127 27.310968 95.540307
-12.820990 13.860663 98.201345
-24.454146 7.756775 96.653128
-31.493175 9.462361 94.438571
-55.197743 26.576992 79.037160
-45.442315 61.093303 64.827497
-27.129507 66.847093 69.249231
5
-55.909814 -3.891515 82.818771
-31.493175 9.462361 94.438571
-24.454146 7.756775 96.653128
-31.743942 -22.623974 92.089511
-56.737990 -19.485437 80.006989
7
-29.007965 -45.262107 -84.320102
-8.388845 -30.007437 -95.022003
-11.675672 -22.253731 -96.790754
-34.560286 2.686114 -93.799634
-46.828586 0.129804 -88.357607
-50.750846 -47.087192 -72.160571
-50.700368 -47.156322 -72.150911
6
74.219604 -8.302817 -66.501983
79.236655 -17.434937 -58.460033
92.435883 17.311573 -33.998780
87.219633 27.336408 -40.564225
86.425445 27.058274 -42.408635
72.311308 0.236990 -69.072560
4
-55.646697 32.948363 -76.274835
-69.747567 25.022587 -67.150183
-69.181249 -0.271582 -72.207209
-49.801454 1.622213 -86.701693
6
9.167413 76.464334 63.790001
16.042276 73.692964 65.665763
23.240653 45.819469 85.793055
-11.232127 27.310968 95.540307
-27.129507 66.847093 69.249231
-14.355157 75.674051 63.775915
5
50.653924 -47.958723 71.652919
62.104629 -55.088995 55.751392
42.813140 -83.315811 35.007293
27.796884 -80.997016 51.641231
23.827878 -77.682236 58.289814
5
63.865252 66.454683 -38.794389
65.135338 68.707492 -32.197335
46.205674 87.297875 -15.624237
30.791319 85.520963 -41.690041
48.188598 70.097073 -52.576224
5
-68.754762 -62.605304 36.788022
-79.318720 -56.453546 22.837202
-88.428994 -25.013116 39.429140
-87.163209 -22.573011 43.509013
-68.061601 -48.398870 55.001526
5
46.332408 -14.870322 87.362357
35.838935 -12.991535 92.448855
31.482087 38.424718 86.789511
60.586472 43.040497 66.908856
63.838230 -6.377118 76.707318
5
78.381844 47.253364 40.291514
60.925694 44.384041 65.712378
35.453953 71.965688 59.698886
48.909397 77.355911 40.298063
77.226421 53.417701 34.389376
7
-72.351878 67.218208 -15.713634
-73.024802 67.433238 -10.960690
-82.589012 54.582283 14.136104
-96.081274 20.887158 -18.224033
-94.225677 22.276390 -25.005683
-81.496118 39.956070 -41.974936
-72.637721 56.981945 -38.429408
6
-68.061601 -48.398870 55.001526
-87.163209 -22.573011 43.509013
-87.126950 -19.950588 44.842711
-74.668955 -13.409791 65.151551
-63.411452 -24.972265 73.180419
-59.885078 -44.421689 66.637010
4
90.860758 -29.803086 -29.259166
79.857816 -23.631395 -55.355997
63.383838 -45.325686 -62.674327
69.121852 -67.655475 -25.395004
6
-3.943391 -73.045122 68.182547
1.440069 -76.270022 64.659182
-16.395359 -93.413157 31.704485
-17.705712 -93.254753 31.465201
-32.795783 -81.804527 47.248872
-26.033242 -71.645283 64.724213
7
-79.318720 -56.453546 22.837202
-68.754762 -62.605304 36.788022
-56.976009 -73.920745 35.909023
-49.981856 -84.105427 20.690365
-72.433288 -68.870549 -3.204106
-79.602529 -60.268864 -5.576869
-81.197095 -56.005916 16.442904
5
-96.699170 -22.347302 12.242082
-95.647805 -29.097533 -2.197953
-97.279183 -13.182931 -19.051796
-99.515875 6.647677 -7.238711
-99.480577 2.491052 9.869620
4
16.258495 82.423600 -54.240313
29.629608 85.758716 -42.041990
2.210022 98.476554 -17.247727
-10.444727 92.772913 -35.834260
6
-12.820990 13.860663 98.201345
-11.232127 27.310968 95.540307
23.240653 45.819469 85.793055
31.482087 38.424718 86.789511
35.838935 -12.991535 92.448855
33.492389 -13.517723 93.249831
4
-39.078375 -62.615197 67.470124
-26.033242 -71.645283 64.724213
-32.795783 -81.804527 47.248872
-55.149618 -74.302033 37.917378
5
-94.225677 22.276390 -25.005683
-89.912291 -0.891595 -43.760540
-85.764379 -1.208178 -51.410229
-77.845536 28.924585 -55.708536
-81.496118 39.956070 -41.974936
6
34.011049 45.541299 -82.275383
48.188598 70.097073 -52.576224
30.791319 85.520963 -41.690041
29.629608 85.758716 -42.041990
16.258495 82.423600 -54.240313
8.003227 61.279680 -78.617741
5
-48.313023 -80.969258 -33.314127
-24.547976 -96.384927 -10.360631
-5.870365 -98.085689 -18.567076
-4.153854 -87.807669 -47.671362
-42.552938 -74.972135 -50.679646
5
94.839038 -31.048655 -6.444991
97.280195 -21.453098 8.736607
98.494013 17.224057 1.503730
97.477441 9.868738 -20.018906
93.102184 -27.234358 -24.295539
7
-14.355157 75.674051 63.775915
-27.129507 66.847093 69.249231
-45.442315 61.093303 64.827497
-52.836846 61.559310 58.469814
-65.113999 65.875814 37.690108
-51.177850 82.360298 24.446043
-20.542050 92.060855 33.208781
5
-49.981856 -84.105427 20.690365
-38.717387 -91.250028 13.205917
-37.586247 -92.550927 4.647576
-53.284251 -84.113790 -9.255209
-72.433288 -68.870549 -3.204106
6
94.839038 -31.048655 -6.444991
82.390396 -56.080635 8.172210
80.791377 -46.015590 36.814656
82.319234 -42.231560 37.947846
96.973821 -21.573975 11.429853
97.280195 -21.453098 8.736607
5
-69.747567 25.022587 -67.150183
-77.845536 28.924585 -55.708536
-85.764379 -1.208178 -51.410229
-75.631899 -11.749177 -64.356605
-69.181249 -0.271582 -72.207209
5
79.031056 59.090369 16.199396
70.886761 70.166288 7.194386
73.547369 63.926609 -22.453800
85.121118 48.613087 -19.777844
90.218014 43.108143 -1.548507
4
-11.675672 -22.253731 -96.790754
1.114475 15.108555 -98.845787
-23.768285 28.068286 -92.990537
-34.560286 2.686114 -93.799634
7
41.584574 32.164012 -85.065854
45.750858 31.214951 -83.261551
55.523063 34.785448 -75.545761
70.229437 53.961069 -46.433061
63.865252 66.454683 -38.794389
48.188598 70.097073 -52.576224
34.011049 45.541299 -82.275383
6
-82.156985 -51.772851 -23.870520
-88.056728 -33.314446 -33.706978
-93.722832 -18.288873 -29.690872
-97.279183 -13.182931 -19.051796
-95.647805 -29.097533 -2.197953
-82.001229 -54.866378 -16.293526
6
1.440069 -76.270022 64.659182
20.507300 -77.142323 60.237137
23.827878 -77.682236 58.289814
27.796884 -80.997016 51.641231
-2.209513 -97.080437 23.885285
-16.395359 -93.413157 31.704485
5
-81.433554 -56.090602 -14.913771
-79.602529 -60.268864 -5.576869
-72.433288 -68.870549 -3.204106
-53.284251 -84.113790 -9.255209
-51.340269 -80.594906 -29.472664
6
96.211055 16.661858 21.582755
98.458192 17.408769 1.708575
98.494013 17.224057 1.503730
97.280195 -21.453098 8.736607
96.973821 -21.573975 11.429853
93.599428 -3.915740 34.983053
6
29.131414 -26.505989 -91.917318
4.507004 -32.270258 -94.542675
9.814289 -81.285174 -57.414286
28.705291 -77.509331 -56.287742
46.098846 -50.858451 -72.720798
30.390981 -27.430628 -91.235678
6
62.083269 78.110266 6.667391
46.123890 87.420399 -15.174340
46.205674 87.297875 -15.624237
65.135338 68.707492 -32.197335
73.547369 63.926609 -22.453800
70.886761 70.166288 7.194386
6
-44.880232 85.627018 -25.569092
-37.381421 91.113949 -17.345823
-35.947718 93.306122 -1.314949
-46.764901 88.319174 3.573172
-73.024802 67.433238 -10.960690
-72.351878 67.218208 -15.713634
9
63.838230 -6.377118 76.707318
73.695512 -7.579904 67.167824
81.502880 -13.918273 56.245553
82.319234 -42.231560 37.947846
80.791377 -46.015590 36.814656
80.661225 -46.169002 36.907859
62.104629 -55.088995 55.751392
50.653924 -47.958723 71.652919
46.332408 -14.870322 87.362357
4
-70.046449 12.847392 70.202846
-55.197743 26.576992 79.037160
-31.493175 9.462361 94.438571
-55.909814 -3.891515 82.818771
4
45.750858 31.214951 -83.261551
72.311308 0.236990 -69.072560
86.425445 27.058274 -42.408635
55.523063 34.785448 -75.545761
7
35.389817 21.333682 -91.062807
29.131414 -26.505989 -91.917318
30.390981 -27.430628 -91.235678
74.219604 -8.302817 -66.501983
72.311308 0.236990 -69.072560
45.750858 31.214951 -83.261551
41.584574 32.164012 -85.065854
6
-74.668955 -13.409791 65.151551
-72.388774 11.926601 67.953084
-70.046449 12.847392 70.202846
-55.909814 -3.891515 82.818771
-56.737990 -19.485437 80.006989
-63.411452 -24.972265 73.180419
7
-39.078375 -62.615197 67.470124
-55.149618 -74.302033 37.917378
-56.976009 -73.920745 35.909023
-68.754762 -62.605304 36.788022
-68.061601 -48.398870 55.001526
-59.885078 -44.421689 66.637010
-44.772987 -52.143747 72.638896
7
21.770420 -27.179064 93.740852
-6.061800 -43.742053 89.721164
-25.735361 -36.920223 89.300551
-31.743942 -22.623974 92.089511
-24.454146 7.756775 96.653128
-12.820990 13.860663 98.201345
33.492389 -13.517723 93.249831
4
2.444061 -99.421978 -10.454514
0.924441 -98.191364 18.910351
46.134831 -85.771146 22.691140
51.709039 -85.511407 -3.738242
4
80.661225 -46.169002 36.907859
45.986417 -84.555301 27.122877
42.813140 -83.315811 35.007293
62.104629 -55.088995 55.751392
6
-44.772987 -52.143747 72.638896
-25.735361 -36.920223 89.300551
-6.061800 -43.742053 89.721164
-3.943391 -73.045122 68.182547
-26.033242 -71.645283 64.724213
-39.078375 -62.615197 67.470124
6
-96.081274 20.887158 -18.224033
-99.515875 6.647677 -7.238711
-97.279183 -13.182931 -19.051796
-93.722832 -18.288873 -29.690872
-89.912291 -0.891595 -43.760540
-94.225677 22.276390 -25.005683
6
-14.355157 75.674051 63.775915
-20.542050 92.060855 33.208781
-12.543282 98.781689 9.211083
-7.252507 99.513077 6.674470
18.003862 93.081807 31.806259
9.167413 76.464334 63.790001
5
-29.007965 -45.262107 -84.320102
6.348544 -82.366725 -56.350853
9.814289 -81.285174 -57.414286
4.507004 -32.270258 -94.542675
-8.388845 -30.007437 -95.022003
5
96.211055 16.661858 21.582755
93.599428 -3.915740 34.983053
81.502880 -13.918273 56.245553
73.695512 -7.579904 67.167824
85.205211 34.583652 39.294314
4
81.502880 -13.918273 56.245553
93.599428 -3.915740 34.983053
96.973821 -21.573975 11.429853
82.319234 -42.231560 37.947846
6
-52.908514 -57.863544 -62.068506
-50.700368 -47.156322 -72.150911
-50.750846 -47.087192 -72.160571
-73.704049 -22.077268 -63.877284
-88.056728 -33.314446 -33.706978
-82.156985 -51.772851 -23.870520
6
-4.153854 -87.807669 -47.671362
6.348544 -82.366725 -56.350853
-29.007965 -45.262107 -84.320102
-50.700368 -47.156322 -72.150911
-52.908514 -57.863544 -62.068506
-42.552938 -74.972135 -50.679646
6
-56.737990 -19.485437 80.006989
-31.743942 -22.623974 92.089511
-25.735361 -36.920223 89.300551
-44.772987 -52.143747 72.638896
-59.885078 -44.421689 66.637010
-63.411452 -24.972265 73.180419
6
8.003227 61.279680 -78.617741
16.258495 82.423600 -54.240313
-10.444727 92.772913 -35.834260
-12.226293 92.212273 -36.707145
-24.331572 81.884310 -51.989753
-11.538287 60.657451 -78.660928
6
-73.704049 -22.077268 -63.877284
-50.750846 -47.087192 -72.160571
-46.828586 0.129804 -88.357607
-49.801454 1.622213 -86.701693
-69.181249 -0.271582 -72.207209
-75.631899 -11.749177 -64.356605
7
57.870003 -80.651953 -12.096497
82.390396 -56.080635 8.172210
94.839038 -31.048655 -6.444991
93.102184 -27.234358 -24.295539
90.860758 -29.803086 -29.259166
69.121852 -67.655475 -25.395004
57.905443 -80.573389 -12.445424
7
-27.031959 47.756529 -83.597770
-42.659113 46.230279 -77.736487
-55.646697 32.948363 -76.274835
-49.801454 1.622213 -86.701693
-46.828586 0.129804 -88.357607
-34.560286 2.686114 -93.799634
-23.768285 28.068286 -92.990537
7
-81.197095 -56.005916 16.442904
-79.602529 -60.268864 -5.576869
-81.433554 -56.090602 -14.913771
-82.001229 -54.866378 -16.293526
-95.647805 -29.097533 -2.197953
-96.699170 -22.347302 12.242082
-95.816978 -24.395684 14.965204
7
-99.480577 2.491052 9.869620
-92.706159 16.020064 33.895805
-87.126950 -19.950588 44.842711
-87.163209 -22.573011 43.509013
-88.428994 -25.013116 39.429140
-95.816978 -24.395684 14.965204
-96.699170 -22.347302 12.242082
6
31.482087 38.424718 86.789511
23.240653 45.819469 85.793055
16.042276 73.692964 65.665763
35.453953 71.965688 59.698886
60.925694 44.384041 65.712378
60.586472 43.040497 66.908856
5
-46.764901 88.319174 3.573172
-35.947718 93.306122 -1.314949
-12.543282 98.781689 9.211083
-20.542050 92.060855 33.208781
-51.177850 82.360298 24.446043
6
77.226421 53.417701 34.389376
48.909397 77.355911 40.298063
46.537861 84.392750 26.685038
62.083269 78.110266 6.667391
70.886761 70.166288 7.194386
79.031056 59.090369 16.199396
5
-40.253706 79.169329 -45.954941
-24.331572 81.884310 -51.989753
-12.226293 92.212273 -36.707145
-37.381421 91.113949 -17.345823
-44.880232 85.627018 -25.569092
6
85.205211 34.583652 39.294314
73.695512 -7.579904 67.167824
63.838230 -6.377118 76.707318
60.586472 43.040497 66.908856
60.925694 44.384041 65.712378
78.381844 47.253364 40.291514
6
-61.524551 61.760718 -48.993298
-42.659113 46.230279 -77.736487
-27.031959 47.756529 -83.597770
-11.538287 60.657451 -78.660928
-24.331572 81.884310 -51.989753
-40.253706 79.169329 -45.954941
7
46.123890 87.420399 -15.174340
28.681882 95.727585 -3.684984
3.749414 99.656837 -7.379477
2.210022 98.476554 -17.247727
29.629608 85.758716 -42.041990
30.791319 85.520963 -41.690041
46.205674 87.297875 -15.624237
6
-17.705712 -93.254753 31.465201
-38.717387 -91.250028 13.205917
-49.981856 -84.105427 20.690365
-56.976009 -73.920745 35.909023
-55.149618 -74.302033 37.917378
-32.795783 -81.804527 47.248872
5
-51.340269 -80.594906 -29.472664
-53.284251 -84.113790 -9.255209
-37.586247 -92.550927 4.647576
-24.547976 -96.384927 -10.360631
-48.313023 -80.969258 -33.314127
5
62.083269 78.110266 6.667391
46.537861 84.392750 26.685038
35.351069 90.929662 21.956741
28.681882 95.727585 -3.684984
46.123890 87.420399 -15.174340
6
-74.668955 -13.409791 65.151551
-87.126950 -19.950588 44.842711
-92.706159 16.020064 33.895805
-91.764900 18.627774 35.102837
-82.099532 19.842683 53.534426
-72.388774 11.926601 67.953084
5
-3.943391 -73.045122 68.182547
-6.061800 -43.742053 89.721164
21.770420 -27.179064 93.740852
20.507300 -77.142323 60.237137
1.440069 -76.270022 64.659182
5
-40.253706 79.169329 -45.954941
-44.880232 85.627018 -25.569092
-72.351878 67.218208 -15.713634
-72.637721 56.981945 -38.429408
-61.524551 61.760718 -48.993298
6
79.857816 -23.631395 -55.355997
90.860758 -29.803086 -29.259166
93.102184 -27.234358 -24.295539
97.477441 9.868738 -20.018906
92.435883 17.311573 -33.998780
79.236655 -17.434937 -58.460033
7
77.226421 53.417701 34.389376
79.031056 59.090369 16.199396
90.218014 43.108143 -1.548507
98.458192 17.408769 1.708575
96.211055 16.661858 21.582755
85.205211 34.583652 39.294314
78.381844 47.253364 40.291514
5
69.121852 -67.655475 -25.395004
63.383838 -45.325686 -62.674327
46.098846 -50.858451 -72.720798
28.705291 -77.509331 -56.287742
57.905443 -80.573389 -12.445424
