100
6
0.318632 76.189886 64.768817
-0.004596 77.021837 63.778026
30.824329 89.022404 33.539117
41.968478 82.364881 38.140178
41.951795 80.957877 41.059335
22.333520 71.032239 66.750542
6
-55.310975 -21.006136 80.619094
-33.400935 -32.032867 88.646901
-41.387565 -45.610068 78.783191
-51.702460 -47.162564 71.432123
-58.475936 -41.249290 69.850275
-60.849797 -32.775523 72.270792
6
43.116442 15.219412 88.934481
44.341837 24.694984 86.162400
65.945798 30.379824 68.762039
76.442701 24.118960 59.789541
77.818713 -1.322014 62.789331
44.272271 -13.177994 88.692201
7
-31.470337 94.653346 7.096618
-28.299961 95.282534 10.970455
-41.738316 84.397353 33.689759
-68.126868 63.989320 35.554139
-82.044106 51.912630 23.955031
-84.309369 53.743752 1.881336
-79.418792 60.684984 -3.160416
6
-7.364011 19.700109 97.763373
-3.282889 49.813898 86.647552
29.301982 45.526352 84.075830
36.077701 41.186387 83.678438
44.341837 24.694984 86.162400
43.116442 15.219412 88.934481
5
-83.356469 2.712099 -55.175571
-42.679204 19.395897 -88.330543
-47.458169 31.094556 -82.345922
-66.734348 47.167363 -57.634770
-85.094167 32.071926 -41.597768
7
97.423498 22.445787 2.201964
81.235455 47.602609 33.686681
78.384533 52.304858 33.467399
77.487713 54.590287 31.867771
78.376404 62.096950 1.052673
91.366618 38.584733 -12.781217
96.494542 23.394272 -11.895853
5
76.442701 24.118960 59.789541
85.931358 26.073956 43.999438
91.349582 13.894683 38.238615
83.849009 -4.530708 54.303005
77.818713 -1.322014 62.789331
5
91.366618 38.584733 -12.781217
78.376404 62.096950 1.052673
73.510869 67.757606 -2.249218
66.086110 69.166560 -29.130964
78.173147 52.064999 -34.324844
8
96.722351 21.178297 -14.009515
96.494542 23.394272 -11.895853
91.366618 38.584733 -12.781217
78.173147 52.064999 -34.324844
73.801925 44.030137 -51.133383
76.304310 24.178685 -59.942001
79.135442 14.613618 -59.363491
89.033271 7.658948 -44.882259
5
5.790248 94.399477 -32.484023
-31.094735 82.922309 -46.443601
1.529539 73.556671 -67.727960
3.109248 74.101643 -67.076665
14.087374 90.657573 -39.783794
5
0.918641 -68.727600 -72.633828
13.254397 -82.700639 -54.634469
54.550403 -59.900465 -58.619005
54.596566 -57.545238 -60.891384
12.030454 -55.736971 -82.150218
5
73.801925 44.030137 -51.133383
50.500037 67.236294 -54.120486
39.987509 62.720336 -66.836805
44.044082 47.590004 -76.126936
76.304310 24.178685 -59.942001
6
-73.207558 -65.632268 18.249903
-79.618345 -59.254587 12.239810
-88.764238 -44.660954 11.238739
-81.500057 -30.957054 48.983687
-72.152430 -47.710547 50.176992
-71.467276 -50.383552 48.517277
6
-54.639493 73.827665 -39.547461
-66.734348 47.167363 -57.634770
-47.458169 31.094556 -82.345922
-30.683204 62.806425 -71.511495
-32.949182 82.363647 -46.158218
-41.526634 81.805258 -39.792442
5
85.931358 26.073956 43.999438
81.235455 47.602609 33.686681
97.423498 22.445787 2.201964
96.280932 8.514825 25.641369
91.349582 13.894683 38.238615
5
41.017178 -24.674458 -87.799557
7.566893 -40.453600 -91.138622
12.030454 -55.736971 -82.150218
54.596566 -57.545238 -60.891384
55.297505 -56.088694 -61.613670
4
-54.639493 73.827665 -39.547461
-41.526634 81.805258 -39.792442
-31.470337 94.653346 7.096618
-79.418792 60.684984 -3.160416
5
-14.465378 -94.453221 29.484604
12.226235 -96.931477 21.326225
6.616480 -99.745019 2.674593
-14.544533 -98.777421 -5.610503
-22.417394 -97.326459 -5.002078
4
19.958668 -93.758325 -28.478554
-14.544533 -98.777421 -5.610503
6.616480 -99.745019 2.674593
18.685922 -98.200402 -2.741765
6
-85.094167 32.071926 -41.597768
-92.755158 34.010259 -15.484928
-95.790251 25.300433 -13.568934
-98.515185 -0.275481 -17.166318
-85.869774 -16.201944 -48.619737
-83.356469 2.712099 -55.175571
6
-18.979436 -10.462775 -97.623314
5.630173 -0.565084 -99.839781
22.976080 31.192998 -92.190545
0.533000 47.164016 -88.177500
-38.725750 15.771537 -90.838180
-32.113590 -2.625853 -94.666901
6
-98.515185 -0.275481 -17.166318
-96.909938 -23.772546 6.582554
-94.749087 -31.563226 5.135485
-78.999330 -38.385887 -47.808258
-78.299001 -36.177090 -50.601232
-85.869774 -16.201944 -48.619737
6
96.722351 21.178297 -14.009515
89.033271 7.658948 -44.882259
89.318165 -21.282254 -39.614784
91.372368 -29.462957 -27.982577
95.061197 -30.519545 -5.650336
97.129554 -23.781311 0.546840
6
66.859486 -42.713538 -60.871692
89.318165 -21.282254 -39.614784
89.033271 7.658948 -44.882259
79.135442 14.613618 -59.363491
79.086355 14.563049 -59.441282
67.712237 -5.962374 -73.345095
5
-96.909938 -23.772546 6.582554
-98.515185 -0.275481 -17.166318
-95.790251 25.300433 -13.568934
-97.504604 4.798856 21.675404
-97.425687 -18.849980 12.365831
5
42.989367 -11.675606 -89.529853
41.017178 -24.674458 -87.799557
55.297505 -56.088694 -61.613670
66.859486 -42.713538 -60.871692
67.712237 -5.962374 -73.345095
5
44.341837 24.694984 86.162400
36.077701 41.186387 83.678438
49.129470 61.422631 61.753992
68.080759 49.298977 54.172144
65.945798 30.379824 68.762039
5
-79.618345 -59.254587 12.239810
-72.218453 -62.285827 -30.082733
-78.999330 -38.385887 -47.808258
-94.749087 -31.563226 5.135485
-88.764238 -44.660954 11.238739
5
73.807687 -65.140510 17.582354
53.415537 -56.710677 62.695132
55.168666 -41.396778 72.406664
79.748246 -33.398115 50.247221
82.803145 -47.441040 29.882886
5
-23.592702 -97.001138 -5.844961
-28.665990 -92.317797 -25.606355
-53.799178 -78.386239 -31.003968
-58.218328 -75.974848 -28.955981
-57.386816 -80.826769 13.182824
7
-13.241822 11.486014 98.451641
-7.364011 19.700109 97.763373
43.116442 15.219412 88.934481
44.272271 -13.177994 88.692201
41.757176 -19.725799 88.697413
15.252929 -23.538930 95.985764
6.019017 -18.915333 98.010110
7
5.831798 99.319055 10.085407
5.790248 94.399477 -32.484023
14.087374 90.657573 -39.783794
14.895186 90.455385 -39.949428
45.665629 82.754134 -32.655835
43.883462 89.016705 -12.258386
6.209812 99.283757 10.206554
8
54.550403 -59.900465 -58.619005
59.057316 -68.445521 -42.748615
77.074056 -56.737291 -28.990854
91.372368 -29.462957 -27.982577
89.318165 -21.282254 -39.614784
66.859486 -42.713538 -60.871692
55.297505 -56.088694 -61.613670
54.596566 -57.545238 -60.891384
5
60.588991 79.517372 2.441684
73.510869 67.757606 -2.249218
78.376404 62.096950 1.052673
77.487713 54.590287 31.867771
43.686070 81.907856 37.183740
7
22.976080 31.192998 -92.190545
34.873190 31.530316 -88.259276
44.044082 47.590004 -76.126936
39.987509 62.720336 -66.836805
38.010905 63.606449 -67.151998
0.669698 48.544825 -87.423975
0.533000 47.164016 -88.177500
5
91.349582 13.894683 38.238615
96.280932 8.514825 25.641369
96.062596 -14.470361 23.718900
86.022854 -20.619294 46.635965
83.849009 -4.530708 54.303005
6
51.526745 -82.451523 -23.382490
20.143997 -93.624880 -28.785434
19.958668 -93.758325 -28.478554
18.685922 -98.200402 -2.741765
33.192891 -94.053261 7.226067
54.263851 -83.479737 -9.304191
5
6.019017 -18.915333 98.010110
-28.114273 -24.937612 92.669861
-33.659880 -8.476566 93.782516
-15.906220 11.348184 98.072478
-13.241822 11.486014 98.451641
5
-28.299961 95.282534 10.970455
1.122151 99.329200 11.508726
-8.291128 81.979970 56.661642
-32.364101 78.324418 53.083430
-41.738316 84.397353 33.689759
7
-18.979436 -10.462775 -97.623314
-13.732431 -22.059954 -96.564894
7.566893 -40.453600 -91.138622
41.017178 -24.674458 -87.799557
42.989367 -11.675606 -89.529853
40.906705 -8.540402 -90.849893
5.630173 -0.565084 -99.839781
7
77.074056 -56.737291 -28.990854
59.057316 -68.445521 -42.748615
51.526745 -82.451523 -23.382490
54.263851 -83.479737 -9.304191
68.793274 -71.284311 13.639374
73.444315 -65.942865 16.045909
83.829075 -54.501726 1.499325
8
77.818713 -1.322014 62.789331
83.849009 -4.530708 54.303005
86.022854 -20.619294 46.635965
79.748246 -33.398115 50.247221
55.168666 -41.396778 72.406664
45.746716 -29.103784 84.025042
41.757176 -19.725799 88.697413
44.272271 -13.177994 88.692201
5
-32.364101 78.324418 53.083430
-34.153018 71.932717 60.491781
-52.533585 53.619148 66.069731
-68.126868 63.989320 35.554139
-41.738316 84.397353 33.689759
8
19.958668 -93.758325 -28.478554
20.143997 -93.624880 -28.785434
9.527081 -89.364833 -43.853863
-19.679371 -89.428934 -40.189402
-28.665990 -92.317797 -25.606355
-23.592702 -97.001138 -5.844961
-22.417394 -97.326459 -5.002078
-14.544533 -98.777421 -5.610503
6
-97.425687 -18.849980 12.365831
-82.965381 -17.857682 52.894695
-81.500057 -30.957054 48.983687
-88.764238 -44.660954 11.238739
-94.749087 -31.563226 5.135485
-96.909938 -23.772546 6.582554
6
65.945798 30.379824 68.762039
68.080759 49.298977 54.172144
78.384533 52.304858 33.467399
81.235455 47.602609 33.686681
85.931358 26.073956 43.999438
76.442701 24.118960 59.789541
5
67.712237 -5.962374 -73.345095
79.086355 14.563049 -59.441282
43.103528 19.310457 -88.143021
40.906705 -8.540402 -90.849893
42.989367 -11.675606 -89.529853
5
50.500037 67.236294 -54.120486
73.801925 44.030137 -51.133383
78.173147 52.064999 -34.324844
66.086110 69.166560 -29.130964
52.577928 75.681846 -38.830653
6
-55.310975 -21.006136 80.619094
-60.849797 -32.775523 72.270792
-82.912785 -17.670310 53.039893
-78.794325 12.800343 60.229607
-64.910285 15.958796 74.377226
-58.756744 2.301002 80.884797
5
-27.027845 -61.331871 -74.215209
-42.173567 -62.191171 -65.982184
-41.845143 -65.522600 -62.894936
-20.892394 -87.085272 -44.493407
-8.243413 -69.375747 -71.547549
6
27.747713 -91.354563 29.739002
-11.413861 -77.793575 61.789024
-9.592071 -75.871219 64.432525
3.009105 -74.582611 66.546070
40.005329 -72.868788 55.585190
39.291068 -84.294918 36.750220
7
96.428464 -20.663765 16.569860
96.062596 -14.470361 23.718900
96.280932 8.514825 25.641369
97.423498 22.445787 2.201964
96.494542 23.394272 -11.895853
96.722351 21.178297 -14.009515
97.129554 -23.781311 0.546840
6
52.577928 75.681846 -38.830653
66.086110 69.166560 -29.130964
73.510869 67.757606 -2.249218
60.588991 79.517372 2.441684
43.883462 89.016705 -12.258386
45.665629 82.754134 -32.655835
6
59.057316 -68.445521 -42.748615
54.550403 -59.900465 -58.619005
13.254397 -82.700639 -54.634469
9.527081 -89.364833 -43.853863
20.143997 -93.624880 -28.785434
51.526745 -82.451523 -23.382490
7
3.009105 -74.582611 66.546070
-9.592071 -75.871219 64.432525
-10.398801 -72.754487 67.813344
-8.220857 -55.645559 82.680041
15.252929 -23.538930 95.985764
41.757176 -19.725799 88.697413
45.746716 -29.103784 84.025042
5
82.803145 -47.441040 29.882886
79.748246 -33.398115 50.247221
86.022854 -20.619294 46.635965
96.062596 -14.470361 23.718900
96.428464 -20.663765 16.569860
6
68.793274 -71.284311 13.639374
39.291068 -84.294918 36.750220
40.005329 -72.868788 55.585190
53.415537 -56.710677 62.695132
73.807687 -65.140510 17.582354
73.444315 -65.942865 16.045909
8
-78.794325 12.800343 60.229607
-86.412759 22.493981 45.020617
-82.044106 51.912630 23.955031
-68.126868 63.989320 35.554139
-52.533585 53.619148 66.069731
-51.174628 33.073373 79.292556
-52.685917 29.617826 79.667927
-64.910285 15.958796 74.377226
5
-8.922609 54.006186 83.688224
0.318632 76.189886 64.768817
22.333520 71.032239 66.750542
29.301982 45.526352 84.075830
-3.282889 49.813898 86.647552
4
14.895186 90.455385 -39.949428
14.087374 90.657573 -39.783794
3.109248 74.101643 -67.076665
33.837378 66.669773 -66.409135
5
-30.683204 62.806425 -71.511495
-3.839979 60.804008 -79.297713
1.529539 73.556671 -67.727960
-31.094735 82.922309 -46.443601
-32.949182 82.363647 -46.158218
5
-64.910285 15.958796 74.377226
-52.685917 29.617826 79.667927
-15.906220 11.348184 98.072478
-33.659880 -8.476566 93.782516
-58.756744 2.301002 80.884797
5
5.630173 -0.565084 -99.839781
40.906705 -8.540402 -90.849893
43.103528 19.310457 -88.143021
34.873190 31.530316 -88.259276
22.976080 31.192998 -92.190545
6
54.263851 -83.479737 -9.304191
33.192891 -94.053261 7.226067
26.424692 -92.772520 26.362762
27.747713 -91.354563 29.739002
39.291068 -84.294918 36.750220
68.793274 -71.284311 13.639374
5
6.019017 -18.915333 98.010110
15.252929 -23.538930 95.985764
-8.220857 -55.645559 82.680041
-32.678342 -31.794138 89.001454
-28.114273 -24.937612 92.669861
5
-71.467276 -50.383552 48.517277
-47.092894 -66.915036 57.485974
-34.676979 -79.067108 50.456908
-60.965317 -76.933085 19.092685
-73.207558 -65.632268 18.249903
7
-34.676979 -79.067108 50.456908
-21.011642 -81.729880 53.653869
-14.465378 -94.453221 29.484604
-22.417394 -97.326459 -5.002078
-23.592702 -97.001138 -5.844961
-57.386816 -80.826769 13.182824
-60.965317 -76.933085 19.092685
6
-95.790251 25.300433 -13.568934
-92.755158 34.010259 -15.484928
-84.309369 53.743752 1.881336
-82.044106 51.912630 23.955031
-86.412759 22.493981 45.020617
-97.504604 4.798856 21.675404
6
-60.965317 -76.933085 19.092685
-57.386816 -80.826769 13.182824
-58.218328 -75.974848 -28.955981
-72.218453 -62.285827 -30.082733
-79.618345 -59.254587 12.239810
-73.207558 -65.632268 18.249903
6
33.837378 66.669773 -66.409135
3.109248 74.101643 -67.076665
1.529539 73.556671 -67.727960
-3.839979 60.804008 -79.297713
0.669698 48.544825 -87.423975
38.010905 63.606449 -67.151998
5
-8.220857 -55.645559 82.680041
-10.398801 -72.754487 67.813344
-41.387565 -45.610068 78.783191
-33.400935 -32.032867 88.646901
-32.678342 -31.794138 89.001454
6
0.918641 -68.727600 -72.633828
-8.243413 -69.375747 -71.547549
-20.892394 -87.085272 -44.493407
-19.679371 -89.428934 -40.189402
9.527081 -89.364833 -43.853863
13.254397 -82.700639 -54.634469
7
0.533000 47.164016 -88.177500
0.669698 48.544825 -87.423975
-3.839979 60.804008 -79.297713
-30.683204 62.806425 -71.511495
-47.458169 31.094556 -82.345922
-42.679204 19.395897 -88.330543
-38.725750 15.771537 -90.838180
5
33.192891 -94.053261 7.226067
18.685922 -98.200402 -2.741765
6.616480 -99.745019 2.674593
12.226235 -96.931477 21.326225
26.424692 -92.772520 26.362762
6
79.086355 14.563049 -59.441282
79.135442 14.613618 -59.363491
76.304310 24.178685 -59.942001
44.044082 47.590004 -76.126936
34.873190 31.530316 -88.259276
43.103528 19.310457 -88.143021
5
-28.665990 -92.317797 -25.606355
-19.679371 -89.428934 -40.189402
-20.892394 -87.085272 -44.493407
-41.845143 -65.522600 -62.894936
-53.799178 -78.386239 -31.003968
6
-27.027845 -61.331871 -74.215209
-8.243413 -69.375747 -71.547549
0.918641 -68.727600 -72.633828
12.030454 -55.736971 -82.150218
7.566893 -40.453600 -91.138622
-13.732431 -22.059954 -96.564894
7
14.895186 90.455385 -39.949428
33.837378 66.669773 -66.409135
38.010905 63.606449 -67.151998
39.987509 62.720336 -66.836805
50.500037 67.236294 -54.120486
52.577928 75.681846 -38.830653
45.665629 82.754134 -32.655835
7
-38.725750 15.771537 -90.838180
-42.679204 19.395897 -88.330543
-83.356469 2.712099 -55.175571
-85.869774 -16.201944 -48.619737
-78.299001 -36.177090 -50.601232
-64.506613 -39.047436 -65.682529
-32.113590 -2.625853 -94.666901
6
-32.113590 -2.625853 -94.666901
-64.506613 -39.047436 -65.682529
-42.173567 -62.191171 -65.982184
-27.027845 -61.331871 -74.215209
-13.732431 -22.059954 -96.564894
-18.979436 -10.462775 -97.623314
8
-41.526634 81.805258 -39.792442
-32.949182 82.363647 -46.158218
-31.094735 82.922309 -46.443601
5.790248 94.399477 -32.484023
5.831798 99.319055 10.085407
1.122151 99.329200 11.508726
-28.299961 95.282534 10.970455
-31.470337 94.653346 7.096618
6
6.209812 99.283757 10.206554
30.824329 89.022404 33.539117
-0.004596 77.021837 63.778026
-8.291128 81.979970 56.661642
1.122151 99.329200 11.508726
5.831798 99.319055 10.085407
5
22.333520 71.032239 66.750542
41.951795 80.957877 41.059335
49.129470 61.422631 61.753992
36.077701 41.186387 83.678438
29.301982 45.526352 84.075830
6
-81.500057 -30.957054 48.983687
-82.965381 -17.857682 52.894695
-82.912785 -17.670310 53.039893
-60.849797 -32.775523 72.270792
-58.475936 -41.249290 69.850275
-72.152430 -47.710547 50.176992
5
55.168666 -41.396778 72.406664
53.415537 -56.710677 62.695132
40.005329 -72.868788 55.585190
3.009105 -74.582611 66.546070
45.746716 -29.103784 84.025042
6
-66.734348 47.167363 -57.634770
-54.639493 73.827665 -39.547461
-79.418792 60.684984 -3.160416
-84.309369 53.743752 1.881336
-92.755158 34.010259 -15.484928
-85.094167 32.071926 -41.597768
6
-97.504604 4.798856 21.675404
-86.412759 22.493981 45.020617
-78.794325 12.800343 60.229607
-82.912785 -17.670310 53.039893
-82.965381 -17.857682 52.894695
-97.425687 -18.849980 12.365831
8
-58.218328 -75.974848 -28.955981
-53.799178 -78.386239 -31.003968
-41.845143 -65.522600 -62.894936
-42.173567 -62.191171 -65.982184
-64.506613 -39.047436 -65.682529
-78.299001 -36.177090 -50.601232
-78.999330 -38.385887 -47.808258
-72.218453 -62.285827 -30.082733
6
-28.114273 -24.937612 92.669861
-32.678342 -31.794138 89.001454
-33.400935 -32.032867 88.646901
-55.310975 -21.006136 80.619094
-58.756744 2.301002 80.884797
-33.659880 -8.476566 93.782516
5
-71.467276 -50.383552 48.517277
-72.152430 -47.710547 50.176992
-58.475936 -41.249290 69.850275
-51.702460 -47.162564 71.432123
-47.092894 -66.915036 57.485974
8
-10.398801 -72.754487 67.813344
-9.592071 -75.871219 64.432525
-11.413861 -77.793575 61.789024
-21.011642 -81.729880 53.653869
-34.676979 -79.067108 50.456908
-47.092894 -66.915036 57.485974
-51.702460 -47.162564 71.432123
-41.387565 -45.610068 78.783191
8
-15.906220 11.348184 98.072478
-52.685917 29.617826 79.667927
-51.174628 33.073373 79.292556
-11.923981 54.053139 83.283113
-8.922609 54.006186 83.688224
-3.282889 49.813898 86.647552
-7.364011 19.700109 97.763373
-13.241822 11.486014 98.451641
7
49.129470 61.422631 61.753992
41.951795 80.957877 41.059335
41.968478 82.364881 38.140178
43.686070 81.907856 37.183740
77.487713 54.590287 31.867771
78.384533 52.304858 33.467399
68.080759 49.298977 54.172144
7
-34.153018 71.932717 60.491781
-32.364101 78.324418 53.083430
-8.291128 81.979970 56.661642
-0.004596 77.021837 63.778026
0.318632 76.189886 64.768817
-8.922609 54.006186 83.688224
-11.923981 54.053139 83.283113
6
26.424692 -92.772520 26.362762
12.226235 -96.931477 21.326225
-14.465378 -94.453221 29.484604
-21.011642 -81.729880 53.653869
-11.413861 -77.793575 61.789024
27.747713 -91.354563 29.739002
7
73.444315 -65.942865 16.045909
73.807687 -65.140510 17.582354
82.803145 -47.441040 29.882886
96.428464 -20.663765 16.569860
97.129554 -23.781311 0.546840
95.061197 -30.519545 -5.650336
83.829075 -54.501726 1.499325
4
-34.153018 71.932717 60.491781
-11.923981 54.053139 83.283113
-51.174628 33.073373 79.292556
-52.533585 53.619148 66.069731
4
83.829075 -54.501726 1.499325
95.061197 -30.519545 -5.650336
91.372368 -29.462957 -27.982577
77.074056 -56.737291 -28.990854
6
6.209812 99.283757 10.206554
43.883462 89.016705 -12.258386
60.588991 79.517372 2.441684
43.686070 81.907856 37.183740
41.968478 82.364881 38.140178
30.824329 89.022404 33.539117
