400
7
-84.560766 -51.728753 13.176227
-85.011685 -51.800313 9.473168
-87.277831 -48.797137 1.191468
-91.688376 -39.784111 3.235145
-91.997254 -35.613676 16.375939
-86.361964 -45.484994 21.742272
-85.188804 -48.061997 20.806539
7
-2.642314 7.644325 -99.672376
17.729438 10.941991 -97.805623
20.480493 26.857687 -94.123398
-0.899233 24.372402 -96.980294
-5.022267 18.250065 -98.192219
-6.000774 8.884003 -99.423665
-5.577652 8.272853 -99.501003
5
96.776439 17.660494 -17.956272
95.249358 30.290212 -3.172200
90.961217 37.437657 -18.013295
92.128878 22.713222 -31.565478
95.262154 18.550210 -24.104186
5
57.582092 44.424248 68.635187
49.064982 48.276645 72.539597
49.068907 62.685978 60.520331
60.251985 62.903423 49.120848
64.836083 56.058187 51.514677
8
83.669529 20.740268 50.687781
82.900519 21.626841 51.573091
74.828772 38.556196 53.982170
74.662862 43.253739 50.542765
86.476517 39.834501 30.578172
88.857698 34.299191 30.461041
90.706892 21.916079 35.943640
90.633331 21.794890 36.201962
6
-73.634440 50.721605 -44.780442
-71.988860 58.378862 -37.543475
-76.233484 60.079767 -24.059873
-81.523705 52.348031 -24.770329
-84.904610 44.424254 -28.595330
-80.936791 45.066103 -37.660089
7
19.043704 0.916702 98.165661
24.721840 2.330067 96.867959
30.817955 0.536068 95.131311
35.939260 -4.649287 93.202756
32.160564 -18.009751 92.958846
13.009852 -14.152937 98.134796
11.053542 -6.504644 99.174134
5
49.135090 1.592588 -87.081609
37.256433 10.497279 -92.205018
30.406630 5.383257 -95.112867
36.241173 -6.430007 -92.979742
36.686681 -6.488400 -92.800798
4
-30.780442 37.615397 87.393629
-29.277918 23.168176 92.768740
-36.755690 18.362243 91.169333
-39.427598 36.568886 84.310030
7
-96.078414 27.710909 -1.021659
-91.623532 40.019523 -1.888441
-88.809161 45.965916 0.259725
-87.395969 48.514665 2.876082
-87.561436 47.669717 7.784156
-90.635114 36.604141 21.104809
-97.433060 19.810946 10.692294
6
86.476517 39.834501 30.578172
74.662862 43.253739 50.542765
68.223477 53.046640 50.315118
78.891468 54.246691 28.869235
81.649736 51.713152 25.672368
83.483090 48.986686 25.117289
7
-40.133971 73.825275 -54.213404
-49.368367 66.542586 -55.989718
-48.162935 64.037167 -59.829532
-33.637541 58.090074 -74.121920
-28.812729 57.845846 -76.313071
-26.708155 61.905756 -73.853584
-25.863697 70.142697 -66.415896
6
-47.523677 -52.281315 70.768384
-40.656502 -45.770990 79.070003
-32.887311 -48.732679 80.892217
-27.314120 -55.047530 78.890483
-29.975681 -62.278541 72.269232
-30.756953 -62.882438 71.412946
4
17.255434 -13.598742 -97.556774
20.689790 5.402820 -97.686960
17.729438 10.941991 -97.805623
-2.642314 7.644325 -99.672376
6
19.409156 73.995692 -64.404366
5.178167 79.780665 -60.068561
-5.459899 70.841245 -70.368370
-4.711072 66.012024 -74.968117
8.896599 61.503070 -78.346811
17.094093 64.768940 -74.248074
6
9.150790 -23.006244 96.886407
10.473193 -31.498215 94.330137
8.097564 -33.975887 93.702020
-7.237305 -31.629398 94.589654
-10.973107 -23.016119 96.694618
-9.936944 -17.954662 97.871790
6
-27.888315 95.880678 -5.397921
-39.632721 89.679183 -19.669561
-39.233269 89.657789 -20.548273
-29.043018 91.580063 -27.741578
-21.240147 93.618338 -28.008265
-25.644612 96.374919 -7.364021
6
-97.720773 -6.723345 -20.135718
-98.164525 -12.313790 -14.563536
-91.996977 -26.519306 -28.866634
-90.562900 -26.640395 -32.994705
-90.862890 -13.966992 -39.355539
-93.433520 -7.382505 -34.866544
5
-23.830096 21.124186 -94.793962
-20.032197 9.537675 -97.507660
-6.000774 8.884003 -99.423665
-5.022267 18.250065 -98.192219
-17.590302 26.318193 -94.857440
5
16.464475 -89.754576 40.902777
20.927427 -94.621785 24.673074
4.428571 -99.500541 8.945954
-4.332206 -97.099983 23.512237
-4.467978 -96.644400 25.296190
7
-99.755378 -3.431778 6.089951
-99.340250 -8.872162 7.266329
-99.099292 -12.555297 4.657784
-98.164525 -12.313790 -14.563536
-97.720773 -6.723345 -20.135718
-98.467640 4.588242 -16.824739
-99.260525 4.771321 -11.161662
7
-59.189973 -80.030460 -9.574575
-58.311072 -79.488347 -16.775623
-66.521822 -68.204657 -30.380455
-74.743469 -60.742351 -26.903171
-77.279642 -60.359824 -19.609914
-73.580839 -67.006239 -9.799193
-59.806546 -79.689686 -8.528246
9
-42.883446 10.481827 89.728152
-42.752227 10.818732 89.750778
-36.755690 18.362243 91.169333
-29.277918 23.168176 92.768740
-21.059092 24.271319 94.696450
-20.530581 23.534852 94.997926
-19.173423 -4.038971 98.061545
-21.672745 -4.278102 97.529431
-29.915219 -1.552730 95.407907
5
13.429198 -77.028065 62.340468
16.792910 -88.346161 43.737329
14.453249 -88.378493 44.501074
-4.943259 -81.547507 57.667741
-4.146668 -75.056551 65.949369
7
53.781135 24.606001 -80.635812
42.786308 40.207160 -80.948849
41.253431 40.382634 -81.654132
27.562734 30.284512 -91.231267
26.622707 28.972829 -91.933708
35.366908 20.667317 -91.225237
53.219486 20.754406 -82.078870
7
0.159269 -83.913365 -54.392295
-6.779738 -91.391886 -40.019473
-6.277613 -93.880298 -33.868588
-3.822297 -94.792222 -31.620004
11.429782 -95.446363 -27.556340
14.921324 -91.916086 -36.452535
14.756365 -91.078351 -38.561426
7
-29.125757 95.664412 -0.103061
-53.860908 84.246805 1.215915
-54.044507 84.131439 1.045120
-55.019654 83.439499 -3.269198
-40.289815 89.444584 -19.400960
-39.632721 89.679183 -19.669561
-27.888315 95.880678 -5.397921
7
16.838202 -70.290102 69.106993
8.257829 -63.104213 77.134082
10.950986 -58.676460 80.231845
22.352074 -50.777742 83.198592
24.081002 -50.299202 83.006599
27.684127 -64.706514 71.039821
22.808459 -68.354582 69.335599
5
-98.662701 -15.812709 3.953438
-92.079572 -35.391727 16.394451
-91.997254 -35.613676 16.375939
-91.688376 -39.784111 3.235145
-96.321504 -26.719198 -2.872692
6
71.649840 -40.932909 56.487144
69.189893 -38.586748 61.023123
67.907239 -25.800528 68.723647
71.203889 -21.404757 66.871837
81.277379 -31.388848 49.078793
80.610616 -33.107709 49.049038
7
-28.987914 95.337242 8.397090
-33.350005 93.090758 14.895906
-47.745668 86.686740 14.344344
-49.322273 85.943471 13.454857
-53.860908 84.246805 1.215915
-29.125757 95.664412 -0.103061
-29.108147 95.669809 -0.057941
7
84.657962 47.926780 -23.152826
78.453304 48.730955 -38.345445
78.807457 47.189376 -39.529072
90.346616 22.469079 -36.505197
92.128878 22.713222 -31.565478
90.961217 37.437657 -18.013295
86.565943 46.111844 -19.494495
7
-98.681541 -9.884045 12.816358
-94.444302 -20.478543 25.708037
-92.623664 -26.676569 26.631138
-92.079572 -35.391727 16.394451
-98.662701 -15.812709 3.953438
-99.099292 -12.555297 4.657784
-99.340250 -8.872162 7.266329
6
89.018215 -45.182612 5.855672
85.873064 -50.388391 9.318099
83.352879 -50.892103 21.500964
89.593308 -38.430176 22.274665
92.496662 -33.552415 17.849452
92.119894 -37.537591 10.239846
6
97.497672 -17.573044 13.615876
94.159934 -26.748411 20.455545
92.779997 -24.639741 28.013483
92.608780 -21.415207 31.064493
93.543323 -8.101427 34.409498
96.729302 -2.813708 25.209625
6
-75.741719 -65.220934 3.069471
-76.275222 -64.646342 -1.714911
-85.622517 -51.523690 -3.754188
-86.913513 -49.435867 -1.461604
-87.277831 -48.797137 1.191468
-85.011685 -51.800313 9.473168
5
-60.265768 51.742628 60.751441
-67.962432 52.724153 51.002662
-57.450024 67.595306 46.155924
-47.972874 67.948447 55.512268
-49.627593 59.838857 62.900025
7
31.666643 -21.305096 92.430063
32.198858 -18.170656 92.914266
52.534624 -21.551555 82.314299
54.405106 -30.771788 78.058834
53.000855 -33.040568 78.097569
49.180078 -36.569317 79.019016
42.065260 -34.641038 83.848151
6
40.520215 -18.870563 -89.453977
36.686681 -6.488400 -92.800798
36.241173 -6.430007 -92.979742
17.289874 -13.938931 -97.502649
16.861931 -15.266466 -97.378695
38.363605 -23.857688 -89.213477
5
72.127226 61.441681 31.977853
60.173446 63.295426 48.711862
55.118387 72.076950 42.034233
60.543560 74.022845 29.242022
66.866252 69.227905 27.136719
6
-49.627593 59.838857 62.900025
-47.972874 67.948447 55.512268
-40.194696 72.437608 56.010528
-36.117195 73.187265 57.785573
-30.778615 57.830126 75.553646
-37.637089 54.696322 74.778084
6
-85.188804 -48.061997 20.806539
-86.361964 -45.484994 21.742272
-86.597547 -38.657521 31.724768
-79.139440 -39.676015 46.505516
-77.690793 -45.528924 43.488593
-79.112936 -54.225787 28.296774
8
49.068907 62.685978 60.520331
44.818116 64.985335 61.386014
39.796412 72.353577 56.402177
46.041119 77.519474 43.254440
46.985316 77.291397 42.642937
55.118387 72.076950 42.034233
60.173446 63.295426 48.711862
60.251985 62.903423 49.120848
6
78.170506 -54.647136 -30.050999
87.577217 -45.336102 -16.579172
88.551316 -37.330078 -27.660976
87.177467 -37.573818 -31.437198
77.987982 -47.516421 -40.743889
77.835614 -47.929755 -40.550658
5
-18.833738 -45.682598 -86.939005
-25.349154 -43.550002 -86.376025
-30.779290 -56.478294 -76.569169
-19.467746 -63.001587 -75.178500
-11.314730 -55.827334 -82.190545
6
68.207193 -52.322655 51.089320
71.649840 -40.932909 56.487144
80.610616 -33.107709 49.049038
79.075755 -48.501158 37.345182
74.580510 -52.571606 40.914224
68.278869 -54.718293 48.413887
6
-19.874935 -96.420994 -17.549326
-14.023474 -98.164960 -12.922181
-13.679256 -98.199494 -13.028328
-3.822297 -94.792222 -31.620004
-6.277613 -93.880298 -33.868588
-22.131951 -92.327274 -31.398269
7
85.845728 -39.646988 32.536554
79.125015 -48.488905 37.256651
79.075755 -48.501158 37.345182
80.610616 -33.107709 49.049038
81.277379 -31.388848 49.078793
83.349284 -28.710777 47.207926
87.733791 -32.829286 35.000284
4
6.367795 50.642274 -85.993088
8.896599 61.503070 -78.346811
-4.711072 66.012024 -74.968117
-8.147784 60.611668 -79.119146
5
-72.151534 7.947404 68.782228
-74.225700 8.402626 66.482639
-82.931051 23.568913 50.665049
-77.609768 34.380876 52.864726
-63.983259 29.388631 71.010217
5
89.593308 -38.430176 22.274665
83.352879 -50.892103 21.500964
81.136476 -52.953428 24.754933
79.125015 -48.488905 37.256651
85.845728 -39.646988 32.536554
6
51.218724 -61.683065 -59.764888
37.090520 -57.124848 -73.219158
35.358825 -57.275973 -73.954151
32.987796 -74.581843 -57.873604
39.445729 -75.964013 -51.705930
52.251368 -65.062301 -55.106184
6
66.866252 69.227905 27.136719
60.543560 74.022845 29.242022
57.308381 79.713884 19.011737
60.580857 78.199968 14.653493
72.149408 68.829440 7.547916
73.747554 65.878028 14.878964
6
21.160814 -80.014212 -56.124378
32.987796 -74.581843 -57.873604
35.358825 -57.275973 -73.954151
34.559982 -56.988652 -74.551332
18.528634 -67.392978 -71.518363
10.090703 -77.233257 -62.715243
6
-54.302281 2.039064 83.947034
-69.056369 2.575161 72.281300
-72.151534 7.947404 68.782228
-63.983259 29.388631 71.010217
-63.536903 29.600253 71.322415
-48.882251 8.041748 86.866886
6
78.891468 54.246691 28.869235
68.223477 53.046640 50.315118
64.836083 56.058187 51.514677
60.251985 62.903423 49.120848
60.173446 63.295426 48.711862
72.127226 61.441681 31.977853
7
3.834527 84.673897 53.062487
5.081704 82.695440 55.996790
3.382934 79.092128 61.098209
-6.393209 75.445386 65.323201
-18.757699 75.671613 62.625519
-21.205047 78.377292 58.372477
-2.691656 85.279339 52.155434
7
43.181933 87.279068 -22.752692
26.821411 91.749240 -29.371566
26.281598 89.291912 -36.554508
29.770467 86.638207 -40.094143
44.225935 82.476653 -35.237315
48.551524 82.605458 -28.619710
48.613240 84.187010 -23.437154
6
61.075304 -0.403737 -79.181085
75.965779 -8.616446 -64.458958
81.328254 0.223928 -58.186467
81.574259 3.429746 -57.739736
73.761739 21.486595 -64.011968
71.087854 22.042820 -66.787956
6
-74.277491 -18.365694 64.385989
-75.053834 -26.078291 60.719393
-81.125306 -31.997396 48.937219
-86.077530 -22.251435 45.776986
-79.851624 -11.931477 59.003034
-75.025172 -14.050448 64.605020
5
-37.387855 -31.965151 87.065363
-33.271084 -34.105940 87.919394
-32.887311 -48.732679 80.892217
-40.656502 -45.770990 79.070003
-46.043491 -35.162652 81.508189
8
-8.979714 16.837803 98.162381
-20.530581 23.534852 94.997926
-21.059092 24.271319 94.696450
-15.184277 33.142002 93.118448
-4.620816 31.132117 94.918067
-3.591187 30.226044 95.254867
-2.671984 25.379533 96.688881
-6.394042 17.387943 98.268895
6
-37.378455 5.251214 -92.602785
-23.864294 7.068284 -96.853161
-20.032197 9.537675 -97.507660
-23.830096 21.124186 -94.793962
-31.752935 23.113868 -91.964668
-39.310854 15.410872 -90.648562
6
-67.303990 72.806199 13.016543
-54.044507 84.131439 1.045120
-53.860908 84.246805 1.215915
-49.322273 85.943471 13.454857
-54.284924 79.253325 27.785923
-67.175181 72.864093 13.353614
6
98.303081 -4.468157 -17.791568
96.610047 -6.341614 -25.025641
94.564855 -10.083437 -30.916219
94.446010 -22.044294 -24.372122
95.836072 -24.155960 -15.229476
98.930067 -12.999519 -6.622267
5
22.030662 -42.934167 -87.585999
-3.633338 -55.909348 -82.830813
0.838739 -59.879734 -80.085667
6.407088 -60.332735 -79.491574
27.565861 -45.929945 -84.442664
5
30.937754 -94.186499 13.105680
49.132165 -83.285789 25.485443
55.985189 -82.740532 4.434295
41.421010 -91.018129 0.012317
30.939437 -94.915727 5.809999
7
-29.416710 -94.088691 16.792125
-29.400683 -94.161898 16.405388
-38.760933 -91.993565 5.896950
-52.924226 -84.125748 11.040143
-55.121281 -80.815662 20.747846
-54.252326 -81.024575 22.174386
-43.934098 -86.308801 24.911563
5
87.733791 -32.829286 35.000284
83.349284 -28.710777 47.207926
85.083530 -24.204657 46.636118
92.608780 -21.415207 31.064493
92.779997 -24.639741 28.013483
7
-17.075549 -98.405140 4.985390
-19.039487 -98.123872 -3.033752
-36.655769 -92.835209 -6.162674
-37.475775 -92.539725 -5.653818
-38.760933 -91.993565 5.896950
-29.400683 -94.161898 16.405388
-18.864672 -97.813634 8.753120
5
92.845568 -3.823415 -36.947016
90.325905 22.363469 -36.621116
87.061709 20.279899 -44.821697
81.574259 3.429746 -57.739736
81.328254 0.223928 -58.186467
5
-47.136488 44.839134 -75.944740
-46.322015 44.889816 -76.414497
-33.637541 58.090074 -74.121920
-48.162935 64.037167 -59.829532
-52.869103 49.653327 -68.843337
5
87.177467 -37.573818 -31.437198
85.798468 -27.950831 -43.097261
75.935404 -40.067890 -51.267716
75.541349 -41.262850 -50.900705
77.987982 -47.516421 -40.743889
6
32.625656 35.676486 87.537163
29.707572 24.673711 92.242442
22.847182 19.264944 95.429912
11.510275 19.650853 97.372263
11.178040 28.524891 95.191292
31.950015 36.179619 87.579859
8
-78.060712 54.611658 30.398880
-75.179391 64.262516 14.777965
-68.708435 71.559991 12.582478
-67.303990 72.806199 13.016543
-67.175181 72.864093 13.353614
-66.013238 69.402055 28.733380
-68.721455 65.388934 31.648838
-78.058927 54.607499 30.410935
6
79.075755 -48.501158 37.345182
79.125015 -48.488905 37.256651
81.136476 -52.953428 24.754933
74.918713 -62.841547 20.931470
69.308956 -65.905098 29.202510
74.580510 -52.571606 40.914224
5
-55.019654 83.439499 -3.269198
-58.986321 80.301672 -8.500322
-59.382916 79.793246 -10.329916
-51.639073 81.962019 -24.811963
-40.289815 89.444584 -19.400960
6
-10.295715 -33.690423 -93.589282
-21.835672 -29.090765 -93.150045
-31.049261 -38.352607 -86.977129
-25.349154 -43.550002 -86.376025
-18.833738 -45.682598 -86.939005
-9.746088 -34.716113 -93.272747
6
-50.560371 -59.873426 -62.119415
-61.012309 -42.409280 -66.924967
-63.240129 -41.030812 -65.705088
-70.417123 -45.077403 -54.858514
-70.062690 -47.221592 -53.491501
-68.781199 -48.975282 -53.577687
6
16.453794 62.037547 76.685171
23.882120 67.904440 69.416362
31.529140 67.123029 67.085113
37.273319 63.630850 67.541206
38.258911 56.580408 73.040489
22.563295 55.541034 80.038062
7
-94.467816 2.562554 -32.699618
-86.874758 17.803581 -46.214812
-86.196152 21.612368 -45.859884
-86.429511 22.576582 -44.947053
-90.553708 29.745500 -30.252787
-93.923869 24.626263 -23.913469
-96.594825 8.921571 -24.286732
5
-66.709408 -35.123055 65.697990
-75.053834 -26.078291 60.719393
-74.277491 -18.365694 64.385989
-65.450848 -25.683189 71.109495
-66.188909 -34.933729 66.322416
7
-64.056510 -61.354801 -46.177396
-77.400842 -51.163619 -37.301391
-77.935296 -51.036666 -36.350356
-74.743469 -60.742351 -26.903171
-66.521822 -68.204657 -30.380455
-57.834054 -69.121172 -43.329965
-57.381876 -68.408057 -45.029525
8
56.786381 26.264647 -78.009456
53.781135 24.606001 -80.635812
53.219486 20.754406 -82.078870
57.731293 1.232081 -81.643002
59.281739 -0.360617 -80.532884
61.075304 -0.403737 -79.181085
71.087854 22.042820 -66.787956
70.048238 23.374165 -67.430651
8
38.363605 -23.857688 -89.213477
16.861931 -15.266466 -97.378695
13.650417 -18.981456 -97.228445
13.439933 -34.049807 -93.059007
22.030662 -42.934167 -87.585999
27.565861 -45.929945 -84.442664
28.641042 -46.202016 -83.934882
40.269731 -31.878925 -85.802581
6
-46.322015 44.889816 -76.414497
-38.532351 37.585146 -84.277012
-27.808867 45.770679 -84.449463
-26.210235 55.198328 -79.159132
-28.812729 57.845846 -76.313071
-33.637541 58.090074 -74.121920
8
-69.056369 2.575161 72.281300
-71.791531 -9.516034 68.959561
-75.025172 -14.050448 64.605020
-79.851624 -11.931477 59.003034
-83.756219 -2.158418 54.591546
-83.042287 0.286314 55.712626
-74.225700 8.402626 66.482639
-72.151534 7.947404 68.782228
6
-48.882251 8.041748 86.866886
-63.536903 29.600253 71.322415
-55.110021 38.887804 73.828343
-50.423906 40.030285 76.518011
-42.752227 10.818732 89.750778
-42.883446 10.481827 89.728152
7
4.416971 -99.553071 8.347235
4.428571 -99.500541 8.945954
20.927427 -94.621785 24.673074
30.937754 -94.186499 13.105680
30.939437 -94.915727 5.809999
26.984885 -96.268045 2.068688
17.554239 -98.446283 0.421874
8
-10.973107 -23.016119 96.694618
-23.788371 -29.839604 92.432199
-27.108134 -18.891547 94.383571
-21.672745 -4.278102 97.529431
-19.173423 -4.038971 98.061545
-18.651764 -4.117684 98.158832
-13.661392 -6.431184 98.853458
-9.936944 -17.954662 97.871790
9
19.409156 73.995692 -64.404366
25.869621 73.972411 -62.119604
28.507612 74.379510 -60.456634
33.760153 77.333851 -53.663093
29.770467 86.638207 -40.094143
26.281598 89.291912 -36.554508
3.095606 88.614540 -46.237220
0.372896 86.146505 -50.780317
5.178167 79.780665 -60.068561
8
-5.459899 70.841245 -70.368370
-10.737438 71.190113 -69.402271
-26.708155 61.905756 -73.853584
-28.812729 57.845846 -76.313071
-26.210235 55.198328 -79.159132
-13.970720 56.665586 -81.202404
-8.147784 60.611668 -79.119146
-4.711072 66.012024 -74.968117
6
-96.321504 -26.719198 -2.872692
-94.089753 -31.433120 -12.612584
-91.996977 -26.519306 -28.866634
-98.164525 -12.313790 -14.563536
-99.099292 -12.555297 4.657784
-98.662701 -15.812709 3.953438
7
-45.668397 -30.666966 -83.510088
-61.933010 -26.007667 -74.080385
-65.001494 -36.234735 -66.797079
-63.240129 -41.030812 -65.705088
-61.012309 -42.409280 -66.924967
-44.765273 -36.144735 -81.790149
-44.257407 -34.508025 -82.767615
7
-72.742688 68.502584 -3.987153
-77.098944 63.266236 -7.289467
-75.842898 60.765246 -23.567769
-68.318365 68.706832 -24.738075
-66.799829 70.431060 -24.026000
-59.382916 79.793246 -10.329916
-58.986321 80.301672 -8.500322
6
46.041119 77.519474 43.254440
30.969245 83.921105 44.700715
26.254491 87.954392 39.682826
40.224813 86.879202 28.878514
44.371715 83.973234 31.299312
46.985316 77.291397 42.642937
7
64.353748 -76.362856 5.225828
58.932582 -80.764115 2.026954
55.985189 -82.740532 4.434295
49.132165 -83.285789 25.485443
49.185090 -83.152747 25.815644
57.341352 -75.544286 31.702211
66.993873 -72.693825 15.080743
7
-68.318754 -45.392836 57.201733
-69.523273 -43.843607 56.958342
-66.709408 -35.123055 65.697990
-66.188909 -34.933729 66.322416
-55.140731 -39.692983 73.375520
-53.259362 -48.881689 69.094290
-59.524111 -50.939298 62.145540
7
-22.094539 -86.157970 45.701593
-21.805191 -87.348586 43.528820
-23.092076 -88.655374 40.087165
-35.637071 -85.731381 37.150094
-45.912862 -79.111026 40.416019
-46.821473 -75.252571 46.311988
-34.102957 -75.016049 56.653162
7
-63.918840 -63.588236 43.254111
-64.933989 -63.182787 42.326263
-77.690793 -45.528924 43.488593
-79.139440 -39.676015 46.505516
-79.068310 -39.409756 46.851612
-69.523273 -43.843607 56.958342
-68.318754 -45.392836 57.201733
6
75.935404 -40.067890 -51.267716
85.798468 -27.950831 -43.097261
86.781616 -22.220078 -44.443439
76.436958 -14.805365 -62.755020
75.688390 -17.138483 -63.067742
74.628858 -30.208318 -59.312655
8
55.219605 56.977944 -60.863035
71.526816 41.730426 -56.057882
73.971405 41.008981 -53.352551
78.807457 47.189376 -39.529072
78.453304 48.730955 -38.345445
74.131468 55.268074 -38.078412
73.583654 55.786508 -38.383739
56.332589 62.566680 -53.963413
6
-39.310854 15.410872 -90.648562
-31.752935 23.113868 -91.964668
-31.637803 27.163130 -90.891219
-38.640886 37.252349 -84.375023
-48.916476 26.851376 -82.983022
-50.276739 22.580752 -83.440752
8
25.633211 42.961052 86.586873
9.453542 41.701534 90.396972
3.971590 45.075320 89.176465
3.071889 58.295242 81.192538
7.043777 62.173987 78.005003
9.685667 63.243403 76.853496
16.453794 62.037547 76.685171
22.563295 55.541034 80.038062
6
55.118387 72.076950 42.034233
46.985316 77.291397 42.642937
44.371715 83.973234 31.299312
54.619357 81.634415 18.776264
57.308381 79.713884 19.011737
60.543560 74.022845 29.242022
7
60.629177 -78.818213 -10.573182
59.879725 -79.603595 -8.813978
58.932582 -80.764115 2.026954
64.353748 -76.362856 5.225828
77.160184 -63.587278 1.721640
78.071420 -61.742651 -9.628004
77.774802 -62.050041 -10.043534
6
-82.992940 -7.776507 -55.242174
-90.862890 -13.966992 -39.355539
-90.562900 -26.640395 -32.994705
-86.992935 -34.140121 -35.590467
-77.352972 -34.293225 -53.296271
-76.872639 -30.775765 -56.066475
6
38.258911 56.580408 73.040489
37.273319 63.630850 67.541206
44.818116 64.985335 61.386014
49.068907 62.685978 60.520331
49.064982 48.276645 72.539597
47.550776 48.107916 73.651559
6
64.836083 56.058187 51.514677
68.223477 53.046640 50.315118
74.662862 43.253739 50.542765
74.828772 38.556196 53.982170
64.364982 33.038304 69.033467
57.582092 44.424248 68.635187
6
-29.975681 -62.278541 72.269232
-27.314120 -55.047530 78.890483
-19.456924 -51.281907 83.615753
-8.469218 -54.938593 83.126550
-5.752232 -59.510262 80.158846
-15.053719 -65.885458 73.705441
6
-93.433520 -7.382505 -34.866544
-90.862890 -13.966992 -39.355539
-82.992940 -7.776507 -55.242174
-82.064240 -6.057414 -56.822251
-86.874758 17.803581 -46.214812
-94.467816 2.562554 -32.699618
6
-86.874758 17.803581 -46.214812
-82.064240 -6.057414 -56.822251
-74.564895 -4.162822 -66.503740
-66.930386 15.877559 -72.582549
-70.355678 26.244945 -66.039999
-86.196152 21.612368 -45.859884
7
-28.467802 -14.877733 -94.700778
-42.722464 -12.124687 -89.597897
-45.668397 -30.666966 -83.510088
-44.257407 -34.508025 -82.767615
-31.049261 -38.352607 -86.977129
-21.835672 -29.090765 -93.150045
-24.254660 -18.872515 -95.160599
6
58.705297 -74.306490 -32.128393
43.486139 -83.458760 -33.817024
38.153384 -89.620764 -22.637093
42.034292 -89.398888 -15.522793
59.879725 -79.603595 -8.813978
60.629177 -78.818213 -10.573182
5
-48.551004 -81.288715 -32.170558
-51.190464 -82.348348 -24.459885
-42.936957 -87.765665 -21.298024
-36.714686 -89.699362 -24.618211
-40.328565 -84.035298 -36.217062
5
18.175531 96.149408 20.614109
19.165337 91.185725 36.302251
6.942542 88.275128 46.468300
-8.417608 95.395275 28.790370
-3.023792 97.229178 23.180672
6
74.131468 55.268074 -38.078412
73.024357 64.951838 -21.182588
65.879320 72.963261 -18.337877
63.498871 74.333086 -21.035346
61.532130 71.763860 -32.615110
73.583654 55.786508 -38.383739
5
-59.524111 -50.939298 62.145540
-53.259362 -48.881689 69.094290
-49.966826 -51.508025 69.643662
-48.945834 -63.813735 59.431579
-56.823273 -63.891096 51.855988
5
-84.904610 44.424254 -28.595330
-81.523705 52.348031 -24.770329
-88.809161 45.965916 0.259725
-91.623532 40.019523 -1.888441
-87.284422 39.868709 -28.140998
4
-39.233269 89.657789 -20.548273
-42.313725 83.753942 -34.566254
-35.889003 83.893797 -40.912227
-29.043018 91.580063 -27.741578
5
-25.644612 96.374919 -7.364021
-21.240147 93.618338 -28.008265
-20.105561 93.668526 -28.670084
-6.161934 96.785512 -24.384323
-4.634632 99.123531 -12.371168
6
3.095606 88.614540 -46.237220
26.281598 89.291912 -36.554508
26.821411 91.749240 -29.371566
24.652186 93.650007 -24.938842
15.988380 95.936823 -23.248608
-0.479837 95.205238 -30.589742
5
30.817955 0.536068 95.131311
35.504583 14.386485 92.371281
47.691500 12.847557 86.950912
47.525451 -1.747834 87.967474
35.939260 -4.649287 93.202756
5
-16.975606 -83.558336 52.247807
-4.943259 -81.547507 57.667741
14.453249 -88.378493 44.501074
-21.805191 -87.348586 43.528820
-22.094539 -86.157970 45.701593
5
-90.813562 -40.112883 -11.993897
-86.913513 -49.435867 -1.461604
-85.622517 -51.523690 -3.754188
-82.029803 -55.009745 -15.653734
-86.699817 -45.743376 -19.765759
6
-86.429511 22.576582 -44.947053
-78.394313 39.565917 -47.842135
-80.936791 45.066103 -37.660089
-84.904610 44.424254 -28.595330
-87.284422 39.868709 -28.140998
-90.553708 29.745500 -30.252787
6
-37.637089 54.696322 74.778084
-48.163946 41.443249 77.218465
-50.423906 40.030285 76.518011
-55.110021 38.887804 73.828343
-60.265768 51.742628 60.751441
-49.627593 59.838857 62.900025
5
74.828772 38.556196 53.982170
82.900519 21.626841 51.573091
68.798392 21.578048 69.290469
64.394942 28.964695 70.811990
64.364982 33.038304 69.033467
7
-79.148017 49.368855 36.032034
-75.469732 46.745550 46.034476
-77.609768 34.380876 52.864726
-82.931051 23.568913 50.665049
-85.381682 20.818038 47.713495
-90.777288 20.731119 36.465117
-87.740978 38.685309 28.371953
6
-1.012248 -2.158332 99.971581
-13.661392 -6.431184 98.853458
-18.651764 -4.117684 98.158832
-8.979714 16.837803 98.162381
-6.394042 17.387943 98.268895
1.948864 10.834955 99.392181
4
1.943663 -45.949824 88.796598
6.357273 -41.570273 90.727600
22.352074 -50.777742 83.198592
10.950986 -58.676460 80.231845
7
95.783830 28.527779 3.409361
88.857698 34.299191 30.461041
86.476517 39.834501 30.578172
83.483090 48.986686 25.117289
85.737852 49.002754 15.740102
94.903467 31.491537 1.270825
95.202333 30.581065 1.146415
6
-90.813562 -40.112883 -11.993897
-94.089753 -31.433120 -12.612584
-96.321504 -26.719198 -2.872692
-91.688376 -39.784111 3.235145
-87.277831 -48.797137 1.191468
-86.913513 -49.435867 -1.461604
4
-68.886935 47.567411 -54.698552
-55.629024 64.732939 -52.106222
-71.988860 58.378862 -37.543475
-73.634440 50.721605 -44.780442
5
6.407088 -60.332735 -79.491574
18.528634 -67.392978 -71.518363
34.559982 -56.988652 -74.551332
28.641042 -46.202016 -83.934882
27.565861 -45.929945 -84.442664
6
-94.000895 15.872989 30.197350
-90.777288 20.731119 36.465117
-85.381682 20.818038 47.713495
-85.995840 17.216164 48.044970
-91.086107 -4.174276 41.059671
-93.712546 -1.068076 34.882916
4
-79.112936 -54.225787 28.296774
-77.690793 -45.528924 43.488593
-64.933989 -63.182787 42.326263
-71.369654 -63.565372 29.424751
5
21.883217 77.995312 58.633234
27.103002 78.767968 55.326616
35.226379 73.472778 57.972865
31.529140 67.123029 67.085113
23.882120 67.904440 69.416362
6
-44.257407 -34.508025 -82.767615
-44.765273 -36.144735 -81.790149
-42.025133 -53.986593 -72.933778
-30.779290 -56.478294 -76.569169
-25.349154 -43.550002 -86.376025
-31.049261 -38.352607 -86.977129
8
28.447724 -93.749435 -20.044211
38.153384 -89.620764 -22.637093
43.486139 -83.458760 -33.817024
40.488127 -83.314983 -37.673933
39.567190 -83.595008 -38.030409
14.921324 -91.916086 -36.452535
11.429782 -95.446363 -27.556340
12.486846 -95.902640 -25.431521
5
-45.912862 -79.111026 40.416019
-53.799658 -79.407392 28.285383
-62.634339 -64.390459 43.940965
-58.278755 -65.482758 48.120631
-46.821473 -75.252571 46.311988
6
-53.055537 -14.120830 83.580573
-56.800617 -20.981278 79.583138
-58.147253 -20.913200 78.622739
-71.791531 -9.516034 68.959561
-69.056369 2.575161 72.281300
-54.302281 2.039064 83.947034
5
59.252448 -40.634339 -69.555718
60.459768 -41.454877 -68.015510
74.628858 -30.208318 -59.312655
75.688390 -17.138483 -63.067742
61.354010 -29.825758 -73.117095
6
13.429198 -77.028065 62.340468
-4.146668 -75.056551 65.949369
-5.554493 -73.735352 67.321953
2.056974 -63.787994 76.986107
8.257829 -63.104213 77.134082
16.838202 -70.290102 69.106993
8
26.622707 28.972829 -91.933708
21.237163 27.736732 -93.699822
20.480493 26.857687 -94.123398
17.729438 10.941991 -97.805623
20.689790 5.402820 -97.686960
30.406630 5.383257 -95.112867
37.256433 10.497279 -92.205018
35.366908 20.667317 -91.225237
5
60.962620 -71.636561 -33.937620
58.705297 -74.306490 -32.128393
60.629177 -78.818213 -10.573182
77.774802 -62.050041 -10.043534
71.780692 -64.388776 -26.488069
4
48.551524 82.605458 -28.619710
44.225935 82.476653 -35.237315
50.971524 71.041150 -48.528948
56.920879 73.511948 -36.824002
5
17.289874 -13.938931 -97.502649
36.241173 -6.430007 -92.979742
30.406630 5.383257 -95.112867
20.689790 5.402820 -97.686960
17.255434 -13.598742 -97.556774
7
-59.806546 -79.689686 -8.528246
-59.912634 -79.783985 -6.707608
-52.924226 -84.125748 11.040143
-38.760933 -91.993565 5.896950
-37.475775 -92.539725 -5.653818
-41.352181 -90.701330 -7.953981
-59.189973 -80.030460 -9.574575
4
-68.410078 -17.066027 -70.914117
-72.402239 -29.658811 -62.275763
-65.001494 -36.234735 -66.797079
-61.933010 -26.007667 -74.080385
6
43.934450 -31.367019 -84.177635
55.192024 -23.872265 -79.899659
56.793731 -7.757021 -81.940837
40.520215 -18.870563 -89.453977
38.363605 -23.857688 -89.213477
40.269731 -31.878925 -85.802581
4
-52.869103 49.653327 -68.843337
-66.664266 36.574196 -64.947700
-53.411462 36.726808 -76.146945
-47.136488 44.839134 -75.944740
4
29.996676 -38.459354 87.298783
27.282180 -27.046430 92.326449
31.666643 -21.305096 92.430063
42.065260 -34.641038 83.848151
7
52.251368 -65.062301 -55.106184
39.445729 -75.964013 -51.705930
40.488127 -83.314983 -37.673933
43.486139 -83.458760 -33.817024
58.705297 -74.306490 -32.128393
60.962620 -71.636561 -33.937620
61.498837 -67.379715 -40.961775
6
-78.394313 39.565917 -47.842135
-86.429511 22.576582 -44.947053
-86.196152 21.612368 -45.859884
-70.355678 26.244945 -66.039999
-67.177957 36.255719 -64.596013
-69.572843 44.745728 -56.191096
7
40.269731 -31.878925 -85.802581
28.641042 -46.202016 -83.934882
34.559982 -56.988652 -74.551332
35.358825 -57.275973 -73.954151
37.090520 -57.124848 -73.219158
55.857944 -42.076562 -71.480438
43.934450 -31.367019 -84.177635
8
83.483090 48.986686 25.117289
81.649736 51.713152 25.672368
73.747554 65.878028 14.878964
72.149408 68.829440 7.547916
73.228741 68.051665 2.553887
80.041263 59.910501 -2.031773
83.326393 55.267601 -1.484785
85.737852 49.002754 15.740102
5
-39.427598 36.568886 84.310030
-36.755690 18.362243 91.169333
-42.752227 10.818732 89.750778
-50.423906 40.030285 76.518011
-48.163946 41.443249 77.218465
6
-5.577652 8.272853 -99.501003
-6.000774 8.884003 -99.423665
-20.032197 9.537675 -97.507660
-23.864294 7.068284 -96.853161
-21.105128 -7.375070 -97.468877
-8.489117 -5.066594 -99.510123
5
46.041119 77.519474 43.254440
39.796412 72.353577 56.402177
35.226379 73.472778 57.972865
27.103002 78.767968 55.326616
30.969245 83.921105 44.700715
5
43.934450 -31.367019 -84.177635
55.857944 -42.076562 -71.480438
59.252448 -40.634339 -69.555718
61.354010 -29.825758 -73.117095
55.192024 -23.872265 -79.899659
6
-19.588637 92.259136 33.234577
-32.636898 91.292887 24.503911
-33.350005 93.090758 14.895906
-28.987914 95.337242 8.397090
-20.681339 96.604304 15.488401
-16.342662 93.802477 30.561620
5
-27.276078 79.298743 54.476829
-26.916127 85.778848 43.789397
-21.156503 89.593232 39.057076
-2.691656 85.279339 52.155434
-21.205047 78.377292 58.372477
5
55.985189 -82.740532 4.434295
58.932582 -80.764115 2.026954
59.879725 -79.603595 -8.813978
42.034292 -89.398888 -15.522793
41.421010 -91.018129 0.012317
7
-20.105561 93.668526 -28.670084
-21.240147 93.618338 -28.008265
-29.043018 91.580063 -27.741578
-35.889003 83.893797 -40.912227
-32.063141 81.230977 -48.718409
-20.751882 84.202049 -49.793317
-18.830534 85.075566 -49.066883
6
73.753936 -3.754423 67.425969
81.475608 2.085750 57.942859
89.867986 -4.035651 43.674462
90.414021 -6.118768 42.283158
85.683278 -18.666634 48.061759
74.167218 -9.625164 66.382076
6
61.498837 -67.379715 -40.961775
60.962620 -71.636561 -33.937620
71.780692 -64.388776 -26.488069
78.170506 -54.647136 -30.050999
77.835614 -47.929755 -40.550658
65.388867 -61.869233 -43.548754
6
56.347437 82.564283 -2.846995
51.192929 85.805834 -4.079563
51.426468 83.263797 -20.553793
63.498871 74.333086 -21.035346
65.879320 72.963261 -18.337877
66.701943 74.240565 -6.260142
5
64.394942 28.964695 70.811990
68.798392 21.578048 69.290469
69.146263 1.792989 72.218969
50.459842 18.460954 84.338589
50.333154 24.309422 82.919393
5
-58.311072 -79.488347 -16.775623
-51.190464 -82.348348 -24.459885
-48.551004 -81.288715 -32.170558
-57.834054 -69.121172 -43.329965
-66.521822 -68.204657 -30.380455
6
-69.022359 -69.822226 18.993964
-55.121281 -80.815662 20.747846
-52.924226 -84.125748 11.040143
-59.912634 -79.783985 -6.707608
-71.159896 -69.477347 10.448324
-70.356987 -69.177811 16.258072
7
-86.699817 -45.743376 -19.765759
-85.674181 -38.364488 -34.468837
-86.992935 -34.140121 -35.590467
-90.562900 -26.640395 -32.994705
-91.996977 -26.519306 -28.866634
-94.089753 -31.433120 -12.612584
-90.813562 -40.112883 -11.993897
7
-21.156503 89.593232 39.057076
-26.916127 85.778848 43.789397
-38.214290 83.622577 39.331065
-42.195927 84.668636 32.414902
-39.454683 87.706281 27.403216
-32.636898 91.292887 24.503911
-19.588637 92.259136 33.234577
7
50.459842 18.460954 84.338589
47.691500 12.847557 86.950912
35.504583 14.386485 92.371281
29.707572 24.673711 92.242442
32.625656 35.676486 87.537163
37.651711 35.678570 85.494961
50.333154 24.309422 82.919393
4
-32.636898 91.292887 24.503911
-39.454683 87.706281 27.403216
-47.745668 86.686740 14.344344
-33.350005 93.090758 14.895906
6
-90.553708 29.745500 -30.252787
-87.284422 39.868709 -28.140998
-91.623532 40.019523 -1.888441
-96.078414 27.710909 -1.021659
-96.368138 24.741798 -10.051136
-93.923869 24.626263 -23.913469
5
69.189893 -38.586748 61.023123
61.558687 -44.465046 65.064489
53.000855 -33.040568 78.097569
54.405106 -30.771788 78.058834
67.907239 -25.800528 68.723647
5
72.149408 68.829440 7.547916
60.580857 78.199968 14.653493
56.347437 82.564283 -2.846995
66.701943 74.240565 -6.260142
73.228741 68.051665 2.553887
6
-19.257798 -68.522275 -70.241263
-19.467746 -63.001587 -75.178500
-30.779290 -56.478294 -76.569169
-42.025133 -53.986593 -72.933778
-46.045097 -59.242446 -66.107350
-28.548679 -71.002671 -64.370752
6
56.332589 62.566680 -53.963413
73.583654 55.786508 -38.383739
61.532130 71.763860 -32.615110
56.920879 73.511948 -36.824002
50.971524 71.041150 -48.528948
50.880597 70.894531 -48.837796
7
2.162364 99.858500 -4.858402
2.152306 99.857488 -4.883609
15.988380 95.936823 -23.248608
24.652186 93.650007 -24.938842
27.780017 95.346801 -11.715724
25.021540 96.818318 0.368626
20.531517 97.709582 5.594134
8
-71.369654 -63.565372 29.424751
-64.933989 -63.182787 42.326263
-63.918840 -63.588236 43.254111
-62.634339 -64.390459 43.940965
-53.799658 -79.407392 28.285383
-54.252326 -81.024575 22.174386
-55.121281 -80.815662 20.747846
-69.022359 -69.822226 18.993964
6
92.845568 -3.823415 -36.947016
81.328254 0.223928 -58.186467
75.965779 -8.616446 -64.458958
76.436958 -14.805365 -62.755020
86.781616 -22.220078 -44.443439
94.351586 -9.937392 -31.607381
6
-59.806546 -79.689686 -8.528246
-73.580839 -67.006239 -9.799193
-76.275222 -64.646342 -1.714911
-75.741719 -65.220934 3.069471
-71.159896 -69.477347 10.448324
-59.912634 -79.783985 -6.707608
6
1.239105 43.969577 -89.806129
-2.622435 29.787583 -95.424435
-0.899233 24.372402 -96.980294
20.480493 26.857687 -94.123398
21.237163 27.736732 -93.699822
6.369528 45.735687 -88.699921
6
-99.755378 -3.431778 6.089951
-99.260525 4.771321 -11.161662
-96.368138 24.741798 -10.051136
-96.078414 27.710909 -1.021659
-97.433060 19.810946 10.692294
-97.700429 17.876511 11.621379
6
9.723149 -97.988813 -17.425637
12.486846 -95.902640 -25.431521
11.429782 -95.446363 -27.556340
-3.822297 -94.792222 -31.620004
-13.679256 -98.199494 -13.028328
-1.193845 -99.565715 -9.232722
6
21.971518 51.414531 -82.908374
7.172808 47.472572 -87.720612
6.369528 45.735687 -88.699921
21.237163 27.736732 -93.699822
26.622707 28.972829 -91.933708
27.562734 30.284512 -91.231267
5
-2.622435 29.787583 -95.424435
-17.549671 35.675662 -91.756505
-17.590302 26.318193 -94.857440
-5.022267 18.250065 -98.192219
-0.899233 24.372402 -96.980294
5
-29.689527 -77.882014 -55.253270
-34.949911 -84.324044 -40.840657
-27.179687 -88.073903 -38.784692
-19.630610 -86.359475 -46.440072
-18.393293 -82.837599 -52.911425
5
-11.046376 44.709390 88.764002
0.469075 43.610635 89.988291
-4.620816 31.132117 94.918067
-15.184277 33.142002 93.118448
-16.619417 39.054754 90.545685
5
22.030662 -42.934167 -87.585999
13.439933 -34.049807 -93.059007
0.116449 -38.629819 -92.237322
-4.374801 -55.571722 -83.021954
-3.633338 -55.909348 -82.830813
7
81.475608 2.085750 57.942859
73.753936 -3.754423 67.425969
69.328555 0.686949 72.063024
69.146263 1.792989 72.218969
68.798392 21.578048 69.290469
82.900519 21.626841 51.573091
83.669529 20.740268 50.687781
5
-96.594825 8.921571 -24.286732
-98.467640 4.588242 -16.824739
-97.720773 -6.723345 -20.135718
-93.433520 -7.382505 -34.866544
-94.467816 2.562554 -32.699618
5
-70.356987 -69.177811 16.258072
-71.159896 -69.477347 10.448324
-75.741719 -65.220934 3.069471
-85.011685 -51.800313 9.473168
-84.560766 -51.728753 13.176227
6
-24.628961 59.880285 76.208699
-10.928429 55.342418 82.569887
-11.046376 44.709390 88.764002
-16.619417 39.054754 90.545685
-25.215541 42.794528 86.791733
-29.568424 57.816168 76.046032
6
-43.829655 -9.666604 -89.361726
-37.378455 5.251214 -92.602785
-39.310854 15.410872 -90.648562
-50.276739 22.580752 -83.440752
-61.474935 15.713539 -77.291119
-45.959459 -8.671324 -88.388553
6
65.388867 -61.869233 -43.548754
66.244114 -48.231435 -57.318810
63.635308 -48.216554 -60.213881
51.218724 -61.683065 -59.764888
52.251368 -65.062301 -55.106184
61.498837 -67.379715 -40.961775
5
-83.756219 -2.158418 54.591546
-90.980330 -4.436009 41.266225
-91.086107 -4.174276 41.059671
-85.995840 17.216164 48.044970
-83.042287 0.286314 55.712626
6
71.203889 -21.404757 66.871837
74.167218 -9.625164 66.382076
85.683278 -18.666634 48.061759
85.083530 -24.204657 46.636118
83.349284 -28.710777 47.207926
81.277379 -31.388848 49.078793
6
94.159934 -26.748411 20.455545
97.497672 -17.573044 13.615876
98.705943 -15.470915 4.217523
96.041332 -27.836008 -1.104203
92.119894 -37.537591 10.239846
92.496662 -33.552415 17.849452
7
2.162364 99.858500 -4.858402
20.531517 97.709582 5.594134
21.487190 96.532761 14.823180
18.175531 96.149408 20.614109
-3.023792 97.229178 23.180672
-4.019667 97.829643 20.327399
-0.191322 99.977692 -2.103451
6
0.509964 -99.889684 4.668083
-17.075549 -98.405140 4.985390
-18.864672 -97.813634 8.753120
-4.332206 -97.099983 23.512237
4.428571 -99.500541 8.945954
4.416971 -99.553071 8.347235
6
52.286008 54.969782 -65.149800
52.188387 48.392689 -70.246138
61.016993 38.135621 -69.444950
65.924521 36.282210 -65.860145
71.526816 41.730426 -56.057882
55.219605 56.977944 -60.863035
7
94.564855 -10.083437 -30.916219
94.351586 -9.937392 -31.607381
86.781616 -22.220078 -44.443439
85.798468 -27.950831 -43.097261
87.177467 -37.573818 -31.437198
88.551316 -37.330078 -27.660976
94.446010 -22.044294 -24.372122
7
96.729302 -2.813708 25.209625
93.543323 -8.101427 34.409498
90.414021 -6.118768 42.283158
89.867986 -4.035651 43.674462
90.633331 21.794890 36.201962
90.706892 21.916079 35.943640
97.535733 8.342066 20.425246
6
-69.022359 -69.822226 18.993964
-70.356987 -69.177811 16.258072
-84.560766 -51.728753 13.176227
-85.188804 -48.061997 20.806539
-79.112936 -54.225787 28.296774
-71.369654 -63.565372 29.424751
5
-87.561436 47.669717 7.784156
-87.395969 48.514665 2.876082
-82.476645 56.507446 2.124053
-75.179391 64.262516 14.777965
-78.060712 54.611658 30.398880
6
48.613240 84.187010 -23.437154
48.551524 82.605458 -28.619710
56.920879 73.511948 -36.824002
61.532130 71.763860 -32.615110
63.498871 74.333086 -21.035346
51.426468 83.263797 -20.553793
6
-58.147253 -20.913200 78.622739
-56.800617 -20.981278 79.583138
-51.486250 -34.052558 78.673943
-55.140731 -39.692983 73.375520
-66.188909 -34.933729 66.322416
-65.450848 -25.683189 71.109495
5
99.355053 6.308222 -9.422299
96.776439 17.660494 -17.956272
95.262154 18.550210 -24.104186
96.610047 -6.341614 -25.025641
98.303081 -4.468157 -17.791568
6
-27.179687 -88.073903 -38.784692
-23.623973 -91.720966 -32.080715
-22.131951 -92.327274 -31.398269
-6.277613 -93.880298 -33.868588
-6.779738 -91.391886 -40.019473
-19.630610 -86.359475 -46.440072
5
-1.012248 -2.158332 99.971581
1.948864 10.834955 99.392181
9.458395 15.363737 98.359008
19.043704 0.916702 98.165661
11.053542 -6.504644 99.174134
8
67.907239 -25.800528 68.723647
54.405106 -30.771788 78.058834
52.534624 -21.551555 82.314299
54.341556 -6.231431 83.714781
69.328555 0.686949 72.063024
73.753936 -3.754423 67.425969
74.167218 -9.625164 66.382076
71.203889 -21.404757 66.871837
7
41.253431 40.382634 -81.654132
42.786308 40.207160 -80.948849
52.188387 48.392689 -70.246138
52.286008 54.969782 -65.149800
45.081367 58.641260 -67.296902
33.854318 57.122637 -74.772251
30.568419 53.344723 -78.866421
5
24.966391 54.221858 -80.228857
21.971518 51.414531 -82.908374
27.562734 30.284512 -91.231267
41.253431 40.382634 -81.654132
30.568419 53.344723 -78.866421
5
61.016993 38.135621 -69.444950
52.188387 48.392689 -70.246138
42.786308 40.207160 -80.948849
53.781135 24.606001 -80.635812
56.786381 26.264647 -78.009456
6
-67.303990 72.806199 13.016543
-68.708435 71.559991 12.582478
-72.742688 68.502584 -3.987153
-58.986321 80.301672 -8.500322
-55.019654 83.439499 -3.269198
-54.044507 84.131439 1.045120
7
36.618243 -76.911903 52.379991
47.806723 -67.903019 55.710835
56.119794 -67.319884 48.151864
58.286244 -74.086700 33.374760
57.341352 -75.544286 31.702211
49.185090 -83.152747 25.815644
27.143062 -85.339378 44.502187
7
5.178167 79.780665 -60.068561
0.372896 86.146505 -50.780317
-18.830534 85.075566 -49.066883
-20.751882 84.202049 -49.793317
-19.603195 74.748606 -63.469368
-10.737438 71.190113 -69.402271
-5.459899 70.841245 -70.368370
6
21.487190 96.532761 14.823180
36.348385 91.335475 18.347368
40.224813 86.879202 28.878514
26.254491 87.954392 39.682826
19.165337 91.185725 36.302251
18.175531 96.149408 20.614109
4
39.567190 -83.595008 -38.030409
22.392165 -83.427318 -50.383266
14.756365 -91.078351 -38.561426
14.921324 -91.916086 -36.452535
5
95.783830 28.527779 3.409361
99.089159 10.522593 8.403194
97.535733 8.342066 20.425246
90.706892 21.916079 35.943640
88.857698 34.299191 30.461041
6
-11.663601 -38.618699 91.501675
-18.894110 -40.598856 89.413341
-25.532727 -34.016592 90.503875
-23.788371 -29.839604 92.432199
-10.973107 -23.016119 96.694618
-7.237305 -31.629398 94.589654
6
52.477706 -54.382566 65.487609
47.239410 -41.701694 77.649255
49.180078 -36.569317 79.019016
53.000855 -33.040568 78.097569
61.558687 -44.465046 65.064489
59.976324 -49.163098 63.133433
6
80.041263 59.910501 -2.031773
73.228741 68.051665 2.553887
66.701943 74.240565 -6.260142
65.879320 72.963261 -18.337877
73.024357 64.951838 -21.182588
77.164648 61.444346 -16.438048
5
-4.634632 99.123531 -12.371168
-6.161934 96.785512 -24.384323
-0.479837 95.205238 -30.589742
15.988380 95.936823 -23.248608
2.152306 99.857488 -4.883609
7
47.239410 -41.701694 77.649255
38.268625 -49.494204 78.011769
24.806553 -49.702331 83.152349
25.666164 -44.006258 86.050551
29.996676 -38.459354 87.298783
42.065260 -34.641038 83.848151
49.180078 -36.569317 79.019016
6
43.181933 87.279068 -22.752692
48.613240 84.187010 -23.437154
51.426468 83.263797 -20.553793
51.192929 85.805834 -4.079563
48.915335 87.180283 -2.624551
39.707308 90.813990 -13.272111
6
-22.094539 -86.157970 45.701593
-34.102957 -75.016049 56.653162
-34.020366 -69.795836 63.017109
-31.767547 -67.600174 66.490897
-15.423700 -75.086352 64.219539
-16.975606 -83.558336 52.247807
6
9.453542 41.701534 90.396972
7.998382 32.476000 94.240837
-3.591187 30.226044 95.254867
-4.620816 31.132117 94.918067
0.469075 43.610635 89.988291
3.971590 45.075320 89.176465
5
3.971590 45.075320 89.176465
0.469075 43.610635 89.988291
-11.046376 44.709390 88.764002
-10.928429 55.342418 82.569887
3.071889 58.295242 81.192538
6
-28.548679 -71.002671 -64.370752
-30.725222 -76.348790 -56.805132
-29.689527 -77.882014 -55.253270
-18.393293 -82.837599 -52.911425
-2.944122 -78.746828 -61.565163
-19.257798 -68.522275 -70.241263
5
-8.469218 -54.938593 83.126550
-19.456924 -51.281907 83.615753
-18.894110 -40.598856 89.413341
-11.663601 -38.618699 91.501675
-0.325527 -46.572076 88.492574
5
52.477706 -54.382566 65.487609
46.951666 -65.017658 59.734791
38.377890 -62.213795 68.239148
38.268625 -49.494204 78.011769
47.239410 -41.701694 77.649255
6
-87.740978 38.685309 28.371953
-90.635114 36.604141 21.104809
-87.561436 47.669717 7.784156
-78.060712 54.611658 30.398880
-78.058927 54.607499 30.410935
-79.148017 49.368855 36.032034
6
-87.740978 38.685309 28.371953
-90.777288 20.731119 36.465117
-94.000895 15.872989 30.197350
-97.700429 17.876511 11.621379
-97.433060 19.810946 10.692294
-90.635114 36.604141 21.104809
7
16.464475 -89.754576 40.902777
17.066881 -88.437489 43.445738
27.143062 -85.339378 44.502187
49.185090 -83.152747 25.815644
49.132165 -83.285789 25.485443
30.937754 -94.186499 13.105680
20.927427 -94.621785 24.673074
6
24.966391 54.221858 -80.228857
17.094093 64.768940 -74.248074
8.896599 61.503070 -78.346811
6.367795 50.642274 -85.993088
7.172808 47.472572 -87.720612
21.971518 51.414531 -82.908374
5
77.164648 61.444346 -16.438048
73.024357 64.951838 -21.182588
74.131468 55.268074 -38.078412
78.453304 48.730955 -38.345445
84.657962 47.926780 -23.152826
7
-55.110021 38.887804 73.828343
-63.536903 29.600253 71.322415
-63.983259 29.388631 71.010217
-77.609768 34.380876 52.864726
-75.469732 46.745550 46.034476
-67.962432 52.724153 51.002662
-60.265768 51.742628 60.751441
5
-30.725222 -76.348790 -56.805132
-47.881694 -70.947780 -51.708373
-36.721808 -83.852829 -40.251855
-34.949911 -84.324044 -40.840657
-29.689527 -77.882014 -55.253270
6
-50.223752 -60.170052 -62.105874
-46.045097 -59.242446 -66.107350
-42.025133 -53.986593 -72.933778
-44.765273 -36.144735 -81.790149
-61.012309 -42.409280 -66.924967
-50.560371 -59.873426 -62.119415
5
64.353748 -76.362856 5.225828
66.993873 -72.693825 15.080743
74.761462 -63.694618 18.807429
78.288382 -62.002909 5.154473
77.160184 -63.587278 1.721640
6
-18.393293 -82.837599 -52.911425
-19.630610 -86.359475 -46.440072
-6.779738 -91.391886 -40.019473
0.159269 -83.913365 -54.392295
-0.606797 -79.011597 -61.292734
-2.944122 -78.746828 -61.565163
5
25.021540 96.818318 0.368626
27.780017 95.346801 -11.715724
39.707308 90.813990 -13.272111
48.915335 87.180283 -2.624551
47.765556 87.848703 -1.028140
7
-68.410078 -17.066027 -70.914117
-70.044468 -10.248628 -70.631000
-74.564895 -4.162822 -66.503740
-82.064240 -6.057414 -56.822251
-82.992940 -7.776507 -55.242174
-76.872639 -30.775765 -56.066475
-72.402239 -29.658811 -62.275763
7
-41.723073 -18.125308 89.054244
-38.759027 -22.826967 89.312191
-37.387855 -31.965151 87.065363
-46.043491 -35.162652 81.508189
-51.486250 -34.052558 78.673943
-56.800617 -20.981278 79.583138
-53.055537 -14.120830 83.580573
6
-70.417123 -45.077403 -54.858514
-63.240129 -41.030812 -65.705088
-65.001494 -36.234735 -66.797079
-72.402239 -29.658811 -62.275763
-76.872639 -30.775765 -56.066475
-77.352972 -34.293225 -53.296271
7
-21.156503 89.593232 39.057076
-19.588637 92.259136 33.234577
-16.342662 93.802477 30.561620
-8.417608 95.395275 28.790370
6.942542 88.275128 46.468300
3.834527 84.673897 53.062487
-2.691656 85.279339 52.155434
6
-92.079572 -35.391727 16.394451
-92.623664 -26.676569 26.631138
-90.245825 -30.261710 30.658115
-86.597547 -38.657521 31.724768
-86.361964 -45.484994 21.742272
-91.997254 -35.613676 16.375939
8
6.357273 -41.570273 90.727600
8.097564 -33.975887 93.702020
10.473193 -31.498215 94.330137
14.650463 -32.003282 93.601036
25.666164 -44.006258 86.050551
24.806553 -49.702331 83.152349
24.081002 -50.299202 83.006599
22.352074 -50.777742 83.198592
6
47.525451 -1.747834 87.967474
54.341556 -6.231431 83.714781
52.534624 -21.551555 82.314299
32.198858 -18.170656 92.914266
32.160564 -18.009751 92.958846
35.939260 -4.649287 93.202756
6
74.761462 -63.694618 18.807429
74.918713 -62.841547 20.931470
81.136476 -52.953428 24.754933
83.352879 -50.892103 21.500964
85.873064 -50.388391 9.318099
78.288382 -62.002909 5.154473
4
29.996676 -38.459354 87.298783
25.666164 -44.006258 86.050551
14.650463 -32.003282 93.601036
27.282180 -27.046430 92.326449
4
61.016993 38.135621 -69.444950
56.786381 26.264647 -78.009456
70.048238 23.374165 -67.430651
65.924521 36.282210 -65.860145
7
-55.140731 -39.692983 73.375520
-51.486250 -34.052558 78.673943
-46.043491 -35.162652 81.508189
-40.656502 -45.770990 79.070003
-47.523677 -52.281315 70.768384
-49.966826 -51.508025 69.643662
-53.259362 -48.881689 69.094290
5
25.633211 42.961052 86.586873
31.950015 36.179619 87.579859
11.178040 28.524891 95.191292
7.998382 32.476000 94.240837
9.453542 41.701534 90.396972
7
98.964052 -14.014076 3.118033
98.705943 -15.470915 4.217523
97.497672 -17.573044 13.615876
96.729302 -2.813708 25.209625
97.535733 8.342066 20.425246
99.089159 10.522593 8.403194
99.620577 7.294240 4.747067
6
-29.915219 -1.552730 95.407907
-41.723073 -18.125308 89.054244
-53.055537 -14.120830 83.580573
-54.302281 2.039064 83.947034
-48.882251 8.041748 86.866886
-42.883446 10.481827 89.728152
6
85.348584 51.957716 -4.001877
83.326393 55.267601 -1.484785
80.041263 59.910501 -2.031773
77.164648 61.444346 -16.438048
84.657962 47.926780 -23.152826
86.565943 46.111844 -19.494495
9
-19.467746 -63.001587 -75.178500
-19.257798 -68.522275 -70.241263
-2.944122 -78.746828 -61.565163
-0.606797 -79.011597 -61.292734
-0.149467 -78.838741 -61.517726
0.838739 -59.879734 -80.085667
-3.633338 -55.909348 -82.830813
-4.374801 -55.571722 -83.021954
-11.314730 -55.827334 -82.190545
8
60.580857 78.199968 14.653493
57.308381 79.713884 19.011737
54.619357 81.634415 18.776264
47.095585 87.223492 13.193494
47.765556 87.848703 -1.028140
48.915335 87.180283 -2.624551
51.192929 85.805834 -4.079563
56.347437 82.564283 -2.846995
6
-51.709283 -67.854601 -52.171863
-47.881694 -70.947780 -51.708373
-30.725222 -76.348790 -56.805132
-28.548679 -71.002671 -64.370752
-46.045097 -59.242446 -66.107350
-50.223752 -60.170052 -62.105874
7
-0.149467 -78.838741 -61.517726
-0.606797 -79.011597 -61.292734
0.159269 -83.913365 -54.392295
14.756365 -91.078351 -38.561426
22.392165 -83.427318 -50.383266
21.160814 -80.014212 -56.124378
10.090703 -77.233257 -62.715243
6
-54.865454 77.541143 31.259448
-53.940582 78.853988 29.537470
-42.195927 84.668636 32.414902
-38.214290 83.622577 39.331065
-43.488682 78.537137 44.052838
-54.824197 73.231849 40.390639
7
6.367795 50.642274 -85.993088
-8.147784 60.611668 -79.119146
-13.970720 56.665586 -81.202404
-6.506543 45.036915 -89.046848
1.239105 43.969577 -89.806129
6.369528 45.735687 -88.699921
7.172808 47.472572 -87.720612
6
-31.767547 -67.600174 66.490897
-30.756953 -62.882438 71.412946
-29.975681 -62.278541 72.269232
-15.053719 -65.885458 73.705441
-8.052692 -73.404478 67.430978
-15.423700 -75.086352 64.219539
5
59.976324 -49.163098 63.133433
61.558687 -44.465046 65.064489
69.189893 -38.586748 61.023123
71.649840 -40.932909 56.487144
68.207193 -52.322655 51.089320
5
-54.284924 79.253325 27.785923
-53.940582 78.853988 29.537470
-54.865454 77.541143 31.259448
-66.013238 69.402055 28.733380
-67.175181 72.864093 13.353614
5
31.529140 67.123029 67.085113
35.226379 73.472778 57.972865
39.796412 72.353577 56.402177
44.818116 64.985335 61.386014
37.273319 63.630850 67.541206
7
1.943663 -45.949824 88.796598
10.950986 -58.676460 80.231845
8.257829 -63.104213 77.134082
2.056974 -63.787994 76.986107
-5.752232 -59.510262 80.158846
-8.469218 -54.938593 83.126550
-0.325527 -46.572076 88.492574
6
-51.709283 -67.854601 -52.171863
-50.223752 -60.170052 -62.105874
-50.560371 -59.873426 -62.119415
-68.781199 -48.975282 -53.577687
-64.056510 -61.354801 -46.177396
-57.381876 -68.408057 -45.029525
5
29.707572 24.673711 92.242442
35.504583 14.386485 92.371281
30.817955 0.536068 95.131311
24.721840 2.330067 96.867959
22.847182 19.264944 95.429912
6
-20.792004 64.344372 73.671530
-9.384850 68.235856 72.496845
7.043777 62.173987 78.005003
3.071889 58.295242 81.192538
-10.928429 55.342418 82.569887
-24.628961 59.880285 76.208699
5
17.554239 -98.446283 0.421874
26.984885 -96.268045 2.068688
28.447724 -93.749435 -20.044211
12.486846 -95.902640 -25.431521
9.723149 -97.988813 -17.425637
6
0.509964 -99.889684 4.668083
-1.193845 -99.565715 -9.232722
-13.679256 -98.199494 -13.028328
-14.023474 -98.164960 -12.922181
-19.039487 -98.123872 -3.033752
-17.075549 -98.405140 4.985390
7
-3.891444 -16.035564 -98.629191
-6.924493 -18.743918 -97.983248
-10.295715 -33.690423 -93.589282
-9.746088 -34.716113 -93.272747
0.116449 -38.629819 -92.237322
13.439933 -34.049807 -93.059007
13.650417 -18.981456 -97.228445
5
92.608780 -21.415207 31.064493
85.083530 -24.204657 46.636118
85.683278 -18.666634 48.061759
90.414021 -6.118768 42.283158
93.543323 -8.101427 34.409498
4
-52.624323 78.570017 -32.518197
-51.639073 81.962019 -24.811963
-59.382916 79.793246 -10.329916
-66.799829 70.431060 -24.026000
5
-68.886935 47.567411 -54.698552
-73.634440 50.721605 -44.780442
-80.936791 45.066103 -37.660089
-78.394313 39.565917 -47.842135
-69.572843 44.745728 -56.191096
6
-47.972874 67.948447 55.512268
-57.450024 67.595306 46.155924
-57.410912 68.424530 44.967442
-54.824197 73.231849 40.390639
-43.488682 78.537137 44.052838
-40.194696 72.437608 56.010528
5
-17.549671 35.675662 -91.756505
-2.622435 29.787583 -95.424435
1.239105 43.969577 -89.806129
-6.506543 45.036915 -89.046848
-18.359666 37.347152 -90.929164
6
69.146263 1.792989 72.218969
69.328555 0.686949 72.063024
54.341556 -6.231431 83.714781
47.525451 -1.747834 87.967474
47.691500 12.847557 86.950912
50.459842 18.460954 84.338589
6
-21.534490 -91.643175 33.731204
-4.467978 -96.644400 25.296190
-4.332206 -97.099983 23.512237
-18.864672 -97.813634 8.753120
-29.400683 -94.161898 16.405388
-29.416710 -94.088691 16.792125
5
-11.441119 99.217541 4.998033
-12.201940 98.573462 11.592464
-20.681339 96.604304 15.488401
-28.987914 95.337242 8.397090
-29.108147 95.669809 -0.057941
7
-18.800837 37.494328 -90.778323
-31.637803 27.163130 -90.891219
-31.752935 23.113868 -91.964668
-23.830096 21.124186 -94.793962
-17.590302 26.318193 -94.857440
-17.549671 35.675662 -91.756505
-18.359666 37.347152 -90.929164
9
-0.191322 99.977692 -2.103451
-11.441119 99.217541 4.998033
-29.108147 95.669809 -0.057941
-29.125757 95.664412 -0.103061
-27.888315 95.880678 -5.397921
-25.644612 96.374919 -7.364021
-4.634632 99.123531 -12.371168
2.152306 99.857488 -4.883609
2.162364 99.858500 -4.858402
6
-86.077530 -22.251435 45.776986
-86.172923 -22.150105 45.646470
-89.718738 -15.181235 41.473824
-90.980330 -4.436009 41.266225
-83.756219 -2.158418 54.591546
-79.851624 -11.931477 59.003034
6
-18.359666 37.347152 -90.929164
-6.506543 45.036915 -89.046848
-13.970720 56.665586 -81.202404
-26.210235 55.198328 -79.159132
-27.808867 45.770679 -84.449463
-18.800837 37.494328 -90.778323
5
-61.474935 15.713539 -77.291119
-66.930386 15.877559 -72.582549
-74.564895 -4.162822 -66.503740
-70.044468 -10.248628 -70.631000
-45.959459 -8.671324 -88.388553
6
-49.322273 85.943471 13.454857
-47.745668 86.686740 14.344344
-39.454683 87.706281 27.403216
-42.195927 84.668636 32.414902
-53.940582 78.853988 29.537470
-54.284924 79.253325 27.785923
7
71.526816 41.730426 -56.057882
65.924521 36.282210 -65.860145
70.048238 23.374165 -67.430651
71.087854 22.042820 -66.787956
73.761739 21.486595 -64.011968
78.021372 27.467588 -56.197839
73.971405 41.008981 -53.352551
4
-18.757699 75.671613 62.625519
-6.393209 75.445386 65.323201
-9.384850 68.235856 72.496845
-20.792004 64.344372 73.671530
7
78.288382 -62.002909 5.154473
85.873064 -50.388391 9.318099
89.018215 -45.182612 5.855672
88.451428 -45.085092 -11.986637
87.736371 -46.030895 -13.545693
78.071420 -61.742651 -9.628004
77.160184 -63.587278 1.721640
6
22.392165 -83.427318 -50.383266
39.567190 -83.595008 -38.030409
40.488127 -83.314983 -37.673933
39.445729 -75.964013 -51.705930
32.987796 -74.581843 -57.873604
21.160814 -80.014212 -56.124378
8
-66.664266 36.574196 -64.947700
-67.177957 36.255719 -64.596013
-70.355678 26.244945 -66.039999
-66.930386 15.877559 -72.582549
-61.474935 15.713539 -77.291119
-50.276739 22.580752 -83.440752
-48.916476 26.851376 -82.983022
-53.411462 36.726808 -76.146945
6
22.808459 -68.354582 69.335599
27.684127 -64.706514 71.039821
38.377890 -62.213795 68.239148
46.951666 -65.017658 59.734791
47.806723 -67.903019 55.710835
36.618243 -76.911903 52.379991
8
13.650417 -18.981456 -97.228445
16.861931 -15.266466 -97.378695
17.289874 -13.938931 -97.502649
17.255434 -13.598742 -97.556774
-2.642314 7.644325 -99.672376
-5.577652 8.272853 -99.501003
-8.489117 -5.066594 -99.510123
-3.891444 -16.035564 -98.629191
5
49.135090 1.592588 -87.081609
57.731293 1.232081 -81.643002
53.219486 20.754406 -82.078870
35.366908 20.667317 -91.225237
37.256433 10.497279 -92.205018
5
-31.771461 -93.511539 -15.689692
-36.655769 -92.835209 -6.162674
-19.039487 -98.123872 -3.033752
-14.023474 -98.164960 -12.922181
-19.874935 -96.420994 -17.549326
5
-72.742688 68.502584 -3.987153
-68.708435 71.559991 12.582478
-75.179391 64.262516 14.777965
-82.476645 56.507446 2.124053
-77.098944 63.266236 -7.289467
7
-23.623973 -91.720966 -32.080715
-27.179687 -88.073903 -38.784692
-34.949911 -84.324044 -40.840657
-36.721808 -83.852829 -40.251855
-40.328565 -84.035298 -36.217062
-36.714686 -89.699362 -24.618211
-33.499816 -91.238244 -23.523288
8
95.262154 18.550210 -24.104186
92.128878 22.713222 -31.565478
90.346616 22.469079 -36.505197
90.325905 22.363469 -36.621116
92.845568 -3.823415 -36.947016
94.351586 -9.937392 -31.607381
94.564855 -10.083437 -30.916219
96.610047 -6.341614 -25.025641
6
-74.743469 -60.742351 -26.903171
-77.935296 -51.036666 -36.350356
-85.674181 -38.364488 -34.468837
-86.699817 -45.743376 -19.765759
-82.029803 -55.009745 -15.653734
-77.279642 -60.359824 -19.609914
7
-77.098944 63.266236 -7.289467
-82.476645 56.507446 2.124053
-87.395969 48.514665 2.876082
-88.809161 45.965916 0.259725
-81.523705 52.348031 -24.770329
-76.233484 60.079767 -24.059873
-75.842898 60.765246 -23.567769
6
11.178040 28.524891 95.191292
11.510275 19.650853 97.372263
11.192960 19.363330 97.466810
-2.671984 25.379533 96.688881
-3.591187 30.226044 95.254867
7.998382 32.476000 94.240837
6
-91.086107 -4.174276 41.059671
-90.980330 -4.436009 41.266225
-89.718738 -15.181235 41.473824
-94.444302 -20.478543 25.708037
-98.681541 -9.884045 12.816358
-93.712546 -1.068076 34.882916
5
10.090703 -77.233257 -62.715243
18.528634 -67.392978 -71.518363
6.407088 -60.332735 -79.491574
0.838739 -59.879734 -80.085667
-0.149467 -78.838741 -61.517726
6
11.053542 -6.504644 99.174134
13.009852 -14.152937 98.134796
9.150790 -23.006244 96.886407
-9.936944 -17.954662 97.871790
-13.661392 -6.431184 98.853458
-1.012248 -2.158332 99.971581
6
-48.916476 26.851376 -82.983022
-38.640886 37.252349 -84.375023
-38.532351 37.585146 -84.277012
-46.322015 44.889816 -76.414497
-47.136488 44.839134 -75.944740
-53.411462 36.726808 -76.146945
4
78.021372 27.467588 -56.197839
73.761739 21.486595 -64.011968
81.574259 3.429746 -57.739736
87.061709 20.279899 -44.821697
6
77.774802 -62.050041 -10.043534
78.071420 -61.742651 -9.628004
87.736371 -46.030895 -13.545693
87.577217 -45.336102 -16.579172
78.170506 -54.647136 -30.050999
71.780692 -64.388776 -26.488069
6
-34.020366 -69.795836 63.017109
-48.945834 -63.813735 59.431579
-49.966826 -51.508025 69.643662
-47.523677 -52.281315 70.768384
-30.756953 -62.882438 71.412946
-31.767547 -67.600174 66.490897
6
58.286244 -74.086700 33.374760
69.308956 -65.905098 29.202510
74.918713 -62.841547 20.931470
74.761462 -63.694618 18.807429
66.993873 -72.693825 15.080743
57.341352 -75.544286 31.702211
5
-43.934098 -86.308801 24.911563
-54.252326 -81.024575 22.174386
-53.799658 -79.407392 28.285383
-45.912862 -79.111026 40.416019
-35.637071 -85.731381 37.150094
6
9.685667 63.243403 76.853496
3.382934 79.092128 61.098209
5.081704 82.695440 55.996790
21.883217 77.995312 58.633234
23.882120 67.904440 69.416362
16.453794 62.037547 76.685171
5
-25.863697 70.142697 -66.415896
-19.603195 74.748606 -63.469368
-20.751882 84.202049 -49.793317
-32.063141 81.230977 -48.718409
-40.133971 73.825275 -54.213404
7
16.792910 -88.346161 43.737329
13.429198 -77.028065 62.340468
16.838202 -70.290102 69.106993
22.808459 -68.354582 69.335599
36.618243 -76.911903 52.379991
27.143062 -85.339378 44.502187
17.066881 -88.437489 43.445738
5
-23.623973 -91.720966 -32.080715
-33.499816 -91.238244 -23.523288
-31.771461 -93.511539 -15.689692
-19.874935 -96.420994 -17.549326
-22.131951 -92.327274 -31.398269
6
94.903467 31.491537 1.270825
85.348584 51.957716 -4.001877
86.565943 46.111844 -19.494495
90.961217 37.437657 -18.013295
95.249358 30.290212 -3.172200
95.202333 30.581065 1.146415
6
-33.271084 -34.105940 87.919394
-25.532727 -34.016592 90.503875
-18.894110 -40.598856 89.413341
-19.456924 -51.281907 83.615753
-27.314120 -55.047530 78.890483
-32.887311 -48.732679 80.892217
5
-83.042287 0.286314 55.712626
-85.995840 17.216164 48.044970
-85.381682 20.818038 47.713495
-82.931051 23.568913 50.665049
-74.225700 8.402626 66.482639
7
-37.637089 54.696322 74.778084
-30.778615 57.830126 75.553646
-29.568424 57.816168 76.046032
-25.215541 42.794528 86.791733
-30.780442 37.615397 87.393629
-39.427598 36.568886 84.310030
-48.163946 41.443249 77.218465
5
-99.260525 4.771321 -11.161662
-98.467640 4.588242 -16.824739
-96.594825 8.921571 -24.286732
-93.923869 24.626263 -23.913469
-96.368138 24.741798 -10.051136
5
-29.915219 -1.552730 95.407907
-21.672745 -4.278102 97.529431
-27.108134 -18.891547 94.383571
-38.759027 -22.826967 89.312191
-41.723073 -18.125308 89.054244
5
68.278869 -54.718293 48.413887
74.580510 -52.571606 40.914224
69.308956 -65.905098 29.202510
58.286244 -74.086700 33.374760
56.119794 -67.319884 48.151864
6
-36.117195 73.187265 57.785573
-40.194696 72.437608 56.010528
-43.488682 78.537137 44.052838
-38.214290 83.622577 39.331065
-26.916127 85.778848 43.789397
-27.276078 79.298743 54.476829
7
-77.400842 -51.163619 -37.301391
-70.062690 -47.221592 -53.491501
-70.417123 -45.077403 -54.858514
-77.352972 -34.293225 -53.296271
-86.992935 -34.140121 -35.590467
-85.674181 -38.364488 -34.468837
-77.935296 -51.036666 -36.350356
5
9.685667 63.243403 76.853496
7.043777 62.173987 78.005003
-9.384850 68.235856 72.496845
-6.393209 75.445386 65.323201
3.382934 79.092128 61.098209
5
99.620577 7.294240 4.747067
99.355053 6.308222 -9.422299
98.303081 -4.468157 -17.791568
98.930067 -12.999519 -6.622267
98.964052 -14.014076 3.118033
4
-4.019667 97.829643 20.327399
-12.201940 98.573462 11.592464
-11.441119 99.217541 4.998033
-0.191322 99.977692 -2.103451
6
30.568419 53.344723 -78.866421
33.854318 57.122637 -74.772251
25.869621 73.972411 -62.119604
19.409156 73.995692 -64.404366
17.094093 64.768940 -74.248074
24.966391 54.221858 -80.228857
7
99.620577 7.294240 4.747067
99.089159 10.522593 8.403194
95.783830 28.527779 3.409361
95.202333 30.581065 1.146415
95.249358 30.290212 -3.172200
96.776439 17.660494 -17.956272
99.355053 6.308222 -9.422299
5
-41.352181 -90.701330 -7.953981
-42.936957 -87.765665 -21.298024
-51.190464 -82.348348 -24.459885
-58.311072 -79.488347 -16.775623
-59.189973 -80.030460 -9.574575
6
-0.479837 95.205238 -30.589742
-6.161934 96.785512 -24.384323
-20.105561 93.668526 -28.670084
-18.830534 85.075566 -49.066883
0.372896 86.146505 -50.780317
3.095606 88.614540 -46.237220
7
64.364982 33.038304 69.033467
64.394942 28.964695 70.811990
50.333154 24.309422 82.919393
37.651711 35.678570 85.494961
47.550776 48.107916 73.651559
49.064982 48.276645 72.539597
57.582092 44.424248 68.635187
4
85.737852 49.002754 15.740102
83.326393 55.267601 -1.484785
85.348584 51.957716 -4.001877
94.903467 31.491537 1.270825
6
-0.325527 -46.572076 88.492574
-11.663601 -38.618699 91.501675
-7.237305 -31.629398 94.589654
8.097564 -33.975887 93.702020
6.357273 -41.570273 90.727600
1.943663 -45.949824 88.796598
8
30.969245 83.921105 44.700715
27.103002 78.767968 55.326616
21.883217 77.995312 58.633234
5.081704 82.695440 55.996790
3.834527 84.673897 53.062487
6.942542 88.275128 46.468300
19.165337 91.185725 36.302251
26.254491 87.954392 39.682826
6
-16.342662 93.802477 30.561620
-20.681339 96.604304 15.488401
-12.201940 98.573462 11.592464
-4.019667 97.829643 20.327399
-3.023792 97.229178 23.180672
-8.417608 95.395275 28.790370
6
-8.489117 -5.066594 -99.510123
-21.105128 -7.375070 -97.468877
-28.467802 -14.877733 -94.700778
-24.254660 -18.872515 -95.160599
-6.924493 -18.743918 -97.983248
-3.891444 -16.035564 -98.629191
7
-33.499816 -91.238244 -23.523288
-36.714686 -89.699362 -24.618211
-42.936957 -87.765665 -21.298024
-41.352181 -90.701330 -7.953981
-37.475775 -92.539725 -5.653818
-36.655769 -92.835209 -6.162674
-31.771461 -93.511539 -15.689692
4
-25.863697 70.142697 -66.415896
-26.708155 61.905756 -73.853584
-10.737438 71.190113 -69.402271
-19.603195 74.748606 -63.469368
5
-21.534490 -91.643175 33.731204
-29.416710 -94.088691 16.792125
-43.934098 -86.308801 24.911563
-35.637071 -85.731381 37.150094
-23.092076 -88.655374 40.087165
6
-37.387855 -31.965151 87.065363
-38.759027 -22.826967 89.312191
-27.108134 -18.891547 94.383571
-23.788371 -29.839604 92.432199
-25.532727 -34.016592 90.503875
-33.271084 -34.105940 87.919394
7
-42.722464 -12.124687 -89.597897
-43.829655 -9.666604 -89.361726
-45.959459 -8.671324 -88.388553
-70.044468 -10.248628 -70.631000
-68.410078 -17.066027 -70.914117
-61.933010 -26.007667 -74.080385
-45.668397 -30.666966 -83.510088
7
-39.632721 89.679183 -19.669561
-40.289815 89.444584 -19.400960
-51.639073 81.962019 -24.811963
-52.624323 78.570017 -32.518197
-52.127662 78.547849 -33.360790
-42.313725 83.753942 -34.566254
-39.233269 89.657789 -20.548273
5
-66.013238 69.402055 28.733380
-54.865454 77.541143 31.259448
-54.824197 73.231849 40.390639
-57.410912 68.424530 44.967442
-68.721455 65.388934 31.648838
5
-5.752232 -59.510262 80.158846
2.056974 -63.787994 76.986107
-5.554493 -73.735352 67.321953
-8.052692 -73.404478 67.430978
-15.053719 -65.885458 73.705441
6
-56.823273 -63.891096 51.855988
-48.945834 -63.813735 59.431579
-34.020366 -69.795836 63.017109
-34.102957 -75.016049 56.653162
-46.821473 -75.252571 46.311988
-58.278755 -65.482758 48.120631
8
55.192024 -23.872265 -79.899659
61.354010 -29.825758 -73.117095
75.688390 -17.138483 -63.067742
76.436958 -14.805365 -62.755020
75.965779 -8.616446 -64.458958
61.075304 -0.403737 -79.181085
59.281739 -0.360617 -80.532884
56.793731 -7.757021 -81.940837
5
38.268625 -49.494204 78.011769
38.377890 -62.213795 68.239148
27.684127 -64.706514 71.039821
24.081002 -50.299202 83.006599
24.806553 -49.702331 83.152349
6
-4.146668 -75.056551 65.949369
-4.943259 -81.547507 57.667741
-16.975606 -83.558336 52.247807
-15.423700 -75.086352 64.219539
-8.052692 -73.404478 67.430978
-5.554493 -73.735352 67.321953
10
-54.120891 65.857015 -52.285588
-55.629024 64.732939 -52.106222
-68.886935 47.567411 -54.698552
-69.572843 44.745728 -56.191096
-67.177957 36.255719 -64.596013
-66.664266 36.574196 -64.947700
-52.869103 49.653327 -68.843337
-48.162935 64.037167 -59.829532
-49.368367 66.542586 -55.989718
-53.902415 65.969884 -52.368922
5
77.987982 -47.516421 -40.743889
75.541349 -41.262850 -50.900705
66.244114 -48.231435 -57.318810
65.388867 -61.869233 -43.548754
77.835614 -47.929755 -40.550658
6
-55.629024 64.732939 -52.106222
-54.120891 65.857015 -52.285588
-68.318365 68.706832 -24.738075
-75.842898 60.765246 -23.567769
-76.233484 60.079767 -24.059873
-71.988860 58.378862 -37.543475
4
-20.530581 23.534852 94.997926
-8.979714 16.837803 98.162381
-18.651764 -4.117684 98.158832
-19.173423 -4.038971 98.061545
6
9.458395 15.363737 98.359008
11.192960 19.363330 97.466810
11.510275 19.650853 97.372263
22.847182 19.264944 95.429912
24.721840 2.330067 96.867959
19.043704 0.916702 98.165661
7
56.332589 62.566680 -53.963413
50.880597 70.894531 -48.837796
33.760153 77.333851 -53.663093
28.507612 74.379510 -60.456634
45.081367 58.641260 -67.296902
52.286008 54.969782 -65.149800
55.219605 56.977944 -60.863035
4
90.633331 21.794890 36.201962
89.867986 -4.035651 43.674462
81.475608 2.085750 57.942859
83.669529 20.740268 50.687781
6
20.531517 97.709582 5.594134
25.021540 96.818318 0.368626
47.765556 87.848703 -1.028140
47.095585 87.223492 13.193494
36.348385 91.335475 18.347368
21.487190 96.532761 14.823180
7
22.563295 55.541034 80.038062
38.258911 56.580408 73.040489
47.550776 48.107916 73.651559
37.651711 35.678570 85.494961
32.625656 35.676486 87.537163
31.950015 36.179619 87.579859
25.633211 42.961052 86.586873
7
-81.125306 -31.997396 48.937219
-79.068310 -39.409756 46.851612
-79.139440 -39.676015 46.505516
-86.597547 -38.657521 31.724768
-90.245825 -30.261710 30.658115
-86.172923 -22.150105 45.646470
-86.077530 -22.251435 45.776986
5
50.880597 70.894531 -48.837796
50.971524 71.041150 -48.528948
44.225935 82.476653 -35.237315
29.770467 86.638207 -40.094143
33.760153 77.333851 -53.663093
4
28.507612 74.379510 -60.456634
25.869621 73.972411 -62.119604
33.854318 57.122637 -74.772251
45.081367 58.641260 -67.296902
7
-78.058927 54.607499 30.410935
-68.721455 65.388934 31.648838
-57.410912 68.424530 44.967442
-57.450024 67.595306 46.155924
-67.962432 52.724153 51.002662
-75.469732 46.745550 46.034476
-79.148017 49.368855 36.032034
7
46.951666 -65.017658 59.734791
52.477706 -54.382566 65.487609
59.976324 -49.163098 63.133433
68.207193 -52.322655 51.089320
68.278869 -54.718293 48.413887
56.119794 -67.319884 48.151864
47.806723 -67.903019 55.710835
4
-21.835672 -29.090765 -93.150045
-10.295715 -33.690423 -93.589282
-6.924493 -18.743918 -97.983248
-24.254660 -18.872515 -95.160599
5
-77.279642 -60.359824 -19.609914
-82.029803 -55.009745 -15.653734
-85.622517 -51.523690 -3.754188
-76.275222 -64.646342 -1.714911
-73.580839 -67.006239 -9.799193
5
-9.746088 -34.716113 -93.272747
-18.833738 -45.682598 -86.939005
-11.314730 -55.827334 -82.190545
-4.374801 -55.571722 -83.021954
0.116449 -38.629819 -92.237322
6
-28.467802 -14.877733 -94.700778
-21.105128 -7.375070 -97.468877
-23.864294 7.068284 -96.853161
-37.378455 5.251214 -92.602785
-43.829655 -9.666604 -89.361726
-42.722464 -12.124687 -89.597897
5
81.649736 51.713152 25.672368
78.891468 54.246691 28.869235
72.127226 61.441681 31.977853
66.866252 69.227905 27.136719
73.747554 65.878028 14.878964
6
-52.127662 78.547849 -33.360790
-52.624323 78.570017 -32.518197
-66.799829 70.431060 -24.026000
-68.318365 68.706832 -24.738075
-54.120891 65.857015 -52.285588
-53.902415 65.969884 -52.368922
5
94.806675 -30.797704 -7.949576
88.451428 -45.085092 -11.986637
89.018215 -45.182612 5.855672
92.119894 -37.537591 10.239846
96.041332 -27.836008 -1.104203
6
98.930067 -12.999519 -6.622267
95.836072 -24.155960 -15.229476
94.806675 -30.797704 -7.949576
96.041332 -27.836008 -1.104203
98.705943 -15.470915 4.217523
98.964052 -14.014076 3.118033
5
-89.718738 -15.181235 41.473824
-86.172923 -22.150105 45.646470
-90.245825 -30.261710 30.658115
-92.623664 -26.676569 26.631138
-94.444302 -20.478543 25.708037
6
73.971405 41.008981 -53.352551
78.021372 27.467588 -56.197839
87.061709 20.279899 -44.821697
90.325905 22.363469 -36.621116
90.346616 22.469079 -36.505197
78.807457 47.189376 -39.529072
7
-32.063141 81.230977 -48.718409
-35.889003 83.893797 -40.912227
-42.313725 83.753942 -34.566254
-52.127662 78.547849 -33.360790
-53.902415 65.969884 -52.368922
-49.368367 66.542586 -55.989718
-40.133971 73.825275 -54.213404
8
-4.467978 -96.644400 25.296190
-21.534490 -91.643175 33.731204
-23.092076 -88.655374 40.087165
-21.805191 -87.348586 43.528820
14.453249 -88.378493 44.501074
16.792910 -88.346161 43.737329
17.066881 -88.437489 43.445738
16.464475 -89.754576 40.902777
5
47.095585 87.223492 13.193494
54.619357 81.634415 18.776264
44.371715 83.973234 31.299312
40.224813 86.879202 28.878514
36.348385 91.335475 18.347368
8
-36.117195 73.187265 57.785573
-27.276078 79.298743 54.476829
-21.205047 78.377292 58.372477
-18.757699 75.671613 62.625519
-20.792004 64.344372 73.671530
-24.628961 59.880285 76.208699
-29.568424 57.816168 76.046032
-30.778615 57.830126 75.553646
6
-29.277918 23.168176 92.768740
-30.780442 37.615397 87.393629
-25.215541 42.794528 86.791733
-16.619417 39.054754 90.545685
-15.184277 33.142002 93.118448
-21.059092 24.271319 94.696450
7
95.836072 -24.155960 -15.229476
94.446010 -22.044294 -24.372122
88.551316 -37.330078 -27.660976
87.577217 -45.336102 -16.579172
87.736371 -46.030895 -13.545693
88.451428 -45.085092 -11.986637
94.806675 -30.797704 -7.949576
6
-97.700429 17.876511 11.621379
-94.000895 15.872989 30.197350
-93.712546 -1.068076 34.882916
-98.681541 -9.884045 12.816358
-99.340250 -8.872162 7.266329
-99.755378 -3.431778 6.089951
6
66.244114 -48.231435 -57.318810
75.541349 -41.262850 -50.900705
75.935404 -40.067890 -51.267716
74.628858 -30.208318 -59.312655
60.459768 -41.454877 -68.015510
63.635308 -48.216554 -60.213881
7
-57.381876 -68.408057 -45.029525
-57.834054 -69.121172 -43.329965
-48.551004 -81.288715 -32.170558
-40.328565 -84.035298 -36.217062
-36.721808 -83.852829 -40.251855
-47.881694 -70.947780 -51.708373
-51.709283 -67.854601 -52.171863
8
9.150790 -23.006244 96.886407
13.009852 -14.152937 98.134796
32.160564 -18.009751 92.958846
32.198858 -18.170656 92.914266
31.666643 -21.305096 92.430063
27.282180 -27.046430 92.326449
14.650463 -32.003282 93.601036
10.473193 -31.498215 94.330137
5
1.948864 10.834955 99.392181
-6.394042 17.387943 98.268895
-2.671984 25.379533 96.688881
11.192960 19.363330 97.466810
9.458395 15.363737 98.359008
5
-65.450848 -25.683189 71.109495
-74.277491 -18.365694 64.385989
-75.025172 -14.050448 64.605020
-71.791531 -9.516034 68.959561
-58.147253 -20.913200 78.622739
5
17.554239 -98.446283 0.421874
9.723149 -97.988813 -17.425637
-1.193845 -99.565715 -9.232722
0.509964 -99.889684 4.668083
4.416971 -99.553071 8.347235
6
63.635308 -48.216554 -60.213881
60.459768 -41.454877 -68.015510
59.252448 -40.634339 -69.555718
55.857944 -42.076562 -71.480438
37.090520 -57.124848 -73.219158
51.218724 -61.683065 -59.764888
6
94.159934 -26.748411 20.455545
92.496662 -33.552415 17.849452
89.593308 -38.430176 22.274665
85.845728 -39.646988 32.536554
87.733791 -32.829286 35.000284
92.779997 -24.639741 28.013483
6
-59.524111 -50.939298 62.145540
-56.823273 -63.891096 51.855988
-58.278755 -65.482758 48.120631
-62.634339 -64.390459 43.940965
-63.918840 -63.588236 43.254111
-68.318754 -45.392836 57.201733
5
26.821411 91.749240 -29.371566
43.181933 87.279068 -22.752692
39.707308 90.813990 -13.272111
27.780017 95.346801 -11.715724
24.652186 93.650007 -24.938842
6
41.421010 -91.018129 0.012317
42.034292 -89.398888 -15.522793
38.153384 -89.620764 -22.637093
28.447724 -93.749435 -20.044211
26.984885 -96.268045 2.068688
30.939437 -94.915727 5.809999
4
-68.781199 -48.975282 -53.577687
-70.062690 -47.221592 -53.491501
-77.400842 -51.163619 -37.301391
-64.056510 -61.354801 -46.177396
6
36.686681 -6.488400 -92.800798
40.520215 -18.870563 -89.453977
56.793731 -7.757021 -81.940837
59.281739 -0.360617 -80.532884
57.731293 1.232081 -81.643002
49.135090 1.592588 -87.081609
5
-69.523273 -43.843607 56.958342
-79.068310 -39.409756 46.851612
-81.125306 -31.997396 48.937219
-75.053834 -26.078291 60.719393
-66.709408 -35.123055 65.697990
5
-18.800837 37.494328 -90.778323
-27.808867 45.770679 -84.449463
-38.532351 37.585146 -84.277012
-38.640886 37.252349 -84.375023
-31.637803 27.163130 -90.891219
