400
5
-18.040677 87.076450 -45.740855
-0.769034 91.877830 -39.469899
-8.898344 95.642929 -27.807365
-13.088415 95.053543 -28.169440
-23.682866 89.703095 -37.315903
5
-37.475576 -56.900264 -73.197959
-41.212878 -57.485097 -70.689195
-39.000307 -67.165306 -62.990457
-19.412119 -68.274603 -70.439678
-26.583373 -58.055974 -76.959913
4
6.462041 -54.720932 -83.449755
6.478353 -62.854123 -77.507356
32.781635 -52.799623 -78.342608
17.318907 -46.076542 -87.046009
6
79.714279 -30.602498 -52.049215
72.781426 -29.931713 -61.700539
66.553603 -36.047795 -65.354223
70.127215 -42.836480 -56.984293
72.524204 -42.694230 -54.013355
78.294842 -36.525928 -50.356471
6
91.475837 33.748112 -22.208923
94.823782 30.884050 -7.390936
92.175572 38.748094 1.499747
90.768054 41.938969 1.511062
90.590120 42.334842 1.091490
87.756352 46.404622 -12.059593
5
-80.694420 48.932966 -33.075299
-88.573083 40.600359 -22.503775
-90.718575 36.093820 -21.618887
-85.825963 30.125311 -41.549605
-80.044553 41.785852 -42.974553
7
37.111719 -61.983419 -69.143156
32.831650 -52.793031 -78.326104
32.781635 -52.799623 -78.342608
6.478353 -62.854123 -77.507356
4.840596 -67.138410 -73.952705
23.850104 -71.719826 -65.478540
27.079979 -70.679433 -65.353596
5
81.895589 -41.879876 -39.232493
77.891022 -50.551900 -37.114607
84.875247 -48.205774 -21.734666
88.407411 -41.863391 -20.774652
82.624222 -41.178271 -38.439405
6
79.868326 -12.888720 58.778664
79.899329 -12.889154 58.736419
85.329802 -16.659815 49.409265
85.621783 -26.462181 44.369621
77.639684 -35.801446 51.868448
74.192483 -24.239236 62.513477
6
38.020609 84.410236 -37.806683
27.281980 84.272644 -46.409212
44.628954 65.765563 -60.688937
45.092410 65.774058 -60.336124
52.671238 68.481402 -50.359092
52.912466 78.204967 -32.928013
7
-92.510615 33.308137 -18.230582
-97.585920 8.444286 -20.141556
-97.361953 7.030001 -21.707816
-94.488095 11.685569 -30.585085
-85.860201 29.019787 -42.259648
-85.825963 30.125311 -41.549605
-90.718575 36.093820 -21.618887
6
53.932630 5.734671 84.014195
53.279781 5.850842 84.421754
46.560253 19.391909 86.348692
56.231755 23.063540 79.410723
58.053307 22.554492 78.237513
61.370096 12.822193 77.905729
7
-72.162616 -5.252154 69.028774
-82.656410 -25.434647 50.209528
-87.890164 -20.681142 42.983828
-91.425157 -12.318002 38.596728
-91.230071 -7.889134 40.185019
-86.438141 5.450095 49.987441
-73.515912 2.403031 67.746853
7
51.011761 -18.239286 84.054320
57.980907 -19.206498 79.179069
62.953904 -27.993142 72.478894
59.739960 -31.221906 73.866973
47.537159 -33.060634 81.530442
45.091165 -30.167013 84.004394
47.144013 -22.002826 85.400923
6
-20.241954 -52.738451 -82.516174
-26.583373 -58.055974 -76.959913
-19.412119 -68.274603 -70.439678
-13.227222 -71.675081 -68.466951
1.020433 -69.647590 -71.750763
2.649362 -68.227740 -73.061319
7
-78.861757 -59.965494 13.600100
-86.258187 -43.220886 26.296010
-85.349060 -43.989388 27.936924
-81.382797 -49.069833 31.128635
-70.878909 -64.696220 28.117243
-70.692914 -65.297297 27.180414
-71.557064 -65.274179 24.877062
5
-38.092406 -33.793820 86.063618
-26.755538 -44.701928 85.357359
-28.670288 -51.910027 80.519337
-51.685396 -42.041947 74.572746
-55.394373 -35.823072 75.154315
6
82.624222 -41.178271 -38.439405
88.407411 -41.863391 -20.774652
90.294574 -38.747898 -18.587368
90.956347 -36.859554 -19.191567
91.966881 -22.587618 -32.123080
91.413530 -23.212298 -33.237866
5
77.891022 -50.551900 -37.114607
73.765995 -55.669639 -38.203001
74.040031 -57.667706 -34.532731
79.710151 -57.832127 -17.370576
84.875247 -48.205774 -21.734666
5
6.641612 91.995644 -38.635352
24.411753 85.113712 -46.472813
22.197631 94.049772 -25.727527
13.122874 96.186555 -23.998682
9.971619 96.319789 -24.961270
5
99.649638 0.040242 8.363497
95.616844 10.030077 27.510303
95.464236 13.672751 26.450624
98.682682 15.914823 2.906301
99.069021 13.460246 -2.037350
5
94.366377 -9.194588 31.787519
96.535547 -15.557351 20.948912
93.570335 -29.846039 18.809742
88.242462 -28.884641 37.134154
88.224773 -28.005760 37.842658
5
4.841078 -8.460529 99.523783
11.279699 -12.876986 98.523863
4.402598 -22.291637 97.384291
-13.587811 -22.296136 96.531102
0.311296 -8.733994 99.617370
6
3.113415 98.140299 -18.941708
10.263077 99.412121 -3.449544
-7.890077 99.650076 -2.758458
-8.092608 99.630090 -2.890484
-8.050669 98.845030 -12.839268
-2.794787 98.237547 -18.481709
5
29.460299 -33.679311 89.430391
30.187116 -33.983717 89.072133
34.214911 -46.657519 81.562343
22.234103 -60.775250 76.236564
19.996475 -37.987982 90.316411
5
1.020433 -69.647590 -71.750763
-13.227222 -71.675081 -68.466951
-22.819822 -79.487625 -56.222533
-20.792235 -83.682036 -50.645827
1.727359 -84.828233 -52.926243
5
-93.240070 -35.810939 4.885280
-93.423670 -35.665277 0.076277
-95.810807 -27.911459 -6.421817
-98.668632 -16.214544 -1.260772
-97.607091 -17.990430 12.214756
4
92.344285 28.021360 26.217102
82.671240 44.130837 34.898929
83.244315 52.966203 16.277758
92.833742 30.747101 20.892873
4
61.131916 -78.954358 -5.394271
55.056144 -77.870935 -30.082196
47.087135 -81.708887 -33.263487
36.660025 -91.108426 -18.849333
5
-79.121309 60.122927 11.182667
-75.504721 64.376586 12.437536
-68.393750 69.150592 23.248454
-74.962566 59.833376 28.294539
-82.216331 51.745455 23.725150
6
47.144013 -22.002826 85.400923
45.091165 -30.167013 84.004394
30.187116 -33.983717 89.072133
29.460299 -33.679311 89.430391
27.922623 -21.599718 93.561634
40.970014 -17.467615 89.534018
5
-96.102491 17.746264 21.198616
-93.427433 25.127360 25.296847
-88.332346 21.906809 41.442591
-86.438141 5.450095 49.987441
-91.230071 -7.889134 40.185019
4
-17.460749 44.576806 -87.795390
-7.327374 50.701798 -85.881530
-5.583350 61.182205 -78.902243
-25.260205 59.343307 -76.421816
6
-59.633372 32.618301 73.347851
-55.261028 38.442681 73.948490
-50.603134 37.848162 77.503803
-49.807110 29.468183 81.552915
-57.126121 19.850417 79.640236
-60.460397 18.126313 77.562731
9
-90.959896 -40.317482 10.039820
-80.067238 -59.878247 1.957789
-79.878838 -60.149979 1.162405
-79.913681 -60.114183 0.297558
-81.401370 -57.763810 -6.095837
-81.839577 -57.030987 -7.053376
-88.555683 -44.923120 -11.823885
-93.423670 -35.665277 0.076277
-93.240070 -35.810939 4.885280
4
53.733283 13.628589 -83.228576
47.531929 38.703782 -79.010967
35.564784 31.792362 -87.888519
38.669120 18.898383 -90.263782
7
-42.969888 70.331732 56.630700
-43.400623 67.301007 59.891238
-46.324953 63.667184 61.648101
-60.133894 55.323841 57.647094
-58.227807 69.539149 42.116852
-48.383456 76.157942 43.116227
-45.864102 75.565008 46.759102
6
-33.824968 -35.980057 -86.955777
-42.919642 -36.331129 -82.691919
-49.259691 -50.755046 -70.692349
-41.212878 -57.485097 -70.689195
-37.475576 -56.900264 -73.197959
-31.358847 -41.441946 -85.435285
6
8.921580 58.985305 80.256708
16.102257 38.114813 91.038335
15.679259 33.612757 92.867343
0.957933 33.501901 94.216267
-1.405198 34.305472 93.921031
-6.756610 54.552023 83.536968
7
63.040568 -56.448122 53.286924
49.435727 -71.681947 49.171204
38.354225 -75.483972 53.208302
37.326343 -75.598493 53.773710
35.955908 -75.340288 55.054643
33.096354 -67.535495 65.905905
46.444876 -55.388732 69.101098
5
-9.566930 -8.966161 -99.136682
-3.478284 -27.911487 -95.962755
15.980423 -23.935689 -95.769039
16.374583 -8.201781 -98.308717
0.366461 -1.850624 -99.982203
5
58.999519 80.733698 -1.061452
51.659033 84.969953 10.557057
49.395699 86.308547 10.530889
42.923606 90.213626 -4.366442
46.166476 88.194920 -9.503293
7
0.366461 -1.850624 -99.982203
1.203411 3.803082 -99.920410
-3.273496 10.809766 -99.360119
-13.418884 13.940648 -98.110101
-14.450288 13.428815 -98.034974
-20.784802 -1.951250 -97.796649
-9.566930 -8.966161 -99.136682
5
-49.638093 80.473184 -32.559582
-47.625963 85.859168 -18.972899
-61.894503 77.138118 -14.791254
-62.861653 75.949325 -16.736563
-62.478934 71.928471 -30.375615
7
-64.521229 -67.901191 -35.020555
-65.014519 -66.875374 -36.066559
-68.943333 -62.165420 -37.178991
-78.374417 -53.991287 -30.698399
-78.529257 -53.935140 -30.399943
-78.207020 -56.670827 -25.924493
-69.467951 -68.162201 -22.980820
6
25.062211 55.820174 -79.094841
20.374792 72.229651 -66.088920
20.198797 72.356060 -66.004614
1.804604 69.521697 -71.857338
0.640924 64.350336 -76.541645
4.653819 61.253915 -78.906907
5
-81.151138 56.824785 -13.617512
-78.331762 59.748485 -17.153820
-72.630645 67.485745 -13.056172
-71.787541 69.616611 -0.276427
-82.799231 55.964405 -3.503247
4
53.778198 83.412251 12.259760
62.759375 76.846633 12.484219
65.788357 72.634606 19.902414
56.211745 78.601051 25.731584
8
-88.325808 46.824541 2.452346
-92.890542 34.517581 -13.412075
-92.510615 33.308137 -18.230582
-90.718575 36.093820 -21.618887
-88.573083 40.600359 -22.503775
-81.151138 56.824785 -13.617512
-82.799231 55.964405 -3.503247
-84.271937 53.834800 -0.234319
6
84.502543 -48.331924 22.876745
85.897659 -45.562457 23.359254
92.781427 -33.462036 16.489360
93.103611 -33.728542 13.932085
89.940360 -43.643557 -2.443671
84.592459 -53.329938 -0.183075
5
-18.053268 65.212598 73.630134
-31.415512 69.892411 64.250420
-20.929153 78.604158 58.166630
-11.501656 78.260167 61.180537
-7.929151 74.084902 66.697495
5
-43.280147 24.396388 86.785051
-49.807110 29.468183 81.552915
-50.603134 37.848162 77.503803
-36.375773 46.657591 80.621785
-33.615751 33.480847 88.028485
7
-89.089766 -27.890574 -35.848701
-88.925909 -24.241015 -38.788606
-91.905700 -10.756505 -37.916221
-93.405372 -7.001289 -35.020257
-96.940133 -2.196178 -24.449690
-97.439582 -9.563206 -20.348782
-94.697354 -25.053178 -20.118383
5
31.200029 14.011932 93.969271
36.341835 13.330242 92.203990
44.253431 0.828105 89.671334
43.352662 -2.576837 90.077226
28.756033 -1.242135 95.768197
7
34.296295 -93.416097 9.858856
27.256781 -94.905669 15.810816
25.223628 -94.249447 21.927387
30.293819 -90.421718 30.103113
31.063491 -89.991677 30.603229
44.768059 -84.476316 29.318475
52.599022 -84.313736 11.159606
5
-31.819227 -0.226219 94.802350
-27.793177 10.352555 95.500596
-23.367610 11.217148 96.582247
-11.535534 3.181520 99.281465
-17.771538 -7.058840 98.154700
6
-70.958746 8.636791 69.930409
-72.387303 19.305733 66.237203
-70.331969 26.887237 65.806464
-59.633372 32.618301 73.347851
-60.460397 18.126313 77.562731
-65.838791 11.239297 74.424000
6
12.907446 13.524972 -98.236821
23.917071 20.412274 -94.927935
22.831810 24.220633 -94.297770
5.409898 29.056163 -95.532573
4.470328 27.288100 -96.100863
6.638640 19.420750 -97.871155
6
35.796823 -9.779227 -92.859863
18.754805 -25.491791 -94.860033
20.095212 -26.860797 -94.205520
37.934438 -24.085795 -89.335619
40.994649 -10.697355 -90.581485
40.905812 -10.503644 -90.644294
6
-62.132994 -17.092738 76.467832
-61.977396 -29.394652 72.765080
-70.472727 -35.072077 61.672880
-79.039589 -32.902914 51.673412
-82.656410 -25.434647 50.209528
-72.162616 -5.252154 69.028774
7
6.050740 1.290606 99.808431
14.042487 8.474710 98.645770
22.453602 -8.232205 97.098232
21.570477 -12.735607 96.811770
20.360608 -13.106122 97.024096
11.279699 -12.876986 98.523863
4.841078 -8.460529 99.523783
7
74.642056 63.490399 19.938222
68.244156 73.068929 -1.914886
68.089477 73.046853 -5.289644
68.381678 72.709493 -6.105390
68.698099 72.409601 -6.117254
80.709551 58.840243 4.877939
81.333232 56.120595 15.342237
5
44.253431 0.828105 89.671334
36.341835 13.330242 92.203990
45.093433 19.819406 87.027430
46.560253 19.391909 86.348692
53.279781 5.850842 84.421754
6
-84.271937 53.834800 -0.234319
-82.799231 55.964405 -3.503247
-71.787541 69.616611 -0.276427
-71.150926 70.266430 0.417800
-75.504721 64.376586 12.437536
-79.121309 60.122927 11.182667
7
-58.753221 -51.010913 62.816763
-51.845523 -53.859414 66.416905
-51.237810 -54.348368 66.490162
-47.225232 -66.518748 57.836265
-57.263769 -66.083031 48.516943
-66.480438 -57.615539 47.547881
-62.089115 -51.181111 59.375379
8
-74.962566 59.833376 28.294539
-68.393750 69.150592 23.248454
-66.536188 70.826711 23.590520
-66.397286 70.912772 23.722965
-63.507575 71.400806 29.473934
-63.241490 69.396498 34.418600
-68.133718 58.426410 44.092529
-72.894652 56.602475 38.503629
5
80.959316 55.985273 -17.641948
68.669025 65.854752 -30.785007
69.984095 62.809034 -34.018403
81.617342 46.529367 -34.258246
83.847917 45.783710 -29.552982
5
-1.341547 -59.632312 80.263240
-1.820558 -46.368685 88.581209
6.935842 -45.938399 88.552570
17.948262 -61.785002 76.553729
7.617884 -64.508929 76.030033
6
68.089477 73.046853 -5.289644
68.244156 73.068929 -1.914886
62.759375 76.846633 12.484219
53.778198 83.412251 12.259760
51.659033 84.969953 10.557057
58.999519 80.733698 -1.061452
6
38.433202 91.028482 15.385206
34.480038 93.214687 11.052113
34.761066 93.723837 -2.740572
42.923606 90.213626 -4.366442
49.395699 86.308547 10.530889
46.266516 87.596628 13.646985
7
-76.634552 -43.968623 -46.839146
-79.739231 -39.958838 -45.221083
-85.921842 -36.832509 -35.507793
-85.955941 -42.825084 -27.885271
-78.529257 -53.935140 -30.399943
-78.374417 -53.991287 -30.698399
-75.920994 -47.694513 -44.285845
5
-81.401370 -57.763810 -6.095837
-69.167869 -69.183102 -20.724487
-69.467951 -68.162201 -22.980820
-78.207020 -56.670827 -25.924493
-81.839577 -57.030987 -7.053376
4
42.812904 63.539067 -64.263848
28.722879 52.605974 -80.047534
47.679115 39.437364 -78.558236
53.369836 42.801663 -72.936125
5
-20.084252 -51.181132 -83.529124
-31.358847 -41.441946 -85.435285
-37.475576 -56.900264 -73.197959
-26.583373 -58.055974 -76.959913
-20.241954 -52.738451 -82.516174
5
4.470328 27.288100 -96.100863
-7.986515 24.417742 -96.643621
-13.418884 13.940648 -98.110101
-3.273496 10.809766 -99.360119
6.638640 19.420750 -97.871155
6
49.202094 -73.363433 -46.871747
44.580868 -80.157697 -39.840806
47.087135 -81.708887 -33.263487
55.056144 -77.870935 -30.082196
60.406131 -71.374549 -35.450996
58.494189 -70.591866 -39.940184
7
81.756517 31.817100 47.995250
79.146107 37.327938 48.399575
79.495097 45.544682 40.077569
82.671240 44.130837 34.898929
92.344285 28.021360 26.217102
92.570042 26.236324 27.247802
91.262768 25.992780 31.551269
6
99.034448 13.596688 -2.703349
99.069021 13.460246 -2.037350
98.682682 15.914823 2.906301
93.989403 31.010304 14.295218
92.175572 38.748094 1.499747
94.823782 30.884050 -7.390936
5
70.127215 -42.836480 -56.984293
63.166635 -49.698767 -59.497974
63.719673 -59.033379 -49.546577
70.121072 -55.825621 -44.345634
72.524204 -42.694230 -54.013355
6
-50.298869 -77.453675 38.352992
-52.705998 -75.474300 39.060310
-57.263769 -66.083031 48.516943
-47.225232 -66.518748 57.836265
-40.825716 -69.781129 58.854523
-36.788766 -80.384537 46.743053
8
-41.212878 -57.485097 -70.689195
-49.259691 -50.755046 -70.692349
-52.305057 -49.951769 -69.057960
-59.906117 -58.645847 -54.515335
-57.272368 -63.603244 -51.715600
-50.522929 -69.162294 -51.614056
-39.301802 -69.153968 -60.606081
-39.000307 -67.165306 -62.990457
6
-49.638093 80.473184 -32.559582
-48.402585 80.759094 -33.692112
-30.641169 89.385342 -32.731932
-31.945477 92.210439 -21.833951
-43.921660 88.458708 -15.682624
-47.625963 85.859168 -18.972899
5
58.336402 54.559942 -60.167075
67.078739 55.646674 -49.029484
66.836167 56.305873 -48.606332
52.671238 68.481402 -50.359092
45.092410 65.774058 -60.336124
5
72.483883 -56.184999 -39.866434
60.806328 -71.133543 -35.250667
68.105036 -68.505212 -25.860009
74.040031 -57.667706 -34.532731
73.765995 -55.669639 -38.203001
6
44.739320 51.034176 73.443217
52.996883 46.136326 71.153143
49.242254 33.771443 80.216520
41.086249 31.080823 85.708241
36.242165 34.229957 86.688036
39.593198 51.475877 76.043493
8
67.317164 55.422781 48.956253
78.090667 47.691596 40.340543
79.495097 45.544682 40.077569
79.146107 37.327938 48.399575
66.903777 37.812898 63.984915
65.536128 38.307129 65.096696
61.240882 44.163391 65.567898
61.492079 45.874344 64.142566
6
-89.140002 0.506639 -45.318908
-93.405372 -7.001289 -35.020257
-91.905700 -10.756505 -37.916221
-81.690320 -12.347982 -56.340207
-81.187729 -6.365270 -58.034782
-82.079630 -4.025275 -56.980097
6
-55.973703 -13.821285 -81.706283
-38.532868 -4.489028 -92.168686
-43.217151 7.045185 -89.903522
-54.506620 10.860290 -83.132921
-64.985139 1.491388 -75.991496
-64.497612 -0.311624 -76.419637
5
46.282050 1.283599 -88.635908
29.524019 4.599398 -95.431535
26.557841 1.032861 -96.403394
35.796823 -9.779227 -92.859863
40.905812 -10.503644 -90.644294
7
-5.342733 -96.089535 -27.170876
-5.432138 -95.334009 -29.697115
-13.192422 -90.781512 -39.808003
-23.601449 -87.745890 -41.756801
-27.007186 -88.406495 -38.143198
-17.116190 -95.113205 -25.700471
-6.639465 -96.591018 -25.021844
8
46.444876 -55.388732 69.101098
33.096354 -67.535495 65.905905
24.897577 -64.338216 72.392711
21.724142 -61.765716 75.584773
22.234103 -60.775250 76.236564
34.214911 -46.657519 81.562343
46.096603 -46.048003 75.859638
47.822357 -48.197693 73.416650
7
-76.857373 39.519314 50.310716
-79.841771 45.722228 39.176134
-72.894652 56.602475 38.503629
-68.133718 58.426410 44.092529
-61.143114 54.370640 57.492201
-63.140778 50.400314 58.932593
-69.818399 43.376194 56.955219
9
82.069275 14.192142 55.346338
83.441460 14.793799 53.091112
83.758863 14.585325 52.647139
90.670188 4.060651 41.981284
79.899329 -12.889154 58.736419
79.868326 -12.888720 58.778664
74.264625 3.702056 66.865987
74.306393 4.668945 66.758977
74.775135 5.743172 66.149037
6
-69.247229 -56.205837 -45.229693
-68.943333 -62.165420 -37.178991
-65.014519 -66.875374 -36.066559
-57.272368 -63.603244 -51.715600
-59.906117 -58.645847 -54.515335
-62.353106 -57.038363 -53.466954
6
-46.131341 83.659695 29.545809
-50.038759 79.094330 35.216610
-63.507575 71.400806 29.473934
-66.397286 70.912772 23.722965
-48.268824 85.710614 17.994757
-47.882514 85.738788 18.871276
5
84.751975 -39.019905 35.979852
88.242462 -28.884641 37.134154
93.570335 -29.846039 18.809742
92.781427 -33.462036 16.489360
85.897659 -45.562457 23.359254
5
-17.460749 44.576806 -87.795390
-19.275020 37.174918 -90.810236
-16.412718 36.230729 -91.749425
3.248413 40.605015 -91.327326
-7.327374 50.701798 -85.881530
7
12.907446 13.524972 -98.236821
13.081268 9.835349 -98.651641
20.811661 -0.847240 -97.806733
26.557841 1.032861 -96.403394
29.524019 4.599398 -95.431535
31.202108 15.529154 -93.729792
23.917071 20.412274 -94.927935
6
9.174692 87.510876 47.514961
8.701579 80.009190 59.353281
1.151272 73.422010 67.881389
-7.929151 74.084902 66.697495
-11.501656 78.260167 61.180537
-7.839104 85.861983 50.658349
7
13.087106 89.502339 42.638703
9.174692 87.510876 47.514961
-7.839104 85.861983 50.658349
-15.186971 88.398751 44.215571
-8.498214 94.125336 32.683351
6.540993 94.313702 32.590506
14.178644 90.801702 39.421021
7
-23.601449 -87.745890 -41.756801
-20.792235 -83.682036 -50.645827
-22.819822 -79.487625 -56.222533
-35.467117 -73.248359 -58.109909
-40.797040 -84.928869 -33.506548
-39.884370 -85.722862 -32.570356
-27.007186 -88.406495 -38.143198
7
46.166476 88.194920 -9.503293
47.040383 86.980032 -14.888805
56.369895 77.717517 -27.971816
59.653446 75.799531 -26.379869
68.381678 72.709493 -6.105390
68.089477 73.046853 -5.289644
58.999519 80.733698 -1.061452
4
75.763662 39.214061 -52.173988
67.078739 55.646674 -49.029484
58.336402 54.559942 -60.167075
60.228833 41.510329 -68.186364
5
-91.425157 -12.318002 38.596728
-87.890164 -20.681142 42.983828
-88.933014 -38.345064 24.911345
-97.253666 -15.032414 17.769381
-97.268566 -13.408299 18.948443
4
83.441460 14.793799 53.091112
81.756517 31.817100 47.995250
91.262768 25.992780 31.551269
83.758863 14.585325 52.647139
7
20.374792 72.229651 -66.088920
42.935399 64.364101 -63.354668
44.628954 65.765563 -60.688937
27.281980 84.272644 -46.409212
24.943934 84.715292 -46.916089
21.179654 82.190594 -52.878431
20.198797 72.356060 -66.004614
7
-11.160371 3.283319 99.321025
-11.535534 3.181520 99.281465
-23.367610 11.217148 96.582247
-17.550154 22.282666 95.893039
-16.124015 22.901640 95.997557
-4.551706 12.457096 99.116612
-6.654302 7.545283 99.492658
6
22.455382 -34.520679 -91.126717
17.318907 -46.076542 -87.046009
32.781635 -52.799623 -78.342608
32.831650 -52.793031 -78.326104
37.769562 -43.986683 -81.477800
37.316179 -41.856637 -82.798096
7
-2.794787 98.237547 -18.481709
-8.898344 95.642929 -27.807365
-0.769034 91.877830 -39.469899
2.800606 91.618829 -39.976828
6.641612 91.995644 -38.635352
9.971619 96.319789 -24.961270
3.113415 98.140299 -18.941708
7
78.294842 -36.525928 -50.356471
72.524204 -42.694230 -54.013355
70.121072 -55.825621 -44.345634
72.483883 -56.184999 -39.866434
73.765995 -55.669639 -38.203001
77.891022 -50.551900 -37.114607
81.895589 -41.879876 -39.232493
5
-95.810807 -27.911459 -6.421817
-93.423670 -35.665277 0.076277
-88.555683 -44.923120 -11.823885
-89.259322 -40.863047 -19.052162
-94.509829 -26.576595 -19.015173
7
94.258726 2.220937 -33.322065
94.881149 0.798229 -31.574206
98.862306 0.737053 -15.023355
98.925658 8.551219 -11.857100
92.589512 22.104670 -30.636023
92.551659 22.032591 -30.801872
92.604539 21.042179 -31.330914
6
10.692584 -98.996763 -9.236321
25.340316 -94.553680 -20.432082
21.166790 -92.747272 -30.820619
-5.342733 -96.089535 -27.170876
-6.639465 -96.591018 -25.021844
-2.501843 -99.422167 -10.439035
5
-37.696505 -4.563754 92.510246
-31.819227 -0.226219 94.802350
-17.771538 -7.058840 98.154700
-17.275893 -19.562310 96.534240
-35.852473 -14.852373 92.162938
5
47.537159 -33.060634 81.530442
46.096603 -46.048003 75.859638
34.214911 -46.657519 81.562343
30.187116 -33.983717 89.072133
45.091165 -30.167013 84.004394
6
35.564784 31.792362 -87.888519
25.687798 36.003250 -89.687808
22.831810 24.220633 -94.297770
23.917071 20.412274 -94.927935
31.202108 15.529154 -93.729792
38.669120 18.898383 -90.263782
5
-79.841771 45.722228 39.176134
-87.073267 42.732874 24.334085
-82.216331 51.745455 23.725150
-74.962566 59.833376 28.294539
-72.894652 56.602475 38.503629
5
98.862306 0.737053 -15.023355
94.881149 0.798229 -31.574206
93.358453 -19.536950 -30.041751
95.975487 -16.324634 -22.851963
98.905863 -4.030536 -14.191023
7
-97.438139 13.802419 17.756753
-97.171456 14.961468 18.271906
-96.102491 17.746264 21.198616
-91.230071 -7.889134 40.185019
-91.425157 -12.318002 38.596728
-97.268566 -13.408299 18.948443
-98.730395 -2.750060 15.644367
8
-81.198047 -25.313338 -52.593840
-79.739231 -39.958838 -45.221083
-76.634552 -43.968623 -46.839146
-71.009202 -43.568895 -55.312246
-66.292518 -34.123251 -66.640121
-66.445187 -33.425703 -66.841300
-74.316228 -24.826357 -62.134936
-78.779198 -21.854196 -57.586735
6
-65.838791 11.239297 74.424000
-60.460397 18.126313 77.562731
-57.126121 19.850417 79.640236
-43.977419 14.456620 88.639679
-44.468958 13.227089 88.586432
-54.081330 6.301808 83.877870
6
2.273606 -70.418641 70.965103
10.306726 -78.345404 61.284330
9.671373 -84.839462 52.045463
-0.442664 -86.292678 50.530959
-4.552391 -85.741619 51.260613
-9.433235 -74.785537 65.712537
7
-64.118090 -71.347130 28.256991
-70.692914 -65.297297 27.180414
-70.878909 -64.696220 28.117243
-66.581345 -57.574870 47.455861
-66.480438 -57.615539 47.547881
-57.263769 -66.083031 48.516943
-52.705998 -75.474300 39.060310
6
78.294842 -36.525928 -50.356471
81.895589 -41.879876 -39.232493
82.624222 -41.178271 -38.439405
91.413530 -23.212298 -33.237866
82.865579 -23.740740 -50.691943
79.714279 -30.602498 -52.049215
6
74.264625 3.702056 66.865987
79.868326 -12.888720 58.778664
74.192483 -24.239236 62.513477
68.990503 -26.217359 67.475629
64.790726 -6.349213 75.906846
64.806351 -6.181638 75.907340
7
56.369895 77.717517 -27.971816
52.912466 78.204967 -32.928013
52.671238 68.481402 -50.359092
66.836167 56.305873 -48.606332
69.984095 62.809034 -34.018403
68.669025 65.854752 -30.785007
59.653446 75.799531 -26.379869
6
-26.068639 93.212486 25.136795
-47.882514 85.738788 18.871276
-48.268824 85.710614 17.994757
-48.086718 86.537500 14.104207
-35.370254 93.291113 6.761161
-22.663035 95.009060 21.439808
5
-36.788766 -80.384537 46.743053
-40.825716 -69.781129 58.854523
-25.124005 -64.758302 71.938493
-22.456154 -67.778753 70.012583
-26.595431 -85.814325 43.915654
6
-52.696240 -83.716073 14.653512
-64.118090 -71.347130 28.256991
-52.705998 -75.474300 39.060310
-50.298869 -77.453675 38.352992
-48.293258 -82.636594 28.964712
-52.177002 -83.985967 14.963881
7
-63.315748 -77.017237 7.711118
-58.523007 -80.830169 6.445270
-56.790505 -81.742505 -9.643726
-61.052606 -78.176139 -12.691357
-61.531353 -77.781410 -12.804097
-79.913681 -60.114183 0.297558
-79.878838 -60.149979 1.162405
6
90.332693 -8.581916 -42.028030
80.887568 -11.469057 -57.668554
82.865579 -23.740740 -50.691943
91.413530 -23.212298 -33.237866
91.966881 -22.587618 -32.123080
92.356666 -21.463796 -31.773443
5
69.241461 -72.090535 -2.928278
75.303517 -65.591215 -5.212760
79.710151 -57.832127 -17.370576
74.040031 -57.667706 -34.532731
68.105036 -68.505212 -25.860009
7
-47.146912 45.842462 -75.336827
-45.961815 49.067932 -74.026006
-55.216875 58.453813 -59.449546
-57.202815 56.973103 -59.007657
-64.241586 47.152376 -60.412516
-60.643972 33.388297 -72.163220
-59.656681 32.493680 -73.384203
6
12.527504 -99.120063 4.274903
27.256781 -94.905669 15.810816
34.296295 -93.416097 9.858856
29.528566 -93.767150 -18.324447
25.340316 -94.553680 -20.432082
10.692584 -98.996763 -9.236321
8
98.862306 0.737053 -15.023355
98.905863 -4.030536 -14.191023
99.016501 -13.985619 -0.367498
99.211881 -9.318562 8.376572
99.649638 0.040242 8.363497
99.069021 13.460246 -2.037350
99.034448 13.596688 -2.703349
98.925658 8.551219 -11.857100
6
9.971619 96.319789 -24.961270
13.122874 96.186555 -23.998682
22.442018 97.333414 -4.749986
15.961272 98.715679 0.672659
10.263077 99.412121 -3.449544
3.113415 98.140299 -18.941708
6
-45.864102 75.565008 46.759102
-48.383456 76.157942 43.116227
-50.038759 79.094330 35.216610
-46.131341 83.659695 29.545809
-30.533950 87.924925 36.563443
-30.226692 87.604071 37.574910
5
-62.353106 -57.038363 -53.466954
-71.009202 -43.568895 -55.312246
-76.634552 -43.968623 -46.839146
-75.920994 -47.694513 -44.285845
-69.247229 -56.205837 -45.229693
8
-34.741884 52.537530 -77.671162
-25.945360 59.500296 -76.069396
-26.444407 61.749350 -74.079087
-38.347268 72.631825 -57.044763
-41.880755 72.053820 -55.265263
-52.136968 64.092548 -56.337215
-55.216875 58.453813 -59.449546
-45.961815 49.067932 -74.026006
7
-9.433235 -74.785537 65.712537
-22.456154 -67.778753 70.012583
-25.124005 -64.758302 71.938493
-25.360698 -60.415131 75.543676
-1.341547 -59.632312 80.263240
7.617884 -64.508929 76.030033
2.273606 -70.418641 70.965103
6
-34.741884 52.537530 -77.671162
-28.251840 32.974944 -90.080445
-19.275020 37.174918 -90.810236
-17.460749 44.576806 -87.795390
-25.260205 59.343307 -76.421816
-25.945360 59.500296 -76.069396
5
-63.241490 69.396498 34.418600
-63.507575 71.400806 29.473934
-50.038759 79.094330 35.216610
-48.383456 76.157942 43.116227
-58.227807 69.539149 42.116852
4
59.703779 68.254801 42.151404
71.230343 64.240723 28.273093
78.090667 47.691596 40.340543
67.317164 55.422781 48.956253
6
-55.469255 -22.032580 -80.235448
-66.445187 -33.425703 -66.841300
-66.292518 -34.123251 -66.640121
-52.305057 -49.951769 -69.057960
-49.259691 -50.755046 -70.692349
-42.919642 -36.331129 -82.691919
5
-88.925909 -24.241015 -38.788606
-89.089766 -27.890574 -35.848701
-85.921842 -36.832509 -35.507793
-79.739231 -39.958838 -45.221083
-81.198047 -25.313338 -52.593840
6
2.273606 -70.418641 70.965103
7.617884 -64.508929 76.030033
17.948262 -61.785002 76.553729
21.724142 -61.765716 75.584773
24.897577 -64.338216 72.392711
10.306726 -78.345404 61.284330
8
-30.162382 89.326736 -33.331141
-23.682866 89.703095 -37.315903
-13.088415 95.053543 -28.169440
-21.366345 96.276439 -16.562806
-21.449729 96.261126 -16.544027
-29.555248 93.553533 -19.344864
-31.945477 92.210439 -21.833951
-30.641169 89.385342 -32.731932
5
-51.845523 -53.859414 66.416905
-51.685396 -42.041947 74.572746
-28.670288 -51.910027 80.519337
-28.659055 -53.256416 79.639266
-51.237810 -54.348368 66.490162
6
-64.497612 -0.311624 -76.419637
-74.316228 -24.826357 -62.134936
-66.445187 -33.425703 -66.841300
-55.469255 -22.032580 -80.235448
-55.283067 -20.475120 -80.774699
-55.973703 -13.821285 -81.706283
8
25.340316 -94.553680 -20.432082
29.528566 -93.767150 -18.324447
36.660025 -91.108426 -18.849333
47.087135 -81.708887 -33.263487
44.580868 -80.157697 -39.840806
32.103152 -83.777244 -44.167421
19.908059 -88.977098 -41.070004
21.166790 -92.747272 -30.820619
7
-1.820558 -46.368685 88.581209
-15.565492 -37.713581 91.298419
-15.309130 -37.012579 91.628050
8.059817 -31.241943 94.651890
11.122728 -32.444833 93.934114
15.379770 -37.778122 91.303210
6.935842 -45.938399 88.552570
5
-28.471155 28.160450 91.631776
-17.550154 22.282666 95.893039
-23.367610 11.217148 96.582247
-27.793177 10.352555 95.500596
-33.647572 15.576828 92.871973
6
92.833742 30.747101 20.892873
83.244315 52.966203 16.277758
83.091284 53.321819 15.894093
90.768054 41.938969 1.511062
92.175572 38.748094 1.499747
93.989403 31.010304 14.295218
7
99.016501 -13.985619 -0.367498
97.532635 -21.911010 -2.700496
93.103611 -33.728542 13.932085
92.781427 -33.462036 16.489360
93.570335 -29.846039 18.809742
96.535547 -15.557351 20.948912
99.211881 -9.318562 8.376572
5
65.053153 -23.515447 -72.215725
53.389003 -20.470109 -82.040167
49.216151 -27.602708 -82.558228
55.098991 -36.350005 -75.118429
63.227212 -33.474174 -69.869875
6
-16.776929 37.752062 91.067648
-22.527203 52.707553 81.941680
-18.380562 56.058421 80.744092
-6.756610 54.552023 83.536968
-1.405198 34.305472 93.921031
-8.753799 33.165319 93.933129
8
64.369369 -76.520534 -1.091867
67.753165 -73.533048 -1.549007
69.241461 -72.090535 -2.928278
68.105036 -68.505212 -25.860009
60.806328 -71.133543 -35.250667
60.406131 -71.374549 -35.450996
55.056144 -77.870935 -30.082196
61.131916 -78.954358 -5.394271
5
-26.372816 -28.933582 -92.018055
-27.860216 -5.364079 -95.890745
-38.081236 -4.685150 -92.346461
-38.621012 -21.381244 -89.728813
-29.486034 -30.356634 -90.603800
6
22.831810 24.220633 -94.297770
25.687798 36.003250 -89.687808
21.646103 42.187755 -88.043396
9.087188 41.455128 -90.547752
6.466758 39.723826 -91.543425
5.409898 29.056163 -95.532573
5
4.653819 61.253915 -78.906907
9.087188 41.455128 -90.547752
21.646103 42.187755 -88.043396
28.425709 52.594307 -80.161200
25.062211 55.820174 -79.094841
6
-77.765946 14.334214 -61.212645
-82.650441 7.548946 -55.784568
-82.079630 -4.025275 -56.980097
-81.187729 -6.365270 -58.034782
-66.180001 2.352366 -74.931127
-70.263328 12.139953 -70.111955
7
14.178644 90.801702 39.421021
6.540993 94.313702 32.590506
4.851930 98.758968 14.937372
15.062472 98.648494 6.449535
21.861841 96.744469 12.750202
26.861120 90.143840 33.949497
26.831356 90.135531 33.995064
7
-71.150926 70.266430 0.417800
-71.787541 69.616611 -0.276427
-72.630645 67.485745 -13.056172
-62.861653 75.949325 -16.736563
-61.894503 77.138118 -14.791254
-61.564286 78.386648 -8.085304
-66.528705 74.652744 0.948285
6
14.178644 90.801702 39.421021
26.831356 90.135531 33.995064
44.602432 73.064921 51.692750
35.845871 73.364567 57.729662
29.908829 74.464217 59.670280
13.087106 89.502339 42.638703
7
43.406028 -3.028479 90.037465
43.352662 -2.576837 90.077226
44.253431 0.828105 89.671334
53.279781 5.850842 84.421754
53.932630 5.734671 84.014195
58.890477 -4.102874 80.716034
51.367786 -10.535153 85.149053
6
-22.819822 -79.487625 -56.222533
-13.227222 -71.675081 -68.466951
-19.412119 -68.274603 -70.439678
-39.000307 -67.165306 -62.990457
-39.301802 -69.153968 -60.606081
-35.467117 -73.248359 -58.109909
5
31.063491 -89.991677 30.603229
37.326343 -75.598493 53.773710
38.354225 -75.483972 53.208302
45.119336 -83.965469 30.233185
44.768059 -84.476316 29.318475
4
-78.712890 -36.959512 49.378897
-71.629897 -52.080375 46.441279
-81.382797 -49.069833 31.128635
-85.349060 -43.989388 27.936924
5
74.775135 5.743172 66.149037
74.306393 4.668945 66.758977
61.370096 12.822193 77.905729
58.053307 22.554492 78.237513
65.139172 31.748803 68.912276
5
-26.444407 61.749350 -74.079087
-11.746655 77.087512 -62.606162
-15.547411 81.046088 -56.478400
-18.480115 82.109828 -54.004274
-38.347268 72.631825 -57.044763
5
62.759375 76.846633 12.484219
68.244156 73.068929 -1.914886
74.642056 63.490399 19.938222
72.533750 64.970012 22.754181
65.788357 72.634606 19.902414
5
37.309526 -75.177030 -54.372910
32.103152 -83.777244 -44.167421
44.580868 -80.157697 -39.840806
49.202094 -73.363433 -46.871747
47.912533 -70.725790 -51.983188
5
-11.746655 77.087512 -62.606162
-0.826191 72.731223 -68.625700
6.324481 82.241205 -56.536582
1.229951 85.252336 -52.254439
-15.547411 81.046088 -56.478400
6
-94.509829 -26.576595 -19.015173
-89.259322 -40.863047 -19.052162
-85.955941 -42.825084 -27.885271
-85.921842 -36.832509 -35.507793
-89.089766 -27.890574 -35.848701
-94.697354 -25.053178 -20.118383
8
-88.933014 -38.345064 24.911345
-87.890164 -20.681142 42.983828
-82.656410 -25.434647 50.209528
-79.039589 -32.902914 51.673412
-78.712890 -36.959512 49.378897
-85.349060 -43.989388 27.936924
-86.258187 -43.220886 26.296010
-88.374499 -39.966331 24.344206
7
78.627431 -42.309514 45.029236
76.329067 -41.003166 49.926085
77.639684 -35.801446 51.868448
85.621783 -26.462181 44.369621
88.224773 -28.005760 37.842658
88.242462 -28.884641 37.134154
84.751975 -39.019905 35.979852
7
-18.380562 56.058421 80.744092
-22.527203 52.707553 81.941680
-35.258682 48.451855 80.057748
-46.324953 63.667184 61.648101
-43.400623 67.301007 59.891238
-31.415512 69.892411 64.250420
-18.053268 65.212598 73.630134
7
-5.342733 -96.089535 -27.170876
21.166790 -92.747272 -30.820619
19.908059 -88.977098 -41.070004
19.048491 -88.701714 -42.061395
5.839969 -87.802572 -47.503717
3.852397 -88.726667 -45.964526
-5.432138 -95.334009 -29.697115
4
-69.247229 -56.205837 -45.229693
-75.920994 -47.694513 -44.285845
-78.374417 -53.991287 -30.698399
-68.943333 -62.165420 -37.178991
7
76.204007 -58.788523 27.145145
75.401002 -59.075485 28.718913
75.101997 -59.013847 29.615130
78.627431 -42.309514 45.029236
84.751975 -39.019905 35.979852
85.897659 -45.562457 23.359254
84.502543 -48.331924 22.876745
5
-51.685396 -42.041947 74.572746
-51.845523 -53.859414 66.416905
-58.753221 -51.010913 62.816763
-59.207396 -33.111664 73.471777
-55.394373 -35.823072 75.154315
4
-71.629897 -52.080375 46.441279
-66.581345 -57.574870 47.455861
-70.878909 -64.696220 28.117243
-81.382797 -49.069833 31.128635
5
4.841078 -8.460529 99.523783
0.311296 -8.733994 99.617370
-11.160371 3.283319 99.321025
-6.654302 7.545283 99.492658
6.050740 1.290606 99.808431
6
-51.204140 -4.534440 85.776308
-40.619453 -2.903997 91.332507
-37.696505 -4.563754 92.510246
-35.852473 -14.852373 92.162938
-41.751341 -22.753998 87.972047
-58.916377 -16.202055 79.160305
5
-0.188754 99.099148 13.391163
-16.939315 96.964286 17.634820
-16.867516 98.560795 1.121006
-8.092608 99.630090 -2.890484
-7.890077 99.650076 -2.758458
6
64.790726 -6.349213 75.906846
57.980907 -19.206498 79.179069
51.011761 -18.239286 84.054320
51.367786 -10.535153 85.149053
58.890477 -4.102874 80.716034
64.806351 -6.181638 75.907340
7
39.593198 51.475877 76.043493
34.925241 53.926250 76.630197
34.045040 54.826505 76.387104
35.845871 73.364567 57.729662
44.602432 73.064921 51.692750
44.973594 72.884304 51.626098
44.739320 51.034176 73.443217
6
54.489309 7.919482 -83.475727
46.282050 1.283599 -88.635908
40.905812 -10.503644 -90.644294
40.994649 -10.697355 -90.581485
53.365037 -17.886523 -82.657396
54.768516 -14.976937 -82.317076
6
-43.217151 7.045185 -89.903522
-38.532868 -4.489028 -92.168686
-38.081236 -4.685150 -92.346461
-27.860216 -5.364079 -95.890745
-22.697438 -2.390654 -97.360727
-34.700036 18.691425 -91.905050
6
-52.136968 64.092548 -56.337215
-64.148540 69.564554 -32.337866
-72.762538 60.861865 -31.645639
-70.761518 54.848236 -44.547486
-57.202815 56.973103 -59.007657
-55.216875 58.453813 -59.449546
5
50.842987 -64.183250 -57.406455
47.912533 -70.725790 -51.983188
49.202094 -73.363433 -46.871747
58.494189 -70.591866 -39.940184
62.892314 -59.749432 -49.744971
5
87.756352 46.404622 -12.059593
90.590120 42.334842 1.091490
83.230656 55.244069 -4.555286
81.034217 57.009462 -13.541670
81.287500 56.354742 -14.713446
7
13.054185 -95.336573 27.212609
5.766975 -96.181979 26.753858
5.656606 -96.160365 26.854924
-0.442664 -86.292678 50.530959
9.671373 -84.839462 52.045463
15.969389 -85.057649 50.101647
16.581091 -86.255229 47.802749
6
-58.265879 -73.787234 -34.066575
-64.521229 -67.901191 -35.020555
-69.467951 -68.162201 -22.980820
-69.167869 -69.183102 -20.724487
-61.531353 -77.781410 -12.804097
-61.052606 -78.176139 -12.691357
6
39.593198 51.475877 76.043493
36.242165 34.229957 86.688036
18.811332 30.306594 93.421861
15.679259 33.612757 92.867343
16.102257 38.114813 91.038335
34.925241 53.926250 76.630197
8
-62.132994 -17.092738 76.467832
-72.162616 -5.252154 69.028774
-73.515912 2.403031 67.746853
-70.958746 8.636791 69.930409
-65.838791 11.239297 74.424000
-54.081330 6.301808 83.877870
-51.204140 -4.534440 85.776308
-58.916377 -16.202055 79.160305
6
75.303517 -65.591215 -5.212760
69.241461 -72.090535 -2.928278
67.753165 -73.533048 -1.549007
76.204007 -58.788523 27.145145
84.502543 -48.331924 22.876745
84.592459 -53.329938 -0.183075
6
11.310291 62.416244 77.306467
18.306373 63.271672 75.243420
34.045040 54.826505 76.387104
34.925241 53.926250 76.630197
16.102257 38.114813 91.038335
8.921580 58.985305 80.256708
7
-72.762538 60.861865 -31.645639
-64.148540 69.564554 -32.337866
-62.478934 71.928471 -30.375615
-62.861653 75.949325 -16.736563
-72.630645 67.485745 -13.056172
-78.331762 59.748485 -17.153820
-72.949661 60.722245 -31.482629
7
-58.916377 -16.202055 79.160305
-41.751341 -22.753998 87.972047
-38.092406 -33.793820 86.063618
-55.394373 -35.823072 75.154315
-59.207396 -33.111664 73.471777
-61.977396 -29.394652 72.765080
-62.132994 -17.092738 76.467832
5
63.420212 -56.147312 53.154078
70.146486 -60.749043 37.269616
56.283364 -74.206079 36.409352
49.435727 -71.681947 49.171204
63.040568 -56.448122 53.286924
7
76.149518 -3.806429 -64.705193
75.462491 6.195788 -65.322467
65.726621 11.052379 -74.551031
55.974581 10.900643 -82.146347
54.489309 7.919482 -83.475727
54.768516 -14.976937 -82.317076
75.279627 -5.550765 -65.590905
5
34.045040 54.826505 76.387104
18.306373 63.271672 75.243420
25.209804 73.254317 63.231881
29.908829 74.464217 59.670280
35.845871 73.364567 57.729662
3
-5.432138 -95.334009 -29.697115
3.852397 -88.726667 -45.964526
-13.192422 -90.781512 -39.808003
5
1.203411 3.803082 -99.920410
13.081268 9.835349 -98.651641
12.907446 13.524972 -98.236821
6.638640 19.420750 -97.871155
-3.273496 10.809766 -99.360119
8
84.592459 -53.329938 -0.183075
89.940360 -43.643557 -2.443671
90.135258 -43.194237 -3.145341
90.294574 -38.747898 -18.587368
88.407411 -41.863391 -20.774652
84.875247 -48.205774 -21.734666
79.710151 -57.832127 -17.370576
75.303517 -65.591215 -5.212760
7
-40.583172 29.287565 -86.575081
-51.945593 23.707450 -82.095141
-54.506620 10.860290 -83.132921
-43.217151 7.045185 -89.903522
-34.700036 18.691425 -91.905050
-32.153017 26.809786 -90.815301
-32.342638 27.829993 -90.440286
6
-8.498214 94.125336 32.683351
-19.768106 95.753864 20.986175
-16.939315 96.964286 17.634820
-0.188754 99.099148 13.391163
4.851930 98.758968 14.937372
6.540993 94.313702 32.590506
6
92.356666 -21.463796 -31.773443
91.966881 -22.587618 -32.123080
90.956347 -36.859554 -19.191567
96.742597 -23.924354 -8.276185
95.975487 -16.324634 -22.851963
93.358453 -19.536950 -30.041751
4
29.093038 90.032768 32.368131
38.433202 91.028482 15.385206
46.266516 87.596628 13.646985
46.596502 83.830969 28.304324
6
-47.625963 85.859168 -18.972899
-43.921660 88.458708 -15.682624
-44.563710 88.711970 -12.010918
-56.834118 82.075661 -5.785230
-61.564286 78.386648 -8.085304
-61.894503 77.138118 -14.791254
7
-52.177002 -83.985967 14.963881
-39.937157 -90.838850 12.382525
-41.199758 -91.069807 -2.978285
-50.867080 -85.111221 -12.985386
-56.790505 -81.742505 -9.643726
-58.523007 -80.830169 6.445270
-52.696240 -83.716073 14.653512
5
0.366461 -1.850624 -99.982203
16.374583 -8.201781 -98.308717
20.811661 -0.847240 -97.806733
13.081268 9.835349 -98.651641
1.203411 3.803082 -99.920410
5
92.604539 21.042179 -31.330914
92.551659 22.032591 -30.801872
79.052059 31.938836 -52.255935
76.490618 7.601305 -63.964096
86.254019 6.786780 -50.141637
7
62.892314 -59.749432 -49.744971
58.494189 -70.591866 -39.940184
60.406131 -71.374549 -35.450996
60.806328 -71.133543 -35.250667
72.483883 -56.184999 -39.866434
70.121072 -55.825621 -44.345634
63.719673 -59.033379 -49.546577
7
2.800606 91.618829 -39.976828
1.229951 85.252336 -52.254439
6.324481 82.241205 -56.536582
21.179654 82.190594 -52.878431
24.943934 84.715292 -46.916089
24.411753 85.113712 -46.472813
6.641612 91.995644 -38.635352
6
-25.247077 86.264693 43.829075
-15.186971 88.398751 44.215571
-7.839104 85.861983 50.658349
-11.501656 78.260167 61.180537
-20.929153 78.604158 58.166630
-26.576708 83.075794 48.909008
6
98.925658 8.551219 -11.857100
99.034448 13.596688 -2.703349
94.823782 30.884050 -7.390936
91.475837 33.748112 -22.208923
91.440680 33.716538 -22.400830
92.589512 22.104670 -30.636023
5
-0.442664 -86.292678 50.530959
5.656606 -96.160365 26.854924
-7.228789 -95.211731 29.706411
-17.490534 -88.341262 43.473010
-4.552391 -85.741619 51.260613
6
20.558302 21.730841 95.420788
31.200029 14.011932 93.969271
28.756033 -1.242135 95.768197
22.453602 -8.232205 97.098232
14.042487 8.474710 98.645770
14.572299 13.298603 98.034664
6
95.464236 13.672751 26.450624
92.570042 26.236324 27.247802
92.344285 28.021360 26.217102
92.833742 30.747101 20.892873
93.989403 31.010304 14.295218
98.682682 15.914823 2.906301
7
-6.153997 -40.207041 -91.353830
-20.084252 -51.181132 -83.529124
-20.241954 -52.738451 -82.516174
2.649362 -68.227740 -73.061319
4.840596 -67.138410 -73.952705
6.478353 -62.854123 -77.507356
6.462041 -54.720932 -83.449755
5
-80.067238 -59.878247 1.957789
-78.861757 -59.965494 13.600100
-71.557064 -65.274179 24.877062
-63.315748 -77.017237 7.711118
-79.878838 -60.149979 1.162405
5
38.354225 -75.483972 53.208302
49.435727 -71.681947 49.171204
56.283364 -74.206079 36.409352
56.284029 -74.274342 36.268859
45.119336 -83.965469 30.233185
7
23.850104 -71.719826 -65.478540
4.840596 -67.138410 -73.952705
2.649362 -68.227740 -73.061319
1.020433 -69.647590 -71.750763
1.727359 -84.828233 -52.926243
5.839969 -87.802572 -47.503717
19.048491 -88.701714 -42.061395
5
-26.576708 83.075794 48.909008
-20.929153 78.604158 58.166630
-31.415512 69.892411 64.250420
-43.400623 67.301007 59.891238
-42.969888 70.331732 56.630700
8
-22.663035 95.009060 21.439808
-35.370254 93.291113 6.761161
-34.252445 93.931964 1.885764
-32.438363 94.591381 0.472595
-21.771635 97.592918 -1.272102
-16.867516 98.560795 1.121006
-16.939315 96.964286 17.634820
-19.768106 95.753864 20.986175
6
-29.151685 30.421735 90.690117
-16.776929 37.752062 91.067648
-8.753799 33.165319 93.933129
-16.124015 22.901640 95.997557
-17.550154 22.282666 95.893039
-28.471155 28.160450 91.631776
4
92.604539 21.042179 -31.330914
86.254019 6.786780 -50.141637
91.405374 0.398985 -40.557347
94.258726 2.220937 -33.322065
5
-68.693313 18.575133 -70.258047
-59.599530 30.636518 -74.224658
-59.656681 32.493680 -73.384203
-60.643972 33.388297 -72.163220
-73.214108 31.470175 -60.409623
8
-40.797040 -84.928869 -33.506548
-48.523208 -78.973639 -37.532155
-58.265879 -73.787234 -34.066575
-61.052606 -78.176139 -12.691357
-56.790505 -81.742505 -9.643726
-50.867080 -85.111221 -12.985386
-41.237377 -87.473147 -25.454414
-39.884370 -85.722862 -32.570356
7
-31.945477 92.210439 -21.833951
-29.555248 93.553533 -19.344864
-32.438363 94.591381 0.472595
-34.252445 93.931964 1.885764
-43.346297 89.846398 -6.980212
-44.563710 88.711970 -12.010918
-43.921660 88.458708 -15.682624
6
-25.124005 -64.758302 71.938493
-40.825716 -69.781129 58.854523
-47.225232 -66.518748 57.836265
-51.237810 -54.348368 66.490162
-28.659055 -53.256416 79.639266
-25.360698 -60.415131 75.543676
8
19.996475 -37.987982 90.316411
15.379770 -37.778122 91.303210
11.122728 -32.444833 93.934114
20.360608 -13.106122 97.024096
21.570477 -12.735607 96.811770
22.038285 -13.093740 96.658512
27.922623 -21.599718 93.561634
29.460299 -33.679311 89.430391
6
-97.941209 20.187099 -0.025226
-98.017224 8.543770 -17.878137
-97.585920 8.444286 -20.141556
-92.510615 33.308137 -18.230582
-92.890542 34.517581 -13.412075
-95.829178 28.525066 -1.757648
7
42.923606 90.213626 -4.366442
34.761066 93.723837 -2.740572
26.376386 96.271463 -6.007638
30.258159 92.900310 -21.306718
31.100482 92.529963 -21.701750
47.040383 86.980032 -14.888805
46.166476 88.194920 -9.503293
6
66.393633 -50.480719 55.168673
76.329067 -41.003166 49.926085
78.627431 -42.309514 45.029236
75.101997 -59.013847 29.615130
70.146486 -60.749043 37.269616
63.420212 -56.147312 53.154078
6
20.558302 21.730841 95.420788
14.572299 13.298603 98.034664
-3.696620 13.105628 99.068550
0.957933 33.501901 94.216267
15.679259 33.612757 92.867343
18.811332 30.306594 93.421861
5
-2.501843 -99.422167 -10.439035
-6.639465 -96.591018 -25.021844
-17.116190 -95.113205 -25.700471
-25.472950 -95.984772 -11.749571
-8.823782 -99.456304 -5.530329
5
22.455382 -34.520679 -91.126717
37.316179 -41.856637 -82.798096
45.434009 -29.049128 -84.213413
37.934438 -24.085795 -89.335619
20.095212 -26.860797 -94.205520
8
-15.186971 88.398751 44.215571
-25.247077 86.264693 43.829075
-30.226692 87.604071 37.574910
-30.533950 87.924925 36.563443
-26.068639 93.212486 25.136795
-22.663035 95.009060 21.439808
-19.768106 95.753864 20.986175
-8.498214 94.125336 32.683351
5
66.903777 37.812898 63.984915
79.146107 37.327938 48.399575
81.756517 31.817100 47.995250
83.441460 14.793799 53.091112
82.069275 14.192142 55.346338
6
5.409898 29.056163 -95.532573
6.466758 39.723826 -91.543425
3.248413 40.605015 -91.327326
-16.412718 36.230729 -91.749425
-7.986515 24.417742 -96.643621
4.470328 27.288100 -96.100863
7
52.599022 -84.313736 11.159606
57.303049 -81.482514 8.772711
64.369369 -76.520534 -1.091867
61.131916 -78.954358 -5.394271
36.660025 -91.108426 -18.849333
29.528566 -93.767150 -18.324447
34.296295 -93.416097 9.858856
6
2.800606 91.618829 -39.976828
-0.769034 91.877830 -39.469899
-18.040677 87.076450 -45.740855
-18.480115 82.109828 -54.004274
-15.547411 81.046088 -56.478400
1.229951 85.252336 -52.254439
5
-24.498590 -87.595914 41.554482
-24.311917 -87.432834 42.005121
-17.490534 -88.341262 43.473010
-7.228789 -95.211731 29.706411
-15.552194 -96.889944 19.247545
5
29.908829 74.464217 59.670280
25.209804 73.254317 63.231881
8.701579 80.009190 59.353281
9.174692 87.510876 47.514961
13.087106 89.502339 42.638703
7
26.376386 96.271463 -6.007638
34.761066 93.723837 -2.740572
34.480038 93.214687 11.052113
21.861841 96.744469 12.750202
15.062472 98.648494 6.449535
15.961272 98.715679 0.672659
22.442018 97.333414 -4.749986
6
-93.240070 -35.810939 4.885280
-97.607091 -17.990430 12.214756
-97.253666 -15.032414 17.769381
-88.933014 -38.345064 24.911345
-88.374499 -39.966331 24.344206
-90.959896 -40.317482 10.039820
8
-99.981786 -1.899243 0.187983
-98.857841 -14.833120 -2.665687
-97.439582 -9.563206 -20.348782
-96.940133 -2.196178 -24.449690
-97.361953 7.030001 -21.707816
-97.585920 8.444286 -20.141556
-98.017224 8.543770 -17.878137
-99.634149 5.101891 -6.856164
5
-59.633372 32.618301 73.347851
-70.331969 26.887237 65.806464
-69.818399 43.376194 56.955219
-63.140778 50.400314 58.932593
-55.261028 38.442681 73.948490
4
22.038285 -13.093740 96.658512
40.091648 -8.995073 91.168791
40.970014 -17.467615 89.534018
27.922623 -21.599718 93.561634
6
-66.536188 70.826711 23.590520
-68.393750 69.150592 23.248454
-75.504721 64.376586 12.437536
-71.150926 70.266430 0.417800
-66.528705 74.652744 0.948285
-64.135263 76.411382 6.925948
9
6.462041 -54.720932 -83.449755
17.318907 -46.076542 -87.046009
22.455382 -34.520679 -91.126717
20.095212 -26.860797 -94.205520
18.754805 -25.491791 -94.860033
15.980423 -23.935689 -95.769039
-3.478284 -27.911487 -95.962755
-6.651499 -31.632858 -94.631495
-6.153997 -40.207041 -91.353830
5
-78.779198 -21.854196 -57.586735
-81.690320 -12.347982 -56.340207
-91.905700 -10.756505 -37.916221
-88.925909 -24.241015 -38.788606
-81.198047 -25.313338 -52.593840
6
17.948262 -61.785002 76.553729
6.935842 -45.938399 88.552570
15.379770 -37.778122 91.303210
19.996475 -37.987982 90.316411
22.234103 -60.775250 76.236564
21.724142 -61.765716 75.584773
5
90.670188 4.060651 41.981284
93.765165 1.399631 34.729452
94.088909 -7.524529 33.025121
85.329802 -16.659815 49.409265
79.899329 -12.889154 58.736419
7
82.865579 -23.740740 -50.691943
80.887568 -11.469057 -57.668554
76.149518 -3.806429 -64.705193
75.279627 -5.550765 -65.590905
71.577123 -15.527010 -68.085442
72.781426 -29.931713 -61.700539
79.714279 -30.602498 -52.049215
7
92.589512 22.104670 -30.636023
91.440680 33.716538 -22.400830
83.847917 45.783710 -29.552982
81.617342 46.529367 -34.258246
76.284222 38.678249 -51.814193
79.052059 31.938836 -52.255935
92.551659 22.032591 -30.801872
5
-25.247077 86.264693 43.829075
-26.576708 83.075794 48.909008
-42.969888 70.331732 56.630700
-45.864102 75.565008 46.759102
-30.226692 87.604071 37.574910
7
-70.472727 -35.072077 61.672880
-62.089115 -51.181111 59.375379
-66.480438 -57.615539 47.547881
-66.581345 -57.574870 47.455861
-71.629897 -52.080375 46.441279
-78.712890 -36.959512 49.378897
-79.039589 -32.902914 51.673412
6
-89.259322 -40.863047 -19.052162
-88.555683 -44.923120 -11.823885
-81.839577 -57.030987 -7.053376
-78.207020 -56.670827 -25.924493
-78.529257 -53.935140 -30.399943
-85.955941 -42.825084 -27.885271
6
57.276485 -49.724079 -65.168399
65.239838 -35.842527 -66.776319
63.227212 -33.474174 -69.869875
55.098991 -36.350005 -75.118429
50.663325 -45.439159 -73.270119
52.713983 -51.782656 -67.377982
7
22.453602 -8.232205 97.098232
28.756033 -1.242135 95.768197
43.352662 -2.576837 90.077226
43.406028 -3.028479 90.037465
40.091648 -8.995073 91.168791
22.038285 -13.093740 96.658512
21.570477 -12.735607 96.811770
8
60.228833 41.510329 -68.186364
58.336402 54.559942 -60.167075
45.092410 65.774058 -60.336124
44.628954 65.765563 -60.688937
42.935399 64.364101 -63.354668
42.812904 63.539067 -64.263848
53.369836 42.801663 -72.936125
59.951795 41.389236 -68.503382
7
-3.478284 -27.911487 -95.962755
-9.566930 -8.966161 -99.136682
-20.784802 -1.951250 -97.796649
-22.697438 -2.390654 -97.360727
-27.860216 -5.364079 -95.890745
-26.372816 -28.933582 -92.018055
-6.651499 -31.632858 -94.631495
4
68.698099 72.409601 -6.117254
81.034217 57.009462 -13.541670
83.230656 55.244069 -4.555286
80.709551 58.840243 4.877939
6
98.905863 -4.030536 -14.191023
95.975487 -16.324634 -22.851963
96.742597 -23.924354 -8.276185
97.274829 -22.849617 -3.937343
97.532635 -21.911010 -2.700496
99.016501 -13.985619 -0.367498
7
65.726621 11.052379 -74.551031
59.951795 41.389236 -68.503382
53.369836 42.801663 -72.936125
47.679115 39.437364 -78.558236
47.531929 38.703782 -79.010967
53.733283 13.628589 -83.228576
55.974581 10.900643 -82.146347
5
-73.214108 31.470175 -60.409623
-60.643972 33.388297 -72.163220
-64.241586 47.152376 -60.412516
-71.804690 40.927554 -56.294065
-74.328551 32.265680 -58.601983
5
-49.807110 29.468183 81.552915
-43.280147 24.396388 86.785051
-42.696244 15.852856 89.026500
-43.977419 14.456620 88.639679
-57.126121 19.850417 79.640236
6
47.144013 -22.002826 85.400923
40.970014 -17.467615 89.534018
40.091648 -8.995073 91.168791
43.406028 -3.028479 90.037465
51.367786 -10.535153 85.149053
51.011761 -18.239286 84.054320
5
1.804604 69.521697 -71.857338
20.198797 72.356060 -66.004614
21.179654 82.190594 -52.878431
6.324481 82.241205 -56.536582
-0.826191 72.731223 -68.625700
7
91.262768 25.992780 31.551269
92.570042 26.236324 27.247802
95.464236 13.672751 26.450624
95.616844 10.030077 27.510303
93.765165 1.399631 34.729452
90.670188 4.060651 41.981284
83.758863 14.585325 52.647139
7
58.053307 22.554492 78.237513
56.231755 23.063540 79.410723
49.242254 33.771443 80.216520
52.996883 46.136326 71.153143
61.240882 44.163391 65.567898
65.536128 38.307129 65.096696
65.139172 31.748803 68.912276
6
-21.449729 96.261126 -16.544027
-21.366345 96.276439 -16.562806
-8.050669 98.845030 -12.839268
-8.092608 99.630090 -2.890484
-16.867516 98.560795 1.121006
-21.771635 97.592918 -1.272102
6
19.048491 -88.701714 -42.061395
19.908059 -88.977098 -41.070004
32.103152 -83.777244 -44.167421
37.309526 -75.177030 -54.372910
27.079979 -70.679433 -65.353596
23.850104 -71.719826 -65.478540
5
-55.283067 -20.475120 -80.774699
-38.621012 -21.381244 -89.728813
-38.081236 -4.685150 -92.346461
-38.532868 -4.489028 -92.168686
-55.973703 -13.821285 -81.706283
7
18.811332 30.306594 93.421861
36.242165 34.229957 86.688036
41.086249 31.080823 85.708241
45.093433 19.819406 87.027430
36.341835 13.330242 92.203990
31.200029 14.011932 93.969271
20.558302 21.730841 95.420788
5
-32.436296 -93.444098 14.699907
-39.937157 -90.838850 12.382525
-52.177002 -83.985967 14.963881
-48.293258 -82.636594 28.964712
-31.257036 -89.660282 31.369277
6
64.806351 -6.181638 75.907340
58.890477 -4.102874 80.716034
53.932630 5.734671 84.014195
61.370096 12.822193 77.905729
74.306393 4.668945 66.758977
74.264625 3.702056 66.865987
6
76.284222 38.678249 -51.814193
81.617342 46.529367 -34.258246
69.984095 62.809034 -34.018403
66.836167 56.305873 -48.606332
67.078739 55.646674 -49.029484
75.763662 39.214061 -52.173988
5
21.861841 96.744469 12.750202
34.480038 93.214687 11.052113
38.433202 91.028482 15.385206
29.093038 90.032768 32.368131
26.861120 90.143840 33.949497
5
-80.067238 -59.878247 1.957789
-90.959896 -40.317482 10.039820
-88.374499 -39.966331 24.344206
-86.258187 -43.220886 26.296010
-78.861757 -59.965494 13.600100
8
-74.328551 32.265680 -58.601983
-71.804690 40.927554 -56.294065
-76.315074 44.006483 -47.322711
-80.044553 41.785852 -42.974553
-85.825963 30.125311 -41.549605
-85.860201 29.019787 -42.259648
-84.057372 25.630291 -47.722598
-80.162178 25.741303 -53.957488
6
-2.501843 -99.422167 -10.439035
-8.823782 -99.456304 -5.530329
-11.121227 -98.965474 9.063847
0.736055 -98.949862 14.435478
12.527504 -99.120063 4.274903
10.692584 -98.996763 -9.236321
6
-6.654302 7.545283 99.492658
-4.551706 12.457096 99.116612
-3.696620 13.105628 99.068550
14.572299 13.298603 98.034664
14.042487 8.474710 98.645770
6.050740 1.290606 99.808431
7
-97.171456 14.961468 18.271906
-97.941209 20.187099 -0.025226
-95.829178 28.525066 -1.757648
-90.915441 36.703684 19.677960
-90.854509 36.425094 20.461446
-93.427433 25.127360 25.296847
-96.102491 17.746264 21.198616
7
46.282050 1.283599 -88.635908
54.489309 7.919482 -83.475727
55.974581 10.900643 -82.146347
53.733283 13.628589 -83.228576
38.669120 18.898383 -90.263782
31.202108 15.529154 -93.729792
29.524019 4.599398 -95.431535
6
-73.515912 2.403031 67.746853
-86.438141 5.450095 49.987441
-88.332346 21.906809 41.442591
-83.385472 27.927581 47.612113
-72.387303 19.305733 66.237203
-70.958746 8.636791 69.930409
6
1.727359 -84.828233 -52.926243
-20.792235 -83.682036 -50.645827
-23.601449 -87.745890 -41.756801
-13.192422 -90.781512 -39.808003
3.852397 -88.726667 -45.964526
5.839969 -87.802572 -47.503717
5
-83.385472 27.927581 47.612113
-76.857373 39.519314 50.310716
-69.818399 43.376194 56.955219
-70.331969 26.887237 65.806464
-72.387303 19.305733 66.237203
5
46.560253 19.391909 86.348692
45.093433 19.819406 87.027430
41.086249 31.080823 85.708241
49.242254 33.771443 80.216520
56.231755 23.063540 79.410723
6
44.973594 72.884304 51.626098
47.087068 72.344740 50.488084
61.492079 45.874344 64.142566
61.240882 44.163391 65.567898
52.996883 46.136326 71.153143
44.739320 51.034176 73.443217
6
4.851930 98.758968 14.937372
-0.188754 99.099148 13.391163
-7.890077 99.650076 -2.758458
10.263077 99.412121 -3.449544
15.961272 98.715679 0.672659
15.062472 98.648494 6.449535
9
71.230343 64.240723 28.273093
72.533750 64.970012 22.754181
74.642056 63.490399 19.938222
81.333232 56.120595 15.342237
83.091284 53.321819 15.894093
83.244315 52.966203 16.277758
82.671240 44.130837 34.898929
79.495097 45.544682 40.077569
78.090667 47.691596 40.340543
7
-11.121227 -98.965474 9.063847
-16.840929 -97.733248 12.829471
-15.552194 -96.889944 19.247545
-7.228789 -95.211731 29.706411
5.656606 -96.160365 26.854924
5.766975 -96.181979 26.753858
0.736055 -98.949862 14.435478
7
22.197631 94.049772 -25.727527
24.411753 85.113712 -46.472813
24.943934 84.715292 -46.916089
27.281980 84.272644 -46.409212
38.020609 84.410236 -37.806683
31.100482 92.529963 -21.701750
30.258159 92.900310 -21.306718
6
-93.405372 -7.001289 -35.020257
-89.140002 0.506639 -45.318908
-87.665139 10.609408 -46.928285
-94.488095 11.685569 -30.585085
-97.361953 7.030001 -21.707816
-96.940133 -2.196178 -24.449690
7
54.275694 71.819425 43.544451
52.831860 78.774995 31.674828
56.211745 78.601051 25.731584
65.788357 72.634606 19.902414
72.533750 64.970012 22.754181
71.230343 64.240723 28.273093
59.703779 68.254801 42.151404
4
-41.952918 72.571035 -54.528869
-30.162382 89.326736 -33.331141
-30.641169 89.385342 -32.731932
-48.402585 80.759094 -33.692112
6
57.303049 -81.482514 8.772711
59.638770 -75.389067 27.562759
75.401002 -59.075485 28.718913
76.204007 -58.788523 27.145145
67.753165 -73.533048 -1.549007
64.369369 -76.520534 -1.091867
5
-76.315074 44.006483 -47.322711
-71.804690 40.927554 -56.294065
-64.241586 47.152376 -60.412516
-57.202815 56.973103 -59.007657
-70.761518 54.848236 -44.547486
6
45.434009 -29.049128 -84.213413
49.216151 -27.602708 -82.558228
53.389003 -20.470109 -82.040167
53.365037 -17.886523 -82.657396
40.994649 -10.697355 -90.581485
37.934438 -24.085795 -89.335619
5
20.360608 -13.106122 97.024096
11.122728 -32.444833 93.934114
8.059817 -31.241943 94.651890
4.402598 -22.291637 97.384291
11.279699 -12.876986 98.523863
4
-21.449729 96.261126 -16.544027
-21.771635 97.592918 -1.272102
-32.438363 94.591381 0.472595
-29.555248 93.553533 -19.344864
7
-98.730395 -2.750060 15.644367
-97.268566 -13.408299 18.948443
-97.253666 -15.032414 17.769381
-97.607091 -17.990430 12.214756
-98.668632 -16.214544 -1.260772
-98.857841 -14.833120 -2.665687
-99.981786 -1.899243 0.187983
6
-28.471155 28.160450 91.631776
-33.647572 15.576828 92.871973
-42.696244 15.852856 89.026500
-43.280147 24.396388 86.785051
-33.615751 33.480847 88.028485
-29.151685 30.421735 90.690117
6
-51.327003 85.275951 9.672168
-64.135263 76.411382 6.925948
-66.528705 74.652744 0.948285
-61.564286 78.386648 -8.085304
-56.834118 82.075661 -5.785230
-51.624777 85.587967 3.095512
7
0.311296 -8.733994 99.617370
-13.587811 -22.296136 96.531102
-14.745660 -22.788886 96.245687
-17.275893 -19.562310 96.534240
-17.771538 -7.058840 98.154700
-11.535534 3.181520 99.281465
-11.160371 3.283319 99.321025
6
71.577123 -15.527010 -68.085442
75.279627 -5.550765 -65.590905
54.768516 -14.976937 -82.317076
53.365037 -17.886523 -82.657396
53.389003 -20.470109 -82.040167
65.053153 -23.515447 -72.215725
7
-38.347268 72.631825 -57.044763
-18.480115 82.109828 -54.004274
-18.040677 87.076450 -45.740855
-23.682866 89.703095 -37.315903
-30.162382 89.326736 -33.331141
-41.952918 72.571035 -54.528869
-41.880755 72.053820 -55.265263
5
47.822357 -48.197693 73.416650
46.096603 -46.048003 75.859638
47.537159 -33.060634 81.530442
59.739960 -31.221906 73.866973
56.776204 -43.385026 69.958574
7
-90.915441 36.703684 19.677960
-88.325808 46.824541 2.452346
-84.271937 53.834800 -0.234319
-79.121309 60.122927 11.182667
-82.216331 51.745455 23.725150
-87.073267 42.732874 24.334085
-90.854509 36.425094 20.461446
6
-64.135263 76.411382 6.925948
-51.327003 85.275951 9.672168
-48.086718 86.537500 14.104207
-48.268824 85.710614 17.994757
-66.397286 70.912772 23.722965
-66.536188 70.826711 23.590520
6
50.663325 -45.439159 -73.270119
55.098991 -36.350005 -75.118429
49.216151 -27.602708 -82.558228
45.434009 -29.049128 -84.213413
37.316179 -41.856637 -82.798096
37.769562 -43.986683 -81.477800
5
-26.065254 -95.839390 -11.636750
-41.237377 -87.473147 -25.454414
-50.867080 -85.111221 -12.985386
-41.199758 -91.069807 -2.978285
-28.868351 -95.526716 -6.423776
7
-83.385472 27.927581 47.612113
-88.332346 21.906809 41.442591
-93.427433 25.127360 25.296847
-90.854509 36.425094 20.461446
-87.073267 42.732874 24.334085
-79.841771 45.722228 39.176134
-76.857373 39.519314 50.310716
6
72.781426 -29.931713 -61.700539
71.577123 -15.527010 -68.085442
65.053153 -23.515447 -72.215725
63.227212 -33.474174 -69.869875
65.239838 -35.842527 -66.776319
66.553603 -36.047795 -65.354223
7
46.266516 87.596628 13.646985
49.395699 86.308547 10.530889
51.659033 84.969953 10.557057
53.778198 83.412251 12.259760
56.211745 78.601051 25.731584
52.831860 78.774995 31.674828
46.596502 83.830969 28.304324
6
91.405374 0.398985 -40.557347
90.332693 -8.581916 -42.028030
92.356666 -21.463796 -31.773443
93.358453 -19.536950 -30.041751
94.881149 0.798229 -31.574206
94.258726 2.220937 -33.322065
5
-85.860201 29.019787 -42.259648
-94.488095 11.685569 -30.585085
-87.665139 10.609408 -46.928285
-87.332282 11.014722 -47.452592
-84.057372 25.630291 -47.722598
6
83.847917 45.783710 -29.552982
91.440680 33.716538 -22.400830
91.475837 33.748112 -22.208923
87.756352 46.404622 -12.059593
81.287500 56.354742 -14.713446
80.959316 55.985273 -17.641948
7
86.254019 6.786780 -50.141637
76.490618 7.601305 -63.964096
75.462491 6.195788 -65.322467
76.149518 -3.806429 -64.705193
80.887568 -11.469057 -57.668554
90.332693 -8.581916 -42.028030
91.405374 0.398985 -40.557347
8
75.462491 6.195788 -65.322467
76.490618 7.601305 -63.964096
79.052059 31.938836 -52.255935
76.284222 38.678249 -51.814193
75.763662 39.214061 -52.173988
60.228833 41.510329 -68.186364
59.951795 41.389236 -68.503382
65.726621 11.052379 -74.551031
7
-6.153997 -40.207041 -91.353830
-6.651499 -31.632858 -94.631495
-26.372816 -28.933582 -92.018055
-29.486034 -30.356634 -90.603800
-33.824968 -35.980057 -86.955777
-31.358847 -41.441946 -85.435285
-20.084252 -51.181132 -83.529124
5
68.990503 -26.217359 67.475629
68.288254 -26.802181 67.958498
62.953904 -27.993142 72.478894
57.980907 -19.206498 79.179069
64.790726 -6.349213 75.906846
8
-41.751341 -22.753998 87.972047
-35.852473 -14.852373 92.162938
-17.275893 -19.562310 96.534240
-14.745660 -22.788886 96.245687
-15.309130 -37.012579 91.628050
-15.565492 -37.713581 91.298419
-26.755538 -44.701928 85.357359
-38.092406 -33.793820 86.063618
6
83.091284 53.321819 15.894093
81.333232 56.120595 15.342237
80.709551 58.840243 4.877939
83.230656 55.244069 -4.555286
90.590120 42.334842 1.091490
90.768054 41.938969 1.511062
6
-16.840929 -97.733248 12.829471
-27.769601 -95.293924 12.162127
-32.436296 -93.444098 14.699907
-31.257036 -89.660282 31.369277
-24.498590 -87.595914 41.554482
-15.552194 -96.889944 19.247545
5
-59.906117 -58.645847 -54.515335
-52.305057 -49.951769 -69.057960
-66.292518 -34.123251 -66.640121
-71.009202 -43.568895 -55.312246
-62.353106 -57.038363 -53.466954
5
66.553603 -36.047795 -65.354223
65.239838 -35.842527 -66.776319
57.276485 -49.724079 -65.168399
63.166635 -49.698767 -59.497974
70.127215 -42.836480 -56.984293
6
45.119336 -83.965469 30.233185
56.284029 -74.274342 36.268859
59.638770 -75.389067 27.562759
57.303049 -81.482514 8.772711
52.599022 -84.313736 11.159606
44.768059 -84.476316 29.318475
5
62.953904 -27.993142 72.478894
68.288254 -26.802181 67.958498
64.533482 -45.881333 61.076452
56.776204 -43.385026 69.958574
59.739960 -31.221906 73.866973
5
85.621783 -26.462181 44.369621
85.329802 -16.659815 49.409265
94.088909 -7.524529 33.025121
94.366377 -9.194588 31.787519
88.224773 -28.005760 37.842658
6
31.063491 -89.991677 30.603229
30.293819 -90.421718 30.103113
16.581091 -86.255229 47.802749
15.969389 -85.057649 50.101647
35.955908 -75.340288 55.054643
37.326343 -75.598493 53.773710
6
-94.697354 -25.053178 -20.118383
-97.439582 -9.563206 -20.348782
-98.857841 -14.833120 -2.665687
-98.668632 -16.214544 -1.260772
-95.810807 -27.911459 -6.421817
-94.509829 -26.576595 -19.015173
7
-31.257036 -89.660282 31.369277
-48.293258 -82.636594 28.964712
-50.298869 -77.453675 38.352992
-36.788766 -80.384537 46.743053
-26.595431 -85.814325 43.915654
-24.311917 -87.432834 42.005121
-24.498590 -87.595914 41.554482
5
-40.583172 29.287565 -86.575081
-47.146912 45.842462 -75.336827
-59.656681 32.493680 -73.384203
-59.599530 30.636518 -74.224658
-51.945593 23.707450 -82.095141
5
-59.207396 -33.111664 73.471777
-58.753221 -51.010913 62.816763
-62.089115 -51.181111 59.375379
-70.472727 -35.072077 61.672880
-61.977396 -29.394652 72.765080
5
89.940360 -43.643557 -2.443671
93.103611 -33.728542 13.932085
97.532635 -21.911010 -2.700496
97.274829 -22.849617 -3.937343
90.135258 -43.194237 -3.145341
5
47.087068 72.344740 50.488084
54.275694 71.819425 43.544451
59.703779 68.254801 42.151404
67.317164 55.422781 48.956253
61.492079 45.874344 64.142566
4
-98.730395 -2.750060 15.644367
-99.981786 -1.899243 0.187983
-99.634149 5.101891 -6.856164
-97.438139 13.802419 17.756753
8
-25.945360 59.500296 -76.069396
-25.260205 59.343307 -76.421816
-5.583350 61.182205 -78.902243
0.640924 64.350336 -76.541645
1.804604 69.521697 -71.857338
-0.826191 72.731223 -68.625700
-11.746655 77.087512 -62.606162
-26.444407 61.749350 -74.079087
6
52.713983 -51.782656 -67.377982
50.663325 -45.439159 -73.270119
37.769562 -43.986683 -81.477800
32.831650 -52.793031 -78.326104
37.111719 -61.983419 -69.143156
47.872382 -59.807552 -64.275125
6
-4.552391 -85.741619 51.260613
-17.490534 -88.341262 43.473010
-24.311917 -87.432834 42.005121
-26.595431 -85.814325 43.915654
-22.456154 -67.778753 70.012583
-9.433235 -74.785537 65.712537
5
-72.949661 60.722245 -31.482629
-78.331762 59.748485 -17.153820
-81.151138 56.824785 -13.617512
-88.573083 40.600359 -22.503775
-80.694420 48.932966 -33.075299
6
-33.615751 33.480847 88.028485
-36.375773 46.657591 80.621785
-35.258682 48.451855 80.057748
-22.527203 52.707553 81.941680
-16.776929 37.752062 91.067648
-29.151685 30.421735 90.690117
7
64.533482 -45.881333 61.076452
68.288254 -26.802181 67.958498
68.990503 -26.217359 67.475629
74.192483 -24.239236 62.513477
77.639684 -35.801446 51.868448
76.329067 -41.003166 49.926085
66.393633 -50.480719 55.168673
5
-40.797040 -84.928869 -33.506548
-35.467117 -73.248359 -58.109909
-39.301802 -69.153968 -60.606081
-50.522929 -69.162294 -51.614056
-48.523208 -78.973639 -37.532155
4
-44.563710 88.711970 -12.010918
-43.346297 89.846398 -6.980212
-51.624777 85.587967 3.095512
-56.834118 82.075661 -5.785230
7
-8.823782 -99.456304 -5.530329
-25.472950 -95.984772 -11.749571
-26.065254 -95.839390 -11.636750
-28.868351 -95.526716 -6.423776
-27.769601 -95.293924 12.162127
-16.840929 -97.733248 12.829471
-11.121227 -98.965474 9.063847
9
26.831356 90.135531 33.995064
26.861120 90.143840 33.949497
29.093038 90.032768 32.368131
46.596502 83.830969 28.304324
52.831860 78.774995 31.674828
54.275694 71.819425 43.544451
47.087068 72.344740 50.488084
44.973594 72.884304 51.626098
44.602432 73.064921 51.692750
5
-99.634149 5.101891 -6.856164
-98.017224 8.543770 -17.878137
-97.941209 20.187099 -0.025226
-97.171456 14.961468 18.271906
-97.438139 13.802419 17.756753
7
-51.945593 23.707450 -82.095141
-59.599530 30.636518 -74.224658
-68.693313 18.575133 -70.258047
-70.263328 12.139953 -70.111955
-66.180001 2.352366 -74.931127
-64.985139 1.491388 -75.991496
-54.506620 10.860290 -83.132921
7
50.842987 -64.183250 -57.406455
62.892314 -59.749432 -49.744971
63.719673 -59.033379 -49.546577
63.166635 -49.698767 -59.497974
57.276485 -49.724079 -65.168399
52.713983 -51.782656 -67.377982
47.872382 -59.807552 -64.275125
5
-13.088415 95.053543 -28.169440
-8.898344 95.642929 -27.807365
-2.794787 98.237547 -18.481709
-8.050669 98.845030 -12.839268
-21.366345 96.276439 -16.562806
4
-30.533950 87.924925 36.563443
-46.131341 83.659695 29.545809
-47.882514 85.738788 18.871276
-26.068639 93.212486 25.136795
6
47.872382 -59.807552 -64.275125
37.111719 -61.983419 -69.143156
27.079979 -70.679433 -65.353596
37.309526 -75.177030 -54.372910
47.912533 -70.725790 -51.983188
50.842987 -64.183250 -57.406455
7
-62.478934 71.928471 -30.375615
-64.148540 69.564554 -32.337866
-52.136968 64.092548 -56.337215
-41.880755 72.053820 -55.265263
-41.952918 72.571035 -54.528869
-48.402585 80.759094 -33.692112
-49.638093 80.473184 -32.559582
7
-7.327374 50.701798 -85.881530
3.248413 40.605015 -91.327326
6.466758 39.723826 -91.543425
9.087188 41.455128 -90.547752
4.653819 61.253915 -78.906907
0.640924 64.350336 -76.541645
-5.583350 61.182205 -78.902243
7
99.211881 -9.318562 8.376572
96.535547 -15.557351 20.948912
94.366377 -9.194588 31.787519
94.088909 -7.524529 33.025121
93.765165 1.399631 34.729452
95.616844 10.030077 27.510303
99.649638 0.040242 8.363497
7
-64.497612 -0.311624 -76.419637
-64.985139 1.491388 -75.991496
-66.180001 2.352366 -74.931127
-81.187729 -6.365270 -58.034782
-81.690320 -12.347982 -56.340207
-78.779198 -21.854196 -57.586735
-74.316228 -24.826357 -62.134936
6
-58.523007 -80.830169 6.445270
-63.315748 -77.017237 7.711118
-71.557064 -65.274179 24.877062
-70.692914 -65.297297 27.180414
-64.118090 -71.347130 28.256991
-52.696240 -83.716073 14.653512
5
22.197631 94.049772 -25.727527
30.258159 92.900310 -21.306718
26.376386 96.271463 -6.007638
22.442018 97.333414 -4.749986
13.122874 96.186555 -23.998682
6
-76.315074 44.006483 -47.322711
-70.761518 54.848236 -44.547486
-72.762538 60.861865 -31.645639
-72.949661 60.722245 -31.482629
-80.694420 48.932966 -33.075299
-80.044553 41.785852 -42.974553
6
18.754805 -25.491791 -94.860033
35.796823 -9.779227 -92.859863
26.557841 1.032861 -96.403394
20.811661 -0.847240 -97.806733
16.374583 -8.201781 -98.308717
15.980423 -23.935689 -95.769039
8
-32.342638 27.829993 -90.440286
-32.153017 26.809786 -90.815301
-14.450288 13.428815 -98.034974
-13.418884 13.940648 -98.110101
-7.986515 24.417742 -96.643621
-16.412718 36.230729 -91.749425
-19.275020 37.174918 -90.810236
-28.251840 32.974944 -90.080445
6
-55.469255 -22.032580 -80.235448
-42.919642 -36.331129 -82.691919
-33.824968 -35.980057 -86.955777
-29.486034 -30.356634 -90.603800
-38.621012 -21.381244 -89.728813
-55.283067 -20.475120 -80.774699
5
4.402598 -22.291637 97.384291
8.059817 -31.241943 94.651890
-15.309130 -37.012579 91.628050
-14.745660 -22.788886 96.245687
-13.587811 -22.296136 96.531102
7
80.959316 55.985273 -17.641948
81.287500 56.354742 -14.713446
81.034217 57.009462 -13.541670
68.698099 72.409601 -6.117254
68.381678 72.709493 -6.105390
59.653446 75.799531 -26.379869
68.669025 65.854752 -30.785007
5
-82.650441 7.548946 -55.784568
-87.332282 11.014722 -47.452592
-87.665139 10.609408 -46.928285
-89.140002 0.506639 -45.318908
-82.079630 -4.025275 -56.980097
4
-79.913681 -60.114183 0.297558
-61.531353 -77.781410 -12.804097
-69.167869 -69.183102 -20.724487
-81.401370 -57.763810 -6.095837
6
-8.753799 33.165319 93.933129
-1.405198 34.305472 93.921031
0.957933 33.501901 94.216267
-3.696620 13.105628 99.068550
-4.551706 12.457096 99.116612
-16.124015 22.901640 95.997557
6
-48.523208 -78.973639 -37.532155
-50.522929 -69.162294 -51.614056
-57.272368 -63.603244 -51.715600
-65.014519 -66.875374 -36.066559
-64.521229 -67.901191 -35.020555
-58.265879 -73.787234 -34.066575
6
56.284029 -74.274342 36.268859
56.283364 -74.206079 36.409352
70.146486 -60.749043 37.269616
75.101997 -59.013847 29.615130
75.401002 -59.075485 28.718913
59.638770 -75.389067 27.562759
6
-32.342638 27.829993 -90.440286
-28.251840 32.974944 -90.080445
-34.741884 52.537530 -77.671162
-45.961815 49.067932 -74.026006
-47.146912 45.842462 -75.336827
-40.583172 29.287565 -86.575081
7
63.040568 -56.448122 53.286924
46.444876 -55.388732 69.101098
47.822357 -48.197693 73.416650
56.776204 -43.385026 69.958574
64.533482 -45.881333 61.076452
66.393633 -50.480719 55.168673
63.420212 -56.147312 53.154078
5
-14.450288 13.428815 -98.034974
-32.153017 26.809786 -90.815301
-34.700036 18.691425 -91.905050
-22.697438 -2.390654 -97.360727
-20.784802 -1.951250 -97.796649
5
47.040383 86.980032 -14.888805
31.100482 92.529963 -21.701750
38.020609 84.410236 -37.806683
52.912466 78.204967 -32.928013
56.369895 77.717517 -27.971816
5
1.151272 73.422010 67.881389
8.701579 80.009190 59.353281
25.209804 73.254317 63.231881
18.306373 63.271672 75.243420
11.310291 62.416244 77.306467
5
-80.162178 25.741303 -53.957488
-84.057372 25.630291 -47.722598
-87.332282 11.014722 -47.452592
-82.650441 7.548946 -55.784568
-77.765946 14.334214 -61.212645
5
65.139172 31.748803 68.912276
65.536128 38.307129 65.096696
66.903777 37.812898 63.984915
82.069275 14.192142 55.346338
74.775135 5.743172 66.149037
6
-35.370254 93.291113 6.761161
-48.086718 86.537500 14.104207
-51.327003 85.275951 9.672168
-51.624777 85.587967 3.095512
-43.346297 89.846398 -6.980212
-34.252445 93.931964 1.885764
6
-70.263328 12.139953 -70.111955
-68.693313 18.575133 -70.258047
-73.214108 31.470175 -60.409623
-74.328551 32.265680 -58.601983
-80.162178 25.741303 -53.957488
-77.765946 14.334214 -61.212645
4
-90.915441 36.703684 19.677960
-95.829178 28.525066 -1.757648
-92.890542 34.517581 -13.412075
-88.325808 46.824541 2.452346
8
-37.696505 -4.563754 92.510246
-40.619453 -2.903997 91.332507
-44.468958 13.227089 88.586432
-43.977419 14.456620 88.639679
-42.696244 15.852856 89.026500
-33.647572 15.576828 92.871973
-27.793177 10.352555 95.500596
-31.819227 -0.226219 94.802350
5
-39.937157 -90.838850 12.382525
-32.436296 -93.444098 14.699907
-27.769601 -95.293924 12.162127
-28.868351 -95.526716 -6.423776
-41.199758 -91.069807 -2.978285
5
-68.133718 58.426410 44.092529
-63.241490 69.396498 34.418600
-58.227807 69.539149 42.116852
-60.133894 55.323841 57.647094
-61.143114 54.370640 57.492201
7
-25.360698 -60.415131 75.543676
-28.659055 -53.256416 79.639266
-28.670288 -51.910027 80.519337
-26.755538 -44.701928 85.357359
-15.565492 -37.713581 91.298419
-1.820558 -46.368685 88.581209
-1.341547 -59.632312 80.263240
4
-54.081330 6.301808 83.877870
-44.468958 13.227089 88.586432
-40.619453 -2.903997 91.332507
-51.204140 -4.534440 85.776308
6
0.736055 -98.949862 14.435478
5.766975 -96.181979 26.753858
13.054185 -95.336573 27.212609
25.223628 -94.249447 21.927387
27.256781 -94.905669 15.810816
12.527504 -99.120063 4.274903
5
90.956347 -36.859554 -19.191567
90.294574 -38.747898 -18.587368
90.135258 -43.194237 -3.145341
97.274829 -22.849617 -3.937343
96.742597 -23.924354 -8.276185
6
10.306726 -78.345404 61.284330
24.897577 -64.338216 72.392711
33.096354 -67.535495 65.905905
35.955908 -75.340288 55.054643
15.969389 -85.057649 50.101647
9.671373 -84.839462 52.045463
8
-36.375773 46.657591 80.621785
-50.603134 37.848162 77.503803
-55.261028 38.442681 73.948490
-63.140778 50.400314 58.932593
-61.143114 54.370640 57.492201
-60.133894 55.323841 57.647094
-46.324953 63.667184 61.648101
-35.258682 48.451855 80.057748
6
28.425709 52.594307 -80.161200
28.722879 52.605974 -80.047534
42.812904 63.539067 -64.263848
42.935399 64.364101 -63.354668
20.374792 72.229651 -66.088920
25.062211 55.820174 -79.094841
4
25.223628 -94.249447 21.927387
13.054185 -95.336573 27.212609
16.581091 -86.255229 47.802749
30.293819 -90.421718 30.103113
7
11.310291 62.416244 77.306467
8.921580 58.985305 80.256708
-6.756610 54.552023 83.536968
-18.380562 56.058421 80.744092
-18.053268 65.212598 73.630134
-7.929151 74.084902 66.697495
1.151272 73.422010 67.881389
6
-27.007186 -88.406495 -38.143198
-39.884370 -85.722862 -32.570356
-41.237377 -87.473147 -25.454414
-26.065254 -95.839390 -11.636750
-25.472950 -95.984772 -11.749571
-17.116190 -95.113205 -25.700471
7
21.646103 42.187755 -88.043396
25.687798 36.003250 -89.687808
35.564784 31.792362 -87.888519
47.531929 38.703782 -79.010967
47.679115 39.437364 -78.558236
28.722879 52.605974 -80.047534
28.425709 52.594307 -80.161200
