400
5
2.441542 -61.875949 -78.520098
1.877984 -62.863728 -77.747186
6.497767 -73.154460 -67.869021
22.402541 -71.329252 -66.409818
21.342562 -58.821944 -78.003038
6
-7.940261 -99.553421 -5.105737
-17.004289 -97.976030 -10.561808
-28.098186 -95.738998 -6.673548
-27.040260 -96.039743 6.722513
-9.964115 -99.501510 0.407386
-8.244395 -99.634579 -2.231746
5
48.747004 -40.354178 77.429128
51.710882 -39.329796 76.020733
60.932145 -50.584143 61.061593
45.752541 -59.853753 65.758903
44.881812 -59.733745 66.464296
5
-31.699616 79.361044 51.932254
-26.479591 79.351517 54.792043
-9.420739 66.508168 74.080452
-19.301741 61.586282 76.384375
-41.494882 62.927097 65.714194
5
55.226520 83.274587 -3.921056
43.662909 88.720701 -14.905960
51.034981 82.006589 -25.891121
60.715014 76.320635 -22.109904
58.134697 80.990872 -7.799722
7
-84.473736 20.868889 49.281613
-92.831812 5.110166 36.825819
-92.896400 5.131977 36.659536
-93.007460 5.358601 36.344157
-92.955137 18.681609 31.785845
-91.386215 21.672480 34.334580
-83.902028 23.029961 49.295747
4
73.956677 -54.640507 39.304260
77.393510 -57.083461 27.417569
60.752991 -70.964127 35.681463
57.911086 -71.292583 39.543315
5
62.780699 -77.562684 -6.527925
64.673010 -73.876874 -18.963365
51.255340 -80.148875 -30.806621
50.109951 -85.364079 -14.211500
59.843830 -79.842180 -6.628908
6
-6.633045 -86.143884 50.351107
-16.751845 -87.847897 44.745086
-33.052239 -83.643023 43.719494
-38.643956 -80.064496 45.785600
-38.295441 -78.665758 48.426829
-12.677955 -78.298902 60.897877
8
93.960754 -8.660940 33.111401
87.856829 -22.157289 42.311134
77.155046 -7.092463 63.220217
76.370348 -2.941704 64.489660
76.476400 -2.195760 64.393625
77.305233 0.218921 63.433847
85.502249 12.296168 50.380250
86.507310 12.592170 48.558444
5
87.986472 -32.949374 -34.244992
82.433211 -29.288859 -48.445108
77.759974 -32.947012 -53.552598
75.351700 -43.826695 -49.003491
86.696470 -35.974132 -34.490346
5
-45.086230 -85.914929 -24.204479
-57.738916 -78.852972 -21.176080
-57.133241 -82.051862 1.812408
-50.392220 -86.193081 5.601509
-39.659435 -90.094939 -17.607704
5
-57.738916 -78.852972 -21.176080
-57.938885 -78.685811 -21.251558
-66.882736 -72.420734 -16.790978
-70.850883 -70.538272 2.122382
-57.133241 -82.051862 1.812408
4
-2.841582 65.980125 75.090269
1.928570 64.840631 76.105014
13.269139 46.196776 87.691435
-8.042364 47.327344 87.723674
6
-82.422440 27.623426 49.431646
-83.478250 23.743021 49.675455
-83.902028 23.029961 49.295747
-91.386215 21.672480 34.334580
-90.471373 29.578654 30.659972
-85.327735 37.096587 36.647250
7
9.183325 -4.376284 99.481228
7.896722 -18.840513 97.891148
-10.510180 -22.797328 96.797820
-12.969778 -19.015803 97.314871
-13.019888 -17.753839 97.546316
7.832580 -1.960173 99.673509
8.494726 -2.476366 99.607767
8
64.673010 -73.876874 -18.963365
69.271945 -68.731764 -21.848163
63.528915 -64.657562 -42.231229
60.691789 -66.129879 -44.083397
50.026004 -73.915079 -45.099447
48.072863 -76.336916 -43.147133
49.862630 -80.220644 -32.838489
51.255340 -80.148875 -30.806621
7
-33.182130 -9.542373 -93.850356
-29.151021 -11.568161 -94.954703
-14.995174 -1.064630 -98.863600
-13.718486 1.795926 -99.038264
-26.639772 11.770049 -95.664980
-38.140757 7.645416 -92.123994
-35.533448 -7.166107 -93.198825
5
73.181295 2.052490 -68.119640
69.631592 -0.903443 -71.767856
77.344426 -19.880513 -60.188080
81.919693 -14.374080 -55.520715
79.993581 -0.279234 -60.007908
6
59.810919 73.705518 31.466659
60.167734 73.872306 30.376408
71.736139 65.632932 23.371876
75.381739 58.557618 29.809374
74.365614 58.261541 32.792504
64.035822 65.865890 39.510733
5
-7.340610 -82.260827 -56.385032
12.827715 -86.232413 -48.983882
16.659631 -83.137198 -53.015686
5.484144 -75.578839 -65.251538
-7.880697 -81.410792 -57.534143
7
-84.897591 -31.570174 -42.375973
-89.555884 -18.330752 -40.542906
-92.457222 -17.428888 -33.880612
-94.106965 -20.991786 -26.518371
-92.076462 -31.114473 -23.533268
-84.644706 -44.272450 -29.584185
-82.160125 -44.905492 -35.117099
6
6.196211 66.054277 74.822720
26.896989 58.667495 76.385057
26.868733 50.619803 81.949416
13.439700 46.041001 87.747368
13.269139 46.196776 87.691435
1.928570 64.840631 76.105014
5
-7.273855 98.924884 -12.686939
5.257496 96.750365 -24.733089
23.333125 96.173021 -14.363681
18.375755 98.234197 -3.517686
10.686384 99.420814 -1.141490
7
-56.650017 1.696695 82.388693
-54.105629 1.490473 84.085429
-44.170707 -5.222420 89.563804
-50.903362 -13.802573 84.960795
-58.617024 -11.557546 80.190196
-59.702745 -0.427638 80.220941
-58.877379 0.752117 80.826286
7
-85.159533 46.866991 -23.480611
-83.081913 42.450218 -35.991315
-78.526846 43.393646 -44.164760
-74.355123 50.497533 -43.832806
-74.203738 50.943111 -43.572982
-76.481320 59.369749 -25.016807
-79.428194 56.922378 -21.236874
6
13.163531 -42.622430 -89.498882
29.382878 -31.476930 -90.254359
24.836865 -25.301933 -93.503702
14.332348 -26.271294 -95.416995
11.566614 -39.928139 -90.950300
12.395728 -42.460981 -89.685066
8
-97.687925 -17.562093 12.191892
-96.334641 -11.201814 24.375321
-95.176893 -12.860572 27.856142
-94.389645 -14.788590 29.527826
-92.443444 -22.935300 30.466074
-90.943785 -30.705645 28.042669
-92.367937 -31.501051 21.813940
-95.637629 -27.097535 10.916389
4
63.250475 37.039419 -68.025428
59.320974 45.673887 -66.294178
40.562313 49.696022 -76.713781
44.987100 36.319447 -81.590800
7
47.829861 -85.027826 21.967550
38.415839 -91.123929 14.854392
21.858710 -91.246825 34.586323
21.160588 -90.707043 36.393156
22.674669 -87.385185 43.008008
29.214014 -82.659950 48.102745
49.406485 -76.553582 41.213449
5
-69.575416 36.031240 -62.137036
-70.472145 19.990615 -68.073873
-68.754513 18.318758 -70.265497
-63.486647 24.213717 -73.369896
-62.083382 41.201047 -66.694283
7
-99.343297 7.370181 -8.751559
-99.247780 8.925714 -8.379126
-96.862832 19.657335 15.204637
-96.767993 17.877784 17.785961
-97.227148 5.324284 22.771335
-98.029081 -2.090657 19.645061
-99.808073 -0.972172 -6.115830
6
-55.999677 -58.700949 -58.465672
-49.460877 -59.287234 -63.550338
-50.994326 -36.714989 -77.791955
-57.521978 -34.001315 -74.398472
-70.929562 -35.297431 -61.017117
-69.841794 -41.880749 -58.035564
4
33.478441 -84.112074 -42.477676
43.174206 -78.457221 -44.502274
26.285328 -75.224926 -60.417646
16.869999 -83.066046 -53.060674
6
24.836865 -25.301933 -93.503702
26.253185 -20.790345 -94.225962
17.241152 -6.389824 -98.295030
11.148647 -4.956439 -99.252916
2.860514 -18.658887 -98.202156
14.332348 -26.271294 -95.416995
6
-69.884884 4.682926 -71.373477
-67.572766 11.070879 -72.879057
-68.754513 18.318758 -70.265497
-70.472145 19.990615 -68.073873
-78.408990 16.747569 -59.762439
-80.815534 10.363472 -57.977995
6
-95.115386 -30.762847 2.590500
-89.067190 -44.823725 7.607190
-87.227926 -48.819625 2.816587
-87.299519 -48.090265 -8.131451
-93.747698 -33.810494 -8.259518
-95.475642 -29.666082 -2.079758
6
-79.428194 56.922378 -21.236874
-76.481320 59.369749 -25.016807
-70.923851 64.940779 -27.431780
-64.257452 75.682001 -11.967231
-68.252323 73.009874 -3.343449
-79.041938 61.129553 -3.943318
7
-38.643956 -80.064496 45.785600
-33.052239 -83.643023 43.719494
-28.279435 -90.218795 32.570579
-35.716245 -92.297420 14.336529
-45.623615 -87.775222 14.628604
-51.072218 -81.272010 28.044410
-49.327567 -79.652830 34.960231
5
72.114982 57.019245 -39.347619
72.190372 60.464877 -33.653364
61.764354 71.077789 -33.661737
60.367470 70.867983 -36.517086
66.119779 59.501589 -45.691746
6
-93.781981 31.493986 -14.596878
-85.159533 46.866991 -23.480611
-79.428194 56.922378 -21.236874
-79.041938 61.129553 -3.943318
-79.447477 60.647303 -3.162745
-91.131299 41.161540 0.902256
4
4.475110 94.309225 -32.950621
-6.515375 91.338037 -40.185978
-6.847937 84.254256 -53.425894
22.848758 88.722915 -40.077157
8
-71.444938 -43.824099 54.544195
-71.430281 -44.052115 54.379464
-72.234751 -44.320065 53.083638
-84.731780 -33.622002 41.110661
-84.262505 -20.775628 49.681017
-83.092419 -18.685978 52.406909
-80.279720 -16.899331 57.180235
-80.129312 -16.886902 57.394477
6
-50.699329 50.797325 -69.636267
-39.583226 41.594591 -81.872207
-33.165380 41.629390 -84.658440
-30.706029 44.829116 -83.949331
-31.851668 59.853482 -73.505319
-44.091815 61.096774 -65.750255
6
84.655494 47.667305 -23.691251
82.830757 49.695889 -25.872462
77.405752 47.787247 -41.529852
77.813976 42.910678 -45.865661
86.426004 34.196745 -36.893475
87.581951 35.578833 -32.612092
8
-8.042364 47.327344 87.723674
13.269139 46.196776 87.691435
13.439700 46.041001 87.747368
13.363231 45.057871 88.267844
-10.955580 24.691605 96.282397
-13.368466 24.815162 95.945254
-18.568244 37.150373 90.967412
-18.843578 39.381716 89.966660
5
-68.766481 63.126387 35.864053
-76.004670 62.110860 19.118873
-65.316895 74.402505 14.070197
-59.967060 75.508158 26.504145
-65.818400 66.200898 35.852186
8
-32.617497 81.194140 48.410852
-31.699616 79.361044 51.932254
-41.494882 62.927097 65.714194
-41.656847 62.790463 65.742413
-42.620977 62.697028 65.211464
-54.632588 65.795440 51.828954
-55.817524 70.602243 43.585862
-41.574228 81.712376 39.933334
5
33.038121 85.423594 40.140904
30.679869 84.976914 42.868050
22.686825 88.415782 40.840635
25.716537 91.945559 29.743469
31.734147 90.255222 29.102213
6
-57.345169 -1.246432 -81.914455
-44.483705 -8.316497 -89.174188
-35.533448 -7.166107 -93.198825
-38.140757 7.645416 -92.123994
-40.780459 11.276115 -90.607965
-54.544361 5.836879 -83.611264
7
62.780699 -77.562684 -6.527925
67.288571 -73.924010 2.736611
76.206359 -64.692462 -2.734264
79.480679 -59.666046 -11.080823
76.792138 -60.790943 -20.184865
69.271945 -68.731764 -21.848163
64.673010 -73.876874 -18.963365
8
-6.013996 -86.305404 50.151860
-6.633045 -86.143884 50.351107
-12.677955 -78.298902 60.897877
-12.764867 -75.888471 63.859206
-7.907907 -73.163249 67.709704
2.248601 -71.222850 70.158744
7.529864 -76.463121 64.005409
-2.277562 -86.314934 50.443482
6
-49.796571 24.430357 83.207326
-47.847302 25.425428 84.048696
-43.767082 20.908385 87.448739
-42.811294 12.236861 89.540227
-54.105629 1.490473 84.085429
-56.650017 1.696695 82.388693
7
79.782149 60.280945 1.008112
84.453780 53.520827 1.755023
86.710092 49.303643 7.107097
85.837481 47.124621 20.277993
75.381739 58.557618 29.809374
71.736139 65.632932 23.371876
74.465521 66.254880 8.073233
6
51.255340 -80.148875 -30.806621
49.862630 -80.220644 -32.838489
37.327227 -89.855095 -23.081160
40.091653 -90.717345 -12.768034
42.933556 -89.587339 -11.437589
50.109951 -85.364079 -14.211500
8
69.890866 -58.477058 -41.178884
75.038152 -48.107245 -45.331763
75.101986 -44.325298 -48.938325
64.502510 -48.819497 -58.788459
63.339141 -50.157239 -58.927113
62.021553 -53.038720 -57.794646
60.691789 -66.129879 -44.083397
63.528915 -64.657562 -42.231229
6
52.745320 -44.210934 -72.548774
51.904377 -50.397668 -69.036300
63.339141 -50.157239 -58.927113
64.502510 -48.819497 -58.788459
61.637654 -30.059755 -72.781940
61.414011 -29.967499 -73.008686
4
52.305038 -38.713169 75.930715
57.392382 -17.502948 79.998508
59.103131 -16.552421 78.948320
69.599033 -29.717177 65.367148
6
92.450303 35.171769 -14.693131
96.988305 24.069289 -3.733354
92.177129 38.207796 6.598574
86.710092 49.303643 7.107097
84.453780 53.520827 1.755023
87.659696 46.491674 -12.421833
5
-44.170707 -5.222420 89.563804
-54.105629 1.490473 84.085429
-42.811294 12.236861 89.540227
-42.424974 11.667011 89.799791
-41.688602 -5.148907 90.749927
5
7.349353 37.031572 -92.599404
-6.868466 33.134518 -94.100626
-1.727544 26.790163 -96.329138
9.156989 22.029380 -97.112594
15.370707 26.691066 -95.138469
6
73.181295 2.052490 -68.119640
79.993581 -0.279234 -60.007908
85.969427 3.256195 -50.977003
85.970559 3.265588 -50.974493
81.172645 18.715541 -55.323867
74.967211 12.534112 -64.983177
5
-64.510994 68.573535 -33.704627
-62.750776 66.081512 -41.177347
-49.464218 73.753922 -45.974451
-48.898981 78.527163 -37.978603
-57.148065 76.650549 -29.305152
5
-68.766481 63.126387 35.864053
-69.823694 60.623742 38.071166
-83.307785 45.293716 31.753617
-76.420341 61.716836 18.734023
-76.004670 62.110860 19.118873
4
-58.738319 38.346567 71.269564
-58.306409 45.076071 67.590758
-44.810520 51.920097 72.775826
-47.852976 37.499455 79.396999
6
32.719098 -46.257106 82.399883
39.204196 -38.927392 83.352799
48.747004 -40.354178 77.429128
44.881812 -59.733745 66.464296
43.077572 -60.423556 67.032206
36.513813 -57.748572 73.019476
5
-29.363100 93.060966 21.850973
-22.906310 95.697506 17.812591
-16.138048 96.793843 19.248773
-14.493642 94.687192 28.710103
-25.334492 92.858057 27.120928
7
-60.914385 -66.342961 43.451689
-59.738768 -61.046194 52.006171
-55.800777 -61.909685 55.258160
-39.742595 -72.383728 56.401436
-38.295441 -78.665758 48.426829
-38.643956 -80.064496 45.785600
-49.327567 -79.652830 34.960231
6
5.111593 -98.365483 -17.265673
10.076687 -92.880565 -35.660357
-0.962513 -92.140016 -38.849594
-7.972466 -92.950426 -36.009138
-11.290491 -96.542716 -23.495295
3.089645 -98.533471 -16.781215
6
-38.140757 7.645416 -92.123994
-26.639772 11.770049 -95.664980
-21.707295 19.753258 -95.596036
-33.037347 26.221606 -90.669516
-41.291983 19.463969 -88.972614
-40.780459 11.276115 -90.607965
8
78.421178 62.026424 -1.685695
73.002751 66.085491 -17.415688
75.722616 59.631699 -26.648564
82.830757 49.695889 -25.872462
84.655494 47.667305 -23.691251
87.659696 46.491674 -12.421833
84.453780 53.520827 1.755023
79.782149 60.280945 1.008112
5
-84.262505 -20.775628 49.681017
-84.731780 -33.622002 41.110661
-88.616033 -34.589279 30.834728
-90.943785 -30.705645 28.042669
-92.443444 -22.935300 30.466074
6
49.874368 86.631986 2.728810
48.580097 86.626761 11.652399
37.375220 90.892387 18.484234
36.322782 91.569186 17.197084
37.897285 92.473817 3.519796
40.686651 91.339033 1.333258
5
-86.653302 -9.439207 -49.011291
-87.326018 -15.329942 -46.251049
-76.109606 -26.475957 -59.214454
-76.121005 -9.948276 -64.082950
-82.464446 -4.480945 -56.387377
4
36.513813 -57.748572 73.019476
43.077572 -60.423556 67.032206
32.500247 -71.044346 62.421429
27.809315 -62.481553 72.956819
6
17.241152 -6.389824 -98.295030
26.253185 -20.790345 -94.225962
39.258793 -8.965098 -91.533459
37.256115 -4.165409 -92.707234
37.177626 -4.076619 -92.742683
30.492719 -2.575306 -95.202741
7
16.869999 -83.066046 -53.060674
26.285328 -75.224926 -60.417646
26.381254 -73.460136 -62.511101
22.402541 -71.329252 -66.409818
6.497767 -73.154460 -67.869021
5.484144 -75.578839 -65.251538
16.659631 -83.137198 -53.015686
6
-63.635640 -22.336562 73.834838
-77.609903 -13.003940 61.705758
-77.129262 -4.109620 63.515258
-75.232490 -0.962485 65.872195
-59.702745 -0.427638 80.220941
-58.617024 -11.557546 80.190196
5
77.405752 47.787247 -41.529852
82.830757 49.695889 -25.872462
75.722616 59.631699 -26.648564
72.190372 60.464877 -33.653364
72.114982 57.019245 -39.347619
5
45.676915 -2.428502 88.925372
57.080230 -17.452920 80.232431
39.826485 -22.282934 88.979334
38.772243 -20.094857 89.960602
38.525229 -12.854089 91.381503
6
5.484144 -75.578839 -65.251538
6.497767 -73.154460 -67.869021
1.877984 -62.863728 -77.747186
-11.010776 -66.862625 -73.540140
-16.857800 -77.400549 -61.032529
-7.880697 -81.410792 -57.534143
5
-61.098721 -71.880159 -33.169099
-57.572379 -68.933815 -43.972154
-59.150436 -64.012970 -49.026171
-73.074488 -57.448608 -36.875150
-71.590238 -64.305610 -27.196073
7
86.507310 12.592170 48.558444
85.502249 12.296168 50.380250
70.945680 31.155868 63.214100
69.709396 36.357480 61.795904
78.061352 43.409648 44.966963
82.790055 38.975203 40.332868
88.106785 19.069067 43.284698
7
52.294101 59.542099 60.992339
61.644191 59.949766 51.049184
75.380394 48.506508 44.327361
78.061352 43.409648 44.966963
69.709396 36.357480 61.795904
65.375990 40.764463 63.751380
52.741588 57.641234 62.416448
6
31.637370 12.313423 94.060919
23.830711 18.475323 95.345475
21.404395 32.188622 92.226593
38.475689 33.778692 85.898902
41.238750 21.980948 88.409295
38.045763 13.309457 91.517093
5
-72.791214 -64.832496 -22.320095
-66.882736 -72.420734 -16.790978
-57.938885 -78.685811 -21.251558
-61.098721 -71.880159 -33.169099
-71.590238 -64.305610 -27.196073
7
96.480780 5.336540 -25.748408
89.000841 -5.795607 -45.224565
88.162229 -13.233999 -45.302126
88.685838 -15.667168 -43.466791
93.666053 -21.934105 -27.305045
95.985900 -16.641908 -22.577729
97.290923 1.982727 -23.033566
7
75.380394 48.506508 44.327361
74.365614 58.261541 32.792504
75.381739 58.557618 29.809374
85.837481 47.124621 20.277993
86.547590 43.233224 25.306186
82.790055 38.975203 40.332868
78.061352 43.409648 44.966963
7
84.539757 22.494553 -48.446100
87.638103 27.690098 -39.405855
86.426004 34.196745 -36.893475
77.813976 42.910678 -45.865661
77.265192 42.576138 -47.088879
75.208986 33.872998 -56.535196
81.571300 22.599492 -53.248343
5
59.383544 50.299105 -62.798047
65.339908 53.329775 -53.727382
64.765693 58.765021 -48.498220
47.267315 71.009045 -52.187321
46.567928 66.146407 -58.788442
6
-76.121005 -9.948276 -64.082950
-67.497297 -4.780276 -73.629232
-69.884884 4.682926 -71.373477
-80.815534 10.363472 -57.977995
-81.615614 9.701013 -56.962988
-82.464446 -4.480945 -56.387377
4
50.026004 -73.915079 -45.099447
60.691789 -66.129879 -44.083397
62.021553 -53.038720 -57.794646
45.728513 -63.789362 -61.966284
6
-55.448338 79.935039 -23.148895
-57.148065 76.650549 -29.305152
-48.898981 78.527163 -37.978603
-39.461195 84.853410 -35.252132
-38.378933 86.269753 -32.933072
-38.528211 86.662066 -31.705886
5
27.412016 -48.493078 83.048195
32.719098 -46.257106 82.399883
36.513813 -57.748572 73.019476
27.809315 -62.481553 72.956819
17.599100 -60.608960 77.568200
5
-12.418184 -56.309548 81.700817
-10.836124 -55.086878 82.752730
7.244493 -64.799083 75.819498
2.248601 -71.222850 70.158744
-7.907907 -73.163249 67.709704
6
-37.191173 -10.090449 92.276755
-32.920767 -12.017105 93.657954
-27.403592 -21.358501 93.770238
-30.576957 -27.150954 91.257193
-40.009046 -28.885685 86.976396
-43.751419 -26.949327 85.787803
5
11.148647 -4.956439 -99.252916
17.241152 -6.389824 -98.295030
30.492719 -2.575306 -95.202741
23.873145 10.795239 -96.506662
8.166394 4.955761 -99.542707
5
-55.304777 78.774250 27.129304
-59.967060 75.508158 26.504145
-65.316895 74.402505 14.070197
-62.790476 77.586701 6.136762
-45.959127 88.569304 6.575492
6
-60.621691 42.538270 -67.197516
-60.789844 42.470224 -67.088560
-62.083382 41.201047 -66.694283
-63.486647 24.213717 -73.369896
-57.089701 19.705910 -79.702215
-49.873774 25.791159 -82.749156
7
-76.125590 45.526518 46.176083
-69.110869 55.593395 46.185087
-66.437556 55.022132 50.582765
-66.029692 54.321333 51.858196
-67.820314 42.868767 59.688138
-70.755719 37.483363 59.905140
-77.227365 34.854098 53.114272
6
-39.891527 91.647194 3.075373
-21.708475 97.566313 3.091385
-22.906310 95.697506 17.812591
-29.363100 93.060966 21.850973
-37.460929 90.601146 19.700539
-43.994629 89.561053 6.579538
9
98.974509 3.667396 13.805681
97.727904 -5.992594 20.330904
96.291867 -8.274754 25.678879
93.960754 -8.660940 33.111401
86.507310 12.592170 48.558444
88.106785 19.069067 43.284698
95.103189 21.028039 22.654028
95.904454 19.867007 20.190039
98.625997 10.287787 12.925714
5
-72.791214 -64.832496 -22.320095
-81.124625 -56.490762 -15.086053
-72.916649 -68.325151 3.851760
-70.850883 -70.538272 2.122382
-66.882736 -72.420734 -16.790978
7
-50.699329 50.797325 -69.636267
-44.091815 61.096774 -65.750255
-44.143794 63.816807 -63.077259
-61.568677 61.647658 -49.080182
-64.762824 49.860721 -57.616708
-60.789844 42.470224 -67.088560
-60.621691 42.538270 -67.197516
5
62.143304 5.056201 78.183403
61.251610 16.769029 77.246618
65.625084 19.459936 72.901710
77.305233 0.218921 63.433847
76.476400 -2.195760 64.393625
5
42.315723 -61.505922 -66.531204
25.372117 -55.580178 -79.165015
21.342562 -58.821944 -78.003038
22.402541 -71.329252 -66.409818
26.381254 -73.460136 -62.511101
4
-64.627300 21.197092 73.307540
-49.796571 24.430357 83.207326
-56.650017 1.696695 82.388693
-58.877379 0.752117 80.826286
8
49.406485 -76.553582 41.213449
29.214014 -82.659950 48.102745
27.523843 -78.881184 54.956318
32.500247 -71.044346 62.421429
43.077572 -60.423556 67.032206
44.881812 -59.733745 66.464296
45.752541 -59.853753 65.758903
54.148099 -72.769589 42.101904
7
-50.903362 -13.802573 84.960795
-44.170707 -5.222420 89.563804
-41.688602 -5.148907 90.749927
-39.103183 -6.396788 91.815152
-37.191173 -10.090449 92.276755
-43.751419 -26.949327 85.787803
-43.932801 -26.954855 85.693318
8
60.167734 73.872306 30.376408
59.810919 73.705518 31.466659
47.897834 78.436253 39.415120
45.765672 80.616908 37.502232
44.945289 82.110710 35.181703
46.752614 84.761141 25.094661
53.403119 82.205632 19.757048
58.529553 78.190263 21.460991
5
-58.892327 15.042773 -79.406604
-57.089701 19.705910 -79.702215
-63.486647 24.213717 -73.369896
-68.754513 18.318758 -70.265497
-67.572766 11.070879 -72.879057
6
64.528351 75.705710 10.234126
58.529553 78.190263 21.460991
53.403119 82.205632 19.757048
48.580097 86.626761 11.652399
49.874368 86.631986 2.728810
54.955918 83.514117 -2.288968
5
87.659696 46.491674 -12.421833
84.655494 47.667305 -23.691251
87.581951 35.578833 -32.612092
92.870600 29.170221 -22.894320
92.450303 35.171769 -14.693131
5
-59.915407 -31.472601 73.618064
-50.691067 -51.498352 69.125505
-71.345716 -44.150392 54.410769
-71.430281 -44.052115 54.379464
-71.444938 -43.824099 54.544195
10
-59.150436 -64.012970 -49.026171
-57.572379 -68.933815 -43.972154
-53.264693 -73.170945 -42.530992
-33.099472 -82.738760 -45.373148
-32.611112 -82.733570 -45.734798
-29.780646 -76.195950 -57.509046
-40.869567 -63.178985 -65.864212
-43.302658 -61.856089 -65.564503
-49.460877 -59.287234 -63.550338
-55.999677 -58.700949 -58.465672
7
94.580410 -32.380149 -2.464156
97.880602 -19.393827 -6.577787
95.985900 -16.641908 -22.577729
93.666053 -21.934105 -27.305045
93.415231 -22.949859 -27.329447
92.616712 -30.519225 -22.152235
92.934123 -36.706838 -3.982053
5
-36.006175 -91.700627 -17.162469
-35.770924 -91.817205 -17.030617
-16.647715 -96.108535 -22.045480
-16.074700 -96.062122 -22.664349
-22.862721 -90.591893 -35.642740
5
-27.090568 44.921237 85.136265
-46.883699 34.746362 81.207198
-47.852976 37.499455 79.396999
-44.810520 51.920097 72.775826
-43.270007 54.372577 71.911955
5
9.183325 -4.376284 99.481228
22.881121 -11.775811 96.632213
22.751419 -20.370089 95.223067
15.059915 -28.015425 94.806830
7.896722 -18.840513 97.891148
7
24.628618 -91.222301 -32.740235
29.077341 -92.045074 -26.119199
37.327227 -89.855095 -23.081160
49.862630 -80.220644 -32.838489
48.072863 -76.336916 -43.147133
43.174206 -78.457221 -44.502274
33.478441 -84.112074 -42.477676
5
37.337866 -92.196164 10.283539
38.415839 -91.123929 14.854392
47.829861 -85.027826 21.967550
57.396220 -80.906502 12.641671
47.655018 -87.905239 1.291629
5
-38.528211 86.662066 -31.705886
-35.020711 91.398102 -20.492357
-53.721578 82.789785 -16.119666
-55.782735 81.057073 -17.833601
-55.448338 79.935039 -23.148895
5
-14.141385 -31.247384 -93.934138
-18.450108 -30.611524 -93.394476
-20.034326 -33.157089 -92.191286
-23.562374 -54.207013 -80.662347
-1.971018 -51.544267 -85.669736
6
54.456146 32.845361 77.173249
66.324749 23.692645 70.990748
65.625084 19.459936 72.901710
61.251610 16.769029 77.246618
58.858702 17.196894 78.993165
52.734920 23.488841 81.653552
5
-29.576740 34.422478 -89.108414
-33.037347 26.221606 -90.669516
-21.707295 19.753258 -95.596036
-17.567638 20.823050 -96.217351
-11.516849 34.587860 -93.118431
5
76.476400 -2.195760 64.393625
76.370348 -2.941704 64.489660
61.792362 -11.940574 77.711818
57.070664 0.827528 82.111232
62.143304 5.056201 78.183403
4
50.109951 -85.364079 -14.211500
42.933556 -89.587339 -11.437589
47.677029 -87.894190 1.229769
59.843830 -79.842180 -6.628908
5
-61.568677 61.647658 -49.080182
-63.517169 63.146546 -44.475645
-74.203738 50.943111 -43.572982
-74.355123 50.497533 -43.832806
-64.762824 49.860721 -57.616708
7
-77.129262 -4.109620 63.515258
-77.609903 -13.003940 61.705758
-80.129312 -16.886902 57.394477
-80.279720 -16.899331 57.180235
-90.172825 -2.431585 43.161893
-90.398242 0.402625 42.755068
-84.385133 5.643662 53.360083
7
-60.421929 46.355441 64.810212
-56.991290 55.160200 60.904394
-42.620977 62.697028 65.211464
-41.656847 62.790463 65.742413
-43.270007 54.372577 71.911955
-44.810520 51.920097 72.775826
-58.306409 45.076071 67.590758
6
-63.635640 -22.336562 73.834838
-58.617024 -11.557546 80.190196
-50.903362 -13.802573 84.960795
-43.932801 -26.954855 85.693318
-50.235266 -30.620834 80.862739
-59.534576 -30.001627 74.535472
6
-50.235266 -30.620834 80.862739
-44.177559 -44.495516 77.900528
-50.346753 -51.774472 69.170865
-50.691067 -51.498352 69.125505
-59.915407 -31.472601 73.618064
-59.534576 -30.001627 74.535472
5
95.062656 -29.199314 10.511495
98.154661 -16.503650 9.658777
98.141275 -18.440866 -5.312691
97.880602 -19.393827 -6.577787
94.580410 -32.380149 -2.464156
7
-94.389645 -14.788590 29.527826
-95.176893 -12.860572 27.856142
-92.896400 5.131977 36.659536
-92.831812 5.110166 36.825819
-90.398242 0.402625 42.755068
-90.172825 -2.431585 43.161893
-91.721791 -11.464924 38.153225
6
-96.862832 19.657335 15.204637
-92.977615 33.143470 16.021034
-90.471373 29.578654 30.659972
-91.386215 21.672480 34.334580
-92.955137 18.681609 31.785845
-96.767993 17.877784 17.785961
6
-86.653302 -9.439207 -49.011291
-90.815711 2.917163 -41.761187
-94.330347 -2.975777 -33.059497
-92.457222 -17.428888 -33.880612
-89.555884 -18.330752 -40.542906
-87.326018 -15.329942 -46.251049
6
76.370348 -2.941704 64.489660
77.155046 -7.092463 63.220217
71.022425 -29.760472 63.797567
69.599033 -29.717177 65.367148
59.103131 -16.552421 78.948320
61.792362 -11.940574 77.711818
7
59.843830 -79.842180 -6.628908
47.677029 -87.894190 1.229769
47.655018 -87.905239 1.291629
57.396220 -80.906502 12.641671
66.503195 -74.059213 9.620708
67.288571 -73.924010 2.736611
62.780699 -77.562684 -6.527925
5
99.929312 -2.962626 -2.314197
98.141275 -18.440866 -5.312691
98.154661 -16.503650 9.658777
97.727904 -5.992594 20.330904
98.974509 3.667396 13.805681
6
22.848758 88.722915 -40.077157
30.397079 86.390709 -40.157974
28.869443 93.954628 -18.414212
23.333125 96.173021 -14.363681
5.257496 96.750365 -24.733089
4.475110 94.309225 -32.950621
4
-96.767993 17.877784 17.785961
-92.955137 18.681609 31.785845
-93.007460 5.358601 36.344157
-97.227148 5.324284 22.771335
5
-16.857800 -77.400549 -61.032529
-11.010776 -66.862625 -73.540140
-25.855745 -57.399923 -77.696392
-40.869567 -63.178985 -65.864212
-29.780646 -76.195950 -57.509046
5
-92.076462 -31.114473 -23.533268
-93.747698 -33.810494 -8.259518
-87.299519 -48.090265 -8.131451
-83.419896 -52.798769 -15.918886
-84.644706 -44.272450 -29.584185
6
82.267589 -56.211432 8.504040
79.250696 -58.267252 18.007071
80.292465 -55.399933 21.999259
87.435455 -41.062568 25.863231
89.906354 -38.491753 20.862224
88.750745 -46.077067 -0.457274
7
51.034981 82.006589 -25.891121
34.724772 83.524050 -42.637111
46.234381 73.808213 -49.139899
60.367470 70.867983 -36.517086
61.764354 71.077789 -33.661737
61.463946 75.538707 -22.717550
60.715014 76.320635 -22.109904
5
85.969427 3.256195 -50.977003
79.993581 -0.279234 -60.007908
81.919693 -14.374080 -55.520715
88.162229 -13.233999 -45.302126
89.000841 -5.795607 -45.224565
5
-60.621691 42.538270 -67.197516
-49.873774 25.791159 -82.749156
-49.076344 25.744149 -83.239121
-39.583226 41.594591 -81.872207
-50.699329 50.797325 -69.636267
6
-32.617497 81.194140 48.410852
-25.616221 86.539532 43.066443
-12.534110 91.147339 39.179825
-6.125754 82.774601 55.774910
-26.479591 79.351517 54.792043
-31.699616 79.361044 51.932254
5
-98.029081 -2.090657 19.645061
-96.334641 -11.201814 24.375321
-97.687925 -17.562093 12.191892
-99.798904 -1.535855 -6.149797
-99.808073 -0.972172 -6.115830
5
32.208635 72.960308 60.327418
24.980475 75.431285 60.713236
18.282807 88.328485 43.171954
22.686825 88.415782 40.840635
30.679869 84.976914 42.868050
6
5.529139 56.860130 -82.075296
-14.658676 67.882014 -71.952453
-21.861068 62.039941 -75.320246
-17.685650 50.166760 -84.678887
-9.339221 46.487703 -88.043583
5.918166 56.387509 -82.373686
6
12.395728 -42.460981 -89.685066
11.566614 -39.928139 -90.950300
-8.094332 -28.278068 -95.576319
-14.141385 -31.247384 -93.934138
-1.971018 -51.544267 -85.669736
-1.288968 -51.961220 -85.430499
7
-12.534110 91.147339 39.179825
-7.872673 93.446990 34.722919
-2.891050 94.098477 33.721188
6.890071 90.450389 42.086270
5.435353 87.576906 47.966056
-3.646579 82.310739 56.671374
-6.125754 82.774601 55.774910
6
78.165666 -57.684336 -23.720159
76.792138 -60.790943 -20.184865
79.480679 -59.666046 -11.080823
88.905618 -45.633014 -3.663213
87.790806 -43.699384 -19.573918
83.111169 -48.481750 -27.240659
7
46.567928 66.146407 -58.788442
47.267315 71.009045 -52.187321
46.234381 73.808213 -49.139899
34.724772 83.524050 -42.637111
32.339769 84.602320 -42.386163
20.812738 78.448231 -58.418361
32.887118 59.734574 -73.145185
7
45.765672 80.616908 37.502232
47.897834 78.436253 39.415120
42.131817 68.977018 58.881923
34.682061 71.375840 60.849356
32.208635 72.960308 60.327418
30.679869 84.976914 42.868050
33.038121 85.423594 40.140904
4
-0.962513 -92.140016 -38.849594
-7.843253 -85.745221 -50.855093
-21.896675 -89.478007 -38.913005
-7.972466 -92.950426 -36.009138
5
32.503080 -33.188326 -88.555546
29.382878 -31.476930 -90.254359
13.163531 -42.622430 -89.498882
26.107470 -51.658804 -81.546110
33.044441 -44.016718 -83.490080
4
75.380394 48.506508 44.327361
61.644191 59.949766 51.049184
64.035822 65.865890 39.510733
74.365614 58.261541 32.792504
6
-12.764867 -75.888471 63.859206
-19.425569 -72.124744 66.488108
-25.064857 -61.467743 74.789501
-22.103655 -58.734991 77.856466
-12.418184 -56.309548 81.700817
-7.907907 -73.163249 67.709704
5
-90.000382 26.727758 -34.431936
-84.760099 27.275129 -45.516953
-78.577537 34.611470 -51.260285
-78.526846 43.393646 -44.164760
-83.081913 42.450218 -35.991315
6
-8.199951 7.367630 -99.390537
-8.944587 9.837462 -99.112152
-17.567638 20.823050 -96.217351
-21.707295 19.753258 -95.596036
-26.639772 11.770049 -95.664980
-13.718486 1.795926 -99.038264
7
-45.369615 88.887975 6.365992
-45.959127 88.569304 6.575492
-62.790476 77.586701 6.136762
-68.252323 73.009874 -3.343449
-64.257452 75.682001 -11.967231
-55.782735 81.057073 -17.833601
-53.721578 82.789785 -16.119666
6
58.886161 21.230854 -77.985068
64.714353 29.744542 -70.194834
65.067061 34.308471 -67.743681
63.250475 37.039419 -68.025428
44.987100 36.319447 -81.590800
42.277735 26.502453 -86.661486
5
85.970559 3.265588 -50.974493
90.061677 11.316797 -41.962179
84.539757 22.494553 -48.446100
81.571300 22.599492 -53.248343
81.172645 18.715541 -55.323867
6
-82.464446 -4.480945 -56.387377
-81.615614 9.701013 -56.962988
-85.756610 12.049247 -50.006195
-89.951918 8.625148 -42.828252
-90.815711 2.917163 -41.761187
-86.653302 -9.439207 -49.011291
7
40.686651 91.339033 1.333258
37.897285 92.473817 3.519796
23.381231 97.171319 3.324573
18.375755 98.234197 -3.517686
23.333125 96.173021 -14.363681
28.869443 93.954628 -18.414212
33.214183 92.948570 -16.043110
9
-51.072218 -81.272010 28.044410
-45.623615 -87.775222 14.628604
-50.392220 -86.193081 5.601509
-57.133241 -82.051862 1.812408
-70.850883 -70.538272 2.122382
-72.916649 -68.325151 3.851760
-74.378959 -66.305990 8.443114
-73.917006 -65.016394 17.582512
-72.808354 -65.657317 19.699246
5
78.165666 -57.684336 -23.720159
83.111169 -48.481750 -27.240659
83.110202 -48.340581 -27.493319
75.038152 -48.107245 -45.331763
69.890866 -58.477058 -41.178884
6
-2.277562 -86.314934 50.443482
7.529864 -76.463121 64.005409
23.830413 -77.469510 58.571208
27.523843 -78.881184 54.956318
29.214014 -82.659950 48.102745
22.674669 -87.385185 43.008008
7
6.890071 90.450389 42.086270
8.645061 90.482532 41.691417
18.282807 88.328485 43.171954
24.980475 75.431285 60.713236
24.851456 75.445895 60.748021
20.271774 77.480065 59.882340
5.435353 87.576906 47.966056
5
7.333045 5.810806 -99.561343
9.156989 22.029380 -97.112594
-1.727544 26.790163 -96.329138
-8.944587 9.837462 -99.112152
-8.199951 7.367630 -99.390537
6
5.529139 56.860130 -82.075296
3.590043 79.135109 -61.030698
-7.856244 82.240081 -56.345794
-8.521841 81.987381 -56.616672
-13.876796 75.505596 -64.080727
-14.658676 67.882014 -71.952453
4
-91.721791 -11.464924 38.153225
-90.172825 -2.431585 43.161893
-80.279720 -16.899331 57.180235
-83.092419 -18.685978 52.406909
5
-42.620977 62.697028 65.211464
-56.991290 55.160200 60.904394
-66.029692 54.321333 51.858196
-66.437556 55.022132 50.582765
-54.632588 65.795440 51.828954
5
66.119779 59.501589 -45.691746
60.367470 70.867983 -36.517086
46.234381 73.808213 -49.139899
47.267315 71.009045 -52.187321
64.765693 58.765021 -48.498220
6
30.492719 -2.575306 -95.202741
37.177626 -4.076619 -92.742683
37.427939 19.796822 -90.593792
36.000302 23.226877 -90.357570
32.383874 24.289098 -91.440278
23.873145 10.795239 -96.506662
6
26.896989 58.667495 76.385057
6.196211 66.054277 74.822720
24.851456 75.445895 60.748021
24.980475 75.431285 60.713236
32.208635 72.960308 60.327418
34.682061 71.375840 60.849356
7
42.315723 -61.505922 -66.531204
42.349465 -61.497125 -66.517866
43.578939 -59.484092 -67.546420
41.376091 -44.478535 -79.433488
33.044441 -44.016718 -83.490080
26.107470 -51.658804 -81.546110
25.372117 -55.580178 -79.165015
8
-8.244395 -99.634579 -2.231746
10.250390 -99.135671 8.188296
16.745467 -98.457494 5.070622
21.121211 -97.743107 -0.423636
18.578688 -98.083564 -5.869136
5.111593 -98.365483 -17.265673
3.089645 -98.533471 -16.781215
-7.940261 -99.553421 -5.105737
7
98.609836 16.586448 0.994953
97.212182 23.152533 -3.708351
95.644797 15.748416 -24.577637
95.488540 11.228544 -27.492881
96.480780 5.336540 -25.748408
97.290923 1.982727 -23.033566
98.764072 2.704707 -15.438351
6
-59.534576 -30.001627 74.535472
-59.915407 -31.472601 73.618064
-71.444938 -43.824099 54.544195
-80.129312 -16.886902 57.394477
-77.609903 -13.003940 61.705758
-63.635640 -22.336562 73.834838
7
-33.030862 92.529586 -18.634318
-32.750069 92.622579 -18.667909
-12.679517 98.324476 -13.096840
-12.029287 98.499028 -12.378920
-16.365796 98.649292 0.691280
-21.708475 97.566313 3.091385
-39.891527 91.647194 3.075373
5
87.986472 -32.949374 -34.244992
93.415231 -22.949859 -27.329447
93.666053 -21.934105 -27.305045
88.685838 -15.667168 -43.466791
82.433211 -29.288859 -48.445108
6
-83.667660 -50.508057 21.181569
-88.631447 -44.790250 11.760107
-92.367937 -31.501051 21.813940
-90.943785 -30.705645 28.042669
-88.616033 -34.589279 30.834728
-84.515441 -44.280287 29.939882
4
55.183982 -20.621544 -80.805198
41.425479 -44.452833 -79.422134
52.745320 -44.210934 -72.548774
61.414011 -29.967499 -73.008686
8
15.083622 -29.913673 94.221317
37.813799 -34.556739 85.883342
39.204196 -38.927392 83.352799
32.719098 -46.257106 82.399883
27.412016 -48.493078 83.048195
12.418356 -40.763387 90.466185
11.841394 -39.092871 91.277209
12.860080 -33.416509 93.369991
7
-54.544361 5.836879 -83.611264
-40.780459 11.276115 -90.607965
-41.291983 19.463969 -88.972614
-49.076344 25.744149 -83.239121
-49.873774 25.791159 -82.749156
-57.089701 19.705910 -79.702215
-58.892327 15.042773 -79.406604
6
74.967211 12.534112 -64.983177
81.172645 18.715541 -55.323867
81.571300 22.599492 -53.248343
75.208986 33.872998 -56.535196
65.067061 34.308471 -67.743681
64.714353 29.744542 -70.194834
5
-13.019888 -17.753839 97.546316
-17.645225 -5.606980 98.271093
-17.158732 -0.309619 98.516405
7.743280 -1.834407 99.682880
7.832580 -1.960173 99.673509
5
-19.425569 -72.124744 66.488108
-39.307693 -71.842137 57.390005
-38.411745 -60.954180 69.347861
-37.333847 -60.675088 70.176332
-25.064857 -61.467743 74.789501
7
-37.688237 -42.257833 -82.424949
-35.672650 -42.643277 -83.120473
-20.034326 -33.157089 -92.191286
-18.450108 -30.611524 -93.394476
-21.519662 -27.635473 -93.665281
-46.494420 -31.942525 -82.570842
-47.028442 -33.996219 -81.440670
5
-47.298639 -28.133708 -83.494510
-46.494420 -31.942525 -82.570842
-21.519662 -27.635473 -93.665281
-29.151021 -11.568161 -94.954703
-33.182130 -9.542373 -93.850356
8
-13.368466 24.815162 95.945254
-10.955580 24.691605 96.282397
1.522483 18.529177 98.256560
4.335026 15.849341 98.640792
7.743280 -1.834407 99.682880
-17.158732 -0.309619 98.516405
-20.529178 8.073612 97.536504
-16.317204 21.422338 96.305931
6
-49.076344 25.744149 -83.239121
-41.291983 19.463969 -88.972614
-33.037347 26.221606 -90.669516
-29.576740 34.422478 -89.108414
-33.165380 41.629390 -84.658440
-39.583226 41.594591 -81.872207
4
13.363231 45.057871 88.267844
18.400328 34.980053 91.857628
1.522483 18.529177 98.256560
-10.955580 24.691605 96.282397
5
-70.929562 -35.297431 -61.017117
-57.521978 -34.001315 -74.398472
-60.908142 -22.388905 -76.085052
-65.384233 -19.666989 -73.062382
-72.415388 -32.078075 -61.049232
4
-69.575416 36.031240 -62.137036
-75.955716 33.559793 -55.717766
-78.408990 16.747569 -59.762439
-70.472145 19.990615 -68.073873
5
91.810430 -34.735899 19.085656
96.291867 -8.274754 25.678879
97.727904 -5.992594 20.330904
98.154661 -16.503650 9.658777
95.062656 -29.199314 10.511495
5
-25.064857 -61.467743 74.789501
-37.333847 -60.675088 70.176332
-35.581095 -45.721273 81.507980
-32.611789 -44.281084 83.520397
-22.103655 -58.734991 77.856466
7
-4.608134 66.861613 74.217854
-1.647101 79.007770 61.278538
20.271774 77.480065 59.882340
24.851456 75.445895 60.748021
6.196211 66.054277 74.822720
1.928570 64.840631 76.105014
-2.841582 65.980125 75.090269
5
85.039733 -36.582731 37.814649
76.066642 -46.671210 45.118334
68.221019 -47.468208 55.611705
71.225553 -30.174299 63.375328
86.252352 -27.537036 42.452837
5
58.134697 80.990872 -7.799722
60.715014 76.320635 -22.109904
61.463946 75.538707 -22.717550
73.002751 66.085491 -17.415688
78.421178 62.026424 -1.685695
6
42.131817 68.977018 58.881923
47.897834 78.436253 39.415120
59.810919 73.705518 31.466659
64.035822 65.865890 39.510733
61.644191 59.949766 51.049184
52.294101 59.542099 60.992339
5
8.494726 -2.476366 99.607767
27.493544 5.075089 96.012231
29.994934 -7.518963 95.098734
22.881121 -11.775811 96.632213
9.183325 -4.376284 99.481228
8
-81.391759 -45.588375 -36.015021
-82.160125 -44.905492 -35.117099
-84.644706 -44.272450 -29.584185
-83.419896 -52.798769 -15.918886
-81.124625 -56.490762 -15.086053
-72.791214 -64.832496 -22.320095
-71.590238 -64.305610 -27.196073
-73.074488 -57.448608 -36.875150
6
32.887118 59.734574 -73.145185
31.403918 56.474008 -76.318284
40.562313 49.696022 -76.713781
59.320974 45.673887 -66.294178
59.383544 50.299105 -62.798047
46.567928 66.146407 -58.788442
5
-75.941758 -50.830440 40.609306
-84.515441 -44.280287 29.939882
-88.616033 -34.589279 30.834728
-84.731780 -33.622002 41.110661
-72.234751 -44.320065 53.083638
4
-43.453733 72.111796 -53.959818
-42.122063 70.604596 -56.927347
-26.197490 82.621656 -49.873374
-37.755889 82.984424 -41.086228
6
40.091653 -90.717345 -12.768034
23.298474 -97.248025 -0.051599
37.337866 -92.196164 10.283539
47.655018 -87.905239 1.291629
47.677029 -87.894190 1.229769
42.933556 -89.587339 -11.437589
6
15.059915 -28.015425 94.806830
22.751419 -20.370089 95.223067
38.772243 -20.094857 89.960602
39.826485 -22.282934 88.979334
37.813799 -34.556739 85.883342
15.083622 -29.913673 94.221317
6
54.924066 -72.284721 41.931683
64.861555 -50.577316 56.876303
68.221019 -47.468208 55.611705
76.066642 -46.671210 45.118334
73.956677 -54.640507 39.304260
57.911086 -71.292583 39.543315
6
-92.027954 12.877753 -36.946167
-89.951918 8.625148 -42.828252
-85.756610 12.049247 -50.006195
-84.760099 27.275129 -45.516953
-90.000382 26.727758 -34.431936
-90.616382 26.103317 -33.275938
6
-60.908142 -22.388905 -76.085052
-53.266942 -19.461524 -82.364324
-53.307674 -18.366104 -82.589213
-62.051386 -4.595226 -78.284797
-67.478494 -4.794377 -73.645548
-65.384233 -19.666989 -73.062382
5
-27.040260 -96.039743 6.722513
-29.284147 -94.882794 11.819230
-12.543954 -96.490030 23.072135
-4.208686 -97.319346 22.610436
-9.964115 -99.501510 0.407386
7
-60.914385 -66.342961 43.451689
-71.619497 -60.710728 34.421724
-75.941758 -50.830440 40.609306
-72.234751 -44.320065 53.083638
-71.430281 -44.052115 54.379464
-71.345716 -44.150392 54.410769
-59.738768 -61.046194 52.006171
7
-70.755719 37.483363 59.905140
-66.370458 30.962881 68.090104
-65.901709 21.608729 72.041846
-72.031678 15.887188 67.520624
-83.478250 23.743021 49.675455
-82.422440 27.623426 49.431646
-77.227365 34.854098 53.114272
8
26.381254 -73.460136 -62.511101
26.285328 -75.224926 -60.417646
43.174206 -78.457221 -44.502274
48.072863 -76.336916 -43.147133
50.026004 -73.915079 -45.099447
45.728513 -63.789362 -61.966284
42.349465 -61.497125 -66.517866
42.315723 -61.505922 -66.531204
8
-79.041938 61.129553 -3.943318
-68.252323 73.009874 -3.343449
-62.790476 77.586701 6.136762
-65.316895 74.402505 14.070197
-76.004670 62.110860 19.118873
-76.420341 61.716836 18.734023
-78.622055 59.975857 14.881837
-79.447477 60.647303 -3.162745
6
-13.876796 75.505596 -64.080727
-8.521841 81.987381 -56.616672
-24.768535 83.073951 -49.852165
-26.197490 82.621656 -49.873374
-42.122063 70.604596 -56.927347
-42.226562 67.950038 -59.997582
7
65.339908 53.329775 -53.727382
77.265192 42.576138 -47.088879
77.813976 42.910678 -45.865661
77.405752 47.787247 -41.529852
72.114982 57.019245 -39.347619
66.119779 59.501589 -45.691746
64.765693 58.765021 -48.498220
5
-30.576957 -27.150954 91.257193
-24.688270 -33.023659 91.103937
-23.901891 -41.129134 87.960752
-32.476145 -43.995630 83.723859
-40.009046 -28.885685 86.976396
8
-74.355123 50.497533 -43.832806
-78.526846 43.393646 -44.164760
-78.577537 34.611470 -51.260285
-75.955716 33.559793 -55.717766
-69.575416 36.031240 -62.137036
-62.083382 41.201047 -66.694283
-60.789844 42.470224 -67.088560
-64.762824 49.860721 -57.616708
5
-49.327567 -79.652830 34.960231
-51.072218 -81.272010 28.044410
-72.808354 -65.657317 19.699246
-71.619497 -60.710728 34.421724
-60.914385 -66.342961 43.451689
7
43.000616 43.229632 79.259990
54.107023 33.763527 77.022427
54.456146 32.845361 77.173249
52.734920 23.488841 81.653552
41.238750 21.980948 88.409295
38.475689 33.778692 85.898902
40.827309 42.631428 80.719837
8
-44.143794 63.816807 -63.077259
-42.226562 67.950038 -59.997582
-42.122063 70.604596 -56.927347
-43.453733 72.111796 -53.959818
-49.464218 73.753922 -45.974451
-62.750776 66.081512 -41.177347
-63.517169 63.146546 -44.475645
-61.568677 61.647658 -49.080182
5
74.465521 66.254880 8.073233
71.736139 65.632932 23.371876
60.167734 73.872306 30.376408
58.529553 78.190263 21.460991
64.528351 75.705710 10.234126
6
-2.891050 94.098477 33.721188
2.910271 98.093161 19.216194
17.909930 95.800580 22.393821
19.909212 94.386214 26.360308
8.645061 90.482532 41.691417
6.890071 90.450389 42.086270
7
-17.158732 -0.309619 98.516405
-17.645225 -5.606980 98.271093
-32.920767 -12.017105 93.657954
-37.191173 -10.090449 92.276755
-39.103183 -6.396788 91.815152
-28.294511 5.611464 95.749319
-20.529178 8.073612 97.536504
5
75.351700 -43.826695 -49.003491
75.101986 -44.325298 -48.938325
75.038152 -48.107245 -45.331763
83.110202 -48.340581 -27.493319
86.696470 -35.974132 -34.490346
8
39.826485 -22.282934 88.979334
57.080230 -17.452920 80.232431
57.392382 -17.502948 79.998508
52.305038 -38.713169 75.930715
51.710882 -39.329796 76.020733
48.747004 -40.354178 77.429128
39.204196 -38.927392 83.352799
37.813799 -34.556739 85.883342
7
18.375755 98.234197 -3.517686
23.381231 97.171319 3.324573
24.868583 96.022842 12.695173
17.909930 95.800580 22.393821
2.910271 98.093161 19.216194
1.239785 98.863130 14.984806
10.686384 99.420814 -1.141490
7
15.370707 26.691066 -95.138469
9.156989 22.029380 -97.112594
7.333045 5.810806 -99.561343
8.166394 4.955761 -99.542707
23.873145 10.795239 -96.506662
32.383874 24.289098 -91.440278
27.322300 28.553266 -91.859691
9
17.909930 95.800580 22.393821
24.868583 96.022842 12.695173
36.322782 91.569186 17.197084
37.375220 90.892387 18.484234
37.364712 90.490843 20.378561
33.812744 89.936572 27.714821
31.734147 90.255222 29.102213
25.716537 91.945559 29.743469
19.909212 94.386214 26.360308
7
87.581951 35.578833 -32.612092
86.426004 34.196745 -36.893475
87.638103 27.690098 -39.405855
95.395954 11.350366 -27.762946
95.488540 11.228544 -27.492881
95.644797 15.748416 -24.577637
92.870600 29.170221 -22.894320
7
-14.658676 67.882014 -71.952453
-13.876796 75.505596 -64.080727
-42.226562 67.950038 -59.997582
-44.143794 63.816807 -63.077259
-44.091815 61.096774 -65.750255
-31.851668 59.853482 -73.505319
-21.861068 62.039941 -75.320246
5
-55.800777 -61.909685 55.258160
-50.104023 -52.240302 68.996650
-38.411745 -60.954180 69.347861
-39.307693 -71.842137 57.390005
-39.742595 -72.383728 56.401436
8
-22.103655 -58.734991 77.856466
-32.611789 -44.281084 83.520397
-32.476145 -43.995630 83.723859
-23.901891 -41.129134 87.960752
-11.075228 -45.786232 88.209752
-9.857211 -51.448855 85.181281
-10.836124 -55.086878 82.752730
-12.418184 -56.309548 81.700817
4
-42.424974 11.667011 89.799791
-28.294511 5.611464 95.749319
-39.103183 -6.396788 91.815152
-41.688602 -5.148907 90.749927
4
-84.385133 5.643662 53.360083
-90.398242 0.402625 42.755068
-92.831812 5.110166 36.825819
-84.473736 20.868889 49.281613
7
-65.384233 -19.666989 -73.062382
-67.478494 -4.794377 -73.645548
-67.497297 -4.780276 -73.629232
-76.121005 -9.948276 -64.082950
-76.109606 -26.475957 -59.214454
-74.871161 -29.039896 -59.590215
-72.415388 -32.078075 -61.049232
7
-54.632588 65.795440 51.828954
-66.437556 55.022132 50.582765
-69.110869 55.593395 46.185087
-69.823694 60.623742 38.071166
-68.766481 63.126387 35.864053
-65.818400 66.200898 35.852186
-55.817524 70.602243 43.585862
5
-81.391759 -45.588375 -36.015021
-73.074488 -57.448608 -36.875150
-59.150436 -64.012970 -49.026171
-55.999677 -58.700949 -58.465672
-69.841794 -41.880749 -58.035564
6
-12.029287 98.499028 -12.378920
-7.273855 98.924884 -12.686939
10.686384 99.420814 -1.141490
1.239785 98.863130 14.984806
-7.141399 99.028939 11.927685
-16.365796 98.649292 0.691280
6
-27.403592 -21.358501 93.770238
-12.969778 -19.015803 97.314871
-10.510180 -22.797328 96.797820
-10.354473 -26.601326 95.839211
-24.688270 -33.023659 91.103937
-30.576957 -27.150954 91.257193
5
92.870600 29.170221 -22.894320
95.644797 15.748416 -24.577637
97.212182 23.152533 -3.708351
96.988305 24.069289 -3.733354
92.450303 35.171769 -14.693131
7
85.969427 3.256195 -50.977003
89.000841 -5.795607 -45.224565
96.480780 5.336540 -25.748408
95.488540 11.228544 -27.492881
95.395954 11.350366 -27.762946
90.061677 11.316797 -41.962179
85.970559 3.265588 -50.974493
7
92.616712 -30.519225 -22.152235
93.415231 -22.949859 -27.329447
87.986472 -32.949374 -34.244992
86.696470 -35.974132 -34.490346
83.110202 -48.340581 -27.493319
83.111169 -48.481750 -27.240659
87.790806 -43.699384 -19.573918
5
38.525229 -12.854089 91.381503
38.772243 -20.094857 89.960602
22.751419 -20.370089 95.223067
22.881121 -11.775811 96.632213
29.994934 -7.518963 95.098734
9
-50.392220 -86.193081 5.601509
-45.623615 -87.775222 14.628604
-35.716245 -92.297420 14.336529
-29.284147 -94.882794 11.819230
-27.040260 -96.039743 6.722513
-28.098186 -95.738998 -6.673548
-35.770924 -91.817205 -17.030617
-36.006175 -91.700627 -17.162469
-39.659435 -90.094939 -17.607704
6
8.132516 -50.500047 85.927920
-9.857211 -51.448855 85.181281
-11.075228 -45.786232 88.209752
-9.340266 -42.944852 89.824825
11.841394 -39.092871 91.277209
12.418356 -40.763387 90.466185
7
-35.020711 91.398102 -20.492357
-38.528211 86.662066 -31.705886
-38.378933 86.269753 -32.933072
-26.405568 88.697496 -37.887994
-20.408007 91.852166 -33.862855
-32.750069 92.622579 -18.667909
-33.030862 92.529586 -18.634318
5
18.400328 34.980053 91.857628
21.404395 32.188622 92.226593
23.830711 18.475323 95.345475
4.335026 15.849341 98.640792
1.522483 18.529177 98.256560
4
12.860080 -33.416509 93.369991
11.841394 -39.092871 91.277209
-9.340266 -42.944852 89.824825
-8.932312 -29.758730 95.050680
5
45.765672 80.616908 37.502232
33.038121 85.423594 40.140904
31.734147 90.255222 29.102213
33.812744 89.936572 27.714821
44.945289 82.110710 35.181703
4
-21.861068 62.039941 -75.320246
-31.851668 59.853482 -73.505319
-30.706029 44.829116 -83.949331
-17.685650 50.166760 -84.678887
5
-93.747698 -33.810494 -8.259518
-92.076462 -31.114473 -23.533268
-94.106965 -20.991786 -26.518371
-99.259577 -8.243076 -8.921216
-95.475642 -29.666082 -2.079758
7
-11.516849 34.587860 -93.118431
-10.722461 35.077593 -93.030056
-9.339221 46.487703 -88.043583
-17.685650 50.166760 -84.678887
-30.706029 44.829116 -83.949331
-33.165380 41.629390 -84.658440
-29.576740 34.422478 -89.108414
8
61.414011 -29.967499 -73.008686
61.637654 -30.059755 -72.781940
74.755712 -27.191690 -60.598643
77.344426 -19.880513 -60.188080
69.631592 -0.903443 -71.767856
63.962918 -2.035327 -76.841412
54.868753 -19.886489 -81.203125
55.183982 -20.621544 -80.805198
6
-50.346753 -51.774472 69.170865
-50.104023 -52.240302 68.996650
-55.800777 -61.909685 55.258160
-59.738768 -61.046194 52.006171
-71.345716 -44.150392 54.410769
-50.691067 -51.498352 69.125505
5
54.924066 -72.284721 41.931683
54.148099 -72.769589 42.101904
45.752541 -59.853753 65.758903
60.932145 -50.584143 61.061593
64.861555 -50.577316 56.876303
6
-81.124625 -56.490762 -15.086053
-83.419896 -52.798769 -15.918886
-87.299519 -48.090265 -8.131451
-87.227926 -48.819625 2.816587
-74.378959 -66.305990 8.443114
-72.916649 -68.325151 3.851760
8
64.861555 -50.577316 56.876303
60.932145 -50.584143 61.061593
51.710882 -39.329796 76.020733
52.305038 -38.713169 75.930715
69.599033 -29.717177 65.367148
71.022425 -29.760472 63.797567
71.225553 -30.174299 63.375328
68.221019 -47.468208 55.611705
5
79.250696 -58.267252 18.007071
68.399299 -71.475770 14.585958
60.752991 -70.964127 35.681463
77.393510 -57.083461 27.417569
80.292465 -55.399933 21.999259
6
-72.031678 15.887188 67.520624
-65.901709 21.608729 72.041846
-64.627300 21.197092 73.307540
-58.877379 0.752117 80.826286
-59.702745 -0.427638 80.220941
-75.232490 -0.962485 65.872195
4
-35.672650 -42.643277 -83.120473
-25.139450 -55.598327 -79.226473
-23.562374 -54.207013 -80.662347
-20.034326 -33.157089 -92.191286
5
98.764072 2.704707 -15.438351
99.929312 -2.962626 -2.314197
98.974509 3.667396 13.805681
98.625997 10.287787 12.925714
98.609836 16.586448 0.994953
5
-87.326018 -15.329942 -46.251049
-89.555884 -18.330752 -40.542906
-84.897591 -31.570174 -42.375973
-74.871161 -29.039896 -59.590215
-76.109606 -26.475957 -59.214454
5
85.502249 12.296168 50.380250
77.305233 0.218921 63.433847
65.625084 19.459936 72.901710
66.324749 23.692645 70.990748
70.945680 31.155868 63.214100
6
95.103189 21.028039 22.654028
86.547590 43.233224 25.306186
85.837481 47.124621 20.277993
86.710092 49.303643 7.107097
92.177129 38.207796 6.598574
95.904454 19.867007 20.190039
6
21.160588 -90.707043 36.393156
21.858710 -91.246825 34.586323
16.745467 -98.457494 5.070622
10.250390 -99.135671 8.188296
-3.699709 -97.305268 22.759545
-3.042558 -97.101585 23.707069
7
60.482394 4.999172 -79.478855
63.962918 -2.035327 -76.841412
69.631592 -0.903443 -71.767856
73.181295 2.052490 -68.119640
74.967211 12.534112 -64.983177
64.714353 29.744542 -70.194834
58.886161 21.230854 -77.985068
6
-99.247780 8.925714 -8.379126
-99.343297 7.370181 -8.751559
-97.719984 5.636031 -20.470465
-92.027954 12.877753 -36.946167
-90.616382 26.103317 -33.275938
-94.412097 29.160616 -15.362763
6
-9.420739 66.508168 74.080452
-26.479591 79.351517 54.792043
-6.125754 82.774601 55.774910
-3.646579 82.310739 56.671374
-1.647101 79.007770 61.278538
-4.608134 66.861613 74.217854
8
-7.856244 82.240081 -56.345794
-6.847937 84.254256 -53.425894
-6.515375 91.338037 -40.185978
-13.064582 93.113084 -34.048059
-20.408007 91.852166 -33.862855
-26.405568 88.697496 -37.887994
-24.768535 83.073951 -49.852165
-8.521841 81.987381 -56.616672
9
-64.627300 21.197092 73.307540
-65.901709 21.608729 72.041846
-66.370458 30.962881 68.090104
-58.738319 38.346567 71.269564
-47.852976 37.499455 79.396999
-46.883699 34.746362 81.207198
-47.122495 28.038502 83.626030
-47.847302 25.425428 84.048696
-49.796571 24.430357 83.207326
6
-97.227148 5.324284 22.771335
-93.007460 5.358601 36.344157
-92.896400 5.131977 36.659536
-95.176893 -12.860572 27.856142
-96.334641 -11.201814 24.375321
-98.029081 -2.090657 19.645061
6
-55.448338 79.935039 -23.148895
-55.782735 81.057073 -17.833601
-64.257452 75.682001 -11.967231
-70.923851 64.940779 -27.431780
-64.510994 68.573535 -33.704627
-57.148065 76.650549 -29.305152
6
-44.177559 -44.495516 77.900528
-35.581095 -45.721273 81.507980
-37.333847 -60.675088 70.176332
-38.411745 -60.954180 69.347861
-50.104023 -52.240302 68.996650
-50.346753 -51.774472 69.170865
6
-67.820314 42.868767 59.688138
-60.421929 46.355441 64.810212
-58.306409 45.076071 67.590758
-58.738319 38.346567 71.269564
-66.370458 30.962881 68.090104
-70.755719 37.483363 59.905140
4
90.061677 11.316797 -41.962179
95.395954 11.350366 -27.762946
87.638103 27.690098 -39.405855
84.539757 22.494553 -48.446100
6
53.587161 -19.768930 -82.082919
39.258793 -8.965098 -91.533459
26.253185 -20.790345 -94.225962
24.836865 -25.301933 -93.503702
29.382878 -31.476930 -90.254359
32.503080 -33.188326 -88.555546
5
-92.367937 -31.501051 21.813940
-88.631447 -44.790250 11.760107
-89.067190 -44.823725 7.607190
-95.115386 -30.762847 2.590500
-95.637629 -27.097535 10.916389
7
13.363231 45.057871 88.267844
13.439700 46.041001 87.747368
26.868733 50.619803 81.949416
40.827309 42.631428 80.719837
38.475689 33.778692 85.898902
21.404395 32.188622 92.226593
18.400328 34.980053 91.857628
7
-41.574228 81.712376 39.933334
-41.824345 81.937213 39.204812
-37.460929 90.601146 19.700539
-29.363100 93.060966 21.850973
-25.334492 92.858057 27.120928
-25.616221 86.539532 43.066443
-32.617497 81.194140 48.410852
6
61.637654 -30.059755 -72.781940
64.502510 -48.819497 -58.788459
75.101986 -44.325298 -48.938325
75.351700 -43.826695 -49.003491
77.759974 -32.947012 -53.552598
74.755712 -27.191690 -60.598643
6
68.399299 -71.475770 14.585958
79.250696 -58.267252 18.007071
82.267589 -56.211432 8.504040
76.206359 -64.692462 -2.734264
67.288571 -73.924010 2.736611
66.503195 -74.059213 9.620708
5
72.190372 60.464877 -33.653364
75.722616 59.631699 -26.648564
73.002751 66.085491 -17.415688
61.463946 75.538707 -22.717550
61.764354 71.077789 -33.661737
7
-45.086230 -85.914929 -24.204479
-45.071152 -85.899574 -24.286922
-53.264693 -73.170945 -42.530992
-57.572379 -68.933815 -43.972154
-61.098721 -71.880159 -33.169099
-57.938885 -78.685811 -21.251558
-57.738916 -78.852972 -21.176080
6
-7.843253 -85.745221 -50.855093
-0.962513 -92.140016 -38.849594
10.076687 -92.880565 -35.660357
10.276726 -92.811911 -35.781812
12.827715 -86.232413 -48.983882
-7.340610 -82.260827 -56.385032
5
-29.284147 -94.882794 11.819230
-35.716245 -92.297420 14.336529
-28.279435 -90.218795 32.570579
-17.619627 -93.498198 30.783692
-12.543954 -96.490030 23.072135
6
-99.798904 -1.535855 -6.149797
-97.687925 -17.562093 12.191892
-95.637629 -27.097535 10.916389
-95.115386 -30.762847 2.590500
-95.475642 -29.666082 -2.079758
-99.259577 -8.243076 -8.921216
7
-77.129262 -4.109620 63.515258
-84.385133 5.643662 53.360083
-84.473736 20.868889 49.281613
-83.902028 23.029961 49.295747
-83.478250 23.743021 49.675455
-72.031678 15.887188 67.520624
-75.232490 -0.962485 65.872195
8
42.277735 26.502453 -86.661486
44.987100 36.319447 -81.590800
40.562313 49.696022 -76.713781
31.403918 56.474008 -76.318284
21.573471 53.327207 -81.797276
27.322300 28.553266 -91.859691
32.383874 24.289098 -91.440278
36.000302 23.226877 -90.357570
7
-2.841582 65.980125 75.090269
-8.042364 47.327344 87.723674
-18.843578 39.381716 89.966660
-22.838444 44.378466 86.654240
-19.301741 61.586282 76.384375
-9.420739 66.508168 74.080452
-4.608134 66.861613 74.217854
7
-14.995174 -1.064630 -98.863600
-29.151021 -11.568161 -94.954703
-21.519662 -27.635473 -93.665281
-18.450108 -30.611524 -93.394476
-14.141385 -31.247384 -93.934138
-8.094332 -28.278068 -95.576319
1.825334 -19.030835 -98.155466
6
-18.843578 39.381716 89.966660
-18.568244 37.150373 90.967412
-47.122495 28.038502 83.626030
-46.883699 34.746362 81.207198
-27.090568 44.921237 85.136265
-22.838444 44.378466 86.654240
5
-76.420341 61.716836 18.734023
-83.307785 45.293716 31.753617
-83.594030 44.745688 31.778319
-89.679422 41.040935 16.530060
-78.622055 59.975857 14.881837
4
5.435353 87.576906 47.966056
20.271774 77.480065 59.882340
-1.647101 79.007770 61.278538
-3.646579 82.310739 56.671374
8
-1.288968 -51.961220 -85.430499
-1.971018 -51.544267 -85.669736
-23.562374 -54.207013 -80.662347
-25.139450 -55.598327 -79.226473
-25.855745 -57.399923 -77.696392
-11.010776 -66.862625 -73.540140
1.877984 -62.863728 -77.747186
2.441542 -61.875949 -78.520098
6
-55.817524 70.602243 43.585862
-65.818400 66.200898 35.852186
-59.967060 75.508158 26.504145
-55.304777 78.774250 27.129304
-41.824345 81.937213 39.204812
-41.574228 81.712376 39.933334
6
98.141275 -18.440866 -5.312691
99.929312 -2.962626 -2.314197
98.764072 2.704707 -15.438351
97.290923 1.982727 -23.033566
95.985900 -16.641908 -22.577729
97.880602 -19.393827 -6.577787
8
-12.543954 -96.490030 23.072135
-17.619627 -93.498198 30.783692
-16.751845 -87.847897 44.745086
-6.633045 -86.143884 50.351107
-6.013996 -86.305404 50.151860
-3.042558 -97.101585 23.707069
-3.699709 -97.305268 22.759545
-4.208686 -97.319346 22.610436
6
58.886161 21.230854 -77.985068
42.277735 26.502453 -86.661486
36.000302 23.226877 -90.357570
37.427939 19.796822 -90.593792
51.181792 6.956127 -85.627312
60.482394 4.999172 -79.478855
6
21.573471 53.327207 -81.797276
31.403918 56.474008 -76.318284
32.887118 59.734574 -73.145185
20.812738 78.448231 -58.418361
13.715523 78.105451 -60.921449
15.631261 54.692639 -82.245844
7
5.257496 96.750365 -24.733089
-7.273855 98.924884 -12.686939
-12.029287 98.499028 -12.378920
-12.679517 98.324476 -13.096840
-13.064582 93.113084 -34.048059
-6.515375 91.338037 -40.185978
4.475110 94.309225 -32.950621
7
-47.028442 -33.996219 -81.440670
-46.494420 -31.942525 -82.570842
-47.298639 -28.133708 -83.494510
-53.266942 -19.461524 -82.364324
-60.908142 -22.388905 -76.085052
-57.521978 -34.001315 -74.398472
-50.994326 -36.714989 -77.791955
8
-92.457222 -17.428888 -33.880612
-94.330347 -2.975777 -33.059497
-97.719984 5.636031 -20.470465
-99.343297 7.370181 -8.751559
-99.808073 -0.972172 -6.115830
-99.798904 -1.535855 -6.149797
-99.259577 -8.243076 -8.921216
-94.106965 -20.991786 -26.518371
7
88.162229 -13.233999 -45.302126
81.919693 -14.374080 -55.520715
77.344426 -19.880513 -60.188080
74.755712 -27.191690 -60.598643
77.759974 -32.947012 -53.552598
82.433211 -29.288859 -48.445108
88.685838 -15.667168 -43.466791
5
41.425479 -44.452833 -79.422134
41.376091 -44.478535 -79.433488
43.578939 -59.484092 -67.546420
51.904377 -50.397668 -69.036300
52.745320 -44.210934 -72.548774
7
33.214183 92.948570 -16.043110
28.869443 93.954628 -18.414212
30.397079 86.390709 -40.157974
32.339769 84.602320 -42.386163
34.724772 83.524050 -42.637111
51.034981 82.006589 -25.891121
43.662909 88.720701 -14.905960
5
-89.951918 8.625148 -42.828252
-92.027954 12.877753 -36.946167
-97.719984 5.636031 -20.470465
-94.330347 -2.975777 -33.059497
-90.815711 2.917163 -41.761187
6
-22.838444 44.378466 86.654240
-27.090568 44.921237 85.136265
-43.270007 54.372577 71.911955
-41.656847 62.790463 65.742413
-41.494882 62.927097 65.714194
-19.301741 61.586282 76.384375
4
52.741588 57.641234 62.416448
65.375990 40.764463 63.751380
54.107023 33.763527 77.022427
43.000616 43.229632 79.259990
6
12.827715 -86.232413 -48.983882
10.276726 -92.811911 -35.781812
24.628618 -91.222301 -32.740235
33.478441 -84.112074 -42.477676
16.869999 -83.066046 -53.060674
16.659631 -83.137198 -53.015686
6
-89.067190 -44.823725 7.607190
-88.631447 -44.790250 11.760107
-83.667660 -50.508057 21.181569
-73.917006 -65.016394 17.582512
-74.378959 -66.305990 8.443114
-87.227926 -48.819625 2.816587
4
37.427939 19.796822 -90.593792
37.177626 -4.076619 -92.742683
37.256115 -4.165409 -92.707234
51.181792 6.956127 -85.627312
5
11.566614 -39.928139 -90.950300
14.332348 -26.271294 -95.416995
2.860514 -18.658887 -98.202156
1.825334 -19.030835 -98.155466
-8.094332 -28.278068 -95.576319
6
-44.483705 -8.316497 -89.174188
-53.307674 -18.366104 -82.589213
-53.266942 -19.461524 -82.364324
-47.298639 -28.133708 -83.494510
-33.182130 -9.542373 -93.850356
-35.533448 -7.166107 -93.198825
8
27.493544 5.075089 96.012231
31.637370 12.313423 94.060919
38.045763 13.309457 91.517093
46.751036 4.349179 88.291706
46.827171 4.163638 88.260298
45.676915 -2.428502 88.925372
38.525229 -12.854089 91.381503
29.994934 -7.518963 95.098734
6
-43.994629 89.561053 6.579538
-45.369615 88.887975 6.365992
-53.721578 82.789785 -16.119666
-35.020711 91.398102 -20.492357
-33.030862 92.529586 -18.634318
-39.891527 91.647194 3.075373
7
-91.131299 41.161540 0.902256
-91.252085 38.417527 14.041033
-92.977615 33.143470 16.021034
-96.862832 19.657335 15.204637
-99.247780 8.925714 -8.379126
-94.412097 29.160616 -15.362763
-93.781981 31.493986 -14.596878
8
-35.581095 -45.721273 81.507980
-44.177559 -44.495516 77.900528
-50.235266 -30.620834 80.862739
-43.932801 -26.954855 85.693318
-43.751419 -26.949327 85.787803
-40.009046 -28.885685 86.976396
-32.476145 -43.995630 83.723859
-32.611789 -44.281084 83.520397
6
-93.781981 31.493986 -14.596878
-94.412097 29.160616 -15.362763
-90.616382 26.103317 -33.275938
-90.000382 26.727758 -34.431936
-83.081913 42.450218 -35.991315
-85.159533 46.866991 -23.480611
6
-72.808354 -65.657317 19.699246
-73.917006 -65.016394 17.582512
-83.667660 -50.508057 21.181569
-84.515441 -44.280287 29.939882
-75.941758 -50.830440 40.609306
-71.619497 -60.710728 34.421724
6
-8.932312 -29.758730 95.050680
-9.340266 -42.944852 89.824825
-11.075228 -45.786232 88.209752
-23.901891 -41.129134 87.960752
-24.688270 -33.023659 91.103937
-10.354473 -26.601326 95.839211
5
-48.898981 78.527163 -37.978603
-49.464218 73.753922 -45.974451
-43.453733 72.111796 -53.959818
-37.755889 82.984424 -41.086228
-39.461195 84.853410 -35.252132
6
-76.125590 45.526518 46.176083
-83.609054 44.018573 32.739753
-83.594030 44.745688 31.778319
-83.307785 45.293716 31.753617
-69.823694 60.623742 38.071166
-69.110869 55.593395 46.185087
7
-1.288968 -51.961220 -85.430499
2.441542 -61.875949 -78.520098
21.342562 -58.821944 -78.003038
25.372117 -55.580178 -79.165015
26.107470 -51.658804 -81.546110
13.163531 -42.622430 -89.498882
12.395728 -42.460981 -89.685066
7
46.827171 4.163638 88.260298
57.070664 0.827528 82.111232
61.792362 -11.940574 77.711818
59.103131 -16.552421 78.948320
57.392382 -17.502948 79.998508
57.080230 -17.452920 80.232431
45.676915 -2.428502 88.925372
6
3.089645 -98.533471 -16.781215
-11.290491 -96.542716 -23.495295
-16.074700 -96.062122 -22.664349
-16.647715 -96.108535 -22.045480
-17.004289 -97.976030 -10.561808
-7.940261 -99.553421 -5.105737
6
18.578688 -98.083564 -5.869136
29.077341 -92.045074 -26.119199
24.628618 -91.222301 -32.740235
10.276726 -92.811911 -35.781812
10.076687 -92.880565 -35.660357
5.111593 -98.365483 -17.265673
7
-81.615614 9.701013 -56.962988
-80.815534 10.363472 -57.977995
-78.408990 16.747569 -59.762439
-75.955716 33.559793 -55.717766
-78.577537 34.611470 -51.260285
-84.760099 27.275129 -45.516953
-85.756610 12.049247 -50.006195
6
57.070664 0.827528 82.111232
46.827171 4.163638 88.260298
46.751036 4.349179 88.291706
58.858702 17.196894 78.993165
61.251610 16.769029 77.246618
62.143304 5.056201 78.183403
4
-62.051386 -4.595226 -78.284797
-53.307674 -18.366104 -82.589213
-44.483705 -8.316497 -89.174188
-57.345169 -1.246432 -81.914455
7
55.183982 -20.621544 -80.805198
54.868753 -19.886489 -81.203125
53.587161 -19.768930 -82.082919
32.503080 -33.188326 -88.555546
33.044441 -44.016718 -83.490080
41.376091 -44.478535 -79.433488
41.425479 -44.452833 -79.422134
6
-16.317204 21.422338 96.305931
-20.529178 8.073612 97.536504
-28.294511 5.611464 95.749319
-42.424974 11.667011 89.799791
-42.811294 12.236861 89.540227
-43.767082 20.908385 87.448739
8
40.827309 42.631428 80.719837
26.868733 50.619803 81.949416
26.896989 58.667495 76.385057
34.682061 71.375840 60.849356
42.131817 68.977018 58.881923
52.294101 59.542099 60.992339
52.741588 57.641234 62.416448
43.000616 43.229632 79.259990
6
-39.461195 84.853410 -35.252132
-37.755889 82.984424 -41.086228
-26.197490 82.621656 -49.873374
-24.768535 83.073951 -49.852165
-26.405568 88.697496 -37.887994
-38.378933 86.269753 -32.933072
6
40.091653 -90.717345 -12.768034
37.327227 -89.855095 -23.081160
29.077341 -92.045074 -26.119199
18.578688 -98.083564 -5.869136
21.121211 -97.743107 -0.423636
23.298474 -97.248025 -0.051599
3
-33.099472 -82.738760 -45.373148
-53.264693 -73.170945 -42.530992
-45.071152 -85.899574 -24.286922
6
17.599100 -60.608960 77.568200
14.457222 -62.003474 77.113928
14.350019 -62.003420 77.133993
8.132516 -50.500047 85.927920
12.418356 -40.763387 90.466185
27.412016 -48.493078 83.048195
7
55.226520 83.274587 -3.921056
58.134697 80.990872 -7.799722
78.421178 62.026424 -1.685695
79.782149 60.280945 1.008112
74.465521 66.254880 8.073233
64.528351 75.705710 10.234126
54.955918 83.514117 -2.288968
6
-17.567638 20.823050 -96.217351
-8.944587 9.837462 -99.112152
-1.727544 26.790163 -96.329138
-6.868466 33.134518 -94.100626
-10.722461 35.077593 -93.030056
-11.516849 34.587860 -93.118431
5
-13.019888 -17.753839 97.546316
-12.969778 -19.015803 97.314871
-27.403592 -21.358501 93.770238
-32.920767 -12.017105 93.657954
-17.645225 -5.606980 98.271093
6
13.144524 54.728509 -82.655985
7.349353 37.031572 -92.599404
15.370707 26.691066 -95.138469
27.322300 28.553266 -91.859691
21.573471 53.327207 -81.797276
15.631261 54.692639 -82.245844
4
-32.750069 92.622579 -18.667909
-20.408007 91.852166 -33.862855
-13.064582 93.113084 -34.048059
-12.679517 98.324476 -13.096840
8
89.906354 -38.491753 20.862224
87.435455 -41.062568 25.863231
85.039733 -36.582731 37.814649
86.252352 -27.537036 42.452837
87.856829 -22.157289 42.311134
93.960754 -8.660940 33.111401
96.291867 -8.274754 25.678879
91.810430 -34.735899 19.085656
6
-41.824345 81.937213 39.204812
-55.304777 78.774250 27.129304
-45.959127 88.569304 6.575492
-45.369615 88.887975 6.365992
-43.994629 89.561053 6.579538
-37.460929 90.601146 19.700539
6
43.578939 -59.484092 -67.546420
42.349465 -61.497125 -66.517866
45.728513 -63.789362 -61.966284
62.021553 -53.038720 -57.794646
63.339141 -50.157239 -58.927113
51.904377 -50.397668 -69.036300
5
-10.836124 -55.086878 82.752730
-9.857211 -51.448855 85.181281
8.132516 -50.500047 85.927920
14.350019 -62.003420 77.133993
7.244493 -64.799083 75.819498
6
38.415839 -91.123929 14.854392
37.337866 -92.196164 10.283539
23.298474 -97.248025 -0.051599
21.121211 -97.743107 -0.423636
16.745467 -98.457494 5.070622
21.858710 -91.246825 34.586323
6
54.955918 83.514117 -2.288968
49.874368 86.631986 2.728810
40.686651 91.339033 1.333258
33.214183 92.948570 -16.043110
43.662909 88.720701 -14.905960
55.226520 83.274587 -3.921056
5
86.252352 -27.537036 42.452837
71.225553 -30.174299 63.375328
71.022425 -29.760472 63.797567
77.155046 -7.092463 63.220217
87.856829 -22.157289 42.311134
4
-17.004289 -97.976030 -10.561808
-16.647715 -96.108535 -22.045480
-35.770924 -91.817205 -17.030617
-28.098186 -95.738998 -6.673548
5
-79.447477 60.647303 -3.162745
-78.622055 59.975857 14.881837
-89.679422 41.040935 16.530060
-91.252085 38.417527 14.041033
-91.131299 41.161540 0.902256
5
76.792138 -60.790943 -20.184865
78.165666 -57.684336 -23.720159
69.890866 -58.477058 -41.178884
63.528915 -64.657562 -42.231229
69.271945 -68.731764 -21.848163
7
7.896722 -18.840513 97.891148
15.059915 -28.015425 94.806830
15.083622 -29.913673 94.221317
12.860080 -33.416509 93.369991
-8.932312 -29.758730 95.050680
-10.354473 -26.601326 95.839211
-10.510180 -22.797328 96.797820
4
88.106785 19.069067 43.284698
82.790055 38.975203 40.332868
86.547590 43.233224 25.306186
95.103189 21.028039 22.654028
5
53.403119 82.205632 19.757048
46.752614 84.761141 25.094661
37.364712 90.490843 20.378561
37.375220 90.892387 18.484234
48.580097 86.626761 11.652399
6
89.078969 -45.332757 -3.142991
88.905618 -45.633014 -3.663213
79.480679 -59.666046 -11.080823
76.206359 -64.692462 -2.734264
82.267589 -56.211432 8.504040
88.750745 -46.077067 -0.457274
8
-54.544361 5.836879 -83.611264
-58.892327 15.042773 -79.406604
-67.572766 11.070879 -72.879057
-69.884884 4.682926 -71.373477
-67.497297 -4.780276 -73.629232
-67.478494 -4.794377 -73.645548
-62.051386 -4.595226 -78.284797
-57.345169 -1.246432 -81.914455
5
-7.141399 99.028939 11.927685
-16.138048 96.793843 19.248773
-22.906310 95.697506 17.812591
-21.708475 97.566313 3.091385
-16.365796 98.649292 0.691280
4
-17.619627 -93.498198 30.783692
-28.279435 -90.218795 32.570579
-33.052239 -83.643023 43.719494
-16.751845 -87.847897 44.745086
5
-8.244395 -99.634579 -2.231746
-9.964115 -99.501510 0.407386
-4.208686 -97.319346 22.610436
-3.699709 -97.305268 22.759545
10.250390 -99.135671 8.188296
7
65.339908 53.329775 -53.727382
59.383544 50.299105 -62.798047
59.320974 45.673887 -66.294178
63.250475 37.039419 -68.025428
65.067061 34.308471 -67.743681
75.208986 33.872998 -56.535196
77.265192 42.576138 -47.088879
5
89.078969 -45.332757 -3.142991
92.934123 -36.706838 -3.982053
92.616712 -30.519225 -22.152235
87.790806 -43.699384 -19.573918
88.905618 -45.633014 -3.663213
6
-12.764867 -75.888471 63.859206
-12.677955 -78.298902 60.897877
-38.295441 -78.665758 48.426829
-39.742595 -72.383728 56.401436
-39.307693 -71.842137 57.390005
-19.425569 -72.124744 66.488108
5
-25.334492 92.858057 27.120928
-14.493642 94.687192 28.710103
-7.872673 93.446990 34.722919
-12.534110 91.147339 39.179825
-25.616221 86.539532 43.066443
6
-9.339221 46.487703 -88.043583
-10.722461 35.077593 -93.030056
-6.868466 33.134518 -94.100626
7.349353 37.031572 -92.599404
13.144524 54.728509 -82.655985
5.918166 56.387509 -82.373686
7
-69.841794 -41.880749 -58.035564
-70.929562 -35.297431 -61.017117
-72.415388 -32.078075 -61.049232
-74.871161 -29.039896 -59.590215
-84.897591 -31.570174 -42.375973
-82.160125 -44.905492 -35.117099
-81.391759 -45.588375 -36.015021
5
-2.277562 -86.314934 50.443482
22.674669 -87.385185 43.008008
21.160588 -90.707043 36.393156
-3.042558 -97.101585 23.707069
-6.013996 -86.305404 50.151860
7
8.494726 -2.476366 99.607767
7.832580 -1.960173 99.673509
7.743280 -1.834407 99.682880
4.335026 15.849341 98.640792
23.830711 18.475323 95.345475
31.637370 12.313423 94.060919
27.493544 5.075089 96.012231
8
-22.557037 -89.382731 -38.754450
-21.896675 -89.478007 -38.913005
-7.843253 -85.745221 -50.855093
-7.340610 -82.260827 -56.385032
-7.880697 -81.410792 -57.534143
-16.857800 -77.400549 -61.032529
-29.780646 -76.195950 -57.509046
-32.611112 -82.733570 -45.734798
6
-22.557037 -89.382731 -38.754450
-22.862721 -90.591893 -35.642740
-16.074700 -96.062122 -22.664349
-11.290491 -96.542716 -23.495295
-7.972466 -92.950426 -36.009138
-21.896675 -89.478007 -38.913005
6
27.809315 -62.481553 72.956819
32.500247 -71.044346 62.421429
27.523843 -78.881184 54.956318
23.830413 -77.469510 58.571208
14.457222 -62.003474 77.113928
17.599100 -60.608960 77.568200
7
51.181792 6.956127 -85.627312
37.256115 -4.165409 -92.707234
39.258793 -8.965098 -91.533459
53.587161 -19.768930 -82.082919
54.868753 -19.886489 -81.203125
63.962918 -2.035327 -76.841412
60.482394 4.999172 -79.478855
8
-39.659435 -90.094939 -17.607704
-36.006175 -91.700627 -17.162469
-22.862721 -90.591893 -35.642740
-22.557037 -89.382731 -38.754450
-32.611112 -82.733570 -45.734798
-33.099472 -82.738760 -45.373148
-45.071152 -85.899574 -24.286922
-45.086230 -85.914929 -24.204479
4
-66.029692 54.321333 51.858196
-56.991290 55.160200 60.904394
-60.421929 46.355441 64.810212
-67.820314 42.868767 59.688138
6
2.248601 -71.222850 70.158744
7.244493 -64.799083 75.819498
14.350019 -62.003420 77.133993
14.457222 -62.003474 77.113928
23.830413 -77.469510 58.571208
7.529864 -76.463121 64.005409
6
-63.517169 63.146546 -44.475645
-62.750776 66.081512 -41.177347
-64.510994 68.573535 -33.704627
-70.923851 64.940779 -27.431780
-76.481320 59.369749 -25.016807
-74.203738 50.943111 -43.572982
6
80.292465 -55.399933 21.999259
77.393510 -57.083461 27.417569
73.956677 -54.640507 39.304260
76.066642 -46.671210 45.118334
85.039733 -36.582731 37.814649
87.435455 -41.062568 25.863231
6
54.107023 33.763527 77.022427
65.375990 40.764463 63.751380
69.709396 36.357480 61.795904
70.945680 31.155868 63.214100
66.324749 23.692645 70.990748
54.456146 32.845361 77.173249
5
19.909212 94.386214 26.360308
25.716537 91.945559 29.743469
22.686825 88.415782 40.840635
18.282807 88.328485 43.171954
8.645061 90.482532 41.691417
8
-14.995174 -1.064630 -98.863600
1.825334 -19.030835 -98.155466
2.860514 -18.658887 -98.202156
11.148647 -4.956439 -99.252916
8.166394 4.955761 -99.542707
7.333045 5.810806 -99.561343
-8.199951 7.367630 -99.390537
-13.718486 1.795926 -99.038264
6
5.918166 56.387509 -82.373686
13.144524 54.728509 -82.655985
15.631261 54.692639 -82.245844
13.715523 78.105451 -60.921449
3.590043 79.135109 -61.030698
5.529139 56.860130 -82.075296
9
54.148099 -72.769589 42.101904
54.924066 -72.284721 41.931683
57.911086 -71.292583 39.543315
60.752991 -70.964127 35.681463
68.399299 -71.475770 14.585958
66.503195 -74.059213 9.620708
57.396220 -80.906502 12.641671
47.829861 -85.027826 21.967550
49.406485 -76.553582 41.213449
7
88.750745 -46.077067 -0.457274
89.906354 -38.491753 20.862224
91.810430 -34.735899 19.085656
95.062656 -29.199314 10.511495
94.580410 -32.380149 -2.464156
92.934123 -36.706838 -3.982053
89.078969 -45.332757 -3.142991
4
36.322782 91.569186 17.197084
24.868583 96.022842 12.695173
23.381231 97.171319 3.324573
37.897285 92.473817 3.519796
8
13.715523 78.105451 -60.921449
20.812738 78.448231 -58.418361
32.339769 84.602320 -42.386163
30.397079 86.390709 -40.157974
22.848758 88.722915 -40.077157
-6.847937 84.254256 -53.425894
-7.856244 82.240081 -56.345794
3.590043 79.135109 -61.030698
7
-16.138048 96.793843 19.248773
-7.141399 99.028939 11.927685
1.239785 98.863130 14.984806
2.910271 98.093161 19.216194
-2.891050 94.098477 33.721188
-7.872673 93.446990 34.722919
-14.493642 94.687192 28.710103
5
-47.028442 -33.996219 -81.440670
-50.994326 -36.714989 -77.791955
-49.460877 -59.287234 -63.550338
-43.302658 -61.856089 -65.564503
-37.688237 -42.257833 -82.424949
6
-43.302658 -61.856089 -65.564503
-40.869567 -63.178985 -65.864212
-25.855745 -57.399923 -77.696392
-25.139450 -55.598327 -79.226473
-35.672650 -42.643277 -83.120473
-37.688237 -42.257833 -82.424949
4
33.812744 89.936572 27.714821
37.364712 90.490843 20.378561
46.752614 84.761141 25.094661
44.945289 82.110710 35.181703
5
-77.227365 34.854098 53.114272
-82.422440 27.623426 49.431646
-85.327735 37.096587 36.647250
-83.609054 44.018573 32.739753
-76.125590 45.526518 46.176083
6
-13.368466 24.815162 95.945254
-16.317204 21.422338 96.305931
-43.767082 20.908385 87.448739
-47.847302 25.425428 84.048696
-47.122495 28.038502 83.626030
-18.568244 37.150373 90.967412
7
-91.252085 38.417527 14.041033
-89.679422 41.040935 16.530060
-83.594030 44.745688 31.778319
-83.609054 44.018573 32.739753
-85.327735 37.096587 36.647250
-90.471373 29.578654 30.659972
-92.977615 33.143470 16.021034
5
38.045763 13.309457 91.517093
41.238750 21.980948 88.409295
52.734920 23.488841 81.653552
58.858702 17.196894 78.993165
46.751036 4.349179 88.291706
6
98.625997 10.287787 12.925714
95.904454 19.867007 20.190039
92.177129 38.207796 6.598574
96.988305 24.069289 -3.733354
97.212182 23.152533 -3.708351
98.609836 16.586448 0.994953
5
-94.389645 -14.788590 29.527826
-91.721791 -11.464924 38.153225
-83.092419 -18.685978 52.406909
-84.262505 -20.775628 49.681017
-92.443444 -22.935300 30.466074
