400
5
-57.794271 -80.000397 16.117030
-53.697383 -84.237782 4.537308
-54.715635 -83.628899 3.522284
-70.111931 -71.302349 -0.540515
-69.230214 -70.726479 14.315818
5
44.788712 70.005638 55.616382
24.374706 74.132512 62.531947
28.536594 82.956392 47.998956
37.430514 83.675206 39.967694
44.434087 76.390744 46.798142
6
-16.339963 95.808863 -23.530139
-28.262390 95.476178 -9.248605
-30.925029 94.400725 -11.495468
-34.282347 91.263254 -22.265199
-31.757019 90.265800 -29.044399
-18.503197 94.383282 -27.375678
7
-12.278940 -48.371405 -86.656995
-16.230989 -47.596501 -86.435687
-20.226370 -47.927353 -85.404115
-28.337098 -59.542100 -75.178104
-21.899986 -65.714803 -72.124582
-17.463006 -66.833347 -72.307310
-6.190746 -61.407225 -78.681811
6
-81.127166 -55.675428 17.850203
-78.326035 -62.108965 2.740211
-83.923835 -53.828930 -7.696505
-86.389553 -50.153584 -4.632838
-87.011148 -47.639308 12.631567
-82.137166 -53.920737 18.602150
5
-9.354323 24.925396 -96.390981
0.418232 9.455525 -99.551083
10.385055 23.953622 -96.531729
10.426526 33.496545 -93.644375
9.790231 34.143432 -93.479289
6
-71.745991 -67.144920 18.549191
-69.230214 -70.726479 14.315818
-70.111931 -71.302349 -0.540515
-70.178819 -71.235341 -0.677935
-78.326035 -62.108965 2.740211
-81.127166 -55.675428 17.850203
7
-64.446370 57.599136 -50.289212
-72.445574 61.916356 -30.298575
-79.001119 55.022212 -27.044026
-79.506515 48.369075 -36.594353
-71.341426 48.912634 -50.179230
-69.791099 49.869322 -51.402852
-67.920170 51.917333 -51.879100
6
-78.326035 -62.108965 2.740211
-70.178819 -71.235341 -0.677935
-70.201011 -70.931945 -6.362170
-80.442876 -57.240098 -15.890718
-80.912264 -56.708256 -15.407119
-83.923835 -53.828930 -7.696505
7
67.687082 -60.349116 -42.147872
68.256909 -62.824501 -37.337333
70.121111 -63.648550 -32.123074
74.760909 -59.880246 -28.725644
82.792422 -47.825235 -29.294399
77.615559 -44.819787 -44.351005
70.715530 -54.633652 -44.882936
5
92.615035 37.334135 -5.349543
94.153428 29.592734 16.105964
90.622909 39.145333 15.972829
87.937783 47.000730 7.607743
88.510183 46.294647 4.770031
7
-47.761403 -45.768588 74.993898
-45.035908 -42.535494 78.501584
-39.414172 -40.823430 82.340577
-25.599674 -52.692591 81.044109
-25.373956 -53.577774 80.533127
-37.991516 -58.234093 71.870962
-46.524182 -48.757407 73.879738
6
28.536594 82.956392 47.998956
24.374706 74.132512 62.531947
15.036605 72.524966 67.186530
14.035052 73.175301 66.696272
12.057602 77.512035 62.020147
18.740203 84.899532 49.405205
6
-67.920170 51.917333 -51.879100
-69.791099 49.869322 -51.402852
-70.489155 35.201680 -61.580198
-65.336999 29.463236 -69.735173
-65.111520 29.529623 -69.917747
-56.577064 42.374911 -70.734735
8
-96.318806 -21.821925 -15.700040
-94.176353 -31.496813 -11.779871
-91.470629 -37.789049 -14.321726
-88.634924 -40.281006 -22.831793
-88.361753 -39.342956 -25.383704
-88.750105 -36.026255 -28.731998
-95.173052 -11.363339 -28.512537
-95.887446 -11.289720 -26.041118
6
-36.555684 85.301263 37.247505
-28.468041 83.370055 47.318121
-28.870831 79.761543 52.958205
-29.764139 79.135524 53.400982
-45.380296 74.716073 48.560654
-43.642620 79.886531 41.394007
5
-45.035908 -42.535494 78.501584
-53.147340 -24.268997 81.156491
-42.971360 -22.650840 87.409391
-33.508346 -32.618034 88.392616
-39.414172 -40.823430 82.340577
5
78.160976 26.072587 56.666411
82.037379 30.347709 48.465297
88.460805 24.483690 39.689229
83.432685 8.838652 54.413834
78.188794 6.004937 62.052021
4
-4.543711 -69.410965 71.843389
-22.106263 -65.855332 71.933221
-22.327194 -56.215763 79.632182
-10.179976 -56.722299 81.724836
6
44.364911 88.398531 -14.746333
43.924115 86.831402 -23.042997
52.273882 81.613075 -24.632242
58.813315 78.614103 -18.995178
59.368385 79.381842 -13.187802
50.209948 85.933057 -9.719615
6
6.879079 50.346491 -86.127285
18.300429 52.831997 -82.908832
22.836692 64.105195 -73.273525
19.449479 72.391863 -66.190150
0.344687 77.232241 -63.522140
-7.438884 61.962093 -78.136816
5
18.740203 84.899532 49.405205
12.057602 77.512035 62.020147
2.672327 84.251333 53.801223
4.678262 87.440179 48.294192
15.960717 89.139520 42.419353
6
-22.106263 -65.855332 71.933221
-32.575987 -71.035911 62.391541
-35.005386 -70.639538 61.519742
-37.991516 -58.234093 71.870962
-25.373956 -53.577774 80.533127
-22.327194 -56.215763 79.632182
6
30.830052 -91.322712 -26.639634
31.943821 -90.422489 -28.343706
5.220392 -91.369693 -40.302937
0.995857 -95.469949 -29.740497
6.023577 -97.716876 -20.374706
9.931533 -98.083874 -16.760619
6
-73.093322 0.390847 68.243780
-80.911763 -1.588763 58.743191
-81.975313 20.065708 53.641545
-75.920969 26.594595 59.403148
-74.739816 27.244961 60.594323
-72.587570 17.795421 66.440708
5
58.984504 16.649083 -79.016684
73.009335 18.721088 -65.720300
75.822609 26.312193 -59.654006
65.048941 34.523482 -67.651788
56.297452 34.043575 -75.310238
6
92.389138 -17.476868 -34.041244
92.376059 -16.883412 -34.374616
81.944196 -22.334997 -52.785383
76.109234 -29.809107 -57.609041
79.623056 -39.096403 -46.169689
89.203229 -31.033079 -32.859274
4
-62.020475 -39.987118 -67.486970
-56.661523 -53.762515 -62.442484
-46.123986 -52.865210 -71.259017
-49.993752 -36.778256 -78.409085
6
-30.777281 -77.621608 -55.024040
-26.530466 -77.414641 -57.472669
-21.899986 -65.714803 -72.124582
-28.337098 -59.542100 -75.178104
-36.203077 -59.976213 -71.359590
-37.259403 -73.610608 -56.508541
7
38.685026 -92.121041 4.145177
36.888020 -92.905846 2.788864
14.430666 -98.818669 5.160097
10.702157 -98.253333 15.223221
13.530086 -96.603224 22.017127
17.719122 -95.168892 25.078170
38.684488 -90.133376 19.480373
6
-29.332356 94.881990 11.705596
-14.064817 98.292474 11.864678
-8.537675 93.758421 33.711520
-13.821408 91.844774 37.060844
-33.630870 90.571549 25.802307
-34.252314 90.761844 24.270695
7
63.503296 63.022117 -44.671514
61.481828 67.791590 -40.302421
57.089459 70.717988 -41.710427
49.273277 69.831038 -51.920808
49.257234 69.789618 -51.991673
52.928164 56.113746 -63.638486
57.343655 54.309779 -61.336394
6
85.612130 -46.001366 23.546496
85.612243 -46.594944 22.348489
83.054837 -51.821489 20.406552
74.609159 -61.087108 26.492237
72.290984 -60.440094 33.481469
82.908424 -45.271307 32.813136
6
5.234457 99.840236 2.127866
11.234202 95.829949 26.275724
-1.662604 94.264525 33.338192
-8.537675 93.758421 33.711520
-14.064817 98.292474 11.864678
-0.171730 99.968503 2.503764
6
90.462319 23.826797 35.339109
94.650527 17.165869 27.324178
94.755139 10.757381 30.095555
89.464978 0.798184 44.669682
83.432685 8.838652 54.413834
88.460805 24.483690 39.689229
6
-1.731333 54.249190 83.988260
-1.692858 43.332020 90.108103
-9.202243 39.534651 91.391083
-26.018889 48.518197 83.480548
-26.443004 51.243958 81.699598
-11.404960 58.535517 80.271540
4
26.098700 -11.917461 95.795783
39.690655 -1.135229 91.778882
46.091110 -7.443973 88.431877
42.868909 -17.314683 88.670505
7
-67.920170 51.917333 -51.879100
-56.577064 42.374911 -70.734735
-53.435681 44.532984 -71.843172
-51.612193 48.779210 -70.404334
-54.640360 57.343420 -61.042307
-63.364715 58.520493 -50.599059
-64.446370 57.599136 -50.289212
5
72.765774 -47.859742 49.138450
69.397249 -61.389566 37.621044
59.594841 -69.445895 40.320251
59.230133 -69.598464 40.593660
60.502768 -57.458272 55.117711
5
-49.624473 37.592492 78.257372
-64.970093 36.585693 66.636132
-54.007847 56.751965 62.147944
-47.366179 58.809689 65.558108
-42.914243 55.229894 71.470459
5
-9.541683 99.415806 -5.045184
-28.025935 95.629830 -8.335624
-28.262390 95.476178 -9.248605
-16.339963 95.808863 -23.530139
-13.947111 96.387480 -22.692110
8
-68.356486 -59.843098 41.787491
-62.260169 -56.045149 54.613301
-52.381836 -62.848682 57.499446
-43.003015 -71.164566 55.554885
-45.544092 -74.591771 48.598389
-50.025874 -76.094011 41.317230
-58.273801 -73.196388 35.305140
-63.299953 -68.857694 35.379851
7
-95.472717 -21.494675 20.565485
-97.060875 -5.156703 23.507337
-95.333559 -1.939318 30.128915
-91.536228 -6.961062 39.656811
-90.593183 -11.880968 40.641331
-91.403025 -27.469319 29.848342
-92.046481 -27.636509 27.634558
5
92.389138 -17.476868 -34.041244
89.203229 -31.033079 -32.859274
89.155523 -38.058136 -24.553431
94.557255 -30.022288 -12.553395
95.878129 -20.252747 -19.930141
5
-43.003015 -71.164566 55.554885
-36.987194 -71.345034 59.513306
-23.934612 -86.976392 43.153697
-29.340814 -87.385683 38.766726
-45.544092 -74.591771 48.598389
6
89.203229 -31.033079 -32.859274
79.623056 -39.096403 -46.169689
77.615559 -44.819787 -44.351005
82.792422 -47.825235 -29.294399
87.558811 -42.388603 -23.165944
89.155523 -38.058136 -24.553431
5
46.261900 -53.180617 70.934185
34.772599 -54.957678 75.963939
32.333478 -49.443774 80.683700
38.947846 -32.357425 86.232606
48.498591 -44.785398 75.114278
6
62.432861 -62.197738 -47.260758
41.364751 -77.502233 -47.774065
38.849988 -84.183435 -37.467688
39.398995 -85.386319 -34.013169
68.256909 -62.824501 -37.337333
67.687082 -60.349116 -42.147872
5
-88.361753 -39.342956 -25.383704
-80.703349 -49.948496 -31.497892
-77.070622 -48.507039 -41.318111
-80.829789 -38.296216 -44.720745
-88.750105 -36.026255 -28.731998
6
37.609434 10.640986 92.045097
47.289622 13.846039 87.017118
53.951172 10.146835 83.584166
52.206288 -5.275695 85.127378
46.091110 -7.443973 88.431877
39.690655 -1.135229 91.778882
6
61.878359 61.331643 49.086641
76.295470 52.206139 38.125060
75.066674 43.024889 50.138342
69.526276 45.093667 55.970154
65.960749 47.668777 58.110819
58.253126 59.715447 55.141986
5
-44.724054 62.945364 -63.542428
-44.201051 54.992757 -70.866521
-26.023547 58.349700 -76.929107
-31.279208 66.525186 -67.793884
-36.728185 67.775719 -63.698448
6
19.675711 -20.291326 -95.922513
24.752776 -11.933932 -96.150306
5.307627 3.031424 -99.813023
0.051348 3.165594 -99.949869
-6.738506 -3.555757 -99.709323
-1.279799 -16.995650 -98.536846
4
-83.040076 -24.076394 50.246124
-87.283478 -30.073471 38.434110
-91.403025 -27.469319 29.848342
-90.593183 -11.880968 40.641331
6
33.201745 59.499610 -73.194539
22.836692 64.105195 -73.273525
18.300429 52.831997 -82.908832
25.718682 49.883229 -82.766013
30.825841 50.170355 -80.825138
34.559358 54.858731 -76.132584
6
56.386979 -55.994452 -60.705271
65.094153 -46.037886 -60.359458
66.101748 -37.429862 -65.035101
52.906260 -41.835288 -73.829102
43.368683 -47.597445 -76.509088
43.295353 -50.105259 -74.933140
7
-46.123986 -52.865210 -71.259017
-44.642236 -53.450415 -71.764364
-32.468948 -39.732866 -85.831618
-34.498231 -36.531697 -86.459859
-36.229508 -35.127064 -86.333725
-48.881375 -33.931977 -80.369348
-49.993752 -36.778256 -78.409085
7
59.235215 42.025647 68.738885
60.088339 35.017798 71.855030
52.126543 30.884669 79.554765
47.414915 31.264574 82.306453
36.049520 40.747134 83.905323
38.266499 51.584279 76.646834
41.438178 53.031703 73.962936
6
-96.868375 23.398933 -8.307103
-92.874776 28.437298 -23.782265
-88.190891 42.792284 -19.778454
-92.441257 37.981307 -3.469038
-96.072651 27.675456 -2.028525
-96.328641 26.746609 -2.326327
6
-3.594067 -23.136855 -97.220207
-17.947125 -27.621362 -94.419072
-16.230989 -47.596501 -86.435687
-12.278940 -48.371405 -86.656995
-7.003711 -45.953562 -88.539359
-1.929742 -31.114337 -95.016705
6
5.161684 -70.760819 -70.471722
1.569196 -72.286846 -69.080747
-9.757909 -82.236665 -56.052780
-4.791904 -87.099158 -48.895545
-1.210156 -87.700475 -48.032929
11.031218 -72.814008 -67.649334
6
61.883851 -31.571765 71.927830
67.791648 -29.284947 67.429106
70.720016 -29.415606 64.291535
71.603043 -30.129061 62.970182
71.859682 -42.605166 54.963496
58.604415 -48.977389 64.550274
6
-87.113015 31.831898 -37.390545
-86.771968 32.272110 -37.803921
-86.415766 45.358039 -21.793663
-88.190891 42.792284 -19.778454
-92.874776 28.437298 -23.782265
-92.166885 27.401688 -27.466577
4
-42.284734 87.637569 23.057707
-52.297880 80.973603 26.612166
-58.602251 80.910516 4.389133
-56.683718 82.382804 0.172529
9
-56.919532 82.004172 -5.956730
-56.184662 82.687917 -2.447887
-56.683718 82.382804 0.172529
-58.602251 80.910516 4.389133
-67.418156 72.041707 16.272206
-68.854521 70.480938 17.073146
-72.893363 66.669931 15.545995
-75.600578 65.232035 -5.416112
-64.003089 76.160900 -10.154901
5
-91.536228 -6.961062 39.656811
-95.333559 -1.939318 30.128915
-94.648216 5.065250 31.875673
-87.894796 11.774681 46.215383
-86.839115 -1.973775 49.548686
6
-2.607342 -94.628169 32.229045
-12.865711 -97.825801 16.266105
-21.469507 -95.347111 21.165743
-12.541673 -92.046473 37.015581
-9.175059 -92.324543 37.309476
-3.928767 -93.812739 34.405446
5
-98.097012 15.089732 -12.217865
-94.333423 13.903037 -30.131559
-92.166885 27.401688 -27.466577
-92.874776 28.437298 -23.782265
-96.868375 23.398933 -8.307103
7
-1.279799 -16.995650 -98.536846
-3.594067 -23.136855 -97.220207
-1.929742 -31.114337 -95.016705
17.325894 -36.870197 -91.325801
20.996470 -34.176034 -91.603204
22.172220 -29.093241 -93.069737
19.675711 -20.291326 -95.922513
9
34.185109 90.015575 26.992120
42.989720 90.087866 6.005021
45.272191 89.092187 3.607060
63.901265 76.310189 9.663513
64.120573 75.817470 11.843284
62.653843 75.676313 18.643808
61.461313 76.319739 19.945036
34.209597 89.438462 28.817790
33.962219 89.597194 28.616612
6
-43.642620 79.886531 41.394007
-45.380296 74.716073 48.560654
-45.812965 74.265388 48.844902
-61.583632 68.756956 38.469953
-61.772047 68.966843 37.786091
-53.705305 78.739433 30.262880
7
81.218327 -58.311805 1.821185
80.204379 -59.715507 1.147079
74.840373 -66.149108 4.818102
71.295718 -69.310878 10.626515
70.925386 -69.500633 11.800490
74.609159 -61.087108 26.492237
83.054837 -51.821489 20.406552
6
-43.069754 77.290820 -46.595337
-41.805516 77.396256 -47.561733
-32.849471 79.973433 -50.250992
-16.840748 86.168782 -47.867841
-33.108854 88.874341 -31.704184
-40.797575 83.766187 -36.315064
5
-79.506515 48.369075 -36.594353
-85.684616 33.048075 -39.572357
-82.403119 31.148600 -47.323258
-81.766769 31.896878 -47.924782
-71.341426 48.912634 -50.179230
5
36.356452 -30.736628 87.940139
22.493195 -34.978302 90.942699
16.834776 -32.076230 93.207864
21.700979 -12.507998 96.812280
22.378651 -12.605541 96.645208
4
24.062943 -87.348864 42.321988
25.707239 -81.498559 51.933830
49.572951 -74.995804 43.796712
43.965905 -82.720181 34.991011
6
-88.634924 -40.281006 -22.831793
-80.912264 -56.708256 -15.407119
-80.442876 -57.240098 -15.890718
-78.470356 -58.293529 -21.077659
-80.703349 -49.948496 -31.497892
-88.361753 -39.342956 -25.383704
6
-36.398295 55.412476 74.864021
-22.145360 70.469948 67.406005
-16.658175 72.140632 67.217813
-9.740542 70.437209 70.311602
-11.404960 58.535517 80.271540
-26.443004 51.243958 81.699598
5
-97.851535 20.142945 4.397603
-93.188330 23.035831 28.022948
-93.998176 19.824160 27.773108
-98.315801 10.662597 14.842920
-98.811712 13.549650 7.256204
7
67.046663 -70.456327 -23.251901
67.767253 -69.666344 -23.541451
70.121111 -63.648550 -32.123074
68.256909 -62.824501 -37.337333
39.398995 -85.386319 -34.013169
39.276001 -85.855780 -32.957256
45.859033 -84.985727 -25.968738
6
78.389964 53.388504 31.696706
78.388009 60.578226 13.623457
81.197413 57.430166 10.428623
85.258787 50.960760 11.573255
83.474002 47.943348 27.083692
83.025407 48.064103 28.224524
5
-52.200061 72.347501 -45.177346
-63.364715 58.520493 -50.599059
-54.640360 57.343420 -61.042307
-47.868417 63.317596 -60.823488
-48.612859 73.980185 -46.515827
7
-63.611387 -8.548442 76.684520
-63.943869 -8.526612 76.409937
-73.093322 0.390847 68.243780
-72.587570 17.795421 66.440708
-55.425258 12.562131 82.281429
-55.167964 12.026943 82.533923
-56.322451 -0.916245 82.625311
6
-87.931648 -45.909061 12.664256
-87.011148 -47.639308 12.631567
-86.389553 -50.153584 -4.632838
-89.266853 -44.588239 -6.581640
-93.588768 -35.219098 0.870360
-92.676351 -36.698708 8.018653
8
-21.350123 5.715894 -97.526923
-16.837461 -1.912979 -98.553744
-6.738506 -3.555757 -99.709323
0.051348 3.165594 -99.949869
0.418232 9.455525 -99.551083
-9.354323 24.925396 -96.390981
-13.999315 26.111345 -95.510297
-21.750472 21.593717 -95.187333
7
-92.046481 -27.636509 27.634558
-91.403025 -27.469319 29.848342
-87.283478 -30.073471 38.434110
-79.415128 -46.755680 38.821950
-78.611187 -50.311892 35.902574
-80.508012 -50.486787 31.137507
-91.286454 -30.934631 26.642670
6
73.185398 9.529234 -67.476597
73.009335 18.721088 -65.720300
58.984504 16.649083 -79.016684
54.299153 11.401718 -83.196171
55.238161 8.969290 -82.875192
65.552378 0.927309 -75.511759
5
-51.612193 48.779210 -70.404334
-44.201051 54.992757 -70.866521
-44.724054 62.945364 -63.542428
-47.868417 63.317596 -60.823488
-54.640360 57.343420 -61.042307
6
-19.644453 79.948180 56.766046
-16.658175 72.140632 67.217813
-22.145360 70.469948 67.406005
-31.696760 73.273179 60.219238
-29.764139 79.135524 53.400982
-28.870831 79.761543 52.958205
6
70.925386 -69.500633 11.800490
62.397041 -75.941197 18.426717
59.594841 -69.445895 40.320251
69.397249 -61.389566 37.621044
72.290984 -60.440094 33.481469
74.609159 -61.087108 26.492237
6
26.396305 -72.197582 63.958927
45.441802 -69.544767 55.664782
49.697387 -74.859945 43.888020
49.572951 -74.995804 43.796712
25.707239 -81.498559 51.933830
23.574735 -79.118634 56.431141
8
-78.973807 -7.138341 -60.927678
-80.651685 -8.425608 -58.517645
-85.166110 -17.328941 -49.461515
-79.910438 -31.750840 -51.051015
-75.196814 -34.024141 -56.460579
-73.159759 -33.665014 -59.281671
-64.124972 -10.092714 -76.066583
-67.909195 -7.001474 -73.070655
7
-70.489155 35.201680 -61.580198
-81.766769 31.896878 -47.924782
-82.403119 31.148600 -47.323258
-82.190980 18.979790 -53.706708
-80.201507 17.706794 -57.045488
-73.342779 20.016074 -64.963017
-65.336999 29.463236 -69.735173
5
-36.728185 67.775719 -63.698448
-31.279208 66.525186 -67.793884
-26.828357 73.706247 -62.029254
-32.849471 79.973433 -50.250992
-41.805516 77.396256 -47.561733
5
52.906260 -41.835288 -73.829102
66.101748 -37.429862 -65.035101
70.732579 -31.082874 -63.488244
69.474242 -29.189737 -65.736512
56.392716 -23.978932 -79.024505
7
58.813315 78.614103 -18.995178
52.273882 81.613075 -24.632242
50.570792 78.057405 -36.737398
57.089459 70.717988 -41.710427
61.481828 67.791590 -40.302421
66.762237 67.450361 -31.515907
67.253680 68.625987 -27.702283
7
12.516675 -52.340617 -84.284000
3.109311 -66.853809 -74.302762
5.161684 -70.760819 -70.471722
11.031218 -72.814008 -67.649334
16.709770 -72.969107 -66.304548
25.512643 -69.193914 -67.537451
18.875114 -54.126979 -81.939003
6
58.813315 78.614103 -18.995178
67.253680 68.625987 -27.702283
68.110032 68.156131 -26.753791
71.932755 67.987901 -14.259178
64.562251 76.319517 -2.654625
59.368385 79.381842 -13.187802
4
-64.860818 -67.659675 -34.860329
-61.717559 -75.460281 -22.286517
-48.476701 -80.070438 -35.195659
-52.816401 -72.185282 -44.718149
6
-71.900489 -54.412487 -43.238882
-77.070622 -48.507039 -41.318111
-80.703349 -49.948496 -31.497892
-78.470356 -58.293529 -21.077659
-75.382824 -61.096458 -24.179590
-69.108189 -63.409565 -34.688403
7
5.234457 99.840236 2.127866
-0.171730 99.968503 2.503764
-9.541683 99.415806 -5.045184
-13.947111 96.387480 -22.692110
-3.343957 96.974056 -24.183682
2.906903 98.252093 -18.386848
9.599797 99.511181 -2.317051
6
77.699232 52.066916 -35.381713
81.594589 54.540951 -19.173098
81.562640 54.824874 -18.486994
68.110032 68.156131 -26.753791
67.253680 68.625987 -27.702283
66.762237 67.450361 -31.515907
7
97.551465 11.017042 -19.035136
94.812516 4.253123 -31.503934
93.466938 -5.262842 -35.160120
92.376059 -16.883412 -34.374616
92.389138 -17.476868 -34.041244
95.878129 -20.252747 -19.930141
99.417402 -9.001653 -5.928780
5
-25.327950 -4.553816 96.632074
-31.370105 -3.587699 94.884377
-39.786571 18.413694 89.877498
-38.114379 21.255499 89.974985
-23.472037 17.278542 95.658327
5
-79.872985 59.733480 -7.226185
-84.034929 52.505650 13.464302
-85.902252 49.242903 13.997843
-91.476416 40.329257 -2.369893
-80.523140 58.701939 -8.372947
5
82.037379 30.347709 48.465297
78.160976 26.072587 56.666411
69.585690 27.446662 66.366501
69.526276 45.093667 55.970154
75.066674 43.024889 50.138342
6
-5.684444 85.714841 -51.192315
-1.147201 80.893110 -58.779151
24.533146 86.041970 -44.664349
24.492189 86.358561 -44.071892
12.819890 93.170457 -33.984061
1.078689 91.688556 -39.900440
5
91.085703 -39.751237 11.101074
85.612243 -46.594944 22.348489
85.612130 -46.001366 23.546496
92.528128 -24.900810 28.609354
94.524152 -21.906062 24.193164
6
-31.573727 94.646941 6.712393
-28.025935 95.629830 -8.335624
-9.541683 99.415806 -5.045184
-0.171730 99.968503 2.503764
-14.064817 98.292474 11.864678
-29.332356 94.881990 11.705596
5
11.031218 -72.814008 -67.649334
-1.210156 -87.700475 -48.032929
4.338719 -89.765496 -43.855800
18.154863 -84.100956 -50.964990
16.709770 -72.969107 -66.304548
8
3.726423 -70.501498 70.821272
8.910262 -82.808718 55.347299
5.444443 -85.634514 51.352586
-3.549153 -85.384882 51.930969
-9.441886 -82.481490 55.746341
-7.779284 -75.604339 64.988205
-2.919179 -70.512770 70.847919
3.316111 -70.251397 71.089694
7
48.498591 -44.785398 75.114278
57.645107 -30.839174 75.670252
61.883851 -31.571765 71.927830
58.604415 -48.977389 64.550274
53.123976 -53.843475 65.411951
49.788256 -55.077690 66.989385
46.261900 -53.180617 70.934185
6
10.426526 33.496545 -93.644375
10.385055 23.953622 -96.531729
22.734766 11.816628 -96.661770
25.595324 13.078685 -95.780099
31.532779 23.843040 -91.854196
27.148615 31.068245 -91.091805
6
-49.993752 -36.778256 -78.409085
-48.881375 -33.931977 -80.369348
-57.030951 -20.003199 -79.670212
-59.721670 -17.052131 -78.374403
-63.473096 -38.215364 -67.162132
-62.020475 -39.987118 -67.486970
7
83.025407 48.064103 28.224524
83.474002 47.943348 27.083692
90.622909 39.145333 15.972829
94.153428 29.592734 16.105964
95.295352 17.472520 24.769070
94.650527 17.165869 27.324178
90.462319 23.826797 35.339109
7
45.272191 89.092187 3.607060
45.005286 89.277874 1.996339
50.209948 85.933057 -9.719615
59.368385 79.381842 -13.187802
64.562251 76.319517 -2.654625
65.496249 75.447063 4.240534
63.901265 76.310189 9.663513
5
80.821354 57.934050 -10.561938
71.932755 67.987901 -14.259178
68.110032 68.156131 -26.753791
81.562640 54.824874 -18.486994
82.384836 54.696993 -14.865322
4
-96.318806 -21.821925 -15.700040
-97.619230 -21.655433 1.236194
-94.679949 -32.117476 -2.043280
-94.176353 -31.496813 -11.779871
6
43.965905 -82.720181 34.991011
42.715440 -87.402775 23.154830
38.684488 -90.133376 19.480373
17.719122 -95.168892 25.078170
18.407059 -90.628076 38.049074
24.062943 -87.348864 42.321988
5
-94.176353 -31.496813 -11.779871
-94.679949 -32.117476 -2.043280
-93.588768 -35.219098 0.870360
-89.266853 -44.588239 -6.581640
-91.470629 -37.789049 -14.321726
6
-56.322451 -0.916245 82.625311
-39.710281 -6.141197 91.571717
-42.971360 -22.650840 87.409391
-53.147340 -24.268997 81.156491
-57.812896 -21.479566 78.716563
-63.611387 -8.548442 76.684520
5
-29.764139 79.135524 53.400982
-31.696760 73.273179 60.219238
-47.323415 58.927365 65.483281
-45.812965 74.265388 48.844902
-45.380296 74.716073 48.560654
8
0.995857 -95.469949 -29.740497
5.220392 -91.369693 -40.302937
4.338719 -89.765496 -43.855800
-1.210156 -87.700475 -48.032929
-4.791904 -87.099158 -48.895545
-20.833130 -89.864881 -38.604195
-18.679657 -93.190861 -31.089127
-15.769137 -94.766238 -27.761385
7
-64.860818 -67.659675 -34.860329
-52.816401 -72.185282 -44.718149
-50.811861 -69.855933 -50.381579
-58.556642 -56.715191 -57.918105
-63.733515 -54.662594 -54.314269
-71.900489 -54.412487 -43.238882
-69.108189 -63.409565 -34.688403
6
60.161781 -10.729757 79.154484
53.854390 -25.802377 80.211857
44.411364 -25.595084 85.863394
42.868909 -17.314683 88.670505
46.091110 -7.443973 88.431877
52.206288 -5.275695 85.127378
4
99.404242 -9.864079 -4.636438
95.993891 -27.913448 -2.452023
95.671481 -19.456176 21.643128
99.292408 -8.070808 8.710895
5
56.392716 -23.978932 -79.024505
69.474242 -29.189737 -65.736512
64.756157 -10.555097 -75.466748
55.280448 -14.461334 -82.066692
53.023763 -18.303867 -82.785560
6
-6.190746 -61.407225 -78.681811
-17.463006 -66.833347 -72.307310
-12.865684 -72.465911 -67.699084
1.569196 -72.286846 -69.080747
5.161684 -70.760819 -70.471722
3.109311 -66.853809 -74.302762
5
-45.544092 -74.591771 48.598389
-29.340814 -87.385683 38.766726
-33.951488 -89.262135 29.657506
-38.606326 -87.749234 28.453885
-50.025874 -76.094011 41.317230
7
29.479723 -59.923501 74.431982
34.772599 -54.957678 75.963939
46.261900 -53.180617 70.934185
49.788256 -55.077690 66.989385
45.441802 -69.544767 55.664782
26.396305 -72.197582 63.958927
26.375047 -72.168099 64.000956
5
85.852324 15.328835 -48.932660
80.870163 -3.628791 -58.709869
83.520999 -6.977770 -54.548633
93.466938 -5.262842 -35.160120
94.812516 4.253123 -31.503934
4
37.288955 92.415749 -8.298387
44.364911 88.398531 -14.746333
50.209948 85.933057 -9.719615
45.005286 89.277874 1.996339
7
65.137411 -10.453520 75.152123
67.791648 -29.284947 67.429106
61.883851 -31.571765 71.927830
57.645107 -30.839174 75.670252
53.854390 -25.802377 80.211857
60.161781 -10.729757 79.154484
63.408618 -9.234890 76.772808
8
-64.003089 76.160900 -10.154901
-75.600578 65.232035 -5.416112
-79.872985 59.733480 -7.226185
-80.523140 58.701939 -8.372947
-81.034356 53.813572 -23.184752
-79.001119 55.022212 -27.044026
-72.445574 61.916356 -30.298575
-66.449552 69.476288 -27.522763
6
91.015565 -41.397917 1.542519
90.333045 -42.887212 0.792475
81.218327 -58.311805 1.821185
83.054837 -51.821489 20.406552
85.612243 -46.594944 22.348489
91.085703 -39.751237 11.101074
5
-78.973807 -7.138341 -60.927678
-67.909195 -7.001474 -73.070655
-68.393879 -1.776531 -72.932306
-73.342779 20.016074 -64.963017
-80.201507 17.706794 -57.045488
6
81.197413 57.430166 10.428623
79.859951 60.058060 -3.926543
80.027034 59.810350 -4.289041
88.510183 46.294647 4.770031
87.937783 47.000730 7.607743
85.258787 50.960760 11.573255
5
-21.750472 21.593717 -95.187333
-34.724234 27.777239 -89.569261
-40.626011 18.414518 -89.501021
-41.737839 9.356110 -90.390353
-21.350123 5.715894 -97.526923
6
94.557255 -30.022288 -12.553395
95.230955 -30.314777 -3.475573
95.993891 -27.913448 -2.452023
99.404242 -9.864079 -4.636438
99.417402 -9.001653 -5.928780
95.878129 -20.252747 -19.930141
6
49.788256 -55.077690 66.989385
53.123976 -53.843475 65.411951
60.502768 -57.458272 55.117711
59.230133 -69.598464 40.593660
49.697387 -74.859945 43.888020
45.441802 -69.544767 55.664782
8
-21.963168 56.294739 -79.677611
-26.023547 58.349700 -76.929107
-44.201051 54.992757 -70.866521
-51.612193 48.779210 -70.404334
-53.435681 44.532984 -71.843172
-38.526444 36.591553 -84.715827
-36.634844 36.384131 -85.639262
-24.784296 49.166970 -83.476630
6
-53.147340 -24.268997 81.156491
-45.035908 -42.535494 78.501584
-47.761403 -45.768588 74.993898
-62.779013 -41.325433 65.962141
-62.981961 -40.960339 65.996388
-57.812896 -21.479566 78.716563
5
10.181200 57.711874 81.028901
14.840433 49.073319 85.857853
7.916376 36.422523 92.794024
-1.692858 43.332020 90.108103
-1.731333 54.249190 83.988260
6
-7.779284 -75.604339 64.988205
-31.459635 -71.656982 62.254062
-32.575987 -71.035911 62.391541
-22.106263 -65.855332 71.933221
-4.543711 -69.410965 71.843389
-2.919179 -70.512770 70.847919
6
-72.005186 29.369347 62.870459
-74.324615 27.964819 60.776809
-72.950718 44.492554 51.948102
-56.436124 56.767957 59.936324
-54.007847 56.751965 62.147944
-64.970093 36.585693 66.636132
5
-70.201011 -70.931945 -6.362170
-63.162393 -75.707922 -16.697986
-75.382824 -61.096458 -24.179590
-78.470356 -58.293529 -21.077659
-80.442876 -57.240098 -15.890718
7
-91.201864 9.498839 -39.899775
-88.601255 10.631206 -45.130866
-82.190980 18.979790 -53.706708
-82.403119 31.148600 -47.323258
-85.684616 33.048075 -39.572357
-86.771968 32.272110 -37.803921
-87.113015 31.831898 -37.390545
8
6.879079 50.346491 -86.127285
6.690887 42.597518 -90.225736
9.790231 34.143432 -93.479289
10.426526 33.496545 -93.644375
27.148615 31.068245 -91.091805
28.680121 33.758952 -89.653688
25.718682 49.883229 -82.766013
18.300429 52.831997 -82.908832
7
-41.737839 9.356110 -90.390353
-43.531914 6.975302 -89.756992
-44.943853 2.398560 -89.298919
-32.994080 -7.375991 -94.111558
-20.143289 -4.672712 -97.838713
-16.837461 -1.912979 -98.553744
-21.350123 5.715894 -97.526923
9
57.343655 54.309779 -61.336394
52.928164 56.113746 -63.638486
51.847525 55.951815 -64.662420
48.766878 51.124831 -70.767530
47.744273 38.894487 -78.788980
48.299881 38.067073 -78.854419
56.297452 34.043575 -75.310238
65.048941 34.523482 -67.651788
57.606653 54.072002 -61.300017
5
6.023577 -97.716876 -20.374706
0.995857 -95.469949 -29.740497
-15.769137 -94.766238 -27.761385
-16.475187 -96.369286 -21.012589
-9.195847 -98.472076 -14.788061
9
-60.541202 -8.766541 -79.106957
-55.778210 14.462119 -81.729055
-57.676323 21.664770 -78.765979
-58.038258 22.142327 -78.366306
-59.270579 22.599090 -77.306400
-68.393879 -1.776531 -72.932306
-67.909195 -7.001474 -73.070655
-64.124972 -10.092714 -76.066583
-62.644473 -10.645373 -77.216229
6
48.498591 -44.785398 75.114278
38.947846 -32.357425 86.232606
38.874122 -30.942703 86.783361
44.411364 -25.595084 85.863394
53.854390 -25.802377 80.211857
57.645107 -30.839174 75.670252
5
-39.414172 -40.823430 82.340577
-33.508346 -32.618034 88.392616
-25.858011 -31.073148 91.464872
-17.809683 -39.368129 90.182956
-25.599674 -52.692591 81.044109
6
23.947440 -45.541628 85.746605
12.825238 -50.895585 85.118463
10.214667 -50.950526 85.438308
15.585428 -32.489564 93.281953
16.834776 -32.076230 93.207864
22.493195 -34.978302 90.942699
6
65.960749 47.668777 58.110819
69.526276 45.093667 55.970154
69.585690 27.446662 66.366501
68.166579 26.547361 68.180314
60.088339 35.017798 71.855030
59.235215 42.025647 68.738885
5
81.594589 54.540951 -19.173098
77.699232 52.066916 -35.381713
77.833657 50.839548 -36.841040
85.968429 41.095389 -30.341361
86.642480 42.075996 -26.882917
6
-46.524182 -48.757407 73.879738
-37.991516 -58.234093 71.870962
-35.005386 -70.639538 61.519742
-36.987194 -71.345034 59.513306
-43.003015 -71.164566 55.554885
-52.381836 -62.848682 57.499446
7
-56.661523 -53.762515 -62.442484
-58.556642 -56.715191 -57.918105
-50.811861 -69.855933 -50.381579
-37.259403 -73.610608 -56.508541
-36.203077 -59.976213 -71.359590
-44.642236 -53.450415 -71.764364
-46.123986 -52.865210 -71.259017
4
36.420987 -26.696655 -89.223317
42.828310 -39.357925 -81.343037
50.824979 -19.255023 -83.940846
42.643752 -18.080860 -88.626141
5
-62.644473 -10.645373 -77.216229
-64.124972 -10.092714 -76.066583
-73.159759 -33.665014 -59.281671
-63.473096 -38.215364 -67.162132
-59.721670 -17.052131 -78.374403
8
-89.010056 36.537564 27.243648
-85.902252 49.242903 13.997843
-84.034929 52.505650 13.464302
-77.625443 60.398896 18.062776
-77.005417 58.734576 24.908138
-79.892483 47.242265 37.220419
-86.664990 38.614782 31.592374
-88.906173 36.140365 28.099224
5
65.048941 34.523482 -67.651788
75.822609 26.312193 -59.654006
75.960862 26.368447 -59.452944
67.136070 49.397954 -55.250251
57.606653 54.072002 -61.300017
5
87.685979 32.908603 -35.045582
85.968429 41.095389 -30.341361
77.833657 50.839548 -36.841040
76.352797 48.913947 -42.162497
81.263940 31.414354 -49.084728
6
71.859682 -42.605166 54.963496
71.603043 -30.129061 62.970182
81.953917 -21.984873 52.917112
83.296973 -29.169944 47.018387
78.180588 -42.002912 46.082003
73.760933 -45.124480 50.230530
6
-13.653958 36.656285 -92.031985
-24.784296 49.166970 -83.476630
-36.634844 36.384131 -85.639262
-34.724234 27.777239 -89.569261
-21.750472 21.593717 -95.187333
-13.999315 26.111345 -95.510297
6
-7.438884 61.962093 -78.136816
-21.963168 56.294739 -79.677611
-24.784296 49.166970 -83.476630
-13.653958 36.656285 -92.031985
6.690887 42.597518 -90.225736
6.879079 50.346491 -86.127285
8
-99.201789 -2.489743 -12.361479
-98.097012 15.089732 -12.217865
-96.868375 23.398933 -8.307103
-96.328641 26.746609 -2.326327
-97.851535 20.142945 4.397603
-98.811712 13.549650 7.256204
-99.941542 -3.323157 0.802969
-99.912674 -4.127040 -0.651957
7
-64.416469 68.038467 34.946895
-61.772047 68.966843 37.786091
-61.583632 68.756956 38.469953
-63.040464 62.680089 45.794175
-76.155143 48.972175 42.451387
-77.071208 48.901719 40.849122
-70.210738 62.755920 33.647389
5
-20.226370 -47.927353 -85.404115
-32.468948 -39.732866 -85.831618
-44.642236 -53.450415 -71.764364
-36.203077 -59.976213 -71.359590
-28.337098 -59.542100 -75.178104
5
-9.195847 -98.472076 -14.788061
-7.416672 -99.677770 -3.055362
9.571218 -99.127068 -9.067314
9.931533 -98.083874 -16.760619
6.023577 -97.716876 -20.374706
6
82.786080 -41.930019 37.260415
90.498322 -27.416881 32.532574
91.806534 -25.424594 30.416285
92.528128 -24.900810 28.609354
85.612130 -46.001366 23.546496
82.908424 -45.271307 32.813136
6
17.325894 -36.870197 -91.325801
10.149961 -48.112320 -87.075731
12.516675 -52.340617 -84.284000
18.875114 -54.126979 -81.939003
35.606130 -45.793710 -81.456367
20.996470 -34.176034 -91.603204
7
48.299881 38.067073 -78.854419
43.787701 20.402385 -87.557866
47.322385 14.629744 -86.870953
47.812243 14.188272 -86.675731
54.299153 11.401718 -83.196171
58.984504 16.649083 -79.016684
56.297452 34.043575 -75.310238
5
34.559358 54.858731 -76.132584
30.825841 50.170355 -80.825138
42.218233 40.308073 -81.196552
47.744273 38.894487 -78.788980
48.766878 51.124831 -70.767530
5
80.204379 -59.715507 1.147079
79.830164 -59.754351 -7.520795
70.176092 -68.913125 -18.063702
68.651503 -72.475819 -5.850370
74.840373 -66.149108 4.818102
6
77.761693 53.859174 32.439305
70.435387 64.115261 30.464562
62.653843 75.676313 18.643808
64.120573 75.817470 11.843284
78.388009 60.578226 13.623457
78.389964 53.388504 31.696706
5
-55.167964 12.026943 82.533923
-39.786571 18.413694 89.877498
-31.370105 -3.587699 94.884377
-39.710281 -6.141197 91.571717
-56.322451 -0.916245 82.625311
6
-69.108189 -63.409565 -34.688403
-75.382824 -61.096458 -24.179590
-63.162393 -75.707922 -16.697986
-62.259846 -76.314364 -17.315583
-61.717559 -75.460281 -22.286517
-64.860818 -67.659675 -34.860329
4
83.520999 -6.977770 -54.548633
81.944196 -22.334997 -52.785383
92.376059 -16.883412 -34.374616
93.466938 -5.262842 -35.160120
7
-28.633262 -85.883657 -42.475095
-30.777281 -77.621608 -55.024040
-37.259403 -73.610608 -56.508541
-50.811861 -69.855933 -50.381579
-52.816401 -72.185282 -44.718149
-48.476701 -80.070438 -35.195659
-42.650854 -84.866835 -31.281385
5
12.809502 -99.098803 -3.917126
31.218998 -94.595313 -8.780713
30.830052 -91.322712 -26.639634
9.931533 -98.083874 -16.760619
9.571218 -99.127068 -9.067314
4
-12.932402 88.943095 43.839238
-3.307236 84.368945 53.581184
-7.204828 82.069080 56.681183
-19.083675 80.279107 56.489630
8
9.599797 99.511181 -2.317051
16.847906 98.473597 -4.370222
23.972321 97.059798 2.173337
34.185109 90.015575 26.992120
33.962219 89.597194 28.616612
19.652960 93.291506 30.173764
11.234202 95.829949 26.275724
5.234457 99.840236 2.127866
7
89.155523 -38.058136 -24.553431
87.558811 -42.388603 -23.165944
87.072128 -45.292608 -19.157876
90.333045 -42.887212 0.792475
91.015565 -41.397917 1.542519
95.230955 -30.314777 -3.475573
94.557255 -30.022288 -12.553395
4
-37.913914 -15.919173 -91.154347
-32.994080 -7.375991 -94.111558
-44.943853 2.398560 -89.298919
-52.584507 -5.019372 -84.909808
5
66.233393 -8.272093 -74.462810
75.734621 -8.220159 -64.781912
78.707737 -3.755609 -61.570997
73.185398 9.529234 -67.476597
65.552378 0.927309 -75.511759
5
-68.393879 -1.776531 -72.932306
-59.270579 22.599090 -77.306400
-65.111520 29.529623 -69.917747
-65.336999 29.463236 -69.735173
-73.342779 20.016074 -64.963017
7
-0.917197 79.619244 -60.497395
-1.147201 80.893110 -58.779151
-5.684444 85.714841 -51.192315
-11.966343 86.779741 -48.229484
-16.840748 86.168782 -47.867841
-32.849471 79.973433 -50.250992
-26.828357 73.706247 -62.029254
5
70.435387 64.115261 30.464562
62.749816 65.541183 42.033485
55.215706 74.082158 38.249964
61.461313 76.319739 19.945036
62.653843 75.676313 18.643808
7
91.015565 -41.397917 1.542519
91.085703 -39.751237 11.101074
94.524152 -21.906062 24.193164
95.194096 -19.988872 23.206231
95.671481 -19.456176 21.643128
95.993891 -27.913448 -2.452023
95.230955 -30.314777 -3.475573
6
87.072128 -45.292608 -19.157876
81.445557 -55.840257 -15.763469
79.830164 -59.754351 -7.520795
80.204379 -59.715507 1.147079
81.218327 -58.311805 1.821185
90.333045 -42.887212 0.792475
7
-53.533827 83.830934 -10.320068
-30.925029 94.400725 -11.495468
-28.262390 95.476178 -9.248605
-28.025935 95.629830 -8.335624
-31.573727 94.646941 6.712393
-56.184662 82.687917 -2.447887
-56.919532 82.004172 -5.956730
5
40.253286 -3.666484 -91.467097
47.812243 14.188272 -86.675731
47.322385 14.629744 -86.870953
33.740968 6.671457 -93.899088
35.275077 -6.772017 -93.326356
7
28.680121 33.758952 -89.653688
27.148615 31.068245 -91.091805
31.532779 23.843040 -91.854196
43.787701 20.402385 -87.557866
48.299881 38.067073 -78.854419
47.744273 38.894487 -78.788980
42.218233 40.308073 -81.196552
8
42.715440 -87.402775 23.154830
43.965905 -82.720181 34.991011
49.572951 -74.995804 43.796712
49.697387 -74.859945 43.888020
59.230133 -69.598464 40.593660
59.594841 -69.445895 40.320251
62.397041 -75.941197 18.426717
56.114271 -81.011334 16.980940
5
57.089459 70.717988 -41.710427
50.570792 78.057405 -36.737398
42.484513 81.344232 -39.726340
38.052650 79.874326 -46.605663
49.273277 69.831038 -51.920808
6
-91.536228 -6.961062 39.656811
-86.839115 -1.973775 49.548686
-82.760591 -3.934316 55.992908
-79.696321 -24.334616 55.284020
-83.040076 -24.076394 50.246124
-90.593183 -11.880968 40.641331
6
-93.103999 6.802896 -35.852000
-94.905632 -10.915011 -29.559831
-85.166110 -17.328941 -49.461515
-80.651685 -8.425608 -58.517645
-88.601255 10.631206 -45.130866
-91.201864 9.498839 -39.899775
6
82.384836 54.696993 -14.865322
81.562640 54.824874 -18.486994
81.594589 54.540951 -19.173098
86.642480 42.075996 -26.882917
93.791506 33.015088 -10.637543
92.733775 36.583475 -7.880119
5
58.253126 59.715447 55.141986
65.960749 47.668777 58.110819
59.235215 42.025647 68.738885
41.438178 53.031703 73.962936
48.475544 64.603597 58.961826
6
64.120573 75.817470 11.843284
63.901265 76.310189 9.663513
65.496249 75.447063 4.240534
79.859951 60.058060 -3.926543
81.197413 57.430166 10.428623
78.388009 60.578226 13.623457
7
-96.135709 -23.459118 14.408168
-97.971020 -19.673254 3.826524
-99.912674 -4.127040 -0.651957
-99.941542 -3.323157 0.802969
-97.320957 -4.644990 22.517891
-97.060875 -5.156703 23.507337
-95.472717 -21.494675 20.565485
7
-56.436124 56.767957 59.936324
-63.040464 62.680089 45.794175
-61.583632 68.756956 38.469953
-45.812965 74.265388 48.844902
-47.323415 58.927365 65.483281
-47.366179 58.809689 65.558108
-54.007847 56.751965 62.147944
7
34.320532 39.784272 85.084151
36.049520 40.747134 83.905323
47.414915 31.264574 82.306453
47.289622 13.846039 87.017118
37.609434 10.640986 92.045097
28.065695 14.999393 94.801556
22.689454 25.732624 93.930936
6
-63.911791 -49.268860 59.058128
-77.541929 -42.160031 47.008308
-77.719408 -26.186037 57.218747
-76.875026 -26.380136 58.260783
-62.981961 -40.960339 65.996388
-62.779013 -41.325433 65.962141
4
-26.018889 48.518197 83.480548
-9.202243 39.534651 91.391083
-14.572294 25.960105 95.465812
-29.251660 34.999314 88.990946
4
17.325894 -36.870197 -91.325801
-1.929742 -31.114337 -95.016705
-7.003711 -45.953562 -88.539359
10.149961 -48.112320 -87.075731
6
17.336238 65.505718 73.542204
38.266499 51.584279 76.646834
36.049520 40.747134 83.905323
34.320532 39.784272 85.084151
14.840433 49.073319 85.857853
10.181200 57.711874 81.028901
6
-31.090550 -94.905167 -5.136824
-29.410913 -95.421561 -5.451960
-16.475187 -96.369286 -21.012589
-15.769137 -94.766238 -27.761385
-18.679657 -93.190861 -31.089127
-34.742777 -91.096183 -22.235668
7
-22.327194 -56.215763 79.632182
-25.373956 -53.577774 80.533127
-25.599674 -52.692591 81.044109
-17.809683 -39.368129 90.182956
-5.725683 -42.213062 90.472504
-3.275263 -47.617571 87.873999
-10.179976 -56.722299 81.724836
6
-23.472037 17.278542 95.658327
-38.114379 21.255499 89.974985
-37.231008 29.084816 88.135836
-29.251660 34.999314 88.990946
-14.572294 25.960105 95.465812
-14.538629 25.873017 95.494582
7
80.870163 -3.628791 -58.709869
78.707737 -3.755609 -61.570997
75.734621 -8.220159 -64.781912
73.936968 -29.578135 -60.485194
76.109234 -29.809107 -57.609041
81.944196 -22.334997 -52.785383
83.520999 -6.977770 -54.548633
4
24.752776 -11.933932 -96.150306
27.329974 -9.853999 -95.686839
20.730498 8.621634 -97.446980
5.307627 3.031424 -99.813023
4
-49.935481 84.593908 -18.716796
-34.282347 91.263254 -22.265199
-30.925029 94.400725 -11.495468
-53.533827 83.830934 -10.320068
8
-6.738506 -3.555757 -99.709323
-16.837461 -1.912979 -98.553744
-20.143289 -4.672712 -97.838713
-24.422291 -20.557741 -94.767774
-21.796202 -25.768920 -94.132292
-17.947125 -27.621362 -94.419072
-3.594067 -23.136855 -97.220207
-1.279799 -16.995650 -98.536846
5
-96.072651 27.675456 -2.028525
-92.441257 37.981307 -3.469038
-91.476416 40.329257 -2.369893
-85.902252 49.242903 13.997843
-89.010056 36.537564 27.243648
6
66.233393 -8.272093 -74.462810
64.756157 -10.555097 -75.466748
69.474242 -29.189737 -65.736512
70.732579 -31.082874 -63.488244
73.936968 -29.578135 -60.485194
75.734621 -8.220159 -64.781912
4
-9.441886 -82.481490 55.746341
-15.265614 -82.913724 53.779878
-31.459635 -71.656982 62.254062
-7.779284 -75.604339 64.988205
5
34.320532 39.784272 85.084151
22.689454 25.732624 93.930936
12.646960 27.431198 95.328819
7.916376 36.422523 92.794024
14.840433 49.073319 85.857853
6
-21.366685 -18.189624 95.982302
-6.035250 -22.573664 97.231710
-5.568335 -41.980942 90.590254
-5.725683 -42.213062 90.472504
-17.809683 -39.368129 90.182956
-25.858011 -31.073148 91.464872
6
47.289622 13.846039 87.017118
47.414915 31.264574 82.306453
52.126543 30.884669 79.554765
61.814321 16.438504 76.868494
59.779181 11.364760 79.355477
53.951172 10.146835 83.584166
6
-46.524182 -48.757407 73.879738
-52.381836 -62.848682 57.499446
-62.260169 -56.045149 54.613301
-63.911791 -49.268860 59.058128
-62.779013 -41.325433 65.962141
-47.761403 -45.768588 74.993898
6
35.295094 89.177688 -28.312477
42.484513 81.344232 -39.726340
50.570792 78.057405 -36.737398
52.273882 81.613075 -24.632242
43.924115 86.831402 -23.042997
36.269612 89.200511 -26.977473
6
17.719122 -95.168892 25.078170
13.530086 -96.603224 22.017127
-2.607342 -94.628169 32.229045
-3.928767 -93.812739 34.405446
8.727489 -88.854152 45.041876
18.407059 -90.628076 38.049074
4
-56.436124 56.767957 59.936324
-72.950718 44.492554 51.948102
-76.155143 48.972175 42.451387
-63.040464 62.680089 45.794175
4
60.329695 -79.176850 -9.557946
67.046663 -70.456327 -23.251901
45.859033 -84.985727 -25.968738
50.441900 -85.256059 -13.675494
6
22.734766 11.816628 -96.661770
10.385055 23.953622 -96.531729
0.418232 9.455525 -99.551083
0.051348 3.165594 -99.949869
5.307627 3.031424 -99.813023
20.730498 8.621634 -97.446980
8
-43.642620 79.886531 41.394007
-53.705305 78.739433 30.262880
-53.228082 79.992343 27.712748
-52.297880 80.973603 26.612166
-42.284734 87.637569 23.057707
-34.252314 90.761844 24.270695
-33.630870 90.571549 25.802307
-36.555684 85.301263 37.247505
8
23.972321 97.059798 2.173337
16.847906 98.473597 -4.370222
18.018434 98.204087 -5.594043
31.960364 94.218264 -10.072432
37.288955 92.415749 -8.298387
45.005286 89.277874 1.996339
45.272191 89.092187 3.607060
42.989720 90.087866 6.005021
5
-63.611387 -8.548442 76.684520
-57.812896 -21.479566 78.716563
-62.981961 -40.960339 65.996388
-76.875026 -26.380136 58.260783
-63.943869 -8.526612 76.409937
6
-63.911791 -49.268860 59.058128
-62.260169 -56.045149 54.613301
-68.356486 -59.843098 41.787491
-78.611187 -50.311892 35.902574
-79.415128 -46.755680 38.821950
-77.541929 -42.160031 47.008308
6
-42.914243 55.229894 71.470459
-47.366179 58.809689 65.558108
-47.323415 58.927365 65.483281
-31.696760 73.273179 60.219238
-22.145360 70.469948 67.406005
-36.398295 55.412476 74.864021
4
56.788942 -59.568459 -56.803299
38.574408 -71.206880 -58.665112
41.364751 -77.502233 -47.774065
62.432861 -62.197738 -47.260758
5
-8.521695 -99.081495 10.499436
-12.865711 -97.825801 16.266105
-2.607342 -94.628169 32.229045
13.530086 -96.603224 22.017127
10.702157 -98.253333 15.223221
8
76.295470 52.206139 38.125060
77.761693 53.859174 32.439305
78.389964 53.388504 31.696706
83.025407 48.064103 28.224524
90.462319 23.826797 35.339109
88.460805 24.483690 39.689229
82.037379 30.347709 48.465297
75.066674 43.024889 50.138342
6
26.098700 -11.917461 95.795783
42.868909 -17.314683 88.670505
44.411364 -25.595084 85.863394
38.874122 -30.942703 86.783361
36.356452 -30.736628 87.940139
22.378651 -12.605541 96.645208
4
-71.341426 48.912634 -50.179230
-81.766769 31.896878 -47.924782
-70.489155 35.201680 -61.580198
-69.791099 49.869322 -51.402852
6
-92.676351 -36.698708 8.018653
-93.588768 -35.219098 0.870360
-94.679949 -32.117476 -2.043280
-97.619230 -21.655433 1.236194
-97.971020 -19.673254 3.826524
-96.135709 -23.459118 14.408168
7
6.038342 23.040333 97.121993
12.646960 27.431198 95.328819
22.689454 25.732624 93.930936
28.065695 14.999393 94.801556
15.515092 -6.475144 98.576642
7.896667 -5.951634 99.509902
0.849680 0.146953 99.996282
7
48.475544 64.603597 58.961826
44.788712 70.005638 55.616382
44.434087 76.390744 46.798142
55.215706 74.082158 38.249964
62.749816 65.541183 42.033485
61.878359 61.331643 49.086641
58.253126 59.715447 55.141986
4
-70.210738 62.755920 33.647389
-77.071208 48.901719 40.849122
-79.892483 47.242265 37.220419
-77.005417 58.734576 24.908138
7
42.161120 -46.497806 -77.848532
43.368683 -47.597445 -76.509088
52.906260 -41.835288 -73.829102
56.392716 -23.978932 -79.024505
53.023763 -18.303867 -82.785560
50.824979 -19.255023 -83.940846
42.828310 -39.357925 -81.343037
6
2.906903 98.252093 -18.386848
13.915107 93.868453 -31.544943
21.075058 94.406500 -25.362466
18.018434 98.204087 -5.594043
16.847906 98.473597 -4.370222
9.599797 99.511181 -2.317051
7
35.275077 -6.772017 -93.326356
33.740968 6.671457 -93.899088
25.595324 13.078685 -95.780099
22.734766 11.816628 -96.661770
20.730498 8.621634 -97.446980
27.329974 -9.853999 -95.686839
34.440983 -8.129274 -93.529319
6
-31.090550 -94.905167 -5.136824
-34.742777 -91.096183 -22.235668
-42.580360 -85.543545 -29.482450
-49.932028 -84.846092 -17.548026
-38.544651 -92.272908 -0.142922
-36.553002 -93.078459 -0.527802
7
-95.173052 -11.363339 -28.512537
-94.905632 -10.915011 -29.559831
-93.103999 6.802896 -35.852000
-94.333423 13.903037 -30.131559
-98.097012 15.089732 -12.217865
-99.201789 -2.489743 -12.361479
-95.887446 -11.289720 -26.041118
7
19.675711 -20.291326 -95.922513
22.172220 -29.093241 -93.069737
36.420987 -26.696655 -89.223317
42.643752 -18.080860 -88.626141
34.440983 -8.129274 -93.529319
27.329974 -9.853999 -95.686839
24.752776 -11.933932 -96.150306
3
23.972321 97.059798 2.173337
42.989720 90.087866 6.005021
34.185109 90.015575 26.992120
5
-16.475187 -96.369286 -21.012589
-29.410913 -95.421561 -5.451960
-11.196477 -99.355082 1.790671
-7.416672 -99.677770 -3.055362
-9.195847 -98.472076 -14.788061
6
-23.025685 -87.123680 43.350689
-15.265614 -82.913724 53.779878
-9.441886 -82.481490 55.746341
-3.549153 -85.384882 51.930969
-9.175059 -92.324543 37.309476
-12.541673 -92.046473 37.015581
5
-26.530466 -77.414641 -57.472669
-18.581125 -78.559130 -59.018682
-12.865684 -72.465911 -67.699084
-17.463006 -66.833347 -72.307310
-21.899986 -65.714803 -72.124582
6
-28.468041 83.370055 47.318121
-14.325342 90.644368 39.728870
-12.932402 88.943095 43.839238
-19.083675 80.279107 56.489630
-19.644453 79.948180 56.766046
-28.870831 79.761543 52.958205
6
-68.854521 70.480938 17.073146
-67.418156 72.041707 16.272206
-53.228082 79.992343 27.712748
-53.705305 78.739433 30.262880
-61.772047 68.966843 37.786091
-64.416469 68.038467 34.946895
8
99.292408 -8.070808 8.710895
95.671481 -19.456176 21.643128
95.194096 -19.988872 23.206231
95.224277 -8.095568 29.441447
94.755139 10.757381 30.095555
94.650527 17.165869 27.324178
95.295352 17.472520 24.769070
97.812978 13.384545 15.920906
6
55.280448 -14.461334 -82.066692
64.756157 -10.555097 -75.466748
66.233393 -8.272093 -74.462810
65.552378 0.927309 -75.511759
55.238161 8.969290 -82.875192
52.622292 -4.197922 -84.930983
6
70.176092 -68.913125 -18.063702
79.830164 -59.754351 -7.520795
81.445557 -55.840257 -15.763469
74.760909 -59.880246 -28.725644
70.121111 -63.648550 -32.123074
67.767253 -69.666344 -23.541451
7
-30.777281 -77.621608 -55.024040
-28.633262 -85.883657 -42.475095
-20.833130 -89.864881 -38.604195
-4.791904 -87.099158 -48.895545
-9.757909 -82.236665 -56.052780
-18.581125 -78.559130 -59.018682
-26.530466 -77.414641 -57.472669
8
73.009335 18.721088 -65.720300
73.185398 9.529234 -67.476597
78.707737 -3.755609 -61.570997
80.870163 -3.628791 -58.709869
85.852324 15.328835 -48.932660
79.640198 26.159740 -54.526204
75.960862 26.368447 -59.452944
75.822609 26.312193 -59.654006
8
-26.018889 48.518197 83.480548
-29.251660 34.999314 88.990946
-37.231008 29.084816 88.135836
-49.325648 35.241703 79.529886
-49.624473 37.592492 78.257372
-42.914243 55.229894 71.470459
-36.398295 55.412476 74.864021
-26.443004 51.243958 81.699598
6
-79.001119 55.022212 -27.044026
-81.034356 53.813572 -23.184752
-86.415766 45.358039 -21.793663
-86.771968 32.272110 -37.803921
-85.684616 33.048075 -39.572357
-79.506515 48.369075 -36.594353
7
-37.231008 29.084816 88.135836
-38.114379 21.255499 89.974985
-39.786571 18.413694 89.877498
-55.167964 12.026943 82.533923
-55.425258 12.562131 82.281429
-55.821248 24.877648 79.152327
-49.325648 35.241703 79.529886
6
-34.724234 27.777239 -89.569261
-36.634844 36.384131 -85.639262
-38.526444 36.591553 -84.715827
-58.038258 22.142327 -78.366306
-57.676323 21.664770 -78.765979
-40.626011 18.414518 -89.501021
8
17.336238 65.505718 73.542204
10.181200 57.711874 81.028901
-1.731333 54.249190 83.988260
-11.404960 58.535517 80.271540
-9.740542 70.437209 70.311602
-8.680622 70.933110 69.950987
14.035052 73.175301 66.696272
15.036605 72.524966 67.186530
6
97.551465 11.017042 -19.035136
99.417402 -9.001653 -5.928780
99.404242 -9.864079 -4.636438
99.292408 -8.070808 8.710895
97.812978 13.384545 15.920906
97.378282 15.727656 -16.435052
7
-2.919179 -70.512770 70.847919
-4.543711 -69.410965 71.843389
-10.179976 -56.722299 81.724836
-3.275263 -47.617571 87.873999
7.214611 -52.012192 85.103944
7.644180 -64.108600 76.365266
3.316111 -70.251397 71.089694
5
44.434087 76.390744 46.798142
37.430514 83.675206 39.967694
34.209597 89.438462 28.817790
61.461313 76.319739 19.945036
55.215706 74.082158 38.249964
7
-49.552294 83.908259 -22.449369
-49.935481 84.593908 -18.716796
-53.533827 83.830934 -10.320068
-56.919532 82.004172 -5.956730
-64.003089 76.160900 -10.154901
-66.449552 69.476288 -27.522763
-58.441857 73.228390 -34.959294
6
-94.648216 5.065250 31.875673
-93.998176 19.824160 27.773108
-93.188330 23.035831 28.022948
-91.402635 27.400903 29.912353
-85.787181 17.794241 48.207101
-87.894796 11.774681 46.215383
5
-55.703854 -80.178617 21.644168
-42.189305 -87.385654 24.162161
-42.258622 -90.592195 2.695001
-53.697383 -84.237782 4.537308
-57.794271 -80.000397 16.117030
6
-95.887446 -11.289720 -26.041118
-99.201789 -2.489743 -12.361479
-99.912674 -4.127040 -0.651957
-97.971020 -19.673254 3.826524
-97.619230 -21.655433 1.236194
-96.318806 -21.821925 -15.700040
5
-49.325648 35.241703 79.529886
-55.821248 24.877648 79.152327
-72.005186 29.369347 62.870459
-64.970093 36.585693 66.636132
-49.624473 37.592492 78.257372
7
38.849988 -84.183435 -37.467688
18.154863 -84.100956 -50.964990
4.338719 -89.765496 -43.855800
5.220392 -91.369693 -40.302937
31.943821 -90.422489 -28.343706
39.276001 -85.855780 -32.957256
39.398995 -85.386319 -34.013169
5
52.126543 30.884669 79.554765
60.088339 35.017798 71.855030
68.166579 26.547361 68.180314
67.794609 21.454860 70.310596
61.814321 16.438504 76.868494
8
-75.920969 26.594595 59.403148
-86.664990 38.614782 31.592374
-79.892483 47.242265 37.220419
-77.071208 48.901719 40.849122
-76.155143 48.972175 42.451387
-72.950718 44.492554 51.948102
-74.324615 27.964819 60.776809
-74.739816 27.244961 60.594323
6
-72.587570 17.795421 66.440708
-74.739816 27.244961 60.594323
-74.324615 27.964819 60.776809
-72.005186 29.369347 62.870459
-55.821248 24.877648 79.152327
-55.425258 12.562131 82.281429
6
-34.742777 -91.096183 -22.235668
-18.679657 -93.190861 -31.089127
-20.833130 -89.864881 -38.604195
-28.633262 -85.883657 -42.475095
-42.650854 -84.866835 -31.281385
-42.580360 -85.543545 -29.482450
7
22.378651 -12.605541 96.645208
21.700979 -12.507998 96.812280
15.515092 -6.475144 98.576642
28.065695 14.999393 94.801556
37.609434 10.640986 92.045097
39.690655 -1.135229 91.778882
26.098700 -11.917461 95.795783
9
36.888020 -92.905846 2.788864
38.685026 -92.121041 4.145177
46.572076 -88.482207 -1.393138
50.441900 -85.256059 -13.675494
45.859033 -84.985727 -25.968738
39.276001 -85.855780 -32.957256
31.943821 -90.422489 -28.343706
30.830052 -91.322712 -26.639634
31.218998 -94.595313 -8.780713
8
89.464978 0.798184 44.669682
86.881295 -10.161232 48.460189
85.533741 -12.320170 50.320896
84.721577 -12.753606 51.571309
79.329275 -5.447170 60.639876
77.965849 5.688221 62.361610
78.188794 6.004937 62.052021
83.432685 8.838652 54.413834
6
3.316111 -70.251397 71.089694
7.644180 -64.108600 76.365266
25.293866 -59.815605 76.041526
29.479723 -59.923501 74.431982
26.375047 -72.168099 64.000956
3.726423 -70.501498 70.821272
8
97.812978 13.384545 15.920906
95.295352 17.472520 24.769070
94.153428 29.592734 16.105964
92.615035 37.334135 -5.349543
92.733775 36.583475 -7.880119
93.791506 33.015088 -10.637543
97.140149 17.085032 -16.489183
97.378282 15.727656 -16.435052
7
-24.292291 -94.699699 21.020266
-33.951488 -89.262135 29.657506
-29.340814 -87.385683 38.766726
-23.934612 -86.976392 43.153697
-23.025685 -87.123680 43.350689
-12.541673 -92.046473 37.015581
-21.469507 -95.347111 21.165743
4
-12.909461 24.901666 95.985691
6.038342 23.040333 97.121993
0.849680 0.146953 99.996282
-9.323680 0.836955 99.560878
7
0.849680 0.146953 99.996282
7.896667 -5.951634 99.509902
0.709662 -19.543677 98.069063
-6.035250 -22.573664 97.231710
-21.366685 -18.189624 95.982302
-24.862681 -4.833941 96.739238
-9.323680 0.836955 99.560878
5
-55.703854 -80.178617 21.644168
-58.273801 -73.196388 35.305140
-50.025874 -76.094011 41.317230
-38.606326 -87.749234 28.453885
-42.189305 -87.385654 24.162161
7
-96.328641 26.746609 -2.326327
-96.072651 27.675456 -2.028525
-89.010056 36.537564 27.243648
-88.906173 36.140365 28.099224
-91.402635 27.400903 29.912353
-93.188330 23.035831 28.022948
-97.851535 20.142945 4.397603
5
-28.468041 83.370055 47.318121
-36.555684 85.301263 37.247505
-33.630870 90.571549 25.802307
-13.821408 91.844774 37.060844
-14.325342 90.644368 39.728870
7
-42.580360 -85.543545 -29.482450
-42.650854 -84.866835 -31.281385
-48.476701 -80.070438 -35.195659
-61.717559 -75.460281 -22.286517
-62.259846 -76.314364 -17.315583
-58.724061 -79.431247 -15.561545
-49.932028 -84.846092 -17.548026
6
92.615035 37.334135 -5.349543
88.510183 46.294647 4.770031
80.027034 59.810350 -4.289041
80.821354 57.934050 -10.561938
82.384836 54.696993 -14.865322
92.733775 36.583475 -7.880119
7
18.875114 -54.126979 -81.939003
25.512643 -69.193914 -67.537451
33.322770 -67.507513 -65.820428
43.295353 -50.105259 -74.933140
43.368683 -47.597445 -76.509088
42.161120 -46.497806 -77.848532
35.606130 -45.793710 -81.456367
5
5.444443 -85.634514 51.352586
8.727489 -88.854152 45.041876
-3.928767 -93.812739 34.405446
-9.175059 -92.324543 37.309476
-3.549153 -85.384882 51.930969
5
3.726423 -70.501498 70.821272
26.375047 -72.168099 64.000956
26.396305 -72.197582 63.958927
23.574735 -79.118634 56.431141
8.910262 -82.808718 55.347299
7
65.137411 -10.453520 75.152123
63.408618 -9.234890 76.772808
65.840382 2.525468 75.224106
77.673809 5.849049 62.710191
77.965849 5.688221 62.361610
79.329275 -5.447170 60.639876
74.516251 -10.689077 65.826074
6
46.572076 -88.482207 -1.393138
38.685026 -92.121041 4.145177
38.684488 -90.133376 19.480373
42.715440 -87.402775 23.154830
56.114271 -81.011334 16.980940
55.683317 -82.951318 4.294998
5
37.288955 92.415749 -8.298387
31.960364 94.218264 -10.072432
36.269612 89.200511 -26.977473
43.924115 86.831402 -23.042997
44.364911 88.398531 -14.746333
6
-56.184662 82.687917 -2.447887
-31.573727 94.646941 6.712393
-29.332356 94.881990 11.705596
-34.252314 90.761844 24.270695
-42.284734 87.637569 23.057707
-56.683718 82.382804 0.172529
6
-91.470629 -37.789049 -14.321726
-89.266853 -44.588239 -6.581640
-86.389553 -50.153584 -4.632838
-83.923835 -53.828930 -7.696505
-80.912264 -56.708256 -15.407119
-88.634924 -40.281006 -22.831793
5
43.787701 20.402385 -87.557866
31.532779 23.843040 -91.854196
25.595324 13.078685 -95.780099
33.740968 6.671457 -93.899088
47.322385 14.629744 -86.870953
5
-13.653958 36.656285 -92.031985
-13.999315 26.111345 -95.510297
-9.354323 24.925396 -96.390981
9.790231 34.143432 -93.479289
6.690887 42.597518 -90.225736
5
13.915107 93.868453 -31.544943
2.906903 98.252093 -18.386848
-3.343957 96.974056 -24.183682
1.078689 91.688556 -39.900440
12.819890 93.170457 -33.984061
8
-39.710281 -6.141197 91.571717
-31.370105 -3.587699 94.884377
-25.327950 -4.553816 96.632074
-24.862681 -4.833941 96.739238
-21.366685 -18.189624 95.982302
-25.858011 -31.073148 91.464872
-33.508346 -32.618034 88.392616
-42.971360 -22.650840 87.409391
6
-16.230989 -47.596501 -86.435687
-17.947125 -27.621362 -94.419072
-21.796202 -25.768920 -94.132292
-34.498231 -36.531697 -86.459859
-32.468948 -39.732866 -85.831618
-20.226370 -47.927353 -85.404115
4
-6.035250 -22.573664 97.231710
0.709662 -19.543677 98.069063
9.623620 -32.288497 94.153273
-5.568335 -41.980942 90.590254
5
60.485688 -79.622060 1.345005
71.295718 -69.310878 10.626515
74.840373 -66.149108 4.818102
68.651503 -72.475819 -5.850370
61.576658 -78.430821 -7.544626
7
-71.745991 -67.144920 18.549191
-81.127166 -55.675428 17.850203
-82.137166 -53.920737 18.602150
-80.508012 -50.486787 31.137507
-78.611187 -50.311892 35.902574
-68.356486 -59.843098 41.787491
-63.299953 -68.857694 35.379851
6
-80.911763 -1.588763 58.743191
-82.760591 -3.934316 55.992908
-86.839115 -1.973775 49.548686
-87.894796 11.774681 46.215383
-85.787181 17.794241 48.207101
-81.975313 20.065708 53.641545
7
-23.934612 -86.976392 43.153697
-36.987194 -71.345034 59.513306
-35.005386 -70.639538 61.519742
-32.575987 -71.035911 62.391541
-31.459635 -71.656982 62.254062
-15.265614 -82.913724 53.779878
-23.025685 -87.123680 43.350689
6
81.263940 31.414354 -49.084728
76.352797 48.913947 -42.162497
73.016935 51.244506 -45.194333
67.136070 49.397954 -55.250251
75.960862 26.368447 -59.452944
79.640198 26.159740 -54.526204
7
-75.196814 -34.024141 -56.460579
-63.733515 -54.662594 -54.314269
-58.556642 -56.715191 -57.918105
-56.661523 -53.762515 -62.442484
-62.020475 -39.987118 -67.486970
-63.473096 -38.215364 -67.162132
-73.159759 -33.665014 -59.281671
8
34.440983 -8.129274 -93.529319
42.643752 -18.080860 -88.626141
50.824979 -19.255023 -83.940846
53.023763 -18.303867 -82.785560
55.280448 -14.461334 -82.066692
52.622292 -4.197922 -84.930983
40.253286 -3.666484 -91.467097
35.275077 -6.772017 -93.326356
5
56.386979 -55.994452 -60.705271
43.295353 -50.105259 -74.933140
33.322770 -67.507513 -65.820428
38.574408 -71.206880 -58.665112
56.788942 -59.568459 -56.803299
6
55.683317 -82.951318 4.294998
56.114271 -81.011334 16.980940
62.397041 -75.941197 18.426717
70.925386 -69.500633 11.800490
71.295718 -69.310878 10.626515
60.485688 -79.622060 1.345005
8
97.378282 15.727656 -16.435052
97.140149 17.085032 -16.489183
87.685979 32.908603 -35.045582
81.263940 31.414354 -49.084728
79.640198 26.159740 -54.526204
85.852324 15.328835 -48.932660
94.812516 4.253123 -31.503934
97.551465 11.017042 -19.035136
6
-37.576615 -20.630694 -90.345849
-37.296070 -21.060288 -90.362976
-24.422291 -20.557741 -94.767774
-20.143289 -4.672712 -97.838713
-32.994080 -7.375991 -94.111558
-37.913914 -15.919173 -91.154347
6
-8.680622 70.933110 69.950987
-7.204828 82.069080 56.681183
-3.307236 84.368945 53.581184
2.672327 84.251333 53.801223
12.057602 77.512035 62.020147
14.035052 73.175301 66.696272
7
24.062943 -87.348864 42.321988
18.407059 -90.628076 38.049074
8.727489 -88.854152 45.041876
5.444443 -85.634514 51.352586
8.910262 -82.808718 55.347299
23.574735 -79.118634 56.431141
25.707239 -81.498559 51.933830
5
49.257234 69.789618 -51.991673
34.111912 70.967059 -61.644578
39.118695 64.253592 -65.887811
51.847525 55.951815 -64.662420
52.928164 56.113746 -63.638486
6
-97.060875 -5.156703 23.507337
-97.320957 -4.644990 22.517891
-98.315801 10.662597 14.842920
-93.998176 19.824160 27.773108
-94.648216 5.065250 31.875673
-95.333559 -1.939318 30.128915
7
-7.416672 -99.677770 -3.055362
-11.196477 -99.355082 1.790671
-8.521695 -99.081495 10.499436
10.702157 -98.253333 15.223221
14.430666 -98.818669 5.160097
12.809502 -99.098803 -3.917126
9.571218 -99.127068 -9.067314
6
-48.612859 73.980185 -46.515827
-47.868417 63.317596 -60.823488
-44.724054 62.945364 -63.542428
-36.728185 67.775719 -63.698448
-41.805516 77.396256 -47.561733
-43.069754 77.290820 -46.595337
7
0.344687 77.232241 -63.522140
-0.917197 79.619244 -60.497395
-26.828357 73.706247 -62.029254
-31.279208 66.525186 -67.793884
-26.023547 58.349700 -76.929107
-21.963168 56.294739 -79.677611
-7.438884 61.962093 -78.136816
4
94.755139 10.757381 30.095555
95.224277 -8.095568 29.441447
86.881295 -10.161232 48.460189
89.464978 0.798184 44.669682
5
-91.286454 -30.934631 26.642670
-80.508012 -50.486787 31.137507
-82.137166 -53.920737 18.602150
-87.011148 -47.639308 12.631567
-87.931648 -45.909061 12.664256
5
61.814321 16.438504 76.868494
67.794609 21.454860 70.310596
77.673809 5.849049 62.710191
65.840382 2.525468 75.224106
59.779181 11.364760 79.355477
6
-77.541929 -42.160031 47.008308
-79.415128 -46.755680 38.821950
-87.283478 -30.073471 38.434110
-83.040076 -24.076394 50.246124
-79.696321 -24.334616 55.284020
-77.719408 -26.186037 57.218747
6
35.606130 -45.793710 -81.456367
42.161120 -46.497806 -77.848532
42.828310 -39.357925 -81.343037
36.420987 -26.696655 -89.223317
22.172220 -29.093241 -93.069737
20.996470 -34.176034 -91.603204
5
51.847525 55.951815 -64.662420
39.118695 64.253592 -65.887811
33.201745 59.499610 -73.194539
34.559358 54.858731 -76.132584
48.766878 51.124831 -70.767530
6
-68.854521 70.480938 17.073146
-64.416469 68.038467 34.946895
-70.210738 62.755920 33.647389
-77.005417 58.734576 24.908138
-77.625443 60.398896 18.062776
-72.893363 66.669931 15.545995
5
19.652960 93.291506 30.173764
15.960717 89.139520 42.419353
4.678262 87.440179 48.294192
-1.662604 94.264525 33.338192
11.234202 95.829949 26.275724
7
33.322770 -67.507513 -65.820428
25.512643 -69.193914 -67.537451
16.709770 -72.969107 -66.304548
18.154863 -84.100956 -50.964990
38.849988 -84.183435 -37.467688
41.364751 -77.502233 -47.774065
38.574408 -71.206880 -58.665112
5
52.622292 -4.197922 -84.930983
55.238161 8.969290 -82.875192
54.299153 11.401718 -83.196171
47.812243 14.188272 -86.675731
40.253286 -3.666484 -91.467097
6
79.329275 -5.447170 60.639876
84.721577 -12.753606 51.571309
81.953917 -21.984873 52.917112
71.603043 -30.129061 62.970182
70.720016 -29.415606 64.291535
74.516251 -10.689077 65.826074
5
-34.498231 -36.531697 -86.459859
-21.796202 -25.768920 -94.132292
-24.422291 -20.557741 -94.767774
-37.296070 -21.060288 -90.362976
-36.229508 -35.127064 -86.333725
4
14.430666 -98.818669 5.160097
36.888020 -92.905846 2.788864
31.218998 -94.595313 -8.780713
12.809502 -99.098803 -3.917126
8
-21.469507 -95.347111 21.165743
-12.865711 -97.825801 16.266105
-8.521695 -99.081495 10.499436
-11.196477 -99.355082 1.790671
-29.410913 -95.421561 -5.451960
-31.090550 -94.905167 -5.136824
-36.553002 -93.078459 -0.527802
-24.292291 -94.699699 21.020266
5
-57.030951 -20.003199 -79.670212
-48.881375 -33.931977 -80.369348
-36.229508 -35.127064 -86.333725
-37.296070 -21.060288 -90.362976
-37.576615 -20.630694 -90.345849
6
-56.577064 42.374911 -70.734735
-65.111520 29.529623 -69.917747
-59.270579 22.599090 -77.306400
-58.038258 22.142327 -78.366306
-38.526444 36.591553 -84.715827
-53.435681 44.532984 -71.843172
6
38.874122 -30.942703 86.783361
38.947846 -32.357425 86.232606
32.333478 -49.443774 80.683700
23.947440 -45.541628 85.746605
22.493195 -34.978302 90.942699
36.356452 -30.736628 87.940139
6
-80.523140 58.701939 -8.372947
-91.476416 40.329257 -2.369893
-92.441257 37.981307 -3.469038
-88.190891 42.792284 -19.778454
-86.415766 45.358039 -21.793663
-81.034356 53.813572 -23.184752
7
21.700979 -12.507998 96.812280
16.834776 -32.076230 93.207864
15.585428 -32.489564 93.281953
9.623620 -32.288497 94.153273
0.709662 -19.543677 98.069063
7.896667 -5.951634 99.509902
15.515092 -6.475144 98.576642
6
32.101146 89.968220 -29.584384
35.295094 89.177688 -28.312477
36.269612 89.200511 -26.977473
31.960364 94.218264 -10.072432
18.018434 98.204087 -5.594043
21.075058 94.406500 -25.362466
7
24.492189 86.358561 -44.071892
24.533146 86.041970 -44.664349
32.483893 80.509961 -49.628046
38.052650 79.874326 -46.605663
42.484513 81.344232 -39.726340
35.295094 89.177688 -28.312477
32.101146 89.968220 -29.584384
7
78.160976 26.072587 56.666411
78.188794 6.004937 62.052021
77.965849 5.688221 62.361610
77.673809 5.849049 62.710191
67.794609 21.454860 70.310596
68.166579 26.547361 68.180314
69.585690 27.446662 66.366501
7
72.765774 -47.859742 49.138450
73.760933 -45.124480 50.230530
78.180588 -42.002912 46.082003
82.786080 -41.930019 37.260415
82.908424 -45.271307 32.813136
72.290984 -60.440094 33.481469
69.397249 -61.389566 37.621044
6
59.779181 11.364760 79.355477
65.840382 2.525468 75.224106
63.408618 -9.234890 76.772808
60.161781 -10.729757 79.154484
52.206288 -5.275695 85.127378
53.951172 10.146835 83.584166
7
91.806534 -25.424594 30.416285
85.533741 -12.320170 50.320896
86.881295 -10.161232 48.460189
95.224277 -8.095568 29.441447
95.194096 -19.988872 23.206231
94.524152 -21.906062 24.193164
92.528128 -24.900810 28.609354
4
83.474002 47.943348 27.083692
85.258787 50.960760 11.573255
87.937783 47.000730 7.607743
90.622909 39.145333 15.972829
5
12.825238 -50.895585 85.118463
25.293866 -59.815605 76.041526
7.644180 -64.108600 76.365266
7.214611 -52.012192 85.103944
10.214667 -50.950526 85.438308
4
-12.865684 -72.465911 -67.699084
-18.581125 -78.559130 -59.018682
-9.757909 -82.236665 -56.052780
1.569196 -72.286846 -69.080747
7
-70.178819 -71.235341 -0.677935
-70.111931 -71.302349 -0.540515
-54.715635 -83.628899 3.522284
-58.724061 -79.431247 -15.561545
-62.259846 -76.314364 -17.315583
-63.162393 -75.707922 -16.697986
-70.201011 -70.931945 -6.362170
6
-49.552294 83.908259 -22.449369
-40.797575 83.766187 -36.315064
-33.108854 88.874341 -31.704184
-31.757019 90.265800 -29.044399
-34.282347 91.263254 -22.265199
-49.935481 84.593908 -18.716796
5
-18.503197 94.383282 -27.375678
-31.757019 90.265800 -29.044399
-33.108854 88.874341 -31.704184
-16.840748 86.168782 -47.867841
-11.966343 86.779741 -48.229484
6
-92.046481 -27.636509 27.634558
-91.286454 -30.934631 26.642670
-87.931648 -45.909061 12.664256
-92.676351 -36.698708 8.018653
-96.135709 -23.459118 14.408168
-95.472717 -21.494675 20.565485
4
-98.811712 13.549650 7.256204
-98.315801 10.662597 14.842920
-97.320957 -4.644990 22.517891
-99.941542 -3.323157 0.802969
4
82.786080 -41.930019 37.260415
78.180588 -42.002912 46.082003
83.296973 -29.169944 47.018387
90.498322 -27.416881 32.532574
8
4.678262 87.440179 48.294192
2.672327 84.251333 53.801223
-3.307236 84.368945 53.581184
-12.932402 88.943095 43.839238
-14.325342 90.644368 39.728870
-13.821408 91.844774 37.060844
-8.537675 93.758421 33.711520
-1.662604 94.264525 33.338192
6
22.836692 64.105195 -73.273525
33.201745 59.499610 -73.194539
39.118695 64.253592 -65.887811
34.111912 70.967059 -61.644578
30.261444 73.442685 -60.748803
19.449479 72.391863 -66.190150
7
-13.947111 96.387480 -22.692110
-16.339963 95.808863 -23.530139
-18.503197 94.383282 -27.375678
-11.966343 86.779741 -48.229484
-5.684444 85.714841 -51.192315
1.078689 91.688556 -39.900440
-3.343957 96.974056 -24.183682
6
-63.364715 58.520493 -50.599059
-52.200061 72.347501 -45.177346
-58.441857 73.228390 -34.959294
-66.449552 69.476288 -27.522763
-72.445574 61.916356 -30.298575
-64.446370 57.599136 -50.289212
5
-91.201864 9.498839 -39.899775
-87.113015 31.831898 -37.390545
-92.166885 27.401688 -27.466577
-94.333423 13.903037 -30.131559
-93.103999 6.802896 -35.852000
6
-88.906173 36.140365 28.099224
-86.664990 38.614782 31.592374
-75.920969 26.594595 59.403148
-81.975313 20.065708 53.641545
-85.787181 17.794241 48.207101
-91.402635 27.400903 29.912353
7
-24.292291 -94.699699 21.020266
-36.553002 -93.078459 -0.527802
-38.544651 -92.272908 -0.142922
-42.258622 -90.592195 2.695001
-42.189305 -87.385654 24.162161
-38.606326 -87.749234 28.453885
-33.951488 -89.262135 29.657506
5
-52.584507 -5.019372 -84.909808
-44.943853 2.398560 -89.298919
-43.531914 6.975302 -89.756992
-55.778210 14.462119 -81.729055
-60.541202 -8.766541 -79.106957
7
-60.541202 -8.766541 -79.106957
-62.644473 -10.645373 -77.216229
-59.721670 -17.052131 -78.374403
-57.030951 -20.003199 -79.670212
-37.576615 -20.630694 -90.345849
-37.913914 -15.919173 -91.154347
-52.584507 -5.019372 -84.909808
6
-94.905632 -10.915011 -29.559831
-95.173052 -11.363339 -28.512537
-88.750105 -36.026255 -28.731998
-80.829789 -38.296216 -44.720745
-79.910438 -31.750840 -51.051015
-85.166110 -17.328941 -49.461515
6
-49.932028 -84.846092 -17.548026
-58.724061 -79.431247 -15.561545
-54.715635 -83.628899 3.522284
-53.697383 -84.237782 4.537308
-42.258622 -90.592195 2.695001
-38.544651 -92.272908 -0.142922
7
48.475544 64.603597 58.961826
41.438178 53.031703 73.962936
38.266499 51.584279 76.646834
17.336238 65.505718 73.542204
15.036605 72.524966 67.186530
24.374706 74.132512 62.531947
44.788712 70.005638 55.616382
6
60.329695 -79.176850 -9.557946
61.576658 -78.430821 -7.544626
68.651503 -72.475819 -5.850370
70.176092 -68.913125 -18.063702
67.767253 -69.666344 -23.541451
67.046663 -70.456327 -23.251901
6
-79.910438 -31.750840 -51.051015
-80.829789 -38.296216 -44.720745
-77.070622 -48.507039 -41.318111
-71.900489 -54.412487 -43.238882
-63.733515 -54.662594 -54.314269
-75.196814 -34.024141 -56.460579
5
87.072128 -45.292608 -19.157876
87.558811 -42.388603 -23.165944
82.792422 -47.825235 -29.294399
74.760909 -59.880246 -28.725644
81.445557 -55.840257 -15.763469
6
-63.299953 -68.857694 35.379851
-58.273801 -73.196388 35.305140
-55.703854 -80.178617 21.644168
-57.794271 -80.000397 16.117030
-69.230214 -70.726479 14.315818
-71.745991 -67.144920 18.549191
7
73.016935 51.244506 -45.194333
76.352797 48.913947 -42.162497
77.833657 50.839548 -36.841040
77.699232 52.066916 -35.381713
66.762237 67.450361 -31.515907
61.481828 67.791590 -40.302421
63.503296 63.022117 -44.671514
7
-77.719408 -26.186037 57.218747
-79.696321 -24.334616 55.284020
-82.760591 -3.934316 55.992908
-80.911763 -1.588763 58.743191
-73.093322 0.390847 68.243780
-63.943869 -8.526612 76.409937
-76.875026 -26.380136 58.260783
6
10.149961 -48.112320 -87.075731
-7.003711 -45.953562 -88.539359
-12.278940 -48.371405 -86.656995
-6.190746 -61.407225 -78.681811
3.109311 -66.853809 -74.302762
12.516675 -52.340617 -84.284000
5
13.915107 93.868453 -31.544943
12.819890 93.170457 -33.984061
24.492189 86.358561 -44.071892
32.101146 89.968220 -29.584384
21.075058 94.406500 -25.362466
4
-58.602251 80.910516 4.389133
-52.297880 80.973603 26.612166
-53.228082 79.992343 27.712748
-67.418156 72.041707 16.272206
6
60.502768 -57.458272 55.117711
53.123976 -53.843475 65.411951
58.604415 -48.977389 64.550274
71.859682 -42.605166 54.963496
73.760933 -45.124480 50.230530
72.765774 -47.859742 49.138450
6
90.498322 -27.416881 32.532574
83.296973 -29.169944 47.018387
81.953917 -21.984873 52.917112
84.721577 -12.753606 51.571309
85.533741 -12.320170 50.320896
91.806534 -25.424594 30.416285
6
23.947440 -45.541628 85.746605
32.333478 -49.443774 80.683700
34.772599 -54.957678 75.963939
29.479723 -59.923501 74.431982
25.293866 -59.815605 76.041526
12.825238 -50.895585 85.118463
7
19.449479 72.391863 -66.190150
30.261444 73.442685 -60.748803
32.483893 80.509961 -49.628046
24.533146 86.041970 -44.664349
-1.147201 80.893110 -58.779151
-0.917197 79.619244 -60.497395
0.344687 77.232241 -63.522140
7
-5.568335 -41.980942 90.590254
9.623620 -32.288497 94.153273
15.585428 -32.489564 93.281953
10.214667 -50.950526 85.438308
7.214611 -52.012192 85.103944
-3.275263 -47.617571 87.873999
-5.725683 -42.213062 90.472504
5
-79.872985 59.733480 -7.226185
-75.600578 65.232035 -5.416112
-72.893363 66.669931 15.545995
-77.625443 60.398896 18.062776
-84.034929 52.505650 13.464302
5
-80.201507 17.706794 -57.045488
-82.190980 18.979790 -53.706708
-88.601255 10.631206 -45.130866
-80.651685 -8.425608 -58.517645
-78.973807 -7.138341 -60.927678
5
-40.626011 18.414518 -89.501021
-57.676323 21.664770 -78.765979
-55.778210 14.462119 -81.729055
-43.531914 6.975302 -89.756992
-41.737839 9.356110 -90.390353
4
25.718682 49.883229 -82.766013
28.680121 33.758952 -89.653688
42.218233 40.308073 -81.196552
30.825841 50.170355 -80.825138
6
-58.441857 73.228390 -34.959294
-52.200061 72.347501 -45.177346
-48.612859 73.980185 -46.515827
-43.069754 77.290820 -46.595337
-40.797575 83.766187 -36.315064
-49.552294 83.908259 -22.449369
6
-9.740542 70.437209 70.311602
-16.658175 72.140632 67.217813
-19.644453 79.948180 56.766046
-19.083675 80.279107 56.489630
-7.204828 82.069080 56.681183
-8.680622 70.933110 69.950987
5
57.606653 54.072002 -61.300017
67.136070 49.397954 -55.250251
73.016935 51.244506 -45.194333
63.503296 63.022117 -44.671514
57.343655 54.309779 -61.336394
7
33.962219 89.597194 28.616612
34.209597 89.438462 28.817790
37.430514 83.675206 39.967694
28.536594 82.956392 47.998956
18.740203 84.899532 49.405205
15.960717 89.139520 42.419353
19.652960 93.291506 30.173764
4
74.516251 -10.689077 65.826074
70.720016 -29.415606 64.291535
67.791648 -29.284947 67.429106
65.137411 -10.453520 75.152123
6
56.788942 -59.568459 -56.803299
62.432861 -62.197738 -47.260758
67.687082 -60.349116 -42.147872
70.715530 -54.633652 -44.882936
65.094153 -46.037886 -60.359458
56.386979 -55.994452 -60.705271
5
62.749816 65.541183 42.033485
70.435387 64.115261 30.464562
77.761693 53.859174 32.439305
76.295470 52.206139 38.125060
61.878359 61.331643 49.086641
6
38.052650 79.874326 -46.605663
32.483893 80.509961 -49.628046
30.261444 73.442685 -60.748803
34.111912 70.967059 -61.644578
49.257234 69.789618 -51.991673
49.273277 69.831038 -51.920808
8
66.101748 -37.429862 -65.035101
65.094153 -46.037886 -60.359458
70.715530 -54.633652 -44.882936
77.615559 -44.819787 -44.351005
79.623056 -39.096403 -46.169689
76.109234 -29.809107 -57.609041
73.936968 -29.578135 -60.485194
70.732579 -31.082874 -63.488244
5
97.140149 17.085032 -16.489183
93.791506 33.015088 -10.637543
86.642480 42.075996 -26.882917
85.968429 41.095389 -30.341361
87.685979 32.908603 -35.045582
6
50.441900 -85.256059 -13.675494
46.572076 -88.482207 -1.393138
55.683317 -82.951318 4.294998
60.485688 -79.622060 1.345005
61.576658 -78.430821 -7.544626
60.329695 -79.176850 -9.557946
6
71.932755 67.987901 -14.259178
80.821354 57.934050 -10.561938
80.027034 59.810350 -4.289041
79.859951 60.058060 -3.926543
65.496249 75.447063 4.240534
64.562251 76.319517 -2.654625
6
-25.327950 -4.553816 96.632074
-23.472037 17.278542 95.658327
-14.538629 25.873017 95.494582
-12.909461 24.901666 95.985691
-9.323680 0.836955 99.560878
-24.862681 -4.833941 96.739238
8
-1.692858 43.332020 90.108103
7.916376 36.422523 92.794024
12.646960 27.431198 95.328819
6.038342 23.040333 97.121993
-12.909461 24.901666 95.985691
-14.538629 25.873017 95.494582
-14.572294 25.960105 95.465812
-9.202243 39.534651 91.391083
