400
5
-44.009581 -42.163936 79.280258
-34.752151 -60.432388 71.695289
-43.478512 -61.025042 66.223585
-54.127910 -43.736685 71.814147
-53.212498 -42.095653 73.460098
6
80.720115 4.644651 58.844628
81.583638 15.917222 55.594533
83.225798 19.379029 51.941503
83.576869 19.369219 51.378404
93.435975 5.852740 35.149168
88.917958 -5.540718 45.419128
5
-47.459467 -63.849015 60.587971
-45.000226 -67.638989 58.309063
-43.583334 -78.689624 43.685650
-50.999835 -77.660646 36.984332
-54.810536 -61.866278 56.288265
7
-29.440623 -56.760853 -76.885989
-47.018481 -44.789642 -76.047027
-51.650357 -45.114323 -72.780070
-52.823657 -45.667252 -71.583262
-38.649043 -68.528372 -61.726119
-29.314423 -65.061128 -70.055080
-28.324499 -59.824023 -74.958715
7
50.388567 24.725153 -82.762667
62.811851 45.621707 -63.034365
58.031392 48.934953 -65.097834
39.632902 51.059151 -76.303317
35.663822 48.036786 -80.128390
36.197995 40.981435 -83.727099
45.167072 24.412684 -85.813498
6
-34.043383 -24.089226 90.888708
-31.180547 -30.778777 89.891270
-31.991644 -36.484418 87.438104
-38.433243 -37.741554 84.252365
-51.243317 -23.882320 82.484891
-42.059011 -19.527670 88.598587
8
7.653339 44.923275 -89.013065
-1.263772 51.077591 -85.962100
-2.987119 50.830278 -86.066021
-14.966151 42.259238 -89.387757
-14.490321 37.369922 -91.616153
-4.395086 32.879935 -94.337655
7.513110 44.482137 -89.246248
7.652304 44.864621 -89.042731
6
-55.207139 78.820864 -27.192706
-67.505024 72.286630 -14.755168
-68.668847 71.237377 -14.485357
-70.131606 68.797847 -18.665855
-68.710557 63.806189 -34.750966
-55.370443 76.209502 -33.559288
4
87.377995 -42.421550 -23.780203
91.451841 -27.068910 -30.063848
81.603844 -39.733069 -41.977325
86.071616 -44.507739 -24.713116
6
2.211476 -63.824781 -76.951327
1.330470 -64.809629 -76.144217
0.924789 -69.610229 -71.788306
8.758445 -78.679053 -61.097433
19.023197 -76.443061 -61.600133
19.778220 -63.424225 -74.740817
6
2.211476 -63.824781 -76.951327
19.778220 -63.424225 -74.740817
27.046601 -60.527408 -74.865975
28.744533 -54.228897 -78.949215
18.740598 -43.902933 -87.871056
-1.169536 -52.396900 -85.165704
5
-42.767698 10.962286 89.725985
-52.656330 27.982687 80.276274
-47.088229 33.249238 81.714055
-35.079873 27.259755 89.589666
-41.502605 10.695620 90.350083
7
-5.502740 83.000923 -55.502852
-5.286021 80.917932 -58.517914
14.228310 73.046358 -66.796593
18.612930 75.468415 -62.913251
23.184538 85.372086 -46.627076
16.807249 89.256465 -41.842559
5.928727 91.089746 -40.835136
4
63.154673 2.194739 -77.502712
74.043543 15.114133 -65.491349
67.259221 32.541217 -66.462518
60.315038 15.272831 -78.286888
3
30.085616 49.052221 -81.784689
15.146491 64.978689 -74.487272
10.435580 46.286804 -88.026305
6
-56.205100 79.403082 23.154639
-49.480339 78.879430 36.465485
-56.687489 69.962420 43.494694
-63.576305 65.633126 40.624453
-65.385564 65.436869 37.983472
-68.528770 69.405135 22.062071
5
45.835907 -6.617759 -88.629989
40.190738 1.821386 -91.549916
25.495307 -1.894595 -96.676780
36.652111 -16.326097 -91.597387
38.416624 -16.566618 -90.827915
4
81.583638 15.917222 55.594533
74.795957 21.444646 62.814744
73.513874 39.907689 54.800426
83.225798 19.379029 51.941503
7
24.327955 -96.929970 3.568116
0.194702 -99.813952 6.094016
-2.175232 -98.781445 15.410858
-0.345231 -98.170174 19.039372
16.877435 -95.445114 24.604521
31.677808 -93.948807 13.043699
31.682898 -93.950694 13.017726
4
78.626709 56.034857 26.037192
70.055381 67.802466 22.250151
70.249717 69.527962 15.193412
79.733830 59.242490 11.525788
4
-21.398278 -72.240349 -65.752914
-4.344498 -65.438621 -75.491140
-28.324499 -59.824023 -74.958715
-29.314423 -65.061128 -70.055080
5
91.747349 -1.502470 -39.751310
87.641530 18.464433 -44.475015
82.613140 15.497945 -54.174559
81.078813 12.195537 -57.249410
82.252796 -0.680162 -56.868399
5
-24.879793 -96.382105 9.564819
-28.470079 -94.839199 13.963561
-28.960893 -92.733877 23.700101
-24.053291 -93.037291 27.667702
-7.916440 -98.447172 15.667939
4
67.765476 52.065208 -51.933171
76.330502 55.146436 -33.653010
70.650653 64.527290 -29.063965
64.690309 63.240098 -42.612837
4
-45.649387 46.027862 76.141772
-57.371781 44.246090 68.925774
-53.659999 56.242139 62.908079
-46.968067 59.548155 65.176820
6
-62.017556 -45.069609 -64.207111
-63.443795 -62.664741 -45.255001
-54.872191 -69.914826 -45.836228
-51.287960 -70.459772 -49.040449
-53.596258 -45.746133 -70.955849
-61.062148 -43.566007 -66.131816
6
6.349189 -85.151786 -52.046721
0.842503 -85.780413 -51.390768
-6.840328 -91.968668 -38.664894
12.652198 -93.719971 -32.503676
15.667304 -92.299371 -35.147714
15.393622 -87.304638 -46.270256
6
73.938271 -46.078061 -49.091185
69.783306 -51.288851 -49.997439
61.794235 -65.970913 -42.770447
61.944479 -66.813417 -41.217093
74.259114 -59.809000 -30.140793
75.458044 -57.703769 -31.246738
7
79.832589 -5.845243 -59.938226
82.252796 -0.680162 -56.868399
81.078813 12.195537 -57.249410
74.043543 15.114133 -65.491349
63.154673 2.194739 -77.502712
62.826725 0.689009 -77.796709
62.862901 -0.646702 -77.767843
5
-74.394587 16.362142 -64.789858
-76.792707 26.166675 -58.465249
-88.837023 13.065905 -44.014378
-88.404051 8.195847 -46.016865
-85.698592 4.818202 -51.308248
6
-74.158265 -13.206032 65.773494
-74.721962 -10.601025 65.606758
-68.427010 -5.364030 72.725315
-62.847767 -6.095121 77.543586
-59.516135 -17.535395 78.424100
-66.740020 -22.744795 70.911523
9
28.770707 -67.159424 68.277801
26.165785 -69.345613 67.130750
7.008644 -73.047183 67.933702
-4.447647 -65.664954 75.288328
-1.803784 -59.458773 80.382839
-0.714361 -58.535110 81.074845
18.783419 -59.185012 78.385697
28.940482 -64.828307 70.425416
29.169403 -66.265679 68.978299
5
72.986954 2.564098 68.310540
69.818200 17.513404 69.416854
74.795957 21.444646 62.814744
81.583638 15.917222 55.594533
80.720115 4.644651 58.844628
6
32.760068 74.383493 58.256965
40.916196 77.061348 48.861166
43.037128 75.988293 48.719452
46.483427 71.625359 52.049005
43.687490 60.911510 66.190568
37.360277 62.898107 68.176520
5
32.605442 82.879687 -45.473538
23.184538 85.372086 -46.627076
18.612930 75.468415 -62.913251
35.212212 70.312993 -61.775263
38.575384 71.656262 -58.114713
6
-68.879625 71.153554 -13.884131
-68.255259 73.034668 2.675237
-72.566592 67.905233 11.089145
-82.717423 56.171362 1.614319
-83.056704 55.691110 -0.290171
-82.894503 55.839646 -3.230359
5
-4.395086 32.879935 -94.337655
-14.490321 37.369922 -91.616153
-19.077841 31.699736 -92.904051
-13.011613 19.695814 -97.173931
-5.884774 26.302253 -96.299330
7
2.717962 -88.138739 47.161164
6.191601 -89.556864 44.059417
5.928307 -90.394399 42.352189
-3.668725 -95.060070 30.824074
-18.732064 -89.621744 40.212594
-19.562987 -88.200979 42.870467
-18.826360 -88.073420 43.458497
6
-87.426991 17.635745 45.227224
-92.339576 17.556319 34.134709
-92.890104 22.579985 29.352561
-92.550823 24.757300 28.660447
-89.320487 33.113444 30.419574
-83.864623 27.994925 46.722684
6
-38.101818 86.129685 33.614414
-37.976215 89.164655 24.646937
-23.595706 95.277158 19.118209
-20.856202 95.730822 20.015708
-20.041461 94.514823 25.793179
-27.773959 89.689680 34.414656
6
86.924461 49.201757 -4.829625
87.390578 45.223152 -17.825638
92.190754 28.031404 -26.741450
95.272438 26.667350 -14.560733
91.044850 40.883951 6.271982
88.559424 46.378472 2.503156
5
2.610773 -35.759538 93.351161
-0.714361 -58.535110 81.074845
-1.803784 -59.458773 80.382839
-22.743244 -49.057411 84.119649
-22.948227 -44.962090 86.323748
7
0.842503 -85.780413 -51.390768
-11.123850 -80.545384 -58.212551
-18.220145 -80.296518 -56.749409
-19.163236 -80.720532 -55.829796
-19.717711 -88.124583 -42.956604
-11.446117 -92.390465 -36.510113
-6.840328 -91.968668 -38.664894
5
74.920722 65.421695 -10.338626
74.518457 63.758100 -19.542371
82.173770 51.383768 -24.641019
87.390578 45.223152 -17.825638
86.924461 49.201757 -4.829625
5
9.906503 31.028240 -94.546864
24.783810 18.827890 -95.033012
25.769605 29.534719 -91.997977
7.652304 44.864621 -89.042731
7.513110 44.482137 -89.246248
5
-40.626557 -6.835697 91.119461
-35.842845 7.031331 93.090552
-32.531841 7.058265 94.296661
-22.862677 -9.305041 96.905698
-31.005803 -14.939115 93.890697
8
98.299148 -6.391803 17.216923
94.675068 -24.084733 21.367196
92.147660 -27.855423 27.071835
86.999315 -18.420018 45.736441
88.917958 -5.540718 45.419128
93.435975 5.852740 35.149168
94.664562 7.947765 31.232255
98.065543 3.300489 19.293937
7
-39.896509 -35.044585 -84.735740
-30.087643 -30.134018 -90.480245
-29.470041 -28.541383 -91.197073
-29.829316 -12.084440 -94.679344
-30.929226 -10.879628 -94.472307
-34.185916 -9.875986 -93.454738
-56.147037 -10.753396 -82.048002
7
37.700710 -76.776251 -51.807951
38.038821 -76.881954 -51.402464
55.785133 -66.309297 -49.910882
56.620297 -58.209876 -58.358824
53.039298 -57.107094 -62.654710
44.265791 -61.435371 -65.316421
38.524448 -65.478710 -65.026190
6
84.635645 -47.704488 -23.687328
75.458044 -57.703769 -31.246738
74.259114 -59.809000 -30.140793
71.670704 -66.607662 -20.657434
76.117242 -64.142089 -9.589468
83.333202 -54.240088 -10.657877
7
72.986954 2.564098 68.310540
80.720115 4.644651 58.844628
88.917958 -5.540718 45.419128
86.999315 -18.420018 45.736441
83.731427 -21.892545 50.097551
73.865401 -12.436267 66.251353
70.181339 -1.884589 71.211150
5
28.244673 38.560003 87.837148
34.159260 29.111416 89.362578
29.934546 23.472894 92.482140
17.778207 19.379462 96.479904
13.606188 25.489955 95.734706
5
94.675068 -24.084733 21.367196
98.299148 -6.391803 17.216923
99.134095 -13.089520 -1.046744
98.289225 -18.277838 -2.269125
95.186221 -24.855432 17.938527
7
35.212212 70.312993 -61.775263
35.379163 59.334567 -72.303001
39.632902 51.059151 -76.303317
58.031392 48.934953 -65.097834
48.457636 67.316484 -55.860079
47.726977 67.899345 -55.783641
38.575384 71.656262 -58.114713
5
92.901732 -8.167343 -36.091034
93.178248 -14.665786 -33.207362
97.556127 -13.602205 -17.256366
99.008967 -1.207171 -13.991684
92.978580 -6.985911 -36.141121
7
47.103059 88.211613 -0.114444
47.790352 87.837528 -0.806839
63.482882 77.265281 -0.003834
66.109120 74.341179 10.147583
58.854941 77.415937 23.299542
52.161991 82.122721 23.129751
42.763123 89.165015 14.863223
7
45.898222 -43.688655 -77.360550
54.863913 -43.529941 -71.379936
56.945251 -39.660715 -72.001848
55.115318 -25.646866 -79.401133
54.453917 -25.079492 -80.036179
49.397644 -27.324791 -82.542283
43.928693 -42.665309 -79.056570
5
-63.576305 65.633126 40.624453
-66.673780 52.322532 53.075038
-73.612616 48.593933 47.114885
-73.297933 56.644382 37.667320
-65.385564 65.436869 37.983472
3
50.180179 -37.901208 77.752480
33.768769 -55.456453 76.054270
24.238134 -37.439156 89.503198
7
-24.241710 93.075852 -27.371980
-19.540923 92.637739 -32.193191
-6.584873 95.234897 -29.781769
-12.000045 98.616917 -11.432527
-17.993268 98.183057 -6.027409
-20.964874 97.535860 -6.872410
-25.524229 93.831324 -23.328017
5
16.070958 93.902681 30.397547
12.999394 98.340453 12.655870
23.154748 96.964732 7.854829
38.993408 90.263569 18.220927
27.771062 90.316737 32.736142
7
41.124214 87.660617 -24.988302
26.109108 93.478422 -24.085245
16.807249 89.256465 -41.842559
23.184538 85.372086 -46.627076
32.605442 82.879687 -45.473538
38.666494 82.568648 -41.077008
42.041804 85.140216 -31.362881
6
25.075158 -33.691324 -90.753133
32.385965 -34.676141 -88.026783
41.405083 -23.613399 -87.909195
38.416624 -16.566618 -90.827915
36.652111 -16.326097 -91.597387
23.738477 -22.392950 -94.525343
6
-97.287558 -7.513820 21.878609
-97.834080 2.864669 20.500888
-94.411970 5.862027 32.434805
-86.934879 -2.294414 49.366612
-88.252370 -9.598784 46.036753
-88.951632 -11.217123 44.292024
7
-85.898932 -45.268817 -23.918772
-87.309352 -37.576664 -31.065598
-89.879622 -30.114543 -31.855422
-93.442567 -30.925523 -17.666314
-93.254812 -32.513317 -15.697904
-88.557251 -44.008864 -14.860458
-86.646165 -45.633171 -20.249832
5
-0.363529 94.874442 -31.602343
5.786405 97.436245 -21.741564
4.794602 99.411461 -9.714589
-12.000045 98.616917 -11.432527
-6.584873 95.234897 -29.781769
5
48.988148 52.214985 69.812296
43.687490 60.911510 66.190568
46.483427 71.625359 52.049005
53.902757 64.210259 54.511792
56.995351 56.591967 59.572470
5
32.176172 74.344042 58.631538
10.175243 80.309304 58.710136
29.978583 87.638947 37.692167
40.916196 77.061348 48.861166
32.760068 74.383493 58.256965
6
-48.193849 -87.605988 1.594920
-39.479081 -91.367650 -9.662021
-40.950316 -90.271684 -13.194498
-53.706453 -82.189511 -18.986871
-57.443847 -80.163601 -16.552991
-56.366542 -82.522092 -3.594060
7
-99.394983 8.047430 -7.475046
-98.234874 -2.073713 -18.590568
-96.439354 2.099174 -26.363696
-93.685148 19.149414 -29.264193
-96.724711 23.132273 -10.451230
-98.498044 15.859440 -6.827412
-99.161677 11.431563 -6.023387
6
-19.717711 -88.124583 -42.956604
-28.841174 -87.353151 -39.212417
-29.893662 -89.730452 -32.477914
-22.232578 -94.503232 -23.976065
-11.833900 -93.178713 -34.317432
-11.446117 -92.390465 -36.510113
5
-92.550823 24.757300 28.660447
-92.890104 22.579985 29.352561
-97.885120 8.048686 18.807499
-96.734245 20.879507 14.371220
-96.102844 23.164624 15.087860
7
-93.254812 -32.513317 -15.697904
-96.440826 -26.133747 -4.024211
-96.465762 -26.282199 -1.898088
-92.282947 -38.484713 1.668702
-88.436812 -46.673896 -0.691144
-87.155608 -48.896614 -3.608479
-88.557251 -44.008864 -14.860458
5
68.247464 62.761850 37.459762
66.836640 62.810099 39.846643
53.784979 73.864918 40.634344
61.774683 73.467631 28.042748
66.222481 69.421401 28.200216
9
77.262545 41.535125 48.013878
72.913711 41.399508 54.494692
72.496830 41.693077 54.826061
70.614447 45.080824 54.601459
66.382986 60.921888 43.379980
66.836640 62.810099 39.846643
68.247464 62.761850 37.459762
77.608022 54.787989 31.229332
79.625965 47.680068 37.233275
5
82.317576 37.722661 -42.436039
68.530518 44.347822 -57.765377
82.613140 15.497945 -54.174559
87.641530 18.464433 -44.475015
89.003416 28.420893 -35.646105
5
62.312228 -75.570598 -20.156164
50.094037 -80.206766 -32.518643
41.125901 -89.464901 -17.455424
49.078658 -86.957063 -5.454779
56.322102 -82.407598 -6.067012
6
-22.950882 -94.919214 -21.531369
-21.537624 -96.246692 -16.513784
-10.167195 -98.529114 -13.734697
-3.451796 -97.672879 -21.168228
-11.833900 -93.178713 -34.317432
-22.232578 -94.503232 -23.976065
5
-41.614221 90.335088 10.384052
-34.911512 93.508672 6.108572
-23.595706 95.277158 19.118209
-37.976215 89.164655 24.646937
-43.756771 87.936494 18.775462
8
-66.658127 52.318969 53.098207
-65.653239 33.285350 67.688534
-67.347720 25.504517 69.381584
-67.962589 24.770130 69.047282
-80.053982 31.282582 51.115164
-76.938396 44.767075 45.567447
-73.612616 48.593933 47.114885
-66.673780 52.322532 53.075038
7
74.795957 21.444646 62.814744
69.818200 17.513404 69.416854
67.881594 19.488036 70.797639
60.962219 34.849228 71.197888
72.496830 41.693077 54.826061
72.913711 41.399508 54.494692
73.513874 39.907689 54.800426
7
6.537838 74.929691 65.899910
1.190040 69.060375 72.313543
-19.793793 68.819773 69.800033
-23.162907 71.910685 65.515899
-22.880199 77.729104 58.606168
-11.268710 80.732065 57.925382
6.666256 78.128767 62.060106
7
28.739856 56.471224 77.362921
30.085413 50.729764 80.754932
25.939909 46.804695 84.477462
11.184383 47.073431 87.515722
3.237317 60.257359 79.740645
3.503687 61.532234 78.749656
24.288814 62.459526 74.221702
6
92.978580 -6.985911 -36.141121
99.008967 -1.207171 -13.991684
99.032779 -1.038210 -13.835853
98.599203 5.599324 -15.711294
95.873030 12.809444 -25.382675
92.567225 -3.025291 -37.711490
7
-96.724711 23.132273 -10.451230
-95.117867 29.590616 -8.774208
-93.969858 34.200375 -0.008371
-93.069393 35.234466 9.829571
-96.102844 23.164624 15.087860
-96.734245 20.879507 14.371220
-98.498044 15.859440 -6.827412
5
-58.537294 -9.874875 -80.472803
-51.650357 -45.114323 -72.780070
-47.018481 -44.789642 -76.047027
-39.896509 -35.044585 -84.735740
-56.147037 -10.753396 -82.048002
6
78.713369 55.688457 26.514173
77.608022 54.787989 31.229332
68.247464 62.761850 37.459762
66.222481 69.421401 28.200216
70.055381 67.802466 22.250151
78.626709 56.034857 26.037192
7
70.882489 -70.106132 7.797624
61.841477 -77.374432 13.741504
51.424548 -80.964533 28.288872
51.394809 -80.955959 28.367346
51.909367 -80.164002 29.650472
53.869837 -78.129709 31.524423
68.723518 -67.395776 27.108809
4
-20.964874 97.535860 -6.872410
-33.483835 94.188339 -2.718392
-44.850722 88.427633 -12.998710
-25.524229 93.831324 -23.328017
6
-82.320652 34.580754 -45.027565
-87.437558 29.654250 -38.409621
-90.485055 21.137587 -36.954799
-88.837023 13.065905 -44.014378
-76.792707 26.166675 -58.465249
-76.113476 31.248641 -56.835387
6
76.117242 -64.142089 -9.589468
71.670704 -66.607662 -20.657434
68.639339 -69.455913 -21.552665
62.312228 -75.570598 -20.156164
56.322102 -82.407598 -6.067012
71.386758 -69.765331 6.060477
6
-86.633522 43.660017 24.257695
-85.627123 45.010803 25.338181
-76.938396 44.767075 45.567447
-80.053982 31.282582 51.115164
-83.864623 27.994925 46.722684
-89.320487 33.113444 30.419574
6
3.237317 60.257359 79.740645
-17.755045 51.732440 83.716862
-21.051912 52.989132 82.152108
-19.793793 68.819773 69.800033
1.190040 69.060375 72.313543
3.503687 61.532234 78.749656
6
-24.053291 -93.037291 27.667702
-18.732064 -89.621744 40.212594
-3.668725 -95.060070 30.824074
-0.345231 -98.170174 19.039372
-2.175232 -98.781445 15.410858
-7.916440 -98.447172 15.667939
6
5.928727 91.089746 -40.835136
16.807249 89.256465 -41.842559
26.109108 93.478422 -24.085245
23.352253 95.342838 -19.089672
5.786405 97.436245 -21.741564
-0.363529 94.874442 -31.602343
5
62.312228 -75.570598 -20.156164
68.639339 -69.455913 -21.552665
59.774021 -70.652788 -37.884692
49.951159 -79.489136 -34.443562
50.094037 -80.206766 -32.518643
5
-93.969858 34.200375 -0.008371
-83.056704 55.691110 -0.290171
-82.717423 56.171362 1.614319
-87.797262 43.370765 20.263699
-93.069393 35.234466 9.829571
5
-4.447647 -65.664954 75.288328
-12.319204 -68.020464 72.259627
-27.345521 -59.722931 75.401552
-22.743244 -49.057411 84.119649
-1.803784 -59.458773 80.382839
6
-1.556405 -35.134834 -93.611543
-1.344212 -34.989686 -93.669179
3.294789 -20.507901 -97.819070
-8.688319 -8.368990 -99.269699
-10.471911 -9.409275 -99.004064
-9.111540 -29.438292 -95.133416
7
85.487237 -45.539385 24.861550
92.147660 -27.855423 27.071835
94.675068 -24.084733 21.367196
95.186221 -24.855432 17.938527
93.515781 -35.405985 1.102263
89.867043 -43.861481 -0.291520
85.392408 -50.064539 14.201360
7
-61.233931 -75.862303 22.255710
-46.127090 -87.878871 12.230932
-45.526138 -88.358329 10.962503
-48.193849 -87.605988 1.594920
-56.366542 -82.522092 -3.594060
-67.536463 -72.438869 13.836055
-65.253457 -73.467918 18.559402
6
1.330470 -64.809629 -76.144217
-4.344498 -65.438621 -75.491140
-21.398278 -72.240349 -65.752914
-18.220145 -80.296518 -56.749409
-11.123850 -80.545384 -58.212551
0.924789 -69.610229 -71.788306
6
86.071616 -44.507739 -24.713116
81.603844 -39.733069 -41.977325
75.728027 -40.893085 -50.921720
73.938271 -46.078061 -49.091185
75.458044 -57.703769 -31.246738
84.635645 -47.704488 -23.687328
6
-4.873262 -48.308437 -87.421658
-1.556405 -35.134834 -93.611543
-9.111540 -29.438292 -95.133416
-29.470041 -28.541383 -91.197073
-30.087643 -30.134018 -90.480245
-17.273494 -47.112593 -86.498728
7
-25.568622 -79.418807 -55.126206
-19.163236 -80.720532 -55.829796
-18.220145 -80.296518 -56.749409
-21.398278 -72.240349 -65.752914
-29.314423 -65.061128 -70.055080
-38.649043 -68.528372 -61.726119
-38.813734 -68.791178 -61.329176
6
-59.751635 56.044197 57.347974
-66.658127 52.318969 53.098207
-66.673780 52.322532 53.075038
-63.576305 65.633126 40.624453
-56.687489 69.962420 43.494694
-54.286511 68.501161 48.585653
6
-18.681130 -10.601706 97.665855
-21.962157 -26.262841 93.957048
-31.180547 -30.778777 89.891270
-34.043383 -24.089226 90.888708
-31.005803 -14.939115 93.890697
-22.862677 -9.305041 96.905698
7
70.181339 -1.884589 71.211150
66.855519 -2.606958 74.320545
58.817291 5.195782 80.706444
55.977809 12.842439 81.863036
67.881594 19.488036 70.797639
69.818200 17.513404 69.416854
72.986954 2.564098 68.310540
6
29.350296 -11.151999 94.943104
23.524640 -10.372513 96.638513
19.218022 -5.998013 97.952496
15.635779 4.592698 98.663213
18.796999 11.883301 97.495949
32.072778 6.870107 94.467659
6
95.873030 12.809444 -25.382675
98.599203 5.599324 -15.711294
98.423316 17.162902 -4.276173
95.272438 26.667350 -14.560733
92.190754 28.031404 -26.741450
92.089755 27.540725 -27.585966
6
-61.233931 -75.862303 22.255710
-57.677701 -75.867431 30.288872
-51.905831 -77.808824 35.377556
-38.264759 -87.956238 28.275581
-37.005317 -89.230026 25.857474
-46.127090 -87.878871 12.230932
8
-54.872191 -69.914826 -45.836228
-55.031204 -70.764089 -44.317155
-49.444593 -82.119607 -28.488637
-43.174077 -84.664914 -31.110310
-36.843666 -83.181082 -41.514477
-38.777435 -79.877424 -45.998997
-48.509005 -71.614177 -50.182529
-51.287960 -70.459772 -49.040449
7
-72.566592 67.905233 11.089145
-71.017397 67.661917 19.452358
-79.911760 54.211751 25.984548
-85.627123 45.010803 25.338181
-86.633522 43.660017 24.257695
-87.797262 43.370765 20.263699
-82.717423 56.171362 1.614319
6
0.245943 -81.099017 58.505461
-0.161220 -81.557225 57.865300
-10.803880 -83.064652 54.621788
-17.262420 -75.334865 63.456024
-13.696429 -72.677170 67.308520
0.290078 -80.755782 58.978128
5
62.723240 -58.775955 51.099729
72.436970 -58.168316 37.004491
68.723518 -67.395776 27.108809
53.869837 -78.129709 31.524423
54.287588 -69.912871 46.530080
5
-46.201632 59.387802 -65.867277
-43.287608 54.957638 -71.455168
-24.198278 61.488997 -75.056955
-22.307774 65.352539 -72.328479
-39.942881 68.398516 -61.042684
7
53.039298 -57.107094 -62.654710
56.620297 -58.209876 -58.358824
69.783306 -51.288851 -49.997439
73.938271 -46.078061 -49.091185
75.728027 -40.893085 -50.921720
75.584249 -39.402967 -52.291754
56.848884 -46.980177 -67.535675
7
64.595446 44.871291 -61.757555
67.259221 32.541217 -66.462518
74.043543 15.114133 -65.491349
81.078813 12.195537 -57.249410
82.613140 15.497945 -54.174559
68.530518 44.347822 -57.765377
66.988478 45.277425 -58.843000
7
-43.478512 -61.025042 66.223585
-34.752151 -60.432388 71.695289
-32.738739 -60.967945 72.187843
-27.723705 -76.082595 58.675676
-28.957432 -77.211818 56.566794
-45.000226 -67.638989 58.309063
-47.459467 -63.849015 60.587971
7
-50.597092 85.765599 -9.175858
-45.584431 88.008103 -13.290353
-44.850722 88.427633 -12.998710
-33.483835 94.188339 -2.718392
-34.911512 93.508672 6.108572
-41.614221 90.335088 10.384052
-54.303192 83.943092 2.172688
6
28.244673 38.560003 87.837148
13.606188 25.489955 95.734706
7.269092 29.557049 95.255137
10.560295 46.454800 87.922874
11.184383 47.073431 87.515722
25.939909 46.804695 84.477462
6
80.309027 -49.882787 32.590916
77.938563 -32.209641 53.741226
83.731427 -21.892545 50.097551
86.999315 -18.420018 45.736441
92.147660 -27.855423 27.071835
85.487237 -45.539385 24.861550
6
23.154748 96.964732 7.854829
25.815575 96.602923 -1.196376
31.265963 94.873054 -4.641460
47.103059 88.211613 -0.114444
42.763123 89.165015 14.863223
38.993408 90.263569 18.220927
5
19.023197 -76.443061 -61.600133
8.758445 -78.679053 -61.097433
6.349189 -85.151786 -52.046721
15.393622 -87.304638 -46.270256
29.195646 -79.788231 -52.739478
5
43.928693 -42.665309 -79.056570
49.397644 -27.324791 -82.542283
41.405083 -23.613399 -87.909195
32.385965 -34.676141 -88.026783
38.346447 -44.143547 -81.122730
8
-72.949938 -62.653743 27.437475
-84.943337 -47.388289 23.215935
-86.213483 -44.482060 24.260703
-86.229439 -44.413796 24.328966
-86.200535 -44.389850 24.474659
-80.517779 -47.258905 35.825734
-79.830026 -47.837267 36.589107
-73.324349 -55.683990 39.023495
6
17.520961 16.148039 97.119806
17.778207 19.379462 96.479904
29.934546 23.472894 92.482140
35.184479 9.120022 93.160494
32.072778 6.870107 94.467659
18.796999 11.883301 97.495949
7
7.653339 44.923275 -89.013065
7.652304 44.864621 -89.042731
25.769605 29.534719 -91.997977
36.197995 40.981435 -83.727099
35.663822 48.036786 -80.128390
30.085616 49.052221 -81.784689
10.435580 46.286804 -88.026305
7
-24.198278 61.488997 -75.056955
-23.041424 55.526004 -79.912175
-2.987119 50.830278 -86.066021
-1.263772 51.077591 -85.962100
-1.572683 62.657406 -77.920319
-16.028473 70.202093 -69.388429
-22.307774 65.352539 -72.328479
5
-43.174077 -84.664914 -31.110310
-36.840414 -88.935250 -27.079610
-29.893662 -89.730452 -32.477914
-28.841174 -87.353151 -39.212417
-36.843666 -83.181082 -41.514477
5
-4.400774 -13.051646 99.046897
-1.026571 -7.619579 99.704003
19.218022 -5.998013 97.952496
23.524640 -10.372513 96.638513
1.770739 -27.902876 96.011947
4
-27.773959 89.689680 34.414656
-20.041461 94.514823 25.793179
-9.472640 91.653247 38.858093
-22.156234 85.266326 47.315483
5
-80.192819 -22.465344 -55.357205
-85.217419 -25.860685 -45.488642
-79.537805 -39.963713 -45.570158
-68.241728 -35.473356 -63.911717
-71.839940 -25.624871 -64.671392
7
-7.028080 -99.727612 -2.238186
-26.348642 -96.464620 -0.571081
-24.879793 -96.382105 9.564819
-7.916440 -98.447172 15.667939
-2.175232 -98.781445 15.410858
0.194702 -99.813952 6.094016
-0.410569 -99.927478 3.785576
8
52.161991 82.122721 23.129751
49.344679 75.636067 42.945173
43.037128 75.988293 48.719452
40.916196 77.061348 48.861166
29.978583 87.638947 37.692167
27.771062 90.316737 32.736142
38.993408 90.263569 18.220927
42.763123 89.165015 14.863223
4
-68.387779 47.228521 -55.610957
-75.499088 31.956755 -57.259527
-64.942432 34.353164 -67.840553
-63.063881 45.904346 -62.575857
6
-46.201632 59.387802 -65.867277
-52.873558 58.100357 -61.876776
-59.369705 47.815205 -64.722055
-54.632175 44.204179 -71.142926
-43.549531 53.384893 -72.480974
-43.287608 54.957638 -71.455168
7
-69.172554 57.218456 -44.059120
-70.894894 57.307012 -41.107426
-72.448161 55.919809 -40.301846
-82.320652 34.580754 -45.027565
-76.113476 31.248641 -56.835387
-75.499088 31.956755 -57.259527
-68.387779 47.228521 -55.610957
5
11.184383 47.073431 87.515722
10.560295 46.454800 87.922874
-11.584497 43.175591 89.452042
-17.755045 51.732440 83.716862
3.237317 60.257359 79.740645
5
14.498900 -22.524131 -96.345448
8.491714 -19.432919 -97.725393
3.294789 -20.507901 -97.819070
-1.344212 -34.989686 -93.669179
10.135005 -33.542536 -93.659917
8
57.593017 70.649160 -41.130775
48.457636 67.316484 -55.860079
58.031392 48.934953 -65.097834
62.811851 45.621707 -63.034365
64.595446 44.871291 -61.757555
66.988478 45.277425 -58.843000
67.765476 52.065208 -51.933171
64.690309 63.240098 -42.612837
5
-25.429573 44.344089 -85.947301
-14.966151 42.259238 -89.387757
-2.987119 50.830278 -86.066021
-23.041424 55.526004 -79.912175
-26.683976 48.564013 -83.243631
6
38.416624 -16.566618 -90.827915
41.405083 -23.613399 -87.909195
49.397644 -27.324791 -82.542283
54.453917 -25.079492 -80.036179
59.886930 -4.951378 -79.931467
45.835907 -6.617759 -88.629989
6
-31.348572 32.618297 -89.181353
-44.806999 34.556210 -82.451205
-45.900925 33.800632 -82.162171
-52.413157 15.719872 -83.700338
-48.117560 14.596528 -86.438659
-31.200011 22.771052 -92.239029
6
-38.101818 86.129685 33.614414
-27.773959 89.689680 34.414656
-22.156234 85.266326 47.315483
-25.939608 80.242439 53.742792
-35.737975 79.340138 49.274128
-42.271178 81.762545 39.090072
5
6.191601 -89.556864 44.059417
20.495143 -84.870080 48.754678
27.192063 -86.899494 41.340896
17.528930 -94.079951 29.012056
5.928307 -90.394399 42.352189
5
60.315038 15.272831 -78.286888
67.259221 32.541217 -66.462518
64.595446 44.871291 -61.757555
62.811851 45.621707 -63.034365
50.388567 24.725153 -82.762667
6
-54.810536 -61.866278 56.288265
-50.999835 -77.660646 36.984332
-51.905831 -77.808824 35.377556
-57.677701 -75.867431 30.288872
-66.362038 -59.827130 44.908734
-58.221263 -59.435579 55.476991
7
35.184479 9.120022 93.160494
29.934546 23.472894 92.482140
34.159260 29.111416 89.362578
35.588416 28.714930 88.932095
41.417896 23.377283 87.966247
43.701638 11.930649 89.150583
41.970858 9.702331 90.245841
7
-76.681985 -64.176593 -1.112692
-74.354506 -66.577416 6.233379
-67.536463 -72.438869 13.836055
-56.366542 -82.522092 -3.594060
-57.443847 -80.163601 -16.552991
-67.025734 -71.891137 -18.417802
-71.003096 -68.286649 -17.189937
7
-52.656330 27.982687 80.276274
-67.347720 25.504517 69.381584
-65.653239 33.285350 67.688534
-57.371781 44.246090 68.925774
-45.649387 46.027862 76.141772
-41.821681 42.198513 80.437755
-47.088229 33.249238 81.714055
6
-82.853626 -32.643853 45.493468
-76.340947 -33.394057 55.289210
-74.766706 -35.191307 56.316176
-73.854846 -41.411421 53.202970
-79.830026 -47.837267 36.589107
-80.517779 -47.258905 35.825734
5
-97.287558 -7.513820 21.878609
-88.951632 -11.217123 44.292024
-89.518779 -22.933798 38.215561
-94.103321 -22.166653 25.557867
-97.008041 -16.198880 18.084141
6
55.977809 12.842439 81.863036
55.666529 13.148017 82.026625
53.478497 26.001769 80.398746
55.993517 35.897599 74.673211
60.962219 34.849228 71.197888
67.881594 19.488036 70.797639
6
23.352253 95.342838 -19.089672
23.558824 95.693084 -16.965127
8.884995 99.562163 -2.903905
8.362138 99.612277 -2.732935
4.794602 99.411461 -9.714589
5.786405 97.436245 -21.741564
5
-97.763317 -19.448079 8.006623
-97.505360 -19.688487 10.250279
-93.144132 -33.516769 14.170281
-92.282947 -38.484713 1.668702
-96.465762 -26.282199 -1.898088
6
-68.879625 71.153554 -13.884131
-82.894503 55.839646 -3.230359
-84.625363 51.669229 -12.993791
-82.351536 53.742735 -18.164331
-70.131606 68.797847 -18.665855
-68.668847 71.237377 -14.485357
6
24.238134 -37.439156 89.503198
33.768769 -55.456453 76.054270
28.940482 -64.828307 70.425416
18.783419 -59.185012 78.385697
13.035997 -38.048871 91.555154
22.689326 -36.389635 90.338192
6
-55.606758 -19.226095 80.859419
-49.606333 -8.967231 86.364347
-44.201979 -9.894311 89.153170
-42.059011 -19.527670 88.598587
-51.243317 -23.882320 82.484891
-52.497495 -23.522343 81.796775
4
-11.897800 39.326029 91.169654
1.257805 27.756659 96.062406
-5.167974 18.513420 98.135342
-18.857034 31.349467 93.067842
7
51.394809 -80.955959 28.367346
51.424548 -80.964533 28.288872
49.835167 -86.147215 9.752613
45.502747 -88.972372 3.662937
31.682898 -93.950694 13.017726
31.677808 -93.948807 13.043699
38.286733 -88.739867 25.678046
5
-86.646165 -45.633171 -20.249832
-72.224210 -66.233421 -19.919775
-73.109509 -62.473644 -27.423412
-82.284603 -48.726835 -29.239352
-85.898932 -45.268817 -23.918772
6
-66.740020 -22.744795 70.911523
-59.516135 -17.535395 78.424100
-55.606758 -19.226095 80.859419
-52.497495 -23.522343 81.796775
-56.183815 -35.553575 74.694861
-66.499905 -27.540929 69.420889
6
-70.131606 68.797847 -18.665855
-82.351536 53.742735 -18.164331
-80.043309 51.503240 -30.667327
-72.448161 55.919809 -40.301846
-70.894894 57.307012 -41.107426
-68.710557 63.806189 -34.750966
7
49.951159 -79.489136 -34.443562
59.774021 -70.652788 -37.884692
61.944479 -66.813417 -41.217093
61.794235 -65.970913 -42.770447
55.785133 -66.309297 -49.910882
38.038821 -76.881954 -51.402464
39.709320 -78.737820 -47.154274
4
-38.813734 -68.791178 -61.329176
-48.509005 -71.614177 -50.182529
-38.777435 -79.877424 -45.998997
-25.568622 -79.418807 -55.126206
7
-59.156429 -45.717122 66.411307
-54.127910 -43.736685 71.814147
-43.478512 -61.025042 66.223585
-47.459467 -63.849015 60.587971
-54.810536 -61.866278 56.288265
-58.221263 -59.435579 55.476991
-60.458220 -53.471958 59.038575
8
-99.009769 4.517400 13.291304
-98.143232 4.617571 18.616769
-97.834080 2.864669 20.500888
-97.287558 -7.513820 21.878609
-97.008041 -16.198880 18.084141
-97.505360 -19.688487 10.250279
-97.763317 -19.448079 8.006623
-99.443201 -10.333518 2.065957
6
41.125901 -89.464901 -17.455424
50.094037 -80.206766 -32.518643
49.951159 -79.489136 -34.443562
39.709320 -78.737820 -47.154274
28.435883 -90.710458 -31.032458
36.149982 -91.365438 -18.588583
7
-26.768306 -84.795251 45.751756
-19.562987 -88.200979 42.870467
-18.732064 -89.621744 40.212594
-24.053291 -93.037291 27.667702
-28.960893 -92.733877 23.700101
-37.005317 -89.230026 25.857474
-38.264759 -87.956238 28.275581
5
-77.180960 -47.285810 -42.510607
-82.284603 -48.726835 -29.239352
-73.109509 -62.473644 -27.423412
-69.671185 -58.926596 -40.909441
-75.328050 -49.653618 -43.130072
5
21.495686 -21.027424 -95.371814
19.160611 -4.900873 -98.024754
11.995520 -6.616613 -99.057195
8.491714 -19.432919 -97.725393
14.498900 -22.524131 -96.345448
5
-53.659999 56.242139 62.908079
-57.371781 44.246090 68.925774
-65.653239 33.285350 67.688534
-66.658127 52.318969 53.098207
-59.751635 56.044197 57.347974
5
-58.221263 -59.435579 55.476991
-66.362038 -59.827130 44.908734
-68.606390 -57.991697 43.933203
-72.256349 -44.379148 53.004822
-60.458220 -53.471958 59.038575
5
57.197345 75.367171 -32.376739
42.041804 85.140216 -31.362881
38.666494 82.568648 -41.077008
45.032763 78.021227 -43.413573
56.868343 71.832242 -40.076433
7
35.588416 28.714930 88.932095
34.159260 29.111416 89.362578
28.244673 38.560003 87.837148
25.939909 46.804695 84.477462
30.085413 50.729764 80.754932
47.152234 46.604508 74.864455
51.943324 39.675230 75.682013
6
-84.943337 -47.388289 23.215935
-74.354506 -66.577416 6.233379
-76.681985 -64.176593 -1.112692
-87.155608 -48.896614 -3.608479
-88.436812 -46.673896 -0.691144
-86.213483 -44.482060 24.260703
6
-36.843666 -83.181082 -41.514477
-28.841174 -87.353151 -39.212417
-19.717711 -88.124583 -42.956604
-19.163236 -80.720532 -55.829796
-25.568622 -79.418807 -55.126206
-38.777435 -79.877424 -45.998997
4
61.794235 -65.970913 -42.770447
69.783306 -51.288851 -49.997439
56.620297 -58.209876 -58.358824
55.785133 -66.309297 -49.910882
6
-55.370443 76.209502 -33.559288
-46.658789 77.565406 -42.503708
-42.182771 80.794828 -41.143768
-45.721175 86.982525 -18.536841
-46.059103 86.962529 -17.778572
-55.207139 78.820864 -27.192706
5
63.996552 -41.643785 64.577369
59.694819 -36.796953 71.291745
73.865401 -12.436267 66.251353
83.731427 -21.892545 50.097551
77.938563 -32.209641 53.741226
5
17.520961 16.148039 97.119806
18.796999 11.883301 97.495949
15.635779 4.592698 98.663213
0.851007 2.689264 99.960210
-3.287675 11.304837 99.304541
7
93.515781 -35.405985 1.102263
97.132506 -22.836465 -6.616054
96.707781 -22.992326 -10.906791
94.950977 -26.966886 -16.034308
91.238597 -38.024427 -15.154583
89.848884 -43.897813 -0.400005
89.867043 -43.861481 -0.291520
7
1.674711 -30.572104 95.197383
2.969234 -35.335428 93.501824
2.610773 -35.759538 93.351161
-22.948227 -44.962090 86.323748
-31.991644 -36.484418 87.438104
-31.180547 -30.778777 89.891270
-21.962157 -26.262841 93.957048
6
-52.873558 58.100357 -61.876776
-46.201632 59.387802 -65.867277
-39.942881 68.398516 -61.042684
-39.881160 69.741916 -59.544590
-48.178642 73.467045 -47.764126
-59.834440 62.093158 -50.638716
6
32.760068 74.383493 58.256965
37.360277 62.898107 68.176520
28.739856 56.471224 77.362921
24.288814 62.459526 74.221702
23.319803 66.858480 70.612537
32.176172 74.344042 58.631538
5
-84.625363 51.669229 -12.993791
-91.377191 37.828037 -14.807047
-87.483819 39.044678 -28.672191
-80.043309 51.503240 -30.667327
-82.351536 53.742735 -18.164331
7
59.886930 -4.951378 -79.931467
61.786231 -3.036776 -78.569966
62.862901 -0.646702 -77.767843
62.826725 0.689009 -77.796709
41.175175 14.580645 -89.955599
40.190738 1.821386 -91.549916
45.835907 -6.617759 -88.629989
5
0.245943 -81.099017 58.505461
0.290078 -80.755782 58.978128
7.008644 -73.047183 67.933702
26.165785 -69.345613 67.130750
20.394301 -82.330390 52.969608
6
-44.009581 -42.163936 79.280258
-53.212498 -42.095653 73.460098
-56.183815 -35.553575 74.694861
-52.497495 -23.522343 81.796775
-51.243317 -23.882320 82.484891
-38.433243 -37.741554 84.252365
5
24.288814 62.459526 74.221702
3.503687 61.532234 78.749656
1.190040 69.060375 72.313543
6.537838 74.929691 65.899910
23.319803 66.858480 70.612537
5
5.928307 -90.394399 42.352189
17.528930 -94.079951 29.012056
16.877435 -95.445114 24.604521
-0.345231 -98.170174 19.039372
-3.668725 -95.060070 30.824074
6
91.044850 40.883951 6.271982
95.272438 26.667350 -14.560733
98.423316 17.162902 -4.276173
98.439658 17.135227 -4.002228
95.162921 29.406997 8.902079
92.111888 37.264525 11.258565
6
86.071616 -44.507739 -24.713116
84.635645 -47.704488 -23.687328
83.333202 -54.240088 -10.657877
89.848884 -43.897813 -0.400005
91.238597 -38.024427 -15.154583
87.377995 -42.421550 -23.780203
6
-54.286511 68.501161 48.585653
-46.329446 69.180073 55.386821
-45.153445 61.258497 64.873438
-46.968067 59.548155 65.176820
-53.659999 56.242139 62.908079
-59.751635 56.044197 57.347974
6
-54.632175 44.204179 -71.142926
-59.369705 47.815205 -64.722055
-63.063881 45.904346 -62.575857
-64.942432 34.353164 -67.840553
-63.143985 32.811740 -70.258287
-54.955826 38.241319 -74.279598
5
-73.297933 56.644382 37.667320
-73.612616 48.593933 47.114885
-76.938396 44.767075 45.567447
-85.627123 45.010803 25.338181
-79.911760 54.211751 25.984548
7
-15.571699 71.899298 -67.734874
-16.028473 70.202093 -69.388429
-1.572683 62.657406 -77.920319
13.465238 69.579016 -70.551030
14.248020 70.790598 -69.178647
14.228310 73.046358 -66.796593
-5.286021 80.917932 -58.517914
7
-33.052884 45.698841 82.577980
-41.821681 42.198513 80.437755
-45.649387 46.027862 76.141772
-46.968067 59.548155 65.176820
-45.153445 61.258497 64.873438
-41.483011 62.077412 66.524843
-29.298614 49.478224 81.813792
5
7.008644 -73.047183 67.933702
0.290078 -80.755782 58.978128
-13.696429 -72.677170 67.308520
-12.319204 -68.020464 72.259627
-4.447647 -65.664954 75.288328
5
-25.429573 44.344089 -85.947301
-30.193015 33.510319 -89.249316
-19.077841 31.699736 -92.904051
-14.490321 37.369922 -91.616153
-14.966151 42.259238 -89.387757
6
-68.427010 -5.364030 72.725315
-70.456552 19.276063 68.295737
-68.576245 22.405300 69.248114
-62.160463 10.628584 77.608698
-61.059378 -3.555183 79.114556
-62.847767 -6.095121 77.543586
5
60.416108 75.517290 -25.436838
67.004360 74.135676 -3.783814
63.482882 77.265281 -0.003834
47.790352 87.837528 -0.806839
46.938842 87.043176 -14.840173
7
52.243199 -23.085092 82.083657
54.924436 -34.260886 76.220063
50.180179 -37.901208 77.752480
24.238134 -37.439156 89.503198
22.689326 -36.389635 90.338192
35.664125 -16.429671 91.968126
43.300522 -16.369383 88.640330
6
-19.540923 92.637739 -32.193191
-24.241710 93.075852 -27.371980
-35.383895 88.854808 -29.202793
-38.787319 82.331234 -41.438047
-28.508218 84.229725 -45.745327
-24.373520 86.201510 -44.443574
6
-24.373520 86.201510 -44.443574
-28.508218 84.229725 -45.745327
-29.650656 77.459770 -55.864324
-15.571699 71.899298 -67.734874
-5.286021 80.917932 -58.517914
-5.502740 83.000923 -55.502852
4
-82.853626 -32.643853 45.493468
-80.517779 -47.258905 35.825734
-86.200535 -44.389850 24.474659
-88.221462 -26.855421 38.675056
6
-89.879622 -30.114543 -31.855422
-89.711811 -21.546561 -38.568597
-90.597592 -19.050002 -37.804415
-91.515571 -17.418340 -36.352464
-96.515401 -14.455936 -21.812914
-93.442567 -30.925523 -17.666314
6
20.363921 12.516789 -97.101188
24.908914 18.271569 -95.108863
24.783810 18.827890 -95.033012
9.906503 31.028240 -94.546864
5.065576 23.139246 -97.154080
9.234405 13.409555 -98.665646
6
-14.237632 16.147828 -97.655197
-4.410320 5.108236 -99.772015
9.234405 13.409555 -98.665646
5.065576 23.139246 -97.154080
-5.884774 26.302253 -96.299330
-13.011613 19.695814 -97.173931
6
-18.681130 -10.601706 97.665855
-22.862677 -9.305041 96.905698
-32.531841 7.058265 94.296661
-24.131253 12.978430 96.172985
-14.686335 11.556840 98.238236
-14.140170 -10.059746 98.482776
6
9.184146 -97.424786 -20.592778
-3.451796 -97.672879 -21.168228
-10.167195 -98.529114 -13.734697
-7.028080 -99.727612 -2.238186
-0.410569 -99.927478 3.785576
11.424736 -98.006252 -16.255767
8
92.204052 -20.405949 -32.893920
77.808538 -29.496381 -55.459850
76.258984 -34.523604 -54.705467
75.584249 -39.402967 -52.291754
75.728027 -40.893085 -50.921720
81.603844 -39.733069 -41.977325
91.451841 -27.068910 -30.063848
91.929526 -25.674058 -29.829599
8
-56.147037 -10.753396 -82.048002
-34.185916 -9.875986 -93.454738
-44.726176 11.593541 -88.685732
-48.117560 14.596528 -86.438659
-52.413157 15.719872 -83.700338
-62.597172 9.012618 -77.462035
-63.724282 -5.329985 -76.881774
-58.537294 -9.874875 -80.472803
5
66.855519 -2.606958 74.320545
52.243199 -23.085092 82.083657
43.300522 -16.369383 88.640330
46.493847 -4.029063 88.442573
58.817291 5.195782 80.706444
6
9.184146 -97.424786 -20.592778
12.652198 -93.719971 -32.503676
-6.840328 -91.968668 -38.664894
-11.446117 -92.390465 -36.510113
-11.833900 -93.178713 -34.317432
-3.451796 -97.672879 -21.168228
6
-93.069393 35.234466 9.829571
-87.797262 43.370765 20.263699
-86.633522 43.660017 24.257695
-89.320487 33.113444 30.419574
-92.550823 24.757300 28.660447
-96.102844 23.164624 15.087860
5
57.593017 70.649160 -41.130775
56.868343 71.832242 -40.076433
45.032763 78.021227 -43.413573
47.726977 67.899345 -55.783641
48.457636 67.316484 -55.860079
6
-99.161677 11.431563 -6.023387
-98.498044 15.859440 -6.827412
-96.734245 20.879507 14.371220
-97.885120 8.048686 18.807499
-98.143232 4.617571 18.616769
-99.009769 4.517400 13.291304
8
-1.169536 -52.396900 -85.165704
-4.873262 -48.308437 -87.421658
-17.273494 -47.112593 -86.498728
-29.440623 -56.760853 -76.885989
-28.324499 -59.824023 -74.958715
-4.344498 -65.438621 -75.491140
1.330470 -64.809629 -76.144217
2.211476 -63.824781 -76.951327
6
89.003416 28.420893 -35.646105
87.641530 18.464433 -44.475015
91.747349 -1.502470 -39.751310
92.567225 -3.025291 -37.711490
95.873030 12.809444 -25.382675
92.089755 27.540725 -27.585966
6
-54.286511 68.501161 48.585653
-56.687489 69.962420 43.494694
-49.480339 78.879430 36.465485
-42.271178 81.762545 39.090072
-35.737975 79.340138 49.274128
-46.329446 69.180073 55.386821
5
8.821141 80.172073 59.115363
6.666256 78.128767 62.060106
-11.268710 80.732065 57.925382
0.163689 91.646851 40.010348
0.777114 91.681782 39.923012
6
-39.881160 69.741916 -59.544590
-39.942881 68.398516 -61.042684
-22.307774 65.352539 -72.328479
-16.028473 70.202093 -69.388429
-15.571699 71.899298 -67.734874
-29.650656 77.459770 -55.864324
7
35.664125 -16.429671 91.968126
29.350296 -11.151999 94.943104
32.072778 6.870107 94.467659
35.184479 9.120022 93.160494
41.970858 9.702331 90.245841
46.493847 -4.029063 88.442573
43.300522 -16.369383 88.640330
8
91.276623 34.349510 22.106317
91.598054 37.120698 15.226633
92.111888 37.264525 11.258565
95.162921 29.406997 8.902079
98.537695 5.037957 16.277026
98.065543 3.300489 19.293937
94.664562 7.947765 31.232255
91.452917 26.116583 30.891553
5
91.276623 34.349510 22.106317
91.452917 26.116583 30.891553
87.703590 28.979719 38.317832
77.262545 41.535125 48.013878
79.625965 47.680068 37.233275
6
37.360277 62.898107 68.176520
43.687490 60.911510 66.190568
48.988148 52.214985 69.812296
47.152234 46.604508 74.864455
30.085413 50.729764 80.754932
28.739856 56.471224 77.362921
6
-69.172554 57.218456 -44.059120
-68.387779 47.228521 -55.610957
-63.063881 45.904346 -62.575857
-59.369705 47.815205 -64.722055
-52.873558 58.100357 -61.876776
-59.834440 62.093158 -50.638716
6
98.299148 -6.391803 17.216923
98.065543 3.300489 19.293937
98.537695 5.037957 16.277026
99.638546 6.320526 5.675477
99.762786 -3.048813 -6.171814
99.134095 -13.089520 -1.046744
7
18.740598 -43.902933 -87.871056
19.826470 -37.984776 -90.355232
10.135005 -33.542536 -93.659917
-1.344212 -34.989686 -93.669179
-1.556405 -35.134834 -93.611543
-4.873262 -48.308437 -87.421658
-1.169536 -52.396900 -85.165704
6
73.513874 39.907689 54.800426
72.913711 41.399508 54.494692
77.262545 41.535125 48.013878
87.703590 28.979719 38.317832
83.576869 19.369219 51.378404
83.225798 19.379029 51.941503
6
27.192063 -86.899494 41.340896
29.843948 -86.400856 40.549117
38.286733 -88.739867 25.678046
31.677808 -93.948807 13.043699
16.877435 -95.445114 24.604521
17.528930 -94.079951 29.012056
7
28.435883 -90.710458 -31.032458
39.709320 -78.737820 -47.154274
38.038821 -76.881954 -51.402464
37.700710 -76.776251 -51.807951
29.195646 -79.788231 -52.739478
15.393622 -87.304638 -46.270256
15.667304 -92.299371 -35.147714
5
-29.298614 49.478224 81.813792
-41.483011 62.077412 66.524843
-23.162907 71.910685 65.515899
-19.793793 68.819773 69.800033
-21.051912 52.989132 82.152108
6
99.032779 -1.038210 -13.835853
99.762786 -3.048813 -6.171814
99.638546 6.320526 5.675477
98.439658 17.135227 -4.002228
98.423316 17.162902 -4.276173
98.599203 5.599324 -15.711294
5
9.906503 31.028240 -94.546864
7.513110 44.482137 -89.246248
-4.395086 32.879935 -94.337655
-5.884774 26.302253 -96.299330
5.065576 23.139246 -97.154080
7
7.133696 99.584009 5.668816
6.743567 99.758325 1.673615
8.362138 99.612277 -2.732935
8.884995 99.562163 -2.903905
25.815575 96.602923 -1.196376
23.154748 96.964732 7.854829
12.999394 98.340453 12.655870
5
7.269092 29.557049 95.255137
1.257805 27.756659 96.062406
-11.897800 39.326029 91.169654
-11.584497 43.175591 89.452042
10.560295 46.454800 87.922874
4
-34.185916 -9.875986 -93.454738
-30.929226 -10.879628 -94.472307
-26.843750 9.670402 -95.843082
-44.726176 11.593541 -88.685732
8
-62.597172 9.012618 -77.462035
-63.331063 10.026451 -76.737519
-74.394587 16.362142 -64.789858
-85.698592 4.818202 -51.308248
-83.665866 -2.977938 -54.691450
-83.399709 -3.308338 -55.077613
-64.951881 -6.381727 -75.766263
-63.724282 -5.329985 -76.881774
6
61.399021 -53.987201 57.580746
63.996552 -41.643785 64.577369
77.938563 -32.209641 53.741226
80.309027 -49.882787 32.590916
72.436970 -58.168316 37.004491
62.723240 -58.775955 51.099729
6
-66.499905 -27.540929 69.420889
-56.183815 -35.553575 74.694861
-53.212498 -42.095653 73.460098
-54.127910 -43.736685 71.814147
-59.156429 -45.717122 66.411307
-71.667780 -35.039753 60.298798
8
-20.964874 97.535860 -6.872410
-17.993268 98.183057 -6.027409
-15.084792 98.853299 -0.688738
-14.952612 97.654828 15.490447
-20.856202 95.730822 20.015708
-23.595706 95.277158 19.118209
-34.911512 93.508672 6.108572
-33.483835 94.188339 -2.718392
7
20.363921 12.516789 -97.101188
9.234405 13.409555 -98.665646
-4.410320 5.108236 -99.772015
-4.465936 -1.730068 -99.885246
11.995520 -6.616613 -99.057195
19.160611 -4.900873 -98.024754
22.703643 -0.942531 -97.384066
5
-54.303192 83.943092 2.172688
-41.614221 90.335088 10.384052
-43.756771 87.936494 18.775462
-55.062220 80.710949 21.304804
-55.671400 82.993001 3.585665
3
49.835167 -86.147215 9.752613
51.424548 -80.964533 28.288872
61.841477 -77.374432 13.741504
5
79.877620 59.113513 11.187424
71.365086 69.815188 -5.732715
74.920722 65.421695 -10.338626
86.924461 49.201757 -4.829625
88.559424 46.378472 2.503156
5
-0.714361 -58.535110 81.074845
2.610773 -35.759538 93.351161
2.969234 -35.335428 93.501824
13.035997 -38.048871 91.555154
18.783419 -59.185012 78.385697
4
15.635779 4.592698 98.663213
19.218022 -5.998013 97.952496
-1.026571 -7.619579 99.704003
0.851007 2.689264 99.960210
6
28.744533 -54.228897 -78.949215
38.346447 -44.143547 -81.122730
32.385965 -34.676141 -88.026783
25.075158 -33.691324 -90.753133
19.826470 -37.984776 -90.355232
18.740598 -43.902933 -87.871056
6
-96.439354 2.099174 -26.363696
-98.234874 -2.073713 -18.590568
-97.505822 -11.723159 -18.846276
-96.515401 -14.455936 -21.812914
-91.515571 -17.418340 -36.352464
-92.839963 -1.129690 -37.141150
6
-26.683976 48.564013 -83.243631
-40.512551 46.624003 -78.644361
-44.806999 34.556210 -82.451205
-31.348572 32.618297 -89.181353
-30.193015 33.510319 -89.249316
-25.429573 44.344089 -85.947301
5
-99.553635 -9.425095 0.491311
-98.050118 -13.588730 -14.195804
-97.505822 -11.723159 -18.846276
-98.234874 -2.073713 -18.590568
-99.394983 8.047430 -7.475046
6
79.832589 -5.845243 -59.938226
62.862901 -0.646702 -77.767843
61.786231 -3.036776 -78.569966
69.136779 -20.294416 -69.341492
78.068653 -25.854268 -56.893253
79.895127 -19.943748 -56.736369
7
35.663822 48.036786 -80.128390
39.632902 51.059151 -76.303317
35.379163 59.334567 -72.303001
14.248020 70.790598 -69.178647
13.465238 69.579016 -70.551030
15.146491 64.978689 -74.487272
30.085616 49.052221 -81.784689
8
-5.167974 18.513420 98.135342
1.257805 27.756659 96.062406
7.269092 29.557049 95.255137
13.606188 25.489955 95.734706
17.778207 19.379462 96.479904
17.520961 16.148039 97.119806
-3.287675 11.304837 99.304541
-6.233292 14.088409 98.806188
7
-55.370443 76.209502 -33.559288
-68.710557 63.806189 -34.750966
-70.894894 57.307012 -41.107426
-69.172554 57.218456 -44.059120
-59.834440 62.093158 -50.638716
-48.178642 73.467045 -47.764126
-46.658789 77.565406 -42.503708
6
66.222481 69.421401 28.200216
61.774683 73.467631 28.042748
58.854941 77.415937 23.299542
66.109120 74.341179 10.147583
70.249717 69.527962 15.193412
70.055381 67.802466 22.250151
6
-88.436812 -46.673896 -0.691144
-92.282947 -38.484713 1.668702
-93.144132 -33.516769 14.170281
-89.321689 -39.368953 21.719148
-86.229439 -44.413796 24.328966
-86.213483 -44.482060 24.260703
9
-21.051912 52.989132 82.152108
-17.755045 51.732440 83.716862
-11.584497 43.175591 89.452042
-11.897800 39.326029 91.169654
-18.857034 31.349467 93.067842
-24.354185 28.580983 92.682259
-27.526604 30.122510 91.295786
-33.052884 45.698841 82.577980
-29.298614 49.478224 81.813792
6
-86.229439 -44.413796 24.328966
-89.321689 -39.368953 21.719148
-94.103321 -22.166653 25.557867
-89.518779 -22.933798 38.215561
-88.221462 -26.855421 38.675056
-86.200535 -44.389850 24.474659
4
25.815575 96.602923 -1.196376
8.884995 99.562163 -2.903905
23.558824 95.693084 -16.965127
31.265963 94.873054 -4.641460
4
-43.583334 -78.689624 43.685650
-45.000226 -67.638989 58.309063
-28.957432 -77.211818 56.566794
-29.476443 -82.658091 47.945587
6
-84.625363 51.669229 -12.993791
-82.894503 55.839646 -3.230359
-83.056704 55.691110 -0.290171
-93.969858 34.200375 -0.008371
-95.117867 29.590616 -8.774208
-91.377191 37.828037 -14.807047
5
-7.715291 98.326365 16.504552
-14.952612 97.654828 15.490447
-15.084792 98.853299 -0.688738
6.743567 99.758325 1.673615
7.133696 99.584009 5.668816
8
99.134095 -13.089520 -1.046744
99.762786 -3.048813 -6.171814
99.032779 -1.038210 -13.835853
99.008967 -1.207171 -13.991684
97.556127 -13.602205 -17.256366
96.707781 -22.992326 -10.906791
97.132506 -22.836465 -6.616054
98.289225 -18.277838 -2.269125
9
-63.724282 -5.329985 -76.881774
-64.951881 -6.381727 -75.766263
-71.839940 -25.624871 -64.671392
-68.241728 -35.473356 -63.911717
-61.062148 -43.566007 -66.131816
-53.596258 -45.746133 -70.955849
-52.823657 -45.667252 -71.583262
-51.650357 -45.114323 -72.780070
-58.537294 -9.874875 -80.472803
8
1.674711 -30.572104 95.197383
1.770739 -27.902876 96.011947
23.524640 -10.372513 96.638513
29.350296 -11.151999 94.943104
35.664125 -16.429671 91.968126
22.689326 -36.389635 90.338192
13.035997 -38.048871 91.555154
2.969234 -35.335428 93.501824
4
-9.111540 -29.438292 -95.133416
-10.471911 -9.409275 -99.004064
-29.829316 -12.084440 -94.679344
-29.470041 -28.541383 -91.197073
7
-88.951632 -11.217123 44.292024
-88.252370 -9.598784 46.036753
-78.383605 -26.490220 56.162965
-76.340947 -33.394057 55.289210
-82.853626 -32.643853 45.493468
-88.221462 -26.855421 38.675056
-89.518779 -22.933798 38.215561
5
91.452917 26.116583 30.891553
94.664562 7.947765 31.232255
93.435975 5.852740 35.149168
83.576869 19.369219 51.378404
87.703590 28.979719 38.317832
5
-94.103321 -22.166653 25.557867
-89.321689 -39.368953 21.719148
-93.144132 -33.516769 14.170281
-97.505360 -19.688487 10.250279
-97.008041 -16.198880 18.084141
5
58.854941 77.415937 23.299542
61.774683 73.467631 28.042748
53.784979 73.864918 40.634344
49.344679 75.636067 42.945173
52.161991 82.122721 23.129751
7
64.690309 63.240098 -42.612837
70.650653 64.527290 -29.063965
70.625193 65.590220 -26.645924
60.552671 75.188878 -26.076937
57.197345 75.367171 -32.376739
56.868343 71.832242 -40.076433
57.593017 70.649160 -41.130775
5
-40.626557 -6.835697 91.119461
-31.005803 -14.939115 93.890697
-34.043383 -24.089226 90.888708
-42.059011 -19.527670 88.598587
-44.201979 -9.894311 89.153170
4
-62.017556 -45.069609 -64.207111
-75.328050 -49.653618 -43.130072
-69.671185 -58.926596 -40.909441
-63.443795 -62.664741 -45.255001
7
80.309027 -49.882787 32.590916
85.487237 -45.539385 24.861550
85.392408 -50.064539 14.201360
71.424249 -69.694621 6.421564
70.882489 -70.106132 7.797624
68.723518 -67.395776 27.108809
72.436970 -58.168316 37.004491
7
92.901732 -8.167343 -36.091034
92.978580 -6.985911 -36.141121
92.567225 -3.025291 -37.711490
91.747349 -1.502470 -39.751310
82.252796 -0.680162 -56.868399
79.832589 -5.845243 -59.938226
79.895127 -19.943748 -56.736369
8
-44.201979 -9.894311 89.153170
-49.606333 -8.967231 86.364347
-53.318533 -2.609703 84.559585
-49.476597 6.606891 86.651113
-42.767698 10.962286 89.725985
-41.502605 10.695620 90.350083
-35.842845 7.031331 93.090552
-40.626557 -6.835697 91.119461
8
20.495143 -84.870080 48.754678
20.394301 -82.330390 52.969608
26.165785 -69.345613 67.130750
28.770707 -67.159424 68.277801
41.962310 -75.113556 50.961930
38.090148 -81.263783 44.105989
29.843948 -86.400856 40.549117
27.192063 -86.899494 41.340896
7
-14.686335 11.556840 98.238236
-6.233292 14.088409 98.806188
-3.287675 11.304837 99.304541
0.851007 2.689264 99.960210
-1.026571 -7.619579 99.704003
-4.400774 -13.051646 99.046897
-14.140170 -10.059746 98.482776
5
-77.180960 -47.285810 -42.510607
-79.243397 -42.239146 -44.003846
-87.309352 -37.576664 -31.065598
-85.898932 -45.268817 -23.918772
-82.284603 -48.726835 -29.239352
7
41.175175 14.580645 -89.955599
62.826725 0.689009 -77.796709
63.154673 2.194739 -77.502712
60.315038 15.272831 -78.286888
50.388567 24.725153 -82.762667
45.167072 24.412684 -85.813498
40.353996 16.529281 -89.990765
8
-32.738739 -60.967945 72.187843
-34.752151 -60.432388 71.695289
-44.009581 -42.163936 79.280258
-38.433243 -37.741554 84.252365
-31.991644 -36.484418 87.438104
-22.948227 -44.962090 86.323748
-22.743244 -49.057411 84.119649
-27.345521 -59.722931 75.401552
7
16.070958 93.902681 30.397547
27.771062 90.316737 32.736142
29.978583 87.638947 37.692167
10.175243 80.309304 58.710136
8.821141 80.172073 59.115363
0.777114 91.681782 39.923012
7.601199 93.890809 33.566915
7
-76.113476 31.248641 -56.835387
-76.792707 26.166675 -58.465249
-74.394587 16.362142 -64.789858
-63.331063 10.026451 -76.737519
-63.143985 32.811740 -70.258287
-64.942432 34.353164 -67.840553
-75.499088 31.956755 -57.259527
7
-55.671400 82.993001 3.585665
-55.062220 80.710949 21.304804
-56.205100 79.403082 23.154639
-68.528770 69.405135 22.062071
-71.017397 67.661917 19.452358
-72.566592 67.905233 11.089145
-68.255259 73.034668 2.675237
6
-98.050118 -13.588730 -14.195804
-99.553635 -9.425095 0.491311
-99.443201 -10.333518 2.065957
-97.763317 -19.448079 8.006623
-96.465762 -26.282199 -1.898088
-96.440826 -26.133747 -4.024211
5
54.287588 -69.912871 46.530080
53.869837 -78.129709 31.524423
51.909367 -80.164002 29.650472
38.090148 -81.263783 44.105989
41.962310 -75.113556 50.961930
6
-12.000045 98.616917 -11.432527
4.794602 99.411461 -9.714589
8.362138 99.612277 -2.732935
6.743567 99.758325 1.673615
-15.084792 98.853299 -0.688738
-17.993268 98.183057 -6.027409
8
31.265963 94.873054 -4.641460
23.558824 95.693084 -16.965127
23.352253 95.342838 -19.089672
26.109108 93.478422 -24.085245
41.124214 87.660617 -24.988302
46.938842 87.043176 -14.840173
47.790352 87.837528 -0.806839
47.103059 88.211613 -0.114444
7
-62.160463 10.628584 77.608698
-68.576245 22.405300 69.248114
-67.962589 24.770130 69.047282
-67.347720 25.504517 69.381584
-52.656330 27.982687 80.276274
-42.767698 10.962286 89.725985
-49.476597 6.606891 86.651113
6
-37.005317 -89.230026 25.857474
-28.960893 -92.733877 23.700101
-28.470079 -94.839199 13.963561
-43.348092 -89.511108 10.426142
-45.526138 -88.358329 10.962503
-46.127090 -87.878871 12.230932
6
40.353996 16.529281 -89.990765
45.167072 24.412684 -85.813498
36.197995 40.981435 -83.727099
25.769605 29.534719 -91.997977
24.783810 18.827890 -95.033012
24.908914 18.271569 -95.108863
7
-65.253457 -73.467918 18.559402
-72.949938 -62.653743 27.437475
-73.324349 -55.683990 39.023495
-68.606390 -57.991697 43.933203
-66.362038 -59.827130 44.908734
-57.677701 -75.867431 30.288872
-61.233931 -75.862303 22.255710
5
18.612930 75.468415 -62.913251
14.228310 73.046358 -66.796593
14.248020 70.790598 -69.178647
35.379163 59.334567 -72.303001
35.212212 70.312993 -61.775263
7
-46.658789 77.565406 -42.503708
-48.178642 73.467045 -47.764126
-39.881160 69.741916 -59.544590
-29.650656 77.459770 -55.864324
-28.508218 84.229725 -45.745327
-38.787319 82.331234 -41.438047
-42.182771 80.794828 -41.143768
7
85.392408 -50.064539 14.201360
89.867043 -43.861481 -0.291520
89.848884 -43.897813 -0.400005
83.333202 -54.240088 -10.657877
76.117242 -64.142089 -9.589468
71.386758 -69.765331 6.060477
71.424249 -69.694621 6.421564
8
-18.826360 -88.073420 43.458497
-19.562987 -88.200979 42.870467
-26.768306 -84.795251 45.751756
-29.476443 -82.658091 47.945587
-28.957432 -77.211818 56.566794
-27.723705 -76.082595 58.675676
-17.262420 -75.334865 63.456024
-10.803880 -83.064652 54.621788
6
-83.665866 -2.977938 -54.691450
-90.597592 -19.050002 -37.804415
-89.711811 -21.546561 -38.568597
-85.217419 -25.860685 -45.488642
-80.192819 -22.465344 -55.357205
-83.399709 -3.308338 -55.077613
5
-30.087643 -30.134018 -90.480245
-39.896509 -35.044585 -84.735740
-47.018481 -44.789642 -76.047027
-29.440623 -56.760853 -76.885989
-17.273494 -47.112593 -86.498728
7
-45.721175 86.982525 -18.536841
-35.383895 88.854808 -29.202793
-24.241710 93.075852 -27.371980
-25.524229 93.831324 -23.328017
-44.850722 88.427633 -12.998710
-45.584431 88.008103 -13.290353
-46.059103 86.962529 -17.778572
6
-94.411970 5.862027 32.434805
-97.834080 2.864669 20.500888
-98.143232 4.617571 18.616769
-97.885120 8.048686 18.807499
-92.890104 22.579985 29.352561
-92.339576 17.556319 34.134709
4
-62.160463 10.628584 77.608698
-49.476597 6.606891 86.651113
-53.318533 -2.609703 84.559585
-61.059378 -3.555183 79.114556
6
-24.879793 -96.382105 9.564819
-26.348642 -96.464620 -0.571081
-29.013717 -95.613092 -4.042381
-29.570516 -95.439256 -4.114971
-43.348092 -89.511108 10.426142
-28.470079 -94.839199 13.963561
7
87.390578 45.223152 -17.825638
82.173770 51.383768 -24.641019
80.554673 50.987057 -30.187160
82.317576 37.722661 -42.436039
89.003416 28.420893 -35.646105
92.089755 27.540725 -27.585966
92.190754 28.031404 -26.741450
7
-61.062148 -43.566007 -66.131816
-68.241728 -35.473356 -63.911717
-79.537805 -39.963713 -45.570158
-79.243397 -42.239146 -44.003846
-77.180960 -47.285810 -42.510607
-75.328050 -49.653618 -43.130072
-62.017556 -45.069609 -64.207111
5
71.670704 -66.607662 -20.657434
74.259114 -59.809000 -30.140793
61.944479 -66.813417 -41.217093
59.774021 -70.652788 -37.884692
68.639339 -69.455913 -21.552665
6
82.173770 51.383768 -24.641019
74.518457 63.758100 -19.542371
70.625193 65.590220 -26.645924
70.650653 64.527290 -29.063965
76.330502 55.146436 -33.653010
80.554673 50.987057 -30.187160
4
95.186221 -24.855432 17.938527
98.289225 -18.277838 -2.269125
97.132506 -22.836465 -6.616054
93.515781 -35.405985 1.102263
6
-98.050118 -13.588730 -14.195804
-96.440826 -26.133747 -4.024211
-93.254812 -32.513317 -15.697904
-93.442567 -30.925523 -17.666314
-96.515401 -14.455936 -21.812914
-97.505822 -11.723159 -18.846276
6
-22.156234 85.266326 47.315483
-9.472640 91.653247 38.858093
0.163689 91.646851 40.010348
-11.268710 80.732065 57.925382
-22.880199 77.729104 58.606168
-25.939608 80.242439 53.742792
5
3.294789 -20.507901 -97.819070
8.491714 -19.432919 -97.725393
11.995520 -6.616613 -99.057195
-4.465936 -1.730068 -99.885246
-8.688319 -8.368990 -99.269699
6
-52.413157 15.719872 -83.700338
-45.900925 33.800632 -82.162171
-54.955826 38.241319 -74.279598
-63.143985 32.811740 -70.258287
-63.331063 10.026451 -76.737519
-62.597172 9.012618 -77.462035
6
23.319803 66.858480 70.612537
6.537838 74.929691 65.899910
6.666256 78.128767 62.060106
8.821141 80.172073 59.115363
10.175243 80.309304 58.710136
32.176172 74.344042 58.631538
5
23.797394 -96.539470 -10.668404
11.424736 -98.006252 -16.255767
-0.410569 -99.927478 3.785576
0.194702 -99.813952 6.094016
24.327955 -96.929970 3.568116
7
43.037128 75.988293 48.719452
49.344679 75.636067 42.945173
53.784979 73.864918 40.634344
66.836640 62.810099 39.846643
66.382986 60.921888 43.379980
53.902757 64.210259 54.511792
46.483427 71.625359 52.049005
6
-12.319204 -68.020464 72.259627
-13.696429 -72.677170 67.308520
-17.262420 -75.334865 63.456024
-27.723705 -76.082595 58.675676
-32.738739 -60.967945 72.187843
-27.345521 -59.722931 75.401552
7
-88.252370 -9.598784 46.036753
-86.934879 -2.294414 49.366612
-85.488591 -0.068607 51.881559
-83.932848 0.322820 54.361501
-74.721962 -10.601025 65.606758
-74.158265 -13.206032 65.773494
-78.383605 -26.490220 56.162965
6
79.895127 -19.943748 -56.736369
78.068653 -25.854268 -56.893253
77.808538 -29.496381 -55.459850
92.204052 -20.405949 -32.893920
93.178248 -14.665786 -33.207362
92.901732 -8.167343 -36.091034
8
-63.443795 -62.664741 -45.255001
-69.671185 -58.926596 -40.909441
-73.109509 -62.473644 -27.423412
-72.224210 -66.233421 -19.919775
-71.003096 -68.286649 -17.189937
-67.025734 -71.891137 -18.417802
-55.031204 -70.764089 -44.317155
-54.872191 -69.914826 -45.836228
5
91.238597 -38.024427 -15.154583
94.950977 -26.966886 -16.034308
91.929526 -25.674058 -29.829599
91.451841 -27.068910 -30.063848
87.377995 -42.421550 -23.780203
7
-25.939608 80.242439 53.742792
-22.880199 77.729104 58.606168
-23.162907 71.910685 65.515899
-41.483011 62.077412 66.524843
-45.153445 61.258497 64.873438
-46.329446 69.180073 55.386821
-35.737975 79.340138 49.274128
5
-65.385564 65.436869 37.983472
-73.297933 56.644382 37.667320
-79.911760 54.211751 25.984548
-71.017397 67.661917 19.452358
-68.528770 69.405135 22.062071
6
-51.287960 -70.459772 -49.040449
-48.509005 -71.614177 -50.182529
-38.813734 -68.791178 -61.329176
-38.649043 -68.528372 -61.726119
-52.823657 -45.667252 -71.583262
-53.596258 -45.746133 -70.955849
6
-51.905831 -77.808824 35.377556
-50.999835 -77.660646 36.984332
-43.583334 -78.689624 43.685650
-29.476443 -82.658091 47.945587
-26.768306 -84.795251 45.751756
-38.264759 -87.956238 28.275581
4
-18.826360 -88.073420 43.458497
-10.803880 -83.064652 54.621788
-0.161220 -81.557225 57.865300
2.717962 -88.138739 47.161164
4
-74.721962 -10.601025 65.606758
-83.932848 0.322820 54.361501
-70.456552 19.276063 68.295737
-68.427010 -5.364030 72.725315
7
70.625193 65.590220 -26.645924
74.518457 63.758100 -19.542371
74.920722 65.421695 -10.338626
71.365086 69.815188 -5.732715
67.004360 74.135676 -3.783814
60.416108 75.517290 -25.436838
60.552671 75.188878 -26.076937
5
-85.488591 -0.068607 51.881559
-86.934879 -2.294414 49.366612
-94.411970 5.862027 32.434805
-92.339576 17.556319 34.134709
-87.426991 17.635745 45.227224
5
-67.505024 72.286630 -14.755168
-55.207139 78.820864 -27.192706
-46.059103 86.962529 -17.778572
-45.584431 88.008103 -13.290353
-50.597092 85.765599 -9.175858
4
-42.182771 80.794828 -41.143768
-38.787319 82.331234 -41.438047
-35.383895 88.854808 -29.202793
-45.721175 86.982525 -18.536841
5
-55.031204 -70.764089 -44.317155
-67.025734 -71.891137 -18.417802
-57.443847 -80.163601 -16.552991
-53.706453 -82.189511 -18.986871
-49.444593 -82.119607 -28.488637
7
31.682898 -93.950694 13.017726
45.502747 -88.972372 3.662937
49.078658 -86.957063 -5.454779
41.125901 -89.464901 -17.455424
36.149982 -91.365438 -18.588583
23.797394 -96.539470 -10.668404
24.327955 -96.929970 3.568116
5
-45.526138 -88.358329 10.962503
-43.348092 -89.511108 10.426142
-29.570516 -95.439256 -4.114971
-39.479081 -91.367650 -9.662021
-48.193849 -87.605988 1.594920
5
7.601199 93.890809 33.566915
-7.715291 98.326365 16.504552
7.133696 99.584009 5.668816
12.999394 98.340453 12.655870
16.070958 93.902681 30.397547
6
78.068653 -25.854268 -56.893253
69.136779 -20.294416 -69.341492
61.695447 -26.990748 -73.926797
64.553916 -33.546553 -68.610646
76.258984 -34.523604 -54.705467
77.808538 -29.496381 -55.459850
6
-85.698592 4.818202 -51.308248
-88.404051 8.195847 -46.016865
-92.839963 -1.129690 -37.141150
-91.515571 -17.418340 -36.352464
-90.597592 -19.050002 -37.804415
-83.665866 -2.977938 -54.691450
8
51.943324 39.675230 75.682013
47.152234 46.604508 74.864455
48.988148 52.214985 69.812296
56.995351 56.591967 59.572470
70.614447 45.080824 54.601459
72.496830 41.693077 54.826061
60.962219 34.849228 71.197888
55.993517 35.897599 74.673211
6
-40.512551 46.624003 -78.644361
-43.549531 53.384893 -72.480974
-54.632175 44.204179 -71.142926
-54.955826 38.241319 -74.279598
-45.900925 33.800632 -82.162171
-44.806999 34.556210 -82.451205
5
-99.394983 8.047430 -7.475046
-99.161677 11.431563 -6.023387
-99.009769 4.517400 13.291304
-99.443201 -10.333518 2.065957
-99.553635 -9.425095 0.491311
6
92.204052 -20.405949 -32.893920
91.929526 -25.674058 -29.829599
94.950977 -26.966886 -16.034308
96.707781 -22.992326 -10.906791
97.556127 -13.602205 -17.256366
93.178248 -14.665786 -33.207362
4
56.995351 56.591967 59.572470
53.902757 64.210259 54.511792
66.382986 60.921888 43.379980
70.614447 45.080824 54.601459
5
-22.232578 -94.503232 -23.976065
-29.893662 -89.730452 -32.477914
-36.840414 -88.935250 -27.079610
-35.755227 -90.876969 -21.516049
-22.950882 -94.919214 -21.531369
5
-67.536463 -72.438869 13.836055
-74.354506 -66.577416 6.233379
-84.943337 -47.388289 23.215935
-72.949938 -62.653743 27.437475
-65.253457 -73.467918 18.559402
8
-14.952612 97.654828 15.490447
-7.715291 98.326365 16.504552
7.601199 93.890809 33.566915
0.777114 91.681782 39.923012
0.163689 91.646851 40.010348
-9.472640 91.653247 38.858093
-20.041461 94.514823 25.793179
-20.856202 95.730822 20.015708
6
80.554673 50.987057 -30.187160
76.330502 55.146436 -33.653010
67.765476 52.065208 -51.933171
66.988478 45.277425 -58.843000
68.530518 44.347822 -57.765377
82.317576 37.722661 -42.436039
7
-35.755227 -90.876969 -21.516049
-40.950316 -90.271684 -13.194498
-39.479081 -91.367650 -9.662021
-29.570516 -95.439256 -4.114971
-29.013717 -95.613092 -4.042381
-21.537624 -96.246692 -16.513784
-22.950882 -94.919214 -21.531369
5
56.848884 -46.980177 -67.535675
54.863913 -43.529941 -71.379936
45.898222 -43.688655 -77.360550
44.265791 -61.435371 -65.316421
53.039298 -57.107094 -62.654710
5
-21.537624 -96.246692 -16.513784
-29.013717 -95.613092 -4.042381
-26.348642 -96.464620 -0.571081
-7.028080 -99.727612 -2.238186
-10.167195 -98.529114 -13.734697
6
-0.161220 -81.557225 57.865300
0.245943 -81.099017 58.505461
20.394301 -82.330390 52.969608
20.495143 -84.870080 48.754678
6.191601 -89.556864 44.059417
2.717962 -88.138739 47.161164
6
-49.444593 -82.119607 -28.488637
-53.706453 -82.189511 -18.986871
-40.950316 -90.271684 -13.194498
-35.755227 -90.876969 -21.516049
-36.840414 -88.935250 -27.079610
-43.174077 -84.664914 -31.110310
7
-14.237632 16.147828 -97.655197
-13.011613 19.695814 -97.173931
-19.077841 31.699736 -92.904051
-30.193015 33.510319 -89.249316
-31.348572 32.618297 -89.181353
-31.200011 22.771052 -92.239029
-23.546634 14.229862 -96.140871
6
23.738477 -22.392950 -94.525343
36.652111 -16.326097 -91.597387
25.495307 -1.894595 -96.676780
22.703643 -0.942531 -97.384066
19.160611 -4.900873 -98.024754
21.495686 -21.027424 -95.371814
6
75.584249 -39.402967 -52.291754
76.258984 -34.523604 -54.705467
64.553916 -33.546553 -68.610646
56.945251 -39.660715 -72.001848
54.863913 -43.529941 -71.379936
56.848884 -46.980177 -67.535675
4
-83.399709 -3.308338 -55.077613
-80.192819 -22.465344 -55.357205
-71.839940 -25.624871 -64.671392
-64.951881 -6.381727 -75.766263
6
10.435580 46.286804 -88.026305
15.146491 64.978689 -74.487272
13.465238 69.579016 -70.551030
-1.572683 62.657406 -77.920319
-1.263772 51.077591 -85.962100
7.653339 44.923275 -89.013065
6
-23.041424 55.526004 -79.912175
-24.198278 61.488997 -75.056955
-43.287608 54.957638 -71.455168
-43.549531 53.384893 -72.480974
-40.512551 46.624003 -78.644361
-26.683976 48.564013 -83.243631
7
63.482882 77.265281 -0.003834
67.004360 74.135676 -3.783814
71.365086 69.815188 -5.732715
79.877620 59.113513 11.187424
79.733830 59.242490 11.525788
70.249717 69.527962 15.193412
66.109120 74.341179 10.147583
7
-35.079873 27.259755 89.589666
-27.526604 30.122510 91.295786
-24.354185 28.580983 92.682259
-24.131253 12.978430 96.172985
-32.531841 7.058265 94.296661
-35.842845 7.031331 93.090552
-41.502605 10.695620 90.350083
8
-83.932848 0.322820 54.361501
-85.488591 -0.068607 51.881559
-87.426991 17.635745 45.227224
-83.864623 27.994925 46.722684
-80.053982 31.282582 51.115164
-67.962589 24.770130 69.047282
-68.576245 22.405300 69.248114
-70.456552 19.276063 68.295737
4
61.695447 -26.990748 -73.926797
55.115318 -25.646866 -79.401133
56.945251 -39.660715 -72.001848
64.553916 -33.546553 -68.610646
7
-74.766706 -35.191307 56.316176
-76.340947 -33.394057 55.289210
-78.383605 -26.490220 56.162965
-74.158265 -13.206032 65.773494
-66.740020 -22.744795 70.911523
-66.499905 -27.540929 69.420889
-71.667780 -35.039753 60.298798
4
98.439658 17.135227 -4.002228
99.638546 6.320526 5.675477
98.537695 5.037957 16.277026
95.162921 29.406997 8.902079
6
69.136779 -20.294416 -69.341492
61.786231 -3.036776 -78.569966
59.886930 -4.951378 -79.931467
54.453917 -25.079492 -80.036179
55.115318 -25.646866 -79.401133
61.695447 -26.990748 -73.926797
6
46.493847 -4.029063 88.442573
41.970858 9.702331 90.245841
43.701638 11.930649 89.150583
55.666529 13.148017 82.026625
55.977809 12.842439 81.863036
58.817291 5.195782 80.706444
5
-79.830026 -47.837267 36.589107
-73.854846 -41.411421 53.202970
-72.256349 -44.379148 53.004822
-68.606390 -57.991697 43.933203
-73.324349 -55.683990 39.023495
5
-27.526604 30.122510 91.295786
-35.079873 27.259755 89.589666
-47.088229 33.249238 81.714055
-41.821681 42.198513 80.437755
-33.052884 45.698841 82.577980
6
-14.140170 -10.059746 98.482776
-4.400774 -13.051646 99.046897
1.770739 -27.902876 96.011947
1.674711 -30.572104 95.197383
-21.962157 -26.262841 93.957048
-18.681130 -10.601706 97.665855
7
22.703643 -0.942531 -97.384066
25.495307 -1.894595 -96.676780
40.190738 1.821386 -91.549916
41.175175 14.580645 -89.955599
40.353996 16.529281 -89.990765
24.908914 18.271569 -95.108863
20.363921 12.516789 -97.101188
5
91.598054 37.120698 15.226633
91.276623 34.349510 22.106317
79.625965 47.680068 37.233275
77.608022 54.787989 31.229332
78.713369 55.688457 26.514173
5
51.909367 -80.164002 29.650472
51.394809 -80.955959 28.367346
38.286733 -88.739867 25.678046
29.843948 -86.400856 40.549117
38.090148 -81.263783 44.105989
4
43.701638 11.930649 89.150583
41.417896 23.377283 87.966247
53.478497 26.001769 80.398746
55.666529 13.148017 82.026625
6
19.826470 -37.984776 -90.355232
25.075158 -33.691324 -90.753133
23.738477 -22.392950 -94.525343
21.495686 -21.027424 -95.371814
14.498900 -22.524131 -96.345448
10.135005 -33.542536 -93.659917
6
62.723240 -58.775955 51.099729
54.287588 -69.912871 46.530080
41.962310 -75.113556 50.961930
28.770707 -67.159424 68.277801
29.169403 -66.265679 68.978299
61.399021 -53.987201 57.580746
6
60.552671 75.188878 -26.076937
60.416108 75.517290 -25.436838
46.938842 87.043176 -14.840173
41.124214 87.660617 -24.988302
42.041804 85.140216 -31.362881
57.197345 75.367171 -32.376739
9
-8.688319 -8.368990 -99.269699
-4.465936 -1.730068 -99.885246
-4.410320 5.108236 -99.772015
-14.237632 16.147828 -97.655197
-23.546634 14.229862 -96.140871
-26.843750 9.670402 -95.843082
-30.929226 -10.879628 -94.472307
-29.829316 -12.084440 -94.679344
-10.471911 -9.409275 -99.004064
6
-60.458220 -53.471958 59.038575
-72.256349 -44.379148 53.004822
-73.854846 -41.411421 53.202970
-74.766706 -35.191307 56.316176
-71.667780 -35.039753 60.298798
-59.156429 -45.717122 66.411307
5
8.758445 -78.679053 -61.097433
0.924789 -69.610229 -71.788306
-11.123850 -80.545384 -58.212551
0.842503 -85.780413 -51.390768
6.349189 -85.151786 -52.046721
7
-90.485055 21.137587 -36.954799
-87.437558 29.654250 -38.409621
-87.483819 39.044678 -28.672191
-91.377191 37.828037 -14.807047
-95.117867 29.590616 -8.774208
-96.724711 23.132273 -10.451230
-93.685148 19.149414 -29.264193
5
-87.483819 39.044678 -28.672191
-87.437558 29.654250 -38.409621
-82.320652 34.580754 -45.027565
-72.448161 55.919809 -40.301846
-80.043309 51.503240 -30.667327
6
-88.557251 -44.008864 -14.860458
-87.155608 -48.896614 -3.608479
-76.681985 -64.176593 -1.112692
-71.003096 -68.286649 -17.189937
-72.224210 -66.233421 -19.919775
-86.646165 -45.633171 -20.249832
7
11.424736 -98.006252 -16.255767
23.797394 -96.539470 -10.668404
36.149982 -91.365438 -18.588583
28.435883 -90.710458 -31.032458
15.667304 -92.299371 -35.147714
12.652198 -93.719971 -32.503676
9.184146 -97.424786 -20.592778
6
73.865401 -12.436267 66.251353
59.694819 -36.796953 71.291745
54.924436 -34.260886 76.220063
52.243199 -23.085092 82.083657
66.855519 -2.606958 74.320545
70.181339 -1.884589 71.211150
5
-44.726176 11.593541 -88.685732
-26.843750 9.670402 -95.843082
-23.546634 14.229862 -96.140871
-31.200011 22.771052 -92.239029
-48.117560 14.596528 -86.438659
8
88.559424 46.378472 2.503156
91.044850 40.883951 6.271982
92.111888 37.264525 11.258565
91.598054 37.120698 15.226633
78.713369 55.688457 26.514173
78.626709 56.034857 26.037192
79.733830 59.242490 11.525788
79.877620 59.113513 11.187424
6
-62.847767 -6.095121 77.543586
-61.059378 -3.555183 79.114556
-53.318533 -2.609703 84.559585
-49.606333 -8.967231 86.364347
-55.606758 -19.226095 80.859419
-59.516135 -17.535395 78.424100
6
-18.857034 31.349467 93.067842
-5.167974 18.513420 98.135342
-6.233292 14.088409 98.806188
-14.686335 11.556840 98.238236
-24.131253 12.978430 96.172985
-24.354185 28.580983 92.682259
7
-55.671400 82.993001 3.585665
-68.255259 73.034668 2.675237
-68.879625 71.153554 -13.884131
-68.668847 71.237377 -14.485357
-67.505024 72.286630 -14.755168
-50.597092 85.765599 -9.175858
-54.303192 83.943092 2.172688
6
19.778220 -63.424225 -74.740817
19.023197 -76.443061 -61.600133
29.195646 -79.788231 -52.739478
37.700710 -76.776251 -51.807951
38.524448 -65.478710 -65.026190
27.046601 -60.527408 -74.865975
7
27.046601 -60.527408 -74.865975
38.524448 -65.478710 -65.026190
44.265791 -61.435371 -65.316421
45.898222 -43.688655 -77.360550
43.928693 -42.665309 -79.056570
38.346447 -44.143547 -81.122730
28.744533 -54.228897 -78.949215
5
38.575384 71.656262 -58.114713
47.726977 67.899345 -55.783641
45.032763 78.021227 -43.413573
38.666494 82.568648 -41.077008
32.605442 82.879687 -45.473538
8
54.924436 -34.260886 76.220063
59.694819 -36.796953 71.291745
63.996552 -41.643785 64.577369
61.399021 -53.987201 57.580746
29.169403 -66.265679 68.978299
28.940482 -64.828307 70.425416
33.768769 -55.456453 76.054270
50.180179 -37.901208 77.752480
6
-87.309352 -37.576664 -31.065598
-79.243397 -42.239146 -44.003846
-79.537805 -39.963713 -45.570158
-85.217419 -25.860685 -45.488642
-89.711811 -21.546561 -38.568597
-89.879622 -30.114543 -31.855422
7
-43.756771 87.936494 18.775462
-37.976215 89.164655 24.646937
-38.101818 86.129685 33.614414
-42.271178 81.762545 39.090072
-49.480339 78.879430 36.465485
-56.205100 79.403082 23.154639
-55.062220 80.710949 21.304804
6
-96.439354 2.099174 -26.363696
-92.839963 -1.129690 -37.141150
-88.404051 8.195847 -46.016865
-88.837023 13.065905 -44.014378
-90.485055 21.137587 -36.954799
-93.685148 19.149414 -29.264193
6
5.928727 91.089746 -40.835136
-0.363529 94.874442 -31.602343
-6.584873 95.234897 -29.781769
-19.540923 92.637739 -32.193191
-24.373520 86.201510 -44.443574
-5.502740 83.000923 -55.502852
8
71.424249 -69.694621 6.421564
71.386758 -69.765331 6.060477
56.322102 -82.407598 -6.067012
49.078658 -86.957063 -5.454779
45.502747 -88.972372 3.662937
49.835167 -86.147215 9.752613
61.841477 -77.374432 13.741504
70.882489 -70.106132 7.797624
5
55.993517 35.897599 74.673211
53.478497 26.001769 80.398746
41.417896 23.377283 87.966247
35.588416 28.714930 88.932095
51.943324 39.675230 75.682013
