400
5
58.525019 -40.609425 70.183308
50.289530 -49.083637 71.146045
43.582789 -47.932880 76.177290
47.116928 -34.509666 81.173136
56.971025 -32.754564 75.375334
6
-7.181743 42.957403 90.017132
-7.960802 43.469525 89.705218
-15.331549 54.592932 82.368412
3.322792 64.819338 76.075045
5.134295 65.011581 75.809850
8.083160 47.255148 87.758837
8
-28.972955 11.470909 -95.020977
-33.249312 17.550982 -92.663079
-51.778960 8.837728 -85.093089
-52.155090 8.354468 -84.912010
-52.334760 7.724487 -84.861093
-45.742649 -0.351064 -88.924051
-32.576346 -1.495548 -94.533301
-28.057653 3.542628 -95.917766
4
-49.708225 84.618808 -19.202854
-49.514491 86.441681 -8.726449
-57.441744 81.673461 -5.467335
-59.310982 78.909760 -15.983028
6
-23.637087 84.863675 -47.322772
-11.527227 81.225408 -57.180033
-5.111171 80.875441 -58.592141
-3.356278 81.147694 -58.341984
-1.193552 88.049812 -47.389936
-19.165295 90.555526 -37.846904
4
11.180408 -93.157812 -34.592204
11.018356 -99.112346 -7.439002
24.782380 -94.010537 -23.406249
23.157465 -93.416209 -27.150390
8
-46.261405 70.554860 -53.683276
-58.731502 61.779321 -52.286959
-62.005314 46.728432 -63.022176
-60.431923 46.048191 -65.019588
-58.709553 46.614402 -66.183728
-44.405126 62.028510 -64.657937
-43.474335 69.407011 -57.381608
-44.078093 70.666858 -55.347240
7
41.317638 -12.744279 90.168931
46.895316 -11.009722 87.633415
59.164124 -28.874768 75.271869
56.971025 -32.754564 75.375334
47.116928 -34.509666 81.173136
42.976418 -33.440939 83.873304
38.794824 -28.000155 87.812032
5
-22.716128 70.045914 67.657575
3.322792 64.819338 76.075045
-15.331549 54.592932 82.368412
-19.632409 55.638268 80.740025
-25.517627 62.700700 73.603484
7
-87.442825 24.536895 41.853233
-87.510864 12.478530 46.756122
-89.383239 7.653929 44.182056
-95.153652 0.772261 30.743878
-98.050349 10.270017 16.752785
-97.400059 15.356278 16.655725
-93.727456 24.409797 24.886256
6
36.581910 -84.441726 -39.132580
46.114025 -80.178352 -38.012216
51.627883 -69.767512 -49.669466
50.816204 -69.397739 -51.006541
31.867255 -78.149929 -53.638295
34.165517 -83.979800 -42.191356
6
1.015111 -7.276218 -99.729766
9.288678 -8.626129 -99.193298
16.243689 0.427494 -98.670967
12.874798 10.471068 -98.613368
-3.938768 6.323200 -99.722130
-5.746282 2.834847 -99.794508
5
3.769513 -63.520845 77.142032
17.725736 -74.145376 64.716780
14.027254 -79.047231 59.621903
2.339533 -78.969986 61.304713
1.679787 -65.678487 75.389089
7
-90.758183 -41.979350 -0.828522
-89.938195 -42.822676 8.794286
-77.946041 -60.515096 16.196845
-77.639852 -60.981201 15.916860
-84.274858 -52.468910 -12.031698
-84.840281 -51.484875 -12.305866
-88.639750 -45.330563 -9.388017
5
99.319223 11.184724 3.254826
96.390000 25.747442 -6.785072
96.319904 23.459479 -13.119796
97.096004 10.684454 -21.405805
97.805177 5.310000 -20.148233
5
-71.675927 30.496983 62.709613
-66.037106 32.136769 67.869939
-58.462575 15.443063 79.646966
-67.832960 7.257829 73.116437
-74.440420 19.890405 63.741632
7
57.616714 43.072927 -69.462488
58.722816 42.683797 -68.772991
67.104073 46.473400 -57.769079
70.652651 63.547432 -31.143647
69.241097 64.931286 -31.457886
53.618768 71.827327 -44.338051
53.318621 68.730854 -49.327419
6
48.534274 -36.911087 -79.259043
49.061256 -52.385400 -69.633060
50.282138 -53.295550 -68.053589
60.223295 -48.480195 -63.425748
65.924745 -35.898576 -66.069813
65.157823 -35.110748 -67.243538
6
69.241097 64.931286 -31.457886
58.474006 78.490753 -20.493715
46.374458 84.409888 -26.914319
45.903269 83.233613 -31.065344
49.147368 76.699970 -41.251071
53.618768 71.827327 -44.338051
6
-8.179868 -54.025855 -83.751399
-6.450586 -53.755692 -84.075654
-5.329254 -34.618436 -93.665164
-21.131465 -38.713409 -89.748165
-21.942225 -43.507231 -87.325023
-19.868754 -48.089170 -85.397098
6
56.354995 29.157031 77.291540
58.787272 25.112952 76.898611
56.631433 16.529732 80.744342
42.905093 11.977383 89.530416
36.892620 13.464919 91.965377
37.843340 22.797435 89.711530
6
49.131713 86.250998 12.117761
38.711891 91.158759 13.837274
34.428947 93.497197 8.539426
38.771616 92.142340 -2.559498
55.386814 83.226271 2.385071
55.977973 82.746219 4.419245
8
55.977973 82.746219 4.419245
55.386814 83.226271 2.385071
55.667970 83.070824 0.561425
60.893139 78.360121 -12.317344
72.149955 68.602340 -9.386318
72.902558 67.998844 -7.834166
69.186043 71.994141 5.489548
61.930320 77.982034 9.134435
6
4.570894 52.678160 -84.877078
4.212982 52.273420 -85.145407
12.258948 33.820174 -93.305488
21.751919 39.421533 -89.290519
23.287114 51.469279 -82.514384
18.843456 54.804016 -81.495055
5
29.739947 72.545555 -62.069944
24.813002 83.576796 -48.981977
13.206123 82.944254 -54.275676
11.339457 81.577914 -56.713849
14.371029 77.247607 -61.856938
6
18.753219 65.283337 -73.392116
31.601901 68.824948 -65.302729
31.339025 70.805024 -63.281230
29.739947 72.545555 -62.069944
14.371029 77.247607 -61.856938
9.200205 69.622862 -71.189980
8
52.068732 -83.957310 -15.492491
52.860990 -83.753213 -13.824434
55.903855 -82.027697 -12.091980
62.810377 -76.874957 -12.045645
63.934006 -75.839781 -12.679531
65.306504 -71.792741 -24.101097
59.904797 -72.647765 -33.670724
51.636939 -79.803177 -31.065727
6
23.010916 90.326513 36.216278
-0.222606 95.645781 29.186212
6.536956 97.747784 20.065867
9.826052 97.753176 18.648465
21.055254 95.988992 18.514580
27.745348 92.715567 25.179740
5
59.050843 7.524366 80.351614
56.631433 16.529732 80.744342
58.787272 25.112952 76.898611
70.961199 21.094178 67.227553
70.383190 3.924389 70.928173
5
-8.885185 -0.065407 99.604464
-15.880323 5.668697 98.568155
-13.125797 16.445892 97.761169
0.882005 18.037190 98.355894
7.601948 1.711232 99.695948
6
-47.689656 85.516697 20.312343
-36.561316 92.892389 5.854419
-30.179572 94.940981 8.683525
-27.203611 95.301464 13.326455
-25.564718 93.998531 22.599145
-30.579411 91.868236 25.002536
5
-50.567201 28.823476 81.315222
-53.601151 16.044372 82.882415
-58.462575 15.443063 79.646966
-66.037106 32.136769 67.869939
-55.296576 40.479830 72.826314
6
-33.666041 -69.822914 -63.177198
-57.665861 -53.271245 -61.942094
-60.429182 -53.164783 -59.344922
-61.058275 -64.097249 -46.512684
-51.607578 -74.467276 -42.323547
-31.480948 -74.908515 -58.289488
5
41.979285 88.152366 -21.607870
46.374458 84.409888 -26.914319
58.474006 78.490753 -20.493715
60.893139 78.360121 -12.317344
55.667970 83.070824 0.561425
6
34.428947 93.497197 8.539426
38.711891 91.158759 13.837274
35.917603 90.025743 24.602670
27.745348 92.715567 25.179740
21.055254 95.988992 18.514580
28.341646 95.451347 9.262373
5
-88.842205 44.545416 11.080097
-85.697156 47.780384 19.314044
-93.727456 24.409797 24.886256
-97.400059 15.356278 16.655725
-97.125491 22.663842 7.279373
5
-5.177920 95.785009 28.256347
-15.045987 94.618018 28.653953
-25.564718 93.998531 22.599145
-27.203611 95.301464 13.326455
-13.166747 98.835964 7.621615
5
84.278488 -52.717989 -10.860487
79.160673 -56.966081 -22.100982
70.942024 -69.536959 -11.482183
74.737989 -66.255382 -4.945441
79.210404 -60.990811 -2.415108
7
-97.760270 -11.371958 -17.708984
-93.480859 0.230333 -35.514447
-93.449800 0.467091 -35.593772
-96.375319 10.571592 -24.495701
-97.743896 10.117936 -18.540716
-99.304924 3.905031 -11.103282
-99.370884 3.280675 -10.708160
4
80.871913 23.451985 -53.941988
89.705380 9.442270 -43.171616
90.962695 15.588608 -38.506928
86.226879 29.410653 -41.230314
8
-99.763646 2.487380 -6.405294
-99.370884 3.280675 -10.708160
-99.304924 3.905031 -11.103282
-96.887835 24.752870 -0.207260
-97.125491 22.663842 7.279373
-97.400059 15.356278 16.655725
-98.050349 10.270017 16.752785
-98.902326 6.670252 13.184754
5
-8.004852 -93.716842 -33.956970
-20.920596 -94.279753 -25.954901
-25.129182 -96.319273 -9.545779
-20.283367 -97.765322 -5.525111
-9.690557 -98.637807 -13.291957
5
-51.666522 46.919656 71.617849
-54.994481 55.950131 62.009596
-47.813467 64.357597 59.765977
-31.659658 60.011064 73.459773
-43.553883 48.098346 76.089476
5
-93.449800 0.467091 -35.593772
-88.619502 5.098842 -46.049818
-85.925011 23.503501 -45.436527
-92.221404 21.979131 -31.813996
-96.375319 10.571592 -24.495701
8
16.307053 23.707541 95.770729
22.695791 14.897031 96.244374
13.343356 -0.174290 99.105623
10.824414 -0.628444 99.410448
7.601948 1.711232 99.695948
0.882005 18.037190 98.355894
6.277180 23.999514 96.874250
10.601219 25.485645 96.115015
5
-23.637087 84.863675 -47.322772
-29.521506 81.763314 -49.429153
-25.093214 73.615407 -62.857796
-19.084940 74.269662 -64.185531
-11.527227 81.225408 -57.180033
5
-73.645512 -15.496452 65.849818
-62.228629 -30.700706 72.007391
-75.148659 -35.040493 55.900295
-77.796213 -25.313567 57.506284
-75.017570 -15.925853 64.177344
7
26.999424 -94.060925 20.580902
29.091608 -93.854030 18.576850
32.399559 -94.581961 -2.126333
31.329945 -94.914129 -3.121334
10.400988 -99.284810 -5.860545
9.110708 -99.450881 -5.149495
3.298219 -99.534970 9.050495
7
-7.094967 -39.971452 91.388974
-8.052938 -31.058027 94.712983
-5.901624 -29.362765 95.409637
2.277526 -26.589718 96.373232
14.947712 -33.357090 93.079914
15.385760 -43.543021 88.697710
6.293375 -51.858985 85.270388
6
5.930044 -60.487494 79.410942
4.195708 -62.417718 78.015541
-20.997302 -53.591025 81.774784
-22.651031 -47.615940 84.968541
-7.094967 -39.971452 91.388974
6.293375 -51.858985 85.270388
5
50.282138 -53.295550 -68.053589
51.586707 -60.800637 -60.349765
62.611948 -55.394047 -54.874798
64.876442 -51.710869 -55.830398
60.223295 -48.480195 -63.425748
4
-62.961579 -74.242023 -22.890208
-62.953449 -74.259036 -22.857358
-47.947199 -85.493682 -19.796376
-51.997788 -76.453926 -38.092352
5
-43.911050 83.195055 -33.917585
-48.851005 72.871329 -47.993215
-46.261405 70.554860 -53.683276
-44.078093 70.666858 -55.347240
-29.892067 81.643608 -49.404307
6
63.930507 64.186995 42.342884
56.166881 76.986357 30.304824
62.661858 74.587134 22.588734
72.780262 63.489854 25.924350
72.809358 63.435317 25.976106
71.843843 62.431306 30.672370
9
-59.032175 -10.771094 79.994911
-65.767114 -7.739463 74.931885
-68.125468 5.739327 72.979317
-67.832960 7.257829 73.116437
-58.462575 15.443063 79.646966
-53.601151 16.044372 82.882415
-44.013045 7.956584 89.440173
-44.569900 1.630512 89.503438
-51.280645 -7.885099 85.487547
6
-81.471365 -42.814367 -39.106863
-76.079672 -48.184812 -43.475365
-66.035626 -47.526892 -58.141986
-71.559092 -36.959653 -59.272932
-78.278060 -32.611906 -53.000084
-82.091194 -33.272250 -46.411133
4
50.424154 21.557074 -83.622349
46.298020 -0.248617 -88.636513
63.764443 -0.156586 -77.032924
52.348964 24.079257 -81.729893
7
28.003747 34.210202 89.696445
33.749774 32.295145 88.419321
37.843340 22.797435 89.711530
36.892620 13.464919 91.965377
36.040800 12.803334 92.396620
22.695791 14.897031 96.244374
16.307053 23.707541 95.770729
6
29.345325 23.990464 -92.538152
12.917460 26.727079 -95.492421
12.135077 24.484817 -96.193730
13.258080 11.233472 -98.478589
32.548627 12.660002 -93.703315
33.365739 14.690790 -93.117711
8
34.369367 -72.378415 59.834034
48.433219 -72.153133 49.478771
49.691701 -75.961805 41.958779
45.411329 -80.696025 37.761922
34.683306 -84.986434 39.678387
33.806593 -84.769496 40.880885
29.335787 -79.963791 52.394692
32.206039 -73.303921 59.910819
6
7.247951 -36.291503 -92.899914
8.861559 -42.532367 -90.069254
19.707069 -48.992627 -84.919691
21.382079 -48.239121 -84.945829
26.662336 -35.469099 -89.616197
21.209529 -32.025855 -92.328221
7
-44.116424 -77.563257 45.140695
-52.108207 -72.234110 45.463920
-54.434070 -69.136047 47.509357
-54.856354 -67.041421 49.962270
-48.932300 -62.713462 60.602407
-40.358599 -64.788775 64.603391
-30.343524 -77.704113 55.148358
7
86.177561 22.221593 45.602947
89.148055 14.819092 42.813768
89.525814 8.229812 43.788114
83.284979 1.794558 55.320809
82.029953 3.010675 57.114120
76.826793 21.338009 60.351746
82.429874 25.954536 50.315782
5
73.101394 25.336281 -63.358181
68.211482 0.975227 -73.118005
76.724599 -4.588099 -63.970972
83.209429 -1.558811 -55.441511
76.110005 23.260467 -60.549301
7
-51.305663 -75.866810 -40.149173
-51.607578 -74.467276 -42.323547
-61.058275 -64.097249 -46.512684
-70.941107 -61.746157 -33.981929
-70.688694 -65.001795 -27.890414
-62.961579 -74.242023 -22.890208
-51.997788 -76.453926 -38.092352
7
-20.283367 -97.765322 -5.525111
-19.405063 -98.068180 -2.464855
-3.483438 -99.098372 12.937475
3.298219 -99.534970 9.050495
9.110708 -99.450881 -5.149495
5.771532 -99.499897 -8.152293
-9.690557 -98.637807 -13.291957
5
-32.655524 39.483281 85.875999
-19.632409 55.638268 80.740025
-15.331549 54.592932 82.368412
-7.960802 43.469525 89.705218
-31.979698 36.717278 87.344951
7
-14.568496 -93.556251 32.171211
-23.750465 -93.058518 27.857274
-44.160743 -82.142698 36.088862
-44.116424 -77.563257 45.140695
-30.343524 -77.704113 55.148358
-24.543988 -79.716651 55.162018
-24.008202 -80.211734 54.678003
6
69.186043 71.994141 5.489548
72.902558 67.998844 -7.834166
82.909357 55.746472 -4.285949
85.784273 51.323260 2.642239
85.553825 51.672238 3.243879
75.684226 64.596157 9.961650
6
19.178947 82.718894 52.818109
25.859236 86.884900 42.217461
34.891135 84.819899 39.852143
41.702113 78.603345 45.633847
27.293644 74.576348 60.773558
21.342914 75.993779 61.395648
5
45.600381 -60.365649 65.395670
46.729305 -59.909730 65.016893
55.763301 -59.952448 57.412178
48.433219 -72.153133 49.478771
34.369367 -72.378415 59.834034
6
17.725736 -74.145376 64.716780
31.088367 -72.852662 61.040995
32.206039 -73.303921 59.910819
29.335787 -79.963791 52.394692
16.989064 -83.315909 52.629184
14.027254 -79.047231 59.621903
6
49.079531 49.256858 -71.867667
23.287114 51.469279 -82.514384
21.751919 39.421533 -89.290519
34.014297 33.642642 -87.813440
54.042424 37.539621 -75.300686
57.047736 43.011745 -69.968175
8
-49.657956 42.859508 -75.479467
-35.010340 29.786162 -88.809125
-33.365860 29.582144 -89.507632
-27.961080 35.147991 -89.346498
-27.460674 41.084378 -86.936674
-31.072304 49.869859 -80.916680
-34.357640 51.892600 -78.273307
-49.895305 43.875856 -74.735318
6
-82.091194 -33.272250 -46.411133
-89.237273 -24.179029 -38.106216
-90.484268 -32.706284 -27.256124
-86.258791 -40.141041 -30.791523
-81.778550 -43.041421 -38.206084
-81.471365 -42.814367 -39.106863
4
81.182064 -57.219605 11.635692
79.210404 -60.990811 -2.415108
74.737989 -66.255382 -4.945441
70.610087 -70.059306 10.291218
7
13.282423 70.702156 69.460654
11.509497 70.426790 70.054255
-7.393122 80.235221 59.225426
-7.371504 84.665889 52.700552
0.818563 89.776898 44.039057
19.178947 82.718894 52.818109
21.342914 75.993779 61.395648
5
31.987362 -29.719242 89.964300
23.876238 -42.785499 87.174115
15.385760 -43.543021 88.697710
14.947712 -33.357090 93.079914
21.669555 -25.512391 94.231355
7
3.322792 64.819338 76.075045
-22.716128 70.045914 67.657575
-22.821957 70.959802 66.662319
-22.634542 71.195563 66.474576
-7.393122 80.235221 59.225426
11.509497 70.426790 70.054255
5.134295 65.011581 75.809850
6
-69.942478 67.850554 -22.457785
-59.310982 78.909760 -15.983028
-57.441744 81.673461 -5.467335
-63.791538 76.677234 7.158313
-75.649368 64.624519 -10.042149
-76.106165 63.497892 -13.261571
6
-33.021609 -85.687099 -39.589069
-31.060042 -75.219650 -58.114353
-31.480948 -74.908515 -58.289488
-51.607578 -74.467276 -42.323547
-51.305663 -75.866810 -40.149173
-41.014964 -83.725185 -36.164432
4
85.076248 -44.802058 27.473764
76.665695 -48.041927 42.595122
78.681911 -38.584604 48.170376
86.977693 -38.830442 30.447950
5
-99.304924 3.905031 -11.103282
-97.743896 10.117936 -18.540716
-96.042733 24.054592 -14.041723
-95.896471 28.001675 -4.446691
-96.887835 24.752870 -0.207260
6
-77.786192 40.622586 47.949075
-71.675927 30.496983 62.709613
-74.440420 19.890405 63.741632
-82.868526 11.177555 54.844049
-87.510864 12.478530 46.756122
-87.442825 24.536895 41.853233
6
-88.639750 -45.330563 -9.388017
-84.840281 -51.484875 -12.305866
-83.477014 -50.258311 -22.487559
-86.258791 -40.141041 -30.791523
-90.484268 -32.706284 -27.256124
-92.468633 -32.176660 -20.352261
5
39.038756 56.018415 73.061020
38.902827 48.957508 78.036738
38.565468 48.384192 78.560006
23.733274 48.306394 84.280627
23.001052 61.408054 75.498361
5
49.636254 -85.706051 13.809963
40.160156 -91.524162 -3.238759
32.399559 -94.581961 -2.126333
29.091608 -93.854030 18.576850
44.323101 -87.897897 17.590406
7
50.960863 -21.385765 -83.340504
40.332399 -5.229782 -91.356154
37.270357 -4.788427 -92.671417
31.369913 -8.159284 -94.601029
27.803007 -15.357374 -94.821642
36.231228 -31.685386 -87.654632
46.555374 -33.874817 -81.762424
7
36.040800 12.803334 92.396620
36.892620 13.464919 91.965377
42.905093 11.977383 89.530416
53.504544 -4.562095 84.359061
46.895316 -11.009722 87.633415
41.317638 -12.744279 90.168931
33.886983 -7.595214 93.776250
6
98.299630 -4.231726 17.868276
99.448788 8.562773 6.051238
99.505674 -9.161624 -3.832169
97.988671 -19.515644 4.166537
97.800527 -20.089193 5.610805
97.991405 -13.787197 14.408256
6
16.279207 -57.217688 -80.381115
19.707069 -48.992627 -84.919691
8.861559 -42.532367 -90.069254
-3.938658 -54.039607 -84.048842
3.092090 -58.959374 -80.710787
14.182597 -58.677001 -79.723670
6
50.960863 -21.385765 -83.340504
60.903340 -15.050192 -77.873454
64.159339 -0.511182 -76.702790
63.764443 -0.156586 -77.032924
46.298020 -0.248617 -88.636513
40.332399 -5.229782 -91.356154
8
-74.859812 50.532477 42.924089
-71.637586 53.349876 44.964953
-54.994481 55.950131 62.009596
-51.666522 46.919656 71.617849
-55.296576 40.479830 72.826314
-66.037106 32.136769 67.869939
-71.675927 30.496983 62.709613
-77.786192 40.622586 47.949075
5
71.659865 -19.136635 67.071998
80.353722 -16.919525 57.070211
80.342714 -32.710106 49.750349
78.049128 -36.823115 50.521202
72.822840 -38.726199 56.543041
5
32.753365 -48.532671 81.066620
40.698863 -49.801266 76.573079
41.101401 -58.257608 70.119369
34.790365 -59.142952 72.744358
30.616116 -52.828808 79.194510
5
-10.737450 99.411439 1.439767
-13.166747 98.835964 7.621615
-27.203611 95.301464 13.326455
-30.179572 94.940981 8.683525
-17.942810 98.050031 -8.015420
5
-97.576954 -21.753905 -2.346407
-90.758183 -41.979350 -0.828522
-88.639750 -45.330563 -9.388017
-92.468633 -32.176660 -20.352261
-96.927343 -19.996881 -14.325325
6
-56.521547 -35.618144 74.408753
-56.760546 -32.949012 75.449341
-55.799532 -31.486587 76.778949
-46.232613 -30.643999 83.207517
-37.216227 -43.983030 81.733992
-52.246141 -44.078502 72.989222
5
17.113669 89.786996 -40.563748
15.655463 94.623498 -28.307244
1.939018 94.462030 -32.759197
4.454905 90.108412 -43.134997
7.101954 89.568538 -43.898054
6
-82.868526 11.177555 54.844049
-80.102399 2.184153 59.823366
-80.644247 -6.784751 58.740723
-86.621825 -7.063071 49.464861
-89.383239 7.653929 44.182056
-87.510864 12.478530 46.756122
5
42.905093 11.977383 89.530416
56.631433 16.529732 80.744342
59.050843 7.524366 80.351614
54.154397 -4.340881 83.955095
53.504544 -4.562095 84.359061
7
81.975007 43.907949 36.772139
75.869956 51.281402 40.174216
71.843843 62.431306 30.672370
72.809358 63.435317 25.976106
75.394331 60.618937 25.318754
84.450813 43.940832 30.614758
84.590267 43.292185 31.149212
6
13.206123 82.944254 -54.275676
24.813002 83.576796 -48.981977
26.144309 84.844785 -46.019969
26.080015 85.275796 -45.253414
17.113669 89.786996 -40.563748
7.101954 89.568538 -43.898054
7
98.299630 -4.231726 17.868276
96.139011 -1.216795 27.491999
95.822493 -0.153778 28.601158
95.234394 18.583137 24.188371
95.328374 23.300316 19.224889
99.315515 10.245291 5.609147
99.448788 8.562773 6.051238
8
-98.223661 -18.322110 4.051258
-98.162656 -18.688632 3.850705
-97.576954 -21.753905 -2.346407
-96.927343 -19.996881 -14.325325
-97.385158 -14.295517 -17.656988
-97.760270 -11.371958 -17.708984
-99.370884 3.280675 -10.708160
-99.763646 2.487380 -6.405294
5
-57.031256 -52.748539 62.968464
-48.932300 -62.713462 60.602407
-54.856354 -67.041421 49.962270
-68.134388 -49.907250 53.544109
-68.278466 -49.185859 54.025941
4
86.282862 32.845411 -38.424559
87.492786 35.636577 -32.787907
79.383804 47.143982 -38.414277
70.532187 45.626956 -54.253032
5
31.329945 -94.914129 -3.121334
30.218457 -93.407843 -19.021560
24.782380 -94.010537 -23.406249
11.018356 -99.112346 -7.439002
10.400988 -99.284810 -5.860545
5
-7.393122 80.235221 59.225426
-22.634542 71.195563 66.474576
-25.599093 85.099029 45.856752
-24.930750 85.379053 45.704213
-7.371504 84.665889 52.700552
6
-76.079672 -48.184812 -43.475365
-71.667988 -60.866784 -34.043120
-70.941107 -61.746157 -33.981929
-61.058275 -64.097249 -46.512684
-60.429182 -53.164783 -59.344922
-66.035626 -47.526892 -58.141986
6
14.182597 -58.677001 -79.723670
13.598477 -75.261698 -64.426378
15.903233 -77.112402 -61.650342
22.564571 -75.654198 -61.378192
29.471963 -62.544026 -72.247133
16.279207 -57.217688 -80.381115
7
-15.045987 94.618018 28.653953
-24.930750 85.379053 45.704213
-25.599093 85.099029 45.856752
-33.045737 83.371957 44.239078
-37.020762 83.160585 41.397830
-30.579411 91.868236 25.002536
-25.564718 93.998531 22.599145
5
15.655463 94.623498 -28.307244
17.113669 89.786996 -40.563748
26.080015 85.275796 -45.253414
28.938714 86.659619 -40.652937
23.977296 95.486655 -17.532483
6
14.027254 -79.047231 59.621903
16.989064 -83.315909 52.629184
14.818526 -84.749767 50.969483
3.022727 -84.454772 53.462647
0.627649 -81.179126 58.391399
2.339533 -78.969986 61.304713
5
-79.118073 -14.396031 -59.439758
-81.751598 -16.172673 -55.273148
-78.278060 -32.611906 -53.000084
-71.559092 -36.959653 -59.272932
-66.756301 -23.329020 -70.706103
8
-89.702839 43.997457 4.198149
-83.352197 54.255160 -10.430189
-77.054766 62.292060 -13.500454
-76.106165 63.497892 -13.261571
-75.649368 64.624519 -10.042149
-82.989798 51.357004 21.797974
-85.697156 47.780384 19.314044
-88.842205 44.545416 11.080097
6
-47.947199 -85.493682 -19.796376
-62.953449 -74.259036 -22.857358
-64.242276 -75.448242 -13.434759
-59.086554 -80.049619 -10.041795
-43.530168 -89.047828 -13.251746
-43.655541 -88.691516 -15.099956
4
-40.259275 -64.514152 64.939318
-43.378804 -54.798610 71.521967
-37.361460 -50.734668 77.653814
-29.208819 -60.002072 74.475474
4
-59.958218 -79.974557 3.013683
-59.086554 -80.049619 -10.041795
-64.242276 -75.448242 -13.434759
-70.761818 -70.359438 -6.504971
7
-15.744462 -2.071496 -98.731053
-28.057653 3.542628 -95.917766
-32.576346 -1.495548 -94.533301
-33.728293 -13.842280 -93.117096
-26.891043 -23.489906 -93.408223
-23.070979 -21.715483 -94.848130
-15.493195 -9.864075 -98.298835
6
-18.131526 97.555003 -12.420511
-21.154652 95.429805 -21.110021
-19.685880 91.525598 -35.150120
-19.070761 91.268571 -36.143521
-1.293845 95.101737 -30.886656
-2.069928 98.489579 -17.190643
6
-51.280645 -7.885099 85.487547
-44.569900 1.630512 89.503438
-33.846925 -7.009809 93.836284
-32.652102 -20.769929 92.208732
-36.546204 -24.352074 89.840700
-40.881067 -24.311670 87.964090
6
-22.651031 -47.615940 84.968541
-29.625128 -43.292192 85.135997
-29.290891 -36.413055 88.408898
-14.809200 -27.830878 94.900631
-8.052938 -31.058027 94.712983
-7.094967 -39.971452 91.388974
8
-27.581983 -26.070884 -92.517799
-21.131465 -38.713409 -89.748165
-5.329254 -34.618436 -93.665164
0.674391 -29.616728 -95.511228
0.632861 -28.960182 -95.712629
-1.423096 -26.728559 -96.351227
-23.070979 -21.715483 -94.848130
-26.891043 -23.489906 -93.408223
6
36.231228 -31.685386 -87.654632
26.662336 -35.469099 -89.616197
21.382079 -48.239121 -84.945829
31.640690 -49.209882 -81.100273
46.939934 -35.273284 -80.947131
46.555374 -33.874817 -81.762424
5
-75.017570 -15.925853 64.177344
-77.796213 -25.313567 57.506284
-89.234720 -17.944726 41.414389
-86.621825 -7.063071 49.464861
-80.644247 -6.784751 58.740723
6
-89.383239 7.653929 44.182056
-86.621825 -7.063071 49.464861
-89.234720 -17.944726 41.414389
-90.691238 -18.945735 37.631881
-94.445430 -8.500039 31.746026
-95.153652 0.772261 30.743878
6
-5.732892 -11.687320 99.149082
-7.830824 -10.049429 99.185116
-8.885185 -0.065407 99.604464
7.601948 1.711232 99.695948
10.824414 -0.628444 99.410448
6.672857 -10.808181 99.190000
5
-98.162656 -18.688632 3.850705
-92.115146 -34.415040 18.177044
-89.938195 -42.822676 8.794286
-90.758183 -41.979350 -0.828522
-97.576954 -21.753905 -2.346407
7
-13.189974 -64.083805 -75.625991
-7.733554 -71.117535 -69.874805
0.182650 -70.662644 -70.758444
3.092090 -58.959374 -80.710787
-3.938658 -54.039607 -84.048842
-6.450586 -53.755692 -84.075654
-8.179868 -54.025855 -83.751399
7
32.399559 -94.581961 -2.126333
40.160156 -91.524162 -3.238759
52.860990 -83.753213 -13.824434
52.068732 -83.957310 -15.492491
39.922039 -88.891269 -22.462704
30.218457 -93.407843 -19.021560
31.329945 -94.914129 -3.121334
7
68.105877 -64.912604 33.881313
62.812334 -75.657590 18.180752
61.245558 -76.967786 18.026135
45.754209 -80.844815 37.022537
45.411329 -80.696025 37.761922
49.691701 -75.961805 41.958779
67.153416 -64.612822 36.271228
5
97.991405 -13.787197 14.408256
90.779307 -24.776198 33.841653
90.696796 -24.319394 34.389798
96.139011 -1.216795 27.491999
98.299630 -4.231726 17.868276
6
-74.270206 51.487905 -42.812757
-74.676410 45.288243 -48.707379
-68.440369 44.947762 -57.407444
-62.005314 46.728432 -63.022176
-58.731502 61.779321 -52.286959
-67.738797 63.530705 -37.085104
6
-65.767114 -7.739463 74.931885
-73.645512 -15.496452 65.849818
-75.017570 -15.925853 64.177344
-80.644247 -6.784751 58.740723
-80.102399 2.184153 59.823366
-68.125468 5.739327 72.979317
6
38.902827 48.957508 78.036738
54.931950 43.562040 71.307991
57.211470 38.384412 72.480926
55.956599 30.496449 77.063777
40.753360 39.010158 82.567374
38.565468 48.384192 78.560006
6
-69.464363 8.768470 -71.398993
-63.819895 19.708366 -74.421780
-66.492419 27.645521 -69.386478
-76.006068 22.694907 -60.893504
-76.854954 21.627229 -60.212782
-74.791590 9.041135 -65.760748
6
-62.228629 -30.700706 72.007391
-56.760546 -32.949012 75.449341
-56.521547 -35.618144 74.408753
-70.126355 -46.291739 54.215949
-74.170929 -41.446288 52.734036
-75.148659 -35.040493 55.900295
7
-3.356278 81.147694 -58.341984
-2.951163 81.045940 -58.505096
11.339457 81.577914 -56.713849
13.206123 82.944254 -54.275676
7.101954 89.568538 -43.898054
4.454905 90.108412 -43.134997
-1.193552 88.049812 -47.389936
7
97.988671 -19.515644 4.166537
95.419076 -26.479296 -13.930067
91.715081 -37.619964 -13.156075
89.911686 -43.426467 -5.480026
90.515995 -42.252720 4.643519
95.194307 -29.559073 8.019054
97.800527 -20.089193 5.610805
5
-74.440420 19.890405 63.741632
-67.832960 7.257829 73.116437
-68.125468 5.739327 72.979317
-80.102399 2.184153 59.823366
-82.868526 11.177555 54.844049
7
-31.979698 36.717278 87.344951
-32.396233 33.447076 88.497329
-50.567201 28.823476 81.315222
-55.296576 40.479830 72.826314
-51.666522 46.919656 71.617849
-43.553883 48.098346 76.089476
-32.655524 39.483281 85.875999
5
39.922039 -88.891269 -22.462704
35.791424 -86.077494 -36.188935
23.157465 -93.416209 -27.150390
24.782380 -94.010537 -23.406249
30.218457 -93.407843 -19.021560
5
53.318621 68.730854 -49.327419
53.618768 71.827327 -44.338051
49.147368 76.699970 -41.251071
39.444445 78.647289 -47.526199
36.215147 72.593841 -58.468773
5
6.277180 23.999514 96.874250
0.882005 18.037190 98.355894
-13.125797 16.445892 97.761169
-18.146781 23.340979 95.529540
-7.573611 37.907547 92.226126
7
-45.981209 67.438596 57.773387
-35.096689 72.192856 59.635676
-22.821957 70.959802 66.662319
-22.716128 70.045914 67.657575
-25.517627 62.700700 73.603484
-31.659658 60.011064 73.459773
-47.813467 64.357597 59.765977
5
89.525814 8.229812 43.788114
89.148055 14.819092 42.813768
95.234394 18.583137 24.188371
95.822493 -0.153778 28.601158
92.629321 1.002516 37.667013
5
54.760627 -82.618361 13.246889
55.903855 -82.027697 -12.091980
52.860990 -83.753213 -13.824434
40.160156 -91.524162 -3.238759
49.636254 -85.706051 13.809963
8
-49.514491 86.441681 -8.726449
-49.708225 84.618808 -19.202854
-44.400008 85.311829 -27.395822
-43.944804 85.603487 -27.219427
-38.807085 89.813069 -20.679041
-37.079924 92.496603 -8.334124
-41.081009 91.144597 -2.239026
-41.844840 90.794436 -2.319436
4
-86.258791 -40.141041 -30.791523
-83.477014 -50.258311 -22.487559
-78.915693 -53.181443 -30.725356
-81.778550 -43.041421 -38.206084
7
-57.201896 -80.116983 17.584428
-63.358735 -74.553088 20.676263
-63.310786 -74.024974 22.628469
-52.108207 -72.234110 45.463920
-44.116424 -77.563257 45.140695
-44.160743 -82.142698 36.088862
-53.853034 -81.910677 19.760862
7
56.166881 76.986357 30.304824
53.718974 78.298782 31.361959
47.722364 83.287197 28.032460
49.131713 86.250998 12.117761
55.977973 82.746219 4.419245
61.930320 77.982034 9.134435
62.661858 74.587134 22.588734
6
34.014297 33.642642 -87.813440
21.751919 39.421533 -89.290519
12.258948 33.820174 -93.305488
11.929228 33.135549 -93.593423
12.917460 26.727079 -95.492421
29.345325 23.990464 -92.538152
5
-81.471365 -42.814367 -39.106863
-81.778550 -43.041421 -38.206084
-78.915693 -53.181443 -30.725356
-71.667988 -60.866784 -34.043120
-76.079672 -48.184812 -43.475365
7
-17.729761 65.233249 -73.690425
-27.541550 65.322485 -70.529681
-35.003832 57.573259 -73.892162
-34.357640 51.892600 -78.273307
-31.072304 49.869859 -80.916680
-15.073028 59.735296 -78.768638
-14.970918 60.180345 -78.448694
6
12.612199 -18.956830 -97.373359
0.632861 -28.960182 -95.712629
0.674391 -29.616728 -95.511228
7.247951 -36.291503 -92.899914
21.209529 -32.025855 -92.328221
21.119883 -19.327599 -95.814375
6
-28.768227 69.352289 -66.050353
-27.541550 65.322485 -70.529681
-17.729761 65.233249 -73.690425
-14.881520 69.453570 -70.389928
-19.084940 74.269662 -64.185531
-25.093214 73.615407 -62.857796
6
69.504502 53.824950 47.665490
69.478530 48.029062 53.534503
65.735301 47.738148 58.308999
58.297310 53.112053 61.486043
57.618430 64.182759 50.603260
62.909497 62.587798 46.099488
5
35.917603 90.025743 24.602670
38.711891 91.158759 13.837274
49.131713 86.250998 12.117761
47.722364 83.287197 28.032460
40.068359 86.888097 29.068629
6
63.492721 -64.661016 -42.280342
74.489273 -56.368114 -35.692911
77.154146 -45.517195 -44.445728
74.431049 -43.828543 -50.389262
64.876442 -51.710869 -55.830398
62.611948 -55.394047 -54.874798
6
78.792243 -56.060021 -25.476588
75.076768 -56.826862 -33.677689
65.306504 -71.792741 -24.101097
63.934006 -75.839781 -12.679531
70.942024 -69.536959 -11.482183
79.160673 -56.966081 -22.100982
6
91.269392 -13.313169 -38.634927
87.623196 -31.454593 -36.507316
88.710886 -39.221270 -24.332504
91.715081 -37.619964 -13.156075
95.419076 -26.479296 -13.930067
94.910682 -10.908484 -29.546023
9
-66.756301 -23.329020 -70.706103
-71.559092 -36.959653 -59.272932
-66.035626 -47.526892 -58.141986
-60.429182 -53.164783 -59.344922
-57.665861 -53.271245 -61.942094
-56.706092 -52.268590 -63.658571
-55.379857 -23.204098 -79.966501
-55.935246 -22.295082 -79.838447
-60.794113 -19.412146 -76.988599
5
70.383190 3.924389 70.928173
71.794016 -0.182896 69.610243
68.590688 -12.953488 71.606736
54.154397 -4.340881 83.955095
59.050843 7.524366 80.351614
3
75.394331 60.618937 25.318754
84.287979 52.233250 12.931520
84.450813 43.940832 30.614758
5
62.909497 62.587798 46.099488
63.930507 64.186995 42.342884
71.843843 62.431306 30.672370
75.869956 51.281402 40.174216
69.504502 53.824950 47.665490
6
-54.463670 27.432809 -79.253704
-60.145608 19.833810 -77.389443
-52.155090 8.354468 -84.912010
-51.778960 8.837728 -85.093089
-48.966793 26.212771 -83.157343
-52.249455 28.113364 -80.496169
8
-70.941107 -61.746157 -33.981929
-71.667988 -60.866784 -34.043120
-78.915693 -53.181443 -30.725356
-83.477014 -50.258311 -22.487559
-84.840281 -51.484875 -12.305866
-84.274858 -52.468910 -12.031698
-77.880717 -61.359570 -13.022946
-70.688694 -65.001795 -27.890414
6
-44.078093 70.666858 -55.347240
-43.474335 69.407011 -57.381608
-28.768227 69.352289 -66.050353
-25.093214 73.615407 -62.857796
-29.521506 81.763314 -49.429153
-29.892067 81.643608 -49.404307
6
-78.716825 -54.157709 29.506000
-79.288189 -55.078247 26.072396
-91.376411 -33.035191 23.643765
-91.186444 -31.277808 26.584416
-90.097245 -29.827907 31.508449
-81.286680 -41.015672 41.354448
4
96.319904 23.459479 -13.119796
89.563263 34.617871 -27.928927
94.553398 16.729832 -27.924319
97.096004 10.684454 -21.405805
5
29.335787 -79.963791 52.394692
33.806593 -84.769496 40.880885
14.354367 -89.390397 42.465387
14.818526 -84.749767 50.969483
16.989064 -83.315909 52.629184
5
33.749774 32.295145 88.419321
40.753360 39.010158 82.567374
55.956599 30.496449 77.063777
56.354995 29.157031 77.291540
37.843340 22.797435 89.711530
7
45.411329 -80.696025 37.761922
45.754209 -80.844815 37.022537
44.323101 -87.897897 17.590406
29.091608 -93.854030 18.576850
26.999424 -94.060925 20.580902
26.618715 -93.477528 23.524364
34.683306 -84.986434 39.678387
5
50.816204 -69.397739 -51.006541
49.892999 -64.689333 -57.671300
40.382664 -66.876545 -62.424099
26.771852 -76.054979 -59.151570
31.867255 -78.149929 -53.638295
10
-43.944804 85.603487 -27.219427
-44.400008 85.311829 -27.395822
-45.228933 84.292218 -29.140444
-43.911050 83.195055 -33.917585
-29.892067 81.643608 -49.404307
-29.521506 81.763314 -49.429153
-23.637087 84.863675 -47.322772
-19.165295 90.555526 -37.846904
-19.070761 91.268571 -36.143521
-19.685880 91.525598 -35.150120
6
-32.396233 33.447076 88.497329
-29.971030 26.569378 91.628628
-40.634994 10.531962 90.762740
-44.013045 7.956584 89.440173
-53.601151 16.044372 82.882415
-50.567201 28.823476 81.315222
7
-68.278466 -49.185859 54.025941
-68.134388 -49.907250 53.544109
-69.386288 -59.621948 40.382749
-78.716825 -54.157709 29.506000
-81.286680 -41.015672 41.354448
-74.170929 -41.446288 52.734036
-70.126355 -46.291739 54.215949
8
58.722816 42.683797 -68.772991
73.101394 25.336281 -63.358181
76.110005 23.260467 -60.549301
80.871913 23.451985 -53.941988
86.226879 29.410653 -41.230314
86.282862 32.845411 -38.424559
70.532187 45.626956 -54.253032
67.104073 46.473400 -57.769079
5
-61.790197 77.515089 13.167484
-63.791538 76.677234 7.158313
-57.441744 81.673461 -5.467335
-49.514491 86.441681 -8.726449
-41.844840 90.794436 -2.319436
6
-52.003114 -48.001766 70.650595
-57.031256 -52.748539 62.968464
-68.278466 -49.185859 54.025941
-70.126355 -46.291739 54.215949
-56.521547 -35.618144 74.408753
-52.246141 -44.078502 72.989222
7
78.049128 -36.823115 50.521202
78.681911 -38.584604 48.170376
76.665695 -48.041927 42.595122
67.068198 -58.093784 46.119075
63.272309 -55.227098 54.282434
65.395718 -46.971661 59.304832
72.822840 -38.726199 56.543041
7
49.892999 -64.689333 -57.671300
50.816204 -69.397739 -51.006541
51.627883 -69.767512 -49.669466
62.573588 -65.515731 -42.334798
63.492721 -64.661016 -42.280342
62.611948 -55.394047 -54.874798
51.586707 -60.800637 -60.349765
6
48.534274 -36.911087 -79.259043
46.939934 -35.273284 -80.947131
31.640690 -49.209882 -81.100273
34.704456 -58.938620 -72.950941
36.388405 -58.828648 -72.215470
49.061256 -52.385400 -69.633060
4
-62.979345 70.595916 -32.400906
-48.851005 72.871329 -47.993215
-43.911050 83.195055 -33.917585
-45.228933 84.292218 -29.140444
8
86.977693 -38.830442 30.447950
78.681911 -38.584604 48.170376
78.049128 -36.823115 50.521202
80.342714 -32.710106 49.750349
90.284882 -23.738729 35.848471
90.696796 -24.319394 34.389798
90.779307 -24.776198 33.841653
90.232422 -29.521946 31.409627
4
-63.310786 -74.024974 22.628469
-66.809169 -63.504882 38.777118
-54.434070 -69.136047 47.509357
-52.108207 -72.234110 45.463920
5
-21.154652 95.429805 -21.110021
-18.131526 97.555003 -12.420511
-18.431712 97.597212 -11.621368
-37.079924 92.496603 -8.334124
-38.807085 89.813069 -20.679041
7
-77.054766 62.292060 -13.500454
-83.152108 48.038939 -27.892423
-74.270206 51.487905 -42.812757
-67.738797 63.530705 -37.085104
-66.413068 68.006185 -31.055807
-69.942478 67.850554 -22.457785
-76.106165 63.497892 -13.261571
5
97.800527 -20.089193 5.610805
95.194307 -29.559073 8.019054
90.232422 -29.521946 31.409627
90.779307 -24.776198 33.841653
97.991405 -13.787197 14.408256
7
-5.732892 -11.687320 99.149082
-5.901624 -29.362765 95.409637
-8.052938 -31.058027 94.712983
-14.809200 -27.830878 94.900631
-19.950805 -21.234768 95.661121
-18.697575 -14.376727 97.178755
-7.830824 -10.049429 99.185116
4
-53.853034 -81.910677 19.760862
-44.160743 -82.142698 36.088862
-23.750465 -93.058518 27.857274
-32.405251 -92.712073 18.824748
6
-44.013045 7.956584 89.440173
-40.634994 10.531962 90.762740
-18.381519 4.123657 98.209547
-23.260765 -5.206996 97.117578
-33.846925 -7.009809 93.836284
-44.569900 1.630512 89.503438
10
97.805177 5.310000 -20.148233
97.096004 10.684454 -21.405805
94.553398 16.729832 -27.924319
90.962695 15.588608 -38.506928
89.705380 9.442270 -43.171616
89.068315 -5.661330 -45.108586
91.131729 -13.123520 -39.022828
91.269392 -13.313169 -38.634927
94.910682 -10.908484 -29.546023
97.158650 -4.882947 -23.159307
6
65.395718 -46.971661 59.304832
63.272309 -55.227098 54.282434
55.763301 -59.952448 57.412178
46.729305 -59.909730 65.016893
50.289530 -49.083637 71.146045
58.525019 -40.609425 70.183308
6
90.515995 -42.252720 4.643519
89.911686 -43.426467 -5.480026
84.278488 -52.717989 -10.860487
79.210404 -60.990811 -2.415108
81.182064 -57.219605 11.635692
84.424122 -51.074400 16.247255
7
-52.249455 28.113364 -80.496169
-49.657956 42.859508 -75.479467
-49.895305 43.875856 -74.735318
-58.709553 46.614402 -66.183728
-60.431923 46.048191 -65.019588
-63.258396 33.800424 -69.684336
-54.463670 27.432809 -79.253704
6
67.153416 -64.612822 36.271228
67.068198 -58.093784 46.119075
76.665695 -48.041927 42.595122
85.076248 -44.802058 27.473764
83.639655 -50.564512 21.157464
68.105877 -64.912604 33.881313
5
-72.481653 -68.651423 -5.778595
-77.880717 -61.359570 -13.022946
-84.274858 -52.468910 -12.031698
-77.639852 -60.981201 15.916860
-74.417084 -65.115392 14.902462
6
88.710886 -39.221270 -24.332504
87.623196 -31.454593 -36.507316
77.154146 -45.517195 -44.445728
74.489273 -56.368114 -35.692911
75.076768 -56.826862 -33.677689
78.792243 -56.060021 -25.476588
8
-53.217227 81.740276 22.055701
-58.611225 78.978313 18.087296
-61.702058 77.433115 14.034557
-61.790197 77.515089 13.167484
-41.844840 90.794436 -2.319436
-41.081009 91.144597 -2.239026
-36.561316 92.892389 5.854419
-47.689656 85.516697 20.312343
6
-32.772098 -93.638860 12.559992
-19.405063 -98.068180 -2.464855
-20.283367 -97.765322 -5.525111
-25.129182 -96.319273 -9.545779
-42.225536 -90.025751 -10.600395
-43.688651 -89.862907 -3.994956
7
-40.259275 -64.514152 64.939318
-29.208819 -60.002072 74.475474
-25.461145 -60.312061 75.592231
-16.747628 -71.002548 68.397040
-24.543988 -79.716651 55.162018
-30.343524 -77.704113 55.148358
-40.358599 -64.788775 64.603391
5
-74.676410 45.288243 -48.707379
-74.270206 51.487905 -42.812757
-83.152108 48.038939 -27.892423
-86.817840 40.855799 -28.168533
-83.332401 33.085768 -44.283663
6
28.938714 86.659619 -40.652937
26.080015 85.275796 -45.253414
26.144309 84.844785 -46.019969
39.444445 78.647289 -47.526199
49.147368 76.699970 -41.251071
45.903269 83.233613 -31.065344
5
46.114025 -80.178352 -38.012216
51.636939 -79.803177 -31.065727
59.904797 -72.647765 -33.670724
62.573588 -65.515731 -42.334798
51.627883 -69.767512 -49.669466
7
-75.148659 -35.040493 55.900295
-74.170929 -41.446288 52.734036
-81.286680 -41.015672 41.354448
-90.097245 -29.827907 31.508449
-90.691238 -18.945735 37.631881
-89.234720 -17.944726 41.414389
-77.796213 -25.313567 57.506284
7
34.165517 -83.979800 -42.191356
31.867255 -78.149929 -53.638295
26.771852 -76.054979 -59.151570
22.564571 -75.654198 -61.378192
15.903233 -77.112402 -61.650342
0.606496 -90.200350 -43.168611
5.905216 -91.345001 -40.264366
5
-51.280645 -7.885099 85.487547
-40.881067 -24.311670 87.964090
-46.232613 -30.643999 83.207517
-55.799532 -31.486587 76.778949
-59.032175 -10.771094 79.994911
7
-13.166747 98.835964 7.621615
-10.737450 99.411439 1.439767
-0.752458 99.964889 2.540643
6.536956 97.747784 20.065867
-0.222606 95.645781 29.186212
-0.403148 95.608243 29.307018
-5.177920 95.785009 28.256347
5
-90.691238 -18.945735 37.631881
-90.097245 -29.827907 31.508449
-91.186444 -31.277808 26.584416
-97.508949 -14.235020 17.010851
-94.445430 -8.500039 31.746026
7
21.342914 75.993779 61.395648
27.293644 74.576348 60.773558
41.651338 65.414966 63.135159
42.790518 59.950649 67.637942
39.038756 56.018415 73.061020
23.001052 61.408054 75.498361
13.282423 70.702156 69.460654
6
-60.431923 46.048191 -65.019588
-62.005314 46.728432 -63.022176
-68.440369 44.947762 -57.407444
-76.006068 22.694907 -60.893504
-66.492419 27.645521 -69.386478
-63.258396 33.800424 -69.684336
5
49.636254 -85.706051 13.809963
44.323101 -87.897897 17.590406
45.754209 -80.844815 37.022537
61.245558 -76.967786 18.026135
54.760627 -82.618361 13.246889
5
88.257566 -15.138442 44.513253
90.284882 -23.738729 35.848471
80.342714 -32.710106 49.750349
80.353722 -16.919525 57.070211
83.683144 -13.284807 53.109748
6
-41.081009 91.144597 -2.239026
-37.079924 92.496603 -8.334124
-18.431712 97.597212 -11.621368
-17.942810 98.050031 -8.015420
-30.179572 94.940981 8.683525
-36.561316 92.892389 5.854419
7
-85.697156 47.780384 19.314044
-82.989798 51.357004 21.797974
-80.295528 53.581941 26.107541
-74.859812 50.532477 42.924089
-77.786192 40.622586 47.949075
-87.442825 24.536895 41.853233
-93.727456 24.409797 24.886256
6
-43.688651 -89.862907 -3.994956
-42.225536 -90.025751 -10.600395
-43.530168 -89.047828 -13.251746
-59.086554 -80.049619 -10.041795
-59.958218 -79.974557 3.013683
-56.239499 -81.931003 11.154802
7
-93.449800 0.467091 -35.593772
-93.480859 0.230333 -35.514447
-91.215420 -17.550647 -37.036765
-90.106360 -19.670833 -38.651031
-85.464396 -13.415147 -50.158457
-87.073316 2.458212 -49.114100
-88.619502 5.098842 -46.049818
6
34.891135 84.819899 39.852143
40.068359 86.888097 29.068629
47.722364 83.287197 28.032460
53.718974 78.298782 31.361959
47.519195 75.572269 45.063936
41.702113 78.603345 45.633847
7
-88.619502 5.098842 -46.049818
-87.073316 2.458212 -49.114100
-78.267121 2.547728 -62.191372
-74.791590 9.041135 -65.760748
-76.854954 21.627229 -60.212782
-85.480549 24.223366 -45.894491
-85.925011 23.503501 -45.436527
7
85.076248 -44.802058 27.473764
86.977693 -38.830442 30.447950
90.232422 -29.521946 31.409627
95.194307 -29.559073 8.019054
90.515995 -42.252720 4.643519
84.424122 -51.074400 16.247255
83.639655 -50.564512 21.157464
5
-37.662651 -42.673739 -82.222118
-44.981490 -42.455686 -78.575952
-48.911876 -49.479920 -71.828727
-33.821199 -55.939883 -75.675993
-37.040516 -43.114018 -82.275037
7
-66.413068 68.006185 -31.055807
-62.979345 70.595916 -32.400906
-45.228933 84.292218 -29.140444
-44.400008 85.311829 -27.395822
-49.708225 84.618808 -19.202854
-59.310982 78.909760 -15.983028
-69.942478 67.850554 -22.457785
7
-56.239499 -81.931003 11.154802
-59.958218 -79.974557 3.013683
-70.761818 -70.359438 -6.504971
-72.481653 -68.651423 -5.778595
-74.417084 -65.115392 14.902462
-63.358735 -74.553088 20.676263
-57.201896 -80.116983 17.584428
4
-54.706254 -23.842120 -80.242003
-44.981490 -42.455686 -78.575952
-37.662651 -42.673739 -82.222118
-37.450756 -29.875397 -87.777569
5
54.434413 52.121868 65.728271
54.931950 43.562040 71.307991
38.902827 48.957508 78.036738
39.038756 56.018415 73.061020
42.790518 59.950649 67.637942
7
-97.385158 -14.295517 -17.656988
-96.927343 -19.996881 -14.325325
-92.468633 -32.176660 -20.352261
-90.484268 -32.706284 -27.256124
-89.237273 -24.179029 -38.106216
-90.106360 -19.670833 -38.651031
-91.215420 -17.550647 -37.036765
6
92.629321 1.002516 37.667013
95.822493 -0.153778 28.601158
96.139011 -1.216795 27.491999
90.696796 -24.319394 34.389798
90.284882 -23.738729 35.848471
88.257566 -15.138442 44.513253
6
63.934006 -75.839781 -12.679531
62.810377 -76.874957 -12.045645
67.885234 -72.514919 11.540426
70.610087 -70.059306 10.291218
74.737989 -66.255382 -4.945441
70.942024 -69.536959 -11.482183
6
6.536956 97.747784 20.065867
-0.752458 99.964889 2.540643
8.874667 99.094745 -10.073319
17.562987 97.860503 -10.717432
18.518601 98.149502 -4.872033
9.826052 97.753176 18.648465
6
81.275365 53.699275 -22.598739
82.909357 55.746472 -4.285949
72.902558 67.998844 -7.834166
72.149955 68.602340 -9.386318
72.083752 62.602752 -29.746060
74.357250 60.271350 -28.954514
6
79.861575 36.305416 48.000475
81.975007 43.907949 36.772139
84.590267 43.292185 31.149212
90.288218 33.949716 26.371472
86.177561 22.221593 45.602947
82.429874 25.954536 50.315782
7
53.318621 68.730854 -49.327419
36.215147 72.593841 -58.468773
31.339025 70.805024 -63.281230
31.601901 68.824948 -65.302729
49.079531 49.256858 -71.867667
57.047736 43.011745 -69.968175
57.616714 43.072927 -69.462488
6
-37.450756 -29.875397 -87.777569
-37.662651 -42.673739 -82.222118
-37.040516 -43.114018 -82.275037
-21.942225 -43.507231 -87.325023
-21.131465 -38.713409 -89.748165
-27.581983 -26.070884 -92.517799
8
69.332755 -17.985125 69.781834
68.590688 -12.953488 71.606736
71.794016 -0.182896 69.610243
82.029953 3.010675 57.114120
83.284979 1.794558 55.320809
83.683144 -13.284807 53.109748
80.353722 -16.919525 57.070211
71.659865 -19.136635 67.071998
5
-35.096689 72.192856 59.635676
-33.045737 83.371957 44.239078
-25.599093 85.099029 45.856752
-22.634542 71.195563 66.474576
-22.821957 70.959802 66.662319
6
-90.106360 -19.670833 -38.651031
-89.237273 -24.179029 -38.106216
-82.091194 -33.272250 -46.411133
-78.278060 -32.611906 -53.000084
-81.751598 -16.172673 -55.273148
-85.464396 -13.415147 -50.158457
5
41.702113 78.603345 45.633847
47.519195 75.572269 45.063936
51.520141 68.277562 51.805883
41.651338 65.414966 63.135159
27.293644 74.576348 60.773558
6
10.601219 25.485645 96.115015
6.277180 23.999514 96.874250
-7.573611 37.907547 92.226126
-7.181743 42.957403 90.017132
8.083160 47.255148 87.758837
10.440853 45.891408 88.232462
7
-37.216227 -43.983030 81.733992
-46.232613 -30.643999 83.207517
-40.881067 -24.311670 87.964090
-36.546204 -24.352074 89.840700
-29.290891 -36.413055 88.408898
-29.625128 -43.292192 85.135997
-36.238186 -44.527540 81.878520
7
18.518601 98.149502 -4.872033
17.562987 97.860503 -10.717432
24.135304 95.528926 -17.079559
31.800906 93.454961 -15.964732
38.771616 92.142340 -2.559498
34.428947 93.497197 8.539426
28.341646 95.451347 9.262373
5
60.223295 -48.480195 -63.425748
64.876442 -51.710869 -55.830398
74.431049 -43.828543 -50.389262
72.985668 -36.761267 -57.634205
65.924745 -35.898576 -66.069813
6
-27.460674 41.084378 -86.936674
-27.961080 35.147991 -89.346498
-12.189487 31.038734 -94.276261
-6.520939 35.680973 -93.189836
-5.435308 49.416029 -86.767007
-8.620425 50.520455 -85.868341
7
59.164124 -28.874768 75.271869
69.332755 -17.985125 69.781834
71.659865 -19.136635 67.071998
72.822840 -38.726199 56.543041
65.395718 -46.971661 59.304832
58.525019 -40.609425 70.183308
56.971025 -32.754564 75.375334
6
91.204911 40.982576 1.446591
85.784273 51.323260 2.642239
82.909357 55.746472 -4.285949
81.275365 53.699275 -22.598739
88.447207 39.524762 -24.796871
91.941473 39.310899 -1.191112
5
-77.267922 -3.357791 -63.390800
-79.118073 -14.396031 -59.439758
-66.756301 -23.329020 -70.706103
-60.794113 -19.412146 -76.988599
-62.461905 -13.217319 -76.966310
5
-37.040516 -43.114018 -82.275037
-33.821199 -55.939883 -75.675993
-30.502102 -59.061153 -74.708781
-19.868754 -48.089170 -85.397098
-21.942225 -43.507231 -87.325023
5
18.843456 54.804016 -81.495055
23.287114 51.469279 -82.514384
49.079531 49.256858 -71.867667
31.601901 68.824948 -65.302729
18.753219 65.283337 -73.392116
5
-49.895305 43.875856 -74.735318
-34.357640 51.892600 -78.273307
-35.003832 57.573259 -73.892162
-44.405126 62.028510 -64.657937
-58.709553 46.614402 -66.183728
5
6.672857 -10.808181 99.190000
8.076380 -17.144142 98.187833
2.277526 -26.589718 96.373232
-5.901624 -29.362765 95.409637
-5.732892 -11.687320 99.149082
9
57.047736 43.011745 -69.968175
54.042424 37.539621 -75.300686
52.348964 24.079257 -81.729893
63.764443 -0.156586 -77.032924
64.159339 -0.511182 -76.702790
68.211482 0.975227 -73.118005
73.101394 25.336281 -63.358181
58.722816 42.683797 -68.772991
57.616714 43.072927 -69.462488
6
-5.200733 -93.602798 34.806157
-11.694934 -94.289562 31.188252
-14.568496 -93.556251 32.171211
-24.008202 -80.211734 54.678003
0.627649 -81.179126 58.391399
3.022727 -84.454772 53.462647
6
21.382079 -48.239121 -84.945829
19.707069 -48.992627 -84.919691
16.279207 -57.217688 -80.381115
29.471963 -62.544026 -72.247133
34.704456 -58.938620 -72.950941
31.640690 -49.209882 -81.100273
5
-77.946041 -60.515096 16.196845
-89.938195 -42.822676 8.794286
-92.115146 -34.415040 18.177044
-91.376411 -33.035191 23.643765
-79.288189 -55.078247 26.072396
8
5.134295 65.011581 75.809850
11.509497 70.426790 70.054255
13.282423 70.702156 69.460654
23.001052 61.408054 75.498361
23.733274 48.306394 84.280627
20.576929 45.478670 86.650335
10.440853 45.891408 88.232462
8.083160 47.255148 87.758837
6
54.042424 37.539621 -75.300686
34.014297 33.642642 -87.813440
29.345325 23.990464 -92.538152
33.365739 14.690790 -93.117711
50.424154 21.557074 -83.622349
52.348964 24.079257 -81.729893
6
-85.480549 24.223366 -45.894491
-76.854954 21.627229 -60.212782
-76.006068 22.694907 -60.893504
-68.440369 44.947762 -57.407444
-74.676410 45.288243 -48.707379
-83.332401 33.085768 -44.283663
7
-17.500412 -80.283167 -56.994287
-2.373707 -90.405034 -42.676637
0.606496 -90.200350 -43.168611
15.903233 -77.112402 -61.650342
13.598477 -75.261698 -64.426378
0.182650 -70.662644 -70.758444
-7.733554 -71.117535 -69.874805
6
8.861559 -42.532367 -90.069254
7.247951 -36.291503 -92.899914
0.674391 -29.616728 -95.511228
-5.329254 -34.618436 -93.665164
-6.450586 -53.755692 -84.075654
-3.938658 -54.039607 -84.048842
6
96.390000 25.747442 -6.785072
91.941473 39.310899 -1.191112
88.447207 39.524762 -24.796871
88.883934 35.927219 -28.440837
89.563263 34.617871 -27.928927
96.319904 23.459479 -13.119796
8
6.293375 -51.858985 85.270388
15.385760 -43.543021 88.697710
23.876238 -42.785499 87.174115
32.215501 -46.562729 82.426172
32.753365 -48.532671 81.066620
30.616116 -52.828808 79.194510
16.895659 -60.772839 77.596383
5.930044 -60.487494 79.410942
10
5.771532 -99.499897 -8.152293
9.110708 -99.450881 -5.149495
10.400988 -99.284810 -5.860545
11.018356 -99.112346 -7.439002
11.180408 -93.157812 -34.592204
5.905216 -91.345001 -40.264366
0.606496 -90.200350 -43.168611
-2.373707 -90.405034 -42.676637
-2.831311 -90.645178 -42.135915
-5.175597 -92.612830 -37.364113
7
-70.688694 -65.001795 -27.890414
-77.880717 -61.359570 -13.022946
-72.481653 -68.651423 -5.778595
-70.761818 -70.359438 -6.504971
-64.242276 -75.448242 -13.434759
-62.953449 -74.259036 -22.857358
-62.961579 -74.242023 -22.890208
4
-21.154652 95.429805 -21.110021
-38.807085 89.813069 -20.679041
-43.944804 85.603487 -27.219427
-19.685880 91.525598 -35.150120
6
49.061256 -52.385400 -69.633060
36.388405 -58.828648 -72.215470
40.382664 -66.876545 -62.424099
49.892999 -64.689333 -57.671300
51.586707 -60.800637 -60.349765
50.282138 -53.295550 -68.053589
4
-27.460674 41.084378 -86.936674
-8.620425 50.520455 -85.868341
-15.073028 59.735296 -78.768638
-31.072304 49.869859 -80.916680
6
-8.004852 -93.716842 -33.956970
-5.175597 -92.612830 -37.364113
-2.831311 -90.645178 -42.135915
-30.689043 -87.356452 -37.776088
-30.913081 -90.792015 -28.305323
-20.920596 -94.279753 -25.954901
5
-92.221404 21.979131 -31.813996
-92.436648 30.184844 -23.331123
-96.042733 24.054592 -14.041723
-97.743896 10.117936 -18.540716
-96.375319 10.571592 -24.495701
7
-85.925011 23.503501 -45.436527
-85.480549 24.223366 -45.894491
-83.332401 33.085768 -44.283663
-86.817840 40.855799 -28.168533
-89.989229 37.144384 -22.852427
-92.436648 30.184844 -23.331123
-92.221404 21.979131 -31.813996
5
11.929228 33.135549 -93.593423
12.258948 33.820174 -93.305488
4.212982 52.273420 -85.145407
-5.435308 49.416029 -86.767007
-6.520939 35.680973 -93.189836
6
28.250085 -8.793627 95.522797
20.972377 -20.876930 95.521271
8.076380 -17.144142 98.187833
6.672857 -10.808181 99.190000
10.824414 -0.628444 99.410448
13.343356 -0.174290 99.105623
6
-87.073316 2.458212 -49.114100
-85.464396 -13.415147 -50.158457
-81.751598 -16.172673 -55.273148
-79.118073 -14.396031 -59.439758
-77.267922 -3.357791 -63.390800
-78.267121 2.547728 -62.191372
5
-55.379857 -23.204098 -79.966501
-56.706092 -52.268590 -63.658571
-48.911876 -49.479920 -71.828727
-44.981490 -42.455686 -78.575952
-54.706254 -23.842120 -80.242003
6
-2.831311 -90.645178 -42.135915
-2.373707 -90.405034 -42.676637
-17.500412 -80.283167 -56.994287
-31.060042 -75.219650 -58.114353
-33.021609 -85.687099 -39.589069
-30.689043 -87.356452 -37.776088
4
-55.019682 71.450007 43.217254
-52.210534 81.579992 24.874989
-38.569858 82.600194 41.104427
-48.299055 73.102503 48.199849
4
-97.385158 -14.295517 -17.656988
-91.215420 -17.550647 -37.036765
-93.480859 0.230333 -35.514447
-97.760270 -11.371958 -17.708984
6
-39.567594 -89.051909 -22.453573
-41.014964 -83.725185 -36.164432
-51.305663 -75.866810 -40.149173
-51.997788 -76.453926 -38.092352
-47.947199 -85.493682 -19.796376
-43.655541 -88.691516 -15.099956
6
27.745348 92.715567 25.179740
35.917603 90.025743 24.602670
40.068359 86.888097 29.068629
34.891135 84.819899 39.852143
25.859236 86.884900 42.217461
23.010916 90.326513 36.216278
5
21.669555 -25.512391 94.231355
14.947712 -33.357090 93.079914
2.277526 -26.589718 96.373232
8.076380 -17.144142 98.187833
20.972377 -20.876930 95.521271
8
58.787272 25.112952 76.898611
56.354995 29.157031 77.291540
55.956599 30.496449 77.063777
57.211470 38.384412 72.480926
65.318916 40.133898 64.208328
70.062854 35.074576 62.136709
72.973617 22.210525 64.664857
70.961199 21.094178 67.227553
6
-89.989229 37.144384 -22.852427
-90.374480 40.291307 -14.459042
-93.539127 34.980363 -5.177440
-95.896471 28.001675 -4.446691
-96.042733 24.054592 -14.041723
-92.436648 30.184844 -23.331123
6
89.068315 -5.661330 -45.108586
83.209429 -1.558811 -55.441511
76.724599 -4.588099 -63.970972
73.670741 -17.699222 -65.263768
78.556497 -24.774432 -56.701890
91.131729 -13.123520 -39.022828
4
14.182597 -58.677001 -79.723670
3.092090 -58.959374 -80.710787
0.182650 -70.662644 -70.758444
13.598477 -75.261698 -64.426378
5
83.683144 -13.284807 53.109748
83.284979 1.794558 55.320809
89.525814 8.229812 43.788114
92.629321 1.002516 37.667013
88.257566 -15.138442 44.513253
6
-82.989798 51.357004 21.797974
-75.649368 64.624519 -10.042149
-63.791538 76.677234 7.158313
-61.790197 77.515089 13.167484
-61.702058 77.433115 14.034557
-80.295528 53.581941 26.107541
7
-30.502102 -59.061153 -74.708781
-33.821199 -55.939883 -75.675993
-48.911876 -49.479920 -71.828727
-56.706092 -52.268590 -63.658571
-57.665861 -53.271245 -61.942094
-33.666041 -69.822914 -63.177198
-29.713182 -62.743501 -71.974856
5
-10.255277 71.150379 -69.515846
-5.111171 80.875441 -58.592141
-11.527227 81.225408 -57.180033
-19.084940 74.269662 -64.185531
-14.881520 69.453570 -70.389928
4
-99.763646 2.487380 -6.405294
-98.902326 6.670252 13.184754
-98.584222 -12.572420 11.094388
-98.223661 -18.322110 4.051258
4
-89.702839 43.997457 4.198149
-93.539127 34.980363 -5.177440
-90.374480 40.291307 -14.459042
-83.352197 54.255160 -10.430189
6
54.760627 -82.618361 13.246889
61.245558 -76.967786 18.026135
62.812334 -75.657590 18.180752
67.885234 -72.514919 11.540426
62.810377 -76.874957 -12.045645
55.903855 -82.027697 -12.091980
4
-45.742649 -0.351064 -88.924051
-48.013467 -15.056689 -86.417609
-33.728293 -13.842280 -93.117096
-32.576346 -1.495548 -94.533301
7
0.871125 65.051268 -75.944543
-14.970918 60.180345 -78.448694
-15.073028 59.735296 -78.768638
-8.620425 50.520455 -85.868341
-5.435308 49.416029 -86.767007
4.212982 52.273420 -85.145407
4.570894 52.678160 -84.877078
5
23.876238 -42.785499 87.174115
31.987362 -29.719242 89.964300
38.794824 -28.000155 87.812032
42.976418 -33.440939 83.873304
32.215501 -46.562729 82.426172
5
-39.567594 -89.051909 -22.453573
-30.913081 -90.792015 -28.305323
-30.689043 -87.356452 -37.776088
-33.021609 -85.687099 -39.589069
-41.014964 -83.725185 -36.164432
6
-53.217227 81.740276 22.055701
-47.689656 85.516697 20.312343
-30.579411 91.868236 25.002536
-37.020762 83.160585 41.397830
-38.569858 82.600194 41.104427
-52.210534 81.579992 24.874989
6
40.332399 -5.229782 -91.356154
46.298020 -0.248617 -88.636513
50.424154 21.557074 -83.622349
33.365739 14.690790 -93.117711
32.548627 12.660002 -93.703315
37.270357 -4.788427 -92.671417
6
0.818563 89.776898 44.039057
-0.403148 95.608243 29.307018
-0.222606 95.645781 29.186212
23.010916 90.326513 36.216278
25.859236 86.884900 42.217461
19.178947 82.718894 52.818109
6
31.369913 -8.159284 -94.601029
16.243689 0.427494 -98.670967
9.288678 -8.626129 -99.193298
12.612199 -18.956830 -97.373359
21.119883 -19.327599 -95.814375
27.803007 -15.357374 -94.821642
4
-9.690557 -98.637807 -13.291957
5.771532 -99.499897 -8.152293
-5.175597 -92.612830 -37.364113
-8.004852 -93.716842 -33.956970
6
88.710886 -39.221270 -24.332504
78.792243 -56.060021 -25.476588
79.160673 -56.966081 -22.100982
84.278488 -52.717989 -10.860487
89.911686 -43.426467 -5.480026
91.715081 -37.619964 -13.156075
6
58.297310 53.112053 61.486043
54.434413 52.121868 65.728271
42.790518 59.950649 67.637942
41.651338 65.414966 63.135159
51.520141 68.277562 51.805883
57.618430 64.182759 50.603260
6
36.215147 72.593841 -58.468773
39.444445 78.647289 -47.526199
26.144309 84.844785 -46.019969
24.813002 83.576796 -48.981977
29.739947 72.545555 -62.069944
31.339025 70.805024 -63.281230
4
-15.493195 -9.864075 -98.298835
-23.070979 -21.715483 -94.848130
-1.423096 -26.728559 -96.351227
-3.902971 -17.301235 -98.414603
6
1.817968 67.051558 -74.167267
-10.255277 71.150379 -69.515846
-14.881520 69.453570 -70.389928
-17.729761 65.233249 -73.690425
-14.970918 60.180345 -78.448694
0.871125 65.051268 -75.944543
7
88.883934 35.927219 -28.440837
87.492786 35.636577 -32.787907
86.282862 32.845411 -38.424559
86.226879 29.410653 -41.230314
90.962695 15.588608 -38.506928
94.553398 16.729832 -27.924319
89.563263 34.617871 -27.928927
6
-5.177920 95.785009 28.256347
-0.403148 95.608243 29.307018
0.818563 89.776898 44.039057
-7.371504 84.665889 52.700552
-24.930750 85.379053 45.704213
-15.045987 94.618018 28.653953
7
78.556497 -24.774432 -56.701890
72.985668 -36.761267 -57.634205
74.431049 -43.828543 -50.389262
77.154146 -45.517195 -44.445728
87.623196 -31.454593 -36.507316
91.269392 -13.313169 -38.634927
91.131729 -13.123520 -39.022828
6
4.195708 -62.417718 78.015541
3.769513 -63.520845 77.142032
1.679787 -65.678487 75.389089
-16.747628 -71.002548 68.397040
-25.461145 -60.312061 75.592231
-20.997302 -53.591025 81.774784
5
61.930320 77.982034 9.134435
69.186043 71.994141 5.489548
75.684226 64.596157 9.961650
72.780262 63.489854 25.924350
62.661858 74.587134 22.588734
6
74.357250 60.271350 -28.954514
79.383804 47.143982 -38.414277
87.492786 35.636577 -32.787907
88.883934 35.927219 -28.440837
88.447207 39.524762 -24.796871
81.275365 53.699275 -22.598739
5
-43.474335 69.407011 -57.381608
-44.405126 62.028510 -64.657937
-35.003832 57.573259 -73.892162
-27.541550 65.322485 -70.529681
-28.768227 69.352289 -66.050353
6
-5.746282 2.834847 -99.794508
-3.938768 6.323200 -99.722130
-9.885085 19.465069 -97.587889
-28.972955 11.470909 -95.020977
-28.057653 3.542628 -95.917766
-15.744462 -2.071496 -98.731053
6
-48.299055 73.102503 48.199849
-38.569858 82.600194 41.104427
-37.020762 83.160585 41.397830
-33.045737 83.371957 44.239078
-35.096689 72.192856 59.635676
-45.981209 67.438596 57.773387
6
82.429874 25.954536 50.315782
76.826793 21.338009 60.351746
72.973617 22.210525 64.664857
70.062854 35.074576 62.136709
74.994160 40.396990 52.382813
79.861575 36.305416 48.000475
7
-10.737450 99.411439 1.439767
-17.942810 98.050031 -8.015420
-18.431712 97.597212 -11.621368
-18.131526 97.555003 -12.420511
-2.069928 98.489579 -17.190643
8.874667 99.094745 -10.073319
-0.752458 99.964889 2.540643
7
9.200205 69.622862 -71.189980
5.645733 69.530170 -71.649711
1.817968 67.051558 -74.167267
0.871125 65.051268 -75.944543
4.570894 52.678160 -84.877078
18.843456 54.804016 -81.495055
18.753219 65.283337 -73.392116
5
-19.950805 -21.234768 95.661121
-14.809200 -27.830878 94.900631
-29.290891 -36.413055 88.408898
-36.546204 -24.352074 89.840700
-32.652102 -20.769929 92.208732
6
23.157465 -93.416209 -27.150390
35.791424 -86.077494 -36.188935
36.581910 -84.441726 -39.132580
34.165517 -83.979800 -42.191356
5.905216 -91.345001 -40.264366
11.180408 -93.157812 -34.592204
8
-26.891043 -23.489906 -93.408223
-33.728293 -13.842280 -93.117096
-48.013467 -15.056689 -86.417609
-55.935246 -22.295082 -79.838447
-55.379857 -23.204098 -79.966501
-54.706254 -23.842120 -80.242003
-37.450756 -29.875397 -87.777569
-27.581983 -26.070884 -92.517799
8
-2.069928 98.489579 -17.190643
-1.293845 95.101737 -30.886656
1.939018 94.462030 -32.759197
15.655463 94.623498 -28.307244
23.977296 95.486655 -17.532483
24.135304 95.528926 -17.079559
17.562987 97.860503 -10.717432
8.874667 99.094745 -10.073319
7
68.105877 -64.912604 33.881313
83.639655 -50.564512 21.157464
84.424122 -51.074400 16.247255
81.182064 -57.219605 11.635692
70.610087 -70.059306 10.291218
67.885234 -72.514919 11.540426
62.812334 -75.657590 18.180752
6
90.288218 33.949716 26.371472
93.719426 29.085574 19.253535
95.328374 23.300316 19.224889
95.234394 18.583137 24.188371
89.148055 14.819092 42.813768
86.177561 22.221593 45.602947
5
70.062854 35.074576 62.136709
65.318916 40.133898 64.208328
65.735301 47.738148 58.308999
69.478530 48.029062 53.534503
74.994160 40.396990 52.382813
7
-55.019682 71.450007 43.217254
-48.299055 73.102503 48.199849
-45.981209 67.438596 57.773387
-47.813467 64.357597 59.765977
-54.994481 55.950131 62.009596
-71.637586 53.349876 44.964953
-63.830200 64.589322 41.879888
7
-36.238186 -44.527540 81.878520
-29.625128 -43.292192 85.135997
-22.651031 -47.615940 84.968541
-20.997302 -53.591025 81.774784
-25.461145 -60.312061 75.592231
-29.208819 -60.002072 74.475474
-37.361460 -50.734668 77.653814
6
36.581910 -84.441726 -39.132580
35.791424 -86.077494 -36.188935
39.922039 -88.891269 -22.462704
52.068732 -83.957310 -15.492491
51.636939 -79.803177 -31.065727
46.114025 -80.178352 -38.012216
7
-98.584222 -12.572420 11.094388
-97.508949 -14.235020 17.010851
-91.186444 -31.277808 26.584416
-91.376411 -33.035191 23.643765
-92.115146 -34.415040 18.177044
-98.162656 -18.688632 3.850705
-98.223661 -18.322110 4.051258
6
72.780262 63.489854 25.924350
75.684226 64.596157 9.961650
85.553825 51.672238 3.243879
84.287979 52.233250 12.931520
75.394331 60.618937 25.318754
72.809358 63.435317 25.976106
6
9.288678 -8.626129 -99.193298
1.015111 -7.276218 -99.729766
-3.902971 -17.301235 -98.414603
-1.423096 -26.728559 -96.351227
0.632861 -28.960182 -95.712629
12.612199 -18.956830 -97.373359
6
20.576929 45.478670 86.650335
23.733274 48.306394 84.280627
38.565468 48.384192 78.560006
40.753360 39.010158 82.567374
33.749774 32.295145 88.419321
28.003747 34.210202 89.696445
6
76.826793 21.338009 60.351746
82.029953 3.010675 57.114120
71.794016 -0.182896 69.610243
70.383190 3.924389 70.928173
70.961199 21.094178 67.227553
72.973617 22.210525 64.664857
5
27.803007 -15.357374 -94.821642
21.119883 -19.327599 -95.814375
21.209529 -32.025855 -92.328221
26.662336 -35.469099 -89.616197
36.231228 -31.685386 -87.654632
6
-71.637586 53.349876 44.964953
-74.859812 50.532477 42.924089
-80.295528 53.581941 26.107541
-61.702058 77.433115 14.034557
-58.611225 78.978313 18.087296
-63.830200 64.589322 41.879888
5
28.250085 -8.793627 95.522797
13.343356 -0.174290 99.105623
22.695791 14.897031 96.244374
36.040800 12.803334 92.396620
33.886983 -7.595214 93.776250
6
58.297310 53.112053 61.486043
65.735301 47.738148 58.308999
65.318916 40.133898 64.208328
57.211470 38.384412 72.480926
54.931950 43.562040 71.307991
54.434413 52.121868 65.728271
6
-60.145608 19.833810 -77.389443
-63.819895 19.708366 -74.421780
-69.464363 8.768470 -71.398993
-61.565717 0.132562 -78.801300
-52.334760 7.724487 -84.861093
-52.155090 8.354468 -84.912010
5
14.354367 -89.390397 42.465387
33.806593 -84.769496 40.880885
34.683306 -84.986434 39.678387
26.618715 -93.477528 23.524364
9.804722 -92.543460 36.600210
6
13.258080 11.233472 -98.478589
12.135077 24.484817 -96.193730
-9.495665 21.122988 -97.281302
-9.885085 19.465069 -97.587889
-3.938768 6.323200 -99.722130
12.874798 10.471068 -98.613368
6
72.149955 68.602340 -9.386318
60.893139 78.360121 -12.317344
58.474006 78.490753 -20.493715
69.241097 64.931286 -31.457886
70.652651 63.547432 -31.143647
72.083752 62.602752 -29.746060
7
56.166881 76.986357 30.304824
63.930507 64.186995 42.342884
62.909497 62.587798 46.099488
57.618430 64.182759 50.603260
51.520141 68.277562 51.805883
47.519195 75.572269 45.063936
53.718974 78.298782 31.361959
6
65.924745 -35.898576 -66.069813
72.985668 -36.761267 -57.634205
78.556497 -24.774432 -56.701890
73.670741 -17.699222 -65.263768
67.581229 -20.819347 -70.705956
65.157823 -35.110748 -67.243538
6
36.388405 -58.828648 -72.215470
34.704456 -58.938620 -72.950941
29.471963 -62.544026 -72.247133
22.564571 -75.654198 -61.378192
26.771852 -76.054979 -59.151570
40.382664 -66.876545 -62.424099
9
-63.310786 -74.024974 22.628469
-63.358735 -74.553088 20.676263
-74.417084 -65.115392 14.902462
-77.639852 -60.981201 15.916860
-77.946041 -60.515096 16.196845
-79.288189 -55.078247 26.072396
-78.716825 -54.157709 29.506000
-69.386288 -59.621948 40.382749
-66.809169 -63.504882 38.777118
5
-63.258396 33.800424 -69.684336
-66.492419 27.645521 -69.386478
-63.819895 19.708366 -74.421780
-60.145608 19.833810 -77.389443
-54.463670 27.432809 -79.253704
6
70.532187 45.626956 -54.253032
79.383804 47.143982 -38.414277
74.357250 60.271350 -28.954514
72.083752 62.602752 -29.746060
70.652651 63.547432 -31.143647
67.104073 46.473400 -57.769079
5
-43.553883 48.098346 76.089476
-31.659658 60.011064 73.459773
-25.517627 62.700700 73.603484
-19.632409 55.638268 80.740025
-32.655524 39.483281 85.875999
6
-52.003114 -48.001766 70.650595
-43.378804 -54.798610 71.521967
-40.259275 -64.514152 64.939318
-40.358599 -64.788775 64.603391
-48.932300 -62.713462 60.602407
-57.031256 -52.748539 62.968464
5
-5.746282 2.834847 -99.794508
-15.744462 -2.071496 -98.731053
-15.493195 -9.864075 -98.298835
-3.902971 -17.301235 -98.414603
1.015111 -7.276218 -99.729766
6
12.135077 24.484817 -96.193730
12.917460 26.727079 -95.492421
11.929228 33.135549 -93.593423
-6.520939 35.680973 -93.189836
-12.189487 31.038734 -94.276261
-9.495665 21.122988 -97.281302
6
-55.799532 -31.486587 76.778949
-56.760546 -32.949012 75.449341
-62.228629 -30.700706 72.007391
-73.645512 -15.496452 65.849818
-65.767114 -7.739463 74.931885
-59.032175 -10.771094 79.994911
7
-43.655541 -88.691516 -15.099956
-43.530168 -89.047828 -13.251746
-42.225536 -90.025751 -10.600395
-25.129182 -96.319273 -9.545779
-20.920596 -94.279753 -25.954901
-30.913081 -90.792015 -28.305323
-39.567594 -89.051909 -22.453573
7
33.886983 -7.595214 93.776250
41.317638 -12.744279 90.168931
38.794824 -28.000155 87.812032
31.987362 -29.719242 89.964300
21.669555 -25.512391 94.231355
20.972377 -20.876930 95.521271
28.250085 -8.793627 95.522797
6
32.215501 -46.562729 82.426172
42.976418 -33.440939 83.873304
47.116928 -34.509666 81.173136
43.582789 -47.932880 76.177290
40.698863 -49.801266 76.573079
32.753365 -48.532671 81.066620
7
99.315515 10.245291 5.609147
95.328374 23.300316 19.224889
93.719426 29.085574 19.253535
91.204911 40.982576 1.446591
91.941473 39.310899 -1.191112
96.390000 25.747442 -6.785072
99.319223 11.184724 3.254826
8
84.590267 43.292185 31.149212
84.450813 43.940832 30.614758
84.287979 52.233250 12.931520
85.553825 51.672238 3.243879
85.784273 51.323260 2.642239
91.204911 40.982576 1.446591
93.719426 29.085574 19.253535
90.288218 33.949716 26.371472
5
-33.249312 17.550982 -92.663079
-33.365860 29.582144 -89.507632
-35.010340 29.786162 -88.809125
-48.966793 26.212771 -83.157343
-51.778960 8.837728 -85.093089
6
64.159339 -0.511182 -76.702790
60.903340 -15.050192 -77.873454
67.581229 -20.819347 -70.705956
73.670741 -17.699222 -65.263768
76.724599 -4.588099 -63.970972
68.211482 0.975227 -73.118005
7
-9.885085 19.465069 -97.587889
-9.495665 21.122988 -97.281302
-12.189487 31.038734 -94.276261
-27.961080 35.147991 -89.346498
-33.365860 29.582144 -89.507632
-33.249312 17.550982 -92.663079
-28.972955 11.470909 -95.020977
7
5.930044 -60.487494 79.410942
16.895659 -60.772839 77.596383
27.953046 -65.277940 70.408932
31.088367 -72.852662 61.040995
17.725736 -74.145376 64.716780
3.769513 -63.520845 77.142032
4.195708 -62.417718 78.015541
5
-5.200733 -93.602798 34.806157
3.022727 -84.454772 53.462647
14.818526 -84.749767 50.969483
14.354367 -89.390397 42.465387
9.804722 -92.543460 36.600210
6
97.805177 5.310000 -20.148233
97.158650 -4.882947 -23.159307
99.505674 -9.161624 -3.832169
99.448788 8.562773 6.051238
99.315515 10.245291 5.609147
99.319223 11.184724 3.254826
6
37.270357 -4.788427 -92.671417
32.548627 12.660002 -93.703315
13.258080 11.233472 -98.478589
12.874798 10.471068 -98.613368
16.243689 0.427494 -98.670967
31.369913 -8.159284 -94.601029
6
49.691701 -75.961805 41.958779
48.433219 -72.153133 49.478771
55.763301 -59.952448 57.412178
63.272309 -55.227098 54.282434
67.068198 -58.093784 46.119075
67.153416 -64.612822 36.271228
6
-48.851005 72.871329 -47.993215
-62.979345 70.595916 -32.400906
-66.413068 68.006185 -31.055807
-67.738797 63.530705 -37.085104
-58.731502 61.779321 -52.286959
-46.261405 70.554860 -53.683276
7
46.555374 -33.874817 -81.762424
46.939934 -35.273284 -80.947131
48.534274 -36.911087 -79.259043
65.157823 -35.110748 -67.243538
67.581229 -20.819347 -70.705956
60.903340 -15.050192 -77.873454
50.960863 -21.385765 -83.340504
4
-52.249455 28.113364 -80.496169
-48.966793 26.212771 -83.157343
-35.010340 29.786162 -88.809125
-49.657956 42.859508 -75.479467
4
28.341646 95.451347 9.262373
21.055254 95.988992 18.514580
9.826052 97.753176 18.648465
18.518601 98.149502 -4.872033
6
-19.070761 91.268571 -36.143521
-19.165295 90.555526 -37.846904
-1.193552 88.049812 -47.389936
4.454905 90.108412 -43.134997
1.939018 94.462030 -32.759197
-1.293845 95.101737 -30.886656
5
9.200205 69.622862 -71.189980
14.371029 77.247607 -61.856938
11.339457 81.577914 -56.713849
-2.951163 81.045940 -58.505096
5.645733 69.530170 -71.649711
5
-63.830200 64.589322 41.879888
-58.611225 78.978313 18.087296
-53.217227 81.740276 22.055701
-52.210534 81.579992 24.874989
-55.019682 71.450007 43.217254
5
-68.134388 -49.907250 53.544109
-54.856354 -67.041421 49.962270
-54.434070 -69.136047 47.509357
-66.809169 -63.504882 38.777118
-69.386288 -59.621948 40.382749
4
30.616116 -52.828808 79.194510
34.790365 -59.142952 72.744358
27.953046 -65.277940 70.408932
16.895659 -60.772839 77.596383
6
-96.887835 24.752870 -0.207260
-95.896471 28.001675 -4.446691
-93.539127 34.980363 -5.177440
-89.702839 43.997457 4.198149
-88.842205 44.545416 11.080097
-97.125491 22.663842 7.279373
5
89.705380 9.442270 -43.171616
80.871913 23.451985 -53.941988
76.110005 23.260467 -60.549301
83.209429 -1.558811 -55.441511
89.068315 -5.661330 -45.108586
6
2.339533 -78.969986 61.304713
0.627649 -81.179126 58.391399
-24.008202 -80.211734 54.678003
-24.543988 -79.716651 55.162018
-16.747628 -71.002548 68.397040
1.679787 -65.678487 75.389089
7
-3.483438 -99.098372 12.937475
-19.405063 -98.068180 -2.464855
-32.772098 -93.638860 12.559992
-32.405251 -92.712073 18.824748
-23.750465 -93.058518 27.857274
-14.568496 -93.556251 32.171211
-11.694934 -94.289562 31.188252
5
97.158650 -4.882947 -23.159307
94.910682 -10.908484 -29.546023
95.419076 -26.479296 -13.930067
97.988671 -19.515644 4.166537
99.505674 -9.161624 -3.832169
7
-29.713182 -62.743501 -71.974856
-33.666041 -69.822914 -63.177198
-31.480948 -74.908515 -58.289488
-31.060042 -75.219650 -58.114353
-17.500412 -80.283167 -56.994287
-7.733554 -71.117535 -69.874805
-13.189974 -64.083805 -75.625991
5
-13.189974 -64.083805 -75.625991
-8.179868 -54.025855 -83.751399
-19.868754 -48.089170 -85.397098
-30.502102 -59.061153 -74.708781
-29.713182 -62.743501 -71.974856
6
-52.246141 -44.078502 72.989222
-37.216227 -43.983030 81.733992
-36.238186 -44.527540 81.878520
-37.361460 -50.734668 77.653814
-43.378804 -54.798610 71.521967
-52.003114 -48.001766 70.650595
6
-53.853034 -81.910677 19.760862
-32.405251 -92.712073 18.824748
-32.772098 -93.638860 12.559992
-43.688651 -89.862907 -3.994956
-56.239499 -81.931003 11.154802
-57.201896 -80.116983 17.584428
6
-77.054766 62.292060 -13.500454
-83.352197 54.255160 -10.430189
-90.374480 40.291307 -14.459042
-89.989229 37.144384 -22.852427
-86.817840 40.855799 -28.168533
-83.152108 48.038939 -27.892423
5
-33.846925 -7.009809 93.836284
-23.260765 -5.206996 97.117578
-18.697575 -14.376727 97.178755
-19.950805 -21.234768 95.661121
-32.652102 -20.769929 92.208732
6
62.573588 -65.515731 -42.334798
59.904797 -72.647765 -33.670724
65.306504 -71.792741 -24.101097
75.076768 -56.826862 -33.677689
74.489273 -56.368114 -35.692911
63.492721 -64.661016 -42.280342
6
79.861575 36.305416 48.000475
74.994160 40.396990 52.382813
69.478530 48.029062 53.534503
69.504502 53.824950 47.665490
75.869956 51.281402 40.174216
81.975007 43.907949 36.772139
7
24.135304 95.528926 -17.079559
23.977296 95.486655 -17.532483
28.938714 86.659619 -40.652937
45.903269 83.233613 -31.065344
46.374458 84.409888 -26.914319
41.979285 88.152366 -21.607870
31.800906 93.454961 -15.964732
6
5.645733 69.530170 -71.649711
-2.951163 81.045940 -58.505096
-3.356278 81.147694 -58.341984
-5.111171 80.875441 -58.592141
-10.255277 71.150379 -69.515846
1.817968 67.051558 -74.167267
7
3.298219 -99.534970 9.050495
-3.483438 -99.098372 12.937475
-11.694934 -94.289562 31.188252
-5.200733 -93.602798 34.806157
9.804722 -92.543460 36.600210
26.618715 -93.477528 23.524364
26.999424 -94.060925 20.580902
7
31.088367 -72.852662 61.040995
27.953046 -65.277940 70.408932
34.790365 -59.142952 72.744358
41.101401 -58.257608 70.119369
45.600381 -60.365649 65.395670
34.369367 -72.378415 59.834034
32.206039 -73.303921 59.910819
6
-15.880323 5.668697 98.568155
-8.885185 -0.065407 99.604464
-7.830824 -10.049429 99.185116
-18.697575 -14.376727 97.178755
-23.260765 -5.206996 97.117578
-18.381519 4.123657 98.209547
6
-95.153652 0.772261 30.743878
-94.445430 -8.500039 31.746026
-97.508949 -14.235020 17.010851
-98.584222 -12.572420 11.094388
-98.902326 6.670252 13.184754
-98.050349 10.270017 16.752785
6
43.582789 -47.932880 76.177290
50.289530 -49.083637 71.146045
46.729305 -59.909730 65.016893
45.600381 -60.365649 65.395670
41.101401 -58.257608 70.119369
40.698863 -49.801266 76.573079
5
31.800906 93.454961 -15.964732
41.979285 88.152366 -21.607870
55.667970 83.070824 0.561425
55.386814 83.226271 2.385071
38.771616 92.142340 -2.559498
5
10.440853 45.891408 88.232462
20.576929 45.478670 86.650335
28.003747 34.210202 89.696445
16.307053 23.707541 95.770729
10.601219 25.485645 96.115015
7
-62.461905 -13.217319 -76.966310
-60.794113 -19.412146 -76.988599
-55.935246 -22.295082 -79.838447
-48.013467 -15.056689 -86.417609
-45.742649 -0.351064 -88.924051
-52.334760 7.724487 -84.861093
-61.565717 0.132562 -78.801300
6
-62.461905 -13.217319 -76.966310
-61.565717 0.132562 -78.801300
-69.464363 8.768470 -71.398993
-74.791590 9.041135 -65.760748
-78.267121 2.547728 -62.191372
-77.267922 -3.357791 -63.390800
6
59.164124 -28.874768 75.271869
46.895316 -11.009722 87.633415
53.504544 -4.562095 84.359061
54.154397 -4.340881 83.955095
68.590688 -12.953488 71.606736
69.332755 -17.985125 69.781834
7
-18.146781 23.340979 95.529540
-29.971030 26.569378 91.628628
-32.396233 33.447076 88.497329
-31.979698 36.717278 87.344951
-7.960802 43.469525 89.705218
-7.181743 42.957403 90.017132
-7.573611 37.907547 92.226126
6
-13.125797 16.445892 97.761169
-15.880323 5.668697 98.568155
-18.381519 4.123657 98.209547
-40.634994 10.531962 90.762740
-29.971030 26.569378 91.628628
-18.146781 23.340979 95.529540
