400
7
-75.173186 36.534822 -54.901720
-78.218904 38.238848 -49.189365
-90.713959 19.170342 -37.462990
-89.899890 3.707977 -43.637836
-82.605829 0.873624 -56.351697
-75.938351 16.733839 -62.875635
-74.224756 30.678388 -59.577866
4
-87.530159 -46.396328 -13.632760
-80.318177 -57.087234 -17.030506
-79.264218 -51.325886 -32.906491
-88.530525 -43.338823 -16.855046
7
68.629899 48.804393 -53.926507
80.676694 41.021881 -42.526183
81.704683 41.128304 -40.408011
82.437455 47.313400 -31.072628
81.977052 48.652088 -30.211544
75.239651 57.342461 -32.416617
62.966658 61.331207 -47.683152
6
9.720821 -37.658308 92.126855
9.817321 -41.541976 90.431656
3.893532 -51.148315 85.841076
-10.031723 -42.765839 89.835670
-2.237293 -27.992549 95.976100
3.022523 -25.547431 96.634327
5
-94.640758 31.982257 -4.501348
-98.295166 17.195346 -6.510027
-94.039751 24.744145 -23.329219
-91.500630 33.236280 -22.868853
-93.064649 36.055705 -6.241578
5
-51.092101 48.190122 -71.185036
-35.237143 46.591336 -81.163977
-33.545417 54.005567 -77.188754
-39.713883 58.982194 -70.312931
-55.045460 53.449686 -64.133676
4
-42.230066 25.621085 86.949304
-32.922973 29.319520 89.757694
-25.730600 21.243145 94.269110
-31.144412 12.245960 94.234081
6
39.211070 -89.249972 -22.292028
33.433250 -91.475258 -22.682483
27.676488 -95.650625 -9.217913
47.281717 -87.868840 -6.595921
49.104435 -86.707474 -8.400500
48.458761 -86.278509 -14.414135
7
48.450577 7.274538 87.175815
33.666529 1.102257 94.155987
25.406827 4.844475 96.597227
25.307756 9.315215 96.295090
30.390171 15.948865 93.925881
39.690239 17.572284 90.088289
48.376977 7.896077 87.162607
5
6.967549 -94.548836 -31.811490
19.961098 -87.235241 -44.626978
12.234303 -86.610001 -48.466788
4.461851 -89.130550 -45.120249
5.423419 -94.571638 -32.043591
5
14.020499 -70.396729 -69.625614
4.281587 -61.864812 -78.450067
-6.537479 -67.111180 -73.846807
8.586894 -77.741329 -62.310119
8.847343 -77.708560 -62.314558
7
-67.905615 -35.423019 -64.296479
-60.394211 -57.787912 -54.891680
-56.593567 -60.387862 -56.129086
-51.310526 -58.495112 -62.813628
-50.084896 -57.150855 -65.002177
-48.817797 -45.599025 -74.414727
-66.349899 -35.133260 -66.055620
7
9.004693 28.903978 95.307269
3.336598 30.967609 95.025651
0.452202 34.084460 94.010878
4.298317 50.709420 86.081817
14.004974 56.776867 81.118729
24.212348 44.190861 86.376675
17.820065 34.556499 92.131936
5
-16.576094 92.538434 34.086234
-3.025603 90.691750 42.022045
-2.959251 85.347302 52.029616
-20.001810 88.678385 41.666194
-20.065238 90.293933 38.005156
6
-34.938132 22.525786 -90.950073
-7.966854 28.618956 -95.485520
-7.935609 28.681670 -95.469304
-10.951331 37.832250 -91.917296
-16.563830 42.450858 -89.014404
-34.988688 22.694069 -90.888783
5
74.706621 -25.025157 -61.584595
74.420050 -22.608993 -62.852921
56.731022 -23.287057 -78.989266
56.312787 -31.100624 -76.561225
62.095653 -36.769310 -69.225340
4
74.443024 1.536158 -66.752351
81.413903 14.473613 -56.234251
67.697742 24.981980 -69.230892
64.619081 18.515453 -74.037506
7
49.251005 11.101269 -86.319756
49.423173 25.816329 -83.011247
49.360108 25.943601 -83.009092
32.747536 25.165121 -91.073133
26.788736 17.797914 -94.686841
35.819157 4.769012 -93.242933
42.823081 4.904396 -90.233755
5
54.780671 -79.502269 -26.047405
48.458761 -86.278509 -14.414135
49.104435 -86.707474 -8.400500
58.636284 -80.895952 -4.198956
64.263566 -75.366799 -13.785488
6
91.885118 -35.548621 17.129524
90.395192 -35.751864 23.463022
96.152541 -15.657797 22.572601
98.156053 -12.226033 14.693991
98.430640 -12.720464 12.231061
98.487407 -14.461775 9.543985
5
90.803742 24.062593 -34.288073
89.068334 31.394091 -32.882259
81.704683 41.128304 -40.408011
80.676694 41.021881 -42.526183
83.596284 21.859888 -50.336931
7
-81.919420 56.706293 -8.579329
-85.139113 50.490894 -14.212706
-84.792276 50.366790 -16.536514
-81.831409 53.247541 -21.640699
-75.442402 60.950638 -24.361112
-73.724003 63.968775 -21.743209
-73.476023 66.683444 -12.433516
7
-52.022703 61.096577 59.672830
-55.801908 61.842121 55.332623
-56.232129 62.909478 53.668848
-55.186594 68.069656 48.176361
-49.538335 72.902598 47.235206
-34.255104 76.066202 55.140917
-50.457994 61.918812 60.166865
8
33.444009 -54.994576 76.531659
36.768795 -60.416846 70.695547
29.905812 -71.580288 63.102336
20.520716 -74.366286 63.628262
15.828568 -74.218815 65.123144
7.438532 -65.902771 74.843123
7.439414 -61.877348 78.203893
28.499952 -52.195438 80.395205
5
-81.211482 -18.452914 55.355082
-74.088163 -7.158875 66.780945
-71.273747 -15.835161 68.332281
-72.463121 -31.601877 61.240653
-73.892500 -31.639647 59.488077
7
-23.306707 91.899000 -31.802062
-41.231110 89.590807 -16.537319
-45.511473 87.097112 -18.514826
-44.061559 85.259872 -28.095076
-24.140737 86.625787 -43.740117
-23.163008 86.844561 -43.834886
-21.071305 88.564703 -41.379867
8
-20.395071 74.595113 -63.400395
-16.832076 80.081862 -57.476748
-23.163008 86.844561 -43.834886
-24.140737 86.625787 -43.740117
-45.381179 73.104245 -50.954078
-45.569313 71.100970 -53.554550
-33.325623 69.841674 -63.336747
-28.622232 70.438815 -64.954916
6
-20.334976 -63.604070 -74.437967
-3.809673 -52.588747 -84.970054
-9.081147 -41.718935 -90.427115
-9.536843 -41.786029 -90.349191
-24.904785 -56.948708 -78.336431
-24.560938 -58.575652 -77.237642
7
32.980291 -2.722400 -94.365719
32.172968 -20.544787 -92.427333
34.019868 -24.935989 -90.668876
53.135955 -18.690063 -82.627186
55.558955 -10.537810 -82.475191
42.823081 4.904396 -90.233755
35.819157 4.769012 -93.242933
6
-92.430943 -19.718806 32.675517
-94.316412 -11.389059 31.220245
-87.785265 1.546955 47.868091
-87.494386 0.968102 48.412758
-84.258703 -17.774133 50.838481
-88.321715 -25.648143 39.261271
6
-54.356947 -2.858336 83.887736
-39.379846 -13.572818 90.912080
-42.538338 -27.565401 86.201151
-48.018619 -29.141254 82.734512
-57.350212 -25.239815 77.935261
-63.071170 -2.655587 77.556273
7
51.254638 -67.881486 52.583895
54.172473 -55.951867 62.727441
59.767109 -46.912759 65.016043
63.186218 -48.262919 60.648103
68.926636 -55.205534 46.919802
67.302878 -59.289636 44.216079
55.379764 -71.225516 43.127806
6
67.001371 -46.243613 -58.071891
61.492431 -40.196639 -67.844758
53.632593 -45.531211 -71.066545
49.638590 -53.505422 -68.360662
49.385398 -54.708668 -67.587308
50.719025 -55.035497 -66.322504
6
-2.852298 -95.779637 -28.602892
-12.859480 -91.398475 -38.483147
-20.885048 -90.260230 -37.641809
-22.643529 -90.342498 -36.407466
-20.630184 -96.916242 -13.477300
-3.586004 -96.305013 -26.692414
6
71.500065 -67.748721 17.258374
55.328831 -72.002290 41.885447
55.379764 -71.225516 43.127806
67.302878 -59.289636 44.216079
74.983779 -59.838660 28.227073
74.635194 -62.420263 23.093258
8
-42.538338 -27.565401 86.201151
-27.476943 -41.578683 86.696198
-27.316455 -41.852427 86.615158
-28.020631 -54.773110 78.833689
-44.591047 -55.342760 70.347831
-54.405352 -50.319476 67.141701
-54.757770 -49.632740 67.365998
-48.018619 -29.141254 82.734512
5
-33.867478 55.522753 75.961950
-22.803935 54.866490 80.434127
-24.960528 38.157636 88.999814
-25.908544 37.804369 88.879565
-42.612330 47.042424 77.273538
6
-34.328096 63.585033 69.126879
-26.540879 73.240209 62.701303
-6.089687 69.990138 71.163869
-13.679265 58.412013 80.005715
-22.803935 54.866490 80.434127
-33.867478 55.522753 75.961950
6
-78.139995 -33.479112 -52.662038
-71.316051 -54.389287 -44.224725
-60.394211 -57.787912 -54.891680
-67.905615 -35.423019 -64.296479
-71.475380 -32.233684 -62.066574
-75.245057 -30.897839 -58.167903
7
-74.224756 30.678388 -59.577866
-56.984878 29.667798 -76.632535
-53.378484 35.399263 -76.796026
-51.092101 48.190122 -71.185036
-55.045460 53.449686 -64.133676
-56.084758 53.931966 -62.815945
-75.173186 36.534822 -54.901720
5
-36.121163 24.283528 -90.030950
-38.095415 37.590629 -84.472978
-53.378484 35.399263 -76.796026
-56.984878 29.667798 -76.632535
-55.695149 26.687451 -78.650050
6
39.046952 -27.209091 87.948854
27.506025 -25.195152 92.782665
25.550848 -15.946438 95.356517
36.890308 -11.832723 92.190519
40.046811 -14.527289 90.472155
40.789561 -23.446401 88.241022
7
9.867525 -87.056847 48.205160
27.937132 -88.934847 36.195438
26.776221 -90.592135 32.803948
19.201753 -93.490417 29.846851
1.791206 -93.302634 35.936195
-1.996092 -91.615841 40.031903
0.314538 -89.480751 44.644107
6
-51.310526 -58.495112 -62.813628
-56.593567 -60.387862 -56.129086
-53.977863 -66.045467 -52.195657
-49.358292 -71.362471 -49.710730
-43.427405 -74.436537 -50.727335
-24.631320 -73.305137 -63.400749
8
27.394298 -77.803738 -56.534332
34.941096 -68.700211 -63.713427
34.666158 -66.475355 -66.176163
22.909161 -66.193507 -71.369391
14.020499 -70.396729 -69.625614
8.847343 -77.708560 -62.314558
9.488982 -78.035090 -61.810064
24.777667 -79.097830 -55.942832
5
14.469613 -95.021325 -27.596705
25.301147 -89.952367 -35.614935
20.746392 -87.062348 -44.606444
19.961098 -87.235241 -44.626978
6.967549 -94.548836 -31.811490
5
3.973442 99.345368 -10.710260
-1.778312 95.682374 -29.012425
11.562501 94.706048 -29.951179
17.171398 96.276121 -20.881848
16.627404 97.975995 -11.146026
7
81.413903 14.473613 -56.234251
82.046852 14.792148 -55.222337
82.387833 18.172644 -53.684262
66.975663 44.570481 -59.394721
65.938543 43.616816 -61.234647
66.013854 30.577684 -68.608865
67.697742 24.981980 -69.230892
6
-92.975405 -1.349892 -36.793367
-97.748300 0.585950 -21.093282
-94.462756 -26.565497 -19.262974
-94.331504 -26.789205 -19.593517
-93.301076 -26.792762 -24.022014
-92.192924 -13.096609 -36.454678
7
52.076915 -73.872333 -42.788705
34.941096 -68.700211 -63.713427
27.394298 -77.803738 -56.534332
39.580018 -81.508510 -42.305850
41.373716 -81.273219 -41.022915
45.497586 -79.413289 -40.292669
51.452460 -75.271122 -41.071920
7
-57.350212 -25.239815 77.935261
-58.805554 -25.351679 76.806244
-71.273747 -15.835161 68.332281
-74.088163 -7.158875 66.780945
-73.899856 -5.160408 67.172773
-69.391075 1.843014 71.982512
-63.071170 -2.655587 77.556273
7
-18.954645 -66.459333 -72.276404
-20.334976 -63.604070 -74.437967
-24.560938 -58.575652 -77.237642
-50.084896 -57.150855 -65.002177
-51.310526 -58.495112 -62.813628
-24.631320 -73.305137 -63.400749
-21.571721 -73.560408 -64.214696
7
43.465989 38.033143 81.634477
42.603309 38.896482 81.682445
43.799170 53.885007 71.958591
51.255547 55.670534 65.373240
51.670288 55.444043 65.239095
55.934593 47.123313 68.196149
50.684132 39.731108 76.502012
8
67.000962 30.812470 67.538602
67.973023 32.286709 65.857699
79.187812 28.540121 53.988442
80.712154 26.629905 52.691521
79.456387 10.081256 59.875294
76.532830 8.830161 63.755424
73.343684 11.866686 66.931949
66.648356 27.945404 69.116214
6
-76.693345 59.202954 24.761685
-80.597421 55.631024 20.229801
-81.732531 56.959310 8.685060
-79.026124 60.953869 6.284712
-73.306443 67.646506 7.079242
-70.145215 67.381286 23.225224
5
-76.220950 -35.372262 54.214111
-70.377783 -47.271512 53.031801
-70.358401 -49.046338 51.421320
-78.343156 -46.688884 41.018264
-80.421101 -35.721461 47.501828
4
-28.416435 -95.788087 4.141090
-22.199691 -96.818870 -11.544700
-48.080259 -86.896782 -11.714859
-49.149635 -86.677012 -8.450382
6
-31.750157 93.052941 18.250418
-31.738877 93.076926 18.147440
-23.268285 97.116197 5.199147
-12.461420 99.173917 3.040910
-11.855839 99.153651 5.290808
-19.529082 95.203023 23.558425
6
-54.356947 -2.858336 83.887736
-63.071170 -2.655587 77.556273
-69.391075 1.843014 71.982512
-69.386346 5.867340 71.771229
-50.291057 22.216506 83.529854
-48.680563 14.951235 86.061974
4
19.201753 -93.490417 29.846851
14.578242 -96.085347 23.560157
1.989607 -97.766209 20.923904
1.791206 -93.302634 35.936195
8
3.828353 57.035117 -82.050833
-5.032408 61.594095 -78.618333
-11.163419 57.880322 -80.778997
-18.072872 45.883771 -86.994545
-16.563830 42.450858 -89.014404
-10.951331 37.832250 -91.917296
6.546635 47.743043 -87.622733
8.438188 51.376228 -85.377281
7
85.486186 -46.097498 23.814546
87.471436 -48.178948 5.247562
76.324296 -63.986966 8.959357
73.469104 -66.922818 11.118778
71.313332 -68.648578 14.204975
71.500065 -67.748721 17.258374
74.635194 -62.420263 23.093258
6
-77.699166 -62.772795 -4.734523
-73.661694 -67.560972 -3.077326
-67.270545 -72.839530 -13.002948
-67.176118 -72.737704 -14.021254
-73.181274 -64.610072 -21.680402
-78.686531 -59.876216 -14.942178
5
52.432003 -37.516793 -76.441974
53.632593 -45.531211 -71.066545
61.492431 -40.196639 -67.844758
62.095653 -36.769310 -69.225340
56.312787 -31.100624 -76.561225
6
91.511278 -16.178061 36.931781
87.860666 -25.267004 40.522609
79.989935 -24.509795 54.780290
77.763008 -15.592645 60.907996
89.249357 0.060127 45.105972
89.599522 0.059478 44.406330
7
-4.268491 99.830918 -3.945611
-9.194493 99.533706 -2.915950
-17.914442 97.122610 -15.693036
-17.843916 97.101654 -15.901681
-3.316786 95.396977 -29.806305
-1.778312 95.682374 -29.012425
3.973442 99.345368 -10.710260
6
-6.537479 -67.111180 -73.846807
4.281587 -61.864812 -78.450067
6.111925 -56.711098 -82.137054
-3.809673 -52.588747 -84.970054
-20.334976 -63.604070 -74.437967
-18.954645 -66.459333 -72.276404
5
33.292934 89.534271 -29.583693
32.963155 89.803953 -29.132121
17.171398 96.276121 -20.881848
11.562501 94.706048 -29.951179
16.137279 91.419104 -37.177085
7
78.455022 60.650083 -12.898720
81.443450 56.995141 -10.886611
81.830693 56.563844 -10.211236
83.291746 55.257344 -3.018438
76.390734 63.589333 10.993291
72.008485 68.668120 9.973332
63.224647 77.467960 1.165858
6
-56.229666 -55.899321 60.938416
-54.405352 -50.319476 67.141701
-44.591047 -55.342760 70.347831
-39.968420 -71.067954 57.895348
-41.808341 -71.639997 55.854932
-53.635712 -66.075814 52.509021
5
29.905812 -71.580288 63.102336
36.768795 -60.416846 70.695547
54.172473 -55.951867 62.727441
51.254638 -67.881486 52.583895
38.161455 -72.927305 56.791826
5
-65.128980 -68.154008 33.365359
-67.809034 -53.449480 50.448865
-56.229666 -55.899321 60.938416
-53.635712 -66.075814 52.509021
-64.240225 -68.795704 33.768988
8
26.927400 61.321291 -74.260450
33.627698 47.275412 -81.450680
36.283392 45.043814 -81.575550
36.386556 45.044955 -81.528956
45.608766 54.010450 -70.729851
41.477718 64.714724 -63.965643
31.868537 68.892954 -65.101131
27.416736 68.431102 -67.568534
7
85.601572 26.373379 44.461397
92.066591 8.780142 38.034878
92.012480 7.319250 38.472485
89.599522 0.059478 44.406330
89.249357 0.060127 45.105972
79.456387 10.081256 59.875294
80.712154 26.629905 52.691521
7
-13.563091 17.062697 97.595630
-13.584100 17.702501 97.478683
3.336598 30.967609 95.025651
9.004693 28.903978 95.307269
9.022011 28.830494 95.327886
2.103815 3.024883 99.932097
-1.817696 2.234355 99.958510
5
6.968127 76.536796 -63.980967
9.807457 77.141257 -62.873208
11.747771 84.417932 -52.302988
-1.944642 86.659772 -49.862834
-11.791249 80.805168 -57.719071
5
84.095496 46.420102 27.805066
77.799189 59.655150 19.711653
76.390734 63.589333 10.993291
83.291746 55.257344 -3.018438
91.907394 38.702783 7.424655
6
-20.065238 90.293933 38.005156
-20.001810 88.678385 41.666194
-28.099914 80.154510 52.779251
-29.677305 78.942807 53.733517
-38.414457 83.397967 39.611976
-32.701947 88.410978 33.377862
6
61.658621 44.600195 64.877092
67.932697 32.530829 65.779129
67.973023 32.286709 65.857699
67.000962 30.812470 67.538602
50.684132 39.731108 76.502012
55.934593 47.123313 68.196149
4
-66.349899 -35.133260 -66.055620
-48.817797 -45.599025 -74.414727
-47.482383 -43.813014 -76.327211
-56.956152 -26.571165 -77.781553
4
-14.211498 -79.683394 -58.724697
-8.364853 -87.110010 -48.392927
-0.155711 -87.533128 -48.352117
7.061980 -78.362459 -61.720770
7
-94.331504 -26.789205 -19.593517
-94.462756 -26.565497 -19.262974
-95.618126 -25.967015 -13.523612
-87.406923 -48.032198 7.275828
-86.370599 -50.316305 2.896399
-87.530159 -46.396328 -13.632760
-88.530525 -43.338823 -16.855046
6
24.777667 -79.097830 -55.942832
9.488982 -78.035090 -61.810064
12.234303 -86.610001 -48.466788
19.961098 -87.235241 -44.626978
20.746392 -87.062348 -44.606444
22.035653 -86.141313 -45.761382
7
43.786067 85.921302 26.463373
42.800133 87.001120 24.473530
45.254241 87.607326 16.643620
57.176986 80.794909 14.246930
60.466338 74.280796 28.743441
59.577247 72.892091 33.723800
54.708258 76.777547 33.349884
7
79.989935 -24.509795 54.780290
76.289328 -32.142482 56.096339
59.848802 -42.812813 67.713986
58.576366 -40.322251 70.305942
62.345804 -23.985448 74.415718
76.652432 -14.972083 62.451913
77.763008 -15.592645 60.907996
8
-0.027442 -32.130280 -94.697647
-0.237978 -31.930386 -94.764940
-20.914454 -19.953395 -95.731122
-25.747079 -28.168251 -92.431799
-25.095976 -35.594678 -90.017836
-9.536843 -41.786029 -90.349191
-9.081147 -41.718935 -90.427115
-0.479464 -33.692414 -94.151959
6
39.852530 82.884470 -39.267549
51.467031 74.309953 -42.768863
57.800900 78.585043 -21.987427
51.462339 83.332185 -20.183524
45.287489 86.378991 -22.084229
38.287958 86.831459 -31.532997
5
-5.096701 62.529707 -77.872070
6.968127 76.536796 -63.980967
-11.791249 80.805168 -57.719071
-16.832076 80.081862 -57.476748
-20.395071 74.595113 -63.400395
7
8.847343 -77.708560 -62.314558
8.586894 -77.741329 -62.310119
7.061980 -78.362459 -61.720770
-0.155711 -87.533128 -48.352117
4.461851 -89.130550 -45.120249
12.234303 -86.610001 -48.466788
9.488982 -78.035090 -61.810064
5
18.962318 97.772550 -8.997717
16.627404 97.975995 -11.146026
17.171398 96.276121 -20.881848
32.963155 89.803953 -29.132121
30.399127 94.052774 -15.164719
5
84.095496 46.420102 27.805066
83.822844 45.691495 29.766056
63.228618 65.261389 41.750365
61.144615 70.314924 36.292528
77.799189 59.655150 19.711653
6
-37.327025 -25.493134 -89.200859
-40.163659 -37.566144 -83.520449
-39.003173 -41.683142 -82.105226
-33.732269 -43.675968 -83.393908
-25.095976 -35.594678 -90.017836
-25.747079 -28.168251 -92.431799
7
67.697742 24.981980 -69.230892
66.013854 30.577684 -68.608865
50.280998 30.487641 -80.884640
49.360108 25.943601 -83.009092
49.423173 25.816329 -83.011247
62.681354 17.371958 -75.955664
64.619081 18.515453 -74.037506
6
-98.135625 13.819633 13.357278
-95.709066 23.962411 16.296548
-91.616949 30.546389 25.947114
-90.215894 28.432479 32.445131
-92.570116 13.009655 35.517917
-97.954498 6.495486 19.045338
6
-72.566115 55.559630 40.586777
-71.519085 41.319328 56.371391
-82.789933 40.415629 38.889639
-82.013138 46.906065 32.766848
-77.652349 52.373166 35.030904
-72.736570 55.713618 40.067247
6
-72.736570 55.713618 40.067247
-77.652349 52.373166 35.030904
-76.693345 59.202954 24.761685
-70.145215 67.381286 23.225224
-69.613295 67.676604 23.955508
-68.623263 63.588599 35.317671
6
46.106204 67.746124 57.312133
45.874977 64.226603 61.403827
37.087750 63.187424 68.057683
32.471704 72.857334 60.310839
36.060329 76.926961 52.743676
39.156575 75.191930 53.037122
6
-72.929857 -9.039965 -67.819724
-81.269669 -4.860993 -58.065580
-81.995967 -10.279890 -56.311501
-75.245057 -30.897839 -58.167903
-71.475380 -32.233684 -62.066574
-68.906508 -15.250163 -70.847199
7
-73.892500 -31.639647 59.488077
-76.220950 -35.372262 54.214111
-80.421101 -35.721461 47.501828
-88.305286 -25.696182 39.266814
-88.321715 -25.648143 39.261271
-84.258703 -17.774133 50.838481
-81.211482 -18.452914 55.355082
6
24.212348 44.190861 86.376675
14.004974 56.776867 81.118729
13.532695 58.934985 79.646303
27.779962 63.081138 72.450285
34.787251 60.373133 71.728181
28.907709 44.126698 84.953981
5
-48.680563 14.951235 86.061974
-31.181349 -3.310023 94.956660
-30.975105 -5.383381 94.929248
-39.379846 -13.572818 90.912080
-54.356947 -2.858336 83.887736
5
30.136264 -89.302726 -33.418987
25.301147 -89.952367 -35.614935
14.469613 -95.021325 -27.596705
16.070492 -95.491526 -24.962127
32.052128 -91.499270 -24.506013
5
-53.378484 35.399263 -76.796026
-38.095415 37.590629 -84.472978
-35.083487 46.320368 -81.385333
-35.237143 46.591336 -81.163977
-51.092101 48.190122 -71.185036
6
20.939372 -60.227159 -77.033966
9.894353 -54.410596 -83.316198
6.111925 -56.711098 -82.137054
4.281587 -61.864812 -78.450067
14.020499 -70.396729 -69.625614
22.909161 -66.193507 -71.369391
8
52.076915 -73.872333 -42.788705
57.868531 -66.912736 -46.625303
57.935425 -66.451186 -47.198797
50.719025 -55.035497 -66.322504
49.385398 -54.708668 -67.587308
39.764089 -60.167158 -69.272869
34.666158 -66.475355 -66.176163
34.941096 -68.700211 -63.713427
7
85.486186 -46.097498 23.814546
87.091061 -40.771009 27.438512
88.541343 -37.715935 27.165030
90.395192 -35.751864 23.463022
91.885118 -35.548621 17.129524
90.406535 -42.715063 1.442863
87.471436 -48.178948 5.247562
6
88.541343 -37.715935 27.165030
87.091061 -40.771009 27.438512
78.546000 -47.612543 39.542023
78.334399 -47.385797 40.228201
78.770010 -42.626157 44.478042
87.731514 -26.477555 40.026498
6
93.105745 18.822148 -31.257751
90.803742 24.062593 -34.288073
83.596284 21.859888 -50.336931
82.387833 18.172644 -53.684262
82.046852 14.792148 -55.222337
87.438931 6.942206 -48.023319
5
88.692078 -20.706580 -41.291076
83.899097 -31.883605 -44.095093
95.000004 -29.250343 -10.927797
96.679689 -23.339757 -10.406412
96.795960 -21.960001 -12.177865
6
39.852530 82.884470 -39.267549
31.874604 81.824759 -47.840553
31.868537 68.892954 -65.101131
41.477718 64.714724 -63.965643
57.591239 66.182570 -47.990798
51.467031 74.309953 -42.768863
5
-7.584916 96.202448 26.221327
-14.954618 94.700391 28.428777
-19.529082 95.203023 23.558425
-11.855839 99.153651 5.290808
-1.911585 98.064397 19.486402
8
-69.137490 -71.865310 7.442088
-71.503512 -64.710742 26.453121
-70.892894 -64.704660 28.062510
-65.128980 -68.154008 33.365359
-64.240225 -68.795704 33.768988
-60.451308 -72.641384 32.693556
-51.883122 -84.602348 12.271279
-68.054179 -72.926297 7.098157
5
90.843905 37.288524 -18.893144
82.437455 47.313400 -31.072628
81.704683 41.128304 -40.408011
89.068334 31.394091 -32.882259
91.275497 35.299179 -20.560926
6
7.438532 -65.902771 74.843123
-18.381961 -75.430539 63.026480
-23.539413 -71.909362 65.383023
-27.369685 -55.672790 78.431121
6.056262 -60.304967 79.540132
7.439414 -61.877348 78.203893
5
29.905812 -71.580288 63.102336
38.161455 -72.927305 56.791826
32.906687 -86.227128 38.497174
29.459749 -87.896886 37.500143
20.520716 -74.366286 63.628262
7
-70.145215 67.381286 23.225224
-73.306443 67.646506 7.079242
-66.208010 74.943035 -0.202242
-59.999320 79.472229 9.178582
-57.682399 78.833236 21.402380
-60.320251 75.593952 25.436620
-69.613295 67.676604 23.955508
5
40.858464 90.797182 -9.298261
45.287489 86.378991 -22.084229
51.462339 83.332185 -20.183524
55.089949 83.440061 -1.689318
41.747990 90.868599 0.055164
4
-74.719056 33.629789 57.324515
-80.886459 15.444589 56.734869
-87.048528 11.067655 47.958949
-85.125905 27.742774 44.541203
5
25.307756 9.315215 96.295090
25.406827 4.844475 96.597227
15.024424 -2.958602 98.820612
2.103815 3.024883 99.932097
9.022011 28.830494 95.327886
4
48.931496 35.199892 -79.791455
56.579803 45.813989 -68.555119
45.608766 54.010450 -70.729851
36.386556 45.044955 -81.528956
7
3.412597 -24.641070 96.856450
-10.331449 -6.260976 99.267625
-1.817696 2.234355 99.958510
2.103815 3.024883 99.932097
15.024424 -2.958602 98.820612
15.622496 -11.183460 98.136985
10.504136 -19.793862 97.456996
5
71.197294 48.138525 51.123652
74.790038 45.395311 48.432591
79.187812 28.540121 53.988442
67.973023 32.286709 65.857699
67.932697 32.530829 65.779129
7
-31.181349 -3.310023 94.956660
-30.493967 -0.896850 95.232944
-13.563091 17.062697 97.595630
-1.817696 2.234355 99.958510
-10.331449 -6.260976 99.267625
-20.863484 -8.509208 97.428478
-30.975105 -5.383381 94.929248
6
77.763008 -15.592645 60.907996
76.652432 -14.972083 62.451913
74.084818 -2.484823 67.121274
76.532830 8.830161 63.755424
79.456387 10.081256 59.875294
89.249357 0.060127 45.105972
6
-39.550245 -87.062376 -29.256125
-39.519695 -87.009081 -29.455280
-48.913930 -79.339350 -36.231132
-60.708856 -74.577818 -27.433263
-60.623382 -75.362360 -25.403154
-48.035484 -86.381166 -15.194946
4
65.841186 54.358918 52.058105
71.197294 48.138525 51.123652
67.932697 32.530829 65.779129
61.658621 44.600195 64.877092
5
56.579803 45.813989 -68.555119
48.931496 35.199892 -79.791455
50.280998 30.487641 -80.884640
66.013854 30.577684 -68.608865
65.938543 43.616816 -61.234647
5
-24.745551 -82.060877 -51.513787
-35.042558 -82.051407 -45.161774
-35.127460 -87.210998 -34.063227
-22.643529 -90.342498 -36.407466
-20.885048 -90.260230 -37.641809
4
-33.732269 -43.675968 -83.393908
-24.904785 -56.948708 -78.336431
-9.536843 -41.786029 -90.349191
-25.095976 -35.594678 -90.017836
6
-72.463121 -31.601877 61.240653
-68.638714 -33.852147 64.364269
-61.876499 -44.607959 64.663968
-70.377783 -47.271512 53.031801
-76.220950 -35.372262 54.214111
-73.892500 -31.639647 59.488077
6
41.373716 -81.273219 -41.022915
30.136264 -89.302726 -33.418987
32.052128 -91.499270 -24.506013
33.433250 -91.475258 -22.682483
39.211070 -89.249972 -22.292028
45.497586 -79.413289 -40.292669
5
74.635194 -62.420263 23.093258
74.983779 -59.838660 28.227073
78.546000 -47.612543 39.542023
87.091061 -40.771009 27.438512
85.486186 -46.097498 23.814546
6
-69.386346 5.867340 71.771229
-70.516396 8.360170 70.409839
-68.754440 27.112254 67.362843
-50.557865 28.965091 81.270695
-49.243325 25.206701 83.304965
-50.291057 22.216506 83.529854
6
98.430640 -12.720464 12.231061
98.156053 -12.226033 14.693991
97.884992 -1.809542 20.377781
97.682403 14.108765 16.096301
97.442629 21.201856 7.444149
99.467754 9.326294 4.380210
6
70.532497 -66.979099 -23.215666
55.003785 -76.436131 -33.646714
54.780671 -79.502269 -26.047405
64.263566 -75.366799 -13.785488
71.062165 -68.464243 -16.211603
71.457720 -67.794088 -17.255604
9
91.907394 38.702783 7.424655
95.188754 30.325400 4.412625
96.516799 25.691976 4.942656
96.902518 23.813723 6.542821
92.780591 25.682427 27.058730
86.695921 35.799502 34.672942
83.949172 44.351358 31.392570
83.822844 45.691495 29.766056
84.095496 46.420102 27.805066
5
-86.795170 -17.936267 -46.312944
-85.166743 -31.407849 -41.954414
-78.139995 -33.479112 -52.662038
-75.245057 -30.897839 -58.167903
-81.995967 -10.279890 -56.311501
8
-60.623382 -75.362360 -25.403154
-67.176118 -72.737704 -14.021254
-67.270545 -72.839530 -13.002948
-56.118791 -82.552724 -5.977377
-50.457576 -86.078260 -6.675794
-49.149635 -86.677012 -8.450382
-48.080259 -86.896782 -11.714859
-48.035484 -86.381166 -15.194946
6
-68.623263 63.588599 35.317671
-58.931027 69.751620 40.765739
-55.186594 68.069656 48.176361
-56.232129 62.909478 53.668848
-72.566115 55.559630 40.586777
-72.736570 55.713618 40.067247
6
61.042787 63.664433 -47.123435
67.170189 70.479209 -22.822067
63.280517 74.764834 -20.144375
57.800900 78.585043 -21.987427
51.467031 74.309953 -42.768863
57.591239 66.182570 -47.990798
5
-49.458875 43.979665 74.964050
-71.149903 40.185180 57.644103
-71.198053 40.923854 57.062031
-55.801908 61.842121 55.332623
-52.022703 61.096577 59.672830
5
-88.305286 -25.696182 39.266814
-80.421101 -35.721461 47.501828
-78.343156 -46.688884 41.018264
-79.019064 -50.225587 35.119482
-86.225025 -41.011384 29.720555
6
-12.859480 -91.398475 -38.483147
-8.364853 -87.110010 -48.392927
-14.211498 -79.683394 -58.724697
-19.407986 -76.956968 -60.835476
-24.745551 -82.060877 -51.513787
-20.885048 -90.260230 -37.641809
6
45.287489 86.378991 -22.084229
40.858464 90.797182 -9.298261
30.399127 94.052774 -15.164719
32.963155 89.803953 -29.132121
33.292934 89.534271 -29.583693
38.287958 86.831459 -31.532997
6
91.511278 -16.178061 36.931781
89.599522 0.059478 44.406330
92.012480 7.319250 38.472485
97.884992 -1.809542 20.377781
98.156053 -12.226033 14.693991
96.152541 -15.657797 22.572601
4
54.708258 76.777547 33.349884
33.648480 82.250022 45.855355
33.456368 82.581216 45.398394
43.786067 85.921302 26.463373
6
-28.384633 -95.776045 4.611059
-28.416435 -95.788087 4.141090
-49.149635 -86.677012 -8.450382
-50.457576 -86.078260 -6.675794
-49.417902 -86.264472 10.784796
-49.025632 -86.456560 11.034070
6
66.296524 -73.918019 11.870022
58.636284 -80.895952 -4.198956
49.104435 -86.707474 -8.400500
47.281717 -87.868840 -6.595921
45.059937 -89.270205 0.657650
51.157394 -84.155854 17.341088
6
13.555227 85.847056 49.462498
23.961443 80.920697 53.644106
11.690586 74.820820 65.308309
1.468963 73.369420 67.932101
0.201033 83.158536 55.539333
6.834572 85.651068 51.158413
6
32.052128 -91.499270 -24.506013
16.070492 -95.491526 -24.962127
17.805697 -98.163902 -6.841453
26.965518 -95.895832 -8.766426
27.676488 -95.650625 -9.217913
33.433250 -91.475258 -22.682483
5
28.499952 -52.195438 80.395205
30.387483 -42.778331 85.127053
39.496866 -35.575948 84.701532
55.194639 -40.458614 72.915378
33.444009 -54.994576 76.531659
5
-80.886459 15.444589 56.734869
-74.719056 33.629789 57.324515
-72.603827 36.054955 58.555311
-68.754440 27.112254 67.362843
-70.516396 8.360170 70.409839
4
32.172968 -20.544787 -92.427333
32.980291 -2.722400 -94.365719
7.227163 -3.324034 -99.683092
10.743042 -12.181265 -98.672204
6
6.294629 98.023117 18.757565
8.566567 98.386099 15.709534
26.531562 94.833451 17.398070
27.746785 92.461609 26.095341
26.655608 92.297038 27.762121
11.440921 95.080501 28.788949
6
62.701331 62.050468 47.098646
63.954856 57.457092 51.073075
51.670288 55.444043 65.239095
51.255547 55.670534 65.373240
45.874977 64.226603 61.403827
46.106204 67.746124 57.312133
6
4.528689 -99.363902 -10.310476
-3.586004 -96.305013 -26.692414
-20.630184 -96.916242 -13.477300
-20.676320 -96.916514 -13.404443
-20.723035 -96.949196 -13.092335
-7.551585 -99.649617 -3.595473
5
45.059937 -89.270205 0.657650
47.281717 -87.868840 -6.595921
27.676488 -95.650625 -9.217913
26.965518 -95.895832 -8.766426
36.735421 -92.808504 6.090196
4
19.151904 19.497618 -96.192762
16.574912 31.981937 -93.286805
7.477062 38.213427 -92.107695
-0.403618 29.613869 -95.513642
5
68.926636 -55.205534 46.919802
63.186218 -48.262919 60.648103
78.114379 -42.175520 46.036608
78.770010 -42.626157 44.478042
78.334399 -47.385797 40.228201
6
19.201753 -93.490417 29.846851
26.776221 -90.592135 32.803948
33.406792 -92.432168 18.446696
32.361568 -93.468564 14.709057
16.847623 -98.449406 4.885896
14.578242 -96.085347 23.560157
6
57.800900 78.585043 -21.987427
63.280517 74.764834 -20.144375
63.162073 77.519263 1.147352
62.178750 78.303212 1.552407
55.089949 83.440061 -1.689318
51.462339 83.332185 -20.183524
6
-73.724003 63.968775 -21.743209
-75.442402 60.950638 -24.361112
-69.685670 60.544700 -38.447974
-67.494273 62.583445 -39.087536
-61.553284 70.475185 -35.276643
-62.136610 74.412441 -24.532230
7
-39.217946 91.914557 3.696894
-46.942009 88.056884 6.514064
-54.687715 82.561676 -13.886092
-45.511473 87.097112 -18.514826
-41.231110 89.590807 -16.537319
-36.204330 92.407324 -12.252872
-35.309042 93.353791 -6.192035
5
28.907709 44.126698 84.953981
34.787251 60.373133 71.728181
35.367582 60.415065 71.408361
43.799170 53.885007 71.958591
42.603309 38.896482 81.682445
9
-24.640052 -85.044893 46.478317
-32.056378 -83.330436 45.038063
-41.512556 -72.831278 54.518921
-41.808341 -71.639997 55.854932
-39.968420 -71.067954 57.895348
-23.539413 -71.909362 65.383023
-18.381961 -75.430539 63.026480
-17.528842 -78.007784 60.062678
-22.946056 -84.567017 48.186079
5
73.580865 64.825978 -19.581849
75.239651 57.342461 -32.416617
81.977052 48.652088 -30.211544
81.443450 56.995141 -10.886611
78.455022 60.650083 -12.898720
6
-98.135625 13.819633 13.357278
-97.954498 6.495486 19.045338
-98.069540 -1.553477 19.492360
-98.789886 -15.183036 3.167615
-99.259091 4.696396 -11.206103
-98.732735 14.937323 -5.359427
6
-2.237293 -27.992549 95.976100
-15.481068 -25.227627 95.519126
-20.863484 -8.509208 97.428478
-10.331449 -6.260976 99.267625
3.412597 -24.641070 96.856450
3.022523 -25.547431 96.634327
6
-42.538338 -27.565401 86.201151
-39.379846 -13.572818 90.912080
-30.975105 -5.383381 94.929248
-20.863484 -8.509208 97.428478
-15.481068 -25.227627 95.519126
-27.476943 -41.578683 86.696198
7
48.931496 35.199892 -79.791455
36.386556 45.044955 -81.528956
36.283392 45.043814 -81.575550
31.959186 37.419175 -87.054097
32.747536 25.165121 -91.073133
49.360108 25.943601 -83.009092
50.280998 30.487641 -80.884640
5
36.283392 45.043814 -81.575550
33.627698 47.275412 -81.450680
14.482911 49.766961 -85.518974
20.338636 39.638137 -89.527415
31.959186 37.419175 -87.054097
5
97.665643 19.654884 -8.666469
94.327439 26.324956 -20.231930
93.941725 17.689202 -29.360593
95.537140 12.763977 -26.640866
98.124116 13.648560 -13.615240
6
9.957682 92.416560 36.878503
8.766120 93.326616 34.832427
11.440921 95.080501 28.788949
26.655608 92.297038 27.762121
27.167151 87.772048 39.471680
19.750738 88.820489 41.482877
6
22.035653 -86.141313 -45.761382
20.746392 -87.062348 -44.606444
25.301147 -89.952367 -35.614935
30.136264 -89.302726 -33.418987
41.373716 -81.273219 -41.022915
39.580018 -81.508510 -42.305850
5
-23.306707 91.899000 -31.802062
-21.071305 88.564703 -41.379867
-6.602810 92.728794 -36.847980
-3.316786 95.396977 -29.806305
-17.843916 97.101654 -15.901681
5
53.009909 23.469457 81.480882
48.376977 7.896077 87.162607
39.690239 17.572284 90.088289
39.822383 27.675301 87.454305
44.180557 34.859300 82.661403
7
2.979735 -30.470502 -95.198055
-0.027442 -32.130280 -94.697647
-0.479464 -33.692414 -94.151959
12.476927 -49.289027 -86.109919
22.801930 -44.540243 -86.580822
31.475883 -32.303528 -89.251055
31.419005 -31.264434 -89.640289
6
-94.141538 -30.757685 13.832414
-92.430943 -19.718806 32.675517
-88.321715 -25.648143 39.261271
-88.305286 -25.696182 39.266814
-86.225025 -41.011384 29.720555
-90.555088 -40.136244 13.742559
6
-20.395071 74.595113 -63.400395
-28.622232 70.438815 -64.954916
-27.499945 60.142677 -75.010742
-11.163419 57.880322 -80.778997
-5.032408 61.594095 -78.618333
-5.096701 62.529707 -77.872070
7
-6.537479 -67.111180 -73.846807
-18.954645 -66.459333 -72.276404
-21.571721 -73.560408 -64.214696
-19.407986 -76.956968 -60.835476
-14.211498 -79.683394 -58.724697
7.061980 -78.362459 -61.720770
8.586894 -77.741329 -62.310119
5
16.951082 98.502323 3.154876
28.146266 95.084003 12.915881
26.531562 94.833451 17.398070
8.566567 98.386099 15.709534
9.658355 99.103471 9.231370
5
99.467754 9.326294 4.380210
99.811455 2.171100 -5.741066
98.105216 -18.888927 -4.309886
98.487407 -14.461775 9.543985
98.430640 -12.720464 12.231061
5
-56.232129 62.909478 53.668848
-55.801908 61.842121 55.332623
-71.198053 40.923854 57.062031
-71.519085 41.319328 56.371391
-72.566115 55.559630 40.586777
5
98.124116 13.648560 -13.615240
95.537140 12.763977 -26.640866
95.309123 -2.552704 -30.160483
96.816058 -6.424022 -24.194686
99.079088 6.267772 -12.002060
5
96.902518 23.813723 6.542821
97.442629 21.201856 7.444149
97.682403 14.108765 16.096301
93.221025 11.577582 34.289941
92.780591 25.682427 27.058730
9
17.091561 -98.337355 -6.135405
17.805697 -98.163902 -6.841453
16.070492 -95.491526 -24.962127
14.469613 -95.021325 -27.596705
6.967549 -94.548836 -31.811490
5.423419 -94.571638 -32.043591
-2.852298 -95.779637 -28.602892
-3.586004 -96.305013 -26.692414
4.528689 -99.363902 -10.310476
5
83.596284 21.859888 -50.336931
80.676694 41.021881 -42.526183
68.629899 48.804393 -53.926507
66.975663 44.570481 -59.394721
82.387833 18.172644 -53.684262
6
73.469104 -66.922818 11.118778
71.062165 -68.464243 -16.211603
64.263566 -75.366799 -13.785488
58.636284 -80.895952 -4.198956
66.296524 -73.918019 11.870022
71.313332 -68.648578 14.204975
6
62.178750 78.303212 1.552407
63.162073 77.519263 1.147352
63.224647 77.467960 1.165858
72.008485 68.668120 9.973332
60.466338 74.280796 28.743441
57.176986 80.794909 14.246930
7
32.906687 -86.227128 38.497174
47.033715 -80.450671 36.270087
50.829139 -84.284185 17.679785
33.406792 -92.432168 18.446696
26.776221 -90.592135 32.803948
27.937132 -88.934847 36.195438
29.459749 -87.896886 37.500143
8
-75.173186 36.534822 -54.901720
-56.084758 53.931966 -62.815945
-53.945455 61.390550 -57.628884
-67.494273 62.583445 -39.087536
-69.685670 60.544700 -38.447974
-78.307208 40.229149 -47.429914
-78.426836 39.054315 -48.207799
-78.218904 38.238848 -49.189365
6
-22.946056 -84.567017 48.186079
-17.528842 -78.007784 60.062678
-6.410581 -83.053132 55.327044
0.314538 -89.480751 44.644107
-1.996092 -91.615841 40.031903
-3.713138 -91.814278 39.450615
7
-42.230066 25.621085 86.949304
-49.243325 25.206701 83.304965
-50.557865 28.965091 81.270695
-48.989620 43.645636 75.465725
-42.612330 47.042424 77.273538
-25.908544 37.804369 88.879565
-32.922973 29.319520 89.757694
6
-94.640758 31.982257 -4.501348
-93.944992 32.754309 10.074413
-95.709066 23.962411 16.296548
-98.135625 13.819633 13.357278
-98.732735 14.937323 -5.359427
-98.295166 17.195346 -6.510027
6
-25.730600 21.243145 94.269110
-18.345997 21.655167 95.887841
-13.584100 17.702501 97.478683
-13.563091 17.062697 97.595630
-30.493967 -0.896850 95.232944
-31.144412 12.245960 94.234081
5
-77.652349 52.373166 35.030904
-82.013138 46.906065 32.766848
-84.537895 45.916042 27.295814
-80.597421 55.631024 20.229801
-76.693345 59.202954 24.761685
6
24.500728 69.383386 -67.717502
9.807457 77.141257 -62.873208
6.968127 76.536796 -63.980967
-5.096701 62.529707 -77.872070
-5.032408 61.594095 -78.618333
3.828353 57.035117 -82.050833
6
55.003785 -76.436131 -33.646714
51.452460 -75.271122 -41.071920
45.497586 -79.413289 -40.292669
39.211070 -89.249972 -22.292028
48.458761 -86.278509 -14.414135
54.780671 -79.502269 -26.047405
7
6.546635 47.743043 -87.622733
7.477062 38.213427 -92.107695
16.574912 31.981937 -93.286805
20.338636 39.638137 -89.527415
14.482911 49.766961 -85.518974
13.212700 50.527167 -85.278543
8.438188 51.376228 -85.377281
5
-62.109185 -72.719751 -29.228187
-62.379299 -71.474382 -31.626506
-73.156681 -54.641839 -40.772165
-76.160757 -53.574916 -36.459120
-72.409567 -64.036800 -25.615287
6
-17.914442 97.122610 -15.693036
-9.194493 99.533706 -2.915950
-12.461420 99.173917 3.040910
-23.268285 97.116197 5.199147
-35.309042 93.353791 -6.192035
-36.204330 92.407324 -12.252872
6
30.390171 15.948865 93.925881
25.307756 9.315215 96.295090
9.022011 28.830494 95.327886
9.004693 28.903978 95.307269
17.820065 34.556499 92.131936
29.769462 25.013129 92.131007
5
-46.948682 85.206387 23.145041
-46.205454 81.333168 35.354940
-57.152870 74.881900 33.559654
-60.320251 75.593952 25.436620
-57.682399 78.833236 21.402380
6
-93.301076 -26.792762 -24.022014
-94.331504 -26.789205 -19.593517
-88.530525 -43.338823 -16.855046
-79.264218 -51.325886 -32.906491
-78.638797 -51.331883 -34.365350
-86.651758 -33.386958 -37.105038
6
-30.189818 77.528169 55.479346
-34.255104 76.066202 55.140917
-49.538335 72.902598 47.235206
-44.335109 81.314318 37.714449
-38.414457 83.397967 39.611976
-29.677305 78.942807 53.733517
6
45.254241 87.607326 16.643620
42.800133 87.001120 24.473530
27.746785 92.461609 26.095341
26.531562 94.833451 17.398070
28.146266 95.084003 12.915881
39.275413 91.891456 3.660904
6
-85.125905 27.742774 44.541203
-87.048528 11.067655 47.958949
-87.861901 9.308459 46.836300
-92.570116 13.009655 35.517917
-90.215894 28.432479 32.445131
-86.727043 31.070442 38.897913
5
12.476927 -49.289027 -86.109919
9.894353 -54.410596 -83.316198
20.939372 -60.227159 -77.033966
26.855022 -53.446623 -80.139044
22.801930 -44.540243 -86.580822
6
-90.713959 19.170342 -37.462990
-93.271936 19.897538 -30.073810
-97.776864 0.727287 -20.956049
-97.748300 0.585950 -21.093282
-92.975405 -1.349892 -36.793367
-89.899890 3.707977 -43.637836
6
-98.069540 -1.553477 19.492360
-97.954498 6.495486 19.045338
-92.570116 13.009655 35.517917
-87.861901 9.308459 46.836300
-87.785265 1.546955 47.868091
-94.316412 -11.389059 31.220245
5
83.291746 55.257344 -3.018438
81.830693 56.563844 -10.211236
90.869895 37.644216 -18.043700
95.188754 30.325400 4.412625
91.907394 38.702783 7.424655
6
-53.945455 61.390550 -57.628884
-56.084758 53.931966 -62.815945
-55.045460 53.449686 -64.133676
-39.713883 58.982194 -70.312931
-33.325623 69.841674 -63.336747
-45.569313 71.100970 -53.554550
7
-78.686531 -59.876216 -14.942178
-73.181274 -64.610072 -21.680402
-72.409567 -64.036800 -25.615287
-76.160757 -53.574916 -36.459120
-78.638797 -51.331883 -34.365350
-79.264218 -51.325886 -32.906491
-80.318177 -57.087234 -17.030506
6
-4.875629 -99.044269 12.901978
-4.872105 -98.992162 13.297158
1.989607 -97.766209 20.923904
14.578242 -96.085347 23.560157
16.847623 -98.449406 4.885896
15.920710 -98.664580 3.439728
5
-27.476943 -41.578683 86.696198
-15.481068 -25.227627 95.519126
-2.237293 -27.992549 95.976100
-10.031723 -42.765839 89.835670
-27.316455 -41.852427 86.615158
7
71.313332 -68.648578 14.204975
66.296524 -73.918019 11.870022
51.157394 -84.155854 17.341088
50.829139 -84.284185 17.679785
47.033715 -80.450671 36.270087
55.328831 -72.002290 41.885447
71.500065 -67.748721 17.258374
6
71.457720 -67.794088 -17.255604
81.280727 -56.685279 -13.424699
86.833184 -46.351657 -17.649987
78.940375 -49.966806 -35.661400
75.396197 -55.408978 -35.288223
70.532497 -66.979099 -23.215666
5
68.926636 -55.205534 46.919802
78.334399 -47.385797 40.228201
78.546000 -47.612543 39.542023
74.983779 -59.838660 28.227073
67.302878 -59.289636 44.216079
6
-20.676320 -96.916514 -13.404443
-20.630184 -96.916242 -13.477300
-22.643529 -90.342498 -36.407466
-35.127460 -87.210998 -34.063227
-39.519695 -87.009081 -29.455280
-39.550245 -87.062376 -29.256125
7
-31.738877 93.076926 18.147440
-31.750157 93.052941 18.250418
-34.699582 91.451856 20.796562
-44.064498 87.398092 20.491306
-48.336876 86.987352 9.836005
-46.942009 88.056884 6.514064
-39.217946 91.914557 3.696894
5
-86.370599 -50.316305 2.896399
-77.699166 -62.772795 -4.734523
-78.686531 -59.876216 -14.942178
-80.318177 -57.087234 -17.030506
-87.530159 -46.396328 -13.632760
5
59.784153 8.349047 -79.725457
49.251005 11.101269 -86.319756
42.823081 4.904396 -90.233755
55.558955 -10.537810 -82.475191
63.345500 -2.606722 -77.334033
7
-44.335109 81.314318 37.714449
-46.205454 81.333168 35.354940
-46.948682 85.206387 23.145041
-44.064498 87.398092 20.491306
-34.699582 91.451856 20.796562
-32.701947 88.410978 33.377862
-38.414457 83.397967 39.611976
7
13.555227 85.847056 49.462498
19.750738 88.820489 41.482877
27.167151 87.772048 39.471680
33.456368 82.581216 45.398394
33.648480 82.250022 45.855355
33.626608 79.933087 49.799125
23.961443 80.920697 53.644106
7
-22.199691 -96.818870 -11.544700
-28.416435 -95.788087 4.141090
-28.384633 -95.776045 4.611059
-27.333509 -95.949914 6.818600
-5.567794 -99.114037 12.058495
-7.551585 -99.649617 -3.595473
-20.723035 -96.949196 -13.092335
7
-97.776864 0.727287 -20.956049
-99.259091 4.696396 -11.206103
-98.789886 -15.183036 3.167615
-98.301539 -18.205626 2.315732
-95.618126 -25.967015 -13.523612
-94.462756 -26.565497 -19.262974
-97.748300 0.585950 -21.093282
6
86.833184 -46.351657 -17.649987
92.534254 -36.697791 -9.522809
95.000004 -29.250343 -10.927797
83.899097 -31.883605 -44.095093
78.939284 -37.778490 -48.387758
78.940375 -49.966806 -35.661400
6
55.379764 -71.225516 43.127806
55.328831 -72.002290 41.885447
47.033715 -80.450671 36.270087
32.906687 -86.227128 38.497174
38.161455 -72.927305 56.791826
51.254638 -67.881486 52.583895
6
99.811455 2.171100 -5.741066
99.079088 6.267772 -12.002060
96.816058 -6.424022 -24.194686
96.795960 -21.960001 -12.177865
96.679689 -23.339757 -10.406412
98.105216 -18.888927 -4.309886
6
88.692078 -20.706580 -41.291076
96.795960 -21.960001 -12.177865
96.816058 -6.424022 -24.194686
95.309123 -2.552704 -30.160483
90.312548 -4.475862 -42.703751
89.891577 -5.932542 -43.408632
7
27.416736 68.431102 -67.568534
31.868537 68.892954 -65.101131
31.874604 81.824759 -47.840553
14.900660 86.576771 -47.774816
11.747771 84.417932 -52.302988
9.807457 77.141257 -62.873208
24.500728 69.383386 -67.717502
5
1.067223 93.161775 36.328291
-3.025603 90.691750 42.022045
-16.576094 92.538434 34.086234
-14.954618 94.700391 28.428777
-7.584916 96.202448 26.221327
8
74.443024 1.536158 -66.752351
73.027198 -2.815914 -68.257593
76.339788 -14.104035 -63.034220
89.891577 -5.932542 -43.408632
90.312548 -4.475862 -42.703751
87.438931 6.942206 -48.023319
82.046852 14.792148 -55.222337
81.413903 14.473613 -56.234251
5
-59.462909 5.970269 -80.178041
-75.938351 16.733839 -62.875635
-82.605829 0.873624 -56.351697
-81.269669 -4.860993 -58.065580
-72.929857 -9.039965 -67.819724
8
-71.149903 40.185180 57.644103
-72.603827 36.054955 58.555311
-74.719056 33.629789 57.324515
-85.125905 27.742774 44.541203
-86.727043 31.070442 38.897913
-82.789933 40.415629 38.889639
-71.519085 41.319328 56.371391
-71.198053 40.923854 57.062031
5
-68.054179 -72.926297 7.098157
-56.118791 -82.552724 -5.977377
-67.270545 -72.839530 -13.002948
-73.661694 -67.560972 -3.077326
-69.137490 -71.865310 7.442088
6
-65.875388 75.219876 -1.550322
-66.208010 74.943035 -0.202242
-73.306443 67.646506 7.079242
-79.026124 60.953869 6.284712
-81.919420 56.706293 -8.579329
-73.476023 66.683444 -12.433516
8
29.769462 25.013129 92.131007
17.820065 34.556499 92.131936
24.212348 44.190861 86.376675
28.907709 44.126698 84.953981
42.603309 38.896482 81.682445
43.465989 38.033143 81.634477
44.180557 34.859300 82.661403
39.822383 27.675301 87.454305
6
-90.007598 43.279386 -5.052426
-85.139113 50.490894 -14.212706
-81.919420 56.706293 -8.579329
-79.026124 60.953869 6.284712
-81.732531 56.959310 8.685060
-87.835206 47.087072 8.233113
4
4.298317 50.709420 86.081817
0.452202 34.084460 94.010878
-9.987449 39.287979 91.415018
-9.632519 51.645962 85.087656
5
-22.203227 -93.106848 28.950502
-24.640052 -85.044893 46.478317
-22.946056 -84.567017 48.186079
-3.713138 -91.814278 39.450615
-15.608277 -94.597876 28.418720
4
-71.273747 -15.835161 68.332281
-58.805554 -25.351679 76.806244
-68.638714 -33.852147 64.364269
-72.463121 -31.601877 61.240653
7
-50.291057 22.216506 83.529854
-49.243325 25.206701 83.304965
-42.230066 25.621085 86.949304
-31.144412 12.245960 94.234081
-30.493967 -0.896850 95.232944
-31.181349 -3.310023 94.956660
-48.680563 14.951235 86.061974
5
-10.951331 37.832250 -91.917296
-7.935609 28.681670 -95.469304
-0.403618 29.613869 -95.513642
7.477062 38.213427 -92.107695
6.546635 47.743043 -87.622733
4
-45.381179 73.104245 -50.954078
-24.140737 86.625787 -43.740117
-44.061559 85.259872 -28.095076
-49.395308 75.832955 -42.537824
6
87.731514 -26.477555 40.026498
78.770010 -42.626157 44.478042
78.114379 -42.175520 46.036608
76.289328 -32.142482 56.096339
79.989935 -24.509795 54.780290
87.860666 -25.267004 40.522609
6
56.710216 -1.753131 82.346087
56.915595 -2.683666 82.179152
40.046811 -14.527289 90.472155
36.890308 -11.832723 92.190519
33.666529 1.102257 94.155987
48.450577 7.274538 87.175815
4
22.082614 -30.950002 92.490300
28.613755 -41.901257 86.171559
9.817321 -41.541976 90.431656
9.720821 -37.658308 92.126855
6
11.690586 74.820820 65.308309
25.627667 71.194631 65.380022
27.779962 63.081138 72.450285
13.532695 58.934985 79.646303
0.395782 71.922159 69.476948
1.468963 73.369420 67.932101
6
4.528689 -99.363902 -10.310476
-7.551585 -99.649617 -3.595473
-5.567794 -99.114037 12.058495
-4.875629 -99.044269 12.901978
15.920710 -98.664580 3.439728
17.091561 -98.337355 -6.135405
6
-68.906508 -15.250163 -70.847199
-71.475380 -32.233684 -62.066574
-67.905615 -35.423019 -64.296479
-66.349899 -35.133260 -66.055620
-56.956152 -26.571165 -77.781553
-55.072898 -18.706822 -81.345133
7
14.004974 56.776867 81.118729
4.298317 50.709420 86.081817
-9.632519 51.645962 85.087656
-13.679265 58.412013 80.005715
-6.089687 69.990138 71.163869
0.395782 71.922159 69.476948
13.532695 58.934985 79.646303
9
31.475883 -32.303528 -89.251055
37.342181 -38.823093 -84.251582
41.126675 -40.045896 -81.883593
52.432003 -37.516793 -76.441974
56.312787 -31.100624 -76.561225
56.731022 -23.287057 -78.989266
53.135955 -18.690063 -82.627186
34.019868 -24.935989 -90.668876
31.419005 -31.264434 -89.640289
8
89.891577 -5.932542 -43.408632
76.339788 -14.104035 -63.034220
74.420050 -22.608993 -62.852921
74.706621 -25.025157 -61.584595
78.420345 -37.623374 -49.342995
78.939284 -37.778490 -48.387758
83.899097 -31.883605 -44.095093
88.692078 -20.706580 -41.291076
7
78.940375 -49.966806 -35.661400
78.939284 -37.778490 -48.387758
78.420345 -37.623374 -49.342995
68.502383 -46.030968 -56.467455
57.935425 -66.451186 -47.198797
57.868531 -66.912736 -46.625303
75.396197 -55.408978 -35.288223
6
-91.500630 33.236280 -22.868853
-89.645394 36.682479 -24.861597
-84.792276 50.366790 -16.536514
-85.139113 50.490894 -14.212706
-90.007598 43.279386 -5.052426
-93.064649 36.055705 -6.241578
7
4.083822 0.366545 -99.915905
7.227163 -3.324034 -99.683092
32.980291 -2.722400 -94.365719
35.819157 4.769012 -93.242933
26.788736 17.797914 -94.686841
19.702617 18.661834 -96.247300
3.938455 3.561321 -99.858928
6
67.170189 70.479209 -22.822067
73.580865 64.825978 -19.581849
78.455022 60.650083 -12.898720
63.224647 77.467960 1.165858
63.162073 77.519263 1.147352
63.280517 74.764834 -20.144375
4
0.314538 -89.480751 44.644107
-6.410581 -83.053132 55.327044
14.301967 -76.098329 63.281104
9.867525 -87.056847 48.205160
6
-20.676320 -96.916514 -13.404443
-39.550245 -87.062376 -29.256125
-48.035484 -86.381166 -15.194946
-48.080259 -86.896782 -11.714859
-22.199691 -96.818870 -11.544700
-20.723035 -96.949196 -13.092335
5
39.376912 91.868669 3.099417
39.275413 91.891456 3.660904
28.146266 95.084003 12.915881
16.951082 98.502323 3.154876
19.370156 97.783979 -7.942947
7
-40.163659 -37.566144 -83.520449
-52.975393 -19.270762 -82.596885
-54.870205 -18.527731 -81.522903
-55.072898 -18.706822 -81.345133
-56.956152 -26.571165 -77.781553
-47.482383 -43.813014 -76.327211
-39.003173 -41.683142 -82.105226
6
9.894353 -54.410596 -83.316198
12.476927 -49.289027 -86.109919
-0.479464 -33.692414 -94.151959
-9.081147 -41.718935 -90.427115
-3.809673 -52.588747 -84.970054
6.111925 -56.711098 -82.137054
6
-94.141538 -30.757685 13.832414
-98.301539 -18.205626 2.315732
-98.789886 -15.183036 3.167615
-98.069540 -1.553477 19.492360
-94.316412 -11.389059 31.220245
-92.430943 -19.718806 32.675517
4
27.394298 -77.803738 -56.534332
24.777667 -79.097830 -55.942832
22.035653 -86.141313 -45.761382
39.580018 -81.508510 -42.305850
6
27.779962 63.081138 72.450285
25.627667 71.194631 65.380022
32.471704 72.857334 60.310839
37.087750 63.187424 68.057683
35.367582 60.415065 71.408361
34.787251 60.373133 71.728181
5
-8.152132 12.929899 -98.824898
-7.966854 28.618956 -95.485520
-34.938132 22.525786 -90.950073
-35.227204 8.311113 -93.220006
-32.263989 5.670640 -94.482161
5
76.289328 -32.142482 56.096339
78.114379 -42.175520 46.036608
63.186218 -48.262919 60.648103
59.767109 -46.912759 65.016043
59.848802 -42.812813 67.713986
8
8.766120 93.326616 34.832427
9.957682 92.416560 36.878503
6.834572 85.651068 51.158413
0.201033 83.158536 55.539333
-2.483664 84.785605 52.964447
-2.959251 85.347302 52.029616
-3.025603 90.691750 42.022045
1.067223 93.161775 36.328291
5
73.580865 64.825978 -19.581849
67.170189 70.479209 -22.822067
61.042787 63.664433 -47.123435
62.966658 61.331207 -47.683152
75.239651 57.342461 -32.416617
7
55.194639 -40.458614 72.915378
58.576366 -40.322251 70.305942
59.848802 -42.812813 67.713986
59.767109 -46.912759 65.016043
54.172473 -55.951867 62.727441
36.768795 -60.416846 70.695547
33.444009 -54.994576 76.531659
5
-39.968420 -71.067954 57.895348
-44.591047 -55.342760 70.347831
-28.020631 -54.773110 78.833689
-27.369685 -55.672790 78.431121
-23.539413 -71.909362 65.383023
6
-11.163419 57.880322 -80.778997
-27.499945 60.142677 -75.010742
-33.545417 54.005567 -77.188754
-35.237143 46.591336 -81.163977
-35.083487 46.320368 -81.385333
-18.072872 45.883771 -86.994545
6
81.830693 56.563844 -10.211236
81.443450 56.995141 -10.886611
81.977052 48.652088 -30.211544
82.437455 47.313400 -31.072628
90.843905 37.288524 -18.893144
90.869895 37.644216 -18.043700
5
86.695921 35.799502 34.672942
92.780591 25.682427 27.058730
93.221025 11.577582 34.289941
92.066591 8.780142 38.034878
85.601572 26.373379 44.461397
7
30.387483 -42.778331 85.127053
28.613755 -41.901257 86.171559
22.082614 -30.950002 92.490300
22.491233 -28.950973 93.037550
27.506025 -25.195152 92.782665
39.046952 -27.209091 87.948854
39.496866 -35.575948 84.701532
7
59.577247 72.892091 33.723800
60.937711 70.577652 36.130187
39.156575 75.191930 53.037122
36.060329 76.926961 52.743676
33.626608 79.933087 49.799125
33.648480 82.250022 45.855355
54.708258 76.777547 33.349884
7
-94.039751 24.744145 -23.329219
-93.271936 19.897538 -30.073810
-90.713959 19.170342 -37.462990
-78.218904 38.238848 -49.189365
-78.426836 39.054315 -48.207799
-89.645394 36.682479 -24.861597
-91.500630 33.236280 -22.868853
5
-68.623263 63.588599 35.317671
-69.613295 67.676604 23.955508
-60.320251 75.593952 25.436620
-57.152870 74.881900 33.559654
-58.931027 69.751620 40.765739
7
-21.071305 88.564703 -41.379867
-23.163008 86.844561 -43.834886
-16.832076 80.081862 -57.476748
-11.791249 80.805168 -57.719071
-1.944642 86.659772 -49.862834
-6.566622 92.715272 -36.888450
-6.602810 92.728794 -36.847980
5
-27.333509 -95.949914 6.818600
-28.384633 -95.776045 4.611059
-49.025632 -86.456560 11.034070
-37.785474 -88.996718 25.531200
-30.028708 -92.325674 23.963444
5
60.018543 -19.472430 77.579630
40.789561 -23.446401 88.241022
40.046811 -14.527289 90.472155
56.915595 -2.683666 82.179152
57.642922 -3.711159 81.630392
6
92.534254 -36.697791 -9.522809
86.833184 -46.351657 -17.649987
81.280727 -56.685279 -13.424699
76.324296 -63.986966 8.959357
87.471436 -48.178948 5.247562
90.406535 -42.715063 1.442863
6
96.152541 -15.657797 22.572601
90.395192 -35.751864 23.463022
88.541343 -37.715935 27.165030
87.731514 -26.477555 40.026498
87.860666 -25.267004 40.522609
91.511278 -16.178061 36.931781
6
-21.571721 -73.560408 -64.214696
-24.631320 -73.305137 -63.400749
-43.427405 -74.436537 -50.727335
-35.042558 -82.051407 -45.161774
-24.745551 -82.060877 -51.513787
-19.407986 -76.956968 -60.835476
7
-52.022703 61.096577 59.672830
-50.457994 61.918812 60.166865
-34.328096 63.585033 69.126879
-33.867478 55.522753 75.961950
-42.612330 47.042424 77.273538
-48.989620 43.645636 75.465725
-49.458875 43.979665 74.964050
6
-54.757770 -49.632740 67.365998
-61.876499 -44.607959 64.663968
-68.638714 -33.852147 64.364269
-58.805554 -25.351679 76.806244
-57.350212 -25.239815 77.935261
-48.018619 -29.141254 82.734512
6
-27.369685 -55.672790 78.431121
-28.020631 -54.773110 78.833689
-27.316455 -41.852427 86.615158
-10.031723 -42.765839 89.835670
3.893532 -51.148315 85.841076
6.056262 -60.304967 79.540132
7
3.938455 3.561321 -99.858928
19.702617 18.661834 -96.247300
19.151904 19.497618 -96.192762
-0.403618 29.613869 -95.513642
-7.935609 28.681670 -95.469304
-7.966854 28.618956 -95.485520
-8.152132 12.929899 -98.824898
7
-87.406923 -48.032198 7.275828
-87.417337 -47.962998 7.600004
-71.503512 -64.710742 26.453121
-69.137490 -71.865310 7.442088
-73.661694 -67.560972 -3.077326
-77.699166 -62.772795 -4.734523
-86.370599 -50.316305 2.896399
7
-20.065238 90.293933 38.005156
-32.701947 88.410978 33.377862
-34.699582 91.451856 20.796562
-31.750157 93.052941 18.250418
-19.529082 95.203023 23.558425
-14.954618 94.700391 28.428777
-16.576094 92.538434 34.086234
5
62.345804 -23.985448 74.415718
60.018543 -19.472430 77.579630
57.642922 -3.711159 81.630392
74.084818 -2.484823 67.121274
76.652432 -14.972083 62.451913
5
-68.054179 -72.926297 7.098157
-51.883122 -84.602348 12.271279
-49.417902 -86.264472 10.784796
-50.457576 -86.078260 -6.675794
-56.118791 -82.552724 -5.977377
5
-88.734305 44.805568 10.894233
-87.460005 42.553367 23.237008
-91.616949 30.546389 25.947114
-95.709066 23.962411 16.296548
-93.944992 32.754309 10.074413
6
87.438931 6.942206 -48.023319
90.312548 -4.475862 -42.703751
95.309123 -2.552704 -30.160483
95.537140 12.763977 -26.640866
93.941725 17.689202 -29.360593
93.105745 18.822148 -31.257751
6
1.989607 -97.766209 20.923904
-4.872105 -98.992162 13.297158
-15.608277 -94.597876 28.418720
-3.713138 -91.814278 39.450615
-1.996092 -91.615841 40.031903
1.791206 -93.302634 35.936195
6
51.157394 -84.155854 17.341088
45.059937 -89.270205 0.657650
36.735421 -92.808504 6.090196
32.361568 -93.468564 14.709057
33.406792 -92.432168 18.446696
50.829139 -84.284185 17.679785
4
57.935425 -66.451186 -47.198797
68.502383 -46.030968 -56.467455
67.001371 -46.243613 -58.071891
50.719025 -55.035497 -66.322504
5
-86.795170 -17.936267 -46.312944
-92.192924 -13.096609 -36.454678
-93.301076 -26.792762 -24.022014
-86.651758 -33.386958 -37.105038
-85.166743 -31.407849 -41.954414
6
37.342181 -38.823093 -84.251582
35.553149 -54.526554 -75.913296
39.764089 -60.167158 -69.272869
49.385398 -54.708668 -67.587308
49.638590 -53.505422 -68.360662
41.126675 -40.045896 -81.883593
6
-53.635712 -66.075814 52.509021
-41.808341 -71.639997 55.854932
-41.512556 -72.831278 54.518921
-47.117193 -80.879809 35.191286
-60.451308 -72.641384 32.693556
-64.240225 -68.795704 33.768988
7
63.345500 -2.606722 -77.334033
55.558955 -10.537810 -82.475191
53.135955 -18.690063 -82.627186
56.731022 -23.287057 -78.989266
74.420050 -22.608993 -62.852921
76.339788 -14.104035 -63.034220
73.027198 -2.815914 -68.257593
5
71.062165 -68.464243 -16.211603
73.469104 -66.922818 11.118778
76.324296 -63.986966 8.959357
81.280727 -56.685279 -13.424699
71.457720 -67.794088 -17.255604
5
61.658621 44.600195 64.877092
55.934593 47.123313 68.196149
51.670288 55.444043 65.239095
63.954856 57.457092 51.073075
65.841186 54.358918 52.058105
6
-13.679265 58.412013 80.005715
-9.632519 51.645962 85.087656
-9.987449 39.287979 91.415018
-18.347507 36.853094 91.132971
-24.960528 38.157636 88.999814
-22.803935 54.866490 80.434127
7
-15.608277 -94.597876 28.418720
-4.872105 -98.992162 13.297158
-4.875629 -99.044269 12.901978
-5.567794 -99.114037 12.058495
-27.333509 -95.949914 6.818600
-30.028708 -92.325674 23.963444
-22.203227 -93.106848 28.950502
7
36.735421 -92.808504 6.090196
26.965518 -95.895832 -8.766426
17.805697 -98.163902 -6.841453
17.091561 -98.337355 -6.135405
15.920710 -98.664580 3.439728
16.847623 -98.449406 4.885896
32.361568 -93.468564 14.709057
5
22.801930 -44.540243 -86.580822
26.855022 -53.446623 -80.139044
35.553149 -54.526554 -75.913296
37.342181 -38.823093 -84.251582
31.475883 -32.303528 -89.251055
6
8.438188 51.376228 -85.377281
13.212700 50.527167 -85.278543
26.927400 61.321291 -74.260450
27.416736 68.431102 -67.568534
24.500728 69.383386 -67.717502
3.828353 57.035117 -82.050833
5
-17.843916 97.101654 -15.901681
-17.914442 97.122610 -15.693036
-36.204330 92.407324 -12.252872
-41.231110 89.590807 -16.537319
-23.306707 91.899000 -31.802062
4
13.212700 50.527167 -85.278543
14.482911 49.766961 -85.518974
33.627698 47.275412 -81.450680
26.927400 61.321291 -74.260450
4
-69.685670 60.544700 -38.447974
-75.442402 60.950638 -24.361112
-81.831409 53.247541 -21.640699
-78.307208 40.229149 -47.429914
5
-84.792276 50.366790 -16.536514
-89.645394 36.682479 -24.861597
-78.426836 39.054315 -48.207799
-78.307208 40.229149 -47.429914
-81.831409 53.247541 -21.640699
9
-69.391075 1.843014 71.982512
-73.899856 -5.160408 67.172773
-87.494386 0.968102 48.412758
-87.785265 1.546955 47.868091
-87.861901 9.308459 46.836300
-87.048528 11.067655 47.958949
-80.886459 15.444589 56.734869
-70.516396 8.360170 70.409839
-69.386346 5.867340 71.771229
9
65.938543 43.616816 -61.234647
66.975663 44.570481 -59.394721
68.629899 48.804393 -53.926507
62.966658 61.331207 -47.683152
61.042787 63.664433 -47.123435
57.591239 66.182570 -47.990798
41.477718 64.714724 -63.965643
45.608766 54.010450 -70.729851
56.579803 45.813989 -68.555119
7
74.084818 -2.484823 67.121274
57.642922 -3.711159 81.630392
56.915595 -2.683666 82.179152
56.710216 -1.753131 82.346087
63.384547 9.399652 76.772688
73.343684 11.866686 66.931949
76.532830 8.830161 63.755424
6
-22.203227 -93.106848 28.950502
-30.028708 -92.325674 23.963444
-37.785474 -88.996718 25.531200
-42.944850 -83.646536 34.044042
-32.056378 -83.330436 45.038063
-24.640052 -85.044893 46.478317
8
9.658355 99.103471 9.231370
8.566567 98.386099 15.709534
6.294629 98.023117 18.757565
-1.911585 98.064397 19.486402
-11.855839 99.153651 5.290808
-12.461420 99.173917 3.040910
-9.194493 99.533706 -2.915950
-4.268491 99.830918 -3.945611
6
-99.259091 4.696396 -11.206103
-97.776864 0.727287 -20.956049
-93.271936 19.897538 -30.073810
-94.039751 24.744145 -23.329219
-98.295166 17.195346 -6.510027
-98.732735 14.937323 -5.359427
6
-28.971581 -5.036830 -95.578647
-41.964581 -19.495918 -88.650342
-37.327025 -25.493134 -89.200859
-25.747079 -28.168251 -92.431799
-20.914454 -19.953395 -95.731122
-21.938408 -12.027883 -96.819607
7
-37.785474 -88.996718 25.531200
-49.025632 -86.456560 11.034070
-49.417902 -86.264472 10.784796
-51.883122 -84.602348 12.271279
-60.451308 -72.641384 32.693556
-47.117193 -80.879809 35.191286
-42.944850 -83.646536 34.044042
4
-42.944850 -83.646536 34.044042
-47.117193 -80.879809 35.191286
-41.512556 -72.831278 54.518921
-32.056378 -83.330436 45.038063
7
7.439414 -61.877348 78.203893
6.056262 -60.304967 79.540132
3.893532 -51.148315 85.841076
9.817321 -41.541976 90.431656
28.613755 -41.901257 86.171559
30.387483 -42.778331 85.127053
28.499952 -52.195438 80.395205
6
26.655608 92.297038 27.762121
27.746785 92.461609 26.095341
42.800133 87.001120 24.473530
43.786067 85.921302 26.463373
33.456368 82.581216 45.398394
27.167151 87.772048 39.471680
6
-88.734305 44.805568 10.894233
-87.835206 47.087072 8.233113
-81.732531 56.959310 8.685060
-80.597421 55.631024 20.229801
-84.537895 45.916042 27.295814
-87.460005 42.553367 23.237008
7
-55.612658 81.971306 -13.709021
-54.687715 82.561676 -13.886092
-46.942009 88.056884 6.514064
-48.336876 86.987352 9.836005
-59.999320 79.472229 9.178582
-66.208010 74.943035 -0.202242
-65.875388 75.219876 -1.550322
6
91.275497 35.299179 -20.560926
89.068334 31.394091 -32.882259
90.803742 24.062593 -34.288073
93.105745 18.822148 -31.257751
93.941725 17.689202 -29.360593
94.327439 26.324956 -20.231930
7
2.979735 -30.470502 -95.198055
10.743042 -12.181265 -98.672204
7.227163 -3.324034 -99.683092
4.083822 0.366545 -99.915905
-6.698330 -8.158944 -99.441259
-0.237978 -31.930386 -94.764940
-0.027442 -32.130280 -94.697647
6
34.666158 -66.475355 -66.176163
39.764089 -60.167158 -69.272869
35.553149 -54.526554 -75.913296
26.855022 -53.446623 -80.139044
20.939372 -60.227159 -77.033966
22.909161 -66.193507 -71.369391
6
-45.569313 71.100970 -53.554550
-45.381179 73.104245 -50.954078
-49.395308 75.832955 -42.537824
-61.553284 70.475185 -35.276643
-67.494273 62.583445 -39.087536
-53.945455 61.390550 -57.628884
6
-48.913930 -79.339350 -36.231132
-49.358292 -71.362471 -49.710730
-53.977863 -66.045467 -52.195657
-62.379299 -71.474382 -31.626506
-62.109185 -72.719751 -29.228187
-60.708856 -74.577818 -27.433263
7
-54.870205 -18.527731 -81.522903
-52.975393 -19.270762 -82.596885
-41.964581 -19.495918 -88.650342
-28.971581 -5.036830 -95.578647
-32.263989 5.670640 -94.482161
-35.227204 8.311113 -93.220006
-54.285295 2.707568 -83.939120
5
-81.211482 -18.452914 55.355082
-84.258703 -17.774133 50.838481
-87.494386 0.968102 48.412758
-73.899856 -5.160408 67.172773
-74.088163 -7.158875 66.780945
5
-44.064498 87.398092 20.491306
-46.948682 85.206387 23.145041
-57.682399 78.833236 21.402380
-59.999320 79.472229 9.178582
-48.336876 86.987352 9.836005
7
-85.166743 -31.407849 -41.954414
-86.651758 -33.386958 -37.105038
-78.638797 -51.331883 -34.365350
-76.160757 -53.574916 -36.459120
-73.156681 -54.641839 -40.772165
-71.316051 -54.389287 -44.224725
-78.139995 -33.479112 -52.662038
6
6.294629 98.023117 18.757565
11.440921 95.080501 28.788949
8.766120 93.326616 34.832427
1.067223 93.161775 36.328291
-7.584916 96.202448 26.221327
-1.911585 98.064397 19.486402
7
62.345804 -23.985448 74.415718
58.576366 -40.322251 70.305942
55.194639 -40.458614 72.915378
39.496866 -35.575948 84.701532
39.046952 -27.209091 87.948854
40.789561 -23.446401 88.241022
60.018543 -19.472430 77.579630
4
6.834572 85.651068 51.158413
9.957682 92.416560 36.878503
19.750738 88.820489 41.482877
13.555227 85.847056 49.462498
7
-49.395308 75.832955 -42.537824
-44.061559 85.259872 -28.095076
-45.511473 87.097112 -18.514826
-54.687715 82.561676 -13.886092
-55.612658 81.971306 -13.709021
-62.136610 74.412441 -24.532230
-61.553284 70.475185 -35.276643
7
31.959186 37.419175 -87.054097
20.338636 39.638137 -89.527415
16.574912 31.981937 -93.286805
19.151904 19.497618 -96.192762
19.702617 18.661834 -96.247300
26.788736 17.797914 -94.686841
32.747536 25.165121 -91.073133
6
-75.938351 16.733839 -62.875635
-59.462909 5.970269 -80.178041
-58.423759 5.918852 -80.942149
-55.695149 26.687451 -78.650050
-56.984878 29.667798 -76.632535
-74.224756 30.678388 -59.577866
6
-86.225025 -41.011384 29.720555
-79.019064 -50.225587 35.119482
-70.892894 -64.704660 28.062510
-71.503512 -64.710742 26.453121
-87.417337 -47.962998 7.600004
-90.555088 -40.136244 13.742559
5
31.419005 -31.264434 -89.640289
34.019868 -24.935989 -90.668876
32.172968 -20.544787 -92.427333
10.743042 -12.181265 -98.672204
2.979735 -30.470502 -95.198055
6
-32.922973 29.319520 89.757694
-25.908544 37.804369 88.879565
-24.960528 38.157636 88.999814
-18.347507 36.853094 91.132971
-18.345997 21.655167 95.887841
-25.730600 21.243145 94.269110
8
99.467754 9.326294 4.380210
97.442629 21.201856 7.444149
96.902518 23.813723 6.542821
96.516799 25.691976 4.942656
97.665643 19.654884 -8.666469
98.124116 13.648560 -13.615240
99.079088 6.267772 -12.002060
99.811455 2.171100 -5.741066
7
-54.285295 2.707568 -83.939120
-58.423759 5.918852 -80.942149
-59.462909 5.970269 -80.178041
-72.929857 -9.039965 -67.819724
-68.906508 -15.250163 -70.847199
-55.072898 -18.706822 -81.345133
-54.870205 -18.527731 -81.522903
5
51.255547 55.670534 65.373240
43.799170 53.885007 71.958591
35.367582 60.415065 71.408361
37.087750 63.187424 68.057683
45.874977 64.226603 61.403827
6
-48.913930 -79.339350 -36.231132
-39.519695 -87.009081 -29.455280
-35.127460 -87.210998 -34.063227
-35.042558 -82.051407 -45.161774
-43.427405 -74.436537 -50.727335
-49.358292 -71.362471 -49.710730
7
-54.285295 2.707568 -83.939120
-35.227204 8.311113 -93.220006
-34.938132 22.525786 -90.950073
-34.988688 22.694069 -90.888783
-36.121163 24.283528 -90.030950
-55.695149 26.687451 -78.650050
-58.423759 5.918852 -80.942149
6
59.802607 22.553349 76.909002
63.384547 9.399652 76.772688
56.710216 -1.753131 82.346087
48.450577 7.274538 87.175815
48.376977 7.896077 87.162607
53.009909 23.469457 81.480882
6
-90.555088 -40.136244 13.742559
-87.417337 -47.962998 7.600004
-87.406923 -48.032198 7.275828
-95.618126 -25.967015 -13.523612
-98.301539 -18.205626 2.315732
-94.141538 -30.757685 13.832414
6
14.301967 -76.098329 63.281104
15.828568 -74.218815 65.123144
20.520716 -74.366286 63.628262
29.459749 -87.896886 37.500143
27.937132 -88.934847 36.195438
9.867525 -87.056847 48.205160
5
-28.622232 70.438815 -64.954916
-33.325623 69.841674 -63.336747
-39.713883 58.982194 -70.312931
-33.545417 54.005567 -77.188754
-27.499945 60.142677 -75.010742
8
63.228618 65.261389 41.750365
83.822844 45.691495 29.766056
83.949172 44.351358 31.392570
74.790038 45.395311 48.432591
71.197294 48.138525 51.123652
65.841186 54.358918 52.058105
63.954856 57.457092 51.073075
62.701331 62.050468 47.098646
4
66.648356 27.945404 69.116214
73.343684 11.866686 66.931949
63.384547 9.399652 76.772688
59.802607 22.553349 76.909002
6
-18.072872 45.883771 -86.994545
-35.083487 46.320368 -81.385333
-38.095415 37.590629 -84.472978
-36.121163 24.283528 -90.030950
-34.988688 22.694069 -90.888783
-16.563830 42.450858 -89.014404
4
-39.217946 91.914557 3.696894
-35.309042 93.353791 -6.192035
-23.268285 97.116197 5.199147
-31.738877 93.076926 18.147440
7
-24.560938 -58.575652 -77.237642
-24.904785 -56.948708 -78.336431
-33.732269 -43.675968 -83.393908
-39.003173 -41.683142 -82.105226
-47.482383 -43.813014 -76.327211
-48.817797 -45.599025 -74.414727
-50.084896 -57.150855 -65.002177
7
96.516799 25.691976 4.942656
95.188754 30.325400 4.412625
90.869895 37.644216 -18.043700
90.843905 37.288524 -18.893144
91.275497 35.299179 -20.560926
94.327439 26.324956 -20.231930
97.665643 19.654884 -8.666469
7
38.287958 86.831459 -31.532997
33.292934 89.534271 -29.583693
16.137279 91.419104 -37.177085
14.516734 87.419686 -46.336411
14.900660 86.576771 -47.774816
31.874604 81.824759 -47.840553
39.852530 82.884470 -39.267549
6
-2.852298 -95.779637 -28.602892
5.423419 -94.571638 -32.043591
4.461851 -89.130550 -45.120249
-0.155711 -87.533128 -48.352117
-8.364853 -87.110010 -48.392927
-12.859480 -91.398475 -38.483147
4
62.681354 17.371958 -75.955664
49.423173 25.816329 -83.011247
49.251005 11.101269 -86.319756
59.784153 8.349047 -79.725457
6
46.106204 67.746124 57.312133
39.156575 75.191930 53.037122
60.937711 70.577652 36.130187
61.144615 70.314924 36.292528
63.228618 65.261389 41.750365
62.701331 62.050468 47.098646
6
39.376912 91.868669 3.099417
19.370156 97.783979 -7.942947
18.962318 97.772550 -8.997717
30.399127 94.052774 -15.164719
40.858464 90.797182 -9.298261
41.747990 90.868599 0.055164
5
11.747771 84.417932 -52.302988
14.900660 86.576771 -47.774816
14.516734 87.419686 -46.336411
-6.566622 92.715272 -36.888450
-1.944642 86.659772 -49.862834
7
41.747990 90.868599 0.055164
55.089949 83.440061 -1.689318
62.178750 78.303212 1.552407
57.176986 80.794909 14.246930
45.254241 87.607326 16.643620
39.275413 91.891456 3.660904
39.376912 91.868669 3.099417
7
-1.778312 95.682374 -29.012425
-3.316786 95.396977 -29.806305
-6.602810 92.728794 -36.847980
-6.566622 92.715272 -36.888450
14.516734 87.419686 -46.336411
16.137279 91.419104 -37.177085
11.562501 94.706048 -29.951179
6
-65.128980 -68.154008 33.365359
-70.892894 -64.704660 28.062510
-79.019064 -50.225587 35.119482
-78.343156 -46.688884 41.018264
-70.358401 -49.046338 51.421320
-67.809034 -53.449480 50.448865
4
-21.938408 -12.027883 -96.819607
-20.914454 -19.953395 -95.731122
-0.237978 -31.930386 -94.764940
-6.698330 -8.158944 -99.441259
7
-54.405352 -50.319476 67.141701
-56.229666 -55.899321 60.938416
-67.809034 -53.449480 50.448865
-70.358401 -49.046338 51.421320
-70.377783 -47.271512 53.031801
-61.876499 -44.607959 64.663968
-54.757770 -49.632740 67.365998
4
41.126675 -40.045896 -81.883593
49.638590 -53.505422 -68.360662
53.632593 -45.531211 -71.066545
52.432003 -37.516793 -76.441974
6
25.406827 4.844475 96.597227
33.666529 1.102257 94.155987
36.890308 -11.832723 92.190519
25.550848 -15.946438 95.356517
15.622496 -11.183460 98.136985
15.024424 -2.958602 98.820612
6
-49.458875 43.979665 74.964050
-48.989620 43.645636 75.465725
-50.557865 28.965091 81.270695
-68.754440 27.112254 67.362843
-72.603827 36.054955 58.555311
-71.149903 40.185180 57.644103
5
92.012480 7.319250 38.472485
92.066591 8.780142 38.034878
93.221025 11.577582 34.289941
97.682403 14.108765 16.096301
97.884992 -1.809542 20.377781
6
-60.708856 -74.577818 -27.433263
-62.109185 -72.719751 -29.228187
-72.409567 -64.036800 -25.615287
-73.181274 -64.610072 -21.680402
-67.176118 -72.737704 -14.021254
-60.623382 -75.362360 -25.403154
7
67.000962 30.812470 67.538602
66.648356 27.945404 69.116214
59.802607 22.553349 76.909002
53.009909 23.469457 81.480882
44.180557 34.859300 82.661403
43.465989 38.033143 81.634477
50.684132 39.731108 76.502012
6
23.961443 80.920697 53.644106
33.626608 79.933087 49.799125
36.060329 76.926961 52.743676
32.471704 72.857334 60.310839
25.627667 71.194631 65.380022
11.690586 74.820820 65.308309
5
15.622496 -11.183460 98.136985
25.550848 -15.946438 95.356517
27.506025 -25.195152 92.782665
22.491233 -28.950973 93.037550
10.504136 -19.793862 97.456996
7
-4.268491 99.830918 -3.945611
3.973442 99.345368 -10.710260
16.627404 97.975995 -11.146026
18.962318 97.772550 -8.997717
19.370156 97.783979 -7.942947
16.951082 98.502323 3.154876
9.658355 99.103471 9.231370
6
86.695921 35.799502 34.672942
85.601572 26.373379 44.461397
80.712154 26.629905 52.691521
79.187812 28.540121 53.988442
74.790038 45.395311 48.432591
83.949172 44.351358 31.392570
5
-73.476023 66.683444 -12.433516
-73.724003 63.968775 -21.743209
-62.136610 74.412441 -24.532230
-55.612658 81.971306 -13.709021
-65.875388 75.219876 -1.550322
5
-50.457994 61.918812 60.166865
-34.255104 76.066202 55.140917
-30.189818 77.528169 55.479346
-26.540879 73.240209 62.701303
-34.328096 63.585033 69.126879
6
0.452202 34.084460 94.010878
3.336598 30.967609 95.025651
-13.584100 17.702501 97.478683
-18.345997 21.655167 95.887841
-18.347507 36.853094 91.132971
-9.987449 39.287979 91.415018
6
15.828568 -74.218815 65.123144
14.301967 -76.098329 63.281104
-6.410581 -83.053132 55.327044
-17.528842 -78.007784 60.062678
-18.381961 -75.430539 63.026480
7.438532 -65.902771 74.843123
6
-49.538335 72.902598 47.235206
-55.186594 68.069656 48.176361
-58.931027 69.751620 40.765739
-57.152870 74.881900 33.559654
-46.205454 81.333168 35.354940
-44.335109 81.314318 37.714449
6
-71.316051 -54.389287 -44.224725
-73.156681 -54.641839 -40.772165
-62.379299 -71.474382 -31.626506
-53.977863 -66.045467 -52.195657
-56.593567 -60.387862 -56.129086
-60.394211 -57.787912 -54.891680
6
68.502383 -46.030968 -56.467455
78.420345 -37.623374 -49.342995
74.706621 -25.025157 -61.584595
62.095653 -36.769310 -69.225340
61.492431 -40.196639 -67.844758
67.001371 -46.243613 -58.071891
6
-93.944992 32.754309 10.074413
-94.640758 31.982257 -4.501348
-93.064649 36.055705 -6.241578
-90.007598 43.279386 -5.052426
-87.835206 47.087072 8.233113
-88.734305 44.805568 10.894233
4
-52.975393 -19.270762 -82.596885
-40.163659 -37.566144 -83.520449
-37.327025 -25.493134 -89.200859
-41.964581 -19.495918 -88.650342
6
70.532497 -66.979099 -23.215666
75.396197 -55.408978 -35.288223
57.868531 -66.912736 -46.625303
52.076915 -73.872333 -42.788705
51.452460 -75.271122 -41.071920
55.003785 -76.436131 -33.646714
6
64.619081 18.515453 -74.037506
62.681354 17.371958 -75.955664
59.784153 8.349047 -79.725457
63.345500 -2.606722 -77.334033
73.027198 -2.815914 -68.257593
74.443024 1.536158 -66.752351
7
-87.460005 42.553367 23.237008
-84.537895 45.916042 27.295814
-82.013138 46.906065 32.766848
-82.789933 40.415629 38.889639
-86.727043 31.070442 38.897913
-90.215894 28.432479 32.445131
-91.616949 30.546389 25.947114
6
10.504136 -19.793862 97.456996
22.491233 -28.950973 93.037550
22.082614 -30.950002 92.490300
9.720821 -37.658308 92.126855
3.022523 -25.547431 96.634327
3.412597 -24.641070 96.856450
7
-6.698330 -8.158944 -99.441259
4.083822 0.366545 -99.915905
3.938455 3.561321 -99.858928
-8.152132 12.929899 -98.824898
-32.263989 5.670640 -94.482161
-28.971581 -5.036830 -95.578647
-21.938408 -12.027883 -96.819607
7
77.799189 59.655150 19.711653
61.144615 70.314924 36.292528
60.937711 70.577652 36.130187
59.577247 72.892091 33.723800
60.466338 74.280796 28.743441
72.008485 68.668120 9.973332
76.390734 63.589333 10.993291
9
-30.189818 77.528169 55.479346
-29.677305 78.942807 53.733517
-28.099914 80.154510 52.779251
-2.483664 84.785605 52.964447
0.201033 83.158536 55.539333
1.468963 73.369420 67.932101
0.395782 71.922159 69.476948
-6.089687 69.990138 71.163869
-26.540879 73.240209 62.701303
7
-81.995967 -10.279890 -56.311501
-81.269669 -4.860993 -58.065580
-82.605829 0.873624 -56.351697
-89.899890 3.707977 -43.637836
-92.975405 -1.349892 -36.793367
-92.192924 -13.096609 -36.454678
-86.795170 -17.936267 -46.312944
4
-28.099914 80.154510 52.779251
-20.001810 88.678385 41.666194
-2.959251 85.347302 52.029616
-2.483664 84.785605 52.964447
7
91.885118 -35.548621 17.129524
98.487407 -14.461775 9.543985
98.105216 -18.888927 -4.309886
96.679689 -23.339757 -10.406412
95.000004 -29.250343 -10.927797
92.534254 -36.697791 -9.522809
90.406535 -42.715063 1.442863
4
39.822383 27.675301 87.454305
39.690239 17.572284 90.088289
30.390171 15.948865 93.925881
29.769462 25.013129 92.131007
