400
6
10.017425 13.331661 -98.599787
32.776737 5.685084 -94.304641
29.473194 19.777933 -93.488845
19.378624 21.526462 -95.713533
16.103141 20.254769 -96.594167
9.999960 13.614410 -98.562917
8
77.448706 -46.155150 -43.259683
77.105243 -53.673547 -34.262689
78.873530 -53.865304 -29.622546
85.744284 -45.920015 -23.222189
91.630238 -29.999660 -26.531487
91.779312 -28.674014 -27.465594
87.102554 -24.364995 -42.655505
86.722937 -24.870213 -43.134727
5
-54.144039 -65.972682 -52.115528
-52.543029 -68.662716 -50.246010
-45.565183 -73.186135 -50.671528
-33.776155 -75.268076 -56.514495
-42.836605 -60.974614 -66.686743
7
13.754387 65.866165 -73.976112
1.118459 62.582126 -77.988631
-1.840746 52.090730 -85.341476
3.932515 46.043366 -88.682263
6.014008 45.878605 -88.650919
19.599188 55.465841 -80.866633
20.493503 61.022422 -76.526338
4
-86.661646 -23.159620 44.197185
-84.025807 -34.407775 41.901895
-90.432582 -31.979025 28.271721
-91.946885 -23.109356 31.807674
9
98.034790 -0.965234 -19.704019
97.284318 -0.718745 -23.135361
90.009362 -8.619695 -42.708496
88.946974 -11.766394 -44.158667
87.688402 -18.129543 -44.520374
87.102554 -24.364995 -42.655505
91.779312 -28.674014 -27.465594
96.892645 -16.344255 -18.565576
97.445285 -13.428616 -18.002464
6
5.529843 6.941563 99.605399
7.372154 16.982620 98.271267
12.096733 22.648839 96.647292
23.680533 9.990719 96.640664
22.959884 7.883438 97.008737
9.156337 1.495266 99.568698
5
99.424448 -10.532900 -1.958888
97.637598 -21.181823 4.269631
98.781546 -10.067828 11.867814
99.577469 3.780892 8.368542
99.939354 2.921244 1.895193
6
39.071409 56.097957 -72.982493
31.871173 48.180289 -81.626516
32.648226 43.693246 -83.815235
36.633988 39.278295 -84.351446
44.803333 37.590365 -81.114892
43.361480 53.924196 -72.193927
7
-13.430589 -64.555351 75.181287
-15.337218 -70.035909 69.711844
-25.861912 -77.603286 57.522966
-33.775200 -77.693572 53.131391
-45.757651 -68.039125 57.244343
-46.085800 -63.422788 62.077766
-14.956059 -63.773638 75.559509
7
67.787385 -52.040508 51.929336
83.828458 -39.162251 37.935573
82.027462 -47.430053 31.966943
70.781618 -63.557747 30.828157
68.575524 -64.832451 33.077951
66.129427 -62.635666 41.275565
65.799098 -55.795147 50.570548
6
-37.868787 28.835985 87.945670
-38.039635 41.491733 82.652419
-31.868386 45.906112 82.927890
-12.032340 42.132616 89.889184
-12.793289 30.245510 94.453909
-20.232489 22.331023 95.351832
4
16.374548 -74.615939 64.531666
12.809915 -89.252727 43.241841
0.727510 -89.236619 45.125344
-5.579222 -86.819559 49.307570
5
-79.031677 49.692741 35.841673
-79.000780 50.797555 34.329071
-62.526868 64.896022 43.346247
-62.272459 53.628963 56.974337
-68.524406 47.601493 55.122624
9
12.760288 -88.183733 -45.396082
6.690093 -87.734657 -47.517076
-4.303223 -90.304095 -42.739358
-8.746574 -94.075126 -32.762297
-8.634540 -94.138582 -32.609386
13.184358 -95.641604 -26.054871
16.027812 -95.103263 -26.428744
16.306412 -94.839407 -27.195362
12.964244 -88.225177 -45.257558
10
-16.406747 -98.634629 -1.424325
-16.410981 -98.633927 -1.424149
-19.927092 -97.993359 -0.461057
-23.735924 -97.125208 1.816554
-25.713147 -94.315715 21.056589
-15.214947 -94.885128 27.664380
-4.263799 -97.687438 20.951958
-0.573779 -99.003974 14.067121
-3.483644 -99.555444 8.750873
-15.832419 -98.731847 -1.164869
5
86.722937 -24.870213 -43.134727
77.808541 -29.044040 -55.698067
65.169543 -48.306372 -58.475851
65.109984 -48.445685 -58.426925
77.448706 -46.155150 -43.259683
7
-50.772232 42.802384 -74.767215
-46.875028 42.080740 -77.665585
-43.916550 42.676984 -79.057015
-40.166710 48.706239 -77.552161
-36.818267 65.288096 -66.195768
-42.111365 63.655174 -64.611545
-51.141635 53.233473 -67.459102
7
-43.577980 88.061699 18.603676
-40.232116 88.840094 22.109152
-36.233271 87.846229 31.147875
-38.009170 86.560990 32.595982
-55.931931 77.164184 30.287089
-57.176304 79.187138 21.453844
-56.731948 79.708465 20.689286
6
8.308857 -59.691569 -79.798994
13.225222 -58.396534 -80.093310
19.229583 -48.053514 -85.563327
13.146572 -39.374595 -90.976969
-2.499553 -47.018434 -88.221421
-2.977434 -56.945507 -82.148306
6
-87.287520 19.183345 -44.865222
-96.127208 22.302685 -16.191050
-97.760805 14.667559 -15.089325
-97.546455 11.397275 -18.835902
-89.906298 4.764766 -43.521887
-87.341346 15.310480 -46.228546
5
-51.858549 71.900557 46.270950
-36.553047 76.832144 52.542330
-33.612048 76.644301 54.734645
-38.264995 63.931640 66.697343
-46.364500 60.805989 64.443500
7
45.452446 -24.853810 85.535743
42.576145 -36.792903 82.665314
39.760524 -40.181079 82.489888
28.742855 -38.279246 87.798335
25.255757 -33.458031 90.789354
32.018586 -16.941507 93.208344
43.585666 -16.409096 88.493114
8
42.040962 -73.977480 52.534655
23.967333 -76.698043 59.522913
16.715646 -74.247518 64.868276
16.366023 -73.258411 66.070859
36.053803 -56.905558 73.904538
40.837161 -54.056188 73.554434
42.578372 -54.521246 72.211606
45.596883 -67.624311 57.860841
5
29.473194 19.777933 -93.488845
35.391635 23.930043 -90.414519
33.022314 31.125168 -89.110890
24.416858 32.134707 -91.494140
19.378624 21.526462 -95.713533
7
42.067398 90.584031 4.986722
39.984995 91.310968 7.969153
13.785407 98.114791 13.544384
10.833927 98.825082 10.780967
13.050661 99.039256 4.572313
28.421227 95.775658 -4.388303
41.078326 91.151429 -1.997048
8
53.518233 83.771456 -10.869308
71.980037 69.345424 -3.175916
67.833907 72.852909 9.540165
65.713589 74.457333 11.740091
53.843867 83.072382 14.135678
42.067398 90.584031 4.986722
41.078326 91.151429 -1.997048
43.057463 90.000059 -6.785588
5
41.368677 82.782500 -37.890503
43.427186 84.600918 -30.931605
39.462477 89.610363 -20.314913
20.848347 92.821912 -30.812971
22.249489 88.039521 -41.880818
9
-96.613333 -18.965551 -17.497765
-96.804133 -20.273199 -14.763373
-93.208957 -35.570812 -6.841614
-92.108071 -38.203883 -7.521078
-90.477486 -41.259874 -10.556860
-87.512690 -42.055381 -23.934787
-87.208858 -38.652477 -30.010016
-88.175538 -31.216420 -35.363958
-95.685096 -18.849790 -22.114424
7
-20.625961 -87.916375 42.956732
-12.678319 -89.081223 43.632511
-12.227810 -92.275217 36.548118
-15.214947 -94.885128 27.664380
-25.713147 -94.315715 21.056589
-34.080016 -90.092267 26.868864
-32.269556 -88.450887 33.691488
5
-41.403697 85.925297 -30.042923
-47.003941 85.768836 -20.840737
-51.049823 75.002427 -42.054149
-48.872179 75.346393 -43.982168
-40.485513 82.383837 -39.671484
6
50.534144 64.437953 57.393819
64.082251 60.718637 46.975655
66.221631 46.530092 58.733688
63.022154 47.438232 61.463991
48.083797 60.566219 63.400959
47.526609 62.216344 62.212121
5
54.333471 27.594455 79.286947
53.744888 26.670783 80.000977
32.577704 33.427307 88.438161
39.284510 41.612061 82.007095
54.915553 37.769515 74.550290
6
26.011076 -96.518586 2.754336
30.094136 -95.361079 -0.779452
29.121725 -94.667213 -13.785643
16.308427 -95.249289 -25.721744
11.271979 -99.076445 -7.536613
13.837237 -98.959450 -3.944378
6
54.071722 -4.382397 -84.006211
60.553527 -14.979376 -78.159380
63.466609 -13.565725 -76.078647
72.028250 -0.113620 -69.367991
71.033888 4.538516 -70.239509
59.218617 10.152782 -79.937953
6
-12.241544 -64.890672 -75.095575
4.258958 -76.850749 -63.842178
6.788206 -75.294193 -65.457657
8.308857 -59.691569 -79.798994
-2.977434 -56.945507 -82.148306
-5.998209 -58.022859 -81.224192
5
85.734040 -51.174133 5.557205
86.704298 -49.269690 7.406912
96.839977 -24.759435 2.998218
93.696796 -33.984399 -8.122259
85.894679 -51.197146 0.977907
7
-79.000780 50.797555 34.329071
-80.681121 50.998606 29.827822
-80.564952 53.698940 25.014244
-69.479572 67.421060 25.039763
-59.217630 69.267527 41.173803
-59.208489 69.221753 41.263831
-62.526868 64.896022 43.346247
6
57.847871 -77.628194 25.049699
59.590815 -80.080088 6.009517
59.126303 -80.447496 5.681611
45.258413 -87.770632 15.747772
42.119748 -87.534271 23.741911
42.536369 -87.270223 23.970097
7
84.391478 -10.043472 52.699214
85.340255 -13.350880 50.386455
77.331055 -30.685274 55.482627
75.310021 -31.406070 57.810548
72.407820 -23.466365 64.857053
72.581960 -19.792267 65.879628
79.632114 -10.145755 59.630446
6
10.833927 98.825082 10.780967
13.785407 98.114791 13.544384
16.911326 95.818147 23.084403
14.040295 94.524094 29.462955
-1.514238 97.294625 23.053482
-5.105145 98.945748 13.552726
6
73.806808 23.395614 63.286652
72.212509 22.652022 65.362370
54.333471 27.594455 79.286947
54.915553 37.769515 74.550290
55.228350 38.390097 74.000202
73.363286 28.882046 61.511427
6
-27.311523 87.761260 -39.395963
-20.529919 79.831185 -56.617174
-9.029080 82.767574 -55.389569
-8.645652 83.343777 -54.580836
-18.739225 93.458049 -30.239619
-25.702772 89.923341 -35.400003
4
-36.171304 -82.428889 43.555884
-33.446976 -79.396497 50.769046
-20.625961 -87.916375 42.956732
-32.269556 -88.450887 33.691488
6
28.742855 -38.279246 87.798335
39.760524 -40.181079 82.489888
40.837161 -54.056188 73.554434
36.053803 -56.905558 73.904538
22.064155 -51.692149 82.710911
20.736476 -46.916084 85.842179
7
52.938520 79.506060 29.602356
49.565832 78.679335 36.780301
34.362649 89.721440 27.735746
34.450338 91.648772 20.339046
39.984995 91.310968 7.969153
42.067398 90.584031 4.986722
53.843867 83.072382 14.135678
8
57.990367 -81.368211 4.041240
59.126303 -80.447496 5.681611
59.590815 -80.080088 6.009517
62.083777 -78.208580 5.387267
69.420936 -71.942399 -2.241627
70.489683 -70.641858 -6.397851
69.552029 -70.421546 -14.259073
54.669957 -82.839880 -12.196315
7
68.928410 67.201831 -27.070061
63.092534 71.331414 -30.514941
56.210932 68.111092 -46.917058
59.634305 57.606333 -55.904026
61.879741 52.870402 -58.100071
66.611009 49.470471 -55.817972
78.392970 51.320131 -34.939753
6
9.156337 1.495266 99.568698
22.959884 7.883438 97.008737
26.030239 -5.246816 96.410049
24.590502 -11.441153 96.251791
15.594538 -13.618397 97.833275
8.929164 0.164608 99.600416
7
82.875396 55.792133 -4.348173
84.114997 54.062808 1.371166
79.870482 56.548544 20.566191
79.090633 57.672100 20.459733
67.833907 72.852909 9.540165
71.980037 69.345424 -3.175916
75.126800 65.668604 -6.602913
5
38.738735 -81.615524 -42.874428
34.391587 -82.420369 -44.990016
12.964244 -88.225177 -45.257558
16.306412 -94.839407 -27.195362
33.064441 -89.125978 -31.037119
5
88.946974 -11.766394 -44.158667
82.655219 1.208232 -56.273040
76.642816 -4.049160 -64.105250
77.685317 -9.591980 -62.233314
87.688402 -18.129543 -44.520374
8
34.391587 -82.420369 -44.990016
38.738735 -81.615524 -42.874428
42.979514 -79.425613 -42.945702
47.645360 -70.495545 -52.538536
47.595899 -67.039951 -56.923417
39.121758 -65.148280 -65.001459
26.025658 -70.088163 -66.410199
23.379532 -73.303105 -63.875287
5
-44.172613 16.118968 -88.255080
-64.938775 14.593421 -74.632349
-69.083425 10.147957 -71.585609
-48.507469 -0.014452 -87.447271
-46.935431 0.050701 -88.300978
5
-75.052607 -21.693509 62.421934
-82.735350 -11.605972 54.956013
-82.765355 -2.272338 56.077915
-79.018438 -2.694264 61.227668
-70.986919 -9.093390 69.843880
7
50.290170 -84.669046 -17.379629
50.415453 -84.704720 -16.834266
54.669957 -82.839880 -12.196315
69.552029 -70.421546 -14.259073
70.771863 -67.879901 -19.587302
62.377239 -72.172384 -30.003784
52.377689 -79.206662 -31.350955
7
34.362649 89.721440 27.735746
21.086081 86.971645 44.624099
18.884196 87.386768 44.798884
15.268132 90.045670 40.726667
14.040295 94.524094 29.462955
16.911326 95.818147 23.084403
34.450338 91.648772 20.339046
5
99.424448 -10.532900 -1.958888
99.939354 2.921244 1.895193
98.810453 7.779606 -13.265449
98.034790 -0.965234 -19.704019
97.445285 -13.428616 -18.002464
5
-42.896930 -56.571471 -70.423874
-41.760850 -47.797451 -77.275061
-49.273538 -40.549110 -76.992780
-54.489677 -38.261783 -74.611736
-59.581029 -50.923214 -62.104164
5
-36.225108 -89.385202 26.420204
-43.404762 -89.383003 11.256353
-53.887294 -83.351392 12.194462
-53.756544 -82.613188 16.890681
-42.676035 -86.149293 27.514639
7
-68.152206 73.165197 -1.459740
-66.571166 74.564390 2.903720
-66.176411 72.648542 18.516801
-67.728020 71.004496 19.268546
-80.414158 59.201047 5.366488
-80.425978 59.353027 2.979966
-70.663657 70.680598 -3.301609
7
-42.495113 -90.182878 -7.823931
-46.764753 -88.027932 -8.008811
-47.071172 -87.888086 -7.745260
-54.962158 -82.913869 10.220148
-53.887294 -83.351392 12.194462
-43.404762 -89.383003 11.256353
-34.145801 -93.987195 -0.686581
5
-96.719625 -2.861468 25.241357
-93.579253 5.730755 34.786231
-89.723542 0.802088 44.147964
-92.163405 -10.269011 37.422643
-94.263541 -12.390959 30.997565
6
-34.080016 -90.092267 26.868864
-25.713147 -94.315715 21.056589
-23.735924 -97.125208 1.816554
-34.145801 -93.987195 -0.686581
-43.404762 -89.383003 11.256353
-36.225108 -89.385202 26.420204
7
-80.564952 53.698940 25.014244
-80.681121 50.998606 29.827822
-89.068037 37.094236 26.285023
-93.995748 30.364950 15.581052
-94.121180 30.557054 14.403817
-93.971150 32.467287 10.737702
-81.708786 54.741293 18.084941
6
-76.697341 -62.558816 -14.279791
-76.421915 -62.572765 -15.631376
-78.135316 -58.219646 -22.479885
-87.512690 -42.055381 -23.934787
-90.477486 -41.259874 -10.556860
-81.982539 -57.068818 -4.691835
6
-75.162606 -58.378768 -30.700196
-65.621285 -67.553398 -33.621203
-65.174243 -55.334830 -51.868822
-65.622495 -54.566294 -52.117250
-70.121108 -52.058724 -48.712621
-75.655371 -52.810570 -38.565639
7
87.102554 -24.364995 -42.655505
87.688402 -18.129543 -44.520374
77.685317 -9.591980 -62.233314
73.330411 -18.814321 -65.335076
73.954533 -25.546241 -62.274526
77.808541 -29.044040 -55.698067
86.722937 -24.870213 -43.134727
5
-27.307138 -94.277218 -19.134429
-19.927092 -97.993359 -0.461057
-16.410981 -98.633927 -1.424149
-18.428232 -94.790103 -25.985315
-23.021293 -93.870138 -25.659645
7
-76.749538 -27.701757 -57.811081
-81.637103 -32.407327 -47.803227
-70.121108 -52.058724 -48.712621
-65.622495 -54.566294 -52.117250
-64.511612 -52.015012 -55.970443
-69.286623 -30.835690 -65.180703
-69.471009 -30.673889 -65.060674
7
-49.223604 -58.392130 64.555371
-46.085800 -63.422788 62.077766
-45.757651 -68.039125 57.244343
-51.678347 -70.590572 48.438823
-65.958978 -61.864833 42.686715
-72.010702 -47.984470 50.119352
-53.352084 -54.564598 64.623987
8
86.967365 9.705721 48.399136
89.147359 11.271326 43.882862
90.003396 10.865777 42.205729
94.951397 -0.486008 31.368712
94.923663 -2.003624 31.392415
88.592341 -15.973015 43.546066
85.340255 -13.350880 50.386455
84.391478 -10.043472 52.699214
6
78.392970 51.320131 -34.939753
82.342801 46.943300 -31.874592
88.359496 44.099794 -15.741907
82.875396 55.792133 -4.348173
75.126800 65.668604 -6.602913
68.928410 67.201831 -27.070061
8
-20.232489 22.331023 95.351832
-12.793289 30.245510 94.453909
2.202500 30.475706 95.217542
12.070015 23.093664 96.545313
12.096733 22.648839 96.647292
7.372154 16.982620 98.271267
-16.967875 14.213937 97.519512
-18.739600 15.958047 96.923517
5
-64.968986 56.399399 -50.971939
-64.709709 53.487449 -54.329976
-51.141635 53.233473 -67.459102
-42.111365 63.655174 -64.611545
-51.822374 64.765953 -55.855285
7
54.071722 -4.382397 -84.006211
59.218617 10.152782 -79.937953
58.215798 12.647027 -80.317953
50.451651 20.279250 -83.924865
46.497634 18.758354 -86.522218
36.930072 0.824096 -92.927340
37.364767 -4.488519 -92.648407
5
-56.926850 79.112533 -22.372769
-68.858232 70.998150 -14.758274
-73.719125 61.706475 -27.528196
-68.204010 61.449145 -39.651175
-61.493866 69.275543 -37.674974
6
-40.967351 40.700199 -81.640492
-43.916550 42.676984 -79.057015
-46.875028 42.080740 -77.665585
-50.718637 27.029559 -81.835340
-42.673680 18.076153 -88.612695
-35.509216 21.666269 -90.937717
4
16.366023 -73.258411 66.070859
6.718457 -67.454538 73.516989
22.064155 -51.692149 82.710911
36.053803 -56.905558 73.904538
6
-89.068037 37.094236 26.285023
-88.266558 27.230764 38.307966
-90.782138 20.460860 36.605417
-93.009186 17.389061 32.356019
-94.875905 18.386179 25.700410
-93.995748 30.364950 15.581052
8
48.083797 60.566219 63.400959
45.653437 53.501790 71.086723
39.485854 51.259867 76.244956
27.491086 56.194851 78.015248
21.611841 61.239931 76.043404
20.078856 65.867998 72.513767
34.182016 69.443987 63.317631
47.526609 62.216344 62.212121
6
-70.663657 70.680598 -3.301609
-80.425978 59.353027 2.979966
-82.198142 56.949112 0.513919
-78.939466 56.716092 -23.491395
-73.719125 61.706475 -27.528196
-68.858232 70.998150 -14.758274
9
-29.903031 -85.445200 -42.484427
-33.604367 -75.348132 -56.510224
-33.776155 -75.268076 -56.514495
-45.565183 -73.186135 -50.671528
-41.205490 -83.289498 -36.945463
-39.375242 -84.944082 -35.129664
-37.241018 -86.257655 -34.245052
-35.099842 -86.661988 -35.464079
-30.932229 -86.293606 -39.957612
5
-61.453140 -73.050311 -29.785294
-61.165619 -74.490013 -26.645919
-39.375242 -84.944082 -35.129664
-41.205490 -83.289498 -36.945463
-55.139987 -73.223027 -39.974618
6
-98.589514 -15.948411 -5.075033
-96.804133 -20.273199 -14.763373
-96.613333 -18.965551 -17.497765
-99.103469 9.347210 -9.546309
-99.804421 5.665246 -2.642445
-99.998886 -0.133487 0.452784
8
-10.927109 -14.873627 98.282112
-8.367380 -19.844130 97.653456
-20.085055 -29.991550 93.258230
-36.461123 -29.872669 88.194161
-42.226768 -27.742608 86.297438
-44.270476 -24.553610 86.239465
-43.447828 -17.052778 88.439183
-28.225655 -11.712106 95.216275
7
63.192303 -7.827321 77.106847
59.198248 -25.400670 76.487733
45.452446 -24.853810 85.535743
43.585666 -16.409096 88.493114
52.654285 -1.347249 85.004184
55.673055 1.261252 83.059739
61.689699 -3.328096 78.633993
6
45.653437 53.501790 71.086723
55.232520 38.741026 73.813967
55.228350 38.390097 74.000202
54.915553 37.769515 74.550290
39.284510 41.612061 82.007095
39.485854 51.259867 76.244956
6
50.534144 64.437953 57.393819
47.506958 77.562385 41.559180
49.485889 77.965058 38.374426
66.175947 63.234939 40.275135
66.708700 62.029778 41.258406
64.082251 60.718637 46.975655
6
29.121725 -94.667213 -13.785643
35.522601 -90.941388 -21.628885
33.064441 -89.125978 -31.037119
16.306412 -94.839407 -27.195362
16.027812 -95.103263 -26.428744
16.308427 -95.249289 -25.721744
5
-27.311523 87.761260 -39.395963
-35.767058 83.020039 -42.759686
-32.978647 75.749224 -56.342381
-29.293366 74.143096 -60.371350
-20.529919 79.831185 -56.617174
7
-18.425055 -38.457243 -90.451964
-30.290628 -30.842810 -90.173161
-31.726037 -31.825913 -89.334035
-35.479923 -46.266661 -81.243899
-27.732953 -49.744152 -82.197340
-21.284849 -49.000733 -84.533327
-18.097407 -39.636426 -90.007986
7
49.412662 -52.387839 69.382297
42.578372 -54.521246 72.211606
40.837161 -54.056188 73.554434
39.760524 -40.181079 82.489888
42.576145 -36.792903 82.665314
58.962117 -35.297005 72.647025
60.449124 -40.320538 68.703403
8
-64.968986 56.399399 -50.971939
-51.822374 64.765953 -55.855285
-47.848672 74.471001 -46.524989
-48.872179 75.346393 -43.982168
-51.049823 75.002427 -42.054149
-61.493866 69.275543 -37.674974
-68.204010 61.449145 -39.651175
-68.496275 58.345211 -43.635955
5
-59.256358 -80.151043 8.030835
-54.962158 -82.913869 10.220148
-47.071172 -87.888086 -7.745260
-64.186354 -76.548764 -4.516502
-64.533421 -76.287940 -3.948148
5
-69.471009 -30.673889 -65.060674
-69.696114 -14.182649 -70.294411
-76.690564 -12.819917 -62.882487
-78.955818 -18.321966 -58.568630
-76.749538 -27.701757 -57.811081
6
-10.302293 -30.769882 -94.588991
-12.918892 -23.430202 -96.354179
-21.079779 -18.525858 -95.981433
-28.739063 -25.035565 -92.451537
-30.290628 -30.842810 -90.173161
-18.425055 -38.457243 -90.451964
6
68.575524 -64.832451 33.077951
59.494291 -75.290784 28.137645
46.157802 -78.764810 40.811298
43.747854 -77.808758 45.076851
43.876063 -75.217425 49.165334
66.129427 -62.635666 41.275565
6
43.427186 84.600918 -30.931605
41.368677 82.782500 -37.890503
44.522179 75.634091 -47.929739
56.210932 68.111092 -46.917058
63.092534 71.331414 -30.514941
62.328341 72.248231 -29.922752
6
-52.804875 84.700625 6.119586
-59.636294 80.200003 -3.387028
-46.013838 87.220133 -16.594431
-37.331234 92.310010 -9.232602
-36.417480 92.910599 -6.433334
-44.193107 89.578579 4.758944
6
27.491086 56.194851 78.015248
27.898890 35.136188 89.370578
25.786588 35.194122 89.980141
16.572038 42.800714 88.845182
15.129948 52.573284 83.708629
21.611841 61.239931 76.043404
6
-25.861912 -77.603286 57.522966
-10.052756 -87.753685 46.885317
-12.678319 -89.081223 43.632511
-20.625961 -87.916375 42.956732
-33.446976 -79.396497 50.769046
-33.775200 -77.693572 53.131391
7
25.462019 -96.553309 5.398532
12.953710 -97.584986 17.588969
14.578125 -94.379514 29.664551
20.115441 -91.614873 34.671084
26.394390 -89.663335 35.550281
28.042852 -89.436527 34.852635
36.031358 -89.922859 24.811703
5
-99.998886 -0.133487 0.452784
-99.087177 -7.579249 11.148376
-97.298990 -19.744316 11.961127
-97.618308 -21.332963 3.945973
-98.589514 -15.948411 -5.075033
5
-12.468053 76.412765 63.290101
-23.654995 80.662839 54.165927
-23.578200 80.933416 53.794523
-8.573005 90.579586 41.495086
1.586033 80.135238 59.798229
6
65.726049 28.138139 -69.916605
54.155522 34.418456 -76.697779
51.485390 32.805364 -79.202669
50.451651 20.279250 -83.924865
58.215798 12.647027 -80.317953
66.701390 22.580040 -71.000468
5
17.335288 77.531335 -60.732033
20.849336 75.340335 -62.362963
36.878507 69.851297 -61.325133
39.631491 75.593280 -52.105671
21.257696 83.564912 -50.645985
5
-27.712417 88.935453 36.366290
-15.175063 92.488794 34.864603
-8.086948 91.797532 38.830585
-8.573005 90.579586 41.495086
-23.578200 80.933416 53.794523
6
96.892645 -16.344255 -18.565576
91.779312 -28.674014 -27.465594
91.630238 -29.999660 -26.531487
93.696796 -33.984399 -8.122259
96.839977 -24.759435 2.998218
96.923622 -24.407916 3.172564
6
-54.489677 -38.261783 -74.611736
-49.273538 -40.549110 -76.992780
-43.746388 -28.439472 -85.307971
-48.886661 -19.576220 -85.010976
-56.917286 -20.296384 -79.677345
-60.328179 -31.333555 -73.339751
5
-10.302293 -30.769882 -94.588991
-18.425055 -38.457243 -90.451964
-18.097407 -39.636426 -90.007986
-3.162196 -45.834818 -88.821000
-3.235429 -33.950087 -94.004912
5
-44.193107 89.578579 4.758944
-36.417480 92.910599 -6.433334
-20.000753 97.870054 4.628438
-40.232116 88.840094 22.109152
-43.577980 88.061699 18.603676
7
37.364767 -4.488519 -92.648407
35.986246 -6.675557 -93.061415
34.381045 -13.763138 -92.889826
38.784015 -19.824275 -90.015545
57.192191 -24.049127 -78.426353
60.553527 -14.979376 -78.159380
54.071722 -4.382397 -84.006211
6
55.228350 38.390097 74.000202
55.232520 38.741026 73.813967
63.022154 47.438232 61.463991
66.221631 46.530092 58.733688
74.296559 37.921228 55.154346
73.363286 28.882046 61.511427
7
-42.836605 -60.974614 -66.686743
-33.776155 -75.268076 -56.514495
-33.604367 -75.348132 -56.510224
-26.762895 -74.672725 -60.891146
-21.026387 -67.323929 -70.889912
-24.193613 -65.075669 -71.971011
-42.094381 -58.401237 -69.407195
6
30.094136 -95.361079 -0.779452
36.550362 -93.075330 -1.026652
50.415453 -84.704720 -16.834266
50.290170 -84.669046 -17.379629
35.522601 -90.941388 -21.628885
29.121725 -94.667213 -13.785643
6
93.763509 24.425716 -24.734365
85.821808 31.658273 -40.402612
87.463576 14.813554 -46.159305
90.162092 11.040418 -41.819928
91.091017 11.274120 -39.690311
94.817180 20.477870 -24.297309
5
72.407820 -23.466365 64.857053
60.728260 -29.835750 73.633596
59.198248 -25.400670 76.487733
63.192303 -7.827321 77.106847
72.581960 -19.792267 65.879628
4
-87.854633 -5.991931 -47.388398
-78.955818 -18.321966 -58.568630
-76.690564 -12.819917 -62.882487
-77.629056 2.386619 -62.992330
7
85.928974 36.774946 35.550172
80.479514 50.921847 30.496120
81.243005 52.320754 25.731554
92.444206 35.672068 13.474881
93.552032 32.615867 13.572861
94.107328 30.621131 14.358177
90.567634 31.964569 27.852649
5
47.526609 62.216344 62.212121
34.182016 69.443987 63.317631
31.652897 81.193434 49.048144
47.506958 77.562385 41.559180
50.534144 64.437953 57.393819
5
-76.151647 27.958536 -58.474327
-75.607637 35.070053 -55.259177
-82.153943 40.311711 -40.319916
-82.820994 39.712579 -39.542308
-86.371915 21.473582 -45.593613
7
34.182016 69.443987 63.317631
20.078856 65.867998 72.513767
16.035369 67.985225 71.560298
6.382824 79.883453 59.815496
18.884196 87.386768 44.798884
21.086081 86.971645 44.624099
31.652897 81.193434 49.048144
5
-75.607637 35.070053 -55.259177
-76.151647 27.958536 -58.474327
-73.828781 24.274189 -62.929125
-61.086192 38.928669 -68.942265
-66.304100 46.280221 -58.837976
5
32.776737 5.685084 -94.304641
36.930072 0.824096 -92.927340
46.497634 18.758354 -86.522218
35.391635 23.930043 -90.414519
29.473194 19.777933 -93.488845
5
-93.493728 35.028877 -5.648057
-96.065329 22.617460 -16.121509
-84.981138 39.601022 -34.784554
-83.091913 50.156854 -24.083687
-91.878995 39.030190 -5.907160
6
85.405183 -52.002372 -1.306901
70.489683 -70.641858 -6.397851
69.420936 -71.942399 -2.241627
79.479771 -59.546943 11.710144
85.734040 -51.174133 5.557205
85.894679 -51.197146 0.977907
7
-74.016253 8.283008 -66.730698
-77.629056 2.386619 -62.992330
-76.690564 -12.819917 -62.882487
-69.696114 -14.182649 -70.294411
-65.394660 -8.663401 -75.156396
-69.964433 9.662062 -70.792815
-71.391187 10.096132 -69.291894
7
-69.471009 -30.673889 -65.060674
-69.286623 -30.835690 -65.180703
-60.328179 -31.333555 -73.339751
-56.917286 -20.296384 -79.677345
-62.209141 -11.209539 -77.487863
-65.394660 -8.663401 -75.156396
-69.696114 -14.182649 -70.294411
6
-67.728020 71.004496 19.268546
-66.176411 72.648542 18.516801
-57.176304 79.187138 21.453844
-55.931931 77.164184 30.287089
-59.217630 69.267527 41.173803
-69.479572 67.421060 25.039763
7
-67.876462 -73.368871 -3.129626
-64.533421 -76.287940 -3.948148
-64.186354 -76.548764 -4.516502
-61.086855 -75.559671 -23.645978
-61.476995 -74.944857 -24.573307
-76.421915 -62.572765 -15.631376
-76.697341 -62.558816 -14.279791
4
63.022154 47.438232 61.463991
55.232520 38.741026 73.813967
45.653437 53.501790 71.086723
48.083797 60.566219 63.400959
6
-86.371915 21.473582 -45.593613
-82.820994 39.712579 -39.542308
-84.981138 39.601022 -34.784554
-96.065329 22.617460 -16.121509
-96.127208 22.302685 -16.191050
-87.287520 19.183345 -44.865222
5
-72.351918 -68.839675 5.128253
-70.508896 -69.154307 15.690041
-59.256358 -80.151043 8.030835
-64.533421 -76.287940 -3.948148
-67.876462 -73.368871 -3.129626
5
-59.581029 -50.923214 -62.104164
-54.489677 -38.261783 -74.611736
-60.328179 -31.333555 -73.339751
-69.286623 -30.835690 -65.180703
-64.511612 -52.015012 -55.970443
6
-68.496275 58.345211 -43.635955
-82.153943 40.311711 -40.319916
-75.607637 35.070053 -55.259177
-66.304100 46.280221 -58.837976
-64.709709 53.487449 -54.329976
-64.968986 56.399399 -50.971939
7
-37.267319 63.533589 67.636011
-38.264995 63.931640 66.697343
-33.612048 76.644301 54.734645
-23.654995 80.662839 54.165927
-12.468053 76.412765 63.290101
-14.621972 69.972996 69.928376
-25.635344 63.296969 73.050140
5
49.931101 -45.898296 -73.486268
38.855385 -60.683589 -69.338020
39.121758 -65.148280 -65.001459
47.595899 -67.039951 -56.923417
60.084788 -52.037337 -60.678940
4
-65.292246 -14.227438 74.394238
-52.133894 -26.403627 81.147431
-61.098634 -32.661318 72.112379
-69.921292 -29.417213 65.158580
6
-1.024208 98.726565 -15.875020
-11.586480 95.597961 -26.958919
1.047504 90.825472 -41.828654
13.401397 95.696553 -25.740480
9.256070 97.642581 -19.500039
1.609463 98.680097 -16.113600
4
16.911326 95.818147 23.084403
13.785407 98.114791 13.544384
39.984995 91.310968 7.969153
34.450338 91.648772 20.339046
7
-89.063167 -6.749945 -44.968772
-87.147084 -29.834595 -38.926633
-81.637103 -32.407327 -47.803227
-76.749538 -27.701757 -57.811081
-78.955818 -18.321966 -58.568630
-87.854633 -5.991931 -47.388398
-88.718041 -5.910681 -45.762135
7
74.362189 0.916716 66.853755
61.689699 -3.328096 78.633993
55.673055 1.261252 83.059739
55.662821 1.595773 83.060844
72.212509 22.652022 65.362370
73.806808 23.395614 63.286652
79.760141 13.348764 58.822873
7
39.071409 56.097957 -72.982493
43.361480 53.924196 -72.193927
58.541941 50.979807 -63.038880
61.879741 52.870402 -58.100071
59.634305 57.606333 -55.904026
37.718319 67.043178 -63.894763
35.136811 61.929996 -70.214530
5
22.959884 7.883438 97.008737
23.680533 9.990719 96.640664
28.165055 11.608737 95.246873
39.269791 1.284165 91.957786
26.030239 -5.246816 96.410049
6
34.381045 -13.763138 -92.889826
35.986246 -6.675557 -93.061415
15.724997 -1.029925 -98.750512
12.981348 -9.566433 -98.691276
21.181189 -16.566938 -96.316633
29.987849 -16.678830 -93.928406
5
79.632114 -10.145755 59.630446
72.581960 -19.792267 65.879628
63.192303 -7.827321 77.106847
61.689699 -3.328096 78.633993
74.362189 0.916716 66.853755
6
-85.842920 -20.644070 46.955462
-73.997286 -35.997768 56.820439
-73.881025 -45.776280 49.458330
-74.737223 -45.595773 48.325697
-84.025807 -34.407775 41.901895
-86.661646 -23.159620 44.197185
6
-30.932229 -86.293606 -39.957612
-8.850858 -94.073010 -32.740358
-8.746574 -94.075126 -32.762297
-4.303223 -90.304095 -42.739358
-15.382436 -85.234893 -49.983935
-29.903031 -85.445200 -42.484427
7
85.821808 31.658273 -40.402612
85.722857 31.873382 -40.443533
73.566783 35.587889 -57.631854
73.571337 35.469072 -57.699250
79.209535 17.203629 -58.565217
83.341146 14.008049 -53.460528
87.463576 14.813554 -46.159305
7
15.129948 52.573284 83.708629
-4.563448 52.121961 85.220163
-5.262495 52.371267 85.026799
-3.978663 60.310743 79.666709
16.035369 67.985225 71.560298
20.078856 65.867998 72.513767
21.611841 61.239931 76.043404
5
43.361480 53.924196 -72.193927
44.803333 37.590365 -81.114892
51.485390 32.805364 -79.202669
54.155522 34.418456 -76.697779
58.541941 50.979807 -63.038880
6
-18.416536 93.744664 -29.542667
-18.739225 93.458049 -30.239619
-8.645652 83.343777 -54.580836
1.456094 88.639444 -46.270171
1.047504 90.825472 -41.828654
-11.586480 95.597961 -26.958919
4
0.755140 -98.319288 -18.241362
13.184358 -95.641604 -26.054871
-8.634540 -94.138582 -32.609386
-4.675252 -98.053008 -19.072219
6
35.499829 -42.219952 -83.410058
37.638973 -41.117987 -83.021797
38.784015 -19.824275 -90.015545
34.381045 -13.763138 -92.889826
29.987849 -16.678830 -93.928406
23.727090 -30.361960 -92.277714
6
64.082251 60.718637 46.975655
66.708700 62.029778 41.258406
74.841984 54.138545 38.310513
74.440345 37.973254 54.924193
74.296559 37.921228 55.154346
66.221631 46.530092 58.733688
5
4.830105 -94.399334 32.641016
0.727510 -89.236619 45.125344
12.809915 -89.252727 43.241841
20.115441 -91.614873 34.671084
14.578125 -94.379514 29.664551
7
70.781618 -63.557747 30.828157
75.098827 -63.315973 18.741764
62.083777 -78.208580 5.387267
59.590815 -80.080088 6.009517
57.847871 -77.628194 25.049699
59.494291 -75.290784 28.137645
68.575524 -64.832451 33.077951
5
-79.018438 -2.694264 61.227668
-68.906063 5.288962 72.277115
-65.937628 3.723677 75.089037
-69.735752 -8.837226 71.125441
-70.986919 -9.093390 69.843880
6
-3.978663 60.310743 79.666709
-14.621972 69.972996 69.928376
-12.468053 76.412765 63.290101
1.586033 80.135238 59.798229
6.382824 79.883453 59.815496
16.035369 67.985225 71.560298
5
-56.926850 79.112533 -22.372769
-61.493866 69.275543 -37.674974
-51.049823 75.002427 -42.054149
-47.003941 85.768836 -20.840737
-47.344415 85.854228 -19.686490
5
74.844752 13.924816 -64.841057
66.701390 22.580040 -71.000468
58.215798 12.647027 -80.317953
59.218617 10.152782 -79.937953
71.033888 4.538516 -70.239509
5
5.145934 -21.767126 -97.466464
8.195277 -11.778525 -98.965164
0.543487 -5.537228 -99.845099
-4.434899 -11.706035 -99.213408
-3.272271 -18.567926 -98.206539
5
-56.731948 79.708465 20.689286
-57.176304 79.187138 21.453844
-66.176411 72.648542 18.516801
-66.571166 74.564390 2.903720
-57.407871 80.982282 12.091582
7
-14.785457 98.557653 8.232818
-16.633213 97.717678 13.213313
-33.337682 88.741943 31.834990
-36.233271 87.846229 31.147875
-40.232116 88.840094 22.109152
-20.000753 97.870054 4.628438
-15.851545 98.544697 6.137685
5
-97.170702 -20.124232 12.364059
-93.785809 -31.147564 15.298736
-93.812938 -34.296849 -4.781092
-97.618308 -21.332963 3.945973
-97.298990 -19.744316 11.961127
7
-18.912628 15.635800 -96.942427
-6.205251 2.903123 -99.765058
-0.167945 2.677719 -99.964002
9.219716 10.513842 -99.017453
10.017425 13.331661 -98.599787
9.999960 13.614410 -98.562917
0.783692 21.250179 -97.712925
5
-61.086855 -75.559671 -23.645978
-64.186354 -76.548764 -4.516502
-47.071172 -87.888086 -7.745260
-46.764753 -88.027932 -8.008811
-52.768242 -82.840999 -18.785141
7
-3.272271 -18.567926 -98.206539
-4.434899 -11.706035 -99.213408
-17.389098 -7.512665 -98.189506
-19.576083 -8.217769 -97.720240
-21.198045 -11.304133 -97.071414
-21.079779 -18.525858 -95.981433
-12.918892 -23.430202 -96.354179
7
-42.732316 25.047427 86.871028
-45.313487 24.482847 85.716265
-60.589531 36.548560 70.661952
-54.176762 46.716346 69.874612
-38.194036 41.627488 82.512835
-38.039635 41.491733 82.652419
-37.868787 28.835985 87.945670
6
23.727090 -30.361960 -92.277714
29.987849 -16.678830 -93.928406
21.181189 -16.566938 -96.316633
7.672134 -26.114969 -96.224460
7.787220 -28.466511 -95.545889
13.231572 -33.665069 -93.228690
5
13.837237 -98.959450 -3.944378
11.271979 -99.076445 -7.536613
8.128487 -99.297770 -8.595378
-15.832419 -98.731847 -1.164869
-3.483644 -99.555444 8.750873
6
82.342801 46.943300 -31.874592
85.722857 31.873382 -40.443533
85.821808 31.658273 -40.402612
93.763509 24.425716 -24.734365
90.128352 40.652264 -14.975769
88.359496 44.099794 -15.741907
7
49.931101 -45.898296 -73.486268
47.366339 -40.766545 -78.067399
37.638973 -41.117987 -83.021797
35.499829 -42.219952 -83.410058
35.461088 -42.262913 -83.404780
33.691452 -55.246991 -76.240777
38.855385 -60.683589 -69.338020
7
6.788206 -75.294193 -65.457657
22.641654 -73.634955 -63.759304
23.379532 -73.303105 -63.875287
26.025658 -70.088163 -66.410199
19.598330 -61.204885 -76.615061
13.225222 -58.396534 -80.093310
8.308857 -59.691569 -79.798994
6
97.048312 -23.780225 4.015720
96.923622 -24.407916 3.172564
96.839977 -24.759435 2.998218
86.704298 -49.269690 7.406912
87.935815 -45.756068 13.178573
93.146271 -28.442957 22.688553
5
-57.407871 80.982282 12.091582
-66.571166 74.564390 2.903720
-68.152206 73.165197 -1.459740
-59.636294 80.200003 -3.387028
-52.804875 84.700625 6.119586
6
19.229583 -48.053514 -85.563327
35.461088 -42.262913 -83.404780
35.499829 -42.219952 -83.410058
23.727090 -30.361960 -92.277714
13.231572 -33.665069 -93.228690
13.146572 -39.374595 -90.976969
7
-3.235429 -33.950087 -94.004912
7.787220 -28.466511 -95.545889
7.672134 -26.114969 -96.224460
5.145934 -21.767126 -97.466464
-3.272271 -18.567926 -98.206539
-12.918892 -23.430202 -96.354179
-10.302293 -30.769882 -94.588991
7
36.930072 0.824096 -92.927340
32.776737 5.685084 -94.304641
10.017425 13.331661 -98.599787
9.219716 10.513842 -99.017453
15.724997 -1.029925 -98.750512
35.986246 -6.675557 -93.061415
37.364767 -4.488519 -92.648407
6
97.284318 -0.718745 -23.135361
98.034790 -0.965234 -19.704019
98.810453 7.779606 -13.265449
98.460648 10.644061 -13.863792
94.817180 20.477870 -24.297309
91.091017 11.274120 -39.690311
8
-56.917286 -20.296384 -79.677345
-48.886661 -19.576220 -85.010976
-43.349289 -11.899952 -89.326537
-42.529441 -5.828358 -90.317644
-42.582117 -5.621543 -90.305933
-46.935431 0.050701 -88.300978
-48.507469 -0.014452 -87.447271
-62.209141 -11.209539 -77.487863
7
-8.634540 -94.138582 -32.609386
-8.746574 -94.075126 -32.762297
-8.850858 -94.073010 -32.740358
-18.428232 -94.790103 -25.985315
-16.410981 -98.633927 -1.424149
-16.406747 -98.634629 -1.424325
-4.675252 -98.053008 -19.072219
5
-81.640985 33.674565 46.912400
-79.031677 49.692741 35.841673
-68.524406 47.601493 55.122624
-75.053094 31.604886 58.035887
-76.930259 30.337216 56.226227
6
-18.682086 54.179187 -81.948736
-19.716774 55.389879 -80.890111
-40.166710 48.706239 -77.552161
-43.916550 42.676984 -79.057015
-40.967351 40.700199 -81.640492
-24.231005 43.432353 -86.755340
5
96.636965 21.374355 14.298042
91.561665 14.894774 37.344441
90.567634 31.964569 27.852649
94.107328 30.621131 14.358177
95.674924 26.011870 13.026571
5
-21.198045 -11.304133 -97.071414
-42.529441 -5.828358 -90.317644
-43.349289 -11.899952 -89.326537
-28.739063 -25.035565 -92.451537
-21.079779 -18.525858 -95.981433
5
90.596130 39.932434 -14.062078
97.076010 23.518881 -4.807346
95.674924 26.011870 13.026571
94.107328 30.621131 14.358177
93.552032 32.615867 13.572861
5
19.598330 -61.204885 -76.615061
26.025658 -70.088163 -66.410199
39.121758 -65.148280 -65.001459
38.855385 -60.683589 -69.338020
33.691452 -55.246991 -76.240777
4
-81.540703 -57.884418 -0.712630
-81.692811 -57.665412 -0.992435
-87.604085 -46.854372 11.410180
-77.457951 -60.077430 19.772917
4
-31.004442 3.457118 -95.009331
-20.308577 -6.439403 -97.704124
-19.187156 15.693963 -96.879062
-26.474935 20.393429 -94.250655
7
57.192191 -24.049127 -78.426353
57.277424 -27.527099 -77.211110
63.498941 -31.134387 -70.700314
73.954533 -25.546241 -62.274526
73.330411 -18.814321 -65.335076
63.466609 -13.565725 -76.078647
60.553527 -14.979376 -78.159380
5
94.923663 -2.003624 31.392415
95.840305 -14.642922 24.499405
92.892176 -27.282836 25.033788
88.876237 -29.758476 34.863271
88.592341 -15.973015 43.546066
5
-29.903031 -85.445200 -42.484427
-15.382436 -85.234893 -49.983935
-15.602495 -81.970872 -55.112052
-26.762895 -74.672725 -60.891146
-33.604367 -75.348132 -56.510224
6
-66.066080 24.873431 70.827858
-72.232013 11.613627 68.173748
-81.785788 12.633006 56.138152
-76.930259 30.337216 56.226227
-75.053094 31.604886 58.035887
-67.109724 30.210169 67.702516
6
23.967333 -76.698043 59.522913
26.394390 -89.663335 35.550281
20.115441 -91.614873 34.671084
12.809915 -89.252727 43.241841
16.374548 -74.615939 64.531666
16.715646 -74.247518 64.868276
6
62.328341 72.248231 -29.922752
63.092534 71.331414 -30.514941
68.928410 67.201831 -27.070061
75.126800 65.668604 -6.602913
71.980037 69.345424 -3.175916
53.518233 83.771456 -10.869308
5
50.415453 -84.704720 -16.834266
36.550362 -93.075330 -1.026652
40.393577 -91.466144 1.517708
57.990367 -81.368211 4.041240
54.669957 -82.839880 -12.196315
5
-69.735752 -8.837226 71.125441
-65.937628 3.723677 75.089037
-60.364691 5.211008 79.554695
-53.803541 -3.237262 84.230037
-65.403793 -13.616715 74.410543
5
-78.135316 -58.219646 -22.479885
-75.162606 -58.378768 -30.700196
-75.655371 -52.810570 -38.565639
-87.208858 -38.652477 -30.010016
-87.512690 -42.055381 -23.934787
6
94.817180 20.477870 -24.297309
98.460648 10.644061 -13.863792
97.076010 23.518881 -4.807346
90.596130 39.932434 -14.062078
90.128352 40.652264 -14.975769
93.763509 24.425716 -24.734365
8
3.409061 -46.366523 88.535438
-2.192384 -63.611592 77.128197
-13.430589 -64.555351 75.181287
-14.956059 -63.773638 75.559509
-22.584361 -53.708928 81.272982
-21.266606 -45.948590 86.234903
-18.190490 -42.164344 88.832844
1.834380 -39.789686 91.724675
7
-46.364500 60.805989 64.443500
-54.709108 52.352004 65.316010
-62.272459 53.628963 56.974337
-62.526868 64.896022 43.346247
-59.208489 69.221753 41.263831
-52.011060 71.892480 46.112047
-51.858549 71.900557 46.270950
4
-21.266606 -45.948590 86.234903
-36.461123 -29.872669 88.194161
-20.085055 -29.991550 93.258230
-18.190490 -42.164344 88.832844
6
21.257696 83.564912 -50.645985
39.631491 75.593280 -52.105671
44.522179 75.634091 -47.929739
41.368677 82.782500 -37.890503
22.249489 88.039521 -41.880818
20.130717 85.826480 -47.207728
7
61.879741 52.870402 -58.100071
58.541941 50.979807 -63.038880
54.155522 34.418456 -76.697779
65.726049 28.138139 -69.916605
73.571337 35.469072 -57.699250
73.566783 35.587889 -57.631854
66.611009 49.470471 -55.817972
4
-51.858549 71.900557 46.270950
-52.011060 71.892480 46.112047
-38.791581 85.390488 34.694059
-36.553047 76.832144 52.542330
8
-71.391187 10.096132 -69.291894
-69.964433 9.662062 -70.792815
-69.083425 10.147957 -71.585609
-64.938775 14.593421 -74.632349
-59.832782 25.161977 -76.071763
-59.072473 38.542413 -70.886708
-61.086192 38.928669 -68.942265
-73.828781 24.274189 -62.929125
4
-15.337218 -70.035909 69.711844
-6.265265 -86.819741 49.224780
-10.052756 -87.753685 46.885317
-25.861912 -77.603286 57.522966
6
-19.927092 -97.993359 -0.461057
-27.307138 -94.277218 -19.134429
-36.997686 -90.484091 -21.066572
-42.495113 -90.182878 -7.823931
-34.145801 -93.987195 -0.686581
-23.735924 -97.125208 1.816554
8
89.147359 11.271326 43.882862
86.967365 9.705721 48.399136
79.760141 13.348764 58.822873
73.806808 23.395614 63.286652
73.363286 28.882046 61.511427
74.296559 37.921228 55.154346
74.440345 37.973254 54.924193
84.062146 33.215158 42.782109
7
83.828458 -39.162251 37.935573
85.321553 -35.145998 38.535586
88.876237 -29.758476 34.863271
92.892176 -27.282836 25.033788
93.146271 -28.442957 22.688553
87.935815 -45.756068 13.178573
82.027462 -47.430053 31.966943
6
-72.351918 -68.839675 5.128253
-67.876462 -73.368871 -3.129626
-76.697341 -62.558816 -14.279791
-81.982539 -57.068818 -4.691835
-81.692811 -57.665412 -0.992435
-81.540703 -57.884418 -0.712630
6
-87.341346 15.310480 -46.228546
-89.906298 4.764766 -43.521887
-88.718041 -5.910681 -45.762135
-87.854633 -5.991931 -47.388398
-77.629056 2.386619 -62.992330
-74.016253 8.283008 -66.730698
6
70.771863 -67.879901 -19.587302
69.552029 -70.421546 -14.259073
70.489683 -70.641858 -6.397851
85.405183 -52.002372 -1.306901
85.191901 -52.220050 -3.925091
72.755602 -65.577285 -20.155447
4
-15.214947 -94.885128 27.664380
-12.227810 -92.275217 36.548118
1.737790 -94.883374 31.529754
-4.263799 -97.687438 20.951958
6
52.377689 -79.206662 -31.350955
42.979514 -79.425613 -42.945702
38.738735 -81.615524 -42.874428
33.064441 -89.125978 -31.037119
35.522601 -90.941388 -21.628885
50.290170 -84.669046 -17.379629
7
-78.135316 -58.219646 -22.479885
-76.421915 -62.572765 -15.631376
-61.476995 -74.944857 -24.573307
-61.165619 -74.490013 -26.645919
-61.453140 -73.050311 -29.785294
-65.621285 -67.553398 -33.621203
-75.162606 -58.378768 -30.700196
9
-2.192384 -63.611592 77.128197
6.718457 -67.454538 73.516989
16.366023 -73.258411 66.070859
16.715646 -74.247518 64.868276
16.374548 -74.615939 64.531666
-5.579222 -86.819559 49.307570
-6.265265 -86.819741 49.224780
-15.337218 -70.035909 69.711844
-13.430589 -64.555351 75.181287
7
-16.633213 97.717678 13.213313
-14.785457 98.557653 8.232818
-5.105145 98.945748 13.552726
-1.514238 97.294625 23.053482
-4.652159 92.690247 37.240778
-8.086948 91.797532 38.830585
-15.175063 92.488794 34.864603
6
13.837237 -98.959450 -3.944378
-3.483644 -99.555444 8.750873
-0.573779 -99.003974 14.067121
12.953710 -97.584986 17.588969
25.462019 -96.553309 5.398532
26.011076 -96.518586 2.754336
8
28.165055 11.608737 95.246873
23.680533 9.990719 96.640664
12.096733 22.648839 96.647292
12.070015 23.093664 96.545313
25.786588 35.194122 89.980141
27.898890 35.136188 89.370578
32.434625 33.375107 88.510436
35.214154 19.437340 91.554100
6
-0.573779 -99.003974 14.067121
-4.263799 -97.687438 20.951958
1.737790 -94.883374 31.529754
4.830105 -94.399334 32.641016
14.578125 -94.379514 29.664551
12.953710 -97.584986 17.588969
6
98.781546 -10.067828 11.867814
97.637598 -21.181823 4.269631
97.048312 -23.780225 4.015720
93.146271 -28.442957 22.688553
92.892176 -27.282836 25.033788
95.840305 -14.642922 24.499405
6
-76.930259 30.337216 56.226227
-81.785788 12.633006 56.138152
-83.513298 9.169221 54.235177
-90.782138 20.460860 36.605417
-88.266558 27.230764 38.307966
-81.640985 33.674565 46.912400
5
77.685317 -9.591980 -62.233314
76.642816 -4.049160 -64.105250
72.028250 -0.113620 -69.367991
63.466609 -13.565725 -76.078647
73.330411 -18.814321 -65.335076
5
-43.746388 -28.439472 -85.307971
-49.273538 -40.549110 -76.992780
-41.760850 -47.797451 -77.275061
-35.479923 -46.266661 -81.243899
-31.726037 -31.825913 -89.334035
6
1.834380 -39.789686 91.724675
3.734621 -28.707969 95.717841
25.255757 -33.458031 90.789354
28.742855 -38.279246 87.798335
20.736476 -46.916084 85.842179
3.409061 -46.366523 88.535438
6
-38.194036 41.627488 82.512835
-54.176762 46.716346 69.874612
-54.709108 52.352004 65.316010
-46.364500 60.805989 64.443500
-38.264995 63.931640 66.697343
-37.267319 63.533589 67.636011
7
-87.341346 15.310480 -46.228546
-74.016253 8.283008 -66.730698
-71.391187 10.096132 -69.291894
-73.828781 24.274189 -62.929125
-76.151647 27.958536 -58.474327
-86.371915 21.473582 -45.593613
-87.287520 19.183345 -44.865222
6
77.331055 -30.685274 55.482627
85.321553 -35.145998 38.535586
83.828458 -39.162251 37.935573
67.787385 -52.040508 51.929336
69.041790 -41.666058 59.136882
75.310021 -31.406070 57.810548
5
-40.166710 48.706239 -77.552161
-19.716774 55.389879 -80.890111
-22.704525 63.325951 -73.988706
-31.248814 68.580359 -65.728578
-36.818267 65.288096 -66.195768
6
47.506958 77.562385 41.559180
31.652897 81.193434 49.048144
21.086081 86.971645 44.624099
34.362649 89.721440 27.735746
49.565832 78.679335 36.780301
49.485889 77.965058 38.374426
5
0.543487 -5.537228 -99.845099
-0.167945 2.677719 -99.964002
-6.205251 2.903123 -99.765058
-17.389098 -7.512665 -98.189506
-4.434899 -11.706035 -99.213408
5
-42.676035 -86.149293 27.514639
-53.756544 -82.613188 16.890681
-61.236492 -74.017552 27.775782
-51.437307 -77.199376 37.342465
-49.363289 -78.932420 36.509432
5
-21.033151 31.541703 -92.535007
-24.231005 43.432353 -86.755340
-40.967351 40.700199 -81.640492
-35.509216 21.666269 -90.937717
-26.816443 20.907720 -94.041191
6
-21.198045 -11.304133 -97.071414
-19.576083 -8.217769 -97.720240
-20.308577 -6.439403 -97.704124
-31.004442 3.457118 -95.009331
-42.582117 -5.621543 -90.305933
-42.529441 -5.828358 -90.317644
4
69.420936 -71.942399 -2.241627
62.083777 -78.208580 5.387267
75.098827 -63.315973 18.741764
79.479771 -59.546943 11.710144
9
-36.553047 76.832144 52.542330
-38.791581 85.390488 34.694059
-38.009170 86.560990 32.595982
-36.233271 87.846229 31.147875
-33.337682 88.741943 31.834990
-27.712417 88.935453 36.366290
-23.578200 80.933416 53.794523
-23.654995 80.662839 54.165927
-33.612048 76.644301 54.734645
6
20.130717 85.826480 -47.207728
22.249489 88.039521 -41.880818
20.848347 92.821912 -30.812971
13.401397 95.696553 -25.740480
1.047504 90.825472 -41.828654
1.456094 88.639444 -46.270171
4
52.938520 79.506060 29.602356
53.843867 83.072382 14.135678
65.713589 74.457333 11.740091
67.108793 68.772276 27.690864
4
-12.296866 6.384824 99.035454
-16.967875 14.213937 97.519512
7.372154 16.982620 98.271267
5.529843 6.941563 99.605399
6
-75.655371 -52.810570 -38.565639
-70.121108 -52.058724 -48.712621
-81.637103 -32.407327 -47.803227
-87.147084 -29.834595 -38.926633
-88.175538 -31.216420 -35.363958
-87.208858 -38.652477 -30.010016
7
-15.851545 98.544697 6.137685
-20.000753 97.870054 4.628438
-36.417480 92.910599 -6.433334
-37.331234 92.310010 -9.232602
-18.416536 93.744664 -29.542667
-11.586480 95.597961 -26.958919
-1.024208 98.726565 -15.875020
8
-74.737223 -45.595773 48.325697
-73.881025 -45.776280 49.458330
-72.010702 -47.984470 50.119352
-65.958978 -61.864833 42.686715
-67.800960 -68.562301 26.499825
-71.359257 -66.384816 22.381077
-75.678437 -61.457230 22.266187
-80.728249 -49.538902 32.075646
7
-45.757651 -68.039125 57.244343
-33.775200 -77.693572 53.131391
-33.446976 -79.396497 50.769046
-36.171304 -82.428889 43.555884
-49.363289 -78.932420 36.509432
-51.437307 -77.199376 37.342465
-51.678347 -70.590572 48.438823
5
19.153041 40.103864 -89.581478
10.002177 43.100531 -89.678875
16.103141 20.254769 -96.594167
19.378624 21.526462 -95.713533
24.416858 32.134707 -91.494140
6
99.577469 3.780892 8.368542
98.781546 -10.067828 11.867814
95.840305 -14.642922 24.499405
94.923663 -2.003624 31.392415
94.951397 -0.486008 31.368712
98.889466 7.430458 12.870969
5
-21.026387 -67.323929 -70.889912
-26.762895 -74.672725 -60.891146
-15.602495 -81.970872 -55.112052
-8.349221 -78.817327 -60.976384
-18.140567 -67.283991 -71.720181
7
0.783692 21.250179 -97.712925
9.999960 13.614410 -98.562917
16.103141 20.254769 -96.594167
10.002177 43.100531 -89.678875
6.014008 45.878605 -88.650919
3.932515 46.043366 -88.682263
-2.702332 36.248835 -93.159644
5
25.786588 35.194122 89.980141
12.070015 23.093664 96.545313
2.202500 30.475706 95.217542
6.644380 41.442104 90.765655
16.572038 42.800714 88.845182
4
16.572038 42.800714 88.845182
6.644380 41.442104 90.765655
-4.563448 52.121961 85.220163
15.129948 52.573284 83.708629
4
78.873530 -53.865304 -29.622546
72.755602 -65.577285 -20.155447
85.191901 -52.220050 -3.925091
85.744284 -45.920015 -23.222189
5
72.212509 22.652022 65.362370
55.662821 1.595773 83.060844
53.429176 8.242559 84.127186
53.744888 26.670783 80.000977
54.333471 27.594455 79.286947
6
-0.167945 2.677719 -99.964002
0.543487 -5.537228 -99.845099
8.195277 -11.778525 -98.965164
12.981348 -9.566433 -98.691276
15.724997 -1.029925 -98.750512
9.219716 10.513842 -99.017453
6
-2.702332 36.248835 -93.159644
3.932515 46.043366 -88.682263
-1.840746 52.090730 -85.341476
-18.682086 54.179187 -81.948736
-24.231005 43.432353 -86.755340
-21.033151 31.541703 -92.535007
5
77.448706 -46.155150 -43.259683
65.109984 -48.445685 -58.426925
64.001856 -49.733135 -58.569426
67.083088 -61.595250 -41.302354
77.105243 -53.673547 -34.262689
8
-69.921292 -29.417213 65.158580
-61.098634 -32.661318 72.112379
-54.320381 -48.986257 68.188290
-53.352084 -54.564598 64.623987
-72.010702 -47.984470 50.119352
-73.881025 -45.776280 49.458330
-73.997286 -35.997768 56.820439
-71.309531 -29.470356 63.611704
8
20.130717 85.826480 -47.207728
1.456094 88.639444 -46.270171
-8.645652 83.343777 -54.580836
-9.029080 82.767574 -55.389569
-1.158584 77.249017 -63.492102
12.251502 76.184940 -63.606254
17.335288 77.531335 -60.732033
21.257696 83.564912 -50.645985
8
25.462019 -96.553309 5.398532
36.031358 -89.922859 24.811703
42.119748 -87.534271 23.741911
45.258413 -87.770632 15.747772
40.393577 -91.466144 1.517708
36.550362 -93.075330 -1.026652
30.094136 -95.361079 -0.779452
26.011076 -96.518586 2.754336
6
-85.842920 -20.644070 46.955462
-85.839405 -17.821225 48.104060
-82.735350 -11.605972 54.956013
-75.052607 -21.693509 62.421934
-71.309531 -29.470356 63.611704
-73.997286 -35.997768 56.820439
7
1.586033 80.135238 59.798229
-8.573005 90.579586 41.495086
-8.086948 91.797532 38.830585
-4.652159 92.690247 37.240778
15.268132 90.045670 40.726667
18.884196 87.386768 44.798884
6.382824 79.883453 59.815496
6
-97.216371 -2.238869 23.323050
-97.706042 9.684601 18.966757
-94.875905 18.386179 25.700410
-93.009186 17.389061 32.356019
-93.579253 5.730755 34.786231
-96.719625 -2.861468 25.241357
5
43.057463 90.000059 -6.785588
39.462477 89.610363 -20.314913
43.427186 84.600918 -30.931605
62.328341 72.248231 -29.922752
53.518233 83.771456 -10.869308
6
-27.899305 6.234816 95.826697
-42.961276 2.526969 90.265958
-42.732316 25.047427 86.871028
-37.868787 28.835985 87.945670
-20.232489 22.331023 95.351832
-18.739600 15.958047 96.923517
6
19.599188 55.465841 -80.866633
31.871173 48.180289 -81.626516
39.071409 56.097957 -72.982493
35.136811 61.929996 -70.214530
27.562763 63.370700 -72.280346
20.493503 61.022422 -76.526338
5
27.562763 63.370700 -72.280346
35.136811 61.929996 -70.214530
37.718319 67.043178 -63.894763
36.878507 69.851297 -61.325133
20.849336 75.340335 -62.362963
6
90.162092 11.040418 -41.819928
87.463576 14.813554 -46.159305
83.341146 14.008049 -53.460528
82.655219 1.208232 -56.273040
88.946974 -11.766394 -44.158667
90.009362 -8.619695 -42.708496
5
79.090633 57.672100 20.459733
67.343399 68.372767 28.107494
67.108793 68.772276 27.690864
65.713589 74.457333 11.740091
67.833907 72.852909 9.540165
7
43.057463 90.000059 -6.785588
41.078326 91.151429 -1.997048
28.421227 95.775658 -4.388303
9.256070 97.642581 -19.500039
13.401397 95.696553 -25.740480
20.848347 92.821912 -30.812971
39.462477 89.610363 -20.314913
4
-24.649476 54.776486 79.949608
-7.119825 51.225469 85.587729
-12.032340 42.132616 89.889184
-31.868386 45.906112 82.927890
6
97.445285 -13.428616 -18.002464
96.892645 -16.344255 -18.565576
96.923622 -24.407916 3.172564
97.048312 -23.780225 4.015720
97.637598 -21.181823 4.269631
99.424448 -10.532900 -1.958888
4
-83.091913 50.156854 -24.083687
-78.939466 56.716092 -23.491395
-82.198142 56.949112 0.513919
-91.878995 39.030190 -5.907160
5
-42.673680 18.076153 -88.612695
-50.718637 27.029559 -81.835340
-59.832782 25.161977 -76.071763
-64.938775 14.593421 -74.632349
-44.172613 16.118968 -88.255080
8
-18.739225 93.458049 -30.239619
-18.416536 93.744664 -29.542667
-37.331234 92.310010 -9.232602
-46.013838 87.220133 -16.594431
-47.344415 85.854228 -19.686490
-47.003941 85.768836 -20.840737
-41.403697 85.925297 -30.042923
-25.702772 89.923341 -35.400003
7
-81.708786 54.741293 18.084941
-93.971150 32.467287 10.737702
-93.493728 35.028877 -5.648057
-91.878995 39.030190 -5.907160
-82.198142 56.949112 0.513919
-80.425978 59.353027 2.979966
-80.414158 59.201047 5.366488
6
47.595899 -67.039951 -56.923417
47.645360 -70.495545 -52.538536
66.105070 -62.948811 -40.835853
67.083088 -61.595250 -41.302354
64.001856 -49.733135 -58.569426
60.084788 -52.037337 -60.678940
6
6.690093 -87.734657 -47.517076
12.760288 -88.183733 -45.396082
22.641654 -73.634955 -63.759304
6.788206 -75.294193 -65.457657
4.258958 -76.850749 -63.842178
2.708489 -78.966329 -61.294233
8
65.169543 -48.306372 -58.475851
63.498941 -31.134387 -70.700314
57.277424 -27.527099 -77.211110
47.366339 -40.766545 -78.067399
49.931101 -45.898296 -73.486268
60.084788 -52.037337 -60.678940
64.001856 -49.733135 -58.569426
65.109984 -48.445685 -58.426925
7
-62.272459 53.628963 56.974337
-54.709108 52.352004 65.316010
-54.176762 46.716346 69.874612
-60.589531 36.548560 70.661952
-67.109724 30.210169 67.702516
-75.053094 31.604886 58.035887
-68.524406 47.601493 55.122624
7
-5.998209 -58.022859 -81.224192
-21.284849 -49.000733 -84.533327
-27.732953 -49.744152 -82.197340
-24.193613 -65.075669 -71.971011
-21.026387 -67.323929 -70.889912
-18.140567 -67.283991 -71.720181
-12.241544 -64.890672 -75.095575
5
-95.685096 -18.849790 -22.114424
-88.175538 -31.216420 -35.363958
-87.147084 -29.834595 -38.926633
-89.063167 -6.749945 -44.968772
-95.446601 -6.788450 -29.049326
5
-45.313487 24.482847 85.716265
-58.036883 16.328549 79.781569
-66.066080 24.873431 70.827858
-67.109724 30.210169 67.702516
-60.589531 36.548560 70.661952
6
-22.584361 -53.708928 81.272982
-36.189908 -48.308198 79.728342
-41.881696 -35.479847 83.588898
-42.226768 -27.742608 86.297438
-36.461123 -29.872669 88.194161
-21.266606 -45.948590 86.234903
7
-7.119825 51.225469 85.587729
-5.262495 52.371267 85.026799
-4.563448 52.121961 85.220163
6.644380 41.442104 90.765655
2.202500 30.475706 95.217542
-12.793289 30.245510 94.453909
-12.032340 42.132616 89.889184
5
19.229583 -48.053514 -85.563327
13.225222 -58.396534 -80.093310
19.598330 -61.204885 -76.615061
33.691452 -55.246991 -76.240777
35.461088 -42.262913 -83.404780
6
-92.163405 -10.269011 37.422643
-89.723542 0.802088 44.147964
-84.397085 2.905309 53.560165
-82.765355 -2.272338 56.077915
-82.735350 -11.605972 54.956013
-85.839405 -17.821225 48.104060
6
24.590502 -11.441153 96.251791
32.018586 -16.941507 93.208344
25.255757 -33.458031 90.789354
3.734621 -28.707969 95.717841
2.952227 -26.650671 96.338082
15.594538 -13.618397 97.833275
6
43.876063 -75.217425 49.165334
43.747854 -77.808758 45.076851
28.042852 -89.436527 34.852635
26.394390 -89.663335 35.550281
23.967333 -76.698043 59.522913
42.040962 -73.977480 52.534655
6
-81.540703 -57.884418 -0.712630
-77.457951 -60.077430 19.772917
-75.678437 -61.457230 22.266187
-71.359257 -66.384816 22.381077
-70.508896 -69.154307 15.690041
-72.351918 -68.839675 5.128253
5
-90.432582 -31.979025 28.271721
-84.025807 -34.407775 41.901895
-74.737223 -45.595773 48.325697
-80.728249 -49.538902 32.075646
-90.187090 -37.361725 21.688482
5
79.209535 17.203629 -58.565217
73.571337 35.469072 -57.699250
65.726049 28.138139 -69.916605
66.701390 22.580040 -71.000468
74.844752 13.924816 -64.841057
6
32.648226 43.693246 -83.815235
31.871173 48.180289 -81.626516
19.599188 55.465841 -80.866633
6.014008 45.878605 -88.650919
10.002177 43.100531 -89.678875
19.153041 40.103864 -89.581478
7
77.105243 -53.673547 -34.262689
67.083088 -61.595250 -41.302354
66.105070 -62.948811 -40.835853
62.377239 -72.172384 -30.003784
70.771863 -67.879901 -19.587302
72.755602 -65.577285 -20.155447
78.873530 -53.865304 -29.622546
5
-51.678347 -70.590572 48.438823
-51.437307 -77.199376 37.342465
-61.236492 -74.017552 27.775782
-67.800960 -68.562301 26.499825
-65.958978 -61.864833 42.686715
7
-51.822374 64.765953 -55.855285
-42.111365 63.655174 -64.611545
-36.818267 65.288096 -66.195768
-31.248814 68.580359 -65.728578
-29.293366 74.143096 -60.371350
-32.978647 75.749224 -56.342381
-47.848672 74.471001 -46.524989
5
94.951397 -0.486008 31.368712
90.003396 10.865777 42.205729
91.561665 14.894774 37.344441
96.636965 21.374355 14.298042
98.889466 7.430458 12.870969
5
-93.995748 30.364950 15.581052
-94.875905 18.386179 25.700410
-97.706042 9.684601 18.966757
-99.083292 10.634266 8.331485
-94.121180 30.557054 14.403817
5
58.962117 -35.297005 72.647025
42.576145 -36.792903 82.665314
45.452446 -24.853810 85.535743
59.198248 -25.400670 76.487733
60.728260 -29.835750 73.633596
4
-45.565183 -73.186135 -50.671528
-52.543029 -68.662716 -50.246010
-55.139987 -73.223027 -39.974618
-41.205490 -83.289498 -36.945463
7
-90.393929 -37.359211 20.814105
-90.187090 -37.361725 21.688482
-80.728249 -49.538902 32.075646
-75.678437 -61.457230 22.266187
-77.457951 -60.077430 19.772917
-87.604085 -46.854372 11.410180
-88.365293 -45.315566 11.750509
5
-69.964433 9.662062 -70.792815
-65.394660 -8.663401 -75.156396
-62.209141 -11.209539 -77.487863
-48.507469 -0.014452 -87.447271
-69.083425 10.147957 -71.585609
7
88.359496 44.099794 -15.741907
90.128352 40.652264 -14.975769
90.596130 39.932434 -14.062078
93.552032 32.615867 13.572861
92.444206 35.672068 13.474881
84.114997 54.062808 1.371166
82.875396 55.792133 -4.348173
6
-4.303223 -90.304095 -42.739358
6.690093 -87.734657 -47.517076
2.708489 -78.966329 -61.294233
-8.349221 -78.817327 -60.976384
-15.602495 -81.970872 -55.112052
-15.382436 -85.234893 -49.983935
6
42.536369 -87.270223 23.970097
42.119748 -87.534271 23.741911
36.031358 -89.922859 24.811703
28.042852 -89.436527 34.852635
43.747854 -77.808758 45.076851
46.157802 -78.764810 40.811298
6
-54.320381 -48.986257 68.188290
-61.098634 -32.661318 72.112379
-52.133894 -26.403627 81.147431
-44.270476 -24.553610 86.239465
-42.226768 -27.742608 86.297438
-41.881696 -35.479847 83.588898
7
-1.024208 98.726565 -15.875020
1.609463 98.680097 -16.113600
13.050661 99.039256 4.572313
10.833927 98.825082 10.780967
-5.105145 98.945748 13.552726
-14.785457 98.557653 8.232818
-15.851545 98.544697 6.137685
6
75.310021 -31.406070 57.810548
69.041790 -41.666058 59.136882
60.449124 -40.320538 68.703403
58.962117 -35.297005 72.647025
60.728260 -29.835750 73.633596
72.407820 -23.466365 64.857053
6
85.928974 36.774946 35.550172
90.567634 31.964569 27.852649
91.561665 14.894774 37.344441
90.003396 10.865777 42.205729
89.147359 11.271326 43.882862
84.062146 33.215158 42.782109
6
43.585666 -16.409096 88.493114
32.018586 -16.941507 93.208344
24.590502 -11.441153 96.251791
26.030239 -5.246816 96.410049
39.269791 1.284165 91.957786
52.654285 -1.347249 85.004184
4
-16.633213 97.717678 13.213313
-15.175063 92.488794 34.864603
-27.712417 88.935453 36.366290
-33.337682 88.741943 31.834990
5
12.760288 -88.183733 -45.396082
12.964244 -88.225177 -45.257558
34.391587 -82.420369 -44.990016
23.379532 -73.303105 -63.875287
22.641654 -73.634955 -63.759304
5
85.340255 -13.350880 50.386455
88.592341 -15.973015 43.546066
88.876237 -29.758476 34.863271
85.321553 -35.145998 38.535586
77.331055 -30.685274 55.482627
5
-12.296866 6.384824 99.035454
5.529843 6.941563 99.605399
9.156337 1.495266 99.568698
8.929164 0.164608 99.600416
-9.850356 -9.092036 99.097454
4
92.444206 35.672068 13.474881
81.243005 52.320754 25.731554
79.870482 56.548544 20.566191
84.114997 54.062808 1.371166
4
90.162092 11.040418 -41.819928
90.009362 -8.619695 -42.708496
97.284318 -0.718745 -23.135361
91.091017 11.274120 -39.690311
5
-44.193107 89.578579 4.758944
-43.577980 88.061699 18.603676
-56.731948 79.708465 20.689286
-57.407871 80.982282 12.091582
-52.804875 84.700625 6.119586
6
-59.208489 69.221753 41.263831
-59.217630 69.267527 41.173803
-55.931931 77.164184 30.287089
-38.009170 86.560990 32.595982
-38.791581 85.390488 34.694059
-52.011060 71.892480 46.112047
7
-31.248814 68.580359 -65.728578
-22.704525 63.325951 -73.988706
-3.861390 70.876689 -70.438517
-1.158584 77.249017 -63.492102
-9.029080 82.767574 -55.389569
-20.529919 79.831185 -56.617174
-29.293366 74.143096 -60.371350
8
74.841984 54.138545 38.310513
66.708700 62.029778 41.258406
66.175947 63.234939 40.275135
67.343399 68.372767 28.107494
79.090633 57.672100 20.459733
79.870482 56.548544 20.566191
81.243005 52.320754 25.731554
80.479514 50.921847 30.496120
4
40.393577 -91.466144 1.517708
45.258413 -87.770632 15.747772
59.126303 -80.447496 5.681611
57.990367 -81.368211 4.041240
6
65.799098 -55.795147 50.570548
62.624781 -56.744012 53.462641
49.412662 -52.387839 69.382297
60.449124 -40.320538 68.703403
69.041790 -41.666058 59.136882
67.787385 -52.040508 51.929336
4
57.847871 -77.628194 25.049699
42.536369 -87.270223 23.970097
46.157802 -78.764810 40.811298
59.494291 -75.290784 28.137645
6
12.251502 76.184940 -63.606254
13.754387 65.866165 -73.976112
20.493503 61.022422 -76.526338
27.562763 63.370700 -72.280346
20.849336 75.340335 -62.362963
17.335288 77.531335 -60.732033
5
33.022314 31.125168 -89.110890
36.633988 39.278295 -84.351446
32.648226 43.693246 -83.815235
19.153041 40.103864 -89.581478
24.416858 32.134707 -91.494140
7
-53.803541 -3.237262 84.230037
-48.003323 -6.502740 87.483686
-43.447828 -17.052778 88.439183
-44.270476 -24.553610 86.239465
-52.133894 -26.403627 81.147431
-65.292246 -14.227438 74.394238
-65.403793 -13.616715 74.410543
5
-53.352084 -54.564598 64.623987
-54.320381 -48.986257 68.188290
-41.881696 -35.479847 83.588898
-36.189908 -48.308198 79.728342
-49.223604 -58.392130 64.555371
5
79.632114 -10.145755 59.630446
74.362189 0.916716 66.853755
79.760141 13.348764 58.822873
86.967365 9.705721 48.399136
84.391478 -10.043472 52.699214
5
52.377689 -79.206662 -31.350955
62.377239 -72.172384 -30.003784
66.105070 -62.948811 -40.835853
47.645360 -70.495545 -52.538536
42.979514 -79.425613 -42.945702
8
-12.227810 -92.275217 36.548118
-12.678319 -89.081223 43.632511
-10.052756 -87.753685 46.885317
-6.265265 -86.819741 49.224780
-5.579222 -86.819559 49.307570
0.727510 -89.236619 45.125344
4.830105 -94.399334 32.641016
1.737790 -94.883374 31.529754
5
-81.708786 54.741293 18.084941
-80.414158 59.201047 5.366488
-67.728020 71.004496 19.268546
-69.479572 67.421060 25.039763
-80.564952 53.698940 25.014244
6
-49.363289 -78.932420 36.509432
-36.171304 -82.428889 43.555884
-32.269556 -88.450887 33.691488
-34.080016 -90.092267 26.868864
-36.225108 -89.385202 26.420204
-42.676035 -86.149293 27.514639
7
-37.241018 -86.257655 -34.245052
-39.375242 -84.944082 -35.129664
-61.165619 -74.490013 -26.645919
-61.476995 -74.944857 -24.573307
-61.086855 -75.559671 -23.645978
-52.768242 -82.840999 -18.785141
-37.496566 -86.474892 -33.408093
6
-3.978663 60.310743 79.666709
-5.262495 52.371267 85.026799
-7.119825 51.225469 85.587729
-24.649476 54.776486 79.949608
-25.635344 63.296969 73.050140
-14.621972 69.972996 69.928376
5
53.744888 26.670783 80.000977
53.429176 8.242559 84.127186
35.214154 19.437340 91.554100
32.434625 33.375107 88.510436
32.577704 33.427307 88.438161
6
-43.349289 -11.899952 -89.326537
-48.886661 -19.576220 -85.010976
-43.746388 -28.439472 -85.307971
-31.726037 -31.825913 -89.334035
-30.290628 -30.842810 -90.173161
-28.739063 -25.035565 -92.451537
7
55.673055 1.261252 83.059739
52.654285 -1.347249 85.004184
39.269791 1.284165 91.957786
28.165055 11.608737 95.246873
35.214154 19.437340 91.554100
53.429176 8.242559 84.127186
55.662821 1.595773 83.060844
6
-65.937628 3.723677 75.089037
-68.906063 5.288962 72.277115
-72.232013 11.613627 68.173748
-66.066080 24.873431 70.827858
-58.036883 16.328549 79.781569
-60.364691 5.211008 79.554695
6
-37.241018 -86.257655 -34.245052
-37.496566 -86.474892 -33.408093
-36.997686 -90.484091 -21.066572
-27.307138 -94.277218 -19.134429
-23.021293 -93.870138 -25.659645
-35.099842 -86.661988 -35.464079
7
-86.661646 -23.159620 44.197185
-91.946885 -23.109356 31.807674
-94.061132 -16.068858 29.904770
-94.263541 -12.390959 30.997565
-92.163405 -10.269011 37.422643
-85.839405 -17.821225 48.104060
-85.842920 -20.644070 46.955462
9
-94.121180 30.557054 14.403817
-99.083292 10.634266 8.331485
-99.804421 5.665246 -2.642445
-99.103469 9.347210 -9.546309
-97.760805 14.667559 -15.089325
-96.127208 22.302685 -16.191050
-96.065329 22.617460 -16.121509
-93.493728 35.028877 -5.648057
-93.971150 32.467287 10.737702
6
-81.982539 -57.068818 -4.691835
-90.477486 -41.259874 -10.556860
-92.108071 -38.203883 -7.521078
-88.365293 -45.315566 11.750509
-87.604085 -46.854372 11.410180
-81.692811 -57.665412 -0.992435
7
-84.397085 2.905309 53.560165
-83.513298 9.169221 54.235177
-81.785788 12.633006 56.138152
-72.232013 11.613627 68.173748
-68.906063 5.288962 72.277115
-79.018438 -2.694264 61.227668
-82.765355 -2.272338 56.077915
8
99.939354 2.921244 1.895193
99.577469 3.780892 8.368542
98.889466 7.430458 12.870969
96.636965 21.374355 14.298042
95.674924 26.011870 13.026571
97.076010 23.518881 -4.807346
98.460648 10.644061 -13.863792
98.810453 7.779606 -13.265449
4
1.609463 98.680097 -16.113600
9.256070 97.642581 -19.500039
28.421227 95.775658 -4.388303
13.050661 99.039256 4.572313
6
-42.094381 -58.401237 -69.407195
-24.193613 -65.075669 -71.971011
-27.732953 -49.744152 -82.197340
-35.479923 -46.266661 -81.243899
-41.760850 -47.797451 -77.275061
-42.896930 -56.571471 -70.423874
6
0.755140 -98.319288 -18.241362
8.128487 -99.297770 -8.595378
11.271979 -99.076445 -7.536613
16.308427 -95.249289 -25.721744
16.027812 -95.103263 -26.428744
13.184358 -95.641604 -26.054871
6
65.799098 -55.795147 50.570548
66.129427 -62.635666 41.275565
43.876063 -75.217425 49.165334
42.040962 -73.977480 52.534655
45.596883 -67.624311 57.860841
62.624781 -56.744012 53.462641
6
8.929164 0.164608 99.600416
15.594538 -13.618397 97.833275
2.952227 -26.650671 96.338082
-8.367380 -19.844130 97.653456
-10.927109 -14.873627 98.282112
-9.850356 -9.092036 99.097454
7
-94.061132 -16.068858 29.904770
-91.946885 -23.109356 31.807674
-90.432582 -31.979025 28.271721
-90.187090 -37.361725 21.688482
-90.393929 -37.359211 20.814105
-93.785809 -31.147564 15.298736
-97.170702 -20.124232 12.364059
8
-65.622495 -54.566294 -52.117250
-65.174243 -55.334830 -51.868822
-54.144039 -65.972682 -52.115528
-42.836605 -60.974614 -66.686743
-42.094381 -58.401237 -69.407195
-42.896930 -56.571471 -70.423874
-59.581029 -50.923214 -62.104164
-64.511612 -52.015012 -55.970443
7
-28.225655 -11.712106 95.216275
-27.899305 6.234816 95.826697
-18.739600 15.958047 96.923517
-16.967875 14.213937 97.519512
-12.296866 6.384824 99.035454
-9.850356 -9.092036 99.097454
-10.927109 -14.873627 98.282112
7
83.341146 14.008049 -53.460528
79.209535 17.203629 -58.565217
74.844752 13.924816 -64.841057
71.033888 4.538516 -70.239509
72.028250 -0.113620 -69.367991
76.642816 -4.049160 -64.105250
82.655219 1.208232 -56.273040
5
-47.848672 74.471001 -46.524989
-32.978647 75.749224 -56.342381
-35.767058 83.020039 -42.759686
-40.485513 82.383837 -39.671484
-48.872179 75.346393 -43.982168
7
-59.636294 80.200003 -3.387028
-68.152206 73.165197 -1.459740
-70.663657 70.680598 -3.301609
-68.858232 70.998150 -14.758274
-56.926850 79.112533 -22.372769
-47.344415 85.854228 -19.686490
-46.013838 87.220133 -16.594431
6
27.491086 56.194851 78.015248
39.485854 51.259867 76.244956
39.284510 41.612061 82.007095
32.577704 33.427307 88.438161
32.434625 33.375107 88.510436
27.898890 35.136188 89.370578
6
-18.912628 15.635800 -96.942427
-19.187156 15.693963 -96.879062
-20.308577 -6.439403 -97.704124
-19.576083 -8.217769 -97.720240
-17.389098 -7.512665 -98.189506
-6.205251 2.903123 -99.765058
5
-1.158584 77.249017 -63.492102
-3.861390 70.876689 -70.438517
1.118459 62.582126 -77.988631
13.754387 65.866165 -73.976112
12.251502 76.184940 -63.606254
6
-99.087177 -7.579249 11.148376
-99.998886 -0.133487 0.452784
-99.804421 5.665246 -2.642445
-99.083292 10.634266 8.331485
-97.706042 9.684601 18.966757
-97.216371 -2.238869 23.323050
5
-98.589514 -15.948411 -5.075033
-97.618308 -21.332963 3.945973
-93.812938 -34.296849 -4.781092
-93.208957 -35.570812 -6.841614
-96.804133 -20.273199 -14.763373
5
-36.189908 -48.308198 79.728342
-22.584361 -53.708928 81.272982
-14.956059 -63.773638 75.559509
-46.085800 -63.422788 62.077766
-49.223604 -58.392130 64.555371
5
-4.675252 -98.053008 -19.072219
-16.406747 -98.634629 -1.424325
-15.832419 -98.731847 -1.164869
8.128487 -99.297770 -8.595378
0.755140 -98.319288 -18.241362
6
-38.194036 41.627488 82.512835
-37.267319 63.533589 67.636011
-25.635344 63.296969 73.050140
-24.649476 54.776486 79.949608
-31.868386 45.906112 82.927890
-38.039635 41.491733 82.652419
5
-30.932229 -86.293606 -39.957612
-35.099842 -86.661988 -35.464079
-23.021293 -93.870138 -25.659645
-18.428232 -94.790103 -25.985315
-8.850858 -94.073010 -32.740358
6
-97.760805 14.667559 -15.089325
-99.103469 9.347210 -9.546309
-96.613333 -18.965551 -17.497765
-95.685096 -18.849790 -22.114424
-95.446601 -6.788450 -29.049326
-97.546455 11.397275 -18.835902
6
-88.266558 27.230764 38.307966
-89.068037 37.094236 26.285023
-80.681121 50.998606 29.827822
-79.000780 50.797555 34.329071
-79.031677 49.692741 35.841673
-81.640985 33.674565 46.912400
8
-71.359257 -66.384816 22.381077
-67.800960 -68.562301 26.499825
-61.236492 -74.017552 27.775782
-53.756544 -82.613188 16.890681
-53.887294 -83.351392 12.194462
-54.962158 -82.913869 10.220148
-59.256358 -80.151043 8.030835
-70.508896 -69.154307 15.690041
6
-2.977434 -56.945507 -82.148306
-2.499553 -47.018434 -88.221421
-3.162196 -45.834818 -88.821000
-18.097407 -39.636426 -90.007986
-21.284849 -49.000733 -84.533327
-5.998209 -58.022859 -81.224192
5
-25.702772 89.923341 -35.400003
-41.403697 85.925297 -30.042923
-40.485513 82.383837 -39.671484
-35.767058 83.020039 -42.759686
-27.311523 87.761260 -39.395963
4
77.808541 -29.044040 -55.698067
73.954533 -25.546241 -62.274526
63.498941 -31.134387 -70.700314
65.169543 -48.306372 -58.475851
5
84.062146 33.215158 42.782109
74.440345 37.973254 54.924193
74.841984 54.138545 38.310513
80.479514 50.921847 30.496120
85.928974 36.774946 35.550172
5
-12.241544 -64.890672 -75.095575
-18.140567 -67.283991 -71.720181
-8.349221 -78.817327 -60.976384
2.708489 -78.966329 -61.294233
4.258958 -76.850749 -63.842178
6
-1.840746 52.090730 -85.341476
1.118459 62.582126 -77.988631
-3.861390 70.876689 -70.438517
-22.704525 63.325951 -73.988706
-19.716774 55.389879 -80.890111
-18.682086 54.179187 -81.948736
5
-37.496566 -86.474892 -33.408093
-52.768242 -82.840999 -18.785141
-46.764753 -88.027932 -8.008811
-42.495113 -90.182878 -7.823931
-36.997686 -90.484091 -21.066572
5
7.672134 -26.114969 -96.224460
21.181189 -16.566938 -96.316633
12.981348 -9.566433 -98.691276
8.195277 -11.778525 -98.965164
5.145934 -21.767126 -97.466464
7
82.027462 -47.430053 31.966943
87.935815 -45.756068 13.178573
86.704298 -49.269690 7.406912
85.734040 -51.174133 5.557205
79.479771 -59.546943 11.710144
75.098827 -63.315973 18.741764
70.781618 -63.557747 30.828157
8
-68.204010 61.449145 -39.651175
-73.719125 61.706475 -27.528196
-78.939466 56.716092 -23.491395
-83.091913 50.156854 -24.083687
-84.981138 39.601022 -34.784554
-82.820994 39.712579 -39.542308
-82.153943 40.311711 -40.319916
-68.496275 58.345211 -43.635955
5
78.392970 51.320131 -34.939753
66.611009 49.470471 -55.817972
73.566783 35.587889 -57.631854
85.722857 31.873382 -40.443533
82.342801 46.943300 -31.874592
6
-66.304100 46.280221 -58.837976
-61.086192 38.928669 -68.942265
-59.072473 38.542413 -70.886708
-50.772232 42.802384 -74.767215
-51.141635 53.233473 -67.459102
-64.709709 53.487449 -54.329976
7
44.803333 37.590365 -81.114892
36.633988 39.278295 -84.351446
33.022314 31.125168 -89.110890
35.391635 23.930043 -90.414519
46.497634 18.758354 -86.522218
50.451651 20.279250 -83.924865
51.485390 32.805364 -79.202669
5
-50.772232 42.802384 -74.767215
-59.072473 38.542413 -70.886708
-59.832782 25.161977 -76.071763
-50.718637 27.029559 -81.835340
-46.875028 42.080740 -77.665585
6
-93.009186 17.389061 32.356019
-90.782138 20.460860 36.605417
-83.513298 9.169221 54.235177
-84.397085 2.905309 53.560165
-89.723542 0.802088 44.147964
-93.579253 5.730755 34.786231
6
59.634305 57.606333 -55.904026
56.210932 68.111092 -46.917058
44.522179 75.634091 -47.929739
39.631491 75.593280 -52.105671
36.878507 69.851297 -61.325133
37.718319 67.043178 -63.894763
7
-94.061132 -16.068858 29.904770
-97.170702 -20.124232 12.364059
-97.298990 -19.744316 11.961127
-99.087177 -7.579249 11.148376
-97.216371 -2.238869 23.323050
-96.719625 -2.861468 25.241357
-94.263541 -12.390959 30.997565
7
-65.403793 -13.616715 74.410543
-65.292246 -14.227438 74.394238
-69.921292 -29.417213 65.158580
-71.309531 -29.470356 63.611704
-75.052607 -21.693509 62.421934
-70.986919 -9.093390 69.843880
-69.735752 -8.837226 71.125441
6
-65.174243 -55.334830 -51.868822
-65.621285 -67.553398 -33.621203
-61.453140 -73.050311 -29.785294
-55.139987 -73.223027 -39.974618
-52.543029 -68.662716 -50.246010
-54.144039 -65.972682 -52.115528
6
67.108793 68.772276 27.690864
67.343399 68.372767 28.107494
66.175947 63.234939 40.275135
49.485889 77.965058 38.374426
49.565832 78.679335 36.780301
52.938520 79.506060 29.602356
4
62.624781 -56.744012 53.462641
45.596883 -67.624311 57.860841
42.578372 -54.521246 72.211606
49.412662 -52.387839 69.382297
5
3.409061 -46.366523 88.535438
20.736476 -46.916084 85.842179
22.064155 -51.692149 82.710911
6.718457 -67.454538 73.516989
-2.192384 -63.611592 77.128197
7
-42.961276 2.526969 90.265958
-48.003323 -6.502740 87.483686
-53.803541 -3.237262 84.230037
-60.364691 5.211008 79.554695
-58.036883 16.328549 79.781569
-45.313487 24.482847 85.716265
-42.732316 25.047427 86.871028
6
85.744284 -45.920015 -23.222189
85.191901 -52.220050 -3.925091
85.405183 -52.002372 -1.306901
85.894679 -51.197146 0.977907
93.696796 -33.984399 -8.122259
91.630238 -29.999660 -26.531487
5
-97.546455 11.397275 -18.835902
-95.446601 -6.788450 -29.049326
-89.063167 -6.749945 -44.968772
-88.718041 -5.910681 -45.762135
-89.906298 4.764766 -43.521887
4
14.040295 94.524094 29.462955
15.268132 90.045670 40.726667
-4.652159 92.690247 37.240778
-1.514238 97.294625 23.053482
5
57.277424 -27.527099 -77.211110
57.192191 -24.049127 -78.426353
38.784015 -19.824275 -90.015545
37.638973 -41.117987 -83.021797
47.366339 -40.766545 -78.067399
6
-3.162196 -45.834818 -88.821000
-2.499553 -47.018434 -88.221421
13.146572 -39.374595 -90.976969
13.231572 -33.665069 -93.228690
7.787220 -28.466511 -95.545889
-3.235429 -33.950087 -94.004912
6
-93.812938 -34.296849 -4.781092
-93.785809 -31.147564 15.298736
-90.393929 -37.359211 20.814105
-88.365293 -45.315566 11.750509
-92.108071 -38.203883 -7.521078
-93.208957 -35.570812 -6.841614
5
-43.447828 -17.052778 88.439183
-48.003323 -6.502740 87.483686
-42.961276 2.526969 90.265958
-27.899305 6.234816 95.826697
-28.225655 -11.712106 95.216275
8
-26.816443 20.907720 -94.041191
-35.509216 21.666269 -90.937717
-42.673680 18.076153 -88.612695
-44.172613 16.118968 -88.255080
-46.935431 0.050701 -88.300978
-42.582117 -5.621543 -90.305933
-31.004442 3.457118 -95.009331
-26.474935 20.393429 -94.250655
7
-21.033151 31.541703 -92.535007
-26.816443 20.907720 -94.041191
-26.474935 20.393429 -94.250655
-19.187156 15.693963 -96.879062
-18.912628 15.635800 -96.942427
0.783692 21.250179 -97.712925
-2.702332 36.248835 -93.159644
6
-18.190490 -42.164344 88.832844
-20.085055 -29.991550 93.258230
-8.367380 -19.844130 97.653456
2.952227 -26.650671 96.338082
3.734621 -28.707969 95.717841
1.834380 -39.789686 91.724675
