400
7
70.634798 22.429906 67.138846
76.496493 17.960818 61.852207
78.663348 13.594787 60.226734
79.111803 10.214446 60.307443
75.629365 -5.113229 65.223109
64.586618 17.011253 74.425708
64.161307 19.774262 74.110089
6
-68.312459 71.058717 16.854277
-77.708882 62.831829 -3.673003
-76.660599 63.637107 -8.571538
-72.621358 68.146408 -9.066724
-61.212701 79.074115 -0.538090
-63.602578 75.008007 18.124872
8
35.340803 92.629114 13.071915
54.125264 80.710938 23.583900
55.327582 79.252164 25.650596
55.926065 77.692393 28.916558
51.440783 78.366932 34.820537
47.728062 80.017472 36.321292
33.186692 89.797367 28.897689
35.087365 92.636476 13.687954
7
7.163780 -78.923637 -60.989670
9.510509 -74.128598 -66.441713
-11.015256 -68.447693 -72.066479
-17.825144 -69.099072 -70.054139
-22.981166 -74.751844 -62.321969
-19.430298 -79.144359 -57.953722
-3.431079 -84.389097 -53.541647
5
37.297917 13.432156 91.806550
50.391422 17.120807 84.661576
55.803565 -0.831780 82.977529
48.872352 -7.432420 86.926707
46.872260 -6.363281 88.105050
7
-75.109285 -65.026644 -11.407497
-72.862720 -64.819037 -22.125020
-74.091975 -60.829002 -28.464218
-77.982460 -55.392700 -29.161355
-85.016846 -51.021983 -12.995891
-84.286407 -53.137157 -8.499653
-77.991103 -62.389502 -4.993793
5
20.272991 70.663667 67.791238
10.661686 65.986894 74.377808
3.675655 78.444054 61.911388
13.769020 79.358704 59.267277
18.395125 76.823614 61.316814
8
68.460541 54.455537 48.453573
71.039038 55.754847 42.951741
80.966754 47.149976 34.946597
85.496690 36.142168 37.202953
85.807683 29.660361 41.920216
80.951375 31.525992 49.527636
72.377692 38.779204 57.075766
68.449856 50.058561 52.997714
4
-12.789977 -43.745848 89.009647
-24.119601 -49.666733 83.375419
-36.053760 -41.669657 83.449183
-28.975443 -29.690816 90.988347
5
-88.774286 -37.497476 -26.703286
-88.556475 -27.182276 -37.667953
-95.654675 -9.873317 -27.435391
-96.509876 -15.787772 -20.894736
-91.181570 -35.410882 -20.784387
8
3.266061 -13.739620 -98.997756
3.360401 -17.214694 -98.449794
5.823628 -21.177980 -97.558078
8.103527 -21.620000 -97.298039
31.809089 -6.533675 -94.580616
31.689098 -3.954178 -94.763735
28.007221 3.886175 -95.919202
11.361305 6.117076 -99.164016
7
-0.188070 -96.102466 27.645626
-11.504293 -95.063933 28.818394
-11.714834 -91.329948 39.007733
-3.557725 -88.446344 46.525120
0.390632 -88.379384 46.786023
3.142083 -89.013303 45.461623
4.162063 -89.838430 43.723378
8
-30.662802 70.196962 -64.282028
-37.653577 75.015879 -54.358311
-38.794508 74.964822 -53.621466
-50.134296 66.930938 -54.834313
-47.465652 58.316850 -65.925388
-41.256414 57.102403 -70.973403
-38.899221 58.272150 -71.352695
-29.394443 67.423871 -67.749453
6
59.812815 -77.046990 22.049684
55.576116 -82.765583 -7.820084
52.541581 -84.753993 -7.492855
45.096216 -88.747891 9.494378
45.996027 -87.657758 14.159200
56.747720 -79.180200 22.587435
6
45.627697 -53.832358 -70.853303
37.294539 -50.274269 -77.984711
28.761690 -59.339021 -75.177429
29.289129 -71.528120 -63.449783
34.013059 -73.704457 -58.401753
41.007683 -68.804959 -59.868585
6
79.461862 -59.747406 -10.773113
87.747001 -47.446045 -7.024011
86.772123 -41.617657 -27.176629
85.281329 -44.529951 -27.279632
79.928712 -55.768716 -22.388641
78.108131 -60.633924 -14.921364
7
55.576116 -82.765583 -7.820084
59.029498 -79.927434 -11.274909
57.287448 -79.684292 -19.197964
49.148685 -83.397516 -25.085077
42.545461 -88.776483 -17.567577
41.362746 -90.154684 -12.698670
52.541581 -84.753993 -7.492855
4
-62.242084 -11.636595 -77.398402
-73.620061 -5.241989 -67.473018
-78.297037 -18.614430 -59.355514
-76.191055 -23.518376 -60.347404
7
-71.605085 42.384020 55.464463
-71.889130 42.182163 55.250503
-72.556743 45.243592 51.851099
-69.047710 61.192512 38.573180
-62.209105 68.051219 38.717680
-50.432902 69.657978 51.032229
-49.917399 67.870911 53.868290
6
-72.451070 -4.320964 68.790782
-82.706485 -5.624448 55.928552
-83.931983 8.400614 53.710818
-80.799625 15.280795 56.902706
-79.814282 14.045585 58.586705
-72.363914 -3.820088 68.912051
8
71.924573 69.474137 -0.447275
68.517369 72.811856 1.950350
54.493250 83.823480 2.027269
52.047731 85.384442 -0.728578
56.515244 80.920361 -16.059961
63.591917 72.558829 -26.292289
72.922332 66.513982 -16.069342
72.886301 68.384178 -3.345337
6
-41.047289 78.272014 -46.782603
-57.655955 74.671079 -33.166561
-59.116306 66.219418 -46.046183
-53.882732 65.186861 -53.360326
-50.134296 66.930938 -54.834313
-38.794508 74.964822 -53.621466
4
46.603101 -32.471298 -82.302891
57.202332 -41.021791 -71.028909
65.784523 -32.266211 -68.053568
61.249328 -20.925507 -76.227573
6
58.287632 58.302124 -56.598713
38.337777 71.445037 -58.530519
32.232982 63.824380 -69.910539
32.650667 62.755559 -70.680080
51.475092 51.177293 -68.783716
58.369019 55.756600 -59.027614
6
51.440783 78.366932 34.820537
51.852270 74.833827 41.367141
44.202568 67.877917 58.640612
32.396979 81.738621 47.636473
32.390318 81.799542 47.536326
47.728062 80.017472 36.321292
6
-75.259899 -27.559297 -59.803284
-77.525934 -35.042233 -52.552559
-76.015773 -40.913350 -50.474748
-72.668632 -44.581813 -52.265972
-62.352558 -47.666296 -61.968401
-63.975189 -32.827712 -69.494722
6
-97.773451 10.365093 18.246018
-98.478926 -3.525542 17.013869
-99.320556 -11.635595 -0.200014
-99.657609 2.329005 -7.933264
-98.015940 19.532536 -3.369811
-97.987684 19.699229 -3.217794
6
44.898143 -82.053363 35.375166
29.261768 -90.040372 32.194414
23.659445 -87.664463 41.894781
23.935228 -85.867733 45.319281
31.739847 -78.981573 52.483266
39.265786 -76.653187 50.818176
5
-84.274001 43.033933 32.341511
-84.442707 49.032865 21.568667
-78.524516 57.911187 21.913345
-75.105846 57.879650 31.765674
-81.318173 46.518015 34.977550
6
77.047634 -50.288219 39.175976
72.453734 -41.036988 55.375283
73.090442 -38.265424 56.511455
76.276003 -35.001731 54.376927
82.437280 -31.520206 47.016715
83.977305 -42.943417 33.221607
6
90.344752 -32.439920 28.026369
84.024316 -42.927032 33.123771
83.977305 -42.943417 33.221607
82.437280 -31.520206 47.016715
85.004874 -25.843074 45.894520
91.365931 -23.230247 33.355994
6
99.595622 -3.630710 -8.217666
98.468484 5.164727 -16.651825
95.838232 -3.846554 -28.288466
96.269152 -14.955939 -22.551503
99.103560 -12.208429 -5.425744
99.166590 -11.793101 -5.187499
5
-52.205076 -55.713676 64.580310
-38.825726 -62.098381 68.090779
-35.471164 -68.109575 64.053745
-40.047818 -74.910511 52.769192
-50.535857 -66.414106 55.093499
6
-69.945890 -66.620813 25.869667
-77.779090 -58.002397 24.210228
-78.402632 -49.444667 37.526687
-75.624522 -49.102504 43.242060
-65.697712 -65.865321 36.682013
-65.897100 -66.515197 35.118383
6
-74.125262 -40.065680 53.853382
-73.412609 -41.643716 53.631984
-75.624522 -49.102504 43.242060
-78.402632 -49.444667 37.526687
-87.989791 -40.151624 25.409521
-85.758664 -33.711016 38.846094
5
-49.179416 86.007157 -13.570337
-36.974070 89.461435 -25.091230
-35.778877 89.824405 -25.523483
-25.136537 95.136816 -17.808446
-40.639188 91.369782 -0.138986
4
-44.990664 75.569599 47.592813
-37.437366 88.182632 28.675200
-25.884037 88.116534 39.566313
-29.174861 80.394530 51.822263
7
-75.894011 13.849169 -63.626250
-76.433671 10.560803 -63.611032
-75.067530 6.937855 -65.701843
-63.425410 0.636216 -77.309848
-56.529418 16.446206 -80.832835
-56.674638 19.317680 -80.092526
-65.122214 23.407171 -72.188653
6
77.312708 -62.332634 11.721261
79.759293 -59.109565 12.021419
87.126964 -48.983088 3.090195
88.188517 -46.929689 -4.515502
87.747001 -47.446045 -7.024011
79.461862 -59.747406 -10.773113
7
34.769305 -37.136775 -86.092714
37.294539 -50.274269 -77.984711
45.627697 -53.832358 -70.853303
54.663819 -51.183716 -66.272877
57.202332 -41.021791 -71.028909
46.603101 -32.471298 -82.302891
35.523127 -34.488107 -86.883128
4
16.089265 1.988761 98.677152
20.357375 -10.421204 97.349760
8.664929 -17.183590 98.130746
4.432628 -7.353241 99.630726
5
-4.680901 -45.254923 89.051003
-12.789977 -43.745848 89.009647
-28.975443 -29.690816 90.988347
-28.955515 -28.135568 91.487529
-7.309875 -24.454483 96.687869
6
16.380869 87.984663 44.613521
8.456519 91.695236 38.993217
5.719058 94.968802 30.793164
16.423891 94.396733 28.627130
30.540027 89.993909 31.119176
27.649295 84.851404 45.119349
6
74.331535 64.235807 18.670404
65.907353 69.102183 29.683482
55.926065 77.692393 28.916558
55.327582 79.252164 25.650596
68.517369 72.811856 1.950350
71.924573 69.474137 -0.447275
5
91.102221 30.540952 -27.706236
87.506391 11.657212 -46.975962
93.009837 8.889149 -35.639209
96.230049 17.632951 -20.708858
94.136573 24.867558 -22.801541
4
-51.578220 22.580243 -82.642724
-38.737627 17.259647 -90.562138
-31.092068 32.779023 -89.212213
-48.158987 28.615613 -82.836337
7
27.672325 -18.786422 94.240717
27.284368 -14.519405 95.103891
33.470413 -8.811169 93.819479
46.872260 -6.363281 88.105050
48.872352 -7.432420 86.926707
50.884950 -25.308136 82.281347
46.017046 -29.957466 83.576203
6
51.620762 16.283065 -84.084236
37.098654 24.320061 -89.622679
32.392052 14.454136 -93.497769
32.803990 9.414070 -93.996136
47.650002 10.460419 -87.292938
50.431390 12.563993 -85.433137
5
-27.134175 -2.840537 -96.206382
-10.539850 -3.576459 -99.378672
-10.065883 18.192140 -97.814743
-16.342036 18.732489 -96.860889
-29.721387 6.627670 -95.250791
6
-22.854510 -30.417650 -92.479392
-28.952384 -29.215632 -91.149363
-40.653063 -46.441318 -78.679937
-30.608675 -49.860308 -81.099067
-18.496949 -43.380166 -88.181767
-18.560037 -35.928625 -91.458509
7
25.119804 -60.524406 75.536691
24.977310 -61.213359 75.027053
24.314959 -62.069299 74.539821
10.062416 -67.000813 73.550247
-2.948567 -62.831514 77.739995
-3.728646 -55.267348 83.256336
-1.285009 -49.965283 86.613043
7
88.676150 -36.736583 -28.052878
89.086873 -34.953839 -29.013069
83.714999 -28.608266 -46.619375
76.932401 -35.072655 -53.397701
71.814912 -42.713116 -54.938221
71.313480 -44.553769 -54.123464
87.300182 -40.051994 -27.830127
6
-83.931983 8.400614 53.710818
-82.706485 -5.624448 55.928552
-83.860821 -16.881188 51.791777
-84.615191 -16.681562 50.616152
-91.557928 1.056722 40.199864
-91.436486 3.248089 40.358629
6
-11.504293 -95.063933 28.818394
-13.767970 -95.458811 26.420795
-24.012397 -94.120861 23.762753
-26.841191 -93.281471 24.044075
-26.574320 -86.042121 43.480559
-11.714834 -91.329948 39.007733
4
-10.667456 -97.755838 18.165942
-17.302949 -98.366412 4.965572
-24.012397 -94.120861 23.762753
-13.767970 -95.458811 26.420795
5
4.162063 -89.838430 43.723378
12.381800 -91.989471 37.210593
15.082065 -97.434650 16.703900
15.018872 -97.447302 16.687027
-0.188070 -96.102466 27.645626
7
-12.737509 63.814882 -75.930341
-6.266143 68.736045 -72.360843
-6.503540 79.213079 -60.687660
-10.351509 81.424472 -57.121814
-30.662802 70.196962 -64.282028
-29.394443 67.423871 -67.749453
-15.461565 62.466772 -76.543076
5
-25.641936 -74.075558 -62.091085
-42.787930 -46.459852 -77.528544
-42.920336 -46.428462 -77.474142
-51.923059 -56.462063 -64.156304
-44.623210 -70.624711 -54.962891
6
-30.094538 -89.126444 -33.923381
-23.463159 -88.452114 -40.320016
-23.942824 -85.193884 -46.569767
-44.032508 -80.273959 -40.214796
-44.437540 -82.936807 -33.864305
-36.700968 -87.386022 -31.886079
5
-40.252383 90.695122 12.415333
-20.053899 97.913381 -3.287989
-12.338581 97.566430 18.125979
-38.644475 89.320367 22.988618
-38.875683 89.282349 22.745185
7
-61.212701 79.074115 -0.538090
-59.205745 80.576001 -1.479116
-41.296766 90.485092 10.345304
-40.252383 90.695122 12.415333
-38.875683 89.282349 22.745185
-60.433208 76.234246 23.155282
-63.602578 75.008007 18.124872
6
32.650667 62.755559 -70.680080
22.343018 55.720360 -79.975190
23.700633 47.706572 -84.630745
35.742739 45.163185 -81.748048
51.472671 51.155998 -68.801366
51.475092 51.177293 -68.783716
8
99.166590 -11.793101 -5.187499
99.103560 -12.208429 -5.425744
96.223825 -27.173763 -1.600644
94.243331 -31.796876 10.351482
94.109308 -31.521344 12.241036
94.163604 -30.937550 13.269654
96.893124 -16.206876 18.683137
99.298811 -5.194839 10.618839
5
1.948914 -22.757938 97.356448
7.872756 -19.038777 97.854712
20.391480 -28.662429 93.609042
19.063825 -37.850663 90.575371
11.623019 -39.644796 91.066984
5
47.650002 10.460419 -87.292938
32.803990 9.414070 -93.996136
28.007221 3.886175 -95.919202
31.689098 -3.954178 -94.763735
45.584745 -2.123979 -88.980446
8
-63.602578 75.008007 18.124872
-60.433208 76.234246 23.155282
-62.209105 68.051219 38.717680
-69.047710 61.192512 38.573180
-75.105846 57.879650 31.765674
-78.524516 57.911187 21.913345
-77.876669 59.670373 19.356421
-68.312459 71.058717 16.854277
6
19.063825 -37.850663 90.575371
20.391480 -28.662429 93.609042
27.672325 -18.786422 94.240717
46.017046 -29.957466 83.576203
37.840588 -44.630658 81.093737
34.510179 -46.180713 81.709175
6
42.545461 -88.776483 -17.567577
29.095729 -88.794684 -35.622221
24.650640 -95.943134 -13.684334
30.483617 -94.924224 -7.755046
33.857729 -93.782658 -7.646391
41.362746 -90.154684 -12.698670
5
-70.770641 -12.081144 69.610073
-77.908926 -25.426203 57.303643
-83.860821 -16.881188 51.791777
-82.706485 -5.624448 55.928552
-72.451070 -4.320964 68.790782
6
-10.065883 18.192140 -97.814743
-10.539850 -3.576459 -99.378672
3.266061 -13.739620 -98.997756
11.361305 6.117076 -99.164016
7.835723 13.316257 -98.799184
-5.169181 19.062083 -98.030182
6
-91.668642 34.499546 -20.165351
-88.979502 32.990485 -31.532145
-81.580706 52.047539 -25.211942
-79.793557 57.153929 -19.142013
-80.294867 57.693916 -14.971519
-85.694797 49.992253 -12.537001
5
15.312648 -60.099917 -78.444393
13.261911 -49.912322 -85.632248
-3.825916 -51.320544 -85.741262
-0.723613 -61.085353 -79.171055
10.847665 -64.180020 -75.916093
5
13.331645 -85.765414 49.664484
14.762857 -78.295965 60.430124
22.139510 -75.767310 61.393459
31.739847 -78.981573 52.483266
23.935228 -85.867733 45.319281
5
-40.639188 91.369782 -0.138986
-41.296766 90.485092 10.345304
-59.205745 80.576001 -1.479116
-52.551027 84.176044 -12.360553
-49.179416 86.007157 -13.570337
6
66.194613 -69.770047 -27.393682
70.765324 -63.635591 -30.704731
70.360132 -57.243367 -42.102836
65.668234 -56.297722 -50.182164
56.855876 -73.063141 -37.804587
63.877300 -71.500738 -28.413641
7
-28.955515 -28.135568 91.487529
-31.856428 -22.700848 92.031731
-21.952183 -12.617122 96.741459
-9.241462 -13.132254 98.702276
-9.086008 -13.284891 98.696282
-6.180723 -22.970698 97.129531
-7.309875 -24.454483 96.687869
4
33.186692 89.797367 28.897689
30.540027 89.993909 31.119176
16.423891 94.396733 28.627130
35.087365 92.636476 13.687954
10
35.087365 92.636476 13.687954
16.423891 94.396733 28.627130
5.719058 94.968802 30.793164
0.507479 96.717813 25.404862
-0.155851 97.248034 23.297975
1.398759 97.832720 20.659195
2.354743 98.008895 19.715774
26.025553 96.246410 7.700595
34.424910 93.382808 9.725055
35.340803 92.629114 13.071915
5
4.838785 -77.586068 62.904596
10.062416 -67.000813 73.550247
24.314959 -62.069299 74.539821
22.139510 -75.767310 61.393459
14.762857 -78.295965 60.430124
6
3.142083 -89.013303 45.461623
13.331645 -85.765414 49.664484
23.935228 -85.867733 45.319281
23.659445 -87.664463 41.894781
12.381800 -91.989471 37.210593
4.162063 -89.838430 43.723378
4
-68.312459 71.058717 16.854277
-77.876669 59.670373 19.356421
-81.148487 58.163962 5.645934
-77.708882 62.831829 -3.673003
4
41.362746 -90.154684 -12.698670
33.857729 -93.782658 -7.646391
45.096216 -88.747891 9.494378
52.541581 -84.753993 -7.492855
7
-11.862079 83.983738 -52.971906
-10.351509 81.424472 -57.121814
-6.503540 79.213079 -60.687660
10.239039 81.725296 -56.711005
14.685118 85.065534 -50.479720
14.986956 86.644347 -47.625080
9.833427 89.727346 -43.038438
6
-56.626057 -50.605413 65.058296
-50.550272 -40.471317 76.201985
-38.117065 -42.639963 82.030013
-34.178812 -58.319822 73.692653
-38.825726 -62.098381 68.090779
-52.205076 -55.713676 64.580310
9
71.980378 -67.976865 14.070216
69.952041 -69.533545 16.486298
75.792374 -52.231838 39.081341
77.047634 -50.288219 39.175976
83.977305 -42.943417 33.221607
84.024316 -42.927032 33.123771
84.191600 -49.957663 20.396235
79.759293 -59.109565 12.021419
77.312708 -62.332634 11.721261
8
-97.987684 19.699229 -3.217794
-97.319549 22.719704 -3.566565
-91.948808 38.957406 5.266620
-91.003894 40.596514 8.379395
-90.701269 40.555792 11.336117
-91.230954 26.436151 31.273679
-95.293224 14.942268 26.380486
-97.773451 10.365093 18.246018
6
21.242597 43.812167 -87.345556
33.922023 30.599073 -88.955006
34.834717 30.364131 -88.682366
39.427074 33.556313 -85.553958
35.742739 45.163185 -81.748048
23.700633 47.706572 -84.630745
4
-37.320377 -13.878657 -91.730978
-48.211029 -26.678740 -83.450234
-31.084898 -26.537632 -91.266002
-33.959225 -13.964834 -93.014808
5
-22.949726 -2.545131 97.297648
-15.304246 2.026865 98.801173
-11.801038 -1.163646 99.294418
-9.241462 -13.132254 98.702276
-21.952183 -12.617122 96.741459
6
83.714999 -28.608266 -46.619375
84.287999 -16.578472 -51.192651
81.605462 -14.872874 -55.851108
76.978219 -19.171160 -60.883663
75.955159 -22.608566 -60.989069
76.932401 -35.072655 -53.397701
5
72.386097 -6.406326 -68.696521
80.798146 -6.526328 -58.558233
82.242478 14.006065 -55.136240
81.830878 14.411200 -55.641933
73.697900 15.306720 -65.835583
6
70.860622 -68.920056 -15.126074
66.194613 -69.770047 -27.393682
63.877300 -71.500738 -28.413641
57.287448 -79.684292 -19.197964
59.029498 -79.927434 -11.274909
67.227844 -73.553359 -8.385731
5
97.597622 7.683535 20.387924
93.541023 -12.950441 32.899288
89.246803 -4.897133 44.844468
90.541661 6.013372 42.024363
90.684389 6.619948 41.623525
7
3.675655 78.444054 61.911388
-1.760452 79.539903 60.583039
-4.929567 81.878919 57.197395
-4.429653 82.939623 55.690188
8.456519 91.695236 38.993217
16.380869 87.984663 44.613521
13.769020 79.358704 59.267277
7
34.756395 -32.642531 -87.900274
8.103527 -21.620000 -97.298039
5.823628 -21.177980 -97.558078
2.256509 -31.127077 -95.005333
14.879231 -47.497717 -86.732781
34.769305 -37.136775 -86.092714
35.523127 -34.488107 -86.883128
4
-91.129229 -5.622879 -40.790278
-87.321514 -17.616351 -45.438061
-80.327694 -16.291871 -57.289061
-84.560753 -3.484202 -53.266681
7
16.293976 4.028923 98.581307
19.829368 10.764774 97.421331
26.364923 13.177834 95.557498
33.470413 -8.811169 93.819479
27.284368 -14.519405 95.103891
20.357375 -10.421204 97.349760
16.089265 1.988761 98.677152
4
-6.544947 -50.372589 -86.138063
-18.496949 -43.380166 -88.181767
-30.608675 -49.860308 -81.099067
-20.157188 -60.672674 -76.892876
5
41.562740 51.794896 74.765148
41.003228 46.820534 78.272428
34.050186 43.712983 83.245180
24.593772 55.598028 79.397769
33.229500 61.188406 71.775897
5
-82.944491 33.366027 -44.798657
-70.409956 49.461634 -50.950809
-71.244720 55.926971 -42.383532
-79.447828 48.487502 -36.565075
-85.193403 33.429533 -40.305713
6
-88.854424 -39.695797 23.002937
-81.626772 -54.866541 18.075751
-81.569653 -57.259249 8.232261
-88.433997 -46.613798 2.565537
-88.489029 -46.509305 2.564422
-89.042109 -39.416207 22.756656
6
16.293976 4.028923 98.581307
16.089265 1.988761 98.677152
4.432628 -7.353241 99.630726
2.039868 -6.674805 99.756132
-1.471847 1.103540 99.983078
0.220447 4.216857 99.910808
6
83.064146 55.420915 5.373063
90.344515 42.618224 -4.642789
92.089210 38.939849 -1.807114
92.405303 38.217782 -0.813096
82.829755 52.692663 19.045077
82.714638 52.922004 18.908996
6
47.420463 -81.318814 -33.742409
55.956501 -73.648276 -38.010543
50.831534 -72.748927 -46.084148
33.316323 -78.899980 -51.621854
30.353787 -83.658070 -45.606742
31.287996 -85.334413 -41.702509
7
61.249328 -20.925507 -76.227573
65.784523 -32.266211 -68.053568
66.391320 -32.486855 -67.355749
75.955159 -22.608566 -60.989069
76.978219 -19.171160 -60.883663
67.956308 -13.988221 -72.015761
61.805031 -18.629456 -76.374613
5
-78.402632 -49.444667 37.526687
-77.779090 -58.002397 24.210228
-81.626772 -54.866541 18.075751
-88.854424 -39.695797 23.002937
-87.989791 -40.151624 25.409521
7
-84.560753 -3.484202 -53.266681
-80.327694 -16.291871 -57.289061
-78.297037 -18.614430 -59.355514
-73.620061 -5.241989 -67.473018
-75.067530 6.937855 -65.701843
-76.433671 10.560803 -63.611032
-83.235014 1.970343 -55.389983
5
93.009837 8.889149 -35.639209
87.506391 11.657212 -46.975962
87.350815 11.640534 -47.268733
89.412713 -10.813483 -43.456132
95.514163 -3.139932 -29.448012
6
-35.778877 89.824405 -25.523483
-36.974070 89.461435 -25.091230
-57.924189 74.827224 -32.336897
-57.655955 74.671079 -33.166561
-41.047289 78.272014 -46.782603
-35.509773 89.196681 -27.982283
6
-3.431079 -84.389097 -53.541647
-19.430298 -79.144359 -57.953722
-23.942824 -85.193884 -46.569767
-23.463159 -88.452114 -40.320016
-15.134895 -92.345861 -35.258715
-1.632379 -87.254359 -48.826347
7
-17.326947 -98.389451 4.392360
-13.288258 -99.085622 2.337014
-14.213341 -97.797355 -15.285885
-27.442888 -95.035146 -14.669999
-31.019561 -94.261883 -12.348452
-31.155585 -94.240980 -12.164178
-20.233549 -97.871978 3.417522
7
8.815594 98.991046 -11.093159
16.887760 96.110668 -21.852758
21.872533 95.119858 -21.767061
28.282949 94.297544 -17.551297
30.312727 94.295098 -13.768555
20.020728 97.960024 -1.733231
11.465600 99.157317 -6.030471
7
-99.320556 -11.635595 -0.200014
-99.081674 -13.488611 -0.937679
-98.294933 -17.562163 -5.447613
-96.509876 -15.787772 -20.894736
-95.654675 -9.873317 -27.435391
-95.620718 -5.854723 -28.677525
-99.657609 2.329005 -7.933264
5
75.792374 -52.231838 39.081341
68.812125 -57.627821 44.089972
67.074397 -49.076825 55.610166
72.453734 -41.036988 55.375283
77.047634 -50.288219 39.175976
5
-64.436944 -28.057470 71.138306
-62.942766 -15.418236 76.160923
-58.381970 -13.941994 79.982288
-57.000829 -15.563484 80.676412
-54.579561 -34.365308 76.420528
7
-46.090184 64.638435 60.807628
-42.951723 64.421870 63.284850
-34.570832 58.194169 73.609077
-36.694374 46.832270 80.375752
-37.316942 45.885329 80.634871
-55.003033 43.565429 71.251104
-57.009960 45.890624 68.146277
7
3.337294 38.950257 92.042055
2.253674 39.618439 91.789434
-5.402099 61.949989 78.313576
9.401186 63.654949 76.548450
17.587126 55.473345 81.322820
11.560099 40.435029 90.726912
5.774405 38.833778 91.970615
7
-89.368564 28.473462 34.677395
-84.274001 43.033933 32.341511
-81.318173 46.518015 34.977550
-72.556743 45.243592 51.851099
-71.889130 42.182163 55.250503
-77.214472 29.952496 56.042602
-79.153274 27.448037 54.601872
6
3.278889 15.916169 98.670788
12.389668 15.930410 97.942423
19.829368 10.764774 97.421331
16.293976 4.028923 98.581307
0.220447 4.216857 99.910808
-1.848848 10.011694 99.480389
7
76.487533 40.272874 -50.276764
70.945978 43.728671 -55.267273
67.649236 27.491741 -68.321190
68.838209 19.159977 -69.958532
71.450248 16.325978 -68.031790
73.697900 15.306720 -65.835583
81.830878 14.411200 -55.641933
5
24.952093 70.521250 -66.363743
25.987051 76.465967 -58.971427
14.685118 85.065534 -50.479720
10.239039 81.725296 -56.711005
12.553181 71.722621 -68.544025
6
45.096216 -88.747891 9.494378
33.857729 -93.782658 -7.646391
30.483617 -94.924224 -7.755046
17.812006 -97.025940 16.392054
23.178089 -95.386713 19.082747
45.996027 -87.657758 14.159200
5
10.847665 -64.180020 -75.916093
10.579729 -73.303529 -67.191234
29.289129 -71.528120 -63.449783
28.761690 -59.339021 -75.177429
15.312648 -60.099917 -78.444393
8
-61.228369 -78.584082 8.696485
-61.170345 -78.615485 8.820115
-53.258651 -84.382329 6.568006
-41.156289 -90.851679 -7.220274
-41.047833 -90.873552 -7.554668
-41.721673 -90.498852 -8.322248
-59.727265 -78.626149 -15.829797
-62.839794 -77.789159 -0.083599
5
-9.086008 -13.284891 98.696282
-9.241462 -13.132254 98.702276
-11.801038 -1.163646 99.294418
-1.471847 1.103540 99.983078
2.039868 -6.674805 99.756132
6
-35.509773 89.196681 -27.982283
-41.047289 78.272014 -46.782603
-38.794508 74.964822 -53.621466
-37.653577 75.015879 -54.358311
-18.883608 86.211067 -47.021924
-19.321783 86.602644 -46.115623
8
82.242478 14.006065 -55.136240
80.798146 -6.526328 -58.558233
81.605462 -14.872874 -55.851108
84.287999 -16.578472 -51.192651
89.257108 -11.452822 -43.611943
89.412713 -10.813483 -43.456132
87.350815 11.640534 -47.268733
84.853264 13.454571 -51.175170
7
9.833427 89.727346 -43.038438
14.986956 86.644347 -47.625080
30.449136 85.959944 -41.033379
31.222690 86.647803 -38.952560
21.872533 95.119858 -21.767061
16.887760 96.110668 -21.852758
6.613015 92.764061 -36.757272
6
68.449856 50.058561 52.997714
72.377692 38.779204 57.075766
70.605814 36.097194 60.924639
58.436582 38.765514 71.290959
56.342415 41.208720 71.605682
55.433804 48.931238 67.326275
6
63.877300 -71.500738 -28.413641
56.855876 -73.063141 -37.804587
55.956501 -73.648276 -38.010543
47.420463 -81.318814 -33.742409
49.148685 -83.397516 -25.085077
57.287448 -79.684292 -19.197964
8
25.040488 -84.254780 -47.687588
30.353787 -83.658070 -45.606742
33.316323 -78.899980 -51.621854
34.013059 -73.704457 -58.401753
29.289129 -71.528120 -63.449783
10.579729 -73.303529 -67.191234
9.510509 -74.128598 -66.441713
7.163780 -78.923637 -60.989670
5
50.088697 32.223825 -80.328995
54.943565 20.727620 -80.941772
68.838209 19.159977 -69.958532
67.649236 27.491741 -68.321190
52.241990 48.283570 -70.281373
7
82.714638 52.922004 18.908996
82.829755 52.692663 19.045077
83.192284 51.602888 20.400636
80.966754 47.149976 34.946597
71.039038 55.754847 42.951741
65.907353 69.102183 29.683482
74.331535 64.235807 18.670404
8
-18.422717 47.895694 -85.828934
-24.822386 42.788489 -86.907965
-26.047349 36.373499 -89.434357
-16.342036 18.732489 -96.860889
-10.065883 18.192140 -97.814743
-5.169181 19.062083 -98.030182
-2.315869 32.877421 -94.412457
-5.714211 43.861849 -89.685484
5
-15.427973 9.000732 98.391892
-15.304246 2.026865 98.801173
-22.949726 -2.545131 97.297648
-33.492231 0.215186 94.224329
-25.350064 12.688257 95.897771
4
-60.996964 4.609575 79.108294
-50.544040 14.683739 85.027571
-42.137668 -0.616616 90.686475
-56.466744 -2.955178 82.478929
4
-71.605085 42.384020 55.464463
-49.917399 67.870911 53.868290
-46.090184 64.638435 60.807628
-57.009960 45.890624 68.146277
4
-51.493016 -38.169679 76.756400
-54.579561 -34.365308 76.420528
-57.000829 -15.563484 80.676412
-44.558980 -20.618935 87.116915
8
-59.116306 66.219418 -46.046183
-70.804847 57.023340 -41.653479
-71.244720 55.926971 -42.383532
-70.409956 49.461634 -50.950809
-70.024613 49.396025 -51.542083
-62.242686 51.618446 -58.833528
-61.868792 51.973475 -58.915282
-53.882732 65.186861 -53.360326
5
76.616328 -7.539446 63.820804
88.622677 -5.680433 45.975578
85.029353 -25.217649 46.196096
77.371382 -14.085358 61.767887
76.809960 -12.334881 62.833755
4
21.643315 56.104661 -79.898898
12.008137 71.284221 -69.096776
3.628656 68.544159 -72.722287
10.259899 58.263839 -80.622946
5
-34.570832 58.194169 73.609077
-42.951723 64.421870 63.284850
-22.087589 77.454105 59.270566
-21.939223 77.456908 59.321986
-17.653198 64.305149 74.519879
6
-23.583189 -59.301258 76.988272
-22.271697 -57.701268 78.578211
-3.728646 -55.267348 83.256336
-2.948567 -62.831514 77.739995
-7.809539 -68.944028 72.012028
-17.630544 -69.776964 69.428663
6
-1.285009 -49.965283 86.613043
-1.441704 -47.731905 87.861179
11.623019 -39.644796 91.066984
19.063825 -37.850663 90.575371
34.510179 -46.180713 81.709175
25.119804 -60.524406 75.536691
8
97.066847 22.513676 8.435732
96.333558 25.531198 8.246422
92.405303 38.217782 -0.813096
92.089210 38.939849 -1.807114
94.136573 24.867558 -22.801541
96.230049 17.632951 -20.708858
97.159465 15.828711 -17.592338
98.073465 19.450781 1.806249
7
18.395125 76.823614 61.316814
13.769020 79.358704 59.267277
16.380869 87.984663 44.613521
27.649295 84.851404 45.119349
32.390318 81.799542 47.536326
32.396979 81.738621 47.636473
28.131725 77.956354 55.959029
8
-63.568458 6.251444 76.941345
-60.996964 4.609575 79.108294
-56.466744 -2.955178 82.478929
-58.381970 -13.941994 79.982288
-62.942766 -15.418236 76.160923
-70.770641 -12.081144 69.610073
-72.451070 -4.320964 68.790782
-72.363914 -3.820088 68.912051
5
-62.839794 -77.789159 -0.083599
-59.727265 -78.626149 -15.829797
-59.931200 -78.301338 -16.647876
-72.862720 -64.819037 -22.125020
-75.109285 -65.026644 -11.407497
4
-85.694797 49.992253 -12.537001
-91.948808 38.957406 5.266620
-97.319549 22.719704 -3.566565
-91.668642 34.499546 -20.165351
5
69.952041 -69.533545 16.486298
60.606318 -76.401645 22.128327
61.802749 -65.337543 43.719854
68.812125 -57.627821 44.089972
75.792374 -52.231838 39.081341
6
-33.492231 0.215186 94.224329
-22.949726 -2.545131 97.297648
-21.952183 -12.617122 96.741459
-31.856428 -22.700848 92.031731
-36.872768 -18.707612 91.051767
-39.538715 -1.802300 91.833772
5
86.114720 34.656061 -37.191564
88.926124 35.312801 -29.071472
85.032200 47.745288 -22.133964
77.731307 49.083888 -39.352457
77.392455 40.821276 -48.415198
6
-78.143845 -62.384212 -1.322746
-81.173283 -57.881451 7.786904
-66.988767 -72.525428 15.892369
-61.661538 -77.988911 10.751022
-61.170345 -78.615485 8.820115
-61.228369 -78.584082 8.696485
5
96.893124 -16.206876 18.683137
94.163604 -30.937550 13.269654
90.344752 -32.439920 28.026369
91.365931 -23.230247 33.355994
93.665214 -15.659653 31.330544
7
53.957139 -56.711316 62.229043
52.515204 -52.491381 66.983642
65.346777 -33.653267 67.803070
65.593890 -33.628718 67.576260
73.090442 -38.265424 56.511455
72.453734 -41.036988 55.375283
67.074397 -49.076825 55.610166
8
60.599541 68.983059 -39.611024
62.101028 72.587547 -29.572120
41.296951 86.319635 -29.042770
31.222690 86.647803 -38.952560
30.449136 85.959944 -41.033379
34.113818 82.947900 -44.225483
44.250473 76.622559 -46.592694
60.170423 68.789075 -40.590434
8
35.523127 -34.488107 -86.883128
46.603101 -32.471298 -82.302891
61.249328 -20.925507 -76.227573
61.805031 -18.629456 -76.374613
55.845796 -9.936152 -82.356056
49.809818 -10.082748 -86.123865
37.783566 -20.321419 -90.329630
34.756395 -32.642531 -87.900274
5
-48.413614 43.996699 -75.633409
-41.256414 57.102403 -70.973403
-47.465652 58.316850 -65.925388
-54.130134 52.604981 -65.594547
-49.072677 43.997886 -75.206771
7
52.278677 52.373486 67.260374
41.562740 51.794896 74.765148
33.229500 61.188406 71.775897
33.755894 65.042083 68.044596
34.111339 65.255014 67.662395
44.362754 66.278955 60.324507
48.673006 63.056987 60.454569
5
-4.361330 25.080001 96.705596
3.337294 38.950257 92.042055
5.774405 38.833778 91.970615
12.389668 15.930410 97.942423
3.278889 15.916169 98.670788
6
88.676150 -36.736583 -28.052878
87.300182 -40.051994 -27.830127
86.772123 -41.617657 -27.176629
87.747001 -47.446045 -7.024011
88.188517 -46.929689 -4.515502
95.232383 -30.133482 -4.771431
6
-10.539850 -3.576459 -99.378672
-27.134175 -2.840537 -96.206382
-27.900330 -7.424205 -95.741594
-15.126320 -19.534894 -96.899857
3.360401 -17.214694 -98.449794
3.266061 -13.739620 -98.997756
5
-71.330238 36.111869 -60.066048
-70.024613 49.396025 -51.542083
-70.409956 49.461634 -50.950809
-82.944491 33.366027 -44.798657
-81.133113 29.813141 -50.285133
6
-14.213341 -97.797355 -15.285885
-13.288258 -99.085622 2.337014
2.510570 -99.935581 2.564488
5.486006 -98.510701 -16.295570
1.808252 -97.646097 -21.493485
-2.683332 -97.536262 -21.896973
6
39.427074 33.556313 -85.553958
34.834717 30.364131 -88.682366
37.098654 24.320061 -89.622679
51.620762 16.283065 -84.084236
54.943565 20.727620 -80.941772
50.088697 32.223825 -80.328995
6
-76.015773 -40.913350 -50.474748
-77.525934 -35.042233 -52.552559
-88.227318 -27.127448 -38.471312
-88.556475 -27.182276 -37.667953
-88.774286 -37.497476 -26.703286
-80.047643 -51.090880 -31.338425
7
-33.202440 -93.731441 10.583715
-34.856197 -91.511034 20.267612
-26.841191 -93.281471 24.044075
-24.012397 -94.120861 23.762753
-17.302949 -98.366412 4.965572
-17.326947 -98.389451 4.392360
-20.233549 -97.871978 3.417522
5
88.188517 -46.929689 -4.515502
87.126964 -48.983088 3.090195
94.243331 -31.796876 10.351482
96.223825 -27.173763 -1.600644
95.232383 -30.133482 -4.771431
6
55.433804 48.931238 67.326275
56.342415 41.208720 71.605682
49.069894 39.767755 77.528519
41.003228 46.820534 78.272428
41.562740 51.794896 74.765148
52.278677 52.373486 67.260374
6
56.515244 80.920361 -16.059961
43.247403 88.918125 -14.940854
40.616032 87.296715 -27.011506
41.296951 86.319635 -29.042770
62.101028 72.587547 -29.572120
63.591917 72.558829 -26.292289
9
-63.255718 -49.093494 59.904448
-73.412609 -41.643716 53.631984
-74.125262 -40.065680 53.853382
-75.575642 -31.757453 57.269420
-64.436944 -28.057470 71.138306
-54.579561 -34.365308 76.420528
-51.493016 -38.169679 76.756400
-50.550272 -40.471317 76.201985
-56.626057 -50.605413 65.058296
6
-0.188070 -96.102466 27.645626
15.018872 -97.447302 16.687027
5.889517 -99.464462 8.493201
-10.667456 -97.755838 18.165942
-13.767970 -95.458811 26.420795
-11.504293 -95.063933 28.818394
5
-34.570832 58.194169 73.609077
-17.653198 64.305149 74.519879
-11.511448 62.789802 76.973550
-18.052239 47.241705 86.268986
-36.694374 46.832270 80.375752
9
-56.674638 19.317680 -80.092526
-51.578220 22.580243 -82.642724
-48.158987 28.615613 -82.836337
-46.556058 42.264261 -77.757738
-48.413614 43.996699 -75.633409
-49.072677 43.997886 -75.206771
-62.027424 37.446174 -68.923020
-64.525760 32.880986 -68.958444
-65.122214 23.407171 -72.188653
5
21.872533 95.119858 -21.767061
31.222690 86.647803 -38.952560
41.296951 86.319635 -29.042770
40.616032 87.296715 -27.011506
28.282949 94.297544 -17.551297
5
-46.845709 -82.705575 -31.068752
-52.729777 -80.126344 -28.272593
-59.931200 -78.301338 -16.647876
-59.727265 -78.626149 -15.829797
-41.721673 -90.498852 -8.322248
5
51.462541 -63.962494 57.099967
53.957139 -56.711316 62.229043
67.074397 -49.076825 55.610166
68.812125 -57.627821 44.089972
61.802749 -65.337543 43.719854
5
-96.509876 -15.787772 -20.894736
-98.294933 -17.562163 -5.447613
-96.781744 -24.594968 -5.327433
-91.432605 -35.764819 -18.998855
-91.181570 -35.410882 -20.784387
5
-53.500603 -29.098521 -79.315582
-48.211029 -26.678740 -83.450234
-37.320377 -13.878657 -91.730978
-50.591599 -6.190037 -86.035885
-58.015233 -12.559695 -80.476622
4
-81.318173 46.518015 34.977550
-75.105846 57.879650 31.765674
-69.047710 61.192512 38.573180
-72.556743 45.243592 51.851099
6
-94.596995 -17.383208 27.372113
-93.746127 -28.792055 19.562240
-94.456577 -28.704308 15.937935
-99.081674 -13.488611 -0.937679
-99.320556 -11.635595 -0.200014
-98.478926 -3.525542 17.013869
6
76.487533 40.272874 -50.276764
81.830878 14.411200 -55.641933
82.242478 14.006065 -55.136240
84.853264 13.454571 -51.175170
86.114720 34.656061 -37.191564
77.392455 40.821276 -48.415198
7
-47.049255 -78.009981 41.240885
-50.901344 -80.803906 29.661118
-51.855201 -80.440232 28.989777
-65.897100 -66.515197 35.118383
-65.697712 -65.865321 36.682013
-59.829328 -66.903094 44.095664
-58.250482 -67.885128 44.704482
7
-1.632379 -87.254359 -48.826347
-15.134895 -92.345861 -35.258715
-13.977194 -93.806854 -31.700351
-2.683332 -97.536262 -21.896973
1.808252 -97.646097 -21.493485
6.215141 -94.770014 -31.305215
2.292468 -89.302681 -44.941915
8
-97.319549 22.719704 -3.566565
-97.987684 19.699229 -3.217794
-98.015940 19.532536 -3.369811
-97.348410 16.144329 -16.206407
-91.173914 22.095703 -34.627983
-88.301631 31.105734 -35.146197
-88.979502 32.990485 -31.532145
-91.668642 34.499546 -20.165351
7
97.633853 16.389808 14.106914
86.865591 26.980864 41.549994
85.807683 29.660361 41.920216
85.496690 36.142168 37.202953
92.116668 34.323080 18.342455
96.333558 25.531198 8.246422
97.066847 22.513676 8.435732
7
1.398759 97.832720 20.659195
-0.155851 97.248034 23.297975
-12.338581 97.566430 18.125979
-20.053899 97.913381 -3.287989
-18.182724 97.086641 -15.606815
-15.560045 97.378874 -16.590353
-5.503651 99.120386 -12.035731
7
-4.680901 -45.254923 89.051003
-1.441704 -47.731905 87.861179
-1.285009 -49.965283 86.613043
-3.728646 -55.267348 83.256336
-22.271697 -57.701268 78.578211
-24.119601 -49.666733 83.375419
-12.789977 -43.745848 89.009647
7
59.579552 61.195608 52.013215
51.852270 74.833827 41.367141
51.440783 78.366932 34.820537
55.926065 77.692393 28.916558
65.907353 69.102183 29.683482
71.039038 55.754847 42.951741
68.460541 54.455537 48.453573
6
30.353787 -83.658070 -45.606742
25.040488 -84.254780 -47.687588
2.292468 -89.302681 -44.941915
6.215141 -94.770014 -31.305215
28.910068 -88.338010 -36.886365
31.287996 -85.334413 -41.702509
5
7.835723 13.316257 -98.799184
9.177031 15.194230 -98.411978
13.420179 35.443532 -92.540017
-2.315869 32.877421 -94.412457
-5.169181 19.062083 -98.030182
6
38.337777 71.445037 -58.530519
37.974726 72.388745 -57.600258
31.955128 76.253239 -56.252230
25.987051 76.465967 -58.971427
24.952093 70.521250 -66.363743
32.232982 63.824380 -69.910539
8
-81.133113 29.813141 -50.285133
-82.944491 33.366027 -44.798657
-85.193403 33.429533 -40.305713
-88.301631 31.105734 -35.146197
-91.173914 22.095703 -34.627983
-91.900969 11.697682 -37.648056
-90.068111 11.517324 -41.893754
-79.957343 19.961818 -56.642291
7
91.365931 -23.230247 33.355994
85.004874 -25.843074 45.894520
85.029353 -25.217649 46.196096
88.622677 -5.680433 45.975578
89.246803 -4.897133 44.844468
93.541023 -12.950441 32.899288
93.665214 -15.659653 31.330544
6
-81.626772 -54.866541 18.075751
-77.779090 -58.002397 24.210228
-69.945890 -66.620813 25.869667
-66.988767 -72.525428 15.892369
-81.173283 -57.881451 7.786904
-81.569653 -57.259249 8.232261
7
-60.493880 74.031791 -29.322079
-61.196982 74.731040 -25.888242
-72.621358 68.146408 -9.066724
-76.660599 63.637107 -8.571538
-80.294867 57.693916 -14.971519
-79.793557 57.153929 -19.142013
-71.698470 61.629179 -32.575661
6
78.108131 -60.633924 -14.921364
70.860622 -68.920056 -15.126074
67.227844 -73.553359 -8.385731
71.980378 -67.976865 14.070216
77.312708 -62.332634 11.721261
79.461862 -59.747406 -10.773113
7
-5.503651 99.120386 -12.035731
-15.560045 97.378874 -16.590353
-13.444273 96.916066 -20.652545
-1.105570 93.972052 -34.176472
6.613015 92.764061 -36.757272
16.887760 96.110668 -21.852758
8.815594 98.991046 -11.093159
5
92.729056 -24.103458 -28.641673
89.257108 -11.452822 -43.611943
84.287999 -16.578472 -51.192651
83.714999 -28.608266 -46.619375
89.086873 -34.953839 -29.013069
5
-61.661538 -77.988911 10.751022
-66.988767 -72.525428 15.892369
-69.945890 -66.620813 25.869667
-65.897100 -66.515197 35.118383
-51.855201 -80.440232 28.989777
7
-1.760452 79.539903 60.583039
-9.463958 63.059381 77.032123
-11.511448 62.789802 76.973550
-17.653198 64.305149 74.519879
-21.939223 77.456908 59.321986
-16.461031 80.138379 57.505431
-4.929567 81.878919 57.197395
5
82.829755 52.692663 19.045077
92.405303 38.217782 -0.813096
96.333558 25.531198 8.246422
92.116668 34.323080 18.342455
83.192284 51.602888 20.400636
6
60.580658 22.330868 76.363055
53.667110 21.866419 81.496632
46.314487 31.754988 82.744118
49.069894 39.767755 77.528519
56.342415 41.208720 71.605682
58.436582 38.765514 71.290959
8
58.369019 55.756600 -59.027614
70.945978 43.728671 -55.267273
76.487533 40.272874 -50.276764
77.392455 40.821276 -48.415198
77.731307 49.083888 -39.352457
60.599541 68.983059 -39.611024
60.170423 68.789075 -40.590434
58.287632 58.302124 -56.598713
6
8.664929 -17.183590 98.130746
20.357375 -10.421204 97.349760
27.284368 -14.519405 95.103891
27.672325 -18.786422 94.240717
20.391480 -28.662429 93.609042
7.872756 -19.038777 97.854712
5
-59.205745 80.576001 -1.479116
-61.212701 79.074115 -0.538090
-72.621358 68.146408 -9.066724
-61.196982 74.731040 -25.888242
-52.551027 84.176044 -12.360553
7
33.755894 65.042083 68.044596
33.229500 61.188406 71.775897
24.593772 55.598028 79.397769
17.587126 55.473345 81.322820
9.401186 63.654949 76.548450
10.661686 65.986894 74.377808
20.272991 70.663667 67.791238
4
-53.133525 -55.976796 -63.587946
-62.352558 -47.666296 -61.968401
-72.668632 -44.581813 -52.265972
-65.454196 -57.491601 -49.096477
7
55.956501 -73.648276 -38.010543
56.855876 -73.063141 -37.804587
65.668234 -56.297722 -50.182164
64.939217 -54.563435 -52.969139
63.705432 -54.925615 -54.081371
51.250212 -65.897668 -55.053729
50.831534 -72.748927 -46.084148
7
-40.653063 -46.441318 -78.679937
-42.787930 -46.459852 -77.528544
-25.641936 -74.075558 -62.091085
-22.981166 -74.751844 -62.321969
-17.825144 -69.099072 -70.054139
-20.157188 -60.672674 -76.892876
-30.608675 -49.860308 -81.099067
5
-41.047833 -90.873552 -7.554668
-41.156289 -90.851679 -7.220274
-33.202440 -93.731441 10.583715
-20.233549 -97.871978 3.417522
-31.155585 -94.240980 -12.164178
5
-89.368564 28.473462 34.677395
-91.230954 26.436151 31.273679
-90.701269 40.555792 11.336117
-84.442707 49.032865 21.568667
-84.274001 43.033933 32.341511
6
-63.069022 19.267917 75.173438
-48.748368 20.704889 84.822781
-50.544040 14.683739 85.027571
-60.996964 4.609575 79.108294
-63.568458 6.251444 76.941345
-64.375579 8.702969 76.026595
5
30.101204 16.256548 93.966176
37.297917 13.432156 91.806550
46.872260 -6.363281 88.105050
33.470413 -8.811169 93.819479
26.364923 13.177834 95.557498
5
8.815594 98.991046 -11.093159
11.465600 99.157317 -6.030471
2.354743 98.008895 19.715774
1.398759 97.832720 20.659195
-5.503651 99.120386 -12.035731
5
-16.461031 80.138379 57.505431
-19.797790 89.146543 40.754648
-15.195047 90.582410 39.546651
-4.429653 82.939623 55.690188
-4.929567 81.878919 57.197395
7
76.616328 -7.539446 63.820804
76.809960 -12.334881 62.833755
65.593890 -33.628718 67.576260
65.346777 -33.653267 67.803070
56.147129 -25.544297 78.708251
71.614794 -7.050477 69.437829
75.563355 -5.995847 65.224452
6
99.298811 -5.194839 10.618839
96.893124 -16.206876 18.683137
93.665214 -15.659653 31.330544
93.541023 -12.950441 32.899288
97.597622 7.683535 20.387924
98.118330 8.920355 17.123684
5
-59.829328 -66.903094 44.095664
-65.697712 -65.865321 36.682013
-75.624522 -49.102504 43.242060
-73.412609 -41.643716 53.631984
-63.255718 -49.093494 59.904448
5
56.747720 -79.180200 22.587435
45.996027 -87.657758 14.159200
23.178089 -95.386713 19.082747
29.261768 -90.040372 32.194414
44.898143 -82.053363 35.375166
5
-38.645369 -79.107409 47.418913
-33.720156 -81.953067 46.331910
-38.766685 -89.061177 23.775006
-50.901344 -80.803906 29.661118
-47.049255 -78.009981 41.240885
7
-49.917399 67.870911 53.868290
-50.432902 69.657978 51.032229
-44.990664 75.569599 47.592813
-29.174861 80.394530 51.822263
-22.087589 77.454105 59.270566
-42.951723 64.421870 63.284850
-46.090184 64.638435 60.807628
6
2.253674 39.618439 91.789434
-13.980748 40.662904 90.283259
-18.052239 47.241705 86.268986
-11.511448 62.789802 76.973550
-9.463958 63.059381 77.032123
-5.402099 61.949989 78.313576
7
-76.191055 -23.518376 -60.347404
-78.297037 -18.614430 -59.355514
-80.327694 -16.291871 -57.289061
-87.321514 -17.616351 -45.438061
-88.227318 -27.127448 -38.471312
-77.525934 -35.042233 -52.552559
-75.259899 -27.559297 -59.803284
6
-5.402099 61.949989 78.313576
-9.463958 63.059381 77.032123
-1.760452 79.539903 60.583039
3.675655 78.444054 61.911388
10.661686 65.986894 74.377808
9.401186 63.654949 76.548450
7
87.300182 -40.051994 -27.830127
71.313480 -44.553769 -54.123464
64.939217 -54.563435 -52.969139
65.668234 -56.297722 -50.182164
70.360132 -57.243367 -42.102836
85.281329 -44.529951 -27.279632
86.772123 -41.617657 -27.176629
4
34.756395 -32.642531 -87.900274
37.783566 -20.321419 -90.329630
31.809089 -6.533675 -94.580616
8.103527 -21.620000 -97.298039
5
-47.465652 58.316850 -65.925388
-50.134296 66.930938 -54.834313
-53.882732 65.186861 -53.360326
-61.868792 51.973475 -58.915282
-54.130134 52.604981 -65.594547
5
-24.358645 -93.601241 -25.405986
-27.442888 -95.035146 -14.669999
-14.213341 -97.797355 -15.285885
-2.683332 -97.536262 -21.896973
-13.977194 -93.806854 -31.700351
7
-46.684653 -72.368107 -50.827161
-65.248439 -64.956097 -39.030074
-65.667225 -65.003818 -38.240282
-52.729777 -80.126344 -28.272593
-46.845709 -82.705575 -31.068752
-44.437540 -82.936807 -33.864305
-44.032508 -80.273959 -40.214796
6
-38.737627 17.259647 -90.562138
-32.899488 7.683129 -94.120100
-29.721387 6.627670 -95.250791
-16.342036 18.732489 -96.860889
-26.047349 36.373499 -89.434357
-31.092068 32.779023 -89.212213
5
-14.360903 -81.432859 56.235700
0.043561 -76.779482 64.069566
4.283713 -77.704108 62.799056
0.390632 -88.379384 46.786023
-3.557725 -88.446344 46.525120
5
-38.899221 58.272150 -71.352695
-41.256414 57.102403 -70.973403
-48.413614 43.996699 -75.633409
-46.556058 42.264261 -77.757738
-29.614489 44.143278 -84.701553
5
33.755894 65.042083 68.044596
20.272991 70.663667 67.791238
18.395125 76.823614 61.316814
28.131725 77.956354 55.959029
34.111339 65.255014 67.662395
6
-21.939223 77.456908 59.321986
-22.087589 77.454105 59.270566
-29.174861 80.394530 51.822263
-25.884037 88.116534 39.566313
-19.797790 89.146543 40.754648
-16.461031 80.138379 57.505431
6
2.256509 -31.127077 -95.005333
1.104993 -32.286546 -94.638036
-5.145114 -50.382823 -86.227020
-3.825916 -51.320544 -85.741262
13.261911 -49.912322 -85.632248
14.879231 -47.497717 -86.732781
8
5.486006 -98.510701 -16.295570
2.510570 -99.935581 2.564488
5.889517 -99.464462 8.493201
15.018872 -97.447302 16.687027
15.082065 -97.434650 16.703900
17.812006 -97.025940 16.392054
30.483617 -94.924224 -7.755046
24.650640 -95.943134 -13.684334
5
3.278889 15.916169 98.670788
-1.848848 10.011694 99.480389
-12.255640 12.233287 98.489319
-10.902474 21.734656 96.998664
-4.361330 25.080001 96.705596
8
-56.466744 -2.955178 82.478929
-42.137668 -0.616616 90.686475
-40.464871 -0.995800 91.441799
-39.538715 -1.802300 91.833772
-36.872768 -18.707612 91.051767
-44.558980 -20.618935 87.116915
-57.000829 -15.563484 80.676412
-58.381970 -13.941994 79.982288
5
87.126964 -48.983088 3.090195
79.759293 -59.109565 12.021419
84.191600 -49.957663 20.396235
94.109308 -31.521344 12.241036
94.243331 -31.796876 10.351482
5
72.886301 68.384178 -3.345337
72.922332 66.513982 -16.069342
84.441361 50.311244 -18.396609
90.344515 42.618224 -4.642789
83.064146 55.420915 5.373063
5
-59.931200 -78.301338 -16.647876
-52.729777 -80.126344 -28.272593
-65.667225 -65.003818 -38.240282
-74.091975 -60.829002 -28.464218
-72.862720 -64.819037 -22.125020
6
-89.042109 -39.416207 22.756656
-88.489029 -46.509305 2.564422
-91.236388 -40.927995 -0.905926
-93.844803 -34.491216 1.873254
-94.456577 -28.704308 15.937935
-93.746127 -28.792055 19.562240
5
4.909716 54.736250 -83.545422
10.259899 58.263839 -80.622946
3.628656 68.544159 -72.722287
-6.266143 68.736045 -72.360843
-12.737509 63.814882 -75.930341
5
41.007683 -68.804959 -59.868585
51.250212 -65.897668 -55.053729
63.705432 -54.925615 -54.081371
54.663819 -51.183716 -66.272877
45.627697 -53.832358 -70.853303
7
99.166590 -11.793101 -5.187499
99.298811 -5.194839 10.618839
98.118330 8.920355 17.123684
97.633853 16.389808 14.106914
97.066847 22.513676 8.435732
98.073465 19.450781 1.806249
99.595622 -3.630710 -8.217666
7
67.227844 -73.553359 -8.385731
59.029498 -79.927434 -11.274909
55.576116 -82.765583 -7.820084
59.812815 -77.046990 22.049684
60.606318 -76.401645 22.128327
69.952041 -69.533545 16.486298
71.980378 -67.976865 14.070216
7
-12.255640 12.233287 98.489319
-15.427973 9.000732 98.391892
-25.350064 12.688257 95.897771
-30.205835 22.887849 92.540553
-25.771920 28.841651 92.216958
-23.966297 29.399911 92.527087
-10.902474 21.734656 96.998664
6
-10.902474 21.734656 96.998664
-23.966297 29.399911 92.527087
-13.980748 40.662904 90.283259
2.253674 39.618439 91.789434
3.337294 38.950257 92.042055
-4.361330 25.080001 96.705596
6
-56.726456 32.851343 75.517538
-47.307256 28.189577 83.470781
-46.399214 23.425531 85.430424
-48.748368 20.704889 84.822781
-63.069022 19.267917 75.173438
-64.575661 25.458117 71.985194
7
-18.052239 47.241705 86.268986
-13.980748 40.662904 90.283259
-23.966297 29.399911 92.527087
-25.771920 28.841651 92.216958
-37.381249 44.375880 81.445832
-37.316942 45.885329 80.634871
-36.694374 46.832270 80.375752
6
96.269152 -14.955939 -22.551503
95.838232 -3.846554 -28.288466
95.514163 -3.139932 -29.448012
89.412713 -10.813483 -43.456132
89.257108 -11.452822 -43.611943
92.729056 -24.103458 -28.641673
6
-30.205835 22.887849 92.540553
-25.350064 12.688257 95.897771
-33.492231 0.215186 94.224329
-39.538715 -1.802300 91.833772
-40.464871 -0.995800 91.441799
-37.243709 20.579945 90.495149
5
74.331535 64.235807 18.670404
71.924573 69.474137 -0.447275
72.886301 68.384178 -3.345337
83.064146 55.420915 5.373063
82.714638 52.922004 18.908996
6
-44.623210 -70.624711 -54.962891
-51.923059 -56.462063 -64.156304
-53.133525 -55.976796 -63.587946
-65.454196 -57.491601 -49.096477
-65.248439 -64.956097 -39.030074
-46.684653 -72.368107 -50.827161
7
-77.982460 -55.392700 -29.161355
-80.047643 -51.090880 -31.338425
-88.774286 -37.497476 -26.703286
-91.181570 -35.410882 -20.784387
-91.432605 -35.764819 -18.998855
-90.645151 -40.627710 -11.525871
-85.016846 -51.021983 -12.995891
6
-7.309875 -24.454483 96.687869
-6.180723 -22.970698 97.129531
1.948914 -22.757938 97.356448
11.623019 -39.644796 91.066984
-1.441704 -47.731905 87.861179
-4.680901 -45.254923 89.051003
7
-88.556475 -27.182276 -37.667953
-88.227318 -27.127448 -38.471312
-87.321514 -17.616351 -45.438061
-91.129229 -5.622879 -40.790278
-94.752846 -2.448910 -31.873203
-95.620718 -5.854723 -28.677525
-95.654675 -9.873317 -27.435391
5
-99.081674 -13.488611 -0.937679
-94.456577 -28.704308 15.937935
-93.844803 -34.491216 1.873254
-96.781744 -24.594968 -5.327433
-98.294933 -17.562163 -5.447613
6
-5.714211 43.861849 -89.685484
3.437386 46.969848 -88.215746
4.909716 54.736250 -83.545422
-12.737509 63.814882 -75.930341
-15.461565 62.466772 -76.543076
-18.422717 47.895694 -85.828934
5
49.809818 -10.082748 -86.123865
45.584745 -2.123979 -88.980446
31.689098 -3.954178 -94.763735
31.809089 -6.533675 -94.580616
37.783566 -20.321419 -90.329630
5
-91.432605 -35.764819 -18.998855
-96.781744 -24.594968 -5.327433
-93.844803 -34.491216 1.873254
-91.236388 -40.927995 -0.905926
-90.645151 -40.627710 -11.525871
7
30.101204 16.256548 93.966176
30.093837 16.968084 93.842661
38.381966 32.364545 86.483299
46.314487 31.754988 82.744118
53.667110 21.866419 81.496632
50.391422 17.120807 84.661576
37.297917 13.432156 91.806550
6
-47.307256 28.189577 83.470781
-37.381249 44.375880 81.445832
-25.771920 28.841651 92.216958
-30.205835 22.887849 92.540553
-37.243709 20.579945 90.495149
-46.399214 23.425531 85.430424
4
85.281329 -44.529951 -27.279632
70.360132 -57.243367 -42.102836
70.765324 -63.635591 -30.704731
79.928712 -55.768716 -22.388641
5
-75.894011 13.849169 -63.626250
-79.957343 19.961818 -56.642291
-90.068111 11.517324 -41.893754
-83.235014 1.970343 -55.389983
-76.433671 10.560803 -63.611032
4
-72.363914 -3.820088 68.912051
-79.814282 14.045585 58.586705
-64.375579 8.702969 76.026595
-63.568458 6.251444 76.941345
5
78.108131 -60.633924 -14.921364
79.928712 -55.768716 -22.388641
70.765324 -63.635591 -30.704731
66.194613 -69.770047 -27.393682
70.860622 -68.920056 -15.126074
4
36.231609 92.964847 6.693860
31.500065 94.042631 -12.795679
41.992433 89.809867 -13.069943
46.271038 88.650146 -0.377752
6
28.761690 -59.339021 -75.177429
37.294539 -50.274269 -77.984711
34.769305 -37.136775 -86.092714
14.879231 -47.497717 -86.732781
13.261911 -49.912322 -85.632248
15.312648 -60.099917 -78.444393
6
5.889517 -99.464462 8.493201
2.510570 -99.935581 2.564488
-13.288258 -99.085622 2.337014
-17.326947 -98.389451 4.392360
-17.302949 -98.366412 4.965572
-10.667456 -97.755838 18.165942
6
-18.936291 -80.059250 56.850095
-21.022645 -72.763659 65.295469
-17.630544 -69.776964 69.428663
-7.809539 -68.944028 72.012028
0.043561 -76.779482 64.069566
-14.360903 -81.432859 56.235700
8
65.784523 -32.266211 -68.053568
57.202332 -41.021791 -71.028909
54.663819 -51.183716 -66.272877
63.705432 -54.925615 -54.081371
64.939217 -54.563435 -52.969139
71.313480 -44.553769 -54.123464
71.814912 -42.713116 -54.938221
66.391320 -32.486855 -67.355749
6
-56.529418 16.446206 -80.832835
-48.312493 1.291984 -87.545610
-32.899488 7.683129 -94.120100
-38.737627 17.259647 -90.562138
-51.578220 22.580243 -82.642724
-56.674638 19.317680 -80.092526
6
34.834717 30.364131 -88.682366
33.922023 30.599073 -88.955006
24.512227 25.173692 -93.623907
24.338549 24.605972 -93.819940
32.392052 14.454136 -93.497769
37.098654 24.320061 -89.622679
6
-37.243709 20.579945 90.495149
-40.464871 -0.995800 91.441799
-42.137668 -0.616616 90.686475
-50.544040 14.683739 85.027571
-48.748368 20.704889 84.822781
-46.399214 23.425531 85.430424
5
-13.977194 -93.806854 -31.700351
-15.134895 -92.345861 -35.258715
-23.463159 -88.452114 -40.320016
-30.094538 -89.126444 -33.923381
-24.358645 -93.601241 -25.405986
7
-51.855201 -80.440232 28.989777
-50.901344 -80.803906 29.661118
-38.766685 -89.061177 23.775006
-36.289717 -90.853816 20.703638
-53.258651 -84.382329 6.568006
-61.170345 -78.615485 8.820115
-61.661538 -77.988911 10.751022
6
17.587126 55.473345 81.322820
24.593772 55.598028 79.397769
34.050186 43.712983 83.245180
33.201718 40.779135 85.057088
17.200359 37.933228 90.913243
11.560099 40.435029 90.726912
8
11.560099 40.435029 90.726912
17.200359 37.933228 90.913243
30.093837 16.968084 93.842661
30.101204 16.256548 93.966176
26.364923 13.177834 95.557498
19.829368 10.764774 97.421331
12.389668 15.930410 97.942423
5.774405 38.833778 91.970615
4
44.250473 76.622559 -46.592694
34.113818 82.947900 -44.225483
31.955128 76.253239 -56.252230
37.974726 72.388745 -57.600258
6
98.468484 5.164727 -16.651825
97.159465 15.828711 -17.592338
96.230049 17.632951 -20.708858
93.009837 8.889149 -35.639209
95.514163 -3.139932 -29.448012
95.838232 -3.846554 -28.288466
7
32.803990 9.414070 -93.996136
32.392052 14.454136 -93.497769
24.338549 24.605972 -93.819940
9.177031 15.194230 -98.411978
7.835723 13.316257 -98.799184
11.361305 6.117076 -99.164016
28.007221 3.886175 -95.919202
8
0.507479 96.717813 25.404862
-15.195047 90.582410 39.546651
-19.797790 89.146543 40.754648
-25.884037 88.116534 39.566313
-37.437366 88.182632 28.675200
-38.644475 89.320367 22.988618
-12.338581 97.566430 18.125979
-0.155851 97.248034 23.297975
6
-16.557908 86.152995 -47.994762
-18.883608 86.211067 -47.021924
-37.653577 75.015879 -54.358311
-30.662802 70.196962 -64.282028
-10.351509 81.424472 -57.121814
-11.862079 83.983738 -52.971906
7
-6.544947 -50.372589 -86.138063
-20.157188 -60.672674 -76.892876
-17.825144 -69.099072 -70.054139
-11.015256 -68.447693 -72.066479
-0.723613 -61.085353 -79.171055
-3.825916 -51.320544 -85.741262
-5.145114 -50.382823 -86.227020
5
-62.942766 -15.418236 76.160923
-64.436944 -28.057470 71.138306
-75.575642 -31.757453 57.269420
-77.908926 -25.426203 57.303643
-70.770641 -12.081144 69.610073
9
-50.550272 -40.471317 76.201985
-51.493016 -38.169679 76.756400
-44.558980 -20.618935 87.116915
-36.872768 -18.707612 91.051767
-31.856428 -22.700848 92.031731
-28.955515 -28.135568 91.487529
-28.975443 -29.690816 90.988347
-36.053760 -41.669657 83.449183
-38.117065 -42.639963 82.030013
7
77.731307 49.083888 -39.352457
85.032200 47.745288 -22.133964
84.441361 50.311244 -18.396609
72.922332 66.513982 -16.069342
63.591917 72.558829 -26.292289
62.101028 72.587547 -29.572120
60.599541 68.983059 -39.611024
7
-26.574320 -86.042121 43.480559
-26.841191 -93.281471 24.044075
-34.856197 -91.511034 20.267612
-36.289717 -90.853816 20.703638
-38.766685 -89.061177 23.775006
-33.720156 -81.953067 46.331910
-29.293213 -83.462392 46.646938
6
-52.205076 -55.713676 64.580310
-50.535857 -66.414106 55.093499
-58.250482 -67.885128 44.704482
-59.829328 -66.903094 44.095664
-63.255718 -49.093494 59.904448
-56.626057 -50.605413 65.058296
7
-91.230954 26.436151 31.273679
-89.368564 28.473462 34.677395
-79.153274 27.448037 54.601872
-80.799625 15.280795 56.902706
-83.931983 8.400614 53.710818
-91.436486 3.248089 40.358629
-95.293224 14.942268 26.380486
5
-4.429653 82.939623 55.690188
-15.195047 90.582410 39.546651
0.507479 96.717813 25.404862
5.719058 94.968802 30.793164
8.456519 91.695236 38.993217
4
98.073465 19.450781 1.806249
97.159465 15.828711 -17.592338
98.468484 5.164727 -16.651825
99.595622 -3.630710 -8.217666
6
-90.645151 -40.627710 -11.525871
-91.236388 -40.927995 -0.905926
-88.489029 -46.509305 2.564422
-88.433997 -46.613798 2.565537
-84.286407 -53.137157 -8.499653
-85.016846 -51.021983 -12.995891
5
-1.632379 -87.254359 -48.826347
2.292468 -89.302681 -44.941915
25.040488 -84.254780 -47.687588
7.163780 -78.923637 -60.989670
-3.431079 -84.389097 -53.541647
6
76.978219 -19.171160 -60.883663
81.605462 -14.872874 -55.851108
80.798146 -6.526328 -58.558233
72.386097 -6.406326 -68.696521
69.255282 -10.185353 -71.414036
67.956308 -13.988221 -72.015761
6
-60.493880 74.031791 -29.322079
-57.924189 74.827224 -32.336897
-36.974070 89.461435 -25.091230
-49.179416 86.007157 -13.570337
-52.551027 84.176044 -12.360553
-61.196982 74.731040 -25.888242
6
-38.117065 -42.639963 82.030013
-36.053760 -41.669657 83.449183
-24.119601 -49.666733 83.375419
-22.271697 -57.701268 78.578211
-23.583189 -59.301258 76.988272
-34.178812 -58.319822 73.692653
7
-57.009960 45.890624 68.146277
-55.003033 43.565429 71.251104
-56.726456 32.851343 75.517538
-64.575661 25.458117 71.985194
-77.214472 29.952496 56.042602
-71.889130 42.182163 55.250503
-71.605085 42.384020 55.464463
5
-62.242686 51.618446 -58.833528
-62.027424 37.446174 -68.923020
-49.072677 43.997886 -75.206771
-54.130134 52.604981 -65.594547
-61.868792 51.973475 -58.915282
7
-6.180723 -22.970698 97.129531
-9.086008 -13.284891 98.696282
2.039868 -6.674805 99.756132
4.432628 -7.353241 99.630726
8.664929 -17.183590 98.130746
7.872756 -19.038777 97.854712
1.948914 -22.757938 97.356448
6
0.390632 -88.379384 46.786023
4.283713 -77.704108 62.799056
4.838785 -77.586068 62.904596
14.762857 -78.295965 60.430124
13.331645 -85.765414 49.664484
3.142083 -89.013303 45.461623
6
34.113818 82.947900 -44.225483
30.449136 85.959944 -41.033379
14.986956 86.644347 -47.625080
14.685118 85.065534 -50.479720
25.987051 76.465967 -58.971427
31.955128 76.253239 -56.252230
7
75.563355 -5.995847 65.224452
75.629365 -5.113229 65.223109
79.111803 10.214446 60.307443
90.541661 6.013372 42.024363
89.246803 -4.897133 44.844468
88.622677 -5.680433 45.975578
76.616328 -7.539446 63.820804
7
-35.471164 -68.109575 64.053745
-21.022645 -72.763659 65.295469
-18.936291 -80.059250 56.850095
-29.293213 -83.462392 46.646938
-33.720156 -81.953067 46.331910
-38.645369 -79.107409 47.418913
-40.047818 -74.910511 52.769192
8
-53.650399 -30.810418 -78.564323
-42.920336 -46.428462 -77.474142
-42.787930 -46.459852 -77.528544
-40.653063 -46.441318 -78.679937
-28.952384 -29.215632 -91.149363
-31.084898 -26.537632 -91.266002
-48.211029 -26.678740 -83.450234
-53.500603 -29.098521 -79.315582
7
-60.433208 76.234246 23.155282
-38.875683 89.282349 22.745185
-38.644475 89.320367 22.988618
-37.437366 88.182632 28.675200
-44.990664 75.569599 47.592813
-50.432902 69.657978 51.032229
-62.209105 68.051219 38.717680
5
-18.560037 -35.928625 -91.458509
-18.496949 -43.380166 -88.181767
-6.544947 -50.372589 -86.138063
-5.145114 -50.382823 -86.227020
1.104993 -32.286546 -94.638036
6
34.050186 43.712983 83.245180
41.003228 46.820534 78.272428
49.069894 39.767755 77.528519
46.314487 31.754988 82.744118
38.381966 32.364545 86.483299
33.201718 40.779135 85.057088
8
3.437386 46.969848 -88.215746
16.986386 41.430893 -89.414449
21.242597 43.812167 -87.345556
23.700633 47.706572 -84.630745
22.343018 55.720360 -79.975190
21.643315 56.104661 -79.898898
10.259899 58.263839 -80.622946
4.909716 54.736250 -83.545422
5
-79.447828 48.487502 -36.565075
-81.580706 52.047539 -25.211942
-88.979502 32.990485 -31.532145
-88.301631 31.105734 -35.146197
-85.193403 33.429533 -40.305713
5
-75.067530 6.937855 -65.701843
-73.620061 -5.241989 -67.473018
-62.242084 -11.636595 -77.398402
-59.727121 -11.465297 -79.380211
-63.425410 0.636216 -77.309848
7
-15.560045 97.378874 -16.590353
-18.182724 97.086641 -15.606815
-25.136537 95.136816 -17.808446
-35.778877 89.824405 -25.523483
-35.509773 89.196681 -27.982283
-19.321783 86.602644 -46.115623
-13.444273 96.916066 -20.652545
8
-85.758664 -33.711016 38.846094
-87.989791 -40.151624 25.409521
-88.854424 -39.695797 23.002937
-89.042109 -39.416207 22.756656
-93.746127 -28.792055 19.562240
-94.596995 -17.383208 27.372113
-94.444824 -17.314439 27.935380
-91.148167 -19.853899 36.025467
6
-25.136537 95.136816 -17.808446
-18.182724 97.086641 -15.606815
-20.053899 97.913381 -3.287989
-40.252383 90.695122 12.415333
-41.296766 90.485092 10.345304
-40.639188 91.369782 -0.138986
5
21.242597 43.812167 -87.345556
16.986386 41.430893 -89.414449
16.222096 38.630792 -90.799259
24.512227 25.173692 -93.623907
33.922023 30.599073 -88.955006
6
65.346777 -33.653267 67.803070
52.515204 -52.491381 66.983642
37.840588 -44.630658 81.093737
46.017046 -29.957466 83.576203
50.884950 -25.308136 82.281347
56.147129 -25.544297 78.708251
6
-14.360903 -81.432859 56.235700
-3.557725 -88.446344 46.525120
-11.714834 -91.329948 39.007733
-26.574320 -86.042121 43.480559
-29.293213 -83.462392 46.646938
-18.936291 -80.059250 56.850095
4
33.201718 40.779135 85.057088
38.381966 32.364545 86.483299
30.093837 16.968084 93.842661
17.200359 37.933228 90.913243
5
80.951375 31.525992 49.527636
76.496493 17.960818 61.852207
70.634798 22.429906 67.138846
70.605814 36.097194 60.924639
72.377692 38.779204 57.075766
6
12.381800 -91.989471 37.210593
23.659445 -87.664463 41.894781
29.261768 -90.040372 32.194414
23.178089 -95.386713 19.082747
17.812006 -97.025940 16.392054
15.082065 -97.434650 16.703900
7
95.232383 -30.133482 -4.771431
96.223825 -27.173763 -1.600644
99.103560 -12.208429 -5.425744
96.269152 -14.955939 -22.551503
92.729056 -24.103458 -28.641673
89.086873 -34.953839 -29.013069
88.676150 -36.736583 -28.052878
6
80.951375 31.525992 49.527636
85.807683 29.660361 41.920216
86.865591 26.980864 41.549994
87.663425 21.060753 43.261630
78.663348 13.594787 60.226734
76.496493 17.960818 61.852207
6
68.460541 54.455537 48.453573
68.449856 50.058561 52.997714
55.433804 48.931238 67.326275
52.278677 52.373486 67.260374
48.673006 63.056987 60.454569
59.579552 61.195608 52.013215
8
-75.259899 -27.559297 -59.803284
-63.975189 -32.827712 -69.494722
-53.650399 -30.810418 -78.564323
-53.500603 -29.098521 -79.315582
-58.015233 -12.559695 -80.476622
-59.727121 -11.465297 -79.380211
-62.242084 -11.636595 -77.398402
-76.191055 -23.518376 -60.347404
4
-91.148167 -19.853899 36.025467
-94.444824 -17.314439 27.935380
-91.557928 1.056722 40.199864
-84.615191 -16.681562 50.616152
6
-15.461565 62.466772 -76.543076
-29.394443 67.423871 -67.749453
-38.899221 58.272150 -71.352695
-29.614489 44.143278 -84.701553
-24.822386 42.788489 -86.907965
-18.422717 47.895694 -85.828934
5
70.634798 22.429906 67.138846
64.161307 19.774262 74.110089
60.580658 22.330868 76.363055
58.436582 38.765514 71.290959
70.605814 36.097194 60.924639
4
68.517369 72.811856 1.950350
55.327582 79.252164 25.650596
54.125264 80.710938 23.583900
54.493250 83.823480 2.027269
5
90.684389 6.619948 41.623525
90.541661 6.013372 42.024363
79.111803 10.214446 60.307443
78.663348 13.594787 60.226734
87.663425 21.060753 43.261630
5
-50.535857 -66.414106 55.093499
-40.047818 -74.910511 52.769192
-38.645369 -79.107409 47.418913
-47.049255 -78.009981 41.240885
-58.250482 -67.885128 44.704482
6
-34.178812 -58.319822 73.692653
-23.583189 -59.301258 76.988272
-17.630544 -69.776964 69.428663
-21.022645 -72.763659 65.295469
-35.471164 -68.109575 64.053745
-38.825726 -62.098381 68.090779
6
-33.959225 -13.964834 -93.014808
-31.084898 -26.537632 -91.266002
-28.952384 -29.215632 -91.149363
-22.854510 -30.417650 -92.479392
-15.126320 -19.534894 -96.899857
-27.900330 -7.424205 -95.741594
6
50.431390 12.563993 -85.433137
47.650002 10.460419 -87.292938
45.584745 -2.123979 -88.980446
49.809818 -10.082748 -86.123865
55.845796 -9.936152 -82.356056
58.160162 -0.505266 -81.345807
6
-99.657609 2.329005 -7.933264
-95.620718 -5.854723 -28.677525
-94.752846 -2.448910 -31.873203
-94.712430 -0.594524 -32.081182
-97.348410 16.144329 -16.206407
-98.015940 19.532536 -3.369811
6
-90.701269 40.555792 11.336117
-91.003894 40.596514 8.379395
-81.148487 58.163962 5.645934
-77.876669 59.670373 19.356421
-78.524516 57.911187 21.913345
-84.442707 49.032865 21.568667
5
-30.094538 -89.126444 -33.923381
-36.700968 -87.386022 -31.886079
-31.019561 -94.261883 -12.348452
-27.442888 -95.035146 -14.669999
-24.358645 -93.601241 -25.405986
5
-1.105570 93.972052 -34.176472
-13.444273 96.916066 -20.652545
-19.321783 86.602644 -46.115623
-18.883608 86.211067 -47.021924
-16.557908 86.152995 -47.994762
5
84.191600 -49.957663 20.396235
84.024316 -42.927032 33.123771
90.344752 -32.439920 28.026369
94.163604 -30.937550 13.269654
94.109308 -31.521344 12.241036
5
-1.105570 93.972052 -34.176472
-16.557908 86.152995 -47.994762
-11.862079 83.983738 -52.971906
9.833427 89.727346 -43.038438
6.613015 92.764061 -36.757272
6
12.008137 71.284221 -69.096776
12.553181 71.722621 -68.544025
10.239039 81.725296 -56.711005
-6.503540 79.213079 -60.687660
-6.266143 68.736045 -72.360843
3.628656 68.544159 -72.722287
4
92.116668 34.323080 18.342455
85.496690 36.142168 37.202953
80.966754 47.149976 34.946597
83.192284 51.602888 20.400636
7
-19.430298 -79.144359 -57.953722
-22.981166 -74.751844 -62.321969
-25.641936 -74.075558 -62.091085
-44.623210 -70.624711 -54.962891
-46.684653 -72.368107 -50.827161
-44.032508 -80.273959 -40.214796
-23.942824 -85.193884 -46.569767
6
39.265786 -76.653187 50.818176
31.739847 -78.981573 52.483266
22.139510 -75.767310 61.393459
24.314959 -62.069299 74.539821
24.977310 -61.213359 75.027053
46.325992 -68.001368 56.830593
6
98.118330 8.920355 17.123684
97.597622 7.683535 20.387924
90.684389 6.619948 41.623525
87.663425 21.060753 43.261630
86.865591 26.980864 41.549994
97.633853 16.389808 14.106914
6
-65.122214 23.407171 -72.188653
-64.525760 32.880986 -68.958444
-71.330238 36.111869 -60.066048
-81.133113 29.813141 -50.285133
-79.957343 19.961818 -56.642291
-75.894011 13.849169 -63.626250
4
11.465600 99.157317 -6.030471
20.020728 97.960024 -1.733231
26.025553 96.246410 7.700595
2.354743 98.008895 19.715774
5
28.131725 77.956354 55.959029
32.396979 81.738621 47.636473
44.202568 67.877917 58.640612
44.362754 66.278955 60.324507
34.111339 65.255014 67.662395
6
59.061981 -0.100038 80.694934
71.614794 -7.050477 69.437829
56.147129 -25.544297 78.708251
50.884950 -25.308136 82.281347
48.872352 -7.432420 86.926707
55.803565 -0.831780 82.977529
8
46.325992 -68.001368 56.830593
24.977310 -61.213359 75.027053
25.119804 -60.524406 75.536691
34.510179 -46.180713 81.709175
37.840588 -44.630658 81.093737
52.515204 -52.491381 66.983642
53.957139 -56.711316 62.229043
51.462541 -63.962494 57.099967
7
-91.948808 38.957406 5.266620
-85.694797 49.992253 -12.537001
-80.294867 57.693916 -14.971519
-76.660599 63.637107 -8.571538
-77.708882 62.831829 -3.673003
-81.148487 58.163962 5.645934
-91.003894 40.596514 8.379395
7
58.160162 -0.505266 -81.345807
65.032260 2.338406 -75.929816
71.450248 16.325978 -68.031790
68.838209 19.159977 -69.958532
54.943565 20.727620 -80.941772
51.620762 16.283065 -84.084236
50.431390 12.563993 -85.433137
5
58.287632 58.302124 -56.598713
60.170423 68.789075 -40.590434
44.250473 76.622559 -46.592694
37.974726 72.388745 -57.600258
38.337777 71.445037 -58.530519
5
76.276003 -35.001731 54.376927
77.371382 -14.085358 61.767887
85.029353 -25.217649 46.196096
85.004874 -25.843074 45.894520
82.437280 -31.520206 47.016715
6
-7.809539 -68.944028 72.012028
-2.948567 -62.831514 77.739995
10.062416 -67.000813 73.550247
4.838785 -77.586068 62.904596
4.283713 -77.704108 62.799056
0.043561 -76.779482 64.069566
7
90.344515 42.618224 -4.642789
84.441361 50.311244 -18.396609
85.032200 47.745288 -22.133964
88.926124 35.312801 -29.071472
91.102221 30.540952 -27.706236
94.136573 24.867558 -22.801541
92.089210 38.939849 -1.807114
6
51.475092 51.177293 -68.783716
51.472671 51.155998 -68.801366
52.241990 48.283570 -70.281373
67.649236 27.491741 -68.321190
70.945978 43.728671 -55.267273
58.369019 55.756600 -59.027614
6
-53.650399 -30.810418 -78.564323
-63.975189 -32.827712 -69.494722
-62.352558 -47.666296 -61.968401
-53.133525 -55.976796 -63.587946
-51.923059 -56.462063 -64.156304
-42.920336 -46.428462 -77.474142
5
-64.525760 32.880986 -68.958444
-62.027424 37.446174 -68.923020
-62.242686 51.618446 -58.833528
-70.024613 49.396025 -51.542083
-71.330238 36.111869 -60.066048
7
5.823628 -21.177980 -97.558078
3.360401 -17.214694 -98.449794
-15.126320 -19.534894 -96.899857
-22.854510 -30.417650 -92.479392
-18.560037 -35.928625 -91.458509
1.104993 -32.286546 -94.638036
2.256509 -31.127077 -95.005333
5
35.742739 45.163185 -81.748048
39.427074 33.556313 -85.553958
50.088697 32.223825 -80.328995
52.241990 48.283570 -70.281373
51.472671 51.155998 -68.801366
7
-97.773451 10.365093 18.246018
-95.293224 14.942268 26.380486
-91.436486 3.248089 40.358629
-91.557928 1.056722 40.199864
-94.444824 -17.314439 27.935380
-94.596995 -17.383208 27.372113
-98.478926 -3.525542 17.013869
4
-91.900969 11.697682 -37.648056
-91.173914 22.095703 -34.627983
-97.348410 16.144329 -16.206407
-94.712430 -0.594524 -32.081182
5
76.809960 -12.334881 62.833755
77.371382 -14.085358 61.767887
76.276003 -35.001731 54.376927
73.090442 -38.265424 56.511455
65.593890 -33.628718 67.576260
4
76.932401 -35.072655 -53.397701
75.955159 -22.608566 -60.989069
66.391320 -32.486855 -67.355749
71.814912 -42.713116 -54.938221
6
40.616032 87.296715 -27.011506
43.247403 88.918125 -14.940854
41.992433 89.809867 -13.069943
31.500065 94.042631 -12.795679
30.312727 94.295098 -13.768555
28.282949 94.297544 -17.551297
5
10.847665 -64.180020 -75.916093
-0.723613 -61.085353 -79.171055
-11.015256 -68.447693 -72.066479
9.510509 -74.128598 -66.441713
10.579729 -73.303529 -67.191234
5
47.728062 80.017472 36.321292
32.390318 81.799542 47.536326
27.649295 84.851404 45.119349
30.540027 89.993909 31.119176
33.186692 89.797367 28.897689
7
-79.814282 14.045585 58.586705
-80.799625 15.280795 56.902706
-79.153274 27.448037 54.601872
-77.214472 29.952496 56.042602
-64.575661 25.458117 71.985194
-63.069022 19.267917 75.173438
-64.375579 8.702969 76.026595
5
9.177031 15.194230 -98.411978
24.338549 24.605972 -93.819940
24.512227 25.173692 -93.623907
16.222096 38.630792 -90.799259
13.420179 35.443532 -92.540017
5
64.586618 17.011253 74.425708
75.629365 -5.113229 65.223109
75.563355 -5.995847 65.224452
71.614794 -7.050477 69.437829
59.061981 -0.100038 80.694934
8
-72.668632 -44.581813 -52.265972
-76.015773 -40.913350 -50.474748
-80.047643 -51.090880 -31.338425
-77.982460 -55.392700 -29.161355
-74.091975 -60.829002 -28.464218
-65.667225 -65.003818 -38.240282
-65.248439 -64.956097 -39.030074
-65.454196 -57.491601 -49.096477
6
-59.116306 66.219418 -46.046183
-57.655955 74.671079 -33.166561
-57.924189 74.827224 -32.336897
-60.493880 74.031791 -29.322079
-71.698470 61.629179 -32.575661
-70.804847 57.023340 -41.653479
6
28.910068 -88.338010 -36.886365
6.215141 -94.770014 -31.305215
1.808252 -97.646097 -21.493485
5.486006 -98.510701 -16.295570
24.650640 -95.943134 -13.684334
29.095729 -88.794684 -35.622221
7
-85.758664 -33.711016 38.846094
-91.148167 -19.853899 36.025467
-84.615191 -16.681562 50.616152
-83.860821 -16.881188 51.791777
-77.908926 -25.426203 57.303643
-75.575642 -31.757453 57.269420
-74.125262 -40.065680 53.853382
6
-63.425410 0.636216 -77.309848
-59.727121 -11.465297 -79.380211
-58.015233 -12.559695 -80.476622
-50.591599 -6.190037 -86.035885
-48.312493 1.291984 -87.545610
-56.529418 16.446206 -80.832835
6
61.805031 -18.629456 -76.374613
67.956308 -13.988221 -72.015761
69.255282 -10.185353 -71.414036
65.032260 2.338406 -75.929816
58.160162 -0.505266 -81.345807
55.845796 -9.936152 -82.356056
7
35.340803 92.629114 13.071915
34.424910 93.382808 9.725055
36.231609 92.964847 6.693860
46.271038 88.650146 -0.377752
52.047731 85.384442 -0.728578
54.493250 83.823480 2.027269
54.125264 80.710938 23.583900
7
-1.848848 10.011694 99.480389
0.220447 4.216857 99.910808
-1.471847 1.103540 99.983078
-11.801038 -1.163646 99.294418
-15.304246 2.026865 98.801173
-15.427973 9.000732 98.391892
-12.255640 12.233287 98.489319
5
41.007683 -68.804959 -59.868585
34.013059 -73.704457 -58.401753
33.316323 -78.899980 -51.621854
50.831534 -72.748927 -46.084148
51.250212 -65.897668 -55.053729
6
-31.092068 32.779023 -89.212213
-26.047349 36.373499 -89.434357
-24.822386 42.788489 -86.907965
-29.614489 44.143278 -84.701553
-46.556058 42.264261 -77.757738
-48.158987 28.615613 -82.836337
6
30.312727 94.295098 -13.768555
31.500065 94.042631 -12.795679
36.231609 92.964847 6.693860
34.424910 93.382808 9.725055
26.025553 96.246410 7.700595
20.020728 97.960024 -1.733231
8
-32.899488 7.683129 -94.120100
-48.312493 1.291984 -87.545610
-50.591599 -6.190037 -86.035885
-37.320377 -13.878657 -91.730978
-33.959225 -13.964834 -93.014808
-27.900330 -7.424205 -95.741594
-27.134175 -2.840537 -96.206382
-29.721387 6.627670 -95.250791
7
22.343018 55.720360 -79.975190
32.650667 62.755559 -70.680080
32.232982 63.824380 -69.910539
24.952093 70.521250 -66.363743
12.553181 71.722621 -68.544025
12.008137 71.284221 -69.096776
21.643315 56.104661 -79.898898
5
-47.307256 28.189577 83.470781
-56.726456 32.851343 75.517538
-55.003033 43.565429 71.251104
-37.316942 45.885329 80.634871
-37.381249 44.375880 81.445832
6
-77.991103 -62.389502 -4.993793
-84.286407 -53.137157 -8.499653
-88.433997 -46.613798 2.565537
-81.569653 -57.259249 8.232261
-81.173283 -57.881451 7.786904
-78.143845 -62.384212 -1.322746
6
88.926124 35.312801 -29.071472
86.114720 34.656061 -37.191564
84.853264 13.454571 -51.175170
87.350815 11.640534 -47.268733
87.506391 11.657212 -46.975962
91.102221 30.540952 -27.706236
7
55.803565 -0.831780 82.977529
50.391422 17.120807 84.661576
53.667110 21.866419 81.496632
60.580658 22.330868 76.363055
64.161307 19.774262 74.110089
64.586618 17.011253 74.425708
59.061981 -0.100038 80.694934
5
-36.289717 -90.853816 20.703638
-34.856197 -91.511034 20.267612
-33.202440 -93.731441 10.583715
-41.156289 -90.851679 -7.220274
-53.258651 -84.382329 6.568006
7
-94.712430 -0.594524 -32.081182
-94.752846 -2.448910 -31.873203
-91.129229 -5.622879 -40.790278
-84.560753 -3.484202 -53.266681
-83.235014 1.970343 -55.389983
-90.068111 11.517324 -41.893754
-91.900969 11.697682 -37.648056
5
48.673006 63.056987 60.454569
44.362754 66.278955 60.324507
44.202568 67.877917 58.640612
51.852270 74.833827 41.367141
59.579552 61.195608 52.013215
8
56.747720 -79.180200 22.587435
44.898143 -82.053363 35.375166
39.265786 -76.653187 50.818176
46.325992 -68.001368 56.830593
51.462541 -63.962494 57.099967
61.802749 -65.337543 43.719854
60.606318 -76.401645 22.128327
59.812815 -77.046990 22.049684
6
-79.793557 57.153929 -19.142013
-81.580706 52.047539 -25.211942
-79.447828 48.487502 -36.565075
-71.244720 55.926971 -42.383532
-70.804847 57.023340 -41.653479
-71.698470 61.629179 -32.575661
7
-36.700968 -87.386022 -31.886079
-44.437540 -82.936807 -33.864305
-46.845709 -82.705575 -31.068752
-41.721673 -90.498852 -8.322248
-41.047833 -90.873552 -7.554668
-31.155585 -94.240980 -12.164178
-31.019561 -94.261883 -12.348452
6
-5.714211 43.861849 -89.685484
-2.315869 32.877421 -94.412457
13.420179 35.443532 -92.540017
16.222096 38.630792 -90.799259
16.986386 41.430893 -89.414449
3.437386 46.969848 -88.215746
6
31.287996 -85.334413 -41.702509
28.910068 -88.338010 -36.886365
29.095729 -88.794684 -35.622221
42.545461 -88.776483 -17.567577
49.148685 -83.397516 -25.085077
47.420463 -81.318814 -33.742409
5
-75.109285 -65.026644 -11.407497
-77.991103 -62.389502 -4.993793
-78.143845 -62.384212 -1.322746
-61.228369 -78.584082 8.696485
-62.839794 -77.789159 -0.083599
5
52.047731 85.384442 -0.728578
46.271038 88.650146 -0.377752
41.992433 89.809867 -13.069943
43.247403 88.918125 -14.940854
56.515244 80.920361 -16.059961
5
65.032260 2.338406 -75.929816
69.255282 -10.185353 -71.414036
72.386097 -6.406326 -68.696521
73.697900 15.306720 -65.835583
71.450248 16.325978 -68.031790
