400
8
9.888100 -17.714713 97.920449
23.333268 -25.541575 93.825298
25.248884 -28.023486 92.613056
25.256196 -34.979429 90.213991
-4.934538 -39.224335 91.853698
-12.854933 -31.927357 93.890333
-12.387451 -31.047406 94.247597
-2.751776 -21.690621 97.580452
7
-2.174118 -94.934658 31.347790
14.151927 -96.561762 21.807088
15.107190 -97.787301 14.471233
11.148451 -98.783273 10.843298
6.938921 -99.246305 10.100613
-4.862389 -95.581034 28.993501
-4.434832 -95.140036 30.474675
7
-20.549967 22.869880 95.156016
-25.224721 22.514014 94.110747
-32.245326 31.427502 89.289143
-27.817486 45.340842 84.678188
-27.090832 45.886039 84.620082
-24.883486 46.495938 84.964345
-10.850877 34.392662 93.270592
6
83.800663 48.165140 -25.643091
83.165718 48.456239 -27.119297
82.634771 43.986456 -35.166551
87.083091 34.174571 -35.336015
93.428396 23.782001 -26.562214
94.378825 31.168414 -11.007600
5
29.100127 89.767343 33.090886
30.674825 92.895661 20.723208
36.356362 93.050772 4.446210
52.422505 85.138480 1.822142
46.100701 84.814977 26.098756
7
86.683017 49.679679 4.240758
87.392079 43.427668 21.832595
80.816791 48.146844 33.919429
80.019939 49.295351 34.158130
73.174508 62.976139 26.067169
74.202499 63.274514 22.143283
83.726103 54.624275 2.475520
6
2.542160 -99.697105 -7.350153
7.658822 -99.670001 -2.689501
18.984800 -98.100269 -3.989312
22.415672 -97.252927 -6.277409
21.818136 -96.762780 -12.685951
10.804187 -97.075760 -21.437497
5
35.655404 -14.336423 -92.320957
35.509798 -14.700903 -92.319758
49.380041 -32.705841 -80.572573
60.964936 -17.426250 -77.327889
45.967921 -10.115596 -88.230522
6
71.631414 -60.143001 -35.380220
76.744841 -56.351202 -30.574031
83.560786 -44.711716 -31.913282
75.476915 -42.760615 -49.747011
73.215036 -43.324988 -52.559527
71.986752 -47.615545 -50.504132
5
-23.803209 -60.219300 -76.203958
-19.751492 -74.043832 -64.244762
-6.428698 -73.561102 -67.434681
-4.615864 -65.146247 -75.727540
-16.651849 -56.492380 -80.816625
4
33.404068 94.255168 -0.362711
36.356362 93.050772 4.446210
30.674825 92.895661 20.723208
19.047792 98.133036 2.662490
6
-29.346195 82.155439 -48.880310
-28.827365 88.356263 -36.907368
-39.627386 85.603664 -33.191612
-46.433778 79.948830 -38.106284
-43.418314 71.749385 -54.469035
-35.622040 76.827939 -53.184002
5
-61.121634 -41.352408 67.484252
-53.658910 -31.294692 78.366853
-44.685816 -39.783104 80.127913
-46.985559 -45.952462 75.370608
-59.704960 -45.845014 65.829723
7
-14.091548 -59.099610 79.427101
-5.589003 -65.820610 75.076031
-4.682897 -69.518728 71.730167
-7.407743 -72.998074 67.944143
-13.138465 -71.549134 68.615612
-23.720052 -58.923179 77.236119
-23.501706 -58.121931 77.907066
7
-17.985238 -90.216253 -39.211720
-30.709381 -80.514624 -50.737848
-32.566190 -80.223066 -50.037017
-37.506734 -85.786573 -35.127039
-35.557210 -88.304577 -30.626566
-34.078957 -89.050336 -30.144028
-18.159098 -90.326159 -38.877143
5
80.558562 58.967511 -5.757669
70.623414 68.577105 -17.593013
68.843735 65.854116 -30.393677
83.165718 48.456239 -27.119297
83.800663 48.165140 -25.643091
5
-52.587011 84.964093 -3.963469
-52.077332 84.653507 11.033374
-62.566718 77.547922 8.469104
-63.002398 77.323981 7.190256
-60.214120 79.740157 -3.970787
6
-49.545421 84.980105 -17.989801
-39.819515 89.423502 -20.441220
-36.861141 90.977987 -19.085652
-40.076251 91.508814 -4.475601
-43.664424 89.907069 -3.183878
-49.830448 86.449108 -6.593793
4
63.505993 -7.154592 76.914242
53.328180 -19.039805 82.423243
53.561692 -4.416226 84.330553
60.451430 -0.228588 79.659101
6
87.364416 -36.943559 31.664370
87.638335 -36.020682 31.969246
89.907959 -32.312574 29.537375
94.582558 -28.284433 15.941471
89.576211 -43.584958 8.743789
85.155832 -48.454799 20.015414
7
64.828653 -70.340086 -29.146492
68.255786 -63.592287 -36.016228
60.048638 -64.279302 -47.563982
52.048347 -67.694636 -52.042346
49.559986 -69.778748 -51.717832
47.222459 -72.399923 -50.282109
58.840247 -76.157549 -27.163449
6
66.281230 -36.507989 -65.375571
52.408039 -37.499211 -76.467029
50.963595 -52.731882 -67.985739
56.357196 -55.090845 -61.553759
69.957034 -39.601600 -59.478792
69.940876 -39.409007 -59.625531
7
-55.289588 63.412421 54.054846
-52.795130 64.576869 55.158882
-46.211611 51.776491 71.997792
-47.091766 44.291590 76.292992
-54.431980 41.782929 72.741642
-59.525642 43.401900 67.623761
-61.847455 50.853435 59.906765
6
-64.336111 64.237175 41.646730
-55.289588 63.412421 54.054846
-61.847455 50.853435 59.906765
-71.659743 43.575216 54.461747
-76.715070 43.247734 47.375431
-76.788130 45.664573 44.925826
5
-78.578087 -59.177680 17.985729
-72.557483 -66.851910 16.316672
-68.552992 -72.763457 -2.442648
-69.669716 -71.677806 -2.902220
-81.283318 -58.232514 -1.413004
5
-41.127507 -63.957622 64.945752
-23.866928 -59.079054 77.071624
-27.040782 -72.604700 63.224628
-28.309237 -73.313721 61.835956
-38.469360 -70.000346 60.166934
6
59.692395 -76.021592 25.642454
61.226067 -79.053611 1.376721
44.613064 -89.487746 -1.271927
44.612533 -89.488018 -1.271434
42.354959 -89.625408 13.166008
56.074294 -78.341938 26.799521
5
65.459569 -69.639033 29.418531
66.405057 -68.168772 30.714605
74.209372 -60.483428 28.891592
81.843734 -53.431871 21.133819
77.631363 -62.987172 2.446968
8
-77.920028 60.996955 -14.416682
-69.784545 68.839600 -19.779453
-64.958851 74.940850 -12.814709
-70.060014 71.355382 -0.062797
-79.367404 60.410078 -7.171996
-79.695271 59.889371 -7.869371
-79.283492 59.903935 -11.209215
-78.199872 60.724654 -14.046225
6
45.301600 -76.733969 45.383510
53.519081 -79.408047 28.810935
39.444680 -86.314342 31.526998
34.686713 -86.647621 35.902949
29.871931 -83.370305 46.444159
32.423232 -79.331225 51.529513
6
-92.727337 37.405318 1.575818
-92.958520 36.853750 0.717359
-89.480209 42.627041 -13.275075
-79.283492 59.903935 -11.209215
-79.695271 59.889371 -7.869371
-86.080335 50.781928 3.372209
7
-44.997586 68.748600 -56.998660
-44.479427 70.145116 -55.688807
-65.845703 69.005617 -30.042774
-65.857805 68.996484 -30.037222
-68.492255 63.697797 -35.375156
-60.662408 59.711530 -52.484335
-52.816501 61.333728 -58.724705
5
-40.783550 26.838001 87.272125
-32.245326 31.427502 89.289143
-25.224721 22.514014 94.110747
-31.896648 9.059059 94.342659
-39.230504 9.942422 91.444605
6
80.780872 -18.438655 -55.986308
83.436267 -15.662852 -52.849450
84.804085 -11.103124 -51.816867
74.765983 6.546306 -66.084746
67.339806 2.083203 -73.898652
67.300524 -12.312351 -72.931787
7
23.840815 56.789965 78.781441
24.572225 55.710452 79.325603
20.126702 33.967069 91.875754
14.278702 35.229775 92.493144
2.251496 49.768027 86.706829
2.261804 51.368915 85.767819
22.731914 57.438839 78.638667
5
83.701647 -22.872941 49.707774
77.384014 -32.199997 54.542410
74.011771 -26.264806 61.906524
73.806631 -22.101352 63.750384
76.581573 -11.712898 63.230299
5
-56.142964 -81.960870 11.418556
-57.795800 -80.488333 13.463797
-58.833408 -75.886505 27.926125
-49.887386 -80.215292 32.813955
-48.079660 -85.263806 20.455551
7
-88.465794 -40.769294 -22.620078
-87.772775 -47.544474 -5.955074
-84.692936 -52.755294 -6.632161
-77.928193 -59.391726 -19.995491
-77.819534 -59.409846 -20.361493
-78.130136 -57.170493 -25.044290
-84.636981 -43.735381 -30.394043
8
-86.398608 -23.595756 44.480568
-85.786489 -17.717690 48.236519
-83.623710 -13.694920 53.099193
-82.874896 -13.564940 54.293131
-77.854516 -16.183707 60.636309
-73.810564 -25.975133 62.267914
-74.621557 -35.800909 56.124132
-75.687587 -37.586212 53.466493
7
0.551196 70.514147 -70.904522
9.540268 75.520141 -64.851304
4.302438 83.958352 -54.152416
-4.852316 85.215528 -52.103444
-11.600645 82.597878 -55.163536
-14.492682 75.232416 -64.265433
-12.184482 69.573006 -70.789372
7
41.999294 76.965923 48.086444
29.832567 88.431092 35.916012
28.892988 89.751664 33.314172
29.100127 89.767343 33.090886
46.100701 84.814977 26.098756
58.845528 76.076171 27.379188
54.410275 68.453336 48.514562
7
-7.407743 -72.998074 67.944143
-4.682897 -69.518728 71.730167
6.258785 -67.915638 73.132029
14.195666 -76.794551 62.458626
4.507783 -81.944584 57.138122
3.511871 -82.104460 56.978280
-4.022565 -80.756925 58.839935
5
-34.327296 60.492961 71.848719
-46.211611 51.776491 71.997792
-52.795130 64.576869 55.158882
-39.711762 73.025572 55.589944
-32.234322 69.583260 64.180359
7
40.206464 63.362032 66.096090
23.840815 56.789965 78.781441
22.731914 57.438839 78.638667
17.244292 67.434464 71.799912
16.441027 73.193042 66.124664
21.242153 75.440268 62.109072
36.914322 70.950253 60.028281
6
74.202499 63.274514 22.143283
73.174508 62.976139 26.067169
71.093510 65.019689 26.798375
61.217684 74.721545 25.866695
62.957892 77.676157 1.648785
69.927080 71.399822 3.502701
6
-25.359064 91.450761 31.522629
-27.800579 95.368098 11.491461
-24.622995 96.650115 7.243162
-5.714718 97.520517 21.379680
-2.575886 96.092030 27.562414
-17.291600 91.847806 35.566572
6
64.272724 4.127785 -76.498225
67.339806 2.083203 -73.898652
74.765983 6.546306 -66.084746
78.315281 17.978324 -59.527276
77.924587 18.954036 -59.736950
60.522266 28.279473 -74.413216
4
-3.029343 86.074448 50.813506
12.155615 94.809054 29.385105
27.461233 90.191001 33.338626
3.971061 81.779977 57.413117
8
27.418640 -51.108146 81.462726
28.655573 -49.680821 81.918705
46.660538 -49.295735 73.435173
47.788836 -49.961119 72.250354
46.096135 -64.079234 61.392167
30.393852 -73.609912 60.479704
27.171564 -72.742636 63.009642
24.965511 -63.422328 73.173299
6
35.630890 -90.651066 -22.645614
25.192258 -89.672995 -36.388241
14.518784 -92.684301 -34.624057
9.605544 -96.700158 -23.596886
10.804187 -97.075760 -21.437497
21.818136 -96.762780 -12.685951
6
-83.721760 -41.385328 -35.748028
-62.506036 -55.816206 -54.566900
-62.159525 -55.023474 -55.754918
-67.280277 -48.027330 -56.273793
-81.561899 -28.635555 -50.275855
-84.657665 -37.736434 -37.537199
5
27.278827 43.829506 -85.643681
36.215233 37.146035 -85.490520
46.654953 43.818277 -76.832767
39.144432 53.293009 -75.017122
32.450058 53.416660 -78.061862
6
7.805929 56.330415 -82.255406
10.965967 55.519511 -82.445931
24.830319 66.490351 -70.444933
22.604038 72.543139 -65.011926
9.540268 75.520141 -64.851304
0.551196 70.514147 -70.904522
8
-69.669716 -71.677806 -2.902220
-68.552992 -72.763457 -2.442648
-62.106364 -78.176769 -5.585013
-61.990996 -78.248067 -5.861437
-63.062353 -74.490479 -21.778617
-64.030382 -73.535099 -22.196832
-77.819534 -59.409846 -20.361493
-77.928193 -59.391726 -19.995491
7
83.436267 -15.662852 -52.849450
83.874572 -16.790845 -51.798878
91.415268 -26.578956 -30.607316
92.280643 -24.199836 -29.977507
93.434634 -4.561992 -35.343422
90.789101 -2.434521 -41.849878
84.804085 -11.103124 -51.816867
5
-83.623710 -13.694920 53.099193
-85.786489 -17.717690 48.236519
-94.745100 -0.666703 31.983144
-93.923662 5.331406 33.910498
-87.872610 7.495959 47.140376
6
-39.516320 -91.772825 4.026030
-56.144607 -82.364271 7.994366
-56.142964 -81.960870 11.418556
-48.079660 -85.263806 20.455551
-34.586591 -92.164509 17.591788
-34.681186 -93.212667 10.421805
5
50.963595 -52.731882 -67.985739
38.847382 -56.929420 -72.456346
49.559986 -69.778748 -51.717832
52.048347 -67.694636 -52.042346
56.357196 -55.090845 -61.553759
7
47.376520 60.293134 64.188810
40.206464 63.362032 66.096090
36.914322 70.950253 60.028281
41.999294 76.965923 48.086444
54.410275 68.453336 48.514562
57.652377 63.252462 51.723587
57.984669 62.253589 52.557292
6
7.805929 56.330415 -82.255406
0.551196 70.514147 -70.904522
-12.184482 69.573006 -70.789372
-17.971766 64.172801 -74.557811
-6.435530 49.890811 -86.426217
-5.105324 50.088306 -86.400795
7
-76.788130 45.664573 44.925826
-76.715070 43.247734 47.375431
-83.655700 27.447833 47.416667
-86.788540 28.169106 40.917609
-88.418880 31.404455 34.581235
-87.976237 37.763210 28.881166
-80.012534 46.444514 37.959209
8
-99.041274 10.119777 9.402987
-98.735434 11.838382 10.543566
-98.364400 12.859333 12.612788
-95.450184 13.352362 26.664149
-94.654512 10.668288 30.441930
-93.923662 5.331406 33.910498
-94.745100 -0.666703 31.983144
-97.238354 -13.190175 19.254136
4
97.573074 -15.851889 -15.106718
96.094400 -2.205932 -27.586232
93.434634 -4.561992 -35.343422
92.280643 -24.199836 -29.977507
6
73.806631 -22.101352 63.750384
65.282917 -25.925658 71.175846
61.076485 -21.256621 76.274629
72.073232 -9.322745 68.691599
76.410974 -7.781273 64.037604
76.581573 -11.712898 63.230299
5
32.450058 53.416660 -78.061862
39.144432 53.293009 -75.017122
46.099949 57.760744 -67.368325
46.294352 59.911558 -65.325632
26.332492 65.138419 -71.158881
6
-90.790019 -12.084849 -40.138870
-92.966108 -19.718835 -31.120255
-84.657665 -37.736434 -37.537199
-81.561899 -28.635555 -50.275855
-82.097077 -15.178022 -55.042689
-83.712144 -9.396213 -53.888664
5
14.518784 -92.684301 -34.624057
10.270300 -90.910445 -40.370928
-5.177536 -92.360855 -37.982439
-1.261322 -96.873220 -24.778788
9.605544 -96.700158 -23.596886
6
-60.214120 79.740157 -3.970787
-64.074158 75.766776 -12.405560
-50.704980 84.118129 -18.792161
-49.545421 84.980105 -17.989801
-49.830448 86.449108 -6.593793
-52.587011 84.964093 -3.963469
6
17.105272 15.774181 -97.255256
10.204450 27.324076 -95.651785
6.341945 27.655395 -95.890348
0.646714 20.120241 -97.952834
0.252351 13.025832 -99.147688
16.128553 9.625259 -98.220284
5
-31.896648 9.059059 94.342659
-25.224721 22.514014 94.110747
-20.549967 22.869880 95.156016
-10.219306 13.799810 98.514623
-27.329947 3.135018 96.141800
6
1.012264 -79.825739 -60.223141
-0.262652 -79.924847 -60.099500
-6.837824 -84.608933 -52.863718
-6.764270 -85.648896 -51.171391
9.511079 -89.303647 -43.981792
14.008941 -83.892839 -52.590314
6
-90.838740 -30.627578 28.465325
-97.190039 -13.887761 19.005958
-97.238354 -13.190175 19.254136
-94.745100 -0.666703 31.983144
-85.786489 -17.717690 48.236519
-86.398608 -23.595756 44.480568
6
57.109041 29.938778 -76.434462
51.841926 42.956491 -73.940210
46.654953 43.818277 -76.832767
36.215233 37.146035 -85.490520
38.805846 31.969277 -86.441145
54.731952 28.771872 -78.591302
5
56.951057 -78.954350 -22.864553
58.840247 -76.157549 -27.163449
47.222459 -72.399923 -50.282109
40.746031 -76.406229 -50.018488
43.443314 -87.260028 -22.324114
5
23.333268 -25.541575 93.825298
27.995370 0.956935 95.996581
36.209605 2.218285 93.187680
40.942040 -16.044222 89.812762
25.248884 -28.023486 92.613056
8
-29.245284 5.563041 -95.466046
-11.771394 0.790572 -99.301608
-2.153893 8.771737 -99.591251
-1.733453 10.701414 -99.410638
-15.522512 16.048173 -97.475678
-28.710047 11.483495 -95.099225
-31.266100 7.283327 -94.706833
-30.373345 6.230386 -95.071774
6
-32.570933 -92.289285 20.538310
-29.697430 -87.371744 38.525847
-21.325113 -88.006955 42.426588
-4.434832 -95.140036 30.474675
-4.862389 -95.581034 28.993501
-11.908810 -97.562776 18.430544
7
-5.714718 97.520517 21.379680
-24.622995 96.650115 7.243162
-23.483149 97.153930 3.107358
-22.704333 97.366938 2.047610
-7.705022 99.561236 -5.309705
-1.138792 99.821268 -5.866650
-0.839742 99.829437 -5.777395
8
64.833784 54.460982 53.203213
80.019939 49.295351 34.158130
80.816791 48.146844 33.919429
83.916111 29.640582 45.601780
81.065499 29.812876 50.394219
79.298337 30.664505 52.644675
70.226855 40.993356 58.204240
65.272515 50.777479 56.224074
4
-7.705022 99.561236 -5.309705
-22.704333 97.366938 2.047610
-30.226003 93.855418 -16.659810
-19.347949 95.588771 -22.100762
6
99.292761 6.838743 -9.704593
98.030997 -16.676405 -10.574555
97.747467 -20.351887 -5.588677
99.061304 -13.667079 0.262751
99.906688 4.221119 0.914196
99.346567 10.047596 -5.413448
6
52.916109 80.803825 -25.896472
41.110780 79.743944 -44.167942
41.820274 77.864878 -46.777403
48.368059 72.760088 -48.646690
63.433340 67.049003 -38.479117
64.408363 67.913029 -35.204874
4
74.202499 63.274514 22.143283
69.927080 71.399822 3.502701
80.909287 58.721451 -2.340585
83.726103 54.624275 2.475520
8
-82.773838 5.407513 -55.850251
-79.476730 9.843425 -59.887865
-74.771786 22.666751 -62.413127
-72.370641 36.880609 -58.329333
-72.678130 37.086599 -57.814129
-86.835869 27.549089 -41.238083
-88.041640 25.471578 -39.998353
-89.137588 18.893440 -41.201073
5
-64.026490 -24.787068 72.706325
-66.502346 -28.771641 68.917564
-73.810564 -25.975133 62.267914
-77.854516 -16.183707 60.636309
-70.810355 -12.440119 69.506381
9
98.030997 -16.676405 -10.574555
97.573074 -15.851889 -15.106718
92.280643 -24.199836 -29.977507
91.415268 -26.578956 -30.607316
89.938813 -32.014453 -29.767176
88.652324 -37.964609 -26.447190
96.779599 -24.651202 -5.101709
97.148667 -23.238512 -4.701925
97.747467 -20.351887 -5.588677
7
-51.557891 82.872363 -21.770513
-46.504803 79.944308 -38.029080
-46.433778 79.948830 -38.106284
-39.627386 85.603664 -33.191612
-39.819515 89.423502 -20.441220
-49.545421 84.980105 -17.989801
-50.704980 84.118129 -18.792161
4
-31.778062 -25.741590 91.255276
-53.826809 -20.258024 81.806400
-55.368107 -0.585064 83.270826
-34.990380 -12.065050 92.898374
7
-24.622995 96.650115 7.243162
-27.800579 95.368098 11.491461
-44.008093 88.852195 12.983647
-44.407385 88.675723 12.829663
-43.664424 89.907069 -3.183878
-40.076251 91.508814 -4.475601
-23.483149 97.153930 3.107358
7
63.574957 -57.303432 51.715970
62.879013 -60.995486 48.226346
62.536772 -61.693560 47.781343
54.553454 -65.070714 52.817827
46.096135 -64.079234 61.392167
47.788836 -49.961119 72.250354
56.220466 -47.139597 67.949376
5
-19.751492 -74.043832 -64.244762
-23.312108 -77.990441 -58.086459
-6.837824 -84.608933 -52.863718
-0.262652 -79.924847 -60.099500
-6.428698 -73.561102 -67.434681
6
0.096792 23.215131 97.267920
-0.903495 29.664393 95.494542
14.278702 35.229775 92.493144
20.126702 33.967069 91.875754
22.076970 31.137046 92.428847
12.171882 20.757470 97.061696
7
-11.381017 64.418516 75.635489
-11.254000 57.711780 80.886946
-24.883486 46.495938 84.964345
-27.090832 45.886039 84.620082
-34.327296 60.492961 71.848719
-32.234322 69.583260 64.180359
-14.169460 69.734348 70.259142
4
-56.888982 76.858304 29.265078
-64.465978 68.202103 34.534198
-70.525909 68.840721 16.942589
-64.011330 75.900896 11.899734
6
-4.655510 93.911545 -34.043325
-8.535838 91.835376 -38.644575
-4.852316 85.215528 -52.103444
4.302438 83.958352 -54.152416
10.480166 87.556154 -47.160216
1.430314 93.908104 -34.339804
6
52.408039 -37.499211 -76.467029
49.734844 -36.149228 -78.864939
31.929799 -49.640582 -80.723606
33.701832 -55.953260 -75.719345
38.847382 -56.929420 -72.456346
50.963595 -52.731882 -67.985739
7
-60.662408 59.711530 -52.484335
-74.074970 47.840753 -47.161014
-72.678130 37.086599 -57.814129
-72.370641 36.880609 -58.329333
-62.437284 41.524223 -66.161352
-55.327318 52.746355 -64.472551
-52.816501 61.333728 -58.724705
4
-59.525642 43.401900 67.623761
-70.113809 30.234168 64.575141
-71.659743 43.575216 54.461747
-61.847455 50.853435 59.906765
6
-18.810920 95.242058 -23.981235
-24.649086 90.738710 -34.042752
-14.422876 90.967005 -38.948487
-8.535838 91.835376 -38.644575
-4.655510 93.911545 -34.043325
-6.397766 95.228759 -29.842118
5
17.027707 8.976071 98.129951
-4.227145 11.123980 99.289417
-4.969707 12.734796 99.061229
0.096792 23.215131 97.267920
12.171882 20.757470 97.061696
7
77.195249 -63.275115 -6.095355
77.460871 -62.914531 -6.447888
76.382565 -63.016276 -13.951799
64.828653 -70.340086 -29.146492
58.840247 -76.157549 -27.163449
56.951057 -78.954350 -22.864553
64.994348 -75.890569 -4.044287
11
-65.322851 65.996907 37.112443
-64.465978 68.202103 34.534198
-56.888982 76.858304 29.265078
-54.155743 78.937015 28.915449
-47.870645 81.260393 33.243794
-39.445692 73.660767 54.937499
-39.439553 73.615934 55.001963
-39.711762 73.025572 55.589944
-52.795130 64.576869 55.158882
-55.289588 63.412421 54.054846
-64.336111 64.237175 41.646730
9
-85.070040 -45.901009 25.616121
-80.694438 -54.960960 21.626384
-78.578087 -59.177680 17.985729
-81.283318 -58.232514 -1.413004
-84.692936 -52.755294 -6.632161
-87.772775 -47.544474 -5.955074
-88.552930 -46.228528 -4.615381
-90.949757 -41.053975 6.535505
-87.677483 -41.605229 24.117710
4
-1.088350 -49.105194 87.106230
4.191737 -53.815140 84.180520
-5.589003 -65.820610 75.076031
-14.091548 -59.099610 79.427101
5
63.827248 -39.466951 66.094191
74.011771 -26.264806 61.906524
77.384014 -32.199997 54.542410
76.318238 -38.868487 51.621383
70.912957 -42.409876 56.327213
5
-61.990996 -78.248067 -5.861437
-45.901172 -88.051619 -11.831942
-45.289431 -86.400044 -21.997725
-56.093734 -77.079282 -30.203928
-63.062353 -74.490479 -21.778617
5
28.655573 -49.680821 81.918705
27.142268 -38.127520 88.371882
50.962300 -27.710183 81.455446
51.154993 -28.616495 81.020139
46.660538 -49.295735 73.435173
7
-33.167475 -93.672751 -11.195281
-30.183812 -92.366849 -23.607260
-34.078957 -89.050336 -30.144028
-35.557210 -88.304577 -30.626566
-45.289431 -86.400044 -21.997725
-45.901172 -88.051619 -11.831942
-40.088404 -91.272053 -7.895076
6
-74.074970 47.840753 -47.161014
-60.662408 59.711530 -52.484335
-68.492255 63.697797 -35.375156
-77.512015 50.931652 -37.387891
-77.834342 50.167704 -37.749394
-77.749569 49.512571 -38.775118
6
-74.046082 -42.941529 51.703025
-61.301047 -52.492857 59.048130
-60.360661 -54.394794 58.290626
-60.461028 -64.307005 47.000779
-63.741349 -63.866647 43.105590
-78.185598 -49.030846 38.509589
5
89.563559 -44.469173 0.928161
96.779599 -24.651202 -5.101709
88.652324 -37.964609 -26.447190
88.074103 -39.354712 -26.346899
85.800802 -50.934666 -6.624357
5
-29.179058 89.836218 32.833466
-39.133088 86.938956 30.169844
-44.008093 88.852195 12.983647
-27.800579 95.368098 11.491461
-25.359064 91.450761 31.522629
5
66.837628 24.274845 70.309767
65.457142 33.953975 67.546208
70.226855 40.993356 58.204240
79.298337 30.664505 52.644675
67.720445 22.512961 70.050753
6
65.459569 -69.639033 29.418531
77.631363 -62.987172 2.446968
77.195249 -63.275115 -6.095355
64.994348 -75.890569 -4.044287
61.226067 -79.053611 1.376721
59.692395 -76.021592 25.642454
6
-47.091766 44.291590 76.292992
-46.883198 44.186372 76.482222
-46.689497 27.514558 84.041894
-53.688047 22.515339 81.305923
-58.624376 28.392924 75.875058
-54.431980 41.782929 72.741642
8
-56.232494 1.510521 82.677838
-55.368107 -0.585064 83.270826
-53.826809 -20.258024 81.806400
-55.856623 -24.866943 79.130732
-64.026490 -24.787068 72.706325
-70.810355 -12.440119 69.506381
-63.945646 2.354525 76.846670
-57.232267 2.266513 81.971523
5
-65.857805 68.996484 -30.037222
-69.784545 68.839600 -19.779453
-77.920028 60.996955 -14.416682
-77.512015 50.931652 -37.387891
-68.492255 63.697797 -35.375156
7
-84.715857 13.432921 51.407979
-87.872610 7.495959 47.140376
-93.923662 5.331406 33.910498
-94.654512 10.668288 30.441930
-86.788540 28.169106 40.917609
-83.655700 27.447833 47.416667
-83.155756 25.084036 49.557152
4
9.434206 95.134926 -29.331581
21.506538 92.122820 -32.416891
19.933920 97.135724 -12.934062
6.910763 99.499980 -7.210782
5
56.257610 30.653975 76.781607
53.452166 43.767309 72.299990
55.771932 43.690026 70.573885
65.457142 33.953975 67.546208
66.837628 24.274845 70.309767
5
99.061304 -13.667079 0.262751
98.298335 -9.553055 15.690010
98.493597 -3.694645 16.892629
99.085454 0.514380 13.483625
99.906688 4.221119 0.914196
5
99.292761 6.838743 -9.704593
97.390535 3.809900 -22.373385
96.094400 -2.205932 -27.586232
97.573074 -15.851889 -15.106718
98.030997 -16.676405 -10.574555
7
-26.573671 -0.145323 96.404455
-19.505503 -4.124481 97.992469
-12.387451 -31.047406 94.247597
-12.854933 -31.927357 93.890333
-24.909039 -34.063423 90.659931
-31.778062 -25.741590 91.255276
-34.990380 -12.065050 92.898374
6
40.942040 -16.044222 89.812762
52.372401 -20.982650 82.564278
50.962300 -27.710183 81.455446
27.142268 -38.127520 88.371882
25.256196 -34.979429 90.213991
25.248884 -28.023486 92.613056
7
-79.695271 59.889371 -7.869371
-79.367404 60.410078 -7.171996
-75.385031 65.070067 9.109527
-75.433763 64.925527 9.717167
-81.730580 56.519071 11.211908
-84.100002 53.313920 9.209537
-86.080335 50.781928 3.372209
6
50.050379 45.559937 73.615567
40.952500 43.722233 80.070339
24.572225 55.710452 79.325603
23.840815 56.789965 78.781441
40.206464 63.362032 66.096090
47.376520 60.293134 64.188810
5
-2.556105 -23.862547 -97.077521
-0.632651 -21.081408 -97.750570
-11.771394 0.790572 -99.301608
-29.245284 5.563041 -95.466046
-9.471969 -24.162190 -96.573653
6
-13.338433 -98.270311 -12.846482
-22.291018 -97.175863 -7.743527
-23.581412 -97.090013 4.176886
-11.857751 -98.728463 10.586988
-6.464626 -99.677254 4.759577
-6.768210 -99.624849 -5.392663
8
-35.622040 76.827939 -53.184002
-43.418314 71.749385 -54.469035
-44.479427 70.145116 -55.688807
-44.997586 68.748600 -56.998660
-27.837929 61.042607 -74.154230
-17.971766 64.172801 -74.557811
-12.184482 69.573006 -70.789372
-14.492682 75.232416 -64.265433
5
18.144236 -73.887950 -64.894973
32.514120 -71.986735 -61.324888
31.264394 -60.045245 -73.600994
13.868993 -69.017849 -71.022444
14.005963 -71.275409 -68.728808
6
-84.636981 -43.735381 -30.394043
-78.130136 -57.170493 -25.044290
-70.210224 -60.430618 -37.665168
-62.456093 -56.362081 -54.060635
-62.506036 -55.816206 -54.566900
-83.721760 -41.385328 -35.748028
7
7.734710 -64.173905 -76.301272
13.868993 -69.017849 -71.022444
31.264394 -60.045245 -73.600994
33.701832 -55.953260 -75.719345
31.929799 -49.640582 -80.723606
31.285648 -49.334256 -81.162426
13.919039 -47.664919 -86.800437
5
-88.418880 31.404455 34.581235
-86.788540 28.169106 40.917609
-94.654512 10.668288 30.441930
-95.450184 13.352362 26.664149
-94.065967 21.607574 26.166898
7
4.369460 -40.953937 -91.124546
10.131260 -43.893271 -89.278992
31.087693 -22.923526 -92.239185
33.067330 -16.631954 -92.897415
3.254159 -18.325965 -98.252580
-0.632651 -21.081408 -97.750570
-2.556105 -23.862547 -97.077521
7
-1.261322 -96.873220 -24.778788
-5.177536 -92.360855 -37.982439
-10.978825 -89.840251 -42.522872
-17.985238 -90.216253 -39.211720
-18.159098 -90.326159 -38.877143
-15.512328 -96.156788 -22.654798
-12.222350 -97.372432 -19.215191
6
-25.819899 90.341842 -34.229874
-24.649086 90.738710 -34.042752
-18.810920 95.242058 -23.981235
-19.347949 95.588771 -22.100762
-30.226003 93.855418 -16.659810
-34.856200 91.751191 -19.151092
5
89.196119 19.518971 40.780659
81.195107 4.361557 58.209376
78.124494 13.614118 60.919777
81.065499 29.812876 50.394219
83.916111 29.640582 45.601780
7
-17.985238 -90.216253 -39.211720
-10.978825 -89.840251 -42.522872
-6.764270 -85.648896 -51.171391
-6.837824 -84.608933 -52.863718
-23.312108 -77.990441 -58.086459
-24.348360 -78.059882 -57.565720
-30.709381 -80.514624 -50.737848
3
-61.917978 72.551208 -30.041409
-46.504803 79.944308 -38.029080
-51.557891 82.872363 -21.770513
4
-78.130136 -57.170493 -25.044290
-77.819534 -59.409846 -20.361493
-64.030382 -73.535099 -22.196832
-70.210224 -60.430618 -37.665168
8
32.423232 -79.331225 51.529513
29.871931 -83.370305 46.444159
21.776544 -86.941423 44.350548
19.325684 -87.137548 45.095074
4.507783 -81.944584 57.138122
14.195666 -76.794551 62.458626
27.171564 -72.742636 63.009642
30.393852 -73.609912 60.479704
6
53.452166 43.767309 72.299990
56.257610 30.653975 76.781607
50.268720 26.623409 82.245060
40.345892 29.382179 86.653889
40.952500 43.722233 80.070339
50.050379 45.559937 73.615567
5
19.325684 -87.137548 45.095074
21.776544 -86.941423 44.350548
19.355818 -92.329356 33.175929
1.997984 -93.578001 35.201787
3.136678 -92.561840 37.715608
6
44.612533 -89.488018 -1.271434
28.259064 -95.923750 -0.243676
26.694549 -95.639657 11.851459
31.348282 -93.222420 18.079423
32.620833 -92.737220 18.321826
42.354959 -89.625408 13.166008
8
59.692395 -76.021592 25.642454
56.074294 -78.341938 26.799521
53.519081 -79.408047 28.810935
45.301600 -76.733969 45.383510
54.553454 -65.070714 52.817827
62.536772 -61.693560 47.781343
66.405057 -68.168772 30.714605
65.459569 -69.639033 29.418531
5
46.096135 -64.079234 61.392167
54.553454 -65.070714 52.817827
45.301600 -76.733969 45.383510
32.423232 -79.331225 51.529513
30.393852 -73.609912 60.479704
6
-34.681186 -93.212667 10.421805
-23.581412 -97.090013 4.176886
-22.291018 -97.175863 -7.743527
-33.167475 -93.672751 -11.195281
-40.088404 -91.272053 -7.895076
-39.516320 -91.772825 4.026030
5
-7.705022 99.561236 -5.309705
-19.347949 95.588771 -22.100762
-18.810920 95.242058 -23.981235
-6.397766 95.228759 -29.842118
-1.138792 99.821268 -5.866650
6
-21.295282 -27.465695 -93.766447
-28.789930 -17.922643 -94.074007
-43.393411 -15.902783 -88.679837
-42.992485 -25.386252 -86.644010
-39.260861 -29.586703 -87.081639
-24.230027 -30.698080 -92.035502
6
57.984669 62.253589 52.557292
57.652377 63.252462 51.723587
71.093510 65.019689 26.798375
73.174508 62.976139 26.067169
80.019939 49.295351 34.158130
64.833784 54.460982 53.203213
4
40.540788 14.293934 -90.289135
36.658485 18.266648 -91.227655
21.962630 4.000397 -97.476355
35.460965 -13.535703 -92.516510
4
-66.474056 9.869946 -74.052576
-64.811125 23.194950 -72.536283
-74.771786 22.666751 -62.413127
-79.476730 9.843425 -59.887865
7
-65.747843 9.349675 -74.764997
-61.881623 9.868686 -77.931212
-56.784405 15.881176 -80.767070
-55.530074 21.751538 -80.270053
-61.998352 25.763587 -74.111011
-64.811125 23.194950 -72.536283
-66.474056 9.869946 -74.052576
5
-24.267800 36.488548 -89.886927
-11.454289 29.389139 -94.895088
-1.402470 33.172639 -94.327139
-9.265282 46.349970 -88.123974
-24.323276 36.697855 -89.786668
7
-43.393411 -15.902783 -88.679837
-28.789930 -17.922643 -94.074007
-30.373345 6.230386 -95.071774
-31.266100 7.283327 -94.706833
-35.235780 6.961878 -93.327231
-36.780644 6.003345 -92.796250
-45.847410 -10.665155 -88.228507
6
98.493597 -3.694645 16.892629
98.298335 -9.553055 15.690010
96.941974 -16.422050 18.236499
93.076222 -17.124074 32.304534
92.547884 -14.752391 34.889197
95.419704 -0.193549 29.917262
6
-11.254000 57.711780 80.886946
2.261804 51.368915 85.767819
2.251496 49.768027 86.706829
-4.985544 33.969208 93.921442
-10.850877 34.392662 93.270592
-24.883486 46.495938 84.964345
5
9.511079 -89.303647 -43.981792
-6.764270 -85.648896 -51.171391
-10.978825 -89.840251 -42.522872
-5.177536 -92.360855 -37.982439
10.270300 -90.910445 -40.370928
6
8.158603 -65.690849 74.954316
6.258785 -67.915638 73.132029
-4.682897 -69.518728 71.730167
-5.589003 -65.820610 75.076031
4.191737 -53.815140 84.180520
5.188606 -54.156847 83.905389
6
74.011771 -26.264806 61.906524
63.827248 -39.466951 66.094191
63.641810 -39.492778 66.257381
62.972512 -36.089798 68.789456
65.282917 -25.925658 71.175846
73.806631 -22.101352 63.750384
5
53.561692 -4.416226 84.330553
41.951137 6.079289 90.571212
58.127921 12.811542 80.355518
62.740934 11.510490 77.013530
60.451430 -0.228588 79.659101
7
77.066866 -5.866946 63.452952
76.410974 -7.781273 64.037604
72.073232 -9.322745 68.691599
63.505993 -7.154592 76.914242
60.451430 -0.228588 79.659101
62.740934 11.510490 77.013530
64.402354 12.207364 75.520309
8
-75.433763 64.925527 9.717167
-75.385031 65.070067 9.109527
-69.540786 71.833187 2.018000
-63.002398 77.323981 7.190256
-62.566718 77.547922 8.469104
-64.011330 75.900896 11.899734
-70.525909 68.840721 16.942589
-72.514950 67.054715 15.660370
8
94.378825 31.168414 -11.007600
93.428396 23.782001 -26.562214
93.402579 19.948749 -29.631159
97.390535 3.809900 -22.373385
99.292761 6.838743 -9.704593
99.346567 10.047596 -5.413448
96.961653 24.260000 -3.144869
94.942082 30.383593 -7.927060
8
56.257610 30.653975 76.781607
66.837628 24.274845 70.309767
67.720445 22.512961 70.050753
67.781190 21.201868 70.400220
64.402354 12.207364 75.520309
62.740934 11.510490 77.013530
58.127921 12.811542 80.355518
50.268720 26.623409 82.245060
6
-56.093734 -77.079282 -30.203928
-45.289431 -86.400044 -21.997725
-35.557210 -88.304577 -30.626566
-37.506734 -85.786573 -35.127039
-51.934980 -76.928295 -37.212837
-54.151489 -75.710559 -36.544868
8
-65.845703 69.005617 -30.042774
-61.917978 72.551208 -30.041409
-51.557891 82.872363 -21.770513
-50.704980 84.118129 -18.792161
-64.074158 75.766776 -12.405560
-64.958851 74.940850 -12.814709
-69.784545 68.839600 -19.779453
-65.857805 68.996484 -30.037222
7
64.833784 54.460982 53.203213
65.272515 50.777479 56.224074
55.771932 43.690026 70.573885
53.452166 43.767309 72.299990
50.050379 45.559937 73.615567
47.376520 60.293134 64.188810
57.984669 62.253589 52.557292
5
0.646714 20.120241 -97.952834
-9.778723 23.724632 -96.651531
-15.522512 16.048173 -97.475678
-1.733453 10.701414 -99.410638
0.252351 13.025832 -99.147688
7
46.100701 84.814977 26.098756
52.422505 85.138480 1.822142
54.797409 83.646866 -0.667670
59.261023 80.506330 -2.619541
62.957892 77.676157 1.648785
61.217684 74.721545 25.866695
58.845528 76.076171 27.379188
7
21.962630 4.000397 -97.476355
36.658485 18.266648 -91.227655
36.117467 19.529117 -91.181918
27.946371 21.746021 -93.520644
17.105272 15.774181 -97.255256
16.128553 9.625259 -98.220284
18.020265 5.562582 -98.205538
4
-34.078957 -89.050336 -30.144028
-30.183812 -92.366849 -23.607260
-15.512328 -96.156788 -22.654798
-18.159098 -90.326159 -38.877143
6
-12.222350 -97.372432 -19.215191
-15.512328 -96.156788 -22.654798
-30.183812 -92.366849 -23.607260
-33.167475 -93.672751 -11.195281
-22.291018 -97.175863 -7.743527
-13.338433 -98.270311 -12.846482
4
-24.230027 -30.698080 -92.035502
-39.260861 -29.586703 -87.081639
-43.755977 -44.222563 -78.292908
-24.684719 -42.686554 -86.997257
5
18.799710 -82.329967 -53.556955
31.422856 -82.009484 -47.823097
40.554961 -76.468536 -50.078520
32.514120 -71.986735 -61.324888
18.144236 -73.887950 -64.894973
5
47.227924 63.738337 -60.884707
48.368059 72.760088 -48.646690
41.820274 77.864878 -46.777403
27.621408 76.189893 -58.584623
26.571821 74.616398 -61.043685
4
5.188606 -54.156847 83.905389
27.418640 -51.108146 81.462726
24.965511 -63.422328 73.173299
8.158603 -65.690849 74.954316
6
76.508409 -46.702801 44.331837
62.879013 -60.995486 48.226346
63.574957 -57.303432 51.715970
70.912957 -42.409876 56.327213
76.318238 -38.868487 51.621383
76.427900 -38.951324 51.396211
4
-84.692936 -52.755294 -6.632161
-81.283318 -58.232514 -1.413004
-69.669716 -71.677806 -2.902220
-77.928193 -59.391726 -19.995491
6
-92.350359 35.000623 15.696104
-92.727337 37.405318 1.575818
-86.080335 50.781928 3.372209
-84.100002 53.313920 9.209537
-85.375075 47.179696 22.026640
-88.879769 39.339528 23.511451
5
-92.966108 -19.718835 -31.120255
-90.790019 -12.084849 -40.138870
-96.863510 7.866469 -23.570725
-97.011857 7.864884 -22.953065
-95.507023 -21.276631 -20.632825
5
-35.622040 76.827939 -53.184002
-14.492682 75.232416 -64.265433
-11.600645 82.597878 -55.163536
-21.286542 84.080573 -49.772888
-29.346195 82.155439 -48.880310
6
-97.343163 8.372289 -21.312283
-97.912253 12.303649 -16.180570
-98.204344 12.789597 -13.868420
-99.748685 7.084078 -0.125182
-99.621303 -8.429546 -2.130447
-99.144793 -9.733920 -8.692576
6
49.617417 13.004423 -85.842862
54.731952 28.771872 -78.591302
38.805846 31.969277 -86.441145
36.117467 19.529117 -91.181918
36.658485 18.266648 -91.227655
40.540788 14.293934 -90.289135
6
-77.749569 49.512571 -38.775118
-77.834342 50.167704 -37.749394
-84.706938 45.331974 -27.744313
-90.070626 32.410460 -28.928265
-88.041640 25.471578 -39.998353
-86.835869 27.549089 -41.238083
6
-17.971766 64.172801 -74.557811
-27.837929 61.042607 -74.154230
-34.805036 42.723815 -83.446301
-24.323276 36.697855 -89.786668
-9.265282 46.349970 -88.123974
-6.435530 49.890811 -86.426217
6
-48.079660 -85.263806 20.455551
-49.887386 -80.215292 32.813955
-44.457719 -79.177070 41.886786
-29.697430 -87.371744 38.525847
-32.570933 -92.289285 20.538310
-34.586591 -92.164509 17.591788
7
65.282917 -25.925658 71.175846
62.972512 -36.089798 68.789456
51.154993 -28.616495 81.020139
50.962300 -27.710183 81.455446
52.372401 -20.982650 82.564278
52.722180 -20.689626 82.415478
61.076485 -21.256621 76.274629
6
-55.210880 -45.080346 -70.139298
-45.039063 -45.287642 -76.944865
-43.755977 -44.222563 -78.292908
-39.260861 -29.586703 -87.081639
-42.992485 -25.386252 -86.644010
-59.567564 -28.533454 -75.083602
5
75.262689 33.334350 -56.783350
69.017926 43.329980 -57.957215
60.184674 28.722149 -74.517401
60.522266 28.279473 -74.413216
77.924587 18.954036 -59.736950
4
-72.860959 -7.193963 -68.114077
-62.954907 -14.160304 -76.394800
-62.334328 -3.620764 -78.110957
-66.082424 0.351818 -75.053244
5
76.382565 -63.016276 -13.951799
76.744841 -56.351202 -30.574031
71.631414 -60.143001 -35.380220
68.255786 -63.592287 -36.016228
64.828653 -70.340086 -29.146492
7
-6.428698 -73.561102 -67.434681
-0.262652 -79.924847 -60.099500
1.012264 -79.825739 -60.223141
14.005963 -71.275409 -68.728808
13.868993 -69.017849 -71.022444
7.734710 -64.173905 -76.301272
-4.615864 -65.146247 -75.727540
6
93.402579 19.948749 -29.631159
88.106141 15.092434 -44.827740
90.789101 -2.434521 -41.849878
93.434634 -4.561992 -35.343422
96.094400 -2.205932 -27.586232
97.390535 3.809900 -22.373385
8
-60.578281 -26.772997 -74.923151
-60.577687 -17.949776 -77.512253
-62.954907 -14.160304 -76.394800
-72.860959 -7.193963 -68.114077
-82.980440 -5.912583 -55.491332
-83.712144 -9.396213 -53.888664
-82.097077 -15.178022 -55.042689
-73.648366 -23.737284 -63.343978
7
20.482249 45.238611 -86.798304
5.772615 40.719059 -91.151715
3.414877 31.563657 -94.826548
6.341945 27.655395 -95.890348
10.204450 27.324076 -95.651785
18.794945 32.485160 -92.690153
23.228515 43.608333 -86.941069
6
-59.704960 -45.845014 65.829723
-46.985559 -45.952462 75.370608
-42.833837 -54.037288 72.423987
-43.940828 -60.681920 66.233740
-60.360661 -54.394794 58.290626
-61.301047 -52.492857 59.048130
6
-14.312037 86.485994 48.117964
-3.029343 86.074448 50.813506
3.971061 81.779977 57.413117
4.911293 78.943358 61.186807
-13.050903 71.081128 69.116909
-15.113232 85.831110 49.036831
6
-84.715857 13.432921 51.407979
-83.155756 25.084036 49.557152
-70.561448 28.532510 64.861220
-69.577204 26.280564 66.845678
-70.412394 8.186351 70.534235
-75.676341 7.222245 64.968690
5
31.348282 -93.222420 18.079423
22.780992 -93.162094 28.316968
34.686713 -86.647621 35.902949
39.444680 -86.314342 31.526998
32.620833 -92.737220 18.321826
5
-84.100002 53.313920 9.209537
-81.730580 56.519071 11.211908
-78.204508 58.035706 22.713688
-78.398181 55.835109 27.132376
-85.375075 47.179696 22.026640
8
77.195249 -63.275115 -6.095355
77.631363 -62.987172 2.446968
81.843734 -53.431871 21.133819
85.155832 -48.454799 20.015414
89.576211 -43.584958 8.743789
89.563559 -44.469173 0.928161
85.800802 -50.934666 -6.624357
77.460871 -62.914531 -6.447888
6
77.460871 -62.914531 -6.447888
85.800802 -50.934666 -6.624357
88.074103 -39.354712 -26.346899
83.560786 -44.711716 -31.913282
76.744841 -56.351202 -30.574031
76.382565 -63.016276 -13.951799
6
-27.090832 45.886039 84.620082
-27.817486 45.340842 84.678188
-46.883198 44.186372 76.482222
-47.091766 44.291590 76.292992
-46.211611 51.776491 71.997792
-34.327296 60.492961 71.848719
6
-52.077332 84.653507 11.033374
-49.422160 85.911121 13.293963
-54.155743 78.937015 28.915449
-56.888982 76.858304 29.265078
-64.011330 75.900896 11.899734
-62.566718 77.547922 8.469104
5
87.364416 -36.943559 31.664370
85.155832 -48.454799 20.015414
81.843734 -53.431871 21.133819
74.209372 -60.483428 28.891592
78.602443 -47.987404 38.972619
7
-75.687587 -37.586212 53.466493
-74.621557 -35.800909 56.124132
-65.219922 -35.880341 66.775466
-61.121634 -41.352408 67.484252
-59.704960 -45.845014 65.829723
-61.301047 -52.492857 59.048130
-74.046082 -42.941529 51.703025
5
-4.165172 1.730525 99.898231
13.277592 -4.381334 99.017723
9.888100 -17.714713 97.920449
-2.751776 -21.690621 97.580452
-5.323309 -0.021419 99.858209
6
17.244292 67.434464 71.799912
-11.381017 64.418516 75.635489
-14.169460 69.734348 70.259142
-13.050903 71.081128 69.116909
4.911293 78.943358 61.186807
16.441027 73.193042 66.124664
7
-62.159525 -55.023474 -55.754918
-62.506036 -55.816206 -54.566900
-62.456093 -56.362081 -54.060635
-59.704905 -61.680434 -51.291796
-38.091646 -76.439239 -52.019893
-38.731224 -68.451383 -61.760023
-61.255403 -54.635042 -57.120817
5
-93.272696 29.316253 -20.994320
-94.230950 33.463901 -0.833919
-95.016789 31.154617 -1.095250
-98.204344 12.789597 -13.868420
-97.912253 12.303649 -16.180570
7
-30.709381 -80.514624 -50.737848
-24.348360 -78.059882 -57.565720
-34.378424 -67.539594 -65.242066
-38.731224 -68.451383 -61.760023
-38.091646 -76.439239 -52.019893
-35.932697 -78.399711 -50.619429
-32.566190 -80.223066 -50.037017
5
63.574957 -57.303432 51.715970
56.220466 -47.139597 67.949376
63.641810 -39.492778 66.257381
63.827248 -39.466951 66.094191
70.912957 -42.409876 56.327213
5
-95.507023 -21.276631 -20.632825
-97.011857 7.864884 -22.953065
-97.343163 8.372289 -21.312283
-99.144793 -9.733920 -8.692576
-95.622270 -21.792782 -19.530902
5
-99.748685 7.084078 -0.125182
-98.204344 12.789597 -13.868420
-95.016789 31.154617 -1.095250
-98.735434 11.838382 10.543566
-99.041274 10.119777 9.402987
4
-73.648366 -23.737284 -63.343978
-82.097077 -15.178022 -55.042689
-81.561899 -28.635555 -50.275855
-67.280277 -48.027330 -56.273793
5
52.454090 81.411604 -24.914236
38.006174 89.521817 -23.267466
29.820484 89.068728 -34.314726
41.110780 79.743944 -44.167942
52.916109 80.803825 -25.896472
6
-82.773838 5.407513 -55.850251
-89.137588 18.893440 -41.201073
-96.863510 7.866469 -23.570725
-90.790019 -12.084849 -40.138870
-83.712144 -9.396213 -53.888664
-82.980440 -5.912583 -55.491332
8
66.418120 51.851830 -53.851844
67.539576 49.596392 -54.576585
82.441530 43.946363 -35.666670
82.634771 43.986456 -35.166551
83.165718 48.456239 -27.119297
68.843735 65.854116 -30.393677
64.408363 67.913029 -35.204874
63.433340 67.049003 -38.479117
6
-15.113232 85.831110 49.036831
-13.050903 71.081128 69.116909
-14.169460 69.734348 70.259142
-32.234322 69.583260 64.180359
-39.711762 73.025572 55.589944
-39.439553 73.615934 55.001963
6
-39.516320 -91.772825 4.026030
-40.088404 -91.272053 -7.895076
-45.901172 -88.051619 -11.831942
-61.990996 -78.248067 -5.861437
-62.106364 -78.176769 -5.585013
-56.144607 -82.364271 7.994366
6
76.427900 -38.951324 51.396211
76.318238 -38.868487 51.621383
77.384014 -32.199997 54.542410
83.701647 -22.872941 49.707774
86.132942 -22.226725 45.684669
85.722078 -33.294601 39.283521
8
-0.839742 99.829437 -5.777395
-1.138792 99.821268 -5.866650
-6.397766 95.228759 -29.842118
-4.655510 93.911545 -34.043325
1.430314 93.908104 -34.339804
9.434206 95.134926 -29.331581
6.910763 99.499980 -7.210782
5.368170 99.699873 -5.578355
7
85.722078 -33.294601 39.283521
86.132942 -22.226725 45.684669
89.424104 -14.973902 42.179521
92.547884 -14.752391 34.889197
93.076222 -17.124074 32.304534
89.907959 -32.312574 29.537375
87.638335 -36.020682 31.969246
6
-52.816501 61.333728 -58.724705
-55.327318 52.746355 -64.472551
-35.289317 42.559862 -83.326600
-34.805036 42.723815 -83.446301
-27.837929 61.042607 -74.154230
-44.997586 68.748600 -56.998660
6
78.315281 17.978324 -59.527276
74.765983 6.546306 -66.084746
84.804085 -11.103124 -51.816867
90.789101 -2.434521 -41.849878
88.106141 15.092434 -44.827740
87.843469 15.455815 -45.217726
5
-51.446317 -10.953528 -85.048790
-57.400592 -0.406663 -81.884105
-62.334328 -3.620764 -78.110957
-62.954907 -14.160304 -76.394800
-60.577687 -17.949776 -77.512253
4
27.946371 21.746021 -93.520644
18.794945 32.485160 -92.690153
10.204450 27.324076 -95.651785
17.105272 15.774181 -97.255256
8
-60.578281 -26.772997 -74.923151
-73.648366 -23.737284 -63.343978
-67.280277 -48.027330 -56.273793
-62.159525 -55.023474 -55.754918
-61.255403 -54.635042 -57.120817
-59.504457 -52.938642 -60.470818
-55.210880 -45.080346 -70.139298
-59.567564 -28.533454 -75.083602
7
4.911293 78.943358 61.186807
3.971061 81.779977 57.413117
27.461233 90.191001 33.338626
28.892988 89.751664 33.314172
29.832567 88.431092 35.916012
21.242153 75.440268 62.109072
16.441027 73.193042 66.124664
5
46.099949 57.760744 -67.368325
39.144432 53.293009 -75.017122
46.654953 43.818277 -76.832767
51.841926 42.956491 -73.940210
53.208154 46.068967 -71.039022
6
16.128553 9.625259 -98.220284
0.252351 13.025832 -99.147688
-1.733453 10.701414 -99.410638
-2.153893 8.771737 -99.591251
6.738558 -5.218532 -99.636132
18.020265 5.562582 -98.205538
6
-87.677483 -41.605229 24.117710
-90.949757 -41.053975 6.535505
-96.590360 -25.887607 0.366342
-98.451776 -15.476195 8.230144
-97.190039 -13.887761 19.005958
-90.838740 -30.627578 28.465325
6
-28.827365 88.356263 -36.907368
-25.819899 90.341842 -34.229874
-34.856200 91.751191 -19.151092
-36.861141 90.977987 -19.085652
-39.819515 89.423502 -20.441220
-39.627386 85.603664 -33.191612
5
6.738558 -5.218532 -99.636132
-2.153893 8.771737 -99.591251
-11.771394 0.790572 -99.301608
-0.632651 -21.081408 -97.750570
3.254159 -18.325965 -98.252580
6
59.310254 80.459880 -2.915725
59.261023 80.506330 -2.619541
54.797409 83.646866 -0.667670
36.224287 91.866145 -15.761106
38.006174 89.521817 -23.267466
52.454090 81.411604 -24.914236
5
-75.676341 7.222245 64.968690
-82.874896 -13.564940 54.293131
-83.623710 -13.694920 53.099193
-87.872610 7.495959 47.140376
-84.715857 13.432921 51.407979
4
-90.949757 -41.053975 6.535505
-88.552930 -46.228528 -4.615381
-95.718477 -25.984131 -12.759233
-96.590360 -25.887607 0.366342
6
97.747467 -20.351887 -5.588677
97.148667 -23.238512 -4.701925
95.572090 -25.545652 14.608056
96.941974 -16.422050 18.236499
98.298335 -9.553055 15.690010
99.061304 -13.667079 0.262751
7
31.929799 -49.640582 -80.723606
49.734844 -36.149228 -78.864939
49.380041 -32.705841 -80.572573
35.509798 -14.700903 -92.319758
33.067330 -16.631954 -92.897415
31.087693 -22.923526 -92.239185
31.285648 -49.334256 -81.162426
5
89.907959 -32.312574 29.537375
93.076222 -17.124074 32.304534
96.941974 -16.422050 18.236499
95.572090 -25.545652 14.608056
94.582558 -28.284433 15.941471
4
-58.833408 -75.886505 27.926125
-57.795800 -80.488333 13.463797
-70.054709 -68.975101 18.296808
-64.155794 -71.244356 28.430191
7
-82.980440 -5.912583 -55.491332
-72.860959 -7.193963 -68.114077
-66.082424 0.351818 -75.053244
-65.747843 9.349675 -74.764997
-66.474056 9.869946 -74.052576
-79.476730 9.843425 -59.887865
-82.773838 5.407513 -55.850251
6
84.266206 -30.616830 -44.292394
75.476915 -42.760615 -49.747011
83.560786 -44.711716 -31.913282
88.074103 -39.354712 -26.346899
88.652324 -37.964609 -26.447190
89.938813 -32.014453 -29.767176
5
32.620833 -92.737220 18.321826
39.444680 -86.314342 31.526998
53.519081 -79.408047 28.810935
56.074294 -78.341938 26.799521
42.354959 -89.625408 13.166008
5
13.277592 -4.381334 99.017723
21.230256 2.436049 97.690030
27.995370 0.956935 95.996581
23.333268 -25.541575 93.825298
9.888100 -17.714713 97.920449
8
-4.934538 -39.224335 91.853698
25.256196 -34.979429 90.213991
27.142268 -38.127520 88.371882
28.655573 -49.680821 81.918705
27.418640 -51.108146 81.462726
5.188606 -54.156847 83.905389
4.191737 -53.815140 84.180520
-1.088350 -49.105194 87.106230
7
83.726103 54.624275 2.475520
80.909287 58.721451 -2.340585
80.558562 58.967511 -5.757669
83.800663 48.165140 -25.643091
94.378825 31.168414 -11.007600
94.942082 30.383593 -7.927060
86.683017 49.679679 4.240758
6
-55.327318 52.746355 -64.472551
-62.437284 41.524223 -66.161352
-60.854229 38.319012 -69.486805
-48.351384 35.014031 -80.225690
-40.259541 38.296137 -83.141898
-35.289317 42.559862 -83.326600
6
-56.872945 2.359920 -82.218604
-61.881623 9.868686 -77.931212
-65.747843 9.349675 -74.764997
-66.082424 0.351818 -75.053244
-62.334328 -3.620764 -78.110957
-57.400592 -0.406663 -81.884105
7
-24.684719 -42.686554 -86.997257
-43.755977 -44.222563 -78.292908
-45.039063 -45.287642 -76.944865
-27.659502 -60.137284 -74.956381
-23.803209 -60.219300 -76.203958
-16.651849 -56.492380 -80.816625
-16.444039 -55.442718 -81.582465
6
45.967921 -10.115596 -88.230522
57.571884 4.271151 -81.653141
49.617417 13.004423 -85.842862
40.540788 14.293934 -90.289135
35.460965 -13.535703 -92.516510
35.655404 -14.336423 -92.320957
5
1.997984 -93.578001 35.201787
19.355818 -92.329356 33.175929
22.298403 -93.229200 28.479773
14.151927 -96.561762 21.807088
-2.174118 -94.934658 31.347790
6
58.127921 12.811542 80.355518
41.951137 6.079289 90.571212
39.884802 6.237223 91.489341
36.570253 25.601666 89.482799
40.345892 29.382179 86.653889
50.268720 26.623409 82.245060
4
-94.065967 21.607574 26.166898
-95.450184 13.352362 26.664149
-98.364400 12.859333 12.612788
-93.403977 31.535046 16.770150
7
-24.909039 -34.063423 90.659931
-26.097157 -35.696962 89.692058
-44.685816 -39.783104 80.127913
-53.658910 -31.294692 78.366853
-55.856623 -24.866943 79.130732
-53.826809 -20.258024 81.806400
-31.778062 -25.741590 91.255276
6
-63.945646 2.354525 76.846670
-70.412394 8.186351 70.534235
-69.577204 26.280564 66.845678
-58.624376 28.392924 75.875058
-53.688047 22.515339 81.305923
-57.232267 2.266513 81.971523
4
21.242153 75.440268 62.109072
29.832567 88.431092 35.916012
41.999294 76.965923 48.086444
36.914322 70.950253 60.028281
8
35.460965 -13.535703 -92.516510
21.962630 4.000397 -97.476355
18.020265 5.562582 -98.205538
6.738558 -5.218532 -99.636132
3.254159 -18.325965 -98.252580
33.067330 -16.631954 -92.897415
35.509798 -14.700903 -92.319758
35.655404 -14.336423 -92.320957
6
29.820484 89.068728 -34.314726
25.304205 89.956986 -35.601093
20.424831 87.626829 -43.639031
27.621408 76.189893 -58.584623
41.820274 77.864878 -46.777403
41.110780 79.743944 -44.167942
5
67.300524 -12.312351 -72.931787
65.403072 -15.636587 -74.013075
66.281230 -36.507989 -65.375571
69.940876 -39.409007 -59.625531
80.780872 -18.438655 -55.986308
5
-95.497260 -22.981632 -18.764803
-95.718477 -25.984131 -12.759233
-88.552930 -46.228528 -4.615381
-87.772775 -47.544474 -5.955074
-88.465794 -40.769294 -22.620078
5
17.244292 67.434464 71.799912
22.731914 57.438839 78.638667
2.261804 51.368915 85.767819
-11.254000 57.711780 80.886946
-11.381017 64.418516 75.635489
6
77.924587 18.954036 -59.736950
78.315281 17.978324 -59.527276
87.843469 15.455815 -45.217726
86.833679 23.421082 -43.719162
82.048478 34.001380 -45.955994
75.262689 33.334350 -56.783350
6
60.048638 -64.279302 -47.563982
71.986752 -47.615545 -50.504132
73.215036 -43.324988 -52.559527
69.957034 -39.601600 -59.478792
56.357196 -55.090845 -61.553759
52.048347 -67.694636 -52.042346
5
66.418120 51.851830 -53.851844
63.433340 67.049003 -38.479117
48.368059 72.760088 -48.646690
47.227924 63.738337 -60.884707
47.922507 62.070363 -62.054036
5
81.065499 29.812876 50.394219
78.124494 13.614118 60.919777
67.781190 21.201868 70.400220
67.720445 22.512961 70.050753
79.298337 30.664505 52.644675
6
-70.412394 8.186351 70.534235
-63.945646 2.354525 76.846670
-70.810355 -12.440119 69.506381
-77.854516 -16.183707 60.636309
-82.874896 -13.564940 54.293131
-75.676341 7.222245 64.968690
9
-89.137588 18.893440 -41.201073
-88.041640 25.471578 -39.998353
-90.070626 32.410460 -28.928265
-91.805630 31.703810 -23.803252
-93.272696 29.316253 -20.994320
-97.912253 12.303649 -16.180570
-97.343163 8.372289 -21.312283
-97.011857 7.864884 -22.953065
-96.863510 7.866469 -23.570725
7
42.347088 -88.002597 -21.500395
43.443314 -87.260028 -22.324114
40.746031 -76.406229 -50.018488
40.554961 -76.468536 -50.078520
31.422856 -82.009484 -47.823097
25.192258 -89.672995 -36.388241
35.630890 -90.651066 -22.645614
5
4.385594 -99.619274 7.534375
6.938921 -99.246305 10.100613
11.148451 -98.783273 10.843298
18.984800 -98.100269 -3.989312
7.658822 -99.670001 -2.689501
6
76.508409 -46.702801 44.331837
76.427900 -38.951324 51.396211
85.722078 -33.294601 39.283521
87.638335 -36.020682 31.969246
87.364416 -36.943559 31.664370
78.602443 -47.987404 38.972619
7
40.952500 43.722233 80.070339
40.345892 29.382179 86.653889
36.570253 25.601666 89.482799
27.566386 27.837687 92.006291
22.076970 31.137046 92.428847
20.126702 33.967069 91.875754
24.572225 55.710452 79.325603
4
3.511871 -82.104460 56.978280
4.507783 -81.944584 57.138122
19.325684 -87.137548 45.095074
3.136678 -92.561840 37.715608
8
80.780872 -18.438655 -55.986308
69.940876 -39.409007 -59.625531
69.957034 -39.601600 -59.478792
73.215036 -43.324988 -52.559527
75.476915 -42.760615 -49.747011
84.266206 -30.616830 -44.292394
83.874572 -16.790845 -51.798878
83.436267 -15.662852 -52.849450
6
66.281230 -36.507989 -65.375571
65.403072 -15.636587 -74.013075
60.964936 -17.426250 -77.327889
49.380041 -32.705841 -80.572573
49.734844 -36.149228 -78.864939
52.408039 -37.499211 -76.467029
6
-70.561448 28.532510 64.861220
-70.113809 30.234168 64.575141
-59.525642 43.401900 67.623761
-54.431980 41.782929 72.741642
-58.624376 28.392924 75.875058
-69.577204 26.280564 66.845678
6
60.184674 28.722149 -74.517401
69.017926 43.329980 -57.957215
67.609828 47.458698 -56.361185
53.208154 46.068967 -71.039022
51.841926 42.956491 -73.940210
57.109041 29.938778 -76.434462
7
47.922507 62.070363 -62.054036
46.294352 59.911558 -65.325632
46.099949 57.760744 -67.368325
53.208154 46.068967 -71.039022
67.609828 47.458698 -56.361185
67.539576 49.596392 -54.576585
66.418120 51.851830 -53.851844
8
-46.502940 -75.648774 45.986297
-44.457719 -79.177070 41.886786
-49.887386 -80.215292 32.813955
-58.833408 -75.886505 27.926125
-64.155794 -71.244356 28.430191
-65.398886 -66.058440 36.868254
-63.741349 -63.866647 43.105590
-60.461028 -64.307005 47.000779
6
-92.958520 36.853750 0.717359
-94.230950 33.463901 -0.833919
-93.272696 29.316253 -20.994320
-91.805630 31.703810 -23.803252
-89.458650 42.570970 -13.596413
-89.480209 42.627041 -13.275075
7
-25.359064 91.450761 31.522629
-17.291600 91.847806 35.566572
-14.312037 86.485994 48.117964
-15.113232 85.831110 49.036831
-39.439553 73.615934 55.001963
-39.445692 73.660767 54.937499
-29.179058 89.836218 32.833466
6
92.037807 16.029480 35.666480
93.107057 8.901164 35.381425
87.344657 -6.051960 48.314435
80.010826 -2.799495 59.920202
81.195107 4.361557 58.209376
89.196119 19.518971 40.780659
7
-16.444039 -55.442718 -81.582465
-16.651849 -56.492380 -80.816625
-4.615864 -65.146247 -75.727540
7.734710 -64.173905 -76.301272
13.919039 -47.664919 -86.800437
10.131260 -43.893271 -89.278992
4.369460 -40.953937 -91.124546
7
-56.232494 1.510521 82.677838
-39.230504 9.942422 91.444605
-31.896648 9.059059 94.342659
-27.329947 3.135018 96.141800
-26.573671 -0.145323 96.404455
-34.990380 -12.065050 92.898374
-55.368107 -0.585064 83.270826
8
-18.237438 -84.598439 50.104889
-4.022565 -80.756925 58.839935
3.511871 -82.104460 56.978280
3.136678 -92.561840 37.715608
1.997984 -93.578001 35.201787
-2.174118 -94.934658 31.347790
-4.434832 -95.140036 30.474675
-21.325113 -88.006955 42.426588
7
-27.659502 -60.137284 -74.956381
-32.407859 -62.919479 -70.646088
-34.378424 -67.539594 -65.242066
-24.348360 -78.059882 -57.565720
-23.312108 -77.990441 -58.086459
-19.751492 -74.043832 -64.244762
-23.803209 -60.219300 -76.203958
6
5.772615 40.719059 -91.151715
-5.105324 50.088306 -86.400795
-6.435530 49.890811 -86.426217
-9.265282 46.349970 -88.123974
-1.402470 33.172639 -94.327139
3.414877 31.563657 -94.826548
5
-65.398886 -66.058440 36.868254
-80.694438 -54.960960 21.626384
-85.070040 -45.901009 25.616121
-78.185598 -49.030846 38.509589
-63.741349 -63.866647 43.105590
6
-93.403977 31.535046 16.770150
-92.350359 35.000623 15.696104
-88.879769 39.339528 23.511451
-87.976237 37.763210 28.881166
-88.418880 31.404455 34.581235
-94.065967 21.607574 26.166898
5
8.158603 -65.690849 74.954316
24.965511 -63.422328 73.173299
27.171564 -72.742636 63.009642
14.195666 -76.794551 62.458626
6.258785 -67.915638 73.132029
6
-28.309237 -73.313721 61.835956
-27.040782 -72.604700 63.224628
-13.138465 -71.549134 68.615612
-7.407743 -72.998074 67.944143
-4.022565 -80.756925 58.839935
-18.237438 -84.598439 50.104889
5
-46.689497 27.514558 84.041894
-46.883198 44.186372 76.482222
-27.817486 45.340842 84.678188
-32.245326 31.427502 89.289143
-40.783550 26.838001 87.272125
7
92.198294 16.242636 35.151833
97.057216 15.558759 18.379932
99.085454 0.514380 13.483625
98.493597 -3.694645 16.892629
95.419704 -0.193549 29.917262
93.107057 8.901164 35.381425
92.037807 16.029480 35.666480
5
-90.070626 32.410460 -28.928265
-84.706938 45.331974 -27.744313
-85.075619 46.435871 -24.614000
-89.458650 42.570970 -13.596413
-91.805630 31.703810 -23.803252
6
-71.659743 43.575216 54.461747
-70.113809 30.234168 64.575141
-70.561448 28.532510 64.861220
-83.155756 25.084036 49.557152
-83.655700 27.447833 47.416667
-76.715070 43.247734 47.375431
4
65.272515 50.777479 56.224074
70.226855 40.993356 58.204240
65.457142 33.953975 67.546208
55.771932 43.690026 70.573885
5
82.441530 43.946363 -35.666670
82.048478 34.001380 -45.955994
86.833679 23.421082 -43.719162
87.083091 34.174571 -35.336015
82.634771 43.986456 -35.166551
5
-21.286542 84.080573 -49.772888
-11.600645 82.597878 -55.163536
-4.852316 85.215528 -52.103444
-8.535838 91.835376 -38.644575
-14.422876 90.967005 -38.948487
7
-12.222350 -97.372432 -19.215191
-13.338433 -98.270311 -12.846482
-6.768210 -99.624849 -5.392663
2.542160 -99.697105 -7.350153
10.804187 -97.075760 -21.437497
9.605544 -96.700158 -23.596886
-1.261322 -96.873220 -24.778788
5
-44.685816 -39.783104 80.127913
-26.097157 -35.696962 89.692058
-26.377738 -52.763708 80.747793
-42.833837 -54.037288 72.423987
-46.985559 -45.952462 75.370608
6
-11.908810 -97.562776 18.430544
-4.862389 -95.581034 28.993501
6.938921 -99.246305 10.100613
4.385594 -99.619274 7.534375
-6.464626 -99.677254 4.759577
-11.857751 -98.728463 10.586988
4
-2.751776 -21.690621 97.580452
-12.387451 -31.047406 94.247597
-19.505503 -4.124481 97.992469
-5.323309 -0.021419 99.858209
6
-98.451776 -15.476195 8.230144
-99.621303 -8.429546 -2.130447
-99.748685 7.084078 -0.125182
-99.041274 10.119777 9.402987
-97.238354 -13.190175 19.254136
-97.190039 -13.887761 19.005958
7
26.332492 65.138419 -71.158881
46.294352 59.911558 -65.325632
47.922507 62.070363 -62.054036
47.227924 63.738337 -60.884707
26.571821 74.616398 -61.043685
22.604038 72.543139 -65.011926
24.830319 66.490351 -70.444933
6
52.422505 85.138480 1.822142
36.356362 93.050772 4.446210
33.404068 94.255168 -0.362711
32.220858 93.950184 -11.626657
36.224287 91.866145 -15.761106
54.797409 83.646866 -0.667670
4
68.255786 -63.592287 -36.016228
71.631414 -60.143001 -35.380220
71.986752 -47.615545 -50.504132
60.048638 -64.279302 -47.563982
5
-28.710047 11.483495 -95.099225
-15.522512 16.048173 -97.475678
-9.778723 23.724632 -96.651531
-11.454289 29.389139 -94.895088
-24.267800 36.488548 -89.886927
8
80.010826 -2.799495 59.920202
87.344657 -6.051960 48.314435
89.424104 -14.973902 42.179521
86.132942 -22.226725 45.684669
83.701647 -22.872941 49.707774
76.581573 -11.712898 63.230299
76.410974 -7.781273 64.037604
77.066866 -5.866946 63.452952
6
29.871931 -83.370305 46.444159
34.686713 -86.647621 35.902949
22.780992 -93.162094 28.316968
22.298403 -93.229200 28.479773
19.355818 -92.329356 33.175929
21.776544 -86.941423 44.350548
6
26.694549 -95.639657 11.851459
15.107190 -97.787301 14.471233
14.151927 -96.561762 21.807088
22.298403 -93.229200 28.479773
22.780992 -93.162094 28.316968
31.348282 -93.222420 18.079423
5
-9.471969 -24.162190 -96.573653
-29.245284 5.563041 -95.466046
-30.373345 6.230386 -95.071774
-28.789930 -17.922643 -94.074007
-21.295282 -27.465695 -93.766447
6
78.602443 -47.987404 38.972619
74.209372 -60.483428 28.891592
66.405057 -68.168772 30.714605
62.536772 -61.693560 47.781343
62.879013 -60.995486 48.226346
76.508409 -46.702801 44.331837
5
58.845528 76.076171 27.379188
61.217684 74.721545 25.866695
71.093510 65.019689 26.798375
57.652377 63.252462 51.723587
54.410275 68.453336 48.514562
5
-61.998352 25.763587 -74.111011
-55.530074 21.751538 -80.270053
-54.401037 22.527685 -80.827165
-48.351384 35.014031 -80.225690
-60.854229 38.319012 -69.486805
4
-4.985544 33.969208 93.921442
2.251496 49.768027 86.706829
14.278702 35.229775 92.493144
-0.903495 29.664393 95.494542
7
22.604038 72.543139 -65.011926
26.571821 74.616398 -61.043685
27.621408 76.189893 -58.584623
20.424831 87.626829 -43.639031
10.480166 87.556154 -47.160216
4.302438 83.958352 -54.152416
9.540268 75.520141 -64.851304
7
-38.469360 -70.000346 60.166934
-28.309237 -73.313721 61.835956
-18.237438 -84.598439 50.104889
-21.325113 -88.006955 42.426588
-29.697430 -87.371744 38.525847
-44.457719 -79.177070 41.886786
-46.502940 -75.648774 45.986297
6
-80.694438 -54.960960 21.626384
-65.398886 -66.058440 36.868254
-64.155794 -71.244356 28.430191
-70.054709 -68.975101 18.296808
-72.557483 -66.851910 16.316672
-78.578087 -59.177680 17.985729
7
18.794945 32.485160 -92.690153
27.946371 21.746021 -93.520644
36.117467 19.529117 -91.181918
38.805846 31.969277 -86.441145
36.215233 37.146035 -85.490520
27.278827 43.829506 -85.643681
23.228515 43.608333 -86.941069
5
-89.480209 42.627041 -13.275075
-89.458650 42.570970 -13.596413
-85.075619 46.435871 -24.614000
-78.199872 60.724654 -14.046225
-79.283492 59.903935 -11.209215
8
36.209605 2.218285 93.187680
39.884802 6.237223 91.489341
41.951137 6.079289 90.571212
53.561692 -4.416226 84.330553
53.328180 -19.039805 82.423243
52.722180 -20.689626 82.415478
52.372401 -20.982650 82.564278
40.942040 -16.044222 89.812762
7
14.008941 -83.892839 -52.590314
9.511079 -89.303647 -43.981792
10.270300 -90.910445 -40.370928
14.518784 -92.684301 -34.624057
25.192258 -89.672995 -36.388241
31.422856 -82.009484 -47.823097
18.799710 -82.329967 -53.556955
6
26.694549 -95.639657 11.851459
28.259064 -95.923750 -0.243676
22.415672 -97.252927 -6.277409
18.984800 -98.100269 -3.989312
11.148451 -98.783273 10.843298
15.107190 -97.787301 14.471233
7
-20.549967 22.869880 95.156016
-10.850877 34.392662 93.270592
-4.985544 33.969208 93.921442
-0.903495 29.664393 95.494542
0.096792 23.215131 97.267920
-4.969707 12.734796 99.061229
-10.219306 13.799810 98.514623
7
-74.046082 -42.941529 51.703025
-78.185598 -49.030846 38.509589
-85.070040 -45.901009 25.616121
-87.677483 -41.605229 24.117710
-90.838740 -30.627578 28.465325
-86.398608 -23.595756 44.480568
-75.687587 -37.586212 53.466493
9
-35.289317 42.559862 -83.326600
-40.259541 38.296137 -83.141898
-43.037900 19.819872 -88.061977
-35.235780 6.961878 -93.327231
-31.266100 7.283327 -94.706833
-28.710047 11.483495 -95.099225
-24.267800 36.488548 -89.886927
-24.323276 36.697855 -89.786668
-34.805036 42.723815 -83.446301
8
-93.403977 31.535046 16.770150
-98.364400 12.859333 12.612788
-98.735434 11.838382 10.543566
-95.016789 31.154617 -1.095250
-94.230950 33.463901 -0.833919
-92.958520 36.853750 0.717359
-92.727337 37.405318 1.575818
-92.350359 35.000623 15.696104
6
18.121187 8.074723 98.012354
21.230256 2.436049 97.690030
13.277592 -4.381334 99.017723
-4.165172 1.730525 99.898231
-4.227145 11.123980 99.289417
17.027707 8.976071 98.129951
5
20.482249 45.238611 -86.798304
10.965967 55.519511 -82.445931
7.805929 56.330415 -82.255406
-5.105324 50.088306 -86.400795
5.772615 40.719059 -91.151715
8
-83.721760 -41.385328 -35.748028
-84.657665 -37.736434 -37.537199
-92.966108 -19.718835 -31.120255
-95.507023 -21.276631 -20.632825
-95.622270 -21.792782 -19.530902
-95.497260 -22.981632 -18.764803
-88.465794 -40.769294 -22.620078
-84.636981 -43.735381 -30.394043
6
56.951057 -78.954350 -22.864553
43.443314 -87.260028 -22.324114
42.347088 -88.002597 -21.500395
44.613064 -89.487746 -1.271927
61.226067 -79.053611 1.376721
64.994348 -75.890569 -4.044287
6
-46.502940 -75.648774 45.986297
-60.461028 -64.307005 47.000779
-60.360661 -54.394794 58.290626
-43.940828 -60.681920 66.233740
-41.127507 -63.957622 64.945752
-38.469360 -70.000346 60.166934
5
-45.039063 -45.287642 -76.944865
-55.210880 -45.080346 -70.139298
-59.504457 -52.938642 -60.470818
-32.407859 -62.919479 -70.646088
-27.659502 -60.137284 -74.956381
6
89.563559 -44.469173 0.928161
89.576211 -43.584958 8.743789
94.582558 -28.284433 15.941471
95.572090 -25.545652 14.608056
97.148667 -23.238512 -4.701925
96.779599 -24.651202 -5.101709
7
-62.456093 -56.362081 -54.060635
-70.210224 -60.430618 -37.665168
-64.030382 -73.535099 -22.196832
-63.062353 -74.490479 -21.778617
-56.093734 -77.079282 -30.203928
-54.151489 -75.710559 -36.544868
-59.704905 -61.680434 -51.291796
7
-21.295282 -27.465695 -93.766447
-24.230027 -30.698080 -92.035502
-24.684719 -42.686554 -86.997257
-16.444039 -55.442718 -81.582465
4.369460 -40.953937 -91.124546
-2.556105 -23.862547 -97.077521
-9.471969 -24.162190 -96.573653
6
-17.291600 91.847806 35.566572
-2.575886 96.092030 27.562414
12.126414 94.818810 29.365684
12.155615 94.809054 29.385105
-3.029343 86.074448 50.813506
-14.312037 86.485994 48.117964
4
-43.037900 19.819872 -88.061977
-40.259541 38.296137 -83.141898
-48.351384 35.014031 -80.225690
-54.401037 22.527685 -80.827165
6
-44.479427 70.145116 -55.688807
-43.418314 71.749385 -54.469035
-46.433778 79.948830 -38.106284
-46.504803 79.944308 -38.029080
-61.917978 72.551208 -30.041409
-65.845703 69.005617 -30.042774
4
-81.730580 56.519071 11.211908
-75.433763 64.925527 9.717167
-72.514950 67.054715 15.660370
-78.204508 58.035706 22.713688
7
80.909287 58.721451 -2.340585
69.927080 71.399822 3.502701
62.957892 77.676157 1.648785
59.261023 80.506330 -2.619541
59.310254 80.459880 -2.915725
70.623414 68.577105 -17.593013
80.558562 58.967511 -5.757669
5
-32.407859 -62.919479 -70.646088
-59.504457 -52.938642 -60.470818
-61.255403 -54.635042 -57.120817
-38.731224 -68.451383 -61.760023
-34.378424 -67.539594 -65.242066
7
44.612533 -89.488018 -1.271434
44.613064 -89.487746 -1.271927
42.347088 -88.002597 -21.500395
35.630890 -90.651066 -22.645614
21.818136 -96.762780 -12.685951
22.415672 -97.252927 -6.277409
28.259064 -95.923750 -0.243676
7
87.392079 43.427668 21.832595
91.784227 34.291240 19.994163
92.198294 16.242636 35.151833
92.037807 16.029480 35.666480
89.196119 19.518971 40.780659
83.916111 29.640582 45.601780
80.816791 48.146844 33.919429
7
-26.377738 -52.763708 80.747793
-23.501706 -58.121931 77.907066
-23.720052 -58.923179 77.236119
-23.866928 -59.079054 77.071624
-41.127507 -63.957622 64.945752
-43.940828 -60.681920 66.233740
-42.833837 -54.037288 72.423987
6
56.220466 -47.139597 67.949376
47.788836 -49.961119 72.250354
46.660538 -49.295735 73.435173
51.154993 -28.616495 81.020139
62.972512 -36.089798 68.789456
63.641810 -39.492778 66.257381
7
-36.780644 6.003345 -92.796250
-35.235780 6.961878 -93.327231
-43.037900 19.819872 -88.061977
-54.401037 22.527685 -80.827165
-55.530074 21.751538 -80.270053
-56.784405 15.881176 -80.767070
-46.191154 6.976533 -88.417788
5
95.419704 -0.193549 29.917262
92.547884 -14.752391 34.889197
89.424104 -14.973902 42.179521
87.344657 -6.051960 48.314435
93.107057 8.901164 35.381425
6
96.961653 24.260000 -3.144869
99.346567 10.047596 -5.413448
99.906688 4.221119 0.914196
99.085454 0.514380 13.483625
97.057216 15.558759 18.379932
96.841187 24.353608 5.355953
6
-63.002398 77.323981 7.190256
-69.540786 71.833187 2.018000
-70.060014 71.355382 -0.062797
-64.958851 74.940850 -12.814709
-64.074158 75.766776 -12.405560
-60.214120 79.740157 -3.970787
4
-56.784405 15.881176 -80.767070
-61.881623 9.868686 -77.931212
-56.872945 2.359920 -82.218604
-46.191154 6.976533 -88.417788
6
-40.076251 91.508814 -4.475601
-36.861141 90.977987 -19.085652
-34.856200 91.751191 -19.151092
-30.226003 93.855418 -16.659810
-22.704333 97.366938 2.047610
-23.483149 97.153930 3.107358
7
-72.514950 67.054715 15.660370
-70.525909 68.840721 16.942589
-64.465978 68.202103 34.534198
-65.322851 65.996907 37.112443
-78.272471 55.878240 27.405158
-78.398181 55.835109 27.132376
-78.204508 58.035706 22.713688
7
23.228515 43.608333 -86.941069
27.278827 43.829506 -85.643681
32.450058 53.416660 -78.061862
26.332492 65.138419 -71.158881
24.830319 66.490351 -70.444933
10.965967 55.519511 -82.445931
20.482249 45.238611 -86.798304
6
86.683017 49.679679 4.240758
94.942082 30.383593 -7.927060
96.961653 24.260000 -3.144869
96.841187 24.353608 5.355953
91.784227 34.291240 19.994163
87.392079 43.427668 21.832595
7
5.368170 99.699873 -5.578355
6.910763 99.499980 -7.210782
19.933920 97.135724 -12.934062
32.220858 93.950184 -11.626657
33.404068 94.255168 -0.362711
19.047792 98.133036 2.662490
8.157263 99.654653 -1.552131
7
-59.567564 -28.533454 -75.083602
-42.992485 -25.386252 -86.644010
-43.393411 -15.902783 -88.679837
-45.847410 -10.665155 -88.228507
-51.446317 -10.953528 -85.048790
-60.577687 -17.949776 -77.512253
-60.578281 -26.772997 -74.923151
7
-68.552992 -72.763457 -2.442648
-72.557483 -66.851910 16.316672
-70.054709 -68.975101 18.296808
-57.795800 -80.488333 13.463797
-56.142964 -81.960870 11.418556
-56.144607 -82.364271 7.994366
-62.106364 -78.176769 -5.585013
6
-74.771786 22.666751 -62.413127
-64.811125 23.194950 -72.536283
-61.998352 25.763587 -74.111011
-60.854229 38.319012 -69.486805
-62.437284 41.524223 -66.161352
-72.370641 36.880609 -58.329333
4
-74.621557 -35.800909 56.124132
-73.810564 -25.975133 62.267914
-66.502346 -28.771641 68.917564
-65.219922 -35.880341 66.775466
7
21.506538 92.122820 -32.416891
25.304205 89.956986 -35.601093
29.820484 89.068728 -34.314726
38.006174 89.521817 -23.267466
36.224287 91.866145 -15.761106
32.220858 93.950184 -11.626657
19.933920 97.135724 -12.934062
6
-46.191154 6.976533 -88.417788
-56.872945 2.359920 -82.218604
-57.400592 -0.406663 -81.884105
-51.446317 -10.953528 -85.048790
-45.847410 -10.665155 -88.228507
-36.780644 6.003345 -92.796250
6
21.506538 92.122820 -32.416891
9.434206 95.134926 -29.331581
1.430314 93.908104 -34.339804
10.480166 87.556154 -47.160216
20.424831 87.626829 -43.639031
25.304205 89.956986 -35.601093
6
-39.133088 86.938956 30.169844
-47.870645 81.260393 33.243794
-54.155743 78.937015 28.915449
-49.422160 85.911121 13.293963
-44.407385 88.675723 12.829663
-44.008093 88.852195 12.983647
8
-10.219306 13.799810 98.514623
-4.969707 12.734796 99.061229
-4.227145 11.123980 99.289417
-4.165172 1.730525 99.898231
-5.323309 -0.021419 99.858209
-19.505503 -4.124481 97.992469
-26.573671 -0.145323 96.404455
-27.329947 3.135018 96.141800
6
52.916109 80.803825 -25.896472
64.408363 67.913029 -35.204874
68.843735 65.854116 -30.393677
70.623414 68.577105 -17.593013
59.310254 80.459880 -2.915725
52.454090 81.411604 -24.914236
5
-59.704905 -61.680434 -51.291796
-54.151489 -75.710559 -36.544868
-51.934980 -76.928295 -37.212837
-35.932697 -78.399711 -50.619429
-38.091646 -76.439239 -52.019893
6
-34.586591 -92.164509 17.591788
-32.570933 -92.289285 20.538310
-11.908810 -97.562776 18.430544
-11.857751 -98.728463 10.586988
-23.581412 -97.090013 4.176886
-34.681186 -93.212667 10.421805
4
-23.866928 -59.079054 77.071624
-23.720052 -58.923179 77.236119
-13.138465 -71.549134 68.615612
-27.040782 -72.604700 63.224628
4
-32.566190 -80.223066 -50.037017
-35.932697 -78.399711 -50.619429
-51.934980 -76.928295 -37.212837
-37.506734 -85.786573 -35.127039
6
-57.232267 2.266513 81.971523
-53.688047 22.515339 81.305923
-46.689497 27.514558 84.041894
-40.783550 26.838001 87.272125
-39.230504 9.942422 91.444605
-56.232494 1.510521 82.677838
7
45.967921 -10.115596 -88.230522
60.964936 -17.426250 -77.327889
65.403072 -15.636587 -74.013075
67.300524 -12.312351 -72.931787
67.339806 2.083203 -73.898652
64.272724 4.127785 -76.498225
57.571884 4.271151 -81.653141
6
-52.587011 84.964093 -3.963469
-49.830448 86.449108 -6.593793
-43.664424 89.907069 -3.183878
-44.407385 88.675723 12.829663
-49.422160 85.911121 13.293963
-52.077332 84.653507 11.033374
6
-65.219922 -35.880341 66.775466
-66.502346 -28.771641 68.917564
-64.026490 -24.787068 72.706325
-55.856623 -24.866943 79.130732
-53.658910 -31.294692 78.366853
-61.121634 -41.352408 67.484252
8
32.514120 -71.986735 -61.324888
40.554961 -76.468536 -50.078520
40.746031 -76.406229 -50.018488
47.222459 -72.399923 -50.282109
49.559986 -69.778748 -51.717832
38.847382 -56.929420 -72.456346
33.701832 -55.953260 -75.719345
31.264394 -60.045245 -73.600994
7
-95.622270 -21.792782 -19.530902
-99.144793 -9.733920 -8.692576
-99.621303 -8.429546 -2.130447
-98.451776 -15.476195 8.230144
-96.590360 -25.887607 0.366342
-95.718477 -25.984131 -12.759233
-95.497260 -22.981632 -18.764803
6
93.428396 23.782001 -26.562214
87.083091 34.174571 -35.336015
86.833679 23.421082 -43.719162
87.843469 15.455815 -45.217726
88.106141 15.092434 -44.827740
93.402579 19.948749 -29.631159
4
91.784227 34.291240 19.994163
96.841187 24.353608 5.355953
97.057216 15.558759 18.379932
92.198294 16.242636 35.151833
8
8.157263 99.654653 -1.552131
19.047792 98.133036 2.662490
30.674825 92.895661 20.723208
29.100127 89.767343 33.090886
28.892988 89.751664 33.314172
27.461233 90.191001 33.338626
12.155615 94.809054 29.385105
12.126414 94.818810 29.365684
6
-21.286542 84.080573 -49.772888
-14.422876 90.967005 -38.948487
-24.649086 90.738710 -34.042752
-25.819899 90.341842 -34.229874
-28.827365 88.356263 -36.907368
-29.346195 82.155439 -48.880310
4
-39.445692 73.660767 54.937499
-47.870645 81.260393 33.243794
-39.133088 86.938956 30.169844
-29.179058 89.836218 32.833466
4
-70.060014 71.355382 -0.062797
-69.540786 71.833187 2.018000
-75.385031 65.070067 9.109527
-79.367404 60.410078 -7.171996
7
57.571884 4.271151 -81.653141
64.272724 4.127785 -76.498225
60.522266 28.279473 -74.413216
60.184674 28.722149 -74.517401
57.109041 29.938778 -76.434462
54.731952 28.771872 -78.591302
49.617417 13.004423 -85.842862
6
-80.012534 46.444514 37.959209
-87.976237 37.763210 28.881166
-88.879769 39.339528 23.511451
-85.375075 47.179696 22.026640
-78.398181 55.835109 27.132376
-78.272471 55.878240 27.405158
6
-77.920028 60.996955 -14.416682
-78.199872 60.724654 -14.046225
-85.075619 46.435871 -24.614000
-84.706938 45.331974 -27.744313
-77.834342 50.167704 -37.749394
-77.512015 50.931652 -37.387891
7
36.570253 25.601666 89.482799
39.884802 6.237223 91.489341
36.209605 2.218285 93.187680
27.995370 0.956935 95.996581
21.230256 2.436049 97.690030
18.121187 8.074723 98.012354
27.566386 27.837687 92.006291
5
14.005963 -71.275409 -68.728808
1.012264 -79.825739 -60.223141
14.008941 -83.892839 -52.590314
18.799710 -82.329967 -53.556955
18.144236 -73.887950 -64.894973
4
-72.678130 37.086599 -57.814129
-74.074970 47.840753 -47.161014
-77.749569 49.512571 -38.775118
-86.835869 27.549089 -41.238083
5
-6.768210 -99.624849 -5.392663
-6.464626 -99.677254 4.759577
4.385594 -99.619274 7.534375
7.658822 -99.670001 -2.689501
2.542160 -99.697105 -7.350153
6
82.048478 34.001380 -45.955994
82.441530 43.946363 -35.666670
67.539576 49.596392 -54.576585
67.609828 47.458698 -56.361185
69.017926 43.329980 -57.957215
75.262689 33.334350 -56.783350
4
91.415268 -26.578956 -30.607316
83.874572 -16.790845 -51.798878
84.266206 -30.616830 -44.292394
89.938813 -32.014453 -29.767176
4
31.285648 -49.334256 -81.162426
31.087693 -22.923526 -92.239185
10.131260 -43.893271 -89.278992
13.919039 -47.664919 -86.800437
5
-76.788130 45.664573 44.925826
-80.012534 46.444514 37.959209
-78.272471 55.878240 27.405158
-65.322851 65.996907 37.112443
-64.336111 64.237175 41.646730
8
-26.097157 -35.696962 89.692058
-24.909039 -34.063423 90.659931
-12.854933 -31.927357 93.890333
-4.934538 -39.224335 91.853698
-1.088350 -49.105194 87.106230
-14.091548 -59.099610 79.427101
-23.501706 -58.121931 77.907066
-26.377738 -52.763708 80.747793
6
80.010826 -2.799495 59.920202
77.066866 -5.866946 63.452952
64.402354 12.207364 75.520309
67.781190 21.201868 70.400220
78.124494 13.614118 60.919777
81.195107 4.361557 58.209376
6
-11.454289 29.389139 -94.895088
-9.778723 23.724632 -96.651531
0.646714 20.120241 -97.952834
6.341945 27.655395 -95.890348
3.414877 31.563657 -94.826548
-1.402470 33.172639 -94.327139
5
12.171882 20.757470 97.061696
22.076970 31.137046 92.428847
27.566386 27.837687 92.006291
18.121187 8.074723 98.012354
17.027707 8.976071 98.129951
6
-0.839742 99.829437 -5.777395
5.368170 99.699873 -5.578355
8.157263 99.654653 -1.552131
12.126414 94.818810 29.365684
-2.575886 96.092030 27.562414
-5.714718 97.520517 21.379680
5
63.505993 -7.154592 76.914242
72.073232 -9.322745 68.691599
61.076485 -21.256621 76.274629
52.722180 -20.689626 82.415478
53.328180 -19.039805 82.423243
