400
6
8.387793 86.665318 -49.180968
9.635270 83.234402 -54.582011
21.379493 73.389890 -64.473571
26.523068 76.230678 -59.037366
22.810643 85.316833 -46.911752
10.145016 87.568096 -47.211304
5
-40.198553 25.380737 87.976670
-49.701534 35.120587 79.349240
-31.802598 50.235054 80.405436
-30.553897 50.215631 80.900246
-28.838177 32.958988 89.900304
6
94.484006 21.928201 24.329543
97.397225 17.736316 14.113956
97.760952 4.730814 20.504041
94.534875 3.961580 32.364536
92.912587 9.522691 35.729114
92.594646 20.587776 31.660306
6
74.047184 19.041830 -64.454816
75.782584 19.257327 -62.339036
72.962054 36.477739 -57.843870
69.670311 40.898249 -58.935397
68.577248 40.511411 -60.464756
66.577780 23.710315 -70.747581
7
93.294717 11.278827 -34.188944
85.698122 9.121450 -50.721110
82.859100 -5.919182 -55.671652
84.675373 -9.354608 -52.369577
95.527500 -1.622436 -29.527349
95.600302 -0.271252 -29.334430
93.682195 10.597760 -33.336674
6
90.144010 20.751196 -37.992701
89.677130 24.619777 -36.767907
85.032732 33.551410 -40.543030
82.921887 34.344201 -44.095765
81.699670 28.796917 -49.958997
82.999447 23.163292 -50.740061
5
70.389449 45.055464 -54.912027
80.194111 40.097776 -44.284003
80.323060 49.111406 -33.708691
69.700024 57.808434 -42.427486
68.692585 51.251308 -51.523123
6
75.740096 -49.123986 43.014786
84.904389 -31.894722 42.118539
91.368606 -27.764278 29.680342
84.866374 -48.243091 21.686464
79.397841 -55.691024 24.382221
76.768880 -54.812979 33.197536
6
-50.559371 48.223020 -71.542228
-56.571994 58.778906 -57.832947
-65.599617 56.753488 -49.756727
-68.904359 54.213981 -48.094008
-64.191997 37.976002 -66.612392
-58.410631 40.812219 -70.160964
6
-92.369371 37.670476 6.988167
-88.636516 45.845055 -6.465207
-83.471058 55.011913 -2.504368
-80.113337 59.331823 7.847801
-80.031199 59.101928 10.097978
-83.872219 50.974320 19.159058
8
-37.691049 -72.751737 -57.328611
-42.306335 -73.690427 -52.724709
-44.392182 -75.429070 -48.371371
-39.876297 -84.070973 -36.632670
-30.213262 -89.334039 -33.265420
-15.702008 -84.128139 -51.729132
-26.703462 -76.762160 -58.262302
-34.488149 -73.359815 -58.556853
6
-0.540708 -90.630939 -42.258024
10.559037 -92.038335 -37.649059
20.821002 -85.744132 -47.057728
10.790820 -79.622818 -59.529531
-3.368965 -84.488153 -53.389158
-4.561407 -85.507011 -51.650214
5
-99.803295 -2.920650 -5.547264
-99.303292 -5.359949 -10.494150
-98.399676 0.980235 -17.791652
-98.123086 14.036410 -13.222676
-99.602325 6.910183 -5.623715
4
48.902908 -73.639295 46.752110
39.731021 -65.706176 64.063597
40.346005 -61.597857 67.660209
62.640843 -54.747210 55.487546
5
-80.046800 50.346113 32.523511
-83.872219 50.974320 19.159058
-80.031199 59.101928 10.097978
-69.330434 70.060495 16.876553
-68.516173 69.007576 23.312840
6
-5.125348 -45.428148 -88.938261
-3.696506 -45.871286 -88.781535
8.228600 -43.334668 -89.746291
10.657611 -31.567734 -94.286232
7.216538 -28.868853 -95.469948
-2.883218 -29.716404 -95.439103
6
-8.684108 45.906612 88.414757
-24.902571 53.986548 80.407180
-20.964002 62.779869 74.961315
-5.133761 69.147147 72.057731
-4.424802 68.502946 72.717038
-3.374537 62.022258 78.369969
3
-23.477796 -93.433681 -26.813065
-4.878244 -97.943777 -19.575987
-0.549979 -90.636362 -42.246271
8
28.400615 -95.881998 0.218177
23.157404 -96.792578 -9.743274
1.798218 -99.210361 -12.412525
0.611873 -99.291775 -11.864612
-3.220108 -99.900959 -3.070704
-2.422712 -99.964064 -1.147335
13.210563 -98.784313 8.193928
25.258146 -96.626214 5.039928
5
54.533362 -83.664319 -5.137528
36.699935 -93.020138 0.607264
47.059339 -85.585648 21.459626
48.994832 -84.796225 20.226386
57.054780 -82.049262 -3.559597
5
43.249448 -23.507047 87.045413
37.710487 -17.883570 90.874073
37.718877 -17.371443 90.969881
49.726732 0.764417 86.756370
56.149045 -10.125398 82.126494
9
-30.213262 -89.334039 -33.265420
-39.876297 -84.070973 -36.632670
-52.608329 -82.561911 -20.393492
-50.908631 -84.646391 -15.598071
-39.230497 -91.769347 -6.273355
-38.769769 -91.974693 -6.128688
-36.222037 -92.936600 -7.124073
-27.771382 -94.128224 -19.199682
-25.490626 -92.980776 -26.548130
5
-22.852107 -18.197186 95.638087
-21.483674 -18.027390 95.986796
-9.478066 -24.729549 96.429330
-8.397586 -31.021601 94.694989
-29.673616 -40.047478 86.692999
5
-89.440839 -44.723939 -0.325147
-84.523610 -53.392517 2.235731
-77.282383 -61.047364 -17.339337
-77.421907 -60.172428 -19.624659
-86.497191 -46.756436 -18.222834
5
67.385844 -72.010002 16.544114
61.595148 -78.675802 -4.019444
57.054780 -82.049262 -3.559597
48.994832 -84.796225 20.226386
60.376406 -76.877885 21.082705
6
-50.559371 48.223020 -71.542228
-37.346886 50.935415 -77.529308
-33.562936 59.856282 -72.737575
-33.653759 66.582480 -66.589773
-48.049030 65.687660 -58.106988
-56.571994 58.778906 -57.832947
5
-72.078356 -44.463115 -53.176518
-75.576759 -28.544843 -58.935096
-87.660801 -25.336086 -40.910471
-83.740405 -39.656516 -37.615226
-74.002921 -52.560245 -41.964131
4
44.015644 -41.303918 79.728348
53.136034 -40.899411 74.187600
55.373495 -47.976590 68.058966
40.726619 -55.840645 72.271467
6
49.220573 37.591171 -78.512668
49.421524 37.433615 -78.461694
61.507426 42.475544 -66.427891
52.357926 59.121444 -61.345761
51.191375 59.962249 -61.513997
43.376436 48.175118 -76.142254
6
-54.219358 -1.328125 -84.014863
-65.247006 4.335240 -75.657345
-71.032462 2.726011 -70.334616
-61.758371 -21.029032 -75.787092
-50.808446 -9.284796 -85.628818
-50.197936 -7.860539 -86.130013
7
8.478270 -39.658844 91.407303
14.943403 -19.815141 96.871332
27.449832 -26.202053 92.520047
31.364857 -37.366508 87.292553
26.253983 -42.183811 86.782800
25.659335 -42.456292 86.827771
11.970452 -42.276195 89.830015
5
34.743310 90.462955 -24.685141
52.436917 74.718409 -40.835390
63.617432 74.275190 -20.881055
37.794662 90.709705 -18.528707
34.858268 91.075888 -22.137834
6
16.588209 -18.691380 -96.826978
12.019675 -15.922062 -97.989874
7.216538 -28.868853 -95.469948
10.657611 -31.567734 -94.286232
20.441406 -31.302487 -92.748602
21.268682 -29.899334 -93.025120
5
-35.808873 79.503533 -48.958278
-17.089308 87.674465 -44.957133
-17.011088 91.560957 -36.430950
-33.624631 88.598402 -31.932858
-39.302768 79.605436 -46.024634
6
-27.179282 -56.179125 -78.135731
-13.503937 -53.693367 -83.274642
-9.206603 -46.600502 -87.997907
-20.272334 -39.090611 -89.782830
-30.615949 -46.860153 -82.866095
-28.270088 -55.504263 -78.230933
6
-0.895610 -71.074004 -70.339774
-4.811659 -80.450954 -59.198750
-3.368965 -84.488153 -53.389158
10.790820 -79.622818 -59.529531
13.081703 -77.370746 -61.989005
2.033173 -70.536945 -70.854820
6
-20.272334 -39.090611 -89.782830
-22.410399 -34.591008 -91.111120
-36.312177 -30.497079 -88.041774
-38.531356 -31.978284 -86.560522
-36.870869 -41.512796 -83.169867
-30.615949 -46.860153 -82.866095
5
95.946335 -10.819955 -26.023632
89.415548 -24.898782 -37.214385
89.368722 -26.451492 -36.242931
91.859424 -35.601687 -17.157098
95.981482 -23.848526 -14.791988
7
43.083775 -37.342911 -82.154095
30.306435 -45.279998 -83.852500
26.911510 -51.456725 -81.412383
29.145033 -55.532932 -77.888770
42.339569 -58.503218 -69.171774
43.655752 -57.568218 -69.138091
52.081300 -40.181957 -75.318979
8
-66.725202 -28.994371 68.608118
-61.471906 -31.022563 72.517622
-43.216031 -45.911551 77.617680
-44.671942 -49.208008 74.719405
-54.868712 -57.158935 61.010495
-55.794004 -56.782647 60.520742
-57.801793 -55.145780 60.148945
-70.464365 -33.153633 62.734440
7
97.705495 21.291197 0.566758
97.397225 17.736316 14.113956
94.484006 21.928201 24.329543
90.980215 37.993957 16.705081
96.349435 26.691010 -2.091990
96.923188 24.463253 -2.728520
97.345786 22.789358 -2.107857
6
28.871247 25.503918 92.282183
43.941199 29.836521 84.728703
54.808366 20.721535 81.034937
54.921999 9.254621 83.053754
49.656659 1.064769 86.793332
40.685932 4.245300 91.250383
5
-53.578143 61.412129 57.947675
-41.599540 62.919102 65.655654
-43.355564 55.382398 71.085055
-49.279630 50.991636 70.507951
-59.195150 54.253687 59.602615
5
47.290975 19.379255 -85.953523
54.688851 4.716481 -83.587585
62.120215 11.002684 -77.588787
62.337060 22.668968 -74.834543
52.337302 30.962330 -79.386025
6
25.367854 -94.738464 -19.521668
23.157404 -96.792578 -9.743274
28.400615 -95.881998 0.218177
33.356829 -94.271913 -0.358307
39.303423 -90.545466 -16.023720
33.737112 -91.089418 -23.759737
7
-90.694486 -31.910266 27.499912
-95.255752 -22.996187 19.937829
-97.189081 -13.094042 19.566006
-96.843744 -8.171469 23.548172
-91.880556 -5.062764 39.145010
-89.894276 -9.720524 42.714525
-89.147401 -30.659651 33.357559
5
85.848913 -5.693217 50.966180
83.184731 -13.715193 53.779122
74.085707 1.994930 67.136639
81.857067 6.685897 57.050148
85.837394 -3.561287 51.178698
6
-34.509106 45.656641 -82.003614
-41.205512 30.865103 -85.728940
-38.106976 27.435897 -88.290033
-23.903793 24.397109 -93.986115
-21.013286 25.667565 -94.337786
-25.116895 43.626012 -86.405513
6
-5.349805 -97.351663 22.226859
-1.110798 -97.313766 22.995587
10.286308 -97.480476 19.792641
13.210563 -98.784313 8.193928
-2.422712 -99.964064 -1.147335
-7.074740 -98.345743 16.675220
6
24.131277 71.244807 65.892784
32.295008 67.039257 66.803970
30.250723 55.938496 77.173690
27.928270 55.579763 78.300075
12.540461 62.969257 76.665569
12.052412 63.769105 76.080488
6
57.275254 -38.722682 -72.250253
60.656264 -59.235069 -53.028523
61.077172 -59.060573 -52.739243
71.105169 -46.864059 -52.419604
69.927542 -33.253870 -63.279689
58.707269 -37.363169 -71.815389
8
84.391367 47.070445 -25.738501
84.298290 49.648618 -20.707801
81.780189 54.483040 -18.536425
75.926604 62.346845 -18.655342
70.939389 67.066559 -21.672094
69.576958 58.029145 -42.328068
69.700024 57.808434 -42.427486
80.323060 49.111406 -33.708691
6
12.746560 39.642036 -90.917733
22.323361 44.448027 -86.752755
26.504123 50.463699 -82.164144
15.762130 59.954056 -78.466977
14.282706 60.172263 -78.583097
8.467070 55.025515 -83.069257
4
39.272697 91.737409 -6.473261
38.109785 90.724573 -17.795956
58.270598 81.004733 -6.539925
49.745878 86.356485 8.240455
7
25.367854 -94.738464 -19.521668
33.737112 -91.089418 -23.759737
35.811593 -88.575140 -29.529211
35.547991 -87.334532 -33.301951
33.305139 -87.591684 -34.906513
13.230100 -93.195798 -33.756595
13.734425 -94.393366 -30.020960
4
-70.435910 41.735279 57.419065
-69.673788 25.927159 66.883075
-80.139990 23.094688 55.174428
-76.484834 39.836726 50.627122
4
83.696721 25.551203 48.394162
83.102599 35.632577 42.711562
88.157783 33.779435 32.972035
91.803782 22.507623 32.641577
7
30.250723 55.938496 77.173690
32.295008 67.039257 66.803970
38.977314 67.395953 62.757904
56.105482 50.985596 65.212298
54.250045 47.755709 69.110961
45.628346 44.748554 76.913074
37.448968 48.722557 78.890350
6
81.976177 18.926326 -54.052757
77.412210 18.390543 -60.573407
78.618541 -1.729180 -61.774873
81.186661 -5.388162 -58.135134
82.859100 -5.919182 -55.671652
85.698122 9.121450 -50.721110
6
84.904389 -31.894722 42.118539
84.943033 -20.961851 48.428112
94.069072 -11.466378 31.930108
94.900933 -15.560831 27.416665
92.874717 -24.934600 27.432694
91.368606 -27.764278 29.680342
7
82.859100 -5.919182 -55.671652
81.186661 -5.388162 -58.135134
72.171146 -15.871168 -67.375305
71.447361 -31.772867 -62.335860
80.265540 -28.410414 -52.443222
83.958946 -22.071384 -49.636170
84.675373 -9.354608 -52.369577
6
-12.400140 29.752055 94.662832
-8.433533 30.331446 94.915114
-7.996462 29.193217 95.309038
-8.594808 12.783983 98.806371
-15.706766 2.420708 98.729113
-29.193409 7.215735 95.371264
5
-50.122259 -63.711949 58.553793
-54.868712 -57.158935 61.010495
-44.671942 -49.208008 74.719405
-28.755728 -65.274176 70.088445
-38.933736 -69.841043 60.053251
7
-25.490626 -92.980776 -26.548130
-27.771382 -94.128224 -19.199682
-7.251448 -99.688152 -3.112684
-3.220108 -99.900959 -3.070704
0.611873 -99.291775 -11.864612
-4.878244 -97.943777 -19.575987
-23.477796 -93.433681 -26.813065
7
-13.503937 -53.693367 -83.274642
-8.590161 -62.730620 -77.402058
2.719289 -61.518971 -78.791000
3.542476 -55.002298 -83.439787
-3.696506 -45.871286 -88.781535
-5.125348 -45.428148 -88.938261
-9.206603 -46.600502 -87.997907
6
-66.090553 -65.149926 -37.249509
-44.392182 -75.429070 -48.371371
-42.306335 -73.690427 -52.724709
-57.344085 -56.083675 -59.718317
-71.848994 -56.369835 -40.745107
-70.639216 -59.901172 -37.708763
5
33.305139 -87.591684 -34.906513
26.460839 -84.094456 -47.201129
20.821002 -85.744132 -47.057728
10.559037 -92.038335 -37.649059
13.230100 -93.195798 -33.756595
6
52.436917 74.718409 -40.835390
34.743310 90.462955 -24.685141
34.477602 90.462194 -25.057663
27.062989 85.905295 -43.449682
47.011116 71.346293 -51.958266
52.527610 73.194520 -43.398300
9
-5.345177 79.058342 61.001702
-20.005579 89.387568 40.120313
-19.574079 90.194839 38.493460
-14.148993 91.989653 36.574714
3.751810 92.523366 37.753817
4.131055 92.349168 38.138766
9.927012 86.320507 49.499742
9.477788 83.296066 54.515475
-3.381789 78.508909 61.845895
7
75.087685 -49.070073 44.203705
75.287733 -31.759097 57.646484
82.348859 -17.464221 53.978388
82.553805 -17.316528 53.712262
84.943033 -20.961851 48.428112
84.904389 -31.894722 42.118539
75.740096 -49.123986 43.014786
5
-94.265183 -2.196514 -33.305413
-98.399676 0.980235 -17.791652
-99.303292 -5.359949 -10.494150
-98.310929 -13.020840 -12.861527
-93.802435 -4.281619 -34.391438
5
61.077172 -59.060573 -52.739243
74.189629 -58.394855 -32.953601
74.576227 -58.171417 -32.472645
77.967416 -43.856589 -44.695433
71.105169 -46.864059 -52.419604
4
-35.325955 89.366545 -27.671242
-28.239438 94.800577 -14.675989
-40.059926 91.505262 -4.689272
-47.511379 86.359211 -16.874698
8
-5.276810 39.897518 91.544215
-5.816098 33.852656 93.915764
-8.433533 30.331446 94.915114
-12.400140 29.752055 94.662832
-28.838177 32.958988 89.900304
-30.553897 50.215631 80.900246
-24.902571 53.986548 80.407180
-8.684108 45.906612 88.414757
5
-88.959871 36.583711 -27.345447
-87.668900 39.972670 -26.764709
-97.192534 23.370975 -2.721922
-98.085660 14.244667 -13.277525
-96.994806 16.295740 -18.068108
7
-99.602325 6.910183 -5.623715
-98.123086 14.036410 -13.222676
-98.085660 14.244667 -13.277525
-97.192534 23.370975 -2.721922
-96.630440 25.207396 5.210104
-98.510115 13.120529 11.117957
-99.073563 10.399424 8.733905
6
-3.374537 62.022258 78.369969
-4.424802 68.502946 72.717038
12.052412 63.769105 76.080488
12.540461 62.969257 76.665569
11.329640 50.635882 85.484774
9.540860 50.345251 85.873906
6
82.999447 23.163292 -50.740061
81.699670 28.796917 -49.958997
72.962054 36.477739 -57.843870
75.782584 19.257327 -62.339036
77.412210 18.390543 -60.573407
81.976177 18.926326 -54.052757
6
-33.269224 69.405627 63.843697
-36.865701 68.244619 63.115703
-46.820689 74.623056 47.320424
-40.663987 79.996538 44.124756
-29.586415 82.824007 47.590208
-25.827330 77.199139 58.079617
5
-10.131938 -67.158030 -73.397158
-13.337872 -68.727237 -71.404958
-13.958801 -71.082294 -68.938083
-4.811659 -80.450954 -59.198750
-0.895610 -71.074004 -70.339774
6
38.337983 -17.386772 -90.707768
38.826508 -19.291537 -90.112923
56.190731 -16.558772 -81.045720
60.387959 -7.959572 -79.309139
53.672681 1.855501 -84.355204
51.104558 0.764470 -85.951962
6
-75.460979 23.758291 -61.165221
-75.133177 24.377878 -61.324749
-77.150480 49.686221 -39.737675
-84.141410 44.733525 -30.317236
-84.412800 44.377750 -30.084788
-82.657350 24.469933 -50.685154
5
11.970452 -42.276195 89.830015
25.659335 -42.456292 86.827771
21.389777 -61.111347 76.209453
18.096141 -62.566585 75.881171
10.682476 -60.834060 78.645418
6
24.340970 -4.609335 96.882770
24.167259 -4.790474 96.917465
18.080435 -7.381715 98.074503
8.255428 3.098346 99.610482
10.497433 12.974842 98.597451
23.040045 21.091579 94.996324
8
-80.786533 45.443694 37.528745
-88.794255 31.603465 33.418578
-91.307177 29.942084 27.685214
-93.976445 33.176408 8.231271
-92.369371 37.670476 6.988167
-83.872219 50.974320 19.159058
-80.046800 50.346113 32.523511
-79.789117 48.776087 35.420194
7
-57.642992 70.615954 41.117788
-59.303934 73.567848 32.723312
-43.401157 88.693717 15.803926
-39.422756 89.544975 20.677133
-40.663987 79.996538 44.124756
-46.820689 74.623056 47.320424
-52.527845 71.879680 45.542695
5
-36.126823 -86.919567 33.761540
-48.867016 -78.654438 37.755717
-48.642218 -76.407777 42.376718
-34.985015 -79.615257 49.370635
-29.626178 -85.920943 41.711883
7
-29.193409 7.215735 95.371264
-15.706766 2.420708 98.729113
-13.081760 -2.683515 99.104320
-21.483674 -18.027390 95.986796
-22.852107 -18.197186 95.638087
-37.227025 -10.705880 92.192911
-31.898952 6.700255 94.538688
6
-17.683175 -25.957323 -94.939574
-21.438707 -18.040505 -95.994385
-29.308673 -17.064435 -94.073411
-35.210922 -23.301886 -90.648845
-36.312177 -30.497079 -88.041774
-22.410399 -34.591008 -91.111120
6
-71.044832 68.090435 -17.785515
-74.101410 65.546844 -14.580541
-84.141410 44.733525 -30.317236
-77.150480 49.686221 -39.737675
-73.972135 52.554070 -42.026099
-65.400629 69.394562 -30.118971
6
-15.230602 -78.270893 60.346466
-28.390691 -65.335368 70.180185
-16.555944 -57.015893 80.467936
-6.564686 -61.404832 78.653363
-4.124811 -63.552088 77.098106
-6.836671 -80.535318 58.883975
6
30.306435 -45.279998 -83.852500
43.083775 -37.342911 -82.154095
38.813859 -19.388562 -90.097547
21.268682 -29.899334 -93.025120
20.441406 -31.302487 -92.748602
22.345522 -38.586178 -89.508572
4
81.857067 6.685897 57.050148
82.511554 10.297922 55.549944
90.768277 8.184283 41.159900
85.837394 -3.561287 51.178698
5
-35.808873 79.503533 -48.958278
-31.796001 69.246727 -64.760367
-30.416183 69.944410 -64.673296
-14.037024 85.886589 -49.259068
-17.089308 87.674465 -44.957133
6
71.105169 -46.864059 -52.419604
77.967416 -43.856589 -44.695433
79.976426 -40.091908 -44.681206
80.265540 -28.410414 -52.443222
71.447361 -31.772867 -62.335860
69.927542 -33.253870 -63.279689
6
48.902908 -73.639295 46.752110
48.588350 -75.177249 44.581986
42.875574 -80.772951 40.464991
26.359570 -81.535960 51.546681
20.993914 -78.423545 58.386669
39.731021 -65.706176 64.063597
6
-75.923879 -49.142994 42.667677
-57.801793 -55.145780 60.148945
-55.794004 -56.782647 60.520742
-64.357037 -64.923130 40.535898
-71.176253 -63.719106 29.560388
-76.046015 -57.400440 30.367632
4
69.168547 -71.352341 -11.160445
61.595148 -78.675802 -4.019444
67.385844 -72.010002 16.544114
77.134980 -60.367655 20.147980
6
-92.742304 -37.389890 -0.927944
-95.440191 -29.626075 3.669552
-95.255752 -22.996187 19.937829
-90.694486 -31.910266 27.499912
-88.952873 -38.483595 24.625177
-90.789419 -41.918988 0.282651
8
-20.964002 62.779869 74.961315
-24.902571 53.986548 80.407180
-30.553897 50.215631 80.900246
-31.802598 50.235054 80.405436
-43.355564 55.382398 71.085055
-41.599540 62.919102 65.655654
-36.865701 68.244619 63.115703
-33.269224 69.405627 63.843697
6
72.171146 -15.871168 -67.375305
81.186661 -5.388162 -58.135134
78.618541 -1.729180 -61.774873
71.421497 2.100202 -69.961124
64.765056 -8.281507 -75.742354
67.815200 -14.052100 -72.136240
8
25.258146 -96.626214 5.039928
28.015001 -94.539476 16.656748
37.480423 -88.207178 28.543155
40.908209 -86.369251 29.442671
47.059339 -85.585648 21.459626
36.699935 -93.020138 0.607264
33.356829 -94.271913 -0.358307
28.400615 -95.881998 0.218177
6
6.750653 -64.642844 -75.998233
2.033173 -70.536945 -70.854820
13.081703 -77.370746 -61.989005
15.698808 -75.992980 -63.076259
19.895865 -70.789326 -67.771866
12.759555 -64.424367 -75.410176
6
93.625596 -33.825944 9.489640
92.874717 -24.934600 27.432694
94.900933 -15.560831 27.416665
95.977231 -14.712725 23.914575
97.248464 -16.734292 16.208012
94.894899 -30.458849 8.198580
6
-97.699576 10.483929 18.570945
-98.510115 13.120529 11.117957
-96.630440 25.207396 5.210104
-93.976445 33.176408 8.231271
-91.307177 29.942084 27.685214
-96.802224 12.184660 21.928599
8
-89.120513 17.618552 -41.798574
-90.758184 17.960199 -37.952381
-94.169050 7.903558 -32.706632
-94.265183 -2.196514 -33.305413
-93.802435 -4.281619 -34.391438
-90.567370 -11.491115 -40.810608
-89.015389 -9.175674 -44.632585
-83.322158 3.006365 -55.212135
6
68.577248 40.511411 -60.464756
69.670311 40.898249 -58.935397
70.389449 45.055464 -54.912027
68.692585 51.251308 -51.523123
52.357926 59.121444 -61.345761
61.507426 42.475544 -66.427891
7
77.134980 -60.367655 20.147980
67.385844 -72.010002 16.544114
60.376406 -76.877885 21.082705
60.295453 -70.726985 36.907342
76.768880 -54.812979 33.197536
79.397841 -55.691024 24.382221
78.972655 -57.290792 21.933648
5
67.218188 61.391481 41.386003
58.338548 72.120194 37.353601
62.855702 74.129966 23.535270
69.104625 69.436655 20.077394
69.570581 59.882284 39.674253
5
-49.507866 -7.855970 -86.528926
-35.210922 -23.301886 -90.648845
-29.308673 -17.064435 -94.073411
-34.115953 -6.789538 -93.755021
-41.303583 -4.646243 -90.952880
5
85.301718 51.970324 4.764699
90.828989 41.360690 -6.275994
96.349435 26.691010 -2.091990
90.980215 37.993957 16.705081
89.902692 39.896740 18.048716
8
-55.852561 -52.308825 -64.376069
-48.089489 -50.609747 -71.596470
-48.139981 -49.595985 -72.268807
-52.797146 -38.221425 -75.839199
-60.665441 -29.770550 -73.711726
-63.196840 -27.962129 -72.279172
-63.988718 -28.215062 -71.479748
-64.350483 -42.771247 -63.479412
7
77.455892 -58.341227 -24.431253
74.576227 -58.171417 -32.472645
74.189629 -58.394855 -32.953601
58.473347 -72.698696 -35.996768
55.514674 -77.473475 -30.265188
70.610789 -69.421633 -13.955404
74.359281 -64.848219 -16.291281
5
41.232944 88.377644 22.118689
40.598974 78.741196 46.384774
25.432288 88.442370 39.129860
29.510755 92.146155 25.262648
35.038284 91.071686 21.869307
7
45.743909 86.684638 19.830994
54.721172 74.051474 39.012466
46.125611 74.840569 47.658340
43.311458 75.788228 48.787930
40.917527 78.120178 47.148634
40.598974 78.741196 46.384774
41.232944 88.377644 22.118689
5
62.337060 22.668968 -74.834543
62.120215 11.002684 -77.588787
70.563729 4.394354 -70.720929
74.047184 19.041830 -64.454816
66.577780 23.710315 -70.747581
6
18.737750 -53.974252 -82.071170
26.911510 -51.456725 -81.412383
30.306435 -45.279998 -83.852500
22.345522 -38.586178 -89.508572
9.023747 -43.561624 -89.559795
18.178156 -53.782168 -82.322737
8
70.977841 5.946869 70.191031
72.939200 2.043436 68.379072
71.206451 -3.597983 70.119155
57.997458 -11.833493 80.599400
56.149045 -10.125398 82.126494
49.726732 0.764417 86.756370
49.656659 1.064769 86.793332
54.921999 9.254621 83.053754
7
-40.198553 25.380737 87.976670
-28.838177 32.958988 89.900304
-12.400140 29.752055 94.662832
-29.193409 7.215735 95.371264
-31.898952 6.700255 94.538688
-41.338521 17.303142 89.396465
-41.492212 17.970697 89.193331
7
73.525191 -17.805060 65.398976
71.206451 -3.597983 70.119155
72.939200 2.043436 68.379072
74.085707 1.994930 67.136639
83.184731 -13.715193 53.779122
82.553805 -17.316528 53.712262
82.348859 -17.464221 53.978388
5
18.178156 -53.782168 -82.322737
9.023747 -43.561624 -89.559795
8.228600 -43.334668 -89.746291
-3.696506 -45.871286 -88.781535
3.542476 -55.002298 -83.439787
4
90.719189 32.741733 -26.419835
87.088389 40.570941 -27.741868
85.032732 33.551410 -40.543030
89.677130 24.619777 -36.767907
7
20.993914 -78.423545 58.386669
18.680101 -78.247247 59.400523
18.096141 -62.566585 75.881171
21.389777 -61.111347 76.209453
38.847618 -58.375963 71.295929
40.346005 -61.597857 67.660209
39.731021 -65.706176 64.063597
7
-40.059926 91.505262 -4.689272
-28.239438 94.800577 -14.675989
-19.788943 96.650535 -16.342330
-16.234582 97.979295 -11.683158
-15.266910 98.704837 -4.927134
-24.181419 96.945912 4.092564
-40.913439 91.071504 5.663183
6
-37.630906 8.606750 -92.248787
-29.557724 7.255079 -95.255996
-26.179868 10.084615 -95.983931
-28.371748 17.621450 -94.257776
-35.884502 16.930278 -91.791439
-38.787289 11.008712 -91.511499
5
57.275254 -38.722682 -72.250253
52.081300 -40.181957 -75.318979
43.655752 -57.568218 -69.138091
58.539627 -61.283979 -53.079055
60.656264 -59.235069 -53.028523
6
38.977314 67.395953 62.757904
32.295008 67.039257 66.803970
24.131277 71.244807 65.892784
13.116268 81.741618 56.091634
40.917527 78.120178 47.148634
43.311458 75.788228 48.787930
5
-41.303583 -4.646243 -90.952880
-34.115953 -6.789538 -93.755021
-28.003609 -2.289810 -95.971635
-29.557724 7.255079 -95.255996
-37.630906 8.606750 -92.248787
5
-3.145992 -38.178227 92.371672
-21.614103 -49.707177 84.035868
-31.498876 -42.518403 84.852850
-29.673616 -40.047478 86.692999
-8.397586 -31.021601 94.694989
6
-93.954171 -30.684640 -15.200873
-95.110076 -25.130438 -17.959244
-97.780035 -17.068792 -12.154058
-98.215668 -18.728874 -1.706405
-95.440191 -29.626075 3.669552
-92.742304 -37.389890 -0.927944
5
-41.338521 17.303142 89.396465
-54.976695 -0.947076 83.526439
-63.546858 7.342922 76.862724
-64.072270 16.043539 75.082282
-41.492212 17.970697 89.193331
5
54.921999 9.254621 83.053754
54.808366 20.721535 81.034937
60.749654 25.413890 75.256985
71.358118 18.458258 67.581889
70.977841 5.946869 70.191031
6
87.380399 42.157714 24.236191
81.567016 50.779947 27.716762
75.206151 65.129743 10.107002
80.814953 58.643390 5.467741
85.301718 51.970324 4.764699
89.902692 39.896740 18.048716
6
-10.349040 46.570247 -87.886913
-25.116895 43.626012 -86.405513
-21.013286 25.667565 -94.337786
-16.817613 24.139116 -95.574426
-5.227126 31.643062 -94.717442
-0.811155 38.062734 -92.469294
5
28.015001 -94.539476 16.656748
14.884483 -95.790113 24.550080
14.963340 -95.679571 24.930266
27.187978 -90.775543 31.947059
37.480423 -88.207178 28.543155
7
60.376406 -76.877885 21.082705
48.994832 -84.796225 20.226386
47.059339 -85.585648 21.459626
40.908209 -86.369251 29.442671
42.875574 -80.772951 40.464991
48.588350 -75.177249 44.581986
60.295453 -70.726985 36.907342
6
-96.994806 16.295740 -18.068108
-98.085660 14.244667 -13.277525
-98.123086 14.036410 -13.222676
-98.399676 0.980235 -17.791652
-94.265183 -2.196514 -33.305413
-94.169050 7.903558 -32.706632
5
-7.996462 29.193217 95.309038
10.497433 12.974842 98.597451
8.255428 3.098346 99.610482
6.274951 2.878012 99.761426
-8.594808 12.783983 98.806371
7
-82.657350 24.469933 -50.685154
-84.412800 44.377750 -30.084788
-86.971658 41.402816 -26.865173
-87.668900 39.972670 -26.764709
-88.959871 36.583711 -27.345447
-90.758184 17.960199 -37.952381
-89.120513 17.618552 -41.798574
6
97.345786 22.789358 -2.107857
96.923188 24.463253 -2.728520
94.965264 25.341977 -18.422349
93.682195 10.597760 -33.336674
95.600302 -0.271252 -29.334430
99.160882 10.306141 -7.804039
7
99.819811 -5.626060 -2.086351
99.783299 -6.323114 -1.819769
99.161203 -11.814323 5.241912
99.139239 -11.770009 5.733956
98.719709 -3.440520 15.575039
98.751585 0.463503 15.745144
99.543980 2.509685 9.203130
5
33.737112 -91.089418 -23.759737
39.303423 -90.545466 -16.023720
50.079802 -85.405960 -14.065398
50.089902 -83.949094 -21.060661
35.811593 -88.575140 -29.529211
5
38.481699 -65.868566 -64.656716
42.339569 -58.503218 -69.171774
29.145033 -55.532932 -77.888770
25.585549 -68.647670 -68.065241
33.323500 -69.188785 -64.050421
5
26.253983 -42.183811 86.782800
38.864444 -58.338364 71.317532
38.847618 -58.375963 71.295929
21.389777 -61.111347 76.209453
25.659335 -42.456292 86.827771
6
63.437041 76.784707 -8.935917
64.465489 73.796396 -19.957272
70.939389 67.066559 -21.672094
75.926604 62.346845 -18.655342
73.692002 67.187927 7.434466
70.740313 70.517770 4.801280
7
-68.516173 69.007576 23.312840
-69.330434 70.060495 16.876553
-68.248437 71.634908 14.511748
-50.225358 85.918068 9.772361
-44.209027 88.865761 12.183534
-43.401157 88.693717 15.803926
-59.303934 73.567848 32.723312
8
-73.307757 -5.692289 67.775885
-76.154109 -4.986657 64.619540
-78.639457 -2.487424 61.722351
-78.839449 -1.640887 61.495112
-77.440749 11.084301 62.290197
-64.513400 17.070014 74.475740
-64.072270 16.043539 75.082282
-63.546858 7.342922 76.862724
5
43.249448 -23.507047 87.045413
56.149045 -10.125398 82.126494
57.997458 -11.833493 80.599400
60.852005 -24.541284 75.463626
44.490412 -31.433704 83.860155
6
-40.663987 79.996538 44.124756
-39.422756 89.544975 20.677133
-32.342325 91.536562 23.979822
-19.574079 90.194839 38.493460
-20.005579 89.387568 40.120313
-29.586415 82.824007 47.590208
6
63.617432 74.275190 -20.881055
64.465489 73.796396 -19.957272
63.437041 76.784707 -8.935917
58.270598 81.004733 -6.539925
38.109785 90.724573 -17.795956
37.794662 90.709705 -18.528707
6
83.547146 -54.899650 2.429574
74.359281 -64.848219 -16.291281
70.610789 -69.421633 -13.955404
69.168547 -71.352341 -11.160445
77.134980 -60.367655 20.147980
78.972655 -57.290792 21.933648
7
92.912587 9.522691 35.729114
94.534875 3.961580 32.364536
93.989998 -5.881943 33.634551
85.848913 -5.693217 50.966180
85.837394 -3.561287 51.178698
90.768277 8.184283 41.159900
92.140261 9.554492 37.668076
6
-42.306335 -73.690427 -52.724709
-37.691049 -72.751737 -57.328611
-42.891357 -55.265729 -71.456496
-48.089489 -50.609747 -71.596470
-55.852561 -52.308825 -64.376069
-57.344085 -56.083675 -59.718317
8
2.995557 -1.869051 -99.937647
6.349683 -8.999397 -99.391611
9.955340 -11.384994 -98.849750
29.371225 -3.854388 -95.511648
29.349143 -2.653844 -95.559327
23.843692 7.879055 -96.795655
14.237952 13.639444 -98.036964
4.196041 7.546364 -99.626531
7
89.902692 39.896740 18.048716
90.980215 37.993957 16.705081
94.484006 21.928201 24.329543
92.594646 20.587776 31.660306
91.803782 22.507623 32.641577
88.157783 33.779435 32.972035
87.380399 42.157714 24.236191
5
4.131055 92.349168 38.138766
25.265550 93.501743 24.881238
29.510755 92.146155 25.262648
25.432288 88.442370 39.129860
9.927012 86.320507 49.499742
6
92.594646 20.587776 31.660306
92.912587 9.522691 35.729114
92.140261 9.554492 37.668076
82.511351 22.972706 51.615228
83.696721 25.551203 48.394162
91.803782 22.507623 32.641577
6
9.477788 83.296066 54.515475
9.927012 86.320507 49.499742
25.432288 88.442370 39.129860
40.598974 78.741196 46.384774
40.917527 78.120178 47.148634
13.116268 81.741618 56.091634
8
13.230100 -93.195798 -33.756595
10.559037 -92.038335 -37.649059
-0.540708 -90.630939 -42.258024
-0.549979 -90.636362 -42.246271
-4.878244 -97.943777 -19.575987
0.611873 -99.291775 -11.864612
1.798218 -99.210361 -12.412525
13.734425 -94.393366 -30.020960
6
7.236486 -93.345728 35.131300
-9.998343 -88.019600 46.395939
-5.732138 -81.624368 57.485696
3.568618 -81.959542 57.183025
15.160362 -90.822602 39.005364
10.791172 -93.032017 35.051310
6
-34.509106 45.656641 -82.003614
-37.346886 50.935415 -77.529308
-50.559371 48.223020 -71.542228
-58.410631 40.812219 -70.160964
-49.461649 25.315265 -83.142544
-41.205512 30.865103 -85.728940
6
51.104558 0.764470 -85.951962
41.167404 5.942188 -90.939184
29.349143 -2.653844 -95.559327
29.371225 -3.854388 -95.511648
35.854969 -14.990463 -92.139607
38.337983 -17.386772 -90.707768
5
23.719805 34.873894 90.670736
17.892406 48.135486 85.806974
27.928270 55.579763 78.300075
30.250723 55.938496 77.173690
37.448968 48.722557 78.890350
6
-64.403771 22.677140 73.060944
-69.673788 25.927159 66.883075
-70.435910 41.735279 57.419065
-66.778275 44.271222 59.839125
-64.226260 42.270613 63.938899
-60.624598 28.744411 74.151311
4
-14.037024 85.886589 -49.259068
-30.416183 69.944410 -64.673296
-13.166532 73.421881 -66.602326
-13.829186 85.830808 -49.414835
7
43.613553 -76.056964 -48.095699
43.900927 -81.273083 -38.306587
55.004747 -77.845194 -30.242413
55.514674 -77.473475 -30.265188
58.473347 -72.698696 -35.996768
55.055027 -65.881222 -51.269958
51.690143 -68.275788 -51.638609
7
76.962457 44.544287 45.744800
83.102599 35.632577 42.711562
83.696721 25.551203 48.394162
82.511351 22.972706 51.615228
80.586395 21.923114 55.001909
77.082528 24.575042 58.773728
73.353863 33.183082 59.313521
7
-25.490626 -92.980776 -26.548130
-23.477796 -93.433681 -26.813065
-0.549979 -90.636362 -42.246271
-0.540708 -90.630939 -42.258024
-4.561407 -85.507011 -51.650214
-15.702008 -84.128139 -51.729132
-30.213262 -89.334039 -33.265420
5
90.502544 -39.248433 -16.396649
91.859424 -35.601687 -17.157098
89.368722 -26.451492 -36.242931
85.011576 -38.306678 -36.133508
86.044090 -45.910741 -22.104716
7
-47.954295 13.240803 -86.747142
-38.787289 11.008712 -91.511499
-35.884502 16.930278 -91.791439
-38.106976 27.435897 -88.290033
-41.205512 30.865103 -85.728940
-49.461649 25.315265 -83.142544
-50.746460 23.229678 -82.976978
7
-44.209027 88.865761 12.183534
-40.913439 91.071504 5.663183
-24.181419 96.945912 4.092564
-13.016866 97.865861 15.900771
-32.342325 91.536562 23.979822
-39.422756 89.544975 20.677133
-43.401157 88.693717 15.803926
5
-13.081760 -2.683515 99.104320
-5.926522 -4.442158 99.725341
-0.367928 -18.107703 98.346203
-9.478066 -24.729549 96.429330
-21.483674 -18.027390 95.986796
6
-3.220108 -99.900959 -3.070704
-7.251448 -99.688152 -3.112684
-22.747630 -97.347598 2.447547
-23.395612 -96.353381 12.987348
-7.074740 -98.345743 16.675220
-2.422712 -99.964064 -1.147335
7
87.380399 42.157714 24.236191
88.157783 33.779435 32.972035
83.102599 35.632577 42.711562
76.962457 44.544287 45.744800
76.796687 44.993347 45.583633
76.003154 52.440354 38.386583
81.567016 50.779947 27.716762
7
-48.878349 -76.054001 42.739864
-48.642218 -76.407777 42.376718
-48.867016 -78.654438 37.755717
-54.173939 -78.642766 29.673216
-69.897820 -66.009786 27.513685
-71.176253 -63.719106 29.560388
-64.357037 -64.923130 40.535898
7
-99.783061 -5.292391 3.915518
-99.365736 -9.182895 6.490371
-98.215668 -18.728874 -1.706405
-97.780035 -17.068792 -12.154058
-98.310929 -13.020840 -12.861527
-99.303292 -5.359949 -10.494150
-99.803295 -2.920650 -5.547264
5
-34.488149 -73.359815 -58.556853
-26.703462 -76.762160 -58.262302
-13.958801 -71.082294 -68.938083
-13.337872 -68.727237 -71.404958
-25.254343 -63.420562 -73.075649
7
48.131662 85.880076 17.548665
49.986131 85.812997 11.726732
70.740313 70.517770 4.801280
73.692002 67.187927 7.434466
75.161148 65.182650 10.100694
69.104625 69.436655 20.077394
62.855702 74.129966 23.535270
4
-60.624598 28.744411 74.151311
-64.226260 42.270613 63.938899
-51.666142 44.766479 72.983369
-50.228664 35.268964 78.950501
6
49.220573 37.591171 -78.512668
43.376436 48.175118 -76.142254
34.089470 52.973908 -77.663847
26.504123 50.463699 -82.164144
22.323361 44.448027 -86.752755
36.526912 33.538655 -86.838605
5
49.745878 86.356485 8.240455
58.270598 81.004733 -6.539925
63.437041 76.784707 -8.935917
70.740313 70.517770 4.801280
49.986131 85.812997 11.726732
6
7.236486 -93.345728 35.131300
-1.110798 -97.313766 22.995587
-5.349805 -97.351663 22.226859
-13.457629 -93.434480 32.998336
-12.620966 -89.275216 43.250977
-9.998343 -88.019600 46.395939
7
-3.381789 78.508909 61.845895
9.477788 83.296066 54.515475
13.116268 81.741618 56.091634
24.131277 71.244807 65.892784
12.052412 63.769105 76.080488
-4.424802 68.502946 72.717038
-5.133761 69.147147 72.057731
6
-87.660801 -25.336086 -40.910471
-89.818078 -20.022351 -39.138450
-95.110076 -25.130438 -17.959244
-93.954171 -30.684640 -15.200873
-87.971260 -41.848982 -22.576981
-83.740405 -39.656516 -37.615226
5
36.699935 -93.020138 0.607264
54.533362 -83.664319 -5.137528
50.079802 -85.405960 -14.065398
39.303423 -90.545466 -16.023720
33.356829 -94.271913 -0.358307
7
-81.370196 -52.479831 24.995168
-88.952873 -38.483595 24.625177
-90.694486 -31.910266 27.499912
-89.147401 -30.659651 33.357559
-80.342487 -34.835588 48.286299
-75.923879 -49.142994 42.667677
-76.046015 -57.400440 30.367632
4
-5.227126 31.643062 -94.717442
-16.817613 24.139116 -95.574426
-13.617873 12.392054 -98.290338
1.105382 9.411049 -99.550039
6
7.740072 98.633503 -14.543843
11.750820 98.771133 -10.304443
10.652169 99.429975 0.459819
-9.741358 99.524260 -0.166299
-15.266910 98.704837 -4.927134
-16.234582 97.979295 -11.683158
5
95.527500 -1.622436 -29.527349
96.099351 -7.997495 -26.475551
99.830786 -5.277605 -2.441533
99.160882 10.306141 -7.804039
95.600302 -0.271252 -29.334430
7
-70.710796 70.671489 -2.350321
-74.403586 65.819900 -11.482476
-74.101410 65.546844 -14.580541
-71.044832 68.090435 -17.785515
-58.595068 79.673751 -14.788895
-61.804639 78.530726 -3.621013
-69.889401 71.502034 -1.711980
6
12.759555 -64.424367 -75.410176
19.895865 -70.789326 -67.771866
25.585549 -68.647670 -68.065241
29.145033 -55.532932 -77.888770
26.911510 -51.456725 -81.412383
18.737750 -53.974252 -82.071170
7
10.682476 -60.834060 78.645418
18.096141 -62.566585 75.881171
18.680101 -78.247247 59.400523
3.568618 -81.959542 57.183025
-5.732138 -81.624368 57.485696
-6.836671 -80.535318 58.883975
-4.124811 -63.552088 77.098106
6
-36.222037 -92.936600 -7.124073
-38.769769 -91.974693 -6.128688
-39.906495 -91.389516 7.444997
-28.249818 -94.108149 18.590427
-23.395612 -96.353381 12.987348
-22.747630 -97.347598 2.447547
7
-72.041892 -25.197470 -64.614652
-63.988718 -28.215062 -71.479748
-63.196840 -27.962129 -72.279172
-61.758371 -21.029032 -75.787092
-71.032462 2.726011 -70.334616
-73.170134 3.124696 -68.090879
-74.975124 -17.398787 -63.843660
6
-89.147401 -30.659651 33.357559
-89.894276 -9.720524 42.714525
-87.042506 -11.619410 47.839225
-78.206406 -30.026797 54.609061
-77.948478 -30.714923 54.595130
-80.342487 -34.835588 48.286299
6
61.077172 -59.060573 -52.739243
60.656264 -59.235069 -53.028523
58.539627 -61.283979 -53.079055
55.055027 -65.881222 -51.269958
58.473347 -72.698696 -35.996768
74.189629 -58.394855 -32.953601
6
-50.228664 35.268964 78.950501
-51.666142 44.766479 72.983369
-49.279630 50.991636 70.507951
-43.355564 55.382398 71.085055
-31.802598 50.235054 80.405436
-49.701534 35.120587 79.349240
6
-96.843744 -8.171469 23.548172
-97.699576 10.483929 18.570945
-96.802224 12.184660 21.928599
-92.244436 11.371889 36.900464
-91.181995 3.592613 40.901552
-91.880556 -5.062764 39.145010
6
80.814953 58.643390 5.467741
75.206151 65.129743 10.107002
75.161148 65.182650 10.100694
73.692002 67.187927 7.434466
75.926604 62.346845 -18.655342
81.780189 54.483040 -18.536425
7
23.719805 34.873894 90.670736
23.725323 30.737385 92.153796
-5.816098 33.852656 93.915764
-5.276810 39.897518 91.544215
9.540860 50.345251 85.873906
11.329640 50.635882 85.484774
17.892406 48.135486 85.806974
5
28.871247 25.503918 92.282183
40.685932 4.245300 91.250383
24.340970 -4.609335 96.882770
23.040045 21.091579 94.996324
26.903190 26.127823 92.701430
4
-25.827330 77.199139 58.079617
-29.586415 82.824007 47.590208
-20.005579 89.387568 40.120313
-5.345177 79.058342 61.001702
8
45.743909 86.684638 19.830994
41.232944 88.377644 22.118689
35.038284 91.071686 21.869307
28.318987 95.691334 6.419005
39.272697 91.737409 -6.473261
49.745878 86.356485 8.240455
49.986131 85.812997 11.726732
48.131662 85.880076 17.548665
4
-99.803295 -2.920650 -5.547264
-99.602325 6.910183 -5.623715
-99.073563 10.399424 8.733905
-99.783061 -5.292391 3.915518
6
49.726732 0.764417 86.756370
37.718877 -17.371443 90.969881
24.167259 -4.790474 96.917465
24.340970 -4.609335 96.882770
40.685932 4.245300 91.250383
49.656659 1.064769 86.793332
5
46.125611 74.840569 47.658340
54.721172 74.051474 39.012466
58.338548 72.120194 37.353601
67.218188 61.391481 41.386003
60.375977 59.647732 52.885626
4
96.547453 -22.952027 -12.320464
96.897209 -24.570267 2.689384
99.161203 -11.814323 5.241912
99.783299 -6.323114 -1.819769
5
-86.778195 6.826006 49.223475
-91.181995 3.592613 40.901552
-92.244436 11.371889 36.900464
-89.230177 22.359375 39.217774
-81.584113 20.567429 54.046400
5
-5.926522 -4.442158 99.725341
-13.081760 -2.683515 99.104320
-15.706766 2.420708 98.729113
-8.594808 12.783983 98.806371
6.274951 2.878012 99.761426
6
10.286308 -97.480476 19.792641
-1.110798 -97.313766 22.995587
7.236486 -93.345728 35.131300
10.791172 -93.032017 35.051310
14.963340 -95.679571 24.930266
14.884483 -95.790113 24.550080
6
-31.898952 6.700255 94.538688
-37.227025 -10.705880 92.192911
-46.027335 -14.652867 87.560139
-51.944991 -10.521188 84.799897
-54.976695 -0.947076 83.526439
-41.338521 17.303142 89.396465
6
-28.555497 -93.256296 22.087254
-35.310236 -89.604588 26.911059
-36.126823 -86.919567 33.761540
-29.626178 -85.920943 41.711883
-12.620966 -89.275216 43.250977
-13.457629 -93.434480 32.998336
5
26.523068 76.230678 -59.037366
46.228146 70.346813 -53.984112
47.011116 71.346293 -51.958266
27.062989 85.905295 -43.449682
22.810643 85.316833 -46.911752
5
-54.219358 -1.328125 -84.014863
-47.954295 13.240803 -86.747142
-50.746460 23.229678 -82.976978
-58.244914 20.443445 -78.673983
-65.247006 4.335240 -75.657345
5
-66.090553 -65.149926 -37.249509
-58.637494 -77.916454 -22.151084
-52.608329 -82.561911 -20.393492
-39.876297 -84.070973 -36.632670
-44.392182 -75.429070 -48.371371
5
38.315909 16.555606 -90.872455
39.040601 17.272207 -90.429543
35.590588 31.769983 -87.886166
24.536019 26.306922 -93.305571
37.185446 16.514049 -91.348392
5
-80.342487 -34.835588 48.286299
-77.948478 -30.714923 54.595130
-70.464365 -33.153633 62.734440
-57.801793 -55.145780 60.148945
-75.923879 -49.142994 42.667677
5
29.371225 -3.854388 -95.511648
9.955340 -11.384994 -98.849750
12.019675 -15.922062 -97.989874
16.588209 -18.691380 -96.826978
35.854969 -14.990463 -92.139607
8
-9.998343 -88.019600 46.395939
-12.620966 -89.275216 43.250977
-29.626178 -85.920943 41.711883
-34.985015 -79.615257 49.370635
-33.010382 -76.401650 55.435571
-15.230602 -78.270893 60.346466
-6.836671 -80.535318 58.883975
-5.732138 -81.624368 57.485696
5
-72.078356 -44.463115 -53.176518
-64.350483 -42.771247 -63.479412
-63.988718 -28.215062 -71.479748
-72.041892 -25.197470 -64.614652
-75.576759 -28.544843 -58.935096
5
3.216773 98.261713 18.283548
7.156348 98.694897 14.425810
25.265550 93.501743 24.881238
4.131055 92.349168 38.138766
3.751810 92.523366 37.753817
6
11.970452 -42.276195 89.830015
10.682476 -60.834060 78.645418
-4.124811 -63.552088 77.098106
-6.564686 -61.404832 78.653363
1.810124 -40.243506 91.526956
8.478270 -39.658844 91.407303
7
23.040045 21.091579 94.996324
10.497433 12.974842 98.597451
-7.996462 29.193217 95.309038
-8.433533 30.331446 94.915114
-5.816098 33.852656 93.915764
23.725323 30.737385 92.153796
26.903190 26.127823 92.701430
9
51.191375 59.962249 -61.513997
52.357926 59.121444 -61.345761
68.692585 51.251308 -51.523123
69.700024 57.808434 -42.427486
69.576958 58.029145 -42.328068
52.527610 73.194520 -43.398300
47.011116 71.346293 -51.958266
46.228146 70.346813 -53.984112
46.495157 68.452508 -56.146723
6
-33.653759 66.582480 -66.589773
-31.796001 69.246727 -64.760367
-35.808873 79.503533 -48.958278
-39.302768 79.605436 -46.024634
-49.487604 75.906578 -42.298564
-48.049030 65.687660 -58.106988
7
-6.463901 59.000667 -80.480677
-7.082255 61.587169 -78.465676
-33.562936 59.856282 -72.737575
-37.346886 50.935415 -77.529308
-34.509106 45.656641 -82.003614
-25.116895 43.626012 -86.405513
-10.349040 46.570247 -87.886913
6
35.854969 -14.990463 -92.139607
16.588209 -18.691380 -96.826978
21.268682 -29.899334 -93.025120
38.813859 -19.388562 -90.097547
38.826508 -19.291537 -90.112923
38.337983 -17.386772 -90.707768
7
36.526912 33.538655 -86.838605
35.590588 31.769983 -87.886166
39.040601 17.272207 -90.429543
47.290975 19.379255 -85.953523
52.337302 30.962330 -79.386025
49.421524 37.433615 -78.461694
49.220573 37.591171 -78.512668
8
80.586395 21.923114 55.001909
82.511554 10.297922 55.549944
81.857067 6.685897 57.050148
74.085707 1.994930 67.136639
72.939200 2.043436 68.379072
70.977841 5.946869 70.191031
71.358118 18.458258 67.581889
77.082528 24.575042 58.773728
6
78.972655 -57.290792 21.933648
79.397841 -55.691024 24.382221
84.866374 -48.243091 21.686464
93.597931 -33.906483 9.475106
90.607181 -42.097140 -4.262567
83.547146 -54.899650 2.429574
6
-84.523610 -53.392517 2.235731
-84.018409 -54.130944 3.278378
-74.715398 -66.248584 5.360451
-71.099841 -70.315090 0.775120
-74.122555 -65.752394 -13.508131
-77.282383 -61.047364 -17.339337
5
57.372350 51.137708 63.979280
73.124675 33.351599 59.501704
61.269212 30.380720 72.959547
54.250045 47.755709 69.110961
56.105482 50.985596 65.212298
7
56.105482 50.985596 65.212298
38.977314 67.395953 62.757904
43.311458 75.788228 48.787930
46.125611 74.840569 47.658340
60.375977 59.647732 52.885626
58.123052 51.793269 62.762793
57.372350 51.137708 63.979280
5
99.543980 2.509685 9.203130
98.751585 0.463503 15.745144
97.760952 4.730814 20.504041
97.397225 17.736316 14.113956
97.705495 21.291197 0.566758
9
55.004747 -77.845194 -30.242413
50.089902 -83.949094 -21.060661
50.079802 -85.405960 -14.065398
54.533362 -83.664319 -5.137528
57.054780 -82.049262 -3.559597
61.595148 -78.675802 -4.019444
69.168547 -71.352341 -11.160445
70.610789 -69.421633 -13.955404
55.514674 -77.473475 -30.265188
5
14.237952 13.639444 -98.036964
23.843692 7.879055 -96.795655
37.185446 16.514049 -91.348392
24.536019 26.306922 -93.305571
16.442229 26.426191 -95.033202
6
37.480423 -88.207178 28.543155
27.187978 -90.775543 31.947059
18.962967 -90.066326 39.095559
26.359570 -81.535960 51.546681
42.875574 -80.772951 40.464991
40.908209 -86.369251 29.442671
6
80.194111 40.097776 -44.284003
70.389449 45.055464 -54.912027
69.670311 40.898249 -58.935397
72.962054 36.477739 -57.843870
81.699670 28.796917 -49.958997
82.921887 34.344201 -44.095765
5
-61.758371 -21.029032 -75.787092
-63.196840 -27.962129 -72.279172
-60.665441 -29.770550 -73.711726
-46.613633 -25.795065 -84.627323
-50.808446 -9.284796 -85.628818
5
84.866374 -48.243091 21.686464
91.368606 -27.764278 29.680342
92.874717 -24.934600 27.432694
93.625596 -33.825944 9.489640
93.597931 -33.906483 9.475106
4
13.734425 -94.393366 -30.020960
1.798218 -99.210361 -12.412525
23.157404 -96.792578 -9.743274
25.367854 -94.738464 -19.521668
5
-13.829186 85.830808 -49.414835
-13.166532 73.421881 -66.602326
-2.853905 69.927612 -71.428176
-0.827554 70.746283 -70.670210
-3.777654 85.185369 -52.241575
5
13.210563 -98.784313 8.193928
10.286308 -97.480476 19.792641
14.884483 -95.790113 24.550080
28.015001 -94.539476 16.656748
25.258146 -96.626214 5.039928
5
-21.438707 -18.040505 -95.994385
-17.683175 -25.957323 -94.939574
-5.154990 -26.837536 -96.193413
-3.928319 -20.485455 -97.800381
-15.901799 -9.738652 -98.246076
6
2.719289 -61.518971 -78.791000
-8.590161 -62.730620 -77.402058
-10.131938 -67.158030 -73.397158
-0.895610 -71.074004 -70.339774
2.033173 -70.536945 -70.854820
6.750653 -64.642844 -75.998233
6
45.628346 44.748554 76.913074
54.250045 47.755709 69.110961
61.269212 30.380720 72.959547
60.749654 25.413890 75.256985
54.808366 20.721535 81.034937
43.941199 29.836521 84.728703
4
-50.908631 -84.646391 -15.598071
-62.216838 -78.265179 1.904419
-58.950576 -80.413564 7.647768
-39.230497 -91.769347 -6.273355
6
85.011576 -38.306678 -36.133508
79.976426 -40.091908 -44.681206
77.967416 -43.856589 -44.695433
74.576227 -58.171417 -32.472645
77.455892 -58.341227 -24.431253
86.044090 -45.910741 -22.104716
7
22.323361 44.448027 -86.752755
12.746560 39.642036 -90.917733
11.058783 37.484474 -92.046822
16.442229 26.426191 -95.033202
24.536019 26.306922 -93.305571
35.590588 31.769983 -87.886166
36.526912 33.538655 -86.838605
6
83.958946 -22.071384 -49.636170
80.265540 -28.410414 -52.443222
79.976426 -40.091908 -44.681206
85.011576 -38.306678 -36.133508
89.368722 -26.451492 -36.242931
89.415548 -24.898782 -37.214385
7
6.349683 -8.999397 -99.391611
-3.928319 -20.485455 -97.800381
-5.154990 -26.837536 -96.193413
-2.883218 -29.716404 -95.439103
7.216538 -28.868853 -95.469948
12.019675 -15.922062 -97.989874
9.955340 -11.384994 -98.849750
7
51.104558 0.764470 -85.951962
53.672681 1.855501 -84.355204
54.688851 4.716481 -83.587585
47.290975 19.379255 -85.953523
39.040601 17.272207 -90.429543
38.315909 16.555606 -90.872455
41.167404 5.942188 -90.939184
8
62.640843 -54.747210 55.487546
65.507363 -51.596886 55.195532
75.087685 -49.070073 44.203705
75.740096 -49.123986 43.014786
76.768880 -54.812979 33.197536
60.295453 -70.726985 36.907342
48.588350 -75.177249 44.581986
48.902908 -73.639295 46.752110
6
93.682195 10.597760 -33.336674
94.965264 25.341977 -18.422349
90.719189 32.741733 -26.419835
89.677130 24.619777 -36.767907
90.144010 20.751196 -37.992701
93.294717 11.278827 -34.188944
7
-29.308673 -17.064435 -94.073411
-21.438707 -18.040505 -95.994385
-15.901799 -9.738652 -98.246076
-15.531516 -7.632058 -98.491237
-18.600605 -3.489563 -98.192874
-28.003609 -2.289810 -95.971635
-34.115953 -6.789538 -93.755021
6
-27.179282 -56.179125 -78.135731
-25.254343 -63.420562 -73.075649
-13.337872 -68.727237 -71.404958
-10.131938 -67.158030 -73.397158
-8.590161 -62.730620 -77.402058
-13.503937 -53.693367 -83.274642
5
35.811593 -88.575140 -29.529211
50.089902 -83.949094 -21.060661
55.004747 -77.845194 -30.242413
43.900927 -81.273083 -38.306587
35.547991 -87.334532 -33.301951
6
69.927542 -33.253870 -63.279689
71.447361 -31.772867 -62.335860
72.171146 -15.871168 -67.375305
67.815200 -14.052100 -72.136240
59.954580 -27.780750 -75.057833
58.707269 -37.363169 -71.815389
7
-84.412800 44.377750 -30.084788
-84.141410 44.733525 -30.317236
-74.101410 65.546844 -14.580541
-74.403586 65.819900 -11.482476
-83.471058 55.011913 -2.504368
-88.636516 45.845055 -6.465207
-86.971658 41.402816 -26.865173
4
17.892406 48.135486 85.806974
11.329640 50.635882 85.484774
12.540461 62.969257 76.665569
27.928270 55.579763 78.300075
6
25.585549 -68.647670 -68.065241
19.895865 -70.789326 -67.771866
15.698808 -75.992980 -63.076259
30.262253 -79.835841 -52.061835
34.582432 -77.327248 -53.146516
33.323500 -69.188785 -64.050421
8
96.349435 26.691010 -2.091990
90.828989 41.360690 -6.275994
84.298290 49.648618 -20.707801
84.391367 47.070445 -25.738501
87.088389 40.570941 -27.741868
90.719189 32.741733 -26.419835
94.965264 25.341977 -18.422349
96.923188 24.463253 -2.728520
7
-31.498876 -42.518403 84.852850
-38.109194 -41.945216 82.391069
-45.953576 -21.344900 86.212900
-46.027335 -14.652867 87.560139
-37.227025 -10.705880 92.192911
-22.852107 -18.197186 95.638087
-29.673616 -40.047478 86.692999
5
65.507363 -51.596886 55.195532
64.197924 -48.893553 59.059691
64.967907 -29.975898 69.861410
75.287733 -31.759097 57.646484
75.087685 -49.070073 44.203705
6
35.038284 91.071686 21.869307
29.510755 92.146155 25.262648
25.265550 93.501743 24.881238
7.156348 98.694897 14.425810
10.716321 99.421959 0.659218
28.318987 95.691334 6.419005
5
-53.276760 82.109921 -20.482866
-58.595068 79.673751 -14.788895
-71.044832 68.090435 -17.785515
-65.400629 69.394562 -30.118971
-54.238529 77.779203 -31.758111
5
-73.307757 -5.692289 67.775885
-63.546858 7.342922 76.862724
-54.976695 -0.947076 83.526439
-51.944991 -10.521188 84.799897
-66.243166 -16.436406 73.086849
7
60.387959 -7.959572 -79.309139
64.765056 -8.281507 -75.742354
71.421497 2.100202 -69.961124
70.563729 4.394354 -70.720929
62.120215 11.002684 -77.588787
54.688851 4.716481 -83.587585
53.672681 1.855501 -84.355204
5
22.345522 -38.586178 -89.508572
20.441406 -31.302487 -92.748602
10.657611 -31.567734 -94.286232
8.228600 -43.334668 -89.746291
9.023747 -43.561624 -89.559795
7
-78.839449 -1.640887 61.495112
-78.639457 -2.487424 61.722351
-87.042506 -11.619410 47.839225
-89.894276 -9.720524 42.714525
-91.880556 -5.062764 39.145010
-91.181995 3.592613 40.901552
-86.778195 6.826006 49.223475
6
-86.497191 -46.756436 -18.222834
-87.971260 -41.848982 -22.576981
-93.954171 -30.684640 -15.200873
-92.742304 -37.389890 -0.927944
-90.789419 -41.918988 0.282651
-89.440839 -44.723939 -0.325147
9
90.502544 -39.248433 -16.396649
90.607181 -42.097140 -4.262567
93.597931 -33.906483 9.475106
93.625596 -33.825944 9.489640
94.894899 -30.458849 8.198580
96.897209 -24.570267 2.689384
96.547453 -22.952027 -12.320464
95.981482 -23.848526 -14.791988
91.859424 -35.601687 -17.157098
5
33.323500 -69.188785 -64.050421
34.582432 -77.327248 -53.146516
43.613553 -76.056964 -48.095699
51.690143 -68.275788 -51.638609
38.481699 -65.868566 -64.656716
6
11.058783 37.484474 -92.046822
12.746560 39.642036 -90.917733
8.467070 55.025515 -83.069257
-6.463901 59.000667 -80.480677
-10.349040 46.570247 -87.886913
-0.811155 38.062734 -92.469294
7
21.379493 73.389890 -64.473571
21.034320 72.786402 -65.266354
25.192994 66.858950 -69.965662
31.476805 62.629216 -71.321751
46.495157 68.452508 -56.146723
46.228146 70.346813 -53.984112
26.523068 76.230678 -59.037366
7
-97.189081 -13.094042 19.566006
-99.365736 -9.182895 6.490371
-99.783061 -5.292391 3.915518
-99.073563 10.399424 8.733905
-98.510115 13.120529 11.117957
-97.699576 10.483929 18.570945
-96.843744 -8.171469 23.548172
7
10.652169 99.429975 0.459819
10.716321 99.421959 0.659218
7.156348 98.694897 14.425810
3.216773 98.261713 18.283548
-10.505173 97.915469 17.383967
-12.835375 97.887196 15.916970
-9.741358 99.524260 -0.166299
7
-69.889190 -67.309590 24.185123
-58.935995 -80.417012 7.723512
-58.950576 -80.413564 7.647768
-62.216838 -78.265179 1.904419
-64.022221 -76.814510 0.828431
-71.099841 -70.315090 0.775120
-74.715398 -66.248584 5.360451
6
-81.234637 20.795870 54.483627
-80.139990 23.094688 55.174428
-69.673788 25.927159 66.883075
-64.403771 22.677140 73.060944
-64.513400 17.070014 74.475740
-77.440749 11.084301 62.290197
4
-46.613633 -25.795065 -84.627323
-60.665441 -29.770550 -73.711726
-52.797146 -38.221425 -75.839199
-38.615005 -31.962131 -86.529207
5
-38.615005 -31.962131 -86.529207
-52.797146 -38.221425 -75.839199
-48.139981 -49.595985 -72.268807
-36.870869 -41.512796 -83.169867
-38.531356 -31.978284 -86.560522
6
-34.533413 88.640160 -30.827998
-35.325955 89.366545 -27.671242
-47.511379 86.359211 -16.874698
-53.276760 82.109921 -20.482866
-54.238529 77.779203 -31.758111
-53.953308 77.783633 -32.229598
5
80.586395 21.923114 55.001909
82.511351 22.972706 51.615228
92.140261 9.554492 37.668076
90.768277 8.184283 41.159900
82.511554 10.297922 55.549944
5
-83.322158 3.006365 -55.212135
-89.015389 -9.175674 -44.632585
-74.975124 -17.398787 -63.843660
-73.170134 3.124696 -68.090879
-76.900429 7.095995 -63.529291
8
97.760952 4.730814 20.504041
98.751585 0.463503 15.745144
98.719709 -3.440520 15.575039
95.977231 -14.712725 23.914575
94.900933 -15.560831 27.416665
94.069072 -11.466378 31.930108
93.989998 -5.881943 33.634551
94.534875 3.961580 32.364536
4
3.216773 98.261713 18.283548
3.751810 92.523366 37.753817
-14.148993 91.989653 36.574714
-10.505173 97.915469 17.383967
5
-55.794004 -56.782647 60.520742
-54.868712 -57.158935 61.010495
-50.122259 -63.711949 58.553793
-48.878349 -76.054001 42.739864
-64.357037 -64.923130 40.535898
5
-95.440191 -29.626075 3.669552
-98.215668 -18.728874 -1.706405
-99.365736 -9.182895 6.490371
-97.189081 -13.094042 19.566006
-95.255752 -22.996187 19.937829
6
69.576958 58.029145 -42.328068
70.939389 67.066559 -21.672094
64.465489 73.796396 -19.957272
63.617432 74.275190 -20.881055
52.436917 74.718409 -40.835390
52.527610 73.194520 -43.398300
6
-13.457629 -93.434480 32.998336
-5.349805 -97.351663 22.226859
-7.074740 -98.345743 16.675220
-23.395612 -96.353381 12.987348
-28.249818 -94.108149 18.590427
-28.555497 -93.256296 22.087254
5
-77.440749 11.084301 62.290197
-78.839449 -1.640887 61.495112
-86.778195 6.826006 49.223475
-81.584113 20.567429 54.046400
-81.234637 20.795870 54.483627
4
-36.222037 -92.936600 -7.124073
-22.747630 -97.347598 2.447547
-7.251448 -99.688152 -3.112684
-27.771382 -94.128224 -19.199682
6
18.178156 -53.782168 -82.322737
3.542476 -55.002298 -83.439787
2.719289 -61.518971 -78.791000
6.750653 -64.642844 -75.998233
12.759555 -64.424367 -75.410176
18.737750 -53.974252 -82.071170
6
-5.133761 69.147147 72.057731
-20.964002 62.779869 74.961315
-33.269224 69.405627 63.843697
-25.827330 77.199139 58.079617
-5.345177 79.058342 61.001702
-3.381789 78.508909 61.845895
7
-17.011088 91.560957 -36.430950
-14.004582 93.662164 -32.113404
-19.788943 96.650535 -16.342330
-28.239438 94.800577 -14.675989
-35.325955 89.366545 -27.671242
-34.533413 88.640160 -30.827998
-33.624631 88.598402 -31.932858
5
93.294717 11.278827 -34.188944
90.144010 20.751196 -37.992701
82.999447 23.163292 -50.740061
81.976177 18.926326 -54.052757
85.698122 9.121450 -50.721110
8
-76.900429 7.095995 -63.529291
-73.170134 3.124696 -68.090879
-71.032462 2.726011 -70.334616
-65.247006 4.335240 -75.657345
-58.244914 20.443445 -78.673983
-68.704416 30.160444 -66.106360
-75.133177 24.377878 -61.324749
-75.460979 23.758291 -61.165221
10
-14.004582 93.662164 -32.113404
-17.011088 91.560957 -36.430950
-17.089308 87.674465 -44.957133
-14.037024 85.886589 -49.259068
-13.829186 85.830808 -49.414835
-3.777654 85.185369 -52.241575
8.387793 86.665318 -49.180968
10.145016 87.568096 -47.211304
7.295926 93.081452 -35.813583
1.537965 95.414112 -29.896184
7
-50.197936 -7.860539 -86.130013
-49.507866 -7.855970 -86.528926
-41.303583 -4.646243 -90.952880
-37.630906 8.606750 -92.248787
-38.787289 11.008712 -91.511499
-47.954295 13.240803 -86.747142
-54.219358 -1.328125 -84.014863
4
-68.248437 71.634908 14.511748
-69.889401 71.502034 -1.711980
-61.804639 78.530726 -3.621013
-50.225358 85.918068 9.772361
6
-66.193907 60.523853 44.217981
-79.789117 48.776087 35.420194
-80.046800 50.346113 32.523511
-68.516173 69.007576 23.312840
-59.303934 73.567848 32.723312
-57.642992 70.615954 41.117788
7
-80.139990 23.094688 55.174428
-81.234637 20.795870 54.483627
-81.584113 20.567429 54.046400
-89.230177 22.359375 39.217774
-88.794255 31.603465 33.418578
-80.786533 45.443694 37.528745
-76.484834 39.836726 50.627122
4
-96.994806 16.295740 -18.068108
-94.169050 7.903558 -32.706632
-90.758184 17.960199 -37.952381
-88.959871 36.583711 -27.345447
8
-50.808446 -9.284796 -85.628818
-46.613633 -25.795065 -84.627323
-38.615005 -31.962131 -86.529207
-38.531356 -31.978284 -86.560522
-36.312177 -30.497079 -88.041774
-35.210922 -23.301886 -90.648845
-49.507866 -7.855970 -86.528926
-50.197936 -7.860539 -86.130013
6
-4.561407 -85.507011 -51.650214
-3.368965 -84.488153 -53.389158
-4.811659 -80.450954 -59.198750
-13.958801 -71.082294 -68.938083
-26.703462 -76.762160 -58.262302
-15.702008 -84.128139 -51.729132
6
20.821002 -85.744132 -47.057728
26.460839 -84.094456 -47.201129
30.262253 -79.835841 -52.061835
15.698808 -75.992980 -63.076259
13.081703 -77.370746 -61.989005
10.790820 -79.622818 -59.529531
8
-41.492212 17.970697 89.193331
-64.072270 16.043539 75.082282
-64.513400 17.070014 74.475740
-64.403771 22.677140 73.060944
-60.624598 28.744411 74.151311
-50.228664 35.268964 78.950501
-49.701534 35.120587 79.349240
-40.198553 25.380737 87.976670
5
60.387959 -7.959572 -79.309139
56.190731 -16.558772 -81.045720
59.954580 -27.780750 -75.057833
67.815200 -14.052100 -72.136240
64.765056 -8.281507 -75.742354
7
-9.206603 -46.600502 -87.997907
-5.125348 -45.428148 -88.938261
-2.883218 -29.716404 -95.439103
-5.154990 -26.837536 -96.193413
-17.683175 -25.957323 -94.939574
-22.410399 -34.591008 -91.111120
-20.272334 -39.090611 -89.782830
7
-76.484834 39.836726 50.627122
-80.786533 45.443694 37.528745
-79.789117 48.776087 35.420194
-66.193907 60.523853 44.217981
-61.641260 52.864582 58.358299
-66.778275 44.271222 59.839125
-70.435910 41.735279 57.419065
5
27.187978 -90.775543 31.947059
14.963340 -95.679571 24.930266
10.791172 -93.032017 35.051310
15.160362 -90.822602 39.005364
18.962967 -90.066326 39.095559
5
-56.571994 58.778906 -57.832947
-48.049030 65.687660 -58.106988
-49.487604 75.906578 -42.298564
-50.572659 75.765502 -41.255240
-65.599617 56.753488 -49.756727
7
99.830786 -5.277605 -2.441533
96.099351 -7.997495 -26.475551
95.946335 -10.819955 -26.023632
95.981482 -23.848526 -14.791988
96.547453 -22.952027 -12.320464
99.783299 -6.323114 -1.819769
99.819811 -5.626060 -2.086351
7
-58.950576 -80.413564 7.647768
-58.935995 -80.417012 7.723512
-50.206732 -84.595007 17.971336
-49.492162 -85.030282 17.899079
-39.906495 -91.389516 7.444997
-38.769769 -91.974693 -6.128688
-39.230497 -91.769347 -6.273355
8
-47.511379 86.359211 -16.874698
-40.059926 91.505262 -4.689272
-40.913439 91.071504 5.663183
-44.209027 88.865761 12.183534
-50.225358 85.918068 9.772361
-61.804639 78.530726 -3.621013
-58.595068 79.673751 -14.788895
-53.276760 82.109921 -20.482866
4
-83.471058 55.011913 -2.504368
-74.403586 65.819900 -11.482476
-70.710796 70.671489 -2.350321
-80.113337 59.331823 7.847801
7
34.582432 -77.327248 -53.146516
30.262253 -79.835841 -52.061835
26.460839 -84.094456 -47.201129
33.305139 -87.591684 -34.906513
35.547991 -87.334532 -33.301951
43.900927 -81.273083 -38.306587
43.613553 -76.056964 -48.095699
5
57.997458 -11.833493 80.599400
71.206451 -3.597983 70.119155
73.525191 -17.805060 65.398976
64.034191 -27.672133 71.651068
60.852005 -24.541284 75.463626
6
-59.195150 54.253687 59.602615
-61.641260 52.864582 58.358299
-66.193907 60.523853 44.217981
-57.642992 70.615954 41.117788
-52.527845 71.879680 45.542695
-53.578143 61.412129 57.947675
7
-77.421907 -60.172428 -19.624659
-70.639216 -59.901172 -37.708763
-71.848994 -56.369835 -40.745107
-74.002921 -52.560245 -41.964131
-83.740405 -39.656516 -37.615226
-87.971260 -41.848982 -22.576981
-86.497191 -46.756436 -18.222834
5
-82.657350 24.469933 -50.685154
-89.120513 17.618552 -41.798574
-83.322158 3.006365 -55.212135
-76.900429 7.095995 -63.529291
-75.460979 23.758291 -61.165221
6
69.104625 69.436655 20.077394
75.161148 65.182650 10.100694
75.206151 65.129743 10.107002
81.567016 50.779947 27.716762
76.003154 52.440354 38.386583
69.570581 59.882284 39.674253
6
-35.310236 -89.604588 26.911059
-49.492162 -85.030282 17.899079
-50.206732 -84.595007 17.971336
-54.173939 -78.642766 29.673216
-48.867016 -78.654438 37.755717
-36.126823 -86.919567 33.761540
6
70.563729 4.394354 -70.720929
71.421497 2.100202 -69.961124
78.618541 -1.729180 -61.774873
77.412210 18.390543 -60.573407
75.782584 19.257327 -62.339036
74.047184 19.041830 -64.454816
7
-7.082255 61.587169 -78.465676
-2.853905 69.927612 -71.428176
-13.166532 73.421881 -66.602326
-30.416183 69.944410 -64.673296
-31.796001 69.246727 -64.760367
-33.653759 66.582480 -66.589773
-33.562936 59.856282 -72.737575
6
31.364857 -37.366508 87.292553
41.397643 -36.357352 83.452849
44.015644 -41.303918 79.728348
40.726619 -55.840645 72.271467
38.864444 -58.338364 71.317532
26.253983 -42.183811 86.782800
5
58.338548 72.120194 37.353601
54.721172 74.051474 39.012466
45.743909 86.684638 19.830994
48.131662 85.880076 17.548665
62.855702 74.129966 23.535270
7
4.196041 7.546364 -99.626531
14.237952 13.639444 -98.036964
16.442229 26.426191 -95.033202
11.058783 37.484474 -92.046822
-0.811155 38.062734 -92.469294
-5.227126 31.643062 -94.717442
1.105382 9.411049 -99.550039
4
95.977231 -14.712725 23.914575
98.719709 -3.440520 15.575039
99.139239 -11.770009 5.733956
97.248464 -16.734292 16.208012
6
99.819811 -5.626060 -2.086351
99.543980 2.509685 9.203130
97.705495 21.291197 0.566758
97.345786 22.789358 -2.107857
99.160882 10.306141 -7.804039
99.830786 -5.277605 -2.441533
6
-48.089489 -50.609747 -71.596470
-42.891357 -55.265729 -71.456496
-28.270088 -55.504263 -78.230933
-30.615949 -46.860153 -82.866095
-36.870869 -41.512796 -83.169867
-48.139981 -49.595985 -72.268807
8
40.726619 -55.840645 72.271467
55.373495 -47.976590 68.058966
64.197924 -48.893553 59.059691
65.507363 -51.596886 55.195532
62.640843 -54.747210 55.487546
40.346005 -61.597857 67.660209
38.847618 -58.375963 71.295929
38.864444 -58.338364 71.317532
5
-38.933736 -69.841043 60.053251
-28.755728 -65.274176 70.088445
-28.390691 -65.335368 70.180185
-15.230602 -78.270893 60.346466
-33.010382 -76.401650 55.435571
6
73.124675 33.351599 59.501704
73.353863 33.183082 59.313521
77.082528 24.575042 58.773728
71.358118 18.458258 67.581889
60.749654 25.413890 75.256985
61.269212 30.380720 72.959547
7
7.295926 93.081452 -35.813583
34.477602 90.462194 -25.057663
34.743310 90.462955 -24.685141
34.858268 91.075888 -22.137834
11.750820 98.771133 -10.304443
7.740072 98.633503 -14.543843
1.537965 95.414112 -29.896184
6
-45.953576 -21.344900 86.212900
-61.471906 -31.022563 72.517622
-66.725202 -28.994371 68.608118
-66.243166 -16.436406 73.086849
-51.944991 -10.521188 84.799897
-46.027335 -14.652867 87.560139
5
1.537965 95.414112 -29.896184
7.740072 98.633503 -14.543843
-16.234582 97.979295 -11.683158
-19.788943 96.650535 -16.342330
-14.004582 93.662164 -32.113404
5
43.376436 48.175118 -76.142254
51.191375 59.962249 -61.513997
46.495157 68.452508 -56.146723
31.476805 62.629216 -71.321751
34.089470 52.973908 -77.663847
7
-70.639216 -59.901172 -37.708763
-77.421907 -60.172428 -19.624659
-77.282383 -61.047364 -17.339337
-74.122555 -65.752394 -13.508131
-64.839282 -74.636802 -15.007175
-58.637494 -77.916454 -22.151084
-66.090553 -65.149926 -37.249509
5
-53.578143 61.412129 57.947675
-52.527845 71.879680 45.542695
-46.820689 74.623056 47.320424
-36.865701 68.244619 63.115703
-41.599540 62.919102 65.655654
5
9.635270 83.234402 -54.582011
2.547589 71.017581 -70.356329
3.851024 70.809854 -70.506270
21.034320 72.786402 -65.266354
21.379493 73.389890 -64.473571
6
18.962967 -90.066326 39.095559
15.160362 -90.822602 39.005364
3.568618 -81.959542 57.183025
18.680101 -78.247247 59.400523
20.993914 -78.423545 58.386669
26.359570 -81.535960 51.546681
8
34.858268 91.075888 -22.137834
37.794662 90.709705 -18.528707
38.109785 90.724573 -17.795956
39.272697 91.737409 -6.473261
28.318987 95.691334 6.419005
10.716321 99.421959 0.659218
10.652169 99.429975 0.459819
11.750820 98.771133 -10.304443
6
-58.244914 20.443445 -78.673983
-50.746460 23.229678 -82.976978
-49.461649 25.315265 -83.142544
-58.410631 40.812219 -70.160964
-64.191997 37.976002 -66.612392
-68.704416 30.160444 -66.106360
6
-49.279630 50.991636 70.507951
-51.666142 44.766479 72.983369
-64.226260 42.270613 63.938899
-66.778275 44.271222 59.839125
-61.641260 52.864582 58.358299
-59.195150 54.253687 59.602615
6
60.375977 59.647732 52.885626
67.218188 61.391481 41.386003
69.570581 59.882284 39.674253
76.003154 52.440354 38.386583
76.796687 44.993347 45.583633
58.123052 51.793269 62.762793
7
-76.046015 -57.400440 30.367632
-71.176253 -63.719106 29.560388
-69.897820 -66.009786 27.513685
-69.889190 -67.309590 24.185123
-74.715398 -66.248584 5.360451
-84.018409 -54.130944 3.278378
-81.370196 -52.479831 24.995168
8
8.467070 55.025515 -83.069257
14.282706 60.172263 -78.583097
3.851024 70.809854 -70.506270
2.547589 71.017581 -70.356329
-0.827554 70.746283 -70.670210
-2.853905 69.927612 -71.428176
-7.082255 61.587169 -78.465676
-6.463901 59.000667 -80.480677
5
22.810643 85.316833 -46.911752
27.062989 85.905295 -43.449682
34.477602 90.462194 -25.057663
7.295926 93.081452 -35.813583
10.145016 87.568096 -47.211304
8
1.810124 -40.243506 91.526956
-3.145992 -38.178227 92.371672
-8.397586 -31.021601 94.694989
-9.478066 -24.729549 96.429330
-0.367928 -18.107703 98.346203
14.341437 -18.224160 97.273857
14.943403 -19.815141 96.871332
8.478270 -39.658844 91.407303
6
-80.113337 59.331823 7.847801
-70.710796 70.671489 -2.350321
-69.889401 71.502034 -1.711980
-68.248437 71.634908 14.511748
-69.330434 70.060495 16.876553
-80.031199 59.101928 10.097978
5
-69.889190 -67.309590 24.185123
-69.897820 -66.009786 27.513685
-54.173939 -78.642766 29.673216
-50.206732 -84.595007 17.971336
-58.935995 -80.417012 7.723512
6
-13.016866 97.865861 15.900771
-12.835375 97.887196 15.916970
-10.505173 97.915469 17.383967
-14.148993 91.989653 36.574714
-19.574079 90.194839 38.493460
-32.342325 91.536562 23.979822
4
-74.122555 -65.752394 -13.508131
-71.099841 -70.315090 0.775120
-64.022221 -76.814510 0.828431
-64.839282 -74.636802 -15.007175
5
41.167404 5.942188 -90.939184
38.315909 16.555606 -90.872455
37.185446 16.514049 -91.348392
23.843692 7.879055 -96.795655
29.349143 -2.653844 -95.559327
6
-33.624631 88.598402 -31.932858
-34.533413 88.640160 -30.827998
-53.953308 77.783633 -32.229598
-50.572659 75.765502 -41.255240
-49.487604 75.906578 -42.298564
-39.302768 79.605436 -46.024634
7
-92.369371 37.670476 6.988167
-93.976445 33.176408 8.231271
-96.630440 25.207396 5.210104
-97.192534 23.370975 -2.721922
-87.668900 39.972670 -26.764709
-86.971658 41.402816 -26.865173
-88.636516 45.845055 -6.465207
4
-38.109194 -41.945216 82.391069
-43.216031 -45.911551 77.617680
-61.471906 -31.022563 72.517622
-45.953576 -21.344900 86.212900
6
27.449832 -26.202053 92.520047
37.710487 -17.883570 90.874073
43.249448 -23.507047 87.045413
44.490412 -31.433704 83.860155
41.397643 -36.357352 83.452849
31.364857 -37.366508 87.292553
7
26.903190 26.127823 92.701430
23.725323 30.737385 92.153796
23.719805 34.873894 90.670736
37.448968 48.722557 78.890350
45.628346 44.748554 76.913074
43.941199 29.836521 84.728703
28.871247 25.503918 92.282183
6
52.337302 30.962330 -79.386025
62.337060 22.668968 -74.834543
66.577780 23.710315 -70.747581
68.577248 40.511411 -60.464756
61.507426 42.475544 -66.427891
49.421524 37.433615 -78.461694
5
94.894899 -30.458849 8.198580
97.248464 -16.734292 16.208012
99.139239 -11.770009 5.733956
99.161203 -11.814323 5.241912
96.897209 -24.570267 2.689384
7
-66.243166 -16.436406 73.086849
-66.725202 -28.994371 68.608118
-70.464365 -33.153633 62.734440
-77.948478 -30.714923 54.595130
-78.206406 -30.026797 54.609061
-76.154109 -4.986657 64.619540
-73.307757 -5.692289 67.775885
6
83.547146 -54.899650 2.429574
90.607181 -42.097140 -4.262567
90.502544 -39.248433 -16.396649
86.044090 -45.910741 -22.104716
77.455892 -58.341227 -24.431253
74.359281 -64.848219 -16.291281
6
84.391367 47.070445 -25.738501
80.323060 49.111406 -33.708691
80.194111 40.097776 -44.284003
82.921887 34.344201 -44.095765
85.032732 33.551410 -40.543030
87.088389 40.570941 -27.741868
7
-65.599617 56.753488 -49.756727
-50.572659 75.765502 -41.255240
-53.953308 77.783633 -32.229598
-54.238529 77.779203 -31.758111
-65.400629 69.394562 -30.118971
-73.972135 52.554070 -42.026099
-68.904359 54.213981 -48.094008
6
-28.270088 -55.504263 -78.230933
-42.891357 -55.265729 -71.456496
-37.691049 -72.751737 -57.328611
-34.488149 -73.359815 -58.556853
-25.254343 -63.420562 -73.075649
-27.179282 -56.179125 -78.135731
8
58.707269 -37.363169 -71.815389
59.954580 -27.780750 -75.057833
56.190731 -16.558772 -81.045720
38.826508 -19.291537 -90.112923
38.813859 -19.388562 -90.097547
43.083775 -37.342911 -82.154095
52.081300 -40.181957 -75.318979
57.275254 -38.722682 -72.250253
6
84.675373 -9.354608 -52.369577
83.958946 -22.071384 -49.636170
89.415548 -24.898782 -37.214385
95.946335 -10.819955 -26.023632
96.099351 -7.997495 -26.475551
95.527500 -1.622436 -29.527349
6
-74.002921 -52.560245 -41.964131
-71.848994 -56.369835 -40.745107
-57.344085 -56.083675 -59.718317
-55.852561 -52.308825 -64.376069
-64.350483 -42.771247 -63.479412
-72.078356 -44.463115 -53.176518
4
-8.684108 45.906612 88.414757
-3.374537 62.022258 78.369969
9.540860 50.345251 85.873906
-5.276810 39.897518 91.544215
6
-50.908631 -84.646391 -15.598071
-52.608329 -82.561911 -20.393492
-58.637494 -77.916454 -22.151084
-64.839282 -74.636802 -15.007175
-64.022221 -76.814510 0.828431
-62.216838 -78.265179 1.904419
8
-28.390691 -65.335368 70.180185
-28.755728 -65.274176 70.088445
-44.671942 -49.208008 74.719405
-43.216031 -45.911551 77.617680
-38.109194 -41.945216 82.391069
-31.498876 -42.518403 84.852850
-21.614103 -49.707177 84.035868
-16.555944 -57.015893 80.467936
7
14.943403 -19.815141 96.871332
14.341437 -18.224160 97.273857
18.080435 -7.381715 98.074503
24.167259 -4.790474 96.917465
37.718877 -17.371443 90.969881
37.710487 -17.883570 90.874073
27.449832 -26.202053 92.520047
6
-89.440839 -44.723939 -0.325147
-90.789419 -41.918988 0.282651
-88.952873 -38.483595 24.625177
-81.370196 -52.479831 24.995168
-84.018409 -54.130944 3.278378
-84.523610 -53.392517 2.235731
6
-50.122259 -63.711949 58.553793
-38.933736 -69.841043 60.053251
-33.010382 -76.401650 55.435571
-34.985015 -79.615257 49.370635
-48.642218 -76.407777 42.376718
-48.878349 -76.054001 42.739864
5
-91.307177 29.942084 27.685214
-88.794255 31.603465 33.418578
-89.230177 22.359375 39.217774
-92.244436 11.371889 36.900464
-96.802224 12.184660 21.928599
6
38.481699 -65.868566 -64.656716
51.690143 -68.275788 -51.638609
55.055027 -65.881222 -51.269958
58.539627 -61.283979 -53.079055
43.655752 -57.568218 -69.138091
42.339569 -58.503218 -69.171774
4
-38.106976 27.435897 -88.290033
-35.884502 16.930278 -91.791439
-28.371748 17.621450 -94.257776
-23.903793 24.397109 -93.986115
5
-16.652427 9.667331 -98.128688
-26.179868 10.084615 -95.983931
-29.557724 7.255079 -95.255996
-28.003609 -2.289810 -95.971635
-18.600605 -3.489563 -98.192874
5
-6.564686 -61.404832 78.653363
-16.555944 -57.015893 80.467936
-21.614103 -49.707177 84.035868
-3.145992 -38.178227 92.371672
1.810124 -40.243506 91.526956
5
2.547589 71.017581 -70.356329
9.635270 83.234402 -54.582011
8.387793 86.665318 -49.180968
-3.777654 85.185369 -52.241575
-0.827554 70.746283 -70.670210
5
14.282706 60.172263 -78.583097
15.762130 59.954056 -78.466977
25.192994 66.858950 -69.965662
21.034320 72.786402 -65.266354
3.851024 70.809854 -70.506270
7
-89.015389 -9.175674 -44.632585
-90.567370 -11.491115 -40.810608
-89.818078 -20.022351 -39.138450
-87.660801 -25.336086 -40.910471
-75.576759 -28.544843 -58.935096
-72.041892 -25.197470 -64.614652
-74.975124 -17.398787 -63.843660
7
60.852005 -24.541284 75.463626
64.034191 -27.672133 71.651068
64.054163 -27.964353 71.519642
53.136034 -40.899411 74.187600
44.015644 -41.303918 79.728348
41.397643 -36.357352 83.452849
44.490412 -31.433704 83.860155
6
75.287733 -31.759097 57.646484
64.967907 -29.975898 69.861410
64.054163 -27.964353 71.519642
64.034191 -27.672133 71.651068
73.525191 -17.805060 65.398976
82.348859 -17.464221 53.978388
5
90.828989 41.360690 -6.275994
85.301718 51.970324 4.764699
80.814953 58.643390 5.467741
81.780189 54.483040 -18.536425
84.298290 49.648618 -20.707801
6
-90.567370 -11.491115 -40.810608
-93.802435 -4.281619 -34.391438
-98.310929 -13.020840 -12.861527
-97.780035 -17.068792 -12.154058
-95.110076 -25.130438 -17.959244
-89.818078 -20.022351 -39.138450
6
-75.133177 24.377878 -61.324749
-68.704416 30.160444 -66.106360
-64.191997 37.976002 -66.612392
-68.904359 54.213981 -48.094008
-73.972135 52.554070 -42.026099
-77.150480 49.686221 -39.737675
5
64.054163 -27.964353 71.519642
64.967907 -29.975898 69.861410
64.197924 -48.893553 59.059691
55.373495 -47.976590 68.058966
53.136034 -40.899411 74.187600
5
-24.181419 96.945912 4.092564
-15.266910 98.704837 -4.927134
-9.741358 99.524260 -0.166299
-12.835375 97.887196 15.916970
-13.016866 97.865861 15.900771
7
1.105382 9.411049 -99.550039
-13.617873 12.392054 -98.290338
-16.652427 9.667331 -98.128688
-18.600605 -3.489563 -98.192874
-15.531516 -7.632058 -98.491237
2.995557 -1.869051 -99.937647
4.196041 7.546364 -99.626531
7
-23.903793 24.397109 -93.986115
-28.371748 17.621450 -94.257776
-26.179868 10.084615 -95.983931
-16.652427 9.667331 -98.128688
-13.617873 12.392054 -98.290338
-16.817613 24.139116 -95.574426
-21.013286 25.667565 -94.337786
5
-15.531516 -7.632058 -98.491237
-15.901799 -9.738652 -98.246076
-3.928319 -20.485455 -97.800381
6.349683 -8.999397 -99.391611
2.995557 -1.869051 -99.937647
4
-78.206406 -30.026797 54.609061
-87.042506 -11.619410 47.839225
-78.639457 -2.487424 61.722351
-76.154109 -4.986657 64.619540
6
85.848913 -5.693217 50.966180
93.989998 -5.881943 33.634551
94.069072 -11.466378 31.930108
84.943033 -20.961851 48.428112
82.553805 -17.316528 53.712262
83.184731 -13.715193 53.779122
6
-0.367928 -18.107703 98.346203
-5.926522 -4.442158 99.725341
6.274951 2.878012 99.761426
8.255428 3.098346 99.610482
18.080435 -7.381715 98.074503
14.341437 -18.224160 97.273857
5
-28.249818 -94.108149 18.590427
-39.906495 -91.389516 7.444997
-49.492162 -85.030282 17.899079
-35.310236 -89.604588 26.911059
-28.555497 -93.256296 22.087254
5
26.504123 50.463699 -82.164144
34.089470 52.973908 -77.663847
31.476805 62.629216 -71.321751
25.192994 66.858950 -69.965662
15.762130 59.954056 -78.466977
6
58.123052 51.793269 62.762793
76.796687 44.993347 45.583633
76.962457 44.544287 45.744800
73.353863 33.183082 59.313521
73.124675 33.351599 59.501704
57.372350 51.137708 63.979280
