30
5
-0.907170 0.165307 0.386932
-0.593097 0.072307 0.801877
-0.481170 -0.373947 0.792868
-0.699273 -0.559829 0.444532
-0.927676 -0.296569 0.226856
5
-0.189108 -0.936271 0.296032
0.024822 -0.758546 0.651147
0.424757 -0.686506 0.590161
0.582076 -0.800781 0.141199
0.122747 -0.991719 -0.037770
6
0.424757 -0.686506 0.590161
0.581228 -0.328017 0.744701
0.799117 -0.144266 0.583608
0.941395 -0.286609 0.177847
0.705387 -0.707814 0.037791
0.582076 -0.800781 0.141199
6
0.586496 0.793721 0.161339
0.825697 0.477196 0.300847
0.758302 0.309397 0.573805
0.392994 0.428102 0.813809
0.136850 0.797134 0.588090
0.188111 0.882443 0.431170
5
0.101638 0.926997 -0.361035
0.523042 0.816629 -0.244016
0.586496 0.793721 0.161339
0.188111 0.882443 0.431170
-0.136129 0.990301 0.027803
5
0.392994 0.428102 0.813809
0.141925 0.097226 0.985091
-0.357581 0.314826 0.879216
-0.326317 0.635462 0.699790
0.136850 0.797134 0.588090
6
-0.136129 0.990301 0.027803
-0.464868 0.883576 0.056489
-0.649198 0.641954 -0.407966
-0.553909 0.627916 -0.546723
-0.035218 0.792921 -0.608306
0.101638 0.926997 -0.361035
5
-0.589206 -0.749125 -0.302735
-0.921639 -0.337399 -0.191686
-0.927676 -0.296569 0.226856
-0.699273 -0.559829 0.444532
-0.480538 -0.847614 0.225018
5
0.660337 -0.600031 -0.451573
0.705387 -0.707814 0.037791
0.941395 -0.286609 0.177847
0.989249 0.022756 -0.144462
0.778674 -0.270167 -0.566283
6
-0.417726 -0.476446 -0.773630
0.061445 -0.409519 -0.910230
0.136976 -0.246984 -0.959290
-0.083583 0.189344 -0.978347
-0.485289 0.188212 -0.853856
-0.642777 -0.083576 -0.761480
6
-0.189108 -0.936271 0.296032
-0.480538 -0.847614 0.225018
-0.699273 -0.559829 0.444532
-0.481170 -0.373947 0.792868
-0.190481 -0.464052 0.865085
0.024822 -0.758546 0.651147
6
-0.914661 -0.081591 -0.395902
-0.916670 0.334941 -0.218015
-0.903666 0.320230 0.284324
-0.907170 0.165307 0.386932
-0.927676 -0.296569 0.226856
-0.921639 -0.337399 -0.191686
6
0.136850 0.797134 0.588090
-0.326317 0.635462 0.699790
-0.601079 0.715864 0.355306
-0.464868 0.883576 0.056489
-0.136129 0.990301 0.027803
0.188111 0.882443 0.431170
5
0.136976 -0.246984 -0.959290
0.606489 -0.070869 -0.791927
0.568640 0.383222 -0.727866
0.151407 0.501744 -0.851662
-0.083583 0.189344 -0.978347
6
0.799117 -0.144266 0.583608
0.581228 -0.328017 0.744701
0.170518 -0.069301 0.982915
0.141925 0.097226 0.985091
0.392994 0.428102 0.813809
0.758302 0.309397 0.573805
6
0.061445 -0.409519 -0.910230
0.267069 -0.751275 -0.603539
0.660337 -0.600031 -0.451573
0.778674 -0.270167 -0.566283
0.606489 -0.070869 -0.791927
0.136976 -0.246984 -0.959290
6
-0.190481 -0.464052 0.865085
-0.481170 -0.373947 0.792868
-0.593097 0.072307 0.801877
-0.357581 0.314826 0.879216
0.141925 0.097226 0.985091
0.170518 -0.069301 0.982915
5
-0.083583 0.189344 -0.978347
0.151407 0.501744 -0.851662
-0.035218 0.792921 -0.608306
-0.553909 0.627916 -0.546723
-0.485289 0.188212 -0.853856
6
-0.326317 0.635462 0.699790
-0.357581 0.314826 0.879216
-0.593097 0.072307 0.801877
-0.907170 0.165307 0.386932
-0.903666 0.320230 0.284324
-0.601079 0.715864 0.355306
6
0.941395 -0.286609 0.177847
0.799117 -0.144266 0.583608
0.758302 0.309397 0.573805
0.825697 0.477196 0.300847
0.972581 0.190478 -0.133431
0.989249 0.022756 -0.144462
6
-0.914661 -0.081591 -0.395902
-0.642777 -0.083576 -0.761480
-0.485289 0.188212 -0.853856
-0.553909 0.627916 -0.546723
-0.649198 0.641954 -0.407966
-0.916670 0.334941 -0.218015
5
-0.916670 0.334941 -0.218015
-0.649198 0.641954 -0.407966
-0.464868 0.883576 0.056489
-0.601079 0.715864 0.355306
-0.903666 0.320230 0.284324
5
0.523042 0.816629 -0.244016
0.706238 0.518747 -0.481799
0.972581 0.190478 -0.133431
0.825697 0.477196 0.300847
0.586496 0.793721 0.161339
6
0.267069 -0.751275 -0.603539
0.043778 -0.928227 -0.369428
0.122747 -0.991719 -0.037770
0.582076 -0.800781 0.141199
0.705387 -0.707814 0.037791
0.660337 -0.600031 -0.451573
6
0.568640 0.383222 -0.727866
0.606489 -0.070869 -0.791927
0.778674 -0.270167 -0.566283
0.989249 0.022756 -0.144462
0.972581 0.190478 -0.133431
0.706238 0.518747 -0.481799
6
-0.921639 -0.337399 -0.191686
-0.589206 -0.749125 -0.302735
-0.481959 -0.761902 -0.432689
-0.417726 -0.476446 -0.773630
-0.642777 -0.083576 -0.761480
-0.914661 -0.081591 -0.395902
5
0.024822 -0.758546 0.651147
-0.190481 -0.464052 0.865085
0.170518 -0.069301 0.982915
0.581228 -0.328017 0.744701
0.424757 -0.686506 0.590161
5
0.043778 -0.928227 -0.369428
0.267069 -0.751275 -0.603539
0.061445 -0.409519 -0.910230
-0.417726 -0.476446 -0.773630
-0.481959 -0.761902 -0.432689
6
-0.589206 -0.749125 -0.302735
-0.480538 -0.847614 0.225018
-0.189108 -0.936271 0.296032
0.122747 -0.991719 -0.037770
0.043778 -0.928227 -0.369428
-0.481959 -0.761902 -0.432689
6
-0.035218 0.792921 -0.608306
0.151407 0.501744 -0.851662
0.568640 0.383222 -0.727866
0.706238 0.518747 -0.481799
0.523042 0.816629 -0.244016
0.101638 0.926997 -0.361035
