90
6
-0.209643 0.810159 0.547441
-0.119395 0.711757 0.692205
-0.218374 0.540529 0.812491
-0.461308 0.483002 0.744247
-0.562322 0.594364 0.574914
-0.449992 0.752562 0.480789
6
0.644017 -0.649151 -0.404779
0.522320 -0.815867 -0.248079
0.609225 -0.792975 -0.005981
0.772528 -0.634483 0.025129
0.854923 -0.466929 -0.226019
0.852858 -0.466940 -0.233667
6
0.439046 0.730122 -0.523603
0.389298 0.872040 -0.296637
0.135300 0.944810 -0.298376
-0.001233 0.872513 -0.488589
0.066672 0.779034 -0.623426
0.336861 0.699633 -0.630110
6
0.368969 -0.661551 -0.652850
0.568550 -0.582341 -0.581059
0.635155 -0.394656 -0.663947
0.494818 -0.258984 -0.829508
0.319397 -0.325149 -0.890092
0.226342 -0.525244 -0.820297
6
-0.351061 0.404622 -0.844415
-0.171943 0.211570 -0.962119
0.037187 0.270676 -0.961952
0.102889 0.438871 -0.892640
-0.069198 0.623017 -0.779142
-0.249305 0.591848 -0.766526
6
-0.971068 0.225645 -0.078180
-0.940136 0.310389 0.140720
-0.930324 0.172199 0.323798
-0.951705 -0.037511 0.304713
-0.985189 -0.144987 0.091549
-0.991667 0.050599 -0.118476
6
-0.930324 0.172199 0.323798
-0.805522 0.268475 0.528256
-0.735788 0.166811 0.656346
-0.759481 -0.122644 0.638864
-0.849162 -0.190802 0.492462
-0.951705 -0.037511 0.304713
6
0.500941 -0.472321 0.725238
0.437773 -0.243834 0.865390
0.508054 -0.121912 0.852654
0.730242 -0.072935 0.679284
0.795607 -0.206241 0.569626
0.694505 -0.437034 0.571545
6
0.947720 0.088608 0.306554
0.840092 0.249039 0.481897
0.794244 0.452349 0.405657
0.827697 0.526588 0.193965
0.937804 0.345358 0.035381
0.982295 0.153964 0.106736
6
-0.508116 -0.771572 0.382746
-0.594213 -0.786904 0.166411
-0.723165 -0.683183 0.101458
-0.841858 -0.482768 0.241266
-0.804820 -0.442097 0.395998
-0.625539 -0.562333 0.540817
6
0.244278 0.563266 0.789341
0.157174 0.703359 0.693240
0.248909 0.816315 0.521225
0.491852 0.752360 0.438219
0.587995 0.592828 0.550287
0.503786 0.480865 0.717613
6
0.085693 -0.851678 -0.517011
-0.094158 -0.945292 -0.312340
-0.028044 -0.989714 -0.140283
0.189671 -0.978988 -0.074884
0.364025 -0.885641 -0.288316
0.224046 -0.834946 -0.502661
6
0.735957 0.666483 0.119027
0.827697 0.526588 0.193965
0.794244 0.452349 0.405657
0.587995 0.592828 0.550287
0.491852 0.752360 0.438219
0.538857 0.802131 0.257329
5
-0.084131 0.928374 0.362001
-0.209643 0.810159 0.547441
-0.449992 0.752562 0.480789
-0.512724 0.839531 0.179729
-0.225745 0.960860 0.160583
6
-0.215462 -0.973148 0.080992
-0.426281 -0.904590 -0.001126
-0.594213 -0.786904 0.166411
-0.508116 -0.771572 0.382746
-0.323804 -0.837125 0.440877
-0.160693 -0.957974 0.237621
6
0.839117 -0.208752 -0.502299
0.635155 -0.394656 -0.663947
0.568550 -0.582341 -0.581059
0.644017 -0.649151 -0.404779
0.852858 -0.466940 -0.233667
0.841704 -0.209280 -0.497731
6
-0.991667 0.050599 -0.118476
-0.944994 -0.047547 -0.323613
-0.853979 0.093085 -0.511914
-0.828792 0.333918 -0.449001
-0.877605 0.400902 -0.262845
-0.971068 0.225645 -0.078180
6
0.654079 0.581981 -0.483197
0.439046 0.730122 -0.523603
0.336861 0.699633 -0.630110
0.344709 0.478651 -0.807508
0.460126 0.371488 -0.806400
0.682156 0.384614 -0.621881
6
0.460126 0.371488 -0.806400
0.439004 0.122035 -0.890159
0.557311 -0.013707 -0.830191
0.740963 0.035471 -0.670609
0.772100 0.250436 -0.584075
0.682156 0.384614 -0.621881
5
-0.094158 -0.945292 -0.312340
0.085693 -0.851678 -0.517011
-0.076453 -0.722542 -0.687087
-0.332483 -0.715941 -0.613908
-0.325110 -0.874272 -0.360489
6
-0.805522 0.268475 0.528256
-0.717633 0.506873 0.477579
-0.562322 0.594364 0.574914
-0.461308 0.483002 0.744247
-0.536368 0.231234 0.811690
-0.735788 0.166811 0.656346
6
0.699187 0.702104 -0.134864
0.759825 0.594805 -0.262439
0.898061 0.386250 -0.210469
0.937804 0.345358 0.035381
0.827697 0.526588 0.193965
0.735957 0.666483 0.119027
6
-0.735788 0.166811 0.656346
-0.536368 0.231234 0.811690
-0.452653 0.142007 0.880306
-0.469920 -0.145342 0.870661
-0.602436 -0.229431 0.764482
-0.759481 -0.122644 0.638864
6
-0.898254 -0.398755 -0.184754
-0.756535 -0.631275 -0.170723
-0.669125 -0.688043 -0.280836
-0.636368 -0.578322 -0.510470
-0.749121 -0.358454 -0.557071
-0.896201 -0.292108 -0.333911
6
0.199554 -0.266436 0.942969
0.067190 -0.476080 0.876831
-0.199135 -0.414115 0.888174
-0.254919 -0.247500 0.934751
-0.055436 -0.034091 0.997880
0.060909 -0.046600 0.997055
6
0.252634 -0.962573 0.098129
0.488026 -0.859076 0.154335
0.609225 -0.792975 -0.005981
0.522320 -0.815867 -0.248079
0.364025 -0.885641 -0.288316
0.189671 -0.978988 -0.074884
6
0.127789 0.389102 0.912288
-0.103077 0.383946 0.917584
-0.218374 0.540529 0.812491
-0.119395 0.711757 0.692205
0.157174 0.703359 0.693240
0.244278 0.563266 0.789341
6
-0.461308 0.483002 0.744247
-0.218374 0.540529 0.812491
-0.103077 0.383946 0.917584
-0.201033 0.185953 0.961773
-0.452653 0.142007 0.880306
-0.536368 0.231234 0.811690
6
-0.249305 0.591848 -0.766526
-0.388654 0.716694 -0.579049
-0.571600 0.640154 -0.513299
-0.662500 0.462803 -0.588988
-0.544684 0.322069 -0.774333
-0.351061 0.404622 -0.844415
6
0.067190 -0.476080 0.876831
0.124243 -0.591361 0.796778
-0.026804 -0.767020 0.641064
-0.203282 -0.755208 0.623168
-0.334064 -0.565728 0.753892
-0.199135 -0.414115 0.888174
6
0.682156 0.384614 -0.621881
0.772100 0.250436 -0.584075
0.910342 0.231872 -0.342800
0.898061 0.386250 -0.210469
0.759825 0.594805 -0.262439
0.654079 0.581981 -0.483197
6
-0.985189 -0.144987 0.091549
-0.949976 -0.307335 0.055588
-0.898254 -0.398755 -0.184754
-0.896201 -0.292108 -0.333911
-0.944994 -0.047547 -0.323613
-0.991667 0.050599 -0.118476
6
0.135300 0.944810 -0.298376
0.031710 0.995890 -0.084834
-0.130770 0.990105 -0.050902
-0.316691 0.916376 -0.244870
-0.250045 0.866985 -0.431062
-0.001233 0.872513 -0.488589
6
0.654079 0.581981 -0.483197
0.759825 0.594805 -0.262439
0.699187 0.702104 -0.134864
0.472096 0.864853 -0.170750
0.389298 0.872040 -0.296637
0.439046 0.730122 -0.523603
6
0.510962 -0.772071 0.377922
0.488026 -0.859076 0.154335
0.252634 -0.962573 0.098129
0.087327 -0.945287 0.314336
0.137497 -0.879228 0.456127
0.390692 -0.774099 0.498127
5
-0.254919 -0.247500 0.934751
-0.469920 -0.145342 0.870661
-0.452653 0.142007 0.880306
-0.201033 0.185953 0.961773
-0.055436 -0.034091 0.997880
6
-0.458037 -0.856606 -0.237548
-0.669125 -0.688043 -0.280836
-0.756535 -0.631275 -0.170723
-0.723165 -0.683183 0.101458
-0.594213 -0.786904 0.166411
-0.426281 -0.904590 -0.001126
6
0.488026 -0.859076 0.154335
0.510962 -0.772071 0.377922
0.720111 -0.575722 0.387278
0.811201 -0.534913 0.236263
0.772528 -0.634483 0.025129
0.609225 -0.792975 -0.005981
6
0.841704 -0.209280 -0.497731
0.960135 0.010810 -0.279328
0.910342 0.231872 -0.342800
0.772100 0.250436 -0.584075
0.740963 0.035471 -0.670609
0.839117 -0.208752 -0.502299
6
-0.707929 -0.264809 -0.654762
-0.759327 0.016524 -0.650499
-0.853979 0.093085 -0.511914
-0.944994 -0.047547 -0.323613
-0.896201 -0.292108 -0.333911
-0.749121 -0.358454 -0.557071
6
0.060909 -0.046600 0.997055
0.258064 0.169091 0.951216
0.404255 0.142017 0.903554
0.508054 -0.121912 0.852654
0.437773 -0.243834 0.865390
0.199554 -0.266436 0.942969
6
-0.382789 -0.410223 -0.827762
-0.416208 -0.640682 -0.645212
-0.332483 -0.715941 -0.613908
-0.076453 -0.722542 -0.687087
0.009025 -0.565780 -0.824507
-0.135709 -0.404598 -0.904369
6
-0.651423 0.715677 -0.251900
-0.571600 0.640154 -0.513299
-0.388654 0.716694 -0.579049
-0.250045 0.866985 -0.431062
-0.316691 0.916376 -0.244870
-0.520482 0.839511 -0.155951
6
0.209789 0.070471 -0.975204
0.439004 0.122035 -0.890159
0.460126 0.371488 -0.806400
0.344709 0.478651 -0.807508
0.102889 0.438871 -0.892640
0.037187 0.270676 -0.961952
6
-0.759481 -0.122644 0.638864
-0.602436 -0.229431 0.764482
-0.546009 -0.499224 0.672792
-0.625539 -0.562333 0.540817
-0.804820 -0.442097 0.395998
-0.849162 -0.190802 0.492462
6
-0.028044 -0.989714 -0.140283
-0.094158 -0.945292 -0.312340
-0.325110 -0.874272 -0.360489
-0.458037 -0.856606 -0.237548
-0.426281 -0.904590 -0.001126
-0.215462 -0.973148 0.080992
6
-0.951705 -0.037511 0.304713
-0.849162 -0.190802 0.492462
-0.804820 -0.442097 0.395998
-0.841858 -0.482768 0.241266
-0.949976 -0.307335 0.055588
-0.985189 -0.144987 0.091549
6
-0.520482 0.839511 -0.155951
-0.316691 0.916376 -0.244870
-0.130770 0.990105 -0.050902
-0.225745 0.960860 0.160583
-0.512724 0.839531 0.179729
-0.516854 0.837852 0.175686
6
-0.940136 0.310389 0.140720
-0.793660 0.585607 0.164825
-0.789336 0.589648 0.171066
-0.717633 0.506873 0.477579
-0.805522 0.268475 0.528256
-0.930324 0.172199 0.323798
6
0.231118 0.965236 0.122081
0.378979 0.920918 0.091021
0.538857 0.802131 0.257329
0.491852 0.752360 0.438219
0.248909 0.816315 0.521225
0.105147 0.930279 0.351460
6
-0.051169 -0.189951 -0.980459
-0.135709 -0.404598 -0.904369
0.009025 -0.565780 -0.824507
0.226342 -0.525244 -0.820297
0.319397 -0.325149 -0.890092
0.133567 -0.141388 -0.980902
5
-0.949976 -0.307335 0.055588
-0.841858 -0.482768 0.241266
-0.723165 -0.683183 0.101458
-0.756535 -0.631275 -0.170723
-0.898254 -0.398755 -0.184754
5
0.635155 -0.394656 -0.663947
0.839117 -0.208752 -0.502299
0.740963 0.035471 -0.670609
0.557311 -0.013707 -0.830191
0.494818 -0.258984 -0.829508
6
-0.562322 0.594364 0.574914
-0.717633 0.506873 0.477579
-0.789336 0.589648 0.171066
-0.516854 0.837852 0.175686
-0.512724 0.839531 0.179729
-0.449992 0.752562 0.480789
6
0.494818 -0.258984 -0.829508
0.557311 -0.013707 -0.830191
0.439004 0.122035 -0.890159
0.209789 0.070471 -0.975204
0.133567 -0.141388 -0.980902
0.319397 -0.325149 -0.890092
6
0.840092 0.249039 0.481897
0.752170 0.170757 0.636460
0.556014 0.310634 0.770944
0.503786 0.480865 0.717613
0.587995 0.592828 0.550287
0.794244 0.452349 0.405657
6
0.258064 0.169091 0.951216
0.127789 0.389102 0.912288
0.244278 0.563266 0.789341
0.503786 0.480865 0.717613
0.556014 0.310634 0.770944
0.404255 0.142017 0.903554
6
-0.544684 0.322069 -0.774333
-0.593947 0.134979 -0.793100
-0.418366 -0.044593 -0.907183
-0.250789 0.008178 -0.968007
-0.171943 0.211570 -0.962119
-0.351061 0.404622 -0.844415
6
-0.225745 0.960860 0.160583
-0.130770 0.990105 -0.050902
0.031710 0.995890 -0.084834
0.231118 0.965236 0.122081
0.105147 0.930279 0.351460
-0.084131 0.928374 0.362001
6
0.226342 -0.525244 -0.820297
0.009025 -0.565780 -0.824507
-0.076453 -0.722542 -0.687087
0.085693 -0.851678 -0.517011
0.224046 -0.834946 -0.502661
0.368969 -0.661551 -0.652850
6
-0.625539 -0.562333 0.540817
-0.546009 -0.499224 0.672792
-0.334064 -0.565728 0.753892
-0.203282 -0.755208 0.623168
-0.323804 -0.837125 0.440877
-0.508116 -0.771572 0.382746
6
-0.203282 -0.755208 0.623168
-0.026804 -0.767020 0.641064
0.137497 -0.879228 0.456127
0.087327 -0.945287 0.314336
-0.160693 -0.957974 0.237621
-0.323804 -0.837125 0.440877
6
-0.249305 0.591848 -0.766526
-0.069198 0.623017 -0.779142
0.066672 0.779034 -0.623426
-0.001233 0.872513 -0.488589
-0.250045 0.866985 -0.431062
-0.388654 0.716694 -0.579049
6
0.694505 -0.437034 0.571545
0.795607 -0.206241 0.569626
0.920242 -0.157211 0.358385
0.932819 -0.294261 0.207990
0.811201 -0.534913 0.236263
0.720111 -0.575722 0.387278
6
-0.782270 0.600297 -0.166421
-0.877605 0.400902 -0.262845
-0.828792 0.333918 -0.449001
-0.662500 0.462803 -0.588988
-0.571600 0.640154 -0.513299
-0.651423 0.715677 -0.251900
5
0.472096 0.864853 -0.170750
0.699187 0.702104 -0.134864
0.735957 0.666483 0.119027
0.538857 0.802131 0.257329
0.378979 0.920918 0.091021
5
0.124243 -0.591361 0.796778
0.378511 -0.606339 0.699344
0.390692 -0.774099 0.498127
0.137497 -0.879228 0.456127
-0.026804 -0.767020 0.641064
5
-0.479568 -0.287939 -0.828919
-0.418366 -0.044593 -0.907183
-0.593947 0.134979 -0.793100
-0.759327 0.016524 -0.650499
-0.707929 -0.264809 -0.654762
6
-0.215462 -0.973148 0.080992
-0.160693 -0.957974 0.237621
0.087327 -0.945287 0.314336
0.252634 -0.962573 0.098129
0.189671 -0.978988 -0.074884
-0.028044 -0.989714 -0.140283
6
0.720111 -0.575722 0.387278
0.510962 -0.772071 0.377922
0.390692 -0.774099 0.498127
0.378511 -0.606339 0.699344
0.500941 -0.472321 0.725238
0.694505 -0.437034 0.571545
6
0.795607 -0.206241 0.569626
0.730242 -0.072935 0.679284
0.752170 0.170757 0.636460
0.840092 0.249039 0.481897
0.947720 0.088608 0.306554
0.920242 -0.157211 0.358385
6
0.960135 0.010810 -0.279328
0.994769 -0.051663 -0.088117
0.982295 0.153964 0.106736
0.937804 0.345358 0.035381
0.898061 0.386250 -0.210469
0.910342 0.231872 -0.342800
6
-0.520482 0.839511 -0.155951
-0.516854 0.837852 0.175686
-0.789336 0.589648 0.171066
-0.793660 0.585607 0.164825
-0.782270 0.600297 -0.166421
-0.651423 0.715677 -0.251900
6
-0.707929 -0.264809 -0.654762
-0.749121 -0.358454 -0.557071
-0.636368 -0.578322 -0.510470
-0.416208 -0.640682 -0.645212
-0.382789 -0.410223 -0.827762
-0.479568 -0.287939 -0.828919
6
-0.209643 0.810159 0.547441
-0.084131 0.928374 0.362001
0.105147 0.930279 0.351460
0.248909 0.816315 0.521225
0.157174 0.703359 0.693240
-0.119395 0.711757 0.692205
6
-0.662500 0.462803 -0.588988
-0.828792 0.333918 -0.449001
-0.853979 0.093085 -0.511914
-0.759327 0.016524 -0.650499
-0.593947 0.134979 -0.793100
-0.544684 0.322069 -0.774333
5
0.336861 0.699633 -0.630110
0.066672 0.779034 -0.623426
-0.069198 0.623017 -0.779142
0.102889 0.438871 -0.892640
0.344709 0.478651 -0.807508
6
0.224046 -0.834946 -0.502661
0.364025 -0.885641 -0.288316
0.522320 -0.815867 -0.248079
0.644017 -0.649151 -0.404779
0.568550 -0.582341 -0.581059
0.368969 -0.661551 -0.652850
6
-0.325110 -0.874272 -0.360489
-0.332483 -0.715941 -0.613908
-0.416208 -0.640682 -0.645212
-0.636368 -0.578322 -0.510470
-0.669125 -0.688043 -0.280836
-0.458037 -0.856606 -0.237548
6
-0.055436 -0.034091 0.997880
-0.201033 0.185953 0.961773
-0.103077 0.383946 0.917584
0.127789 0.389102 0.912288
0.258064 0.169091 0.951216
0.060909 -0.046600 0.997055
6
0.378979 0.920918 0.091021
0.231118 0.965236 0.122081
0.031710 0.995890 -0.084834
0.135300 0.944810 -0.298376
0.389298 0.872040 -0.296637
0.472096 0.864853 -0.170750
5
-0.793660 0.585607 0.164825
-0.940136 0.310389 0.140720
-0.971068 0.225645 -0.078180
-0.877605 0.400902 -0.262845
-0.782270 0.600297 -0.166421
6
0.920242 -0.157211 0.358385
0.947720 0.088608 0.306554
0.982295 0.153964 0.106736
0.994769 -0.051663 -0.088117
0.972250 -0.232924 -0.021830
0.932819 -0.294261 0.207990
6
-0.171943 0.211570 -0.962119
-0.250789 0.008178 -0.968007
-0.051169 -0.189951 -0.980459
0.133567 -0.141388 -0.980902
0.209789 0.070471 -0.975204
0.037187 0.270676 -0.961952
5
0.556014 0.310634 0.770944
0.752170 0.170757 0.636460
0.730242 -0.072935 0.679284
0.508054 -0.121912 0.852654
0.404255 0.142017 0.903554
6
-0.382789 -0.410223 -0.827762
-0.135709 -0.404598 -0.904369
-0.051169 -0.189951 -0.980459
-0.250789 0.008178 -0.968007
-0.418366 -0.044593 -0.907183
-0.479568 -0.287939 -0.828919
5
0.972250 -0.232924 -0.021830
0.854923 -0.466929 -0.226019
0.772528 -0.634483 0.025129
0.811201 -0.534913 0.236263
0.932819 -0.294261 0.207990
6
0.199554 -0.266436 0.942969
0.437773 -0.243834 0.865390
0.500941 -0.472321 0.725238
0.378511 -0.606339 0.699344
0.124243 -0.591361 0.796778
0.067190 -0.476080 0.876831
6
-0.199135 -0.414115 0.888174
-0.334064 -0.565728 0.753892
-0.546009 -0.499224 0.672792
-0.602436 -0.229431 0.764482
-0.469920 -0.145342 0.870661
-0.254919 -0.247500 0.934751
6
0.852858 -0.466940 -0.233667
0.854923 -0.466929 -0.226019
0.972250 -0.232924 -0.021830
0.994769 -0.051663 -0.088117
0.960135 0.010810 -0.279328
0.841704 -0.209280 -0.497731
