475
6
-0.525862 0.432732 -0.732265
-0.558258 0.358638 -0.748149
-0.512802 0.283525 -0.810338
-0.411080 0.317506 -0.854519
-0.379446 0.387002 -0.840387
-0.426114 0.463870 -0.776693
6
0.414181 0.258222 0.872797
0.515696 0.292678 0.805231
0.582475 0.194145 0.789323
0.572115 0.139788 0.808173
0.469320 0.103355 0.876958
0.401989 0.204540 0.892507
6
-0.426114 0.463870 -0.776693
-0.379446 0.387002 -0.840387
-0.275033 0.412942 -0.868237
-0.235039 0.493171 -0.837579
-0.286305 0.553854 -0.781841
-0.385277 0.535627 -0.751442
5
-0.243631 -0.962048 0.122916
-0.158851 -0.968488 0.191827
-0.062505 -0.988534 0.137455
-0.072522 -0.996834 0.032598
-0.201645 -0.979381 -0.012290
5
-0.128397 -0.977322 -0.168390
-0.013041 -0.993386 -0.114081
0.069101 -0.980775 -0.182497
0.029862 -0.955492 -0.293502
-0.079352 -0.953138 -0.291944
6
0.372173 -0.392189 -0.841234
0.425968 -0.460612 -0.778709
0.526103 -0.417972 -0.740618
0.547849 -0.315059 -0.774983
0.496666 -0.278002 -0.822215
0.398981 -0.318485 -0.859873
6
0.963416 0.049817 -0.263339
0.926500 0.080064 -0.367678
0.906034 0.028844 -0.422221
0.909704 -0.079946 -0.407489
0.941211 -0.116063 -0.317257
0.967647 -0.051196 -0.247061
6
-0.783945 0.592066 -0.186785
-0.735512 0.632135 -0.243777
-0.669656 0.710329 -0.216779
-0.664747 0.738574 -0.112339
-0.717213 0.694919 -0.051900
-0.782153 0.618560 -0.074969
6
0.231388 0.426650 -0.874316
0.192390 0.341656 -0.919922
0.237701 0.269494 -0.933205
0.345706 0.260855 -0.901356
0.383992 0.350792 -0.854105
0.338300 0.419824 -0.842200
6
-0.766363 -0.302685 -0.566631
-0.736767 -0.258383 -0.624829
-0.756447 -0.146252 -0.637494
-0.818900 -0.106951 -0.563883
-0.854672 -0.154106 -0.495770
-0.832362 -0.261359 -0.488739
6
0.823067 0.392046 0.410927
0.858991 0.400308 0.319200
0.902997 0.333336 0.271077
0.917203 0.238461 0.319179
0.884689 0.221236 0.410341
0.838738 0.292555 0.459272
6
0.102319 -0.708169 -0.698590
0.151774 -0.764515 -0.626484
0.258969 -0.745038 -0.614698
0.300481 -0.687292 -0.661318
0.252776 -0.627313 -0.736602
0.138092 -0.650317 -0.747007
6
0.245855 0.905489 0.345897
0.354791 0.877207 0.323466
0.399345 0.839671 0.368072
0.368833 0.800097 0.473083
0.257012 0.828578 0.497397
0.217002 0.861035 0.459923
6
0.568532 -0.699303 -0.433298
0.510594 -0.772923 -0.376674
0.543831 -0.792308 -0.276578
0.610184 -0.753731 -0.244057
0.670158 -0.679475 -0.298667
0.648497 -0.656364 -0.385535
6
-0.313629 -0.118760 -0.942089
-0.376922 -0.031001 -0.925726
-0.444222 -0.033836 -0.895278
-0.497167 -0.133450 -0.857331
-0.471793 -0.195269 -0.859815
-0.368845 -0.220790 -0.902887
6
-0.443707 0.807734 -0.388188
-0.518571 0.737585 -0.432495
-0.501632 0.694939 -0.515194
-0.414634 0.713879 -0.564318
-0.343215 0.780651 -0.522290
-0.346569 0.815680 -0.463202
6
0.275446 -0.882248 -0.381796
0.205497 -0.927396 -0.312582
0.224007 -0.947316 -0.228939
0.313454 -0.930194 -0.191012
0.391606 -0.882952 -0.258920
0.366440 -0.862732 -0.348448
6
0.777270 -0.528392 0.341544
0.708842 -0.616137 0.343392
0.650151 -0.627432 0.428524
0.653034 -0.573894 0.494157
0.722409 -0.483839 0.493989
0.781645 -0.473179 0.406365
6
-0.877397 -0.461055 -0.132674
-0.833936 -0.537507 -0.125046
-0.786920 -0.584148 -0.198816
-0.790283 -0.534844 -0.298991
-0.832894 -0.456993 -0.312161
-0.880924 -0.409739 -0.236829
7
-0.243631 -0.962048 0.122916
-0.201645 -0.979381 -0.012290
-0.201790 -0.979348 -0.012581
-0.347000 -0.935862 -0.061270
-0.352603 -0.933966 -0.058119
-0.388120 -0.918801 0.071889
-0.320888 -0.936389 0.142150
5
-0.186399 -0.933202 0.307230
-0.324806 -0.901539 0.285881
-0.349726 -0.847139 0.400059
-0.271471 -0.844562 0.461539
-0.186121 -0.882137 0.432658
6
0.874432 -0.425670 0.232753
0.882675 -0.360123 0.301987
0.918096 -0.273413 0.286957
0.952053 -0.244972 0.183259
0.941557 -0.317189 0.113411
0.907325 -0.400051 0.129306
6
-0.880924 -0.409739 -0.236829
-0.915515 -0.320850 -0.242667
-0.946249 -0.274957 -0.170327
-0.943216 -0.325939 -0.064088
-0.911197 -0.407810 -0.058404
-0.877397 -0.461055 -0.132674
6
0.880613 0.348298 -0.321263
0.830113 0.378680 -0.409285
0.816716 0.328340 -0.474518
0.852386 0.218739 -0.474965
0.906848 0.192920 -0.374710
0.916369 0.239458 -0.320823
6
-0.210802 -0.730488 -0.649576
-0.174131 -0.663219 -0.727887
-0.225863 -0.602025 -0.765867
-0.330798 -0.590279 -0.736304
-0.364326 -0.655082 -0.661918
-0.308831 -0.718503 -0.623199
6
0.094403 -0.995424 0.014816
0.178013 -0.982653 -0.051999
0.145829 -0.975950 -0.162035
0.069101 -0.980775 -0.182497
-0.013041 -0.993386 -0.114081
-0.002978 -0.999690 -0.024708
6
0.303950 -0.793198 -0.527685
0.258969 -0.745038 -0.614698
0.151774 -0.764515 -0.626484
0.107695 -0.816798 -0.566782
0.152263 -0.858546 -0.489608
0.241706 -0.850423 -0.467290
6
0.748698 -0.254138 0.612262
0.767981 -0.330333 0.548712
0.715654 -0.421062 0.557267
0.647649 -0.427152 0.630945
0.628926 -0.348644 0.694909
0.676112 -0.270318 0.685420
5
-0.587365 0.098628 0.803290
-0.613001 0.217236 0.759630
-0.528144 0.284999 0.799900
-0.453808 0.227134 0.861666
-0.483029 0.119188 0.867455
6
-0.827889 0.465247 -0.313282
-0.778715 0.506195 -0.370635
-0.725034 0.596636 -0.344021
-0.735512 0.632135 -0.243777
-0.783945 0.592066 -0.186785
-0.841436 0.497973 -0.209783
6
-0.624889 0.523900 0.578828
-0.598551 0.600665 0.530037
-0.520356 0.653124 0.550145
-0.456224 0.617522 0.640723
-0.483288 0.543593 0.686250
-0.563535 0.491075 0.664284
6
0.059421 0.898329 0.435286
-0.062577 0.895020 0.441613
-0.102365 0.913195 0.394457
-0.072431 0.955576 0.285706
0.046953 0.959281 0.278523
0.087964 0.943277 0.320142
6
0.098979 0.874383 0.475035
0.068198 0.812994 0.578264
-0.046796 0.808428 0.586732
-0.093113 0.837443 0.538535
-0.062577 0.895020 0.441613
0.059421 0.898329 0.435286
6
0.735356 0.637803 0.229040
0.779599 0.554053 0.291978
0.741610 0.547901 0.387065
0.677645 0.601805 0.422643
0.635999 0.683274 0.358665
0.661164 0.696283 0.279378
6
0.968324 -0.083720 0.235243
0.934133 -0.115033 0.337880
0.913169 -0.032679 0.406268
0.922381 0.048161 0.383267
0.955805 0.078914 0.283212
0.976553 -0.006486 0.215179
6
0.076767 0.390473 0.917408
0.156228 0.406910 0.900010
0.238988 0.325987 0.914668
0.221259 0.249875 0.942659
0.126198 0.218601 0.967620
0.042964 0.299016 0.953280
6
-0.356341 0.231545 -0.905211
-0.411080 0.317506 -0.854519
-0.512802 0.283525 -0.810338
-0.537873 0.210429 -0.816341
-0.485221 0.126949 -0.865127
-0.386428 0.158668 -0.908569
6
0.006427 0.977754 -0.209657
0.007140 0.956166 -0.292739
0.094640 0.933719 -0.345271
0.189824 0.940248 -0.282667
0.178939 0.966289 -0.185113
0.102486 0.983509 -0.149017
6
0.996796 -0.020550 -0.077299
0.985635 -0.086366 -0.145133
0.976215 -0.175583 -0.127184
0.976907 -0.213003 -0.016817
0.990117 -0.129504 0.053832
0.997809 -0.056187 0.034923
6
0.857957 0.491777 0.148543
0.826773 0.498839 0.260013
0.779599 0.554053 0.291978
0.735356 0.637803 0.229040
0.749991 0.644160 0.150241
0.815882 0.571407 0.088490
6
-0.233783 -0.459478 -0.856870
-0.339787 -0.445180 -0.828468
-0.378161 -0.522362 -0.764286
-0.330798 -0.590279 -0.736304
-0.225863 -0.602025 -0.765867
-0.186578 -0.526324 -0.829561
6
-0.048065 0.086252 -0.995113
-0.110996 0.175027 -0.978287
-0.193235 0.168592 -0.966559
-0.248289 0.072313 -0.965983
-0.181023 -0.016533 -0.983340
-0.106304 -0.013181 -0.994246
6
0.617245 0.236775 -0.750298
0.651037 0.157912 -0.742438
0.735450 0.136468 -0.663694
0.763212 0.193054 -0.616634
0.729383 0.294708 -0.617372
0.648678 0.316875 -0.691958
6
-0.262286 -0.262008 0.928740
-0.242762 -0.149794 0.958451
-0.142151 -0.126563 0.981720
-0.080911 -0.183928 0.979604
-0.099702 -0.295270 0.950197
-0.215338 -0.309140 0.926316
6
-0.650044 0.319612 -0.689414
-0.672793 0.215016 -0.707897
-0.634815 0.171152 -0.753470
-0.537873 0.210429 -0.816341
-0.512802 0.283525 -0.810338
-0.558258 0.358638 -0.748149
5
0.385956 -0.413449 0.824681
0.409711 -0.296267 0.862765
0.518670 -0.261168 0.814108
0.553783 -0.355034 0.753177
0.491785 -0.434475 0.754573
6
0.421847 -0.575168 0.700876
0.497559 -0.503238 0.706531
0.579319 -0.513427 0.633073
0.582444 -0.574131 0.575441
0.502866 -0.652192 0.567249
0.425387 -0.643409 0.636452
6
0.087964 0.943277 0.320142
0.203324 0.930291 0.305317
0.245855 0.905489 0.345897
0.217002 0.861035 0.459923
0.098979 0.874383 0.475035
0.059421 0.898329 0.435286
6
-0.572931 -0.663835 -0.480701
-0.487492 -0.689275 -0.535959
-0.462600 -0.634707 -0.618989
-0.511164 -0.565492 -0.647248
-0.607374 -0.535222 -0.587055
-0.629454 -0.575751 -0.521823
6
-0.781794 -0.475846 0.402950
-0.714675 -0.493247 0.495930
-0.661444 -0.560539 0.498285
-0.650875 -0.629675 0.424113
-0.716524 -0.613325 0.332302
-0.773822 -0.539966 0.331115
6
0.642290 -0.171532 0.747021
0.676112 -0.270318 0.685420
0.628926 -0.348644 0.694909
0.553783 -0.355034 0.753177
0.518670 -0.261168 0.814108
0.540115 -0.210602 0.814815
6
0.383343 0.019079 -0.923409
0.341699 0.095851 -0.934909
0.239239 0.100817 -0.965713
0.189860 0.003244 -0.981806
0.240226 -0.075422 -0.967783
0.335888 -0.074936 -0.938916
6
-0.174050 0.866941 -0.467034
-0.088493 0.899092 -0.428722
-0.086464 0.934414 -0.345535
-0.180522 0.942445 -0.281442
-0.270215 0.901193 -0.338872
-0.265435 0.870148 -0.415194
6
-0.583804 -0.483898 0.651932
-0.632039 -0.425819 0.647460
-0.625201 -0.330886 0.706851
-0.533874 -0.331269 0.777972
-0.484689 -0.388509 0.783669
-0.491538 -0.482754 0.724802
6
-0.826459 0.012597 -0.562856
-0.818900 -0.106951 -0.563883
-0.756447 -0.146252 -0.637494
-0.717222 -0.103586 -0.689102
-0.722949 0.017744 -0.690673
-0.762714 0.055596 -0.644342
6
-0.940937 0.301863 0.153350
-0.957706 0.285024 0.039503
-0.944150 0.329341 -0.010712
-0.900148 0.435517 0.007705
-0.883288 0.451373 0.126748
-0.912666 0.364736 0.184416
6
0.342555 -0.933100 0.109453
0.432107 -0.900796 0.043013
0.411237 -0.909485 -0.061000
0.335254 -0.937340 -0.094859
0.251842 -0.967380 -0.027416
0.279316 -0.956411 0.085207
6
0.526103 -0.417972 -0.740618
0.572723 -0.460153 -0.678416
0.658693 -0.410980 -0.630253
0.681760 -0.331821 -0.651995
0.629253 -0.268824 -0.729228
0.547849 -0.315059 -0.774983
6
0.103977 0.136824 0.985123
0.180225 0.054066 0.982138
0.157986 -0.025895 0.987102
0.047747 -0.056863 0.997240
-0.015677 0.006394 0.999857
0.006325 0.105702 0.994378
6
-0.782400 0.208148 0.586962
-0.842664 0.132061 0.521994
-0.873023 0.147682 0.464781
-0.874316 0.254016 0.413579
-0.817555 0.326936 0.474042
-0.774915 0.301487 0.555529
6
-0.601787 -0.782151 0.161534
-0.506564 -0.846635 0.163102
-0.477106 -0.874349 0.088790
-0.535065 -0.844586 -0.019500
-0.593893 -0.804179 -0.024243
-0.641721 -0.761973 0.087129
6
-0.762672 0.574433 0.297251
-0.718126 0.653367 0.239597
-0.662302 0.701333 0.263607
-0.616446 0.691852 0.375946
-0.653497 0.622672 0.430373
-0.716959 0.567433 0.404956
6
0.396097 -0.530921 -0.749153
0.425968 -0.460612 -0.778709
0.372173 -0.392189 -0.841234
0.267888 -0.424566 -0.864858
0.234534 -0.495280 -0.836476
0.286763 -0.564825 -0.773783
6
-0.432407 0.901372 -0.023526
-0.451853 0.883157 -0.125945
-0.364071 0.910143 -0.197715
-0.276083 0.950670 -0.141439
-0.272648 0.959443 -0.071641
-0.365377 0.930853 0.003593
6
-0.717222 -0.103586 -0.689102
-0.756447 -0.146252 -0.637494
-0.736767 -0.258383 -0.624829
-0.651524 -0.296248 -0.698393
-0.618026 -0.251654 -0.744792
-0.636018 -0.140962 -0.758690
6
0.858345 -0.240662 -0.453128
0.867442 -0.140649 -0.477245
0.828222 -0.107148 -0.550062
0.766908 -0.167943 -0.619393
0.760358 -0.271907 -0.589850
0.795530 -0.304819 -0.523657
6
-0.655211 0.456583 -0.601856
-0.687094 0.367810 -0.626592
-0.650044 0.319612 -0.689414
-0.558258 0.358638 -0.748149
-0.525862 0.432732 -0.732265
-0.563473 0.500287 -0.657428
5
-0.178033 0.982242 0.059198
-0.082677 0.988755 0.124608
-0.111082 0.964456 0.239759
-0.229048 0.943542 0.239301
-0.270600 0.953671 0.131480
7
0.547849 -0.315059 -0.774983
0.629253 -0.268824 -0.729228
0.647381 -0.194771 -0.736859
0.580760 -0.111570 -0.806393
0.519555 -0.121125 -0.845808
0.504971 -0.139232 -0.851833
0.496666 -0.278002 -0.822215
6
0.751708 0.353104 -0.557003
0.729383 0.294708 -0.617372
0.763212 0.193054 -0.616634
0.833553 0.169457 -0.525807
0.852386 0.218739 -0.474965
0.816716 0.328340 -0.474518
6
-0.841436 0.497973 -0.209783
-0.783945 0.592066 -0.186785
-0.782153 0.618560 -0.074969
-0.819291 0.572977 -0.021435
-0.875642 0.481114 -0.042209
-0.875892 0.456489 -0.156303
6
-0.368845 -0.220790 -0.902887
-0.333377 -0.286480 -0.898215
-0.231087 -0.302656 -0.924661
-0.176259 -0.202092 -0.963375
-0.239573 -0.118969 -0.963562
-0.313629 -0.118760 -0.942089
6
-0.786312 -0.173107 0.593082
-0.745072 -0.262505 0.613155
-0.758746 -0.342271 0.554216
-0.823563 -0.325316 0.464665
-0.860179 -0.238667 0.450700
-0.840005 -0.161429 0.518007
6
0.258288 -0.614963 0.745056
0.174784 -0.582803 0.793594
0.173883 -0.511677 0.841399
0.282154 -0.440030 0.852504
0.334047 -0.447902 0.829335
0.342134 -0.561600 0.753359
6
-0.387134 0.657105 -0.646793
-0.423283 0.601312 -0.677683
-0.385277 0.535627 -0.751442
-0.286305 0.553854 -0.781841
-0.225663 0.652807 -0.723132
-0.264674 0.684831 -0.678936
6
-0.595987 -0.099484 -0.796808
-0.636018 -0.140962 -0.758690
-0.618026 -0.251654 -0.744792
-0.516375 -0.285231 -0.807465
-0.471793 -0.195269 -0.859815
-0.497167 -0.133450 -0.857331
6
-0.817555 0.326936 0.474042
-0.798596 0.422959 0.428195
-0.746846 0.479844 0.460404
-0.694884 0.464757 0.548759
-0.709877 0.364965 0.602391
-0.774915 0.301487 0.555529
6
0.976215 -0.175583 -0.127184
0.985635 -0.086366 -0.145133
0.967647 -0.051196 -0.247061
0.941211 -0.116063 -0.317257
0.931705 -0.208355 -0.297513
0.948380 -0.247040 -0.198865
6
0.502866 -0.652192 0.567249
0.500219 -0.705924 0.501450
0.409494 -0.773187 0.484249
0.334517 -0.765729 0.549325
0.337218 -0.708451 0.619985
0.425387 -0.643409 0.636452
6
0.653034 -0.573894 0.494157
0.650151 -0.627432 0.428524
0.569893 -0.705958 0.420530
0.500219 -0.705924 0.501450
0.502866 -0.652192 0.567249
0.582444 -0.574131 0.575441
6
-0.000142 0.709779 -0.704425
0.091582 0.761487 -0.641678
0.088927 0.794719 -0.600428
0.001271 0.834783 -0.550578
-0.111576 0.789940 -0.602947
-0.074517 0.720745 -0.689183
6
0.363103 -0.905279 0.220515
0.342555 -0.933100 0.109453
0.279316 -0.956411 0.085207
0.185748 -0.971032 0.150313
0.200291 -0.945994 0.254910
0.299078 -0.912093 0.280425
7
-0.627967 -0.773669 -0.084228
-0.593893 -0.804179 -0.024243
-0.535065 -0.844586 -0.019500
-0.469114 -0.877656 -0.098240
-0.481267 -0.855311 -0.191898
-0.564644 -0.793369 -0.227472
-0.583477 -0.782622 -0.216928
6
-0.337577 0.726090 0.599028
-0.399384 0.761983 0.509779
-0.361929 0.815992 0.450738
-0.259491 0.850074 0.458299
-0.207320 0.816696 0.538541
-0.242342 0.759887 0.603194
6
-0.364326 -0.655082 -0.661918
-0.462600 -0.634707 -0.618989
-0.487492 -0.689275 -0.535959
-0.422174 -0.757012 -0.498701
-0.343700 -0.772911 -0.533366
-0.308831 -0.718503 -0.623199
6
-0.733974 -0.403963 -0.545982
-0.649093 -0.442058 -0.619083
-0.621515 -0.397704 -0.674944
-0.651524 -0.296248 -0.698393
-0.736767 -0.258383 -0.624829
-0.766363 -0.302685 -0.566631
6
0.636392 0.585145 0.502604
0.667100 0.486955 0.563784
0.596958 0.470490 0.649832
0.541617 0.514615 0.664697
0.513357 0.609729 0.603900
0.553426 0.634863 0.539137
6
0.189824 0.940248 -0.282667
0.094640 0.933719 -0.345271
0.096757 0.901237 -0.422386
0.187532 0.861855 -0.471209
0.278871 0.872799 -0.400565
0.272907 0.907210 -0.320143
6
-0.015677 0.006394 0.999857
-0.120878 -0.020119 0.992464
-0.183537 0.041326 0.982144
-0.154680 0.151304 0.976310
-0.071267 0.175519 0.981893
0.006325 0.105702 0.994378
6
-0.445727 0.834743 -0.323315
-0.531884 0.810116 -0.246599
-0.604634 0.745573 -0.280246
-0.598367 0.710019 -0.371255
-0.518571 0.737585 -0.432495
-0.443707 0.807734 -0.388188
6
0.870681 0.488025 -0.061210
0.826766 0.535223 -0.173189
0.834573 0.495031 -0.241726
0.883680 0.397696 -0.246875
0.918095 0.361599 -0.162321
0.898254 0.436683 -0.049465
6
-0.339787 -0.445180 -0.828468
-0.233783 -0.459478 -0.856870
-0.187168 -0.370915 -0.909610
-0.231087 -0.302656 -0.924661
-0.333377 -0.286480 -0.898215
-0.379682 -0.377513 -0.844586
6
-0.943216 -0.325939 -0.064088
-0.963388 -0.267918 0.010212
-0.943141 -0.311267 0.116605
-0.908828 -0.398762 0.122562
-0.890308 -0.452627 0.049799
-0.911197 -0.407810 -0.058404
5
-0.788042 0.008635 0.615561
-0.727614 0.085838 0.680595
-0.644846 0.023610 0.763947
-0.688479 -0.102327 0.718001
-0.756458 -0.094158 0.647229
6
0.385591 0.190256 -0.902841
0.345706 0.260855 -0.901356
0.237701 0.269494 -0.933205
0.192795 0.176859 -0.965169
0.239239 0.100817 -0.965713
0.341699 0.095851 -0.934909
6
-0.308831 -0.718503 -0.623199
-0.343700 -0.772911 -0.533366
-0.266222 -0.834747 -0.482000
-0.190055 -0.836968 -0.513190
-0.156193 -0.780327 -0.605553
-0.210802 -0.730488 -0.649576
6
-0.032698 -0.282271 -0.958777
-0.095935 -0.201530 -0.974773
-0.176259 -0.202092 -0.963375
-0.231087 -0.302656 -0.924661
-0.187168 -0.370915 -0.909610
-0.085344 -0.377692 -0.921990
6
-0.983514 -0.180797 0.003530
-0.989901 -0.117440 0.079395
-0.970834 -0.158821 0.179604
-0.949345 -0.249749 0.190708
-0.943141 -0.311267 0.116605
-0.963388 -0.267918 0.010212
5
0.513357 0.609729 0.603900
0.541617 0.514615 0.664697
0.454224 0.492261 0.742536
0.370854 0.578937 0.726154
0.411182 0.651053 0.638012
6
0.338300 0.419824 -0.842200
0.383992 0.350792 -0.854105
0.484650 0.338007 -0.806763
0.517887 0.414127 -0.748526
0.466642 0.491340 -0.735412
0.371558 0.503749 -0.779860
6
0.360643 0.770705 -0.525309
0.444267 0.703752 -0.554400
0.513377 0.693728 -0.505159
0.525831 0.745049 -0.410370
0.440802 0.811706 -0.383180
0.370275 0.819791 -0.436852
7
-0.002978 -0.999690 -0.024708
-0.013041 -0.993386 -0.114081
-0.128397 -0.977322 -0.168390
-0.149688 -0.975701 -0.160004
-0.201790 -0.979348 -0.012581
-0.201645 -0.979381 -0.012290
-0.072522 -0.996834 0.032598
6
0.866104 -0.363615 -0.342998
0.886633 -0.276831 -0.370467
0.858345 -0.240662 -0.453128
0.795530 -0.304819 -0.523657
0.775866 -0.400538 -0.487444
0.802228 -0.430439 -0.413706
7
0.913092 0.407754 -0.000449
0.891660 0.435375 0.124064
0.857957 0.491777 0.148543
0.815882 0.571407 0.088490
0.817741 0.575311 0.017829
0.870681 0.488025 -0.061210
0.898254 0.436683 -0.049465
6
-0.497622 -0.801156 0.332449
-0.465723 -0.852367 0.237848
-0.506564 -0.846635 0.163102
-0.601787 -0.782151 0.161534
-0.627828 -0.735859 0.253661
-0.567602 -0.751959 0.335240
6
0.366440 -0.862732 -0.348448
0.430984 -0.804446 -0.408802
0.392527 -0.770669 -0.501988
0.303950 -0.793198 -0.527685
0.241706 -0.850423 -0.467290
0.275446 -0.882248 -0.381796
6
-0.432649 -0.619591 0.654921
-0.522364 -0.623402 0.581812
-0.580210 -0.567783 0.583934
-0.583804 -0.483898 0.651932
-0.491538 -0.482754 0.724802
-0.432862 -0.539840 0.721944
6
-0.710817 -0.539403 -0.451425
-0.755516 -0.447924 -0.478079
-0.821645 -0.405180 -0.400909
-0.832894 -0.456993 -0.312161
-0.790283 -0.534844 -0.298991
-0.724095 -0.579446 -0.374071
6
0.346525 0.924981 -0.155982
0.357016 0.899279 -0.252659
0.442538 0.850138 -0.285351
0.510310 0.829463 -0.227100
0.503243 0.855407 -0.122579
0.429292 0.898699 -0.089709
6
0.742210 -0.625498 -0.240575
0.752406 -0.638458 -0.162041
0.814929 -0.571882 -0.094031
0.853918 -0.505884 -0.122090
0.851676 -0.474458 -0.222572
0.787744 -0.542332 -0.292124
6
0.660448 -0.121588 0.740962
0.746597 -0.083745 0.659984
0.782704 -0.170540 0.598573
0.748698 -0.254138 0.612262
0.676112 -0.270318 0.685420
0.642290 -0.171532 0.747021
6
-0.265435 0.870148 -0.415194
-0.346569 0.815680 -0.463202
-0.343215 0.780651 -0.522290
-0.234020 0.771225 -0.591985
-0.171789 0.798588 -0.576842
-0.174050 0.866941 -0.467034
6
0.180225 0.054066 0.982138
0.281007 0.086847 0.955768
0.348414 0.012708 0.937255
0.328786 -0.079954 0.941014
0.225351 -0.110204 0.968025
0.157986 -0.025895 0.987102
5
-0.352603 -0.933966 -0.058119
-0.469114 -0.877656 -0.098240
-0.535065 -0.844586 -0.019500
-0.477106 -0.874349 0.088790
-0.388120 -0.918801 0.071889
6
-0.542064 0.741656 0.395112
-0.499915 0.797553 0.337631
-0.413411 0.839985 0.351449
-0.361929 0.815992 0.450738
-0.399384 0.761983 0.509779
-0.486969 0.718181 0.497069
6
-0.762714 0.055596 -0.644342
-0.722949 0.017744 -0.690673
-0.644071 0.058899 -0.762695
-0.634815 0.171152 -0.753470
-0.672793 0.215016 -0.707897
-0.753951 0.174631 -0.633294
6
0.090953 0.178593 -0.979710
0.192795 0.176859 -0.965169
0.237701 0.269494 -0.933205
0.192390 0.341656 -0.919922
0.082910 0.343036 -0.935656
0.036852 0.267889 -0.962745
6
-0.245822 0.481258 0.841405
-0.326458 0.539916 0.775833
-0.298398 0.613385 0.731244
-0.207640 0.647795 0.732971
-0.131881 0.591280 0.795610
-0.168021 0.507230 0.845273
6
0.241706 -0.850423 -0.467290
0.152263 -0.858546 -0.489608
0.072852 -0.912418 -0.402722
0.081733 -0.929906 -0.358601
0.205497 -0.927396 -0.312582
0.275446 -0.882248 -0.381796
6
0.065404 0.491057 -0.868669
0.030365 0.435929 -0.899469
0.082910 0.343036 -0.935656
0.192390 0.341656 -0.919922
0.231388 0.426650 -0.874316
0.181873 0.494816 -0.849753
6
-0.517673 -0.227320 0.824827
-0.533874 -0.331269 0.777972
-0.625201 -0.330886 0.706851
-0.667973 -0.268665 0.693996
-0.649561 -0.168252 0.741459
-0.562843 -0.165855 0.809753
5
0.092799 -0.466186 0.879806
0.110509 -0.362470 0.925421
0.230792 -0.339487 0.911857
0.282154 -0.440030 0.852504
0.173883 -0.511677 0.841399
6
0.006427 0.977754 -0.209657
0.102486 0.983509 -0.149017
0.087077 0.995249 -0.043562
0.010360 0.999896 -0.010013
-0.086722 0.993232 -0.077265
-0.085033 0.985158 -0.149104
6
0.648497 -0.656364 -0.385535
0.694258 -0.576236 -0.431229
0.664966 -0.540725 -0.515205
0.580935 -0.587004 -0.563863
0.536282 -0.668518 -0.515253
0.568532 -0.699303 -0.433298
6
0.629008 0.468636 -0.620265
0.605428 0.397292 -0.689649
0.648678 0.316875 -0.691958
0.729383 0.294708 -0.617372
0.751708 0.353104 -0.557003
0.702843 0.450636 -0.550399
6
0.300481 -0.687292 -0.661318
0.258969 -0.745038 -0.614698
0.303950 -0.793198 -0.527685
0.392527 -0.770669 -0.501988
0.446159 -0.703248 -0.553520
0.405275 -0.656378 -0.636333
6
-0.879436 -0.370413 0.298975
-0.914328 -0.283505 0.289187
-0.907204 -0.214015 0.362186
-0.860179 -0.238667 0.450700
-0.823563 -0.325316 0.464665
-0.827799 -0.396577 0.396832
6
-0.361929 0.815992 0.450738
-0.413411 0.839985 0.351449
-0.370080 0.882042 0.291621
-0.268602 0.915466 0.299626
-0.222254 0.892284 0.392979
-0.259491 0.850074 0.458299
6
0.881954 -0.398869 -0.251116
0.866104 -0.363615 -0.342998
0.802228 -0.430439 -0.413706
0.770195 -0.519273 -0.370344
0.787744 -0.542332 -0.292124
0.851676 -0.474458 -0.222572
6
0.670304 0.225502 0.706995
0.724179 0.153895 0.672221
0.715681 0.070987 0.694810
0.628986 0.037785 0.776498
0.572115 0.139788 0.808173
0.582475 0.194145 0.789323
6
0.517887 0.414127 -0.748526
0.484650 0.338007 -0.806763
0.527354 0.254117 -0.810754
0.617245 0.236775 -0.750298
0.648678 0.316875 -0.691958
0.605428 0.397292 -0.689649
6
-0.011640 0.995075 0.098443
0.010360 0.999896 -0.010013
0.087077 0.995249 -0.043562
0.175032 0.984418 0.016875
0.154156 0.979276 0.131356
0.073559 0.984674 0.158136
6
-0.819291 0.572977 -0.021435
-0.782153 0.618560 -0.074969
-0.717213 0.694919 -0.051900
-0.698675 0.712620 0.063442
-0.750950 0.648696 0.123564
-0.802147 0.589046 0.097904
6
-0.111082 0.964456 0.239759
-0.072431 0.955576 0.285706
-0.102365 0.913195 0.394457
-0.222254 0.892284 0.392979
-0.268602 0.915466 0.299626
-0.229048 0.943542 0.239301
6
-0.347000 -0.935862 -0.061270
-0.302994 -0.930631 -0.205232
-0.403408 -0.879201 -0.253512
-0.481267 -0.855311 -0.191898
-0.469114 -0.877656 -0.098240
-0.352603 -0.933966 -0.058119
6
-0.178033 0.982242 0.059198
-0.180406 0.983544 -0.009795
-0.086722 0.993232 -0.077265
0.010360 0.999896 -0.010013
-0.011640 0.995075 0.098443
-0.082677 0.988755 0.124608
6
0.371558 0.503749 -0.779860
0.466642 0.491340 -0.735412
0.495438 0.564620 -0.660111
0.423526 0.640655 -0.640459
0.347456 0.643864 -0.681699
0.319617 0.567168 -0.759055
6
0.902997 0.333336 0.271077
0.858991 0.400308 0.319200
0.826773 0.498839 0.260013
0.857957 0.491777 0.148543
0.891660 0.435375 0.124064
0.921963 0.340201 0.185061
6
-0.537585 -0.066169 0.840609
-0.562843 -0.165855 0.809753
-0.649561 -0.168252 0.741459
-0.688479 -0.102327 0.718001
-0.644846 0.023610 0.763947
-0.619546 0.033379 0.784250
6
-0.774915 0.301487 0.555529
-0.709877 0.364965 0.602391
-0.662686 0.345481 0.664447
-0.660431 0.232893 0.713857
-0.725953 0.169461 0.666539
-0.782400 0.208148 0.586962
6
-0.324806 -0.901539 0.285881
-0.348672 -0.903273 0.250052
-0.465723 -0.852367 0.237848
-0.497622 -0.801156 0.332449
-0.424634 -0.806619 0.411160
-0.349726 -0.847139 0.400059
5
0.817741 0.575311 0.017829
0.757198 0.651237 -0.050413
0.766427 0.622866 -0.156931
0.826766 0.535223 -0.173189
0.870681 0.488025 -0.061210
6
-0.747918 -0.644227 0.159969
-0.716555 -0.693126 0.078261
-0.747672 -0.663873 -0.016099
-0.814177 -0.580312 -0.018821
-0.842351 -0.536320 0.052971
-0.806236 -0.570738 0.155695
5
-0.149688 -0.975701 -0.160004
-0.271998 -0.936998 -0.219206
-0.302994 -0.930631 -0.205232
-0.347000 -0.935862 -0.061270
-0.201790 -0.979348 -0.012581
6
-0.128397 -0.977322 -0.168390
-0.079352 -0.953138 -0.291944
-0.130160 -0.925731 -0.355078
-0.230146 -0.912708 -0.337634
-0.271998 -0.936998 -0.219206
-0.149688 -0.975701 -0.160004
6
-0.522364 -0.623402 0.581812
-0.510420 -0.696081 0.504918
-0.588692 -0.689218 0.422399
-0.650875 -0.629675 0.424113
-0.661444 -0.560539 0.498285
-0.580210 -0.567783 0.583934
6
-0.650875 -0.629675 0.424113
-0.588692 -0.689218 0.422399
-0.567602 -0.751959 0.335240
-0.627828 -0.735859 0.253661
-0.698540 -0.668650 0.254850
-0.716524 -0.613325 0.332302
6
-0.847102 0.322583 -0.422325
-0.793554 0.365413 -0.486564
-0.754527 0.465708 -0.462390
-0.778715 0.506195 -0.370635
-0.827889 0.465247 -0.313282
-0.871032 0.358957 -0.335341
6
-0.998960 0.016554 -0.042484
-0.995026 -0.018608 -0.097863
-0.977947 0.027982 -0.206968
-0.969057 0.151521 -0.194860
-0.973803 0.182562 -0.135571
-0.990233 0.135860 -0.031328
5
-0.045621 -0.883187 -0.466797
0.072852 -0.912418 -0.402722
0.152263 -0.858546 -0.489608
0.107695 -0.816798 -0.566782
0.000769 -0.822607 -0.568609
6
-0.898943 0.266387 0.347764
-0.874316 0.254016 0.413579
-0.873023 0.147682 0.464781
-0.920184 0.066106 0.385864
-0.941843 0.080942 0.326159
-0.942873 0.188056 0.275002
6
0.629965 0.768208 0.114015
0.604054 0.768543 0.210856
0.529582 0.812216 0.244636
0.465387 0.866814 0.179023
0.488826 0.868840 0.078524
0.560842 0.826679 0.045370
6
-0.874316 0.254016 0.413579
-0.898943 0.266387 0.347764
-0.882580 0.370250 0.289773
-0.842098 0.431265 0.323855
-0.798596 0.422959 0.428195
-0.817555 0.326936 0.474042
7
0.575265 -0.814618 -0.073938
0.575450 -0.817818 0.005588
0.654357 -0.751951 0.079919
0.700746 -0.710412 0.065348
0.718627 -0.694780 0.029275
0.692984 -0.713568 -0.102926
0.637874 -0.759236 -0.129142
7
-0.079352 -0.953138 -0.291944
0.029862 -0.955492 -0.293502
0.081733 -0.929906 -0.358601
0.072852 -0.912418 -0.402722
-0.045621 -0.883187 -0.466797
-0.089670 -0.887514 -0.451971
-0.130160 -0.925731 -0.355078
6
-0.510420 -0.696081 0.504918
-0.443987 -0.745515 0.497074
-0.424634 -0.806619 0.411160
-0.497622 -0.801156 0.332449
-0.567602 -0.751959 0.335240
-0.588692 -0.689218 0.422399
6
0.399345 0.839671 0.368072
0.498550 0.798468 0.337486
0.546371 0.734762 0.402000
0.515407 0.712696 0.475836
0.408575 0.755327 0.512394
0.368833 0.800097 0.473083
6
0.088927 0.794719 -0.600428
0.189368 0.827452 -0.528643
0.187532 0.861855 -0.471209
0.096757 0.901237 -0.422386
-0.002188 0.877054 -0.480387
0.001271 0.834783 -0.550578
6
0.543831 -0.792308 -0.276578
0.510594 -0.772923 -0.376674
0.430984 -0.804446 -0.408802
0.366440 -0.862732 -0.348448
0.391606 -0.882952 -0.258920
0.475905 -0.852515 -0.216177
6
-0.717222 -0.103586 -0.689102
-0.636018 -0.140962 -0.758690
-0.595987 -0.099484 -0.796808
-0.600542 0.019004 -0.799368
-0.644071 0.058899 -0.762695
-0.722949 0.017744 -0.690673
6
-0.907204 -0.214015 0.362186
-0.914328 -0.283505 0.289187
-0.949345 -0.249749 0.190708
-0.970834 -0.158821 0.179604
-0.961557 -0.088110 0.260086
-0.931014 -0.120775 0.344421
6
0.907325 -0.400051 0.129306
0.884680 -0.462368 0.059638
0.834508 -0.545937 0.074495
0.803851 -0.569249 0.172568
0.823730 -0.511196 0.245248
0.874432 -0.425670 0.232753
6
0.664966 -0.540725 -0.515205
0.698131 -0.459145 -0.549363
0.658693 -0.410980 -0.630253
0.572723 -0.460153 -0.678416
0.541437 -0.547785 -0.637791
0.580935 -0.587004 -0.563863
6
0.815882 0.571407 0.088490
0.749991 0.644160 0.150241
0.690807 0.718507 0.080824
0.709283 0.704584 -0.021901
0.757198 0.651237 -0.050413
0.817741 0.575311 0.017829
6
0.429292 0.898699 -0.089709
0.503243 0.855407 -0.122579
0.577868 0.814062 -0.058071
0.560842 0.826679 0.045370
0.488826 0.868840 0.078524
0.413413 0.910461 0.012229
6
-0.186578 -0.526324 -0.829561
-0.225863 -0.602025 -0.765867
-0.174131 -0.663219 -0.727887
-0.064386 -0.664810 -0.744233
-0.027515 -0.594293 -0.803778
-0.078307 -0.529597 -0.844627
6
0.907325 -0.400051 0.129306
0.941557 -0.317189 0.113411
0.959039 -0.283268 0.001779
0.928544 -0.364560 -0.070009
0.901684 -0.429432 -0.050526
0.884680 -0.462368 0.059638
6
-0.529137 0.563967 -0.633999
-0.558648 0.622986 -0.547541
-0.639994 0.589691 -0.492617
-0.687401 0.506381 -0.520632
-0.655211 0.456583 -0.601856
-0.563473 0.500287 -0.657428
6
0.006325 0.105702 0.994378
-0.071267 0.175519 0.981893
-0.039732 0.276650 0.960149
0.042964 0.299016 0.953280
0.126198 0.218601 0.967620
0.103977 0.136824 0.985123
6
-0.531884 0.810116 -0.246599
-0.523439 0.837470 -0.157024
-0.595012 0.799056 -0.086426
-0.664747 0.738574 -0.112339
-0.669656 0.710329 -0.216779
-0.604634 0.745573 -0.280246
6
0.716776 0.503992 -0.481896
0.779644 0.480800 -0.401231
0.783637 0.525057 -0.332007
0.716956 0.620747 -0.317249
0.663972 0.645638 -0.377219
0.651946 0.597095 -0.467379
6
0.423526 0.640655 -0.640459
0.495438 0.564620 -0.660111
0.567900 0.552847 -0.609795
0.588108 0.615174 -0.525061
0.513377 0.693728 -0.505159
0.444267 0.703752 -0.554400
6
-0.176259 -0.202092 -0.963375
-0.095935 -0.201530 -0.974773
-0.038656 -0.100103 -0.994226
-0.106304 -0.013181 -0.994246
-0.181023 -0.016533 -0.983340
-0.239573 -0.118969 -0.963562
6
-0.936373 0.195925 -0.291236
-0.908209 0.316502 -0.273829
-0.921159 0.347280 -0.175676
-0.944904 0.304880 -0.119179
-0.973803 0.182562 -0.135571
-0.969057 0.151521 -0.194860
6
0.413413 0.910461 0.012229
0.488826 0.868840 0.078524
0.465387 0.866814 0.179023
0.381139 0.900104 0.211060
0.314030 0.936445 0.156384
0.334348 0.941350 0.045519
6
0.342555 -0.933100 0.109453
0.363103 -0.905279 0.220515
0.455931 -0.857466 0.238495
0.509766 -0.841497 0.178943
0.492894 -0.867167 0.071254
0.432107 -0.900796 0.043013
6
0.095781 0.002701 -0.995399
0.189860 0.003244 -0.981806
0.239239 0.100817 -0.965713
0.192795 0.176859 -0.965169
0.090953 0.178593 -0.979710
0.038640 0.088448 -0.995331
6
0.702843 0.450636 -0.550399
0.751708 0.353104 -0.557003
0.816716 0.328340 -0.474518
0.830113 0.378680 -0.409285
0.779644 0.480800 -0.401231
0.716776 0.503992 -0.481896
7
-0.660431 0.232893 0.713857
-0.613001 0.217236 0.759630
-0.587365 0.098628 0.803290
-0.619546 0.033379 0.784250
-0.644846 0.023610 0.763947
-0.727614 0.085838 0.680595
-0.725953 0.169461 0.666539
6
-0.649093 -0.442058 -0.619083
-0.607374 -0.535222 -0.587055
-0.511164 -0.565492 -0.647248
-0.482269 -0.500212 -0.719169
-0.521180 -0.429746 -0.737353
-0.621515 -0.397704 -0.674944
6
-0.120878 -0.020119 0.992464
-0.015677 0.006394 0.999857
0.047747 -0.056863 0.997240
0.028775 -0.157766 0.987057
-0.080911 -0.183928 0.979604
-0.142151 -0.126563 0.981720
6
0.724179 0.153895 0.672221
0.790745 0.180291 0.584994
0.837509 0.105373 0.536167
0.828421 0.021166 0.559706
0.762715 -0.011205 0.646638
0.715681 0.070987 0.694810
6
-0.106853 -0.873715 0.474558
-0.099844 -0.820175 0.563333
-0.016824 -0.797799 0.602689
0.073962 -0.829504 0.553582
0.064118 -0.883733 0.463579
-0.020892 -0.902565 0.430047
6
-0.639858 0.763482 0.087612
-0.606116 0.768926 0.203413
-0.662302 0.701333 0.263607
-0.718126 0.653367 0.239597
-0.750950 0.648696 0.123564
-0.698675 0.712620 0.063442
7
-0.186399 -0.933202 0.307230
-0.163217 -0.943562 0.288184
-0.158851 -0.968488 0.191827
-0.243631 -0.962048 0.122916
-0.320888 -0.936389 0.142150
-0.348672 -0.903273 0.250052
-0.324806 -0.901539 0.285881
6
-0.164414 -0.470707 0.866835
-0.070462 -0.447087 0.891711
0.005975 -0.497832 0.867253
-0.008236 -0.586365 0.810005
-0.092444 -0.615636 0.782589
-0.176017 -0.562384 0.807925
6
0.906034 0.028844 -0.422221
0.853349 0.057334 -0.518178
0.822869 0.004664 -0.568212
0.828222 -0.107148 -0.550062
0.867442 -0.140649 -0.477245
0.909704 -0.079946 -0.407489
6
0.015575 -0.983899 0.178047
0.026518 -0.960131 0.278291
0.135218 -0.941250 0.309460
0.200291 -0.945994 0.254910
0.185748 -0.971032 0.150313
0.109967 -0.987115 0.116241
6
0.310478 -0.871814 0.378872
0.236325 -0.866921 0.438861
0.243975 -0.815516 0.524795
0.334517 -0.765729 0.549325
0.409494 -0.773187 0.484249
0.403969 -0.822196 0.401001
6
0.145829 -0.975950 -0.162035
0.178013 -0.982653 -0.051999
0.251842 -0.967380 -0.027416
0.335254 -0.937340 -0.094859
0.313454 -0.930194 -0.191012
0.224007 -0.947316 -0.228939
6
0.360643 0.770705 -0.525309
0.370275 0.819791 -0.436852
0.278871 0.872799 -0.400565
0.187532 0.861855 -0.471209
0.189368 0.827452 -0.528643
0.283887 0.769356 -0.572276
6
-0.798596 0.422959 0.428195
-0.842098 0.431265 0.323855
-0.810291 0.520093 0.270060
-0.762672 0.574433 0.297251
-0.716959 0.567433 0.404956
-0.746846 0.479844 0.460404
6
0.916369 0.239458 -0.320823
0.906848 0.192920 -0.374710
0.926500 0.080064 -0.367678
0.963416 0.049817 -0.263339
0.973418 0.108799 -0.201545
0.953586 0.210758 -0.215071
6
-0.282152 0.387260 0.877736
-0.245822 0.481258 0.841405
-0.168021 0.507230 0.845273
-0.086365 0.442391 0.892654
-0.122260 0.346327 0.930113
-0.198787 0.322788 0.925360
6
-0.403408 -0.879201 -0.253512
-0.302994 -0.930631 -0.205232
-0.271998 -0.936998 -0.219206
-0.230146 -0.912708 -0.337634
-0.290327 -0.870256 -0.397951
-0.398494 -0.846322 -0.353469
6
-0.747672 -0.663873 -0.016099
-0.714411 -0.694502 -0.085341
-0.732384 -0.654765 -0.186803
-0.786920 -0.584148 -0.198816
-0.833936 -0.537507 -0.125046
-0.814177 -0.580312 -0.018821
6
0.928544 -0.364560 -0.070009
0.959039 -0.283268 0.001779
0.976907 -0.213003 -0.016817
0.976215 -0.175583 -0.127184
0.948380 -0.247040 -0.198865
0.928354 -0.326071 -0.178427
6
-0.307814 0.192512 0.931767
-0.339013 0.079719 0.937398
-0.437804 0.059983 0.897067
-0.483029 0.119188 0.867455
-0.453808 0.227134 0.861666
-0.387059 0.255093 0.886066
6
0.221259 0.249875 0.942659
0.238988 0.325987 0.914668
0.338029 0.356810 0.870875
0.414181 0.258222 0.872797
0.401989 0.204540 0.892507
0.297843 0.169089 0.939520
6
-0.545819 0.807274 0.224480
-0.499915 0.797553 0.337631
-0.542064 0.741656 0.395112
-0.616446 0.691852 0.375946
-0.662302 0.701333 0.263607
-0.606116 0.768926 0.203413
6
-0.773822 -0.539966 0.331115
-0.716524 -0.613325 0.332302
-0.698540 -0.668650 0.254850
-0.747918 -0.644227 0.159969
-0.806236 -0.570738 0.155695
-0.826128 -0.513683 0.231606
6
-0.872385 -0.057013 0.485483
-0.902500 -0.041577 0.428679
-0.920184 0.066106 0.385864
-0.873023 0.147682 0.464781
-0.842664 0.132061 0.521994
-0.825081 0.024345 0.564489
6
0.040411 -0.096036 -0.994557
0.106802 -0.181564 -0.977562
0.187022 -0.174572 -0.966720
0.240226 -0.075422 -0.967783
0.189860 0.003244 -0.981806
0.095781 0.002701 -0.995399
6
-0.072522 -0.996834 0.032598
-0.062505 -0.988534 0.137455
0.015575 -0.983899 0.178047
0.109967 -0.987115 0.116241
0.094403 -0.995424 0.014816
-0.002978 -0.999690 -0.024708
6
-0.005732 0.462261 0.886725
0.030606 0.551659 0.833508
0.113101 0.563849 0.818097
0.191414 0.494032 0.848111
0.156228 0.406910 0.900010
0.076767 0.390473 0.917408
6
0.882675 -0.360123 0.301987
0.834592 -0.380530 0.398314
0.828405 -0.314108 0.463770
0.864636 -0.223898 0.449749
0.912981 -0.198832 0.356276
0.918096 -0.273413 0.286957
6
-0.078307 -0.529597 -0.844627
-0.027515 -0.594293 -0.803778
0.087225 -0.584168 -0.806932
0.123369 -0.516653 -0.847260
0.069627 -0.443005 -0.893811
-0.035168 -0.447938 -0.893373
6
-0.256022 0.255586 -0.932271
-0.218303 0.335878 -0.916259
-0.275033 0.412942 -0.868237
-0.379446 0.387002 -0.840387
-0.411080 0.317506 -0.854519
-0.356341 0.231545 -0.905211
5
0.957806 0.287023 0.015040
0.957576 0.260242 0.123783
0.921963 0.340201 0.185061
0.891660 0.435375 0.124064
0.913092 0.407754 -0.000449
6
0.898254 0.436683 -0.049465
0.918095 0.361599 -0.162321
0.951383 0.269352 -0.149396
0.970028 0.238928 -0.044253
0.957806 0.287023 0.015040
0.913092 0.407754 -0.000449
6
-0.271604 -0.660066 0.700389
-0.187486 -0.713678 0.674917
-0.191640 -0.775697 0.601306
-0.276400 -0.790163 0.547034
-0.357721 -0.740288 0.569219
-0.362228 -0.675181 0.642590
6
-0.745072 -0.262505 0.613155
-0.667973 -0.268665 0.693996
-0.625201 -0.330886 0.706851
-0.632039 -0.425819 0.647460
-0.713839 -0.416760 0.562801
-0.758746 -0.342271 0.554216
6
0.401989 0.204540 0.892507
0.469320 0.103355 0.876958
0.454480 0.047791 0.889474
0.348414 0.012708 0.937255
0.281007 0.086847 0.955768
0.297843 0.169089 0.939520
6
0.775866 -0.400538 -0.487444
0.698131 -0.459145 -0.549363
0.664966 -0.540725 -0.515205
0.694258 -0.576236 -0.431229
0.770195 -0.519273 -0.370344
0.802228 -0.430439 -0.413706
6
-0.180522 0.942445 -0.281442
-0.180979 0.959928 -0.213974
-0.276083 0.950670 -0.141439
-0.364071 0.910143 -0.197715
-0.364231 0.890512 -0.272625
-0.270215 0.901193 -0.338872
6
-0.371924 -0.271697 0.887611
-0.416965 -0.221406 0.881544
-0.396799 -0.110559 0.911223
-0.306543 -0.088649 0.947720
-0.242762 -0.149794 0.958451
-0.262286 -0.262008 0.928740
6
-0.819291 0.572977 -0.021435
-0.802147 0.589046 0.097904
-0.842638 0.515800 0.154635
-0.883288 0.451373 0.126748
-0.900148 0.435517 0.007705
-0.875642 0.481114 -0.042209
6
-0.753951 0.174631 -0.633294
-0.672793 0.215016 -0.707897
-0.650044 0.319612 -0.689414
-0.687094 0.367810 -0.626592
-0.761490 0.323552 -0.561646
-0.785025 0.212687 -0.581808
6
-0.198787 0.322788 0.925360
-0.122260 0.346327 0.930113
-0.039732 0.276650 0.960149
-0.071267 0.175519 0.981893
-0.154680 0.151304 0.976310
-0.233757 0.216561 0.947871
6
-0.537585 -0.066169 0.840609
-0.619546 0.033379 0.784250
-0.587365 0.098628 0.803290
-0.483029 0.119188 0.867455
-0.437804 0.059983 0.897067
-0.462521 -0.042905 0.885570
6
0.224162 0.767477 0.600609
0.112894 0.778694 0.617163
0.068198 0.812994 0.578264
0.098979 0.874383 0.475035
0.217002 0.861035 0.459923
0.257012 0.828578 0.497397
6
0.735450 0.136468 -0.663694
0.755956 0.030330 -0.653920
0.822869 0.004664 -0.568212
0.853349 0.057334 -0.518178
0.833553 0.169457 -0.525807
0.763212 0.193054 -0.616634
6
0.853918 -0.505884 -0.122090
0.814929 -0.571882 -0.094031
0.803818 -0.594849 0.005498
0.834508 -0.545937 0.074495
0.884680 -0.462368 0.059638
0.901684 -0.429432 -0.050526
6
-0.990233 0.135860 -0.031328
-0.973803 0.182562 -0.135571
-0.944904 0.304880 -0.119179
-0.944150 0.329341 -0.010712
-0.957706 0.285024 0.039503
-0.985806 0.166192 0.023823
6
-0.039732 0.276650 0.960149
-0.122260 0.346327 0.930113
-0.086365 0.442391 0.892654
-0.005732 0.462261 0.886725
0.076767 0.390473 0.917408
0.042964 0.299016 0.953280
6
-0.984208 0.118329 0.131657
-0.956874 0.199003 0.211637
-0.942873 0.188056 0.275002
-0.941843 0.080942 0.326159
-0.970258 0.000152 0.242074
-0.988457 0.040712 0.145926
6
0.189368 0.827452 -0.528643
0.088927 0.794719 -0.600428
0.091582 0.761487 -0.641678
0.190316 0.701869 -0.686410
0.265666 0.709969 -0.652201
0.283887 0.769356 -0.572276
6
-0.333803 0.936170 0.110281
-0.270600 0.953671 0.131480
-0.229048 0.943542 0.239301
-0.268602 0.915466 0.299626
-0.370080 0.882042 0.291621
-0.414818 0.891979 0.179719
6
0.334348 0.941350 0.045519
0.314030 0.936445 0.156384
0.228462 0.955694 0.185619
0.154156 0.979276 0.131356
0.175032 0.984418 0.016875
0.253630 0.967186 -0.014909
6
0.783637 0.525057 -0.332007
0.834573 0.495031 -0.241726
0.826766 0.535223 -0.173189
0.766427 0.622866 -0.156931
0.719637 0.659090 -0.218456
0.716956 0.620747 -0.317249
6
-0.388120 -0.918801 0.071889
-0.477106 -0.874349 0.088790
-0.506564 -0.846635 0.163102
-0.465723 -0.852367 0.237848
-0.348672 -0.903273 0.250052
-0.320888 -0.936389 0.142150
6
0.375293 0.699798 0.607814
0.411182 0.651053 0.638012
0.370854 0.578937 0.726154
0.307017 0.580281 0.754331
0.228428 0.650378 0.724451
0.265786 0.726303 0.633910
6
0.640187 0.763138 -0.088207
0.647733 0.736066 -0.196592
0.719637 0.659090 -0.218456
0.766427 0.622866 -0.156931
0.757198 0.651237 -0.050413
0.709283 0.704584 -0.021901
6
0.906848 0.192920 -0.374710
0.852386 0.218739 -0.474965
0.833553 0.169457 -0.525807
0.853349 0.057334 -0.518178
0.906034 0.028844 -0.422221
0.926500 0.080064 -0.367678
6
-0.239573 -0.118969 -0.963562
-0.181023 -0.016533 -0.983340
-0.248289 0.072313 -0.965983
-0.322532 0.065785 -0.944270
-0.376922 -0.031001 -0.925726
-0.313629 -0.118760 -0.942089
6
0.773311 0.449140 0.447508
0.741610 0.547901 0.387065
0.779599 0.554053 0.291978
0.826773 0.498839 0.260013
0.858991 0.400308 0.319200
0.823067 0.392046 0.410927
6
-0.176017 -0.562384 0.807925
-0.092444 -0.615636 0.782589
-0.102217 -0.690125 0.716435
-0.187486 -0.713678 0.674917
-0.271604 -0.660066 0.700389
-0.267142 -0.583664 0.766793
6
-0.088493 0.899092 -0.428722
-0.174050 0.866941 -0.467034
-0.171789 0.798588 -0.576842
-0.111576 0.789940 -0.602947
0.001271 0.834783 -0.550578
-0.002188 0.877054 -0.480387
6
0.115295 -0.359170 -0.926123
0.069627 -0.443005 -0.893811
0.123369 -0.516653 -0.847260
0.234534 -0.495280 -0.836476
0.267888 -0.424566 -0.864858
0.207116 -0.345720 -0.915194
6
-0.988457 0.040712 0.145926
-0.970258 0.000152 0.242074
-0.961557 -0.088110 0.260086
-0.970834 -0.158821 0.179604
-0.989901 -0.117440 0.079395
-0.997133 -0.030385 0.069307
6
0.582475 0.194145 0.789323
0.515696 0.292678 0.805231
0.522948 0.346448 0.778780
0.611706 0.374054 0.697065
0.668295 0.315412 0.673719
0.670304 0.225502 0.706995
6
-0.230917 -0.418217 0.878505
-0.215338 -0.309140 0.926316
-0.099702 -0.295270 0.950197
-0.053389 -0.339218 0.939192
-0.070462 -0.447087 0.891711
-0.164414 -0.470707 0.866835
6
-0.879436 -0.370413 0.298975
-0.872071 -0.433956 0.226219
-0.908828 -0.398762 0.122562
-0.943141 -0.311267 0.116605
-0.949345 -0.249749 0.190708
-0.914328 -0.283505 0.289187
6
-0.432407 0.901372 -0.023526
-0.511807 0.857885 0.045680
-0.574099 0.818485 0.022204
-0.595012 0.799056 -0.086426
-0.523439 0.837470 -0.157024
-0.451853 0.883157 -0.125945
6
-0.964785 -0.005843 -0.262977
-0.955364 -0.123522 -0.268368
-0.926646 -0.163470 -0.338532
-0.899171 -0.114213 -0.422430
-0.907900 0.004438 -0.419164
-0.930871 0.039373 -0.363221
6
-0.621515 -0.397704 -0.674944
-0.521180 -0.429746 -0.737353
-0.485514 -0.352879 -0.799846
-0.516375 -0.285231 -0.807465
-0.618026 -0.251654 -0.744792
-0.651524 -0.296248 -0.698393
6
-0.180979 0.959928 -0.213974
-0.085033 0.985158 -0.149104
-0.086722 0.993232 -0.077265
-0.180406 0.983544 -0.009795
-0.272648 0.959443 -0.071641
-0.276083 0.950670 -0.141439
6
-0.307814 0.192512 0.931767
-0.387059 0.255093 0.886066
-0.352636 0.359208 0.864070
-0.282152 0.387260 0.877736
-0.198787 0.322788 0.925360
-0.233757 0.216561 0.947871
6
-0.365377 0.930853 0.003593
-0.272648 0.959443 -0.071641
-0.180406 0.983544 -0.009795
-0.178033 0.982242 0.059198
-0.270600 0.953671 0.131480
-0.333803 0.936170 0.110281
6
0.077596 -0.700530 0.709392
0.166912 -0.733918 0.658411
0.159218 -0.796705 0.583019
0.073962 -0.829504 0.553582
-0.016824 -0.797799 0.602689
-0.009477 -0.736342 0.676544
6
0.996796 -0.020550 -0.077299
0.997809 -0.056187 0.034923
0.994176 0.028543 0.103920
0.991332 0.101092 0.083914
0.990285 0.135464 -0.031397
0.992637 0.077726 -0.092898
6
-0.020892 -0.902565 0.430047
0.064118 -0.883733 0.463579
0.145714 -0.900200 0.410375
0.135218 -0.941250 0.309460
0.026518 -0.960131 0.278291
-0.030249 -0.945040 0.325553
6
0.112894 0.778694 0.617163
0.077877 0.702701 0.707210
-0.010379 0.692423 0.721417
-0.078298 0.738303 0.669910
-0.046796 0.808428 0.586732
0.068198 0.812994 0.578264
6
0.546371 0.734762 0.402000
0.498550 0.798468 0.337486
0.529582 0.812216 0.244636
0.604054 0.768543 0.210856
0.661164 0.696283 0.279378
0.635999 0.683274 0.358665
6
-0.593893 -0.804179 -0.024243
-0.627967 -0.773669 -0.084228
-0.714411 -0.694502 -0.085341
-0.747672 -0.663873 -0.016099
-0.716555 -0.693126 0.078261
-0.641721 -0.761973 0.087129
6
-0.629454 -0.575751 -0.521823
-0.710817 -0.539403 -0.451425
-0.724095 -0.579446 -0.374071
-0.668674 -0.660115 -0.342235
-0.590817 -0.696256 -0.407631
-0.572931 -0.663835 -0.480701
6
-0.755516 -0.447924 -0.478079
-0.733974 -0.403963 -0.545982
-0.766363 -0.302685 -0.566631
-0.832362 -0.261359 -0.488739
-0.856031 -0.311799 -0.412302
-0.821645 -0.405180 -0.400909
6
-0.364231 0.890512 -0.272625
-0.364071 0.910143 -0.197715
-0.451853 0.883157 -0.125945
-0.523439 0.837470 -0.157024
-0.531884 0.810116 -0.246599
-0.445727 0.834743 -0.323315
6
0.486883 0.177525 -0.855237
0.385591 0.190256 -0.902841
0.341699 0.095851 -0.934909
0.383343 0.019079 -0.923409
0.477863 0.014755 -0.878310
0.523942 0.083267 -0.847674
6
-0.713839 -0.416760 0.562801
-0.632039 -0.425819 0.647460
-0.583804 -0.483898 0.651932
-0.580210 -0.567783 0.583934
-0.661444 -0.560539 0.498285
-0.714675 -0.493247 0.495930
6
0.902997 0.333336 0.271077
0.921963 0.340201 0.185061
0.957576 0.260242 0.123783
0.971052 0.185906 0.149988
0.953625 0.155860 0.257499
0.917203 0.238461 0.319179
6
0.823067 0.392046 0.410927
0.838738 0.292555 0.459272
0.788695 0.274495 0.550103
0.736830 0.336960 0.586123
0.720568 0.437646 0.537817
0.773311 0.449140 0.447508
6
0.559336 -0.750568 0.351841
0.467093 -0.817303 0.337401
0.403969 -0.822196 0.401001
0.409494 -0.773187 0.484249
0.500219 -0.705924 0.501450
0.569893 -0.705958 0.420530
6
-0.130160 -0.925731 -0.355078
-0.089670 -0.887514 -0.451971
-0.190055 -0.836968 -0.513190
-0.266222 -0.834747 -0.482000
-0.290327 -0.870256 -0.397951
-0.230146 -0.912708 -0.337634
6
0.928354 -0.326071 -0.178427
0.948380 -0.247040 -0.198865
0.931705 -0.208355 -0.297513
0.886633 -0.276831 -0.370467
0.866104 -0.363615 -0.342998
0.881954 -0.398869 -0.251116
6
0.383992 0.350792 -0.854105
0.345706 0.260855 -0.901356
0.385591 0.190256 -0.902841
0.486883 0.177525 -0.855237
0.527354 0.254117 -0.810754
0.484650 0.338007 -0.806763
6
-0.840005 -0.161429 0.518007
-0.860179 -0.238667 0.450700
-0.907204 -0.214015 0.362186
-0.931014 -0.120775 0.344421
-0.902500 -0.041577 0.428679
-0.872385 -0.057013 0.485483
6
0.716956 0.620747 -0.317249
0.719637 0.659090 -0.218456
0.647733 0.736066 -0.196592
0.590517 0.765884 -0.254383
0.586880 0.727017 -0.356395
0.663972 0.645638 -0.377219
6
0.670304 0.225502 0.706995
0.668295 0.315412 0.673719
0.736830 0.336960 0.586123
0.788695 0.274495 0.550103
0.790745 0.180291 0.584994
0.724179 0.153895 0.672221
6
0.377939 -0.151066 -0.913423
0.504971 -0.139232 -0.851833
0.519555 -0.121125 -0.845808
0.477863 0.014755 -0.878310
0.383343 0.019079 -0.923409
0.335888 -0.074936 -0.938916
6
0.145714 -0.900200 0.410375
0.064118 -0.883733 0.463579
0.073962 -0.829504 0.553582
0.159218 -0.796705 0.583019
0.243975 -0.815516 0.524795
0.236325 -0.866921 0.438861
6
0.245855 0.905489 0.345897
0.203324 0.930291 0.305317
0.228462 0.955694 0.185619
0.314030 0.936445 0.156384
0.381139 0.900104 0.211060
0.354791 0.877207 0.323466
7
-0.234020 0.771225 -0.591985
-0.264674 0.684831 -0.678936
-0.225663 0.652807 -0.723132
-0.158437 0.656688 -0.737332
-0.074517 0.720745 -0.689183
-0.111576 0.789940 -0.602947
-0.171789 0.798588 -0.576842
6
-0.977947 0.027982 -0.206968
-0.964785 -0.005843 -0.262977
-0.930871 0.039373 -0.363221
-0.921918 0.162749 -0.351539
-0.936373 0.195925 -0.291236
-0.969057 0.151521 -0.194860
6
0.191414 0.494032 0.848111
0.268741 0.501779 0.822190
0.350978 0.411947 0.840901
0.338029 0.356810 0.870875
0.238988 0.325987 0.914668
0.156228 0.406910 0.900010
6
-0.545819 0.807274 0.224480
-0.477402 0.863990 0.160030
-0.414818 0.891979 0.179719
-0.370080 0.882042 0.291621
-0.413411 0.839985 0.351449
-0.499915 0.797553 0.337631
6
0.843806 -0.146174 0.516357
0.864636 -0.223898 0.449749
0.828405 -0.314108 0.463770
0.767981 -0.330333 0.548712
0.748698 -0.254138 0.612262
0.782704 -0.170540 0.598573
6
-0.564644 -0.793369 -0.227472
-0.481267 -0.855311 -0.191898
-0.403408 -0.879201 -0.253512
-0.398494 -0.846322 -0.353469
-0.451017 -0.802809 -0.389977
-0.524750 -0.772098 -0.358471
6
-0.086365 0.442391 0.892654
-0.168021 0.507230 0.845273
-0.131881 0.591280 0.795610
-0.045545 0.611687 0.789788
0.030606 0.551659 0.833508
-0.005732 0.462261 0.886725
6
0.762715 -0.011205 0.646638
0.828421 0.021166 0.559706
0.865127 -0.061777 0.497733
0.843806 -0.146174 0.516357
0.782704 -0.170540 0.598573
0.746597 -0.083745 0.659984
6
0.803851 -0.569249 0.172568
0.741534 -0.645047 0.184506
0.695983 -0.667408 0.264905
0.708842 -0.616137 0.343392
0.777270 -0.528392 0.341544
0.823730 -0.511196 0.245248
6
0.795530 -0.304819 -0.523657
0.760358 -0.271907 -0.589850
0.681760 -0.331821 -0.651995
0.658693 -0.410980 -0.630253
0.698131 -0.459145 -0.549363
0.775866 -0.400538 -0.487444
6
-0.687094 0.367810 -0.626592
-0.655211 0.456583 -0.601856
-0.687401 0.506381 -0.520632
-0.754527 0.465708 -0.462390
-0.793554 0.365413 -0.486564
-0.761490 0.323552 -0.561646
6
-0.013404 -0.718973 -0.694909
-0.049348 -0.782272 -0.620979
0.000769 -0.822607 -0.568609
0.107695 -0.816798 -0.566782
0.151774 -0.764515 -0.626484
0.102319 -0.708169 -0.698590
6
-0.899171 -0.114213 -0.422430
-0.854672 -0.154106 -0.495770
-0.818900 -0.106951 -0.563883
-0.826459 0.012597 -0.562856
-0.858645 0.048780 -0.510244
-0.907900 0.004438 -0.419164
6
0.370854 0.578937 0.726154
0.454224 0.492261 0.742536
0.447490 0.439773 0.778687
0.350978 0.411947 0.840901
0.268741 0.501779 0.822190
0.307017 0.580281 0.754331
6
0.735356 0.637803 0.229040
0.661164 0.696283 0.279378
0.604054 0.768543 0.210856
0.629965 0.768208 0.114015
0.690807 0.718507 0.080824
0.749991 0.644160 0.150241
6
-0.077296 0.424787 -0.901988
-0.135992 0.509864 -0.849438
-0.235039 0.493171 -0.837579
-0.275033 0.412942 -0.868237
-0.218303 0.335878 -0.916259
-0.118094 0.352787 -0.928222
6
0.636392 0.585145 0.502604
0.553426 0.634863 0.539137
0.515407 0.712696 0.475836
0.546371 0.734762 0.402000
0.635999 0.683274 0.358665
0.677645 0.601805 0.422643
6
0.145829 -0.975950 -0.162035
0.224007 -0.947316 -0.228939
0.205497 -0.927396 -0.312582
0.081733 -0.929906 -0.358601
0.029862 -0.955492 -0.293502
0.069101 -0.980775 -0.182497
6
-0.773822 -0.539966 0.331115
-0.826128 -0.513683 0.231606
-0.872071 -0.433956 0.226219
-0.879436 -0.370413 0.298975
-0.827799 -0.396577 0.396832
-0.781794 -0.475846 0.402950
6
0.408575 0.755327 0.512394
0.515407 0.712696 0.475836
0.553426 0.634863 0.539137
0.513357 0.609729 0.603900
0.411182 0.651053 0.638012
0.375293 0.699798 0.607814
7
0.334047 -0.447902 0.829335
0.282154 -0.440030 0.852504
0.230792 -0.339487 0.911857
0.263526 -0.275630 0.924436
0.360775 -0.250359 0.898422
0.409711 -0.296267 0.862765
0.385956 -0.413449 0.824681
6
-0.558648 0.622986 -0.547541
-0.501632 0.694939 -0.515194
-0.518571 0.737585 -0.432495
-0.598367 0.710019 -0.371255
-0.660084 0.633834 -0.403166
-0.639994 0.589691 -0.492617
6
0.310478 -0.871814 0.378872
0.403969 -0.822196 0.401001
0.467093 -0.817303 0.337401
0.455931 -0.857466 0.238495
0.363103 -0.905279 0.220515
0.299078 -0.912093 0.280425
6
0.207116 -0.345720 -0.915194
0.251983 -0.257830 -0.932753
0.187022 -0.174572 -0.966720
0.106802 -0.181564 -0.977562
0.052266 -0.277979 -0.959164
0.115295 -0.359170 -0.926123
6
-0.746846 0.479844 0.460404
-0.716959 0.567433 0.404956
-0.653497 0.622672 0.430373
-0.598551 0.600665 0.530037
-0.624889 0.523900 0.578828
-0.694884 0.464757 0.548759
6
-0.782400 0.208148 0.586962
-0.725953 0.169461 0.666539
-0.727614 0.085838 0.680595
-0.788042 0.008635 0.615561
-0.825081 0.024345 0.564489
-0.842664 0.132061 0.521994
6
0.386089 -0.142477 0.911392
0.492246 -0.110679 0.863391
0.540115 -0.210602 0.814815
0.518670 -0.261168 0.814108
0.409711 -0.296267 0.862765
0.360775 -0.250359 0.898422
6
0.522948 0.346448 0.778780
0.447490 0.439773 0.778687
0.454224 0.492261 0.742536
0.541617 0.514615 0.664697
0.596958 0.470490 0.649832
0.611706 0.374054 0.697065
6
0.755956 0.030330 -0.653920
0.717445 -0.025824 -0.696137
0.725342 -0.137035 -0.674611
0.766908 -0.167943 -0.619393
0.828222 -0.107148 -0.550062
0.822869 0.004664 -0.568212
6
0.972466 -0.164032 0.165537
0.952053 -0.244972 0.183259
0.918096 -0.273413 0.286957
0.912981 -0.198832 0.356276
0.934133 -0.115033 0.337880
0.968324 -0.083720 0.235243
5
-0.956874 0.199003 0.211637
-0.984208 0.118329 0.131657
-0.985806 0.166192 0.023823
-0.957706 0.285024 0.039503
-0.940937 0.301863 0.153350
6
-0.755516 -0.447924 -0.478079
-0.710817 -0.539403 -0.451425
-0.629454 -0.575751 -0.521823
-0.607374 -0.535222 -0.587055
-0.649093 -0.442058 -0.619083
-0.733974 -0.403963 -0.545982
6
-0.902500 -0.041577 0.428679
-0.931014 -0.120775 0.344421
-0.961557 -0.088110 0.260086
-0.970258 0.000152 0.242074
-0.941843 0.080942 0.326159
-0.920184 0.066106 0.385864
6
0.767981 -0.330333 0.548712
0.828405 -0.314108 0.463770
0.834592 -0.380530 0.398314
0.781645 -0.473179 0.406365
0.722409 -0.483839 0.493989
0.715654 -0.421062 0.557267
6
-0.827799 -0.396577 0.396832
-0.823563 -0.325316 0.464665
-0.758746 -0.342271 0.554216
-0.713839 -0.416760 0.562801
-0.714675 -0.493247 0.495930
-0.781794 -0.475846 0.402950
6
-0.912666 0.364736 0.184416
-0.883288 0.451373 0.126748
-0.842638 0.515800 0.154635
-0.810291 0.520093 0.270060
-0.842098 0.431265 0.323855
-0.882580 0.370250 0.289773
6
-0.245822 0.481258 0.841405
-0.282152 0.387260 0.877736
-0.352636 0.359208 0.864070
-0.432549 0.417540 0.799101
-0.410931 0.496576 0.764557
-0.326458 0.539916 0.775833
6
0.513377 0.693728 -0.505159
0.588108 0.615174 -0.525061
0.651946 0.597095 -0.467379
0.663972 0.645638 -0.377219
0.586880 0.727017 -0.356395
0.525831 0.745049 -0.410370
6
0.328786 -0.079954 0.941014
0.348414 0.012708 0.937255
0.454480 0.047791 0.889474
0.511962 -0.052701 0.857390
0.492246 -0.110679 0.863391
0.386089 -0.142477 0.911392
6
-0.045621 -0.883187 -0.466797
0.000769 -0.822607 -0.568609
-0.049348 -0.782272 -0.620979
-0.156193 -0.780327 -0.605553
-0.190055 -0.836968 -0.513190
-0.089670 -0.887514 -0.451971
6
0.267888 -0.424566 -0.864858
0.372173 -0.392189 -0.841234
0.398981 -0.318485 -0.859873
0.338451 -0.240884 -0.909630
0.251983 -0.257830 -0.932753
0.207116 -0.345720 -0.915194
5
-0.714411 -0.694502 -0.085341
-0.627967 -0.773669 -0.084228
-0.583477 -0.782622 -0.216928
-0.674742 -0.691534 -0.257884
-0.732384 -0.654765 -0.186803
6
0.123369 -0.516653 -0.847260
0.087225 -0.584168 -0.806932
0.138092 -0.650317 -0.747007
0.252776 -0.627313 -0.736602
0.286763 -0.564825 -0.773783
0.234534 -0.495280 -0.836476
6
-0.030249 -0.945040 0.325553
0.026518 -0.960131 0.278291
0.015575 -0.983899 0.178047
-0.062505 -0.988534 0.137455
-0.158851 -0.968488 0.191827
-0.163217 -0.943562 0.288184
6
0.515696 0.292678 0.805231
0.414181 0.258222 0.872797
0.338029 0.356810 0.870875
0.350978 0.411947 0.840901
0.447490 0.439773 0.778687
0.522948 0.346448 0.778780
6
0.913169 -0.032679 0.406268
0.865127 -0.061777 0.497733
0.828421 0.021166 0.559706
0.837509 0.105373 0.536167
0.885669 0.131084 0.445430
0.922381 0.048161 0.383267
5
0.496666 -0.278002 -0.822215
0.504971 -0.139232 -0.851833
0.377939 -0.151066 -0.913423
0.338451 -0.240884 -0.909630
0.398981 -0.318485 -0.859873
6
0.953625 0.155860 0.257499
0.955805 0.078914 0.283212
0.922381 0.048161 0.383267
0.885669 0.131084 0.445430
0.884689 0.221236 0.410341
0.917203 0.238461 0.319179
6
-0.921918 0.162749 -0.351539
-0.873588 0.205726 -0.441045
-0.847102 0.322583 -0.422325
-0.871032 0.358957 -0.335341
-0.908209 0.316502 -0.273829
-0.936373 0.195925 -0.291236
6
0.342134 -0.561600 0.753359
0.334047 -0.447902 0.829335
0.385956 -0.413449 0.824681
0.491785 -0.434475 0.754573
0.497559 -0.503238 0.706531
0.421847 -0.575168 0.700876
6
0.971052 0.185906 0.149988
0.991332 0.101092 0.083914
0.994176 0.028543 0.103920
0.976553 -0.006486 0.215179
0.955805 0.078914 0.283212
0.953625 0.155860 0.257499
6
-0.875892 0.456489 -0.156303
-0.875642 0.481114 -0.042209
-0.900148 0.435517 0.007705
-0.944150 0.329341 -0.010712
-0.944904 0.304880 -0.119179
-0.921159 0.347280 -0.175676
6
0.354791 0.877207 0.323466
0.381139 0.900104 0.211060
0.465387 0.866814 0.179023
0.529582 0.812216 0.244636
0.498550 0.798468 0.337486
0.399345 0.839671 0.368072
6
0.913169 -0.032679 0.406268
0.934133 -0.115033 0.337880
0.912981 -0.198832 0.356276
0.864636 -0.223898 0.449749
0.843806 -0.146174 0.516357
0.865127 -0.061777 0.497733
6
0.695983 -0.667408 0.264905
0.619401 -0.740455 0.260899
0.559336 -0.750568 0.351841
0.569893 -0.705958 0.420530
0.650151 -0.627432 0.428524
0.708842 -0.616137 0.343392
6
-0.077296 0.424787 -0.901988
0.030365 0.435929 -0.899469
0.065404 0.491057 -0.868669
0.012430 0.586470 -0.809876
-0.093287 0.573286 -0.814027
-0.135992 0.509864 -0.849438
5
0.718627 -0.694780 0.029275
0.803818 -0.594849 0.005498
0.814929 -0.571882 -0.094031
0.752406 -0.638458 -0.162041
0.692984 -0.713568 -0.102926
6
-0.282514 0.019890 0.959057
-0.339013 0.079719 0.937398
-0.307814 0.192512 0.931767
-0.233757 0.216561 0.947871
-0.154680 0.151304 0.976310
-0.183537 0.041326 0.982144
6
-0.057848 0.263631 -0.962887
-0.110996 0.175027 -0.978287
-0.048065 0.086252 -0.995113
0.038640 0.088448 -0.995331
0.090953 0.178593 -0.979710
0.036852 0.267889 -0.962745
6
0.042729 0.625929 -0.778708
-0.000142 0.709779 -0.704425
-0.074517 0.720745 -0.689183
-0.158437 0.656688 -0.737332
-0.093287 0.573286 -0.814027
0.012430 0.586470 -0.809876
6
-0.930871 0.039373 -0.363221
-0.907900 0.004438 -0.419164
-0.858645 0.048780 -0.510244
-0.849992 0.170189 -0.498547
-0.873588 0.205726 -0.441045
-0.921918 0.162749 -0.351539
6
0.823730 -0.511196 0.245248
0.777270 -0.528392 0.341544
0.781645 -0.473179 0.406365
0.834592 -0.380530 0.398314
0.882675 -0.360123 0.301987
0.874432 -0.425670 0.232753
6
-0.842351 -0.536320 0.052971
-0.890308 -0.452627 0.049799
-0.908828 -0.398762 0.122562
-0.872071 -0.433956 0.226219
-0.826128 -0.513683 0.231606
-0.806236 -0.570738 0.155695
6
-0.529137 0.563967 -0.633999
-0.423283 0.601312 -0.677683
-0.387134 0.657105 -0.646793
-0.414634 0.713879 -0.564318
-0.501632 0.694939 -0.515194
-0.558648 0.622986 -0.547541
6
-0.856031 -0.311799 -0.412302
-0.902772 -0.268578 -0.335959
-0.915515 -0.320850 -0.242667
-0.880924 -0.409739 -0.236829
-0.832894 -0.456993 -0.312161
-0.821645 -0.405180 -0.400909
6
-0.183537 0.041326 0.982144
-0.120878 -0.020119 0.992464
-0.142151 -0.126563 0.981720
-0.242762 -0.149794 0.958451
-0.306543 -0.088649 0.947720
-0.282514 0.019890 0.959057
6
-0.451017 -0.802809 -0.389977
-0.422174 -0.757012 -0.498701
-0.487492 -0.689275 -0.535959
-0.572931 -0.663835 -0.480701
-0.590817 -0.696256 -0.407631
-0.524750 -0.772098 -0.358471
6
0.181873 0.494816 -0.849753
0.231388 0.426650 -0.874316
0.338300 0.419824 -0.842200
0.371558 0.503749 -0.779860
0.319617 0.567168 -0.759055
0.213819 0.572912 -0.791235
6
-0.135992 0.509864 -0.849438
-0.093287 0.573286 -0.814027
-0.158437 0.656688 -0.737332
-0.225663 0.652807 -0.723132
-0.286305 0.553854 -0.781841
-0.235039 0.493171 -0.837579
6
-0.606116 0.768926 0.203413
-0.639858 0.763482 0.087612
-0.574099 0.818485 0.022204
-0.511807 0.857885 0.045680
-0.477402 0.863990 0.160030
-0.545819 0.807274 0.224480
6
0.525831 0.745049 -0.410370
0.586880 0.727017 -0.356395
0.590517 0.765884 -0.254383
0.510310 0.829463 -0.227100
0.442538 0.850138 -0.285351
0.440802 0.811706 -0.383180
6
0.990117 -0.129504 0.053832
0.976907 -0.213003 -0.016817
0.959039 -0.283268 0.001779
0.941557 -0.317189 0.113411
0.952053 -0.244972 0.183259
0.972466 -0.164032 0.165537
6
-0.432862 -0.539840 0.721944
-0.337843 -0.528027 0.779133
-0.267142 -0.583664 0.766793
-0.271604 -0.660066 0.700389
-0.362228 -0.675181 0.642590
-0.432649 -0.619591 0.654921
6
0.610184 -0.753731 -0.244057
0.637874 -0.759236 -0.129142
0.692984 -0.713568 -0.102926
0.752406 -0.638458 -0.162041
0.742210 -0.625498 -0.240575
0.670158 -0.679475 -0.298667
6
-0.386428 0.158668 -0.908569
-0.485221 0.126949 -0.865127
-0.506051 0.057745 -0.860568
-0.444222 -0.033836 -0.895278
-0.376922 -0.031001 -0.925726
-0.322532 0.065785 -0.944270
6
0.251983 -0.257830 -0.932753
0.338451 -0.240884 -0.909630
0.377939 -0.151066 -0.913423
0.335888 -0.074936 -0.938916
0.240226 -0.075422 -0.967783
0.187022 -0.174572 -0.966720
6
0.251842 -0.967380 -0.027416
0.178013 -0.982653 -0.051999
0.094403 -0.995424 0.014816
0.109967 -0.987115 0.116241
0.185748 -0.971032 0.150313
0.279316 -0.956411 0.085207
6
0.605428 0.397292 -0.689649
0.629008 0.468636 -0.620265
0.567900 0.552847 -0.609795
0.495438 0.564620 -0.660111
0.466642 0.491340 -0.735412
0.517887 0.414127 -0.748526
6
-0.660084 0.633834 -0.403166
-0.598367 0.710019 -0.371255
-0.604634 0.745573 -0.280246
-0.669656 0.710329 -0.216779
-0.735512 0.632135 -0.243777
-0.725034 0.596636 -0.344021
6
0.834508 -0.545937 0.074495
0.803818 -0.594849 0.005498
0.718627 -0.694780 0.029275
0.700746 -0.710412 0.065348
0.741534 -0.645047 0.184506
0.803851 -0.569249 0.172568
6
0.243975 -0.815516 0.524795
0.159218 -0.796705 0.583019
0.166912 -0.733918 0.658411
0.254410 -0.687835 0.679823
0.337218 -0.708451 0.619985
0.334517 -0.765729 0.549325
6
-0.207640 0.647795 0.732971
-0.176417 0.715155 0.676337
-0.078298 0.738303 0.669910
-0.010379 0.692423 0.721417
-0.045545 0.611687 0.789788
-0.131881 0.591280 0.795610
6
-0.639994 0.589691 -0.492617
-0.660084 0.633834 -0.403166
-0.725034 0.596636 -0.344021
-0.778715 0.506195 -0.370635
-0.754527 0.465708 -0.462390
-0.687401 0.506381 -0.520632
6
0.253630 0.967186 -0.014909
0.175032 0.984418 0.016875
0.087077 0.995249 -0.043562
0.102486 0.983509 -0.149017
0.178939 0.966289 -0.185113
0.269608 0.955152 -0.122459
6
0.700746 -0.710412 0.065348
0.654357 -0.751951 0.079919
0.598275 -0.777673 0.193111
0.619401 -0.740455 0.260899
0.695983 -0.667408 0.264905
0.741534 -0.645047 0.184506
6
-0.432649 -0.619591 0.654921
-0.362228 -0.675181 0.642590
-0.357721 -0.740288 0.569219
-0.443987 -0.745515 0.497074
-0.510420 -0.696081 0.504918
-0.522364 -0.623402 0.581812
6
0.442628 -0.589240 -0.675927
0.541437 -0.547785 -0.637791
0.572723 -0.460153 -0.678416
0.526103 -0.417972 -0.740618
0.425968 -0.460612 -0.778709
0.396097 -0.530921 -0.749153
6
-0.048065 0.086252 -0.995113
-0.106304 -0.013181 -0.994246
-0.038656 -0.100103 -0.994226
0.040411 -0.096036 -0.994557
0.095781 0.002701 -0.995399
0.038640 0.088448 -0.995331
6
-0.333803 0.936170 0.110281
-0.414818 0.891979 0.179719
-0.477402 0.863990 0.160030
-0.511807 0.857885 0.045680
-0.432407 0.901372 -0.023526
-0.365377 0.930853 0.003593
6
-0.970030 -0.173620 -0.169995
-0.946249 -0.274957 -0.170327
-0.915515 -0.320850 -0.242667
-0.902772 -0.268578 -0.335959
-0.926646 -0.163470 -0.338532
-0.955364 -0.123522 -0.268368
6
-0.563473 0.500287 -0.657428
-0.525862 0.432732 -0.732265
-0.426114 0.463870 -0.776693
-0.385277 0.535627 -0.751442
-0.423283 0.601312 -0.677683
-0.529137 0.563967 -0.633999
6
0.497559 -0.503238 0.706531
0.491785 -0.434475 0.754573
0.553783 -0.355034 0.753177
0.628926 -0.348644 0.694909
0.647649 -0.427152 0.630945
0.579319 -0.513427 0.633073
6
-0.877397 -0.461055 -0.132674
-0.911197 -0.407810 -0.058404
-0.890308 -0.452627 0.049799
-0.842351 -0.536320 0.052971
-0.814177 -0.580312 -0.018821
-0.833936 -0.537507 -0.125046
6
-0.756458 -0.094158 0.647229
-0.688479 -0.102327 0.718001
-0.649561 -0.168252 0.741459
-0.667973 -0.268665 0.693996
-0.745072 -0.262505 0.613155
-0.786312 -0.173107 0.593082
6
0.867442 -0.140649 -0.477245
0.858345 -0.240662 -0.453128
0.886633 -0.276831 -0.370467
0.931705 -0.208355 -0.297513
0.941211 -0.116063 -0.317257
0.909704 -0.079946 -0.407489
5
-0.343215 0.780651 -0.522290
-0.414634 0.713879 -0.564318
-0.387134 0.657105 -0.646793
-0.264674 0.684831 -0.678936
-0.234020 0.771225 -0.591985
6
0.613981 -0.017136 0.789135
0.628986 0.037785 0.776498
0.715681 0.070987 0.694810
0.762715 -0.011205 0.646638
0.746597 -0.083745 0.659984
0.660448 -0.121588 0.740962
6
0.577868 0.814062 -0.058071
0.503243 0.855407 -0.122579
0.510310 0.829463 -0.227100
0.590517 0.765884 -0.254383
0.647733 0.736066 -0.196592
0.640187 0.763138 -0.088207
5
0.638395 -0.003845 -0.769700
0.580760 -0.111570 -0.806393
0.647381 -0.194771 -0.736859
0.725342 -0.137035 -0.674611
0.717445 -0.025824 -0.696137
6
0.269608 0.955152 -0.122459
0.178939 0.966289 -0.185113
0.189824 0.940248 -0.282667
0.272907 0.907210 -0.320143
0.357016 0.899279 -0.252659
0.346525 0.924981 -0.155982
6
0.268741 0.501779 0.822190
0.191414 0.494032 0.848111
0.113101 0.563849 0.818097
0.149981 0.647914 0.746802
0.228428 0.650378 0.724451
0.307017 0.580281 0.754331
6
0.115295 -0.359170 -0.926123
0.052266 -0.277979 -0.959164
-0.032698 -0.282271 -0.958777
-0.085344 -0.377692 -0.921990
-0.035168 -0.447938 -0.893373
0.069627 -0.443005 -0.893811
6
-0.379682 -0.377513 -0.844586
-0.333377 -0.286480 -0.898215
-0.368845 -0.220790 -0.902887
-0.471793 -0.195269 -0.859815
-0.516375 -0.285231 -0.807465
-0.485514 -0.352879 -0.799846
6
-0.956874 0.199003 0.211637
-0.940937 0.301863 0.153350
-0.912666 0.364736 0.184416
-0.882580 0.370250 0.289773
-0.898943 0.266387 0.347764
-0.942873 0.188056 0.275002
6
0.265786 0.726303 0.633910
0.228428 0.650378 0.724451
0.149981 0.647914 0.746802
0.077877 0.702701 0.707210
0.112894 0.778694 0.617163
0.224162 0.767477 0.600609
6
0.648497 -0.656364 -0.385535
0.670158 -0.679475 -0.298667
0.742210 -0.625498 -0.240575
0.787744 -0.542332 -0.292124
0.770195 -0.519273 -0.370344
0.694258 -0.576236 -0.431229
6
-0.483288 0.543593 0.686250
-0.410931 0.496576 0.764557
-0.432549 0.417540 0.799101
-0.516983 0.363336 0.775058
-0.581813 0.408153 0.703494
-0.563535 0.491075 0.664284
6
-0.747918 -0.644227 0.159969
-0.698540 -0.668650 0.254850
-0.627828 -0.735859 0.253661
-0.601787 -0.782151 0.161534
-0.641721 -0.761973 0.087129
-0.716555 -0.693126 0.078261
6
-0.598551 0.600665 0.530037
-0.653497 0.622672 0.430373
-0.616446 0.691852 0.375946
-0.542064 0.741656 0.395112
-0.486969 0.718181 0.497069
-0.520356 0.653124 0.550145
6
-0.524750 -0.772098 -0.358471
-0.590817 -0.696256 -0.407631
-0.668674 -0.660115 -0.342235
-0.674742 -0.691534 -0.257884
-0.583477 -0.782622 -0.216928
-0.564644 -0.793369 -0.227472
6
0.611706 0.374054 0.697065
0.596958 0.470490 0.649832
0.667100 0.486955 0.563784
0.720568 0.437646 0.537817
0.736830 0.336960 0.586123
0.668295 0.315412 0.673719
6
-0.009477 -0.736342 0.676544
-0.102217 -0.690125 0.716435
-0.092444 -0.615636 0.782589
-0.008236 -0.586365 0.810005
0.082779 -0.632930 0.769771
0.077596 -0.700530 0.709392
6
0.660448 -0.121588 0.740962
0.642290 -0.171532 0.747021
0.540115 -0.210602 0.814815
0.492246 -0.110679 0.863391
0.511962 -0.052701 0.857390
0.613981 -0.017136 0.789135
6
0.328786 -0.079954 0.941014
0.386089 -0.142477 0.911392
0.360775 -0.250359 0.898422
0.263526 -0.275630 0.924436
0.199595 -0.184352 0.962380
0.225351 -0.110204 0.968025
6
-0.788042 0.008635 0.615561
-0.756458 -0.094158 0.647229
-0.786312 -0.173107 0.593082
-0.840005 -0.161429 0.518007
-0.872385 -0.057013 0.485483
-0.825081 0.024345 0.564489
6
-0.265435 0.870148 -0.415194
-0.270215 0.901193 -0.338872
-0.364231 0.890512 -0.272625
-0.445727 0.834743 -0.323315
-0.443707 0.807734 -0.388188
-0.346569 0.815680 -0.463202
6
0.110509 -0.362470 0.925421
0.067429 -0.320735 0.944766
0.086373 -0.214039 0.972999
0.199595 -0.184352 0.962380
0.263526 -0.275630 0.924436
0.230792 -0.339487 0.911857
6
0.405275 -0.656378 -0.636333
0.446159 -0.703248 -0.553520
0.536282 -0.668518 -0.515253
0.580935 -0.587004 -0.563863
0.541437 -0.547785 -0.637791
0.442628 -0.589240 -0.675927
6
0.957576 0.260242 0.123783
0.957806 0.287023 0.015040
0.970028 0.238928 -0.044253
0.990285 0.135464 -0.031397
0.991332 0.101092 0.083914
0.971052 0.185906 0.149988
6
-0.271471 -0.844562 0.461539
-0.276400 -0.790163 0.547034
-0.191640 -0.775697 0.601306
-0.099844 -0.820175 0.563333
-0.106853 -0.873715 0.474558
-0.186121 -0.882137 0.432658
6
-0.379682 -0.377513 -0.844586
-0.485514 -0.352879 -0.799846
-0.521180 -0.429746 -0.737353
-0.482269 -0.500212 -0.719169
-0.378161 -0.522362 -0.764286
-0.339787 -0.445180 -0.828468
6
-0.662686 0.345481 0.664447
-0.581813 0.408153 0.703494
-0.516983 0.363336 0.775058
-0.528144 0.284999 0.799900
-0.613001 0.217236 0.759630
-0.660431 0.232893 0.713857
6
0.283887 0.769356 -0.572276
0.265666 0.709969 -0.652201
0.347456 0.643864 -0.681699
0.423526 0.640655 -0.640459
0.444267 0.703752 -0.554400
0.360643 0.770705 -0.525309
6
-0.456224 0.617522 0.640723
-0.370044 0.661239 0.652557
-0.298398 0.613385 0.731244
-0.326458 0.539916 0.775833
-0.410931 0.496576 0.764557
-0.483288 0.543593 0.686250
6
0.527354 0.254117 -0.810754
0.486883 0.177525 -0.855237
0.523942 0.083267 -0.847674
0.610627 0.068431 -0.788956
0.651037 0.157912 -0.742438
0.617245 0.236775 -0.750298
6
-0.977947 0.027982 -0.206968
-0.995026 -0.018608 -0.097863
-0.985804 -0.131968 -0.103805
-0.970030 -0.173620 -0.169995
-0.955364 -0.123522 -0.268368
-0.964785 -0.005843 -0.262977
6
0.918095 0.361599 -0.162321
0.883680 0.397696 -0.246875
0.880613 0.348298 -0.321263
0.916369 0.239458 -0.320823
0.953586 0.210758 -0.215071
0.951383 0.269352 -0.149396
6
-0.230917 -0.418217 0.878505
-0.164414 -0.470707 0.866835
-0.176017 -0.562384 0.807925
-0.267142 -0.583664 0.766793
-0.337843 -0.528027 0.779133
-0.329695 -0.433933 0.838453
6
-0.385958 -0.380936 0.840193
-0.484689 -0.388509 0.783669
-0.533874 -0.331269 0.777972
-0.517673 -0.227320 0.824827
-0.416965 -0.221406 0.881544
-0.371924 -0.271697 0.887611
6
0.346525 0.924981 -0.155982
0.429292 0.898699 -0.089709
0.413413 0.910461 0.012229
0.334348 0.941350 0.045519
0.253630 0.967186 -0.014909
0.269608 0.955152 -0.122459
6
-0.053389 -0.339218 0.939192
0.067429 -0.320735 0.944766
0.110509 -0.362470 0.925421
0.092799 -0.466186 0.879806
0.005975 -0.497832 0.867253
-0.070462 -0.447087 0.891711
6
-0.506051 0.057745 -0.860568
-0.485221 0.126949 -0.865127
-0.537873 0.210429 -0.816341
-0.634815 0.171152 -0.753470
-0.644071 0.058899 -0.762695
-0.600542 0.019004 -0.799368
6
-0.186121 -0.882137 0.432658
-0.106853 -0.873715 0.474558
-0.020892 -0.902565 0.430047
-0.030249 -0.945040 0.325553
-0.163217 -0.943562 0.288184
-0.186399 -0.933202 0.307230
6
-0.724095 -0.579446 -0.374071
-0.790283 -0.534844 -0.298991
-0.786920 -0.584148 -0.198816
-0.732384 -0.654765 -0.186803
-0.674742 -0.691534 -0.257884
-0.668674 -0.660115 -0.342235
6
-0.298398 0.613385 0.731244
-0.370044 0.661239 0.652557
-0.337577 0.726090 0.599028
-0.242342 0.759887 0.603194
-0.176417 0.715155 0.676337
-0.207640 0.647795 0.732971
6
0.997809 -0.056187 0.034923
0.990117 -0.129504 0.053832
0.972466 -0.164032 0.165537
0.968324 -0.083720 0.235243
0.976553 -0.006486 0.215179
0.994176 0.028543 0.103920
6
0.411237 -0.909485 -0.061000
0.490344 -0.861935 -0.128959
0.475905 -0.852515 -0.216177
0.391606 -0.882952 -0.258920
0.313454 -0.930194 -0.191012
0.335254 -0.937340 -0.094859
6
-0.082677 0.988755 0.124608
-0.011640 0.995075 0.098443
0.073559 0.984674 0.158136
0.046953 0.959281 0.278523
-0.072431 0.955576 0.285706
-0.111082 0.964456 0.239759
6
-0.432549 0.417540 0.799101
-0.352636 0.359208 0.864070
-0.387059 0.255093 0.886066
-0.453808 0.227134 0.861666
-0.528144 0.284999 0.799900
-0.516983 0.363336 0.775058
6
-0.520356 0.653124 0.550145
-0.486969 0.718181 0.497069
-0.399384 0.761983 0.509779
-0.337577 0.726090 0.599028
-0.370044 0.661239 0.652557
-0.456224 0.617522 0.640723
6
-0.248289 0.072313 -0.965983
-0.193235 0.168592 -0.966559
-0.256022 0.255586 -0.932271
-0.356341 0.231545 -0.905211
-0.386428 0.158668 -0.908569
-0.322532 0.065785 -0.944270
6
0.432107 -0.900796 0.043013
0.492894 -0.867167 0.071254
0.575450 -0.817818 0.005588
0.575265 -0.814618 -0.073938
0.490344 -0.861935 -0.128959
0.411237 -0.909485 -0.061000
6
-0.785025 0.212687 -0.581808
-0.849992 0.170189 -0.498547
-0.858645 0.048780 -0.510244
-0.826459 0.012597 -0.562856
-0.762714 0.055596 -0.644342
-0.753951 0.174631 -0.633294
6
0.357016 0.899279 -0.252659
0.272907 0.907210 -0.320143
0.278871 0.872799 -0.400565
0.370275 0.819791 -0.436852
0.440802 0.811706 -0.383180
0.442538 0.850138 -0.285351
6
0.511962 -0.052701 0.857390
0.454480 0.047791 0.889474
0.469320 0.103355 0.876958
0.572115 0.139788 0.808173
0.628986 0.037785 0.776498
0.613981 -0.017136 0.789135
6
0.720568 0.437646 0.537817
0.667100 0.486955 0.563784
0.636392 0.585145 0.502604
0.677645 0.601805 0.422643
0.741610 0.547901 0.387065
0.773311 0.449140 0.447508
5
0.163509 0.629129 -0.759909
0.190316 0.701869 -0.686410
0.091582 0.761487 -0.641678
-0.000142 0.709779 -0.704425
0.042729 0.625929 -0.778708
6
-0.639858 0.763482 0.087612
-0.698675 0.712620 0.063442
-0.717213 0.694919 -0.051900
-0.664747 0.738574 -0.112339
-0.595012 0.799056 -0.086426
-0.574099 0.818485 0.022204
6
0.543831 -0.792308 -0.276578
0.475905 -0.852515 -0.216177
0.490344 -0.861935 -0.128959
0.575265 -0.814618 -0.073938
0.637874 -0.759236 -0.129142
0.610184 -0.753731 -0.244057
6
0.629965 0.768208 0.114015
0.560842 0.826679 0.045370
0.577868 0.814062 -0.058071
0.640187 0.763138 -0.088207
0.709283 0.704584 -0.021901
0.690807 0.718507 0.080824
6
0.735450 0.136468 -0.663694
0.651037 0.157912 -0.742438
0.610627 0.068431 -0.788956
0.638395 -0.003845 -0.769700
0.717445 -0.025824 -0.696137
0.755956 0.030330 -0.653920
6
0.928354 -0.326071 -0.178427
0.881954 -0.398869 -0.251116
0.851676 -0.474458 -0.222572
0.853918 -0.505884 -0.122090
0.901684 -0.429432 -0.050526
0.928544 -0.364560 -0.070009
6
-0.785025 0.212687 -0.581808
-0.761490 0.323552 -0.561646
-0.793554 0.365413 -0.486564
-0.847102 0.322583 -0.422325
-0.873588 0.205726 -0.441045
-0.849992 0.170189 -0.498547
6
0.425387 -0.643409 0.636452
0.337218 -0.708451 0.619985
0.254410 -0.687835 0.679823
0.258288 -0.614963 0.745056
0.342134 -0.561600 0.753359
0.421847 -0.575168 0.700876
6
0.157986 -0.025895 0.987102
0.225351 -0.110204 0.968025
0.199595 -0.184352 0.962380
0.086373 -0.214039 0.972999
0.028775 -0.157766 0.987057
0.047747 -0.056863 0.997240
6
-0.080911 -0.183928 0.979604
0.028775 -0.157766 0.987057
0.086373 -0.214039 0.972999
0.067429 -0.320735 0.944766
-0.053389 -0.339218 0.939192
-0.099702 -0.295270 0.950197
6
-0.064386 -0.664810 -0.744233
-0.013404 -0.718973 -0.694909
0.102319 -0.708169 -0.698590
0.138092 -0.650317 -0.747007
0.087225 -0.584168 -0.806932
-0.027515 -0.594293 -0.803778
6
0.030606 0.551659 0.833508
-0.045545 0.611687 0.789788
-0.010379 0.692423 0.721417
0.077877 0.702701 0.707210
0.149981 0.647914 0.746802
0.113101 0.563849 0.818097
6
0.077596 -0.700530 0.709392
0.082779 -0.632930 0.769771
0.174784 -0.582803 0.793594
0.258288 -0.614963 0.745056
0.254410 -0.687835 0.679823
0.166912 -0.733918 0.658411
6
0.653034 -0.573894 0.494157
0.582444 -0.574131 0.575441
0.579319 -0.513427 0.633073
0.647649 -0.427152 0.630945
0.715654 -0.421062 0.557267
0.722409 -0.483839 0.493989
6
0.087964 0.943277 0.320142
0.046953 0.959281 0.278523
0.073559 0.984674 0.158136
0.154156 0.979276 0.131356
0.228462 0.955694 0.185619
0.203324 0.930291 0.305317
6
-0.990233 0.135860 -0.031328
-0.985806 0.166192 0.023823
-0.984208 0.118329 0.131657
-0.988457 0.040712 0.145926
-0.997133 -0.030385 0.069307
-0.998960 0.016554 -0.042484
6
0.716776 0.503992 -0.481896
0.651946 0.597095 -0.467379
0.588108 0.615174 -0.525061
0.567900 0.552847 -0.609795
0.629008 0.468636 -0.620265
0.702843 0.450636 -0.550399
6
-0.064386 -0.664810 -0.744233
-0.174131 -0.663219 -0.727887
-0.210802 -0.730488 -0.649576
-0.156193 -0.780327 -0.605553
-0.049348 -0.782272 -0.620979
-0.013404 -0.718973 -0.694909
6
0.766908 -0.167943 -0.619393
0.725342 -0.137035 -0.674611
0.647381 -0.194771 -0.736859
0.629253 -0.268824 -0.729228
0.681760 -0.331821 -0.651995
0.760358 -0.271907 -0.589850
6
-0.008236 -0.586365 0.810005
0.005975 -0.497832 0.867253
0.092799 -0.466186 0.879806
0.173883 -0.511677 0.841399
0.174784 -0.582803 0.793594
0.082779 -0.632930 0.769771
6
0.838738 0.292555 0.459272
0.884689 0.221236 0.410341
0.885669 0.131084 0.445430
0.837509 0.105373 0.536167
0.790745 0.180291 0.584994
0.788695 0.274495 0.550103
6
-0.871032 0.358957 -0.335341
-0.827889 0.465247 -0.313282
-0.841436 0.497973 -0.209783
-0.875892 0.456489 -0.156303
-0.921159 0.347280 -0.175676
-0.908209 0.316502 -0.273829
6
0.442628 -0.589240 -0.675927
0.396097 -0.530921 -0.749153
0.286763 -0.564825 -0.773783
0.252776 -0.627313 -0.736602
0.300481 -0.687292 -0.661318
0.405275 -0.656378 -0.636333
6
0.992637 0.077726 -0.092898
0.973418 0.108799 -0.201545
0.963416 0.049817 -0.263339
0.967647 -0.051196 -0.247061
0.985635 -0.086366 -0.145133
0.996796 -0.020550 -0.077299
6
-0.330798 -0.590279 -0.736304
-0.378161 -0.522362 -0.764286
-0.482269 -0.500212 -0.719169
-0.511164 -0.565492 -0.647248
-0.462600 -0.634707 -0.618989
-0.364326 -0.655082 -0.661918
6
-0.926646 -0.163470 -0.338532
-0.902772 -0.268578 -0.335959
-0.856031 -0.311799 -0.412302
-0.832362 -0.261359 -0.488739
-0.854672 -0.154106 -0.495770
-0.899171 -0.114213 -0.422430
6
-0.398494 -0.846322 -0.353469
-0.290327 -0.870256 -0.397951
-0.266222 -0.834747 -0.482000
-0.343700 -0.772911 -0.533366
-0.422174 -0.757012 -0.498701
-0.451017 -0.802809 -0.389977
6
0.951383 0.269352 -0.149396
0.953586 0.210758 -0.215071
0.973418 0.108799 -0.201545
0.992637 0.077726 -0.092898
0.990285 0.135464 -0.031397
0.970028 0.238928 -0.044253
6
0.213819 0.572912 -0.791235
0.163509 0.629129 -0.759909
0.042729 0.625929 -0.778708
0.012430 0.586470 -0.809876
0.065404 0.491057 -0.868669
0.181873 0.494816 -0.849753
6
0.265666 0.709969 -0.652201
0.190316 0.701869 -0.686410
0.163509 0.629129 -0.759909
0.213819 0.572912 -0.791235
0.319617 0.567168 -0.759055
0.347456 0.643864 -0.681699
6
-0.709877 0.364965 0.602391
-0.694884 0.464757 0.548759
-0.624889 0.523900 0.578828
-0.563535 0.491075 0.664284
-0.581813 0.408153 0.703494
-0.662686 0.345481 0.664447
6
-0.085344 -0.377692 -0.921990
-0.187168 -0.370915 -0.909610
-0.233783 -0.459478 -0.856870
-0.186578 -0.526324 -0.829561
-0.078307 -0.529597 -0.844627
-0.035168 -0.447938 -0.893373
6
-0.118094 0.352787 -0.928222
-0.057848 0.263631 -0.962887
0.036852 0.267889 -0.962745
0.082910 0.343036 -0.935656
0.030365 0.435929 -0.899469
-0.077296 0.424787 -0.901988
6
-0.242342 0.759887 0.603194
-0.207320 0.816696 0.538541
-0.093113 0.837443 0.538535
-0.046796 0.808428 0.586732
-0.078298 0.738303 0.669910
-0.176417 0.715155 0.676337
5
0.509766 -0.841497 0.178943
0.598275 -0.777673 0.193111
0.654357 -0.751951 0.079919
0.575450 -0.817818 0.005588
0.492894 -0.867167 0.071254
6
-0.306543 -0.088649 0.947720
-0.396799 -0.110559 0.911223
-0.462521 -0.042905 0.885570
-0.437804 0.059983 0.897067
-0.339013 0.079719 0.937398
-0.282514 0.019890 0.959057
5
-0.595987 -0.099484 -0.796808
-0.497167 -0.133450 -0.857331
-0.444222 -0.033836 -0.895278
-0.506051 0.057745 -0.860568
-0.600542 0.019004 -0.799368
6
-0.259491 0.850074 0.458299
-0.222254 0.892284 0.392979
-0.102365 0.913195 0.394457
-0.062577 0.895020 0.441613
-0.093113 0.837443 0.538535
-0.207320 0.816696 0.538541
6
0.299078 -0.912093 0.280425
0.200291 -0.945994 0.254910
0.135218 -0.941250 0.309460
0.145714 -0.900200 0.410375
0.236325 -0.866921 0.438861
0.310478 -0.871814 0.378872
6
0.007140 0.956166 -0.292739
0.006427 0.977754 -0.209657
-0.085033 0.985158 -0.149104
-0.180979 0.959928 -0.213974
-0.180522 0.942445 -0.281442
-0.086464 0.934414 -0.345535
6
-0.997133 -0.030385 0.069307
-0.989901 -0.117440 0.079395
-0.983514 -0.180797 0.003530
-0.985804 -0.131968 -0.103805
-0.995026 -0.018608 -0.097863
-0.998960 0.016554 -0.042484
6
0.106802 -0.181564 -0.977562
0.040411 -0.096036 -0.994557
-0.038656 -0.100103 -0.994226
-0.095935 -0.201530 -0.974773
-0.032698 -0.282271 -0.958777
0.052266 -0.277979 -0.959164
6
-0.842638 0.515800 0.154635
-0.802147 0.589046 0.097904
-0.750950 0.648696 0.123564
-0.718126 0.653367 0.239597
-0.762672 0.574433 0.297251
-0.810291 0.520093 0.270060
6
0.523942 0.083267 -0.847674
0.477863 0.014755 -0.878310
0.519555 -0.121125 -0.845808
0.580760 -0.111570 -0.806393
0.638395 -0.003845 -0.769700
0.610627 0.068431 -0.788956
6
-0.009477 -0.736342 0.676544
-0.016824 -0.797799 0.602689
-0.099844 -0.820175 0.563333
-0.191640 -0.775697 0.601306
-0.187486 -0.713678 0.674917
-0.102217 -0.690125 0.716435
6
-0.218303 0.335878 -0.916259
-0.256022 0.255586 -0.932271
-0.193235 0.168592 -0.966559
-0.110996 0.175027 -0.978287
-0.057848 0.263631 -0.962887
-0.118094 0.352787 -0.928222
6
-0.337843 -0.528027 0.779133
-0.432862 -0.539840 0.721944
-0.491538 -0.482754 0.724802
-0.484689 -0.388509 0.783669
-0.385958 -0.380936 0.840193
-0.329695 -0.433933 0.838453
6
0.375293 0.699798 0.607814
0.265786 0.726303 0.633910
0.224162 0.767477 0.600609
0.257012 0.828578 0.497397
0.368833 0.800097 0.473083
0.408575 0.755327 0.512394
6
0.430984 -0.804446 -0.408802
0.510594 -0.772923 -0.376674
0.568532 -0.699303 -0.433298
0.536282 -0.668518 -0.515253
0.446159 -0.703248 -0.553520
0.392527 -0.770669 -0.501988
6
0.103977 0.136824 0.985123
0.126198 0.218601 0.967620
0.221259 0.249875 0.942659
0.297843 0.169089 0.939520
0.281007 0.086847 0.955768
0.180225 0.054066 0.982138
6
-0.329695 -0.433933 0.838453
-0.385958 -0.380936 0.840193
-0.371924 -0.271697 0.887611
-0.262286 -0.262008 0.928740
-0.215338 -0.309140 0.926316
-0.230917 -0.418217 0.878505
6
0.830113 0.378680 -0.409285
0.880613 0.348298 -0.321263
0.883680 0.397696 -0.246875
0.834573 0.495031 -0.241726
0.783637 0.525057 -0.332007
0.779644 0.480800 -0.401231
6
0.467093 -0.817303 0.337401
0.559336 -0.750568 0.351841
0.619401 -0.740455 0.260899
0.598275 -0.777673 0.193111
0.509766 -0.841497 0.178943
0.455931 -0.857466 0.238495
6
-0.088493 0.899092 -0.428722
-0.002188 0.877054 -0.480387
0.096757 0.901237 -0.422386
0.094640 0.933719 -0.345271
0.007140 0.956166 -0.292739
-0.086464 0.934414 -0.345535
6
-0.357721 -0.740288 0.569219
-0.276400 -0.790163 0.547034
-0.271471 -0.844562 0.461539
-0.349726 -0.847139 0.400059
-0.424634 -0.806619 0.411160
-0.443987 -0.745515 0.497074
6
-0.985804 -0.131968 -0.103805
-0.983514 -0.180797 0.003530
-0.963388 -0.267918 0.010212
-0.943216 -0.325939 -0.064088
-0.946249 -0.274957 -0.170327
-0.970030 -0.173620 -0.169995
6
-0.562843 -0.165855 0.809753
-0.537585 -0.066169 0.840609
-0.462521 -0.042905 0.885570
-0.396799 -0.110559 0.911223
-0.416965 -0.221406 0.881544
-0.517673 -0.227320 0.824827
