325
6
-0.409882 0.425895 0.806604
-0.292417 0.495488 0.817915
-0.215300 0.459757 0.861551
-0.212459 0.339090 0.916449
-0.331702 0.271276 0.903539
-0.425990 0.335714 0.840136
6
-0.870662 -0.483575 0.090019
-0.875729 -0.427641 0.224104
-0.812808 -0.492161 0.311642
-0.765205 -0.573761 0.291993
-0.759733 -0.631397 0.155384
-0.788649 -0.607202 0.096639
6
-0.639402 -0.610475 -0.467424
-0.719046 -0.522887 -0.457780
-0.788871 -0.505176 -0.349971
-0.766877 -0.586854 -0.259812
-0.687933 -0.674468 -0.268033
-0.625312 -0.686024 -0.371963
6
0.592809 -0.197973 -0.780630
0.696825 -0.178168 -0.694760
0.731594 -0.086561 -0.676223
0.681517 0.023212 -0.731434
0.580683 0.001976 -0.814128
0.543770 -0.091522 -0.834229
6
0.985409 -0.055116 -0.161030
0.999197 -0.023953 -0.032117
0.994070 0.108546 -0.006569
0.980603 0.177365 -0.083421
0.967548 0.147470 -0.205193
0.972525 0.015268 -0.232296
6
0.746297 0.653777 0.124964
0.780509 0.625104 0.007167
0.846442 0.532052 -0.021349
0.885632 0.458518 0.073608
0.853067 0.484683 0.193283
0.786506 0.580386 0.211094
6
-0.563039 -0.517099 -0.644667
-0.628008 -0.438907 -0.642625
-0.720840 -0.422114 -0.549735
-0.719046 -0.522887 -0.457780
-0.639402 -0.610475 -0.467424
-0.566838 -0.612604 -0.550828
6
0.265809 -0.956675 0.118819
0.305407 -0.926660 0.219151
0.410334 -0.881458 0.233792
0.492537 -0.862802 0.113930
0.470293 -0.881546 0.041254
0.347259 -0.937762 0.003783
6
-0.689938 0.706199 -0.158960
-0.739225 0.618925 -0.265478
-0.660014 0.646735 -0.382250
-0.567681 0.737205 -0.366426
-0.556359 0.782016 -0.280918
-0.630138 0.758134 -0.167807
6
-0.851813 0.394243 -0.344944
-0.814792 0.457279 -0.356385
-0.786593 0.561020 -0.257930
-0.848203 0.514731 -0.124918
-0.883648 0.453924 -0.114540
-0.912563 0.349671 -0.212036
6
0.506319 -0.495479 -0.705792
0.531960 -0.565608 -0.630163
0.629019 -0.551709 -0.547680
0.692102 -0.471367 -0.546633
0.677789 -0.372296 -0.634033
0.576383 -0.388803 -0.718759
6
0.002493 0.171279 -0.985219
0.050335 0.297004 -0.953549
0.003511 0.358214 -0.933633
-0.139938 0.357587 -0.923336
-0.193548 0.279605 -0.940404
-0.144117 0.168046 -0.975188
6
-0.886396 0.206470 -0.414334
-0.857193 0.276892 -0.434224
-0.851813 0.394243 -0.344944
-0.912563 0.349671 -0.212036
-0.938990 0.281083 -0.198217
-0.943246 0.169492 -0.285588
6
-0.682966 -0.137474 0.717397
-0.762649 -0.080715 0.641756
-0.769104 0.029886 0.638424
-0.693902 0.107379 0.712018
-0.616756 0.051282 0.785482
-0.605309 -0.065961 0.793253
6
0.343947 -0.617089 0.707744
0.443142 -0.562722 0.697832
0.517801 -0.589008 0.620445
0.489998 -0.692132 0.529958
0.401258 -0.743885 0.534441
0.314513 -0.721479 0.616886
6
0.619509 -0.517322 0.590412
0.673399 -0.535931 0.509227
0.647164 -0.635243 0.421479
0.575682 -0.696597 0.428186
0.489998 -0.692132 0.529958
0.517801 -0.589008 0.620445
6
-0.788649 -0.607202 0.096639
-0.760254 -0.648714 -0.034425
-0.820494 -0.556370 -0.131308
-0.863651 -0.491047 -0.113928
-0.894869 -0.445670 0.024252
-0.870662 -0.483575 0.090019
6
0.644575 0.146440 0.750385
0.584922 0.277833 0.762021
0.600537 0.335264 0.725915
0.707261 0.345688 0.616670
0.764051 0.204235 0.611975
0.713952 0.123591 0.689201
6
-0.877202 0.465529 0.117474
-0.917691 0.396926 0.017125
-0.883648 0.453924 -0.114540
-0.848203 0.514731 -0.124918
-0.795617 0.605359 -0.023106
-0.826685 0.552752 0.105151
6
0.345370 0.554143 -0.757393
0.390237 0.558936 -0.731646
0.425226 0.658574 -0.620857
0.325750 0.738799 -0.589969
0.240881 0.734557 -0.634352
0.208932 0.637640 -0.741460
6
-0.959081 -0.084409 0.270258
-0.977397 -0.138372 0.159839
-0.994089 -0.080986 0.072306
-0.995648 0.055878 0.074589
-0.982490 0.106792 0.152676
-0.960128 0.049210 0.275196
6
0.902619 0.063662 -0.425707
0.933116 -0.015387 -0.359247
0.972525 0.015268 -0.232296
0.967548 0.147470 -0.205193
0.936781 0.214537 -0.276432
0.900256 0.184387 -0.394387
6
-0.526288 -0.776984 0.345423
-0.609379 -0.731336 0.306277
-0.679207 -0.633444 0.370710
-0.652578 -0.599972 0.462791
-0.556823 -0.644297 0.524242
-0.483059 -0.749582 0.452527
6
0.344126 -0.896489 -0.279079
0.387711 -0.901679 -0.191454
0.505710 -0.846909 -0.164326
0.556643 -0.786786 -0.266678
0.467577 -0.788240 -0.400063
0.415312 -0.817974 -0.398038
6
-0.992535 0.108630 -0.055433
-0.971609 0.228894 -0.059863
-0.955705 0.293395 0.023413
-0.959623 0.236384 0.152467
-0.982490 0.106792 0.152676
-0.995648 0.055878 0.074589
6
-0.681716 0.713415 0.162183
-0.671104 0.737762 0.072991
-0.574396 0.818278 0.022124
-0.489331 0.862883 0.126442
-0.495804 0.842592 0.210278
-0.599286 0.756218 0.262661
6
-0.049257 -0.984760 0.166795
-0.134939 -0.956201 0.259751
-0.096375 -0.926892 0.362744
0.025066 -0.920797 0.389237
0.106605 -0.946949 0.303187
0.067470 -0.979391 0.190372
6
-0.682966 -0.137474 0.717397
-0.659877 -0.260243 0.704866
-0.714531 -0.319066 0.622609
-0.797844 -0.261815 0.543045
-0.819133 -0.151544 0.553222
-0.762649 -0.080715 0.641756
5
0.675980 0.723051 0.142297
0.611056 0.742772 0.273680
0.494233 0.836930 0.235122
0.496688 0.861166 0.108140
0.606302 0.794256 0.039446
6
0.427886 -0.109718 -0.897149
0.367133 0.000862 -0.930168
0.248463 -0.004891 -0.968629
0.196717 -0.107331 -0.974568
0.256826 -0.216209 -0.941963
0.381598 -0.201069 -0.902194
6
-0.248698 -0.817354 -0.519694
-0.331436 -0.837168 -0.435087
-0.306293 -0.893939 -0.327196
-0.192902 -0.930901 -0.310181
-0.102423 -0.913111 -0.394637
-0.135728 -0.855995 -0.498850
6
0.870199 0.411721 0.270628
0.921394 0.296865 0.250809
0.916036 0.216379 0.337725
0.859606 0.247002 0.447289
0.805360 0.386454 0.449497
0.808238 0.427887 0.404554
6
-0.306293 -0.893939 -0.327196
-0.377011 -0.892512 -0.247560
-0.345109 -0.930661 -0.121531
-0.240070 -0.965525 -0.100637
-0.155159 -0.970232 -0.185945
-0.192902 -0.930901 -0.310181
6
0.343052 0.930123 -0.131096
0.336384 0.905150 -0.259901
0.443816 0.840916 -0.309656
0.535086 0.812886 -0.230000
0.529158 0.838615 -0.129292
0.418805 0.904872 -0.076216
6
-0.302862 -0.859917 0.410874
-0.333202 -0.887281 0.318918
-0.449148 -0.852736 0.266659
-0.526288 -0.776984 0.345423
-0.483059 -0.749582 0.452527
-0.384910 -0.779499 0.494192
6
-0.636021 -0.124221 -0.761608
-0.670277 -0.235927 -0.703611
-0.608864 -0.328097 -0.722244
-0.509771 -0.330094 -0.794463
-0.475330 -0.224801 -0.850603
-0.536687 -0.123039 -0.834762
6
-0.616756 0.051282 0.785482
-0.517475 0.130006 0.845765
-0.442503 0.092630 0.891970
-0.424659 -0.036098 0.904633
-0.522998 -0.113146 0.844790
-0.605309 -0.065961 0.793253
6
0.600537 0.335264 0.725915
0.519494 0.460502 0.719767
0.525158 0.510562 0.680835
0.634443 0.529449 0.563174
0.717202 0.389168 0.578074
0.707261 0.345688 0.616670
6
-0.670277 -0.235927 -0.703611
-0.636021 -0.124221 -0.761608
-0.688742 -0.019264 -0.724751
-0.767741 -0.020884 -0.640420
-0.802179 -0.131883 -0.582336
-0.751463 -0.230154 -0.618331
6
-0.780912 0.303482 -0.545962
-0.857193 0.276892 -0.434224
-0.886396 0.206470 -0.414334
-0.867787 0.084537 -0.489692
-0.806855 0.089582 -0.583918
-0.757359 0.193666 -0.623619
6
-0.989493 -0.134079 -0.054095
-0.961130 -0.271989 -0.047442
-0.928261 -0.320331 -0.188995
-0.939490 -0.200706 -0.277625
-0.954641 -0.142746 -0.261312
-0.988443 -0.089898 -0.122061
6
0.271902 0.145401 0.951277
0.187715 0.103435 0.976762
0.076153 0.164150 0.983492
0.079260 0.296170 0.951841
0.197361 0.341238 0.919024
0.278160 0.282436 0.918072
6
-0.228236 -0.750900 0.619724
-0.186168 -0.698072 0.691402
-0.064143 -0.693031 0.718049
0.012416 -0.746350 0.665438
-0.019399 -0.822966 0.567759
-0.147533 -0.830922 0.536473
6
-0.322017 0.274672 -0.906014
-0.193548 0.279605 -0.940404
-0.139938 0.357587 -0.923336
-0.184360 0.471586 -0.862333
-0.265299 0.486018 -0.832708
-0.365872 0.394446 -0.842941
6
0.482345 -0.221978 0.847390
0.570310 -0.269625 0.775919
0.567501 -0.377250 0.731864
0.458873 -0.452064 0.764902
0.378774 -0.409865 0.829784
0.387669 -0.293295 0.873894
6
0.724078 -0.645211 0.243750
0.789233 -0.604504 0.108104
0.778943 -0.624796 0.053649
0.674598 -0.738079 0.012525
0.608958 -0.778261 0.153231
0.621927 -0.755471 0.206085
6
-0.093781 0.516101 0.851378
-0.093429 0.629853 0.771074
0.012454 0.671952 0.740490
0.109344 0.626904 0.771385
0.107854 0.515934 0.849812
-0.008816 0.472138 0.881480
6
0.936781 0.214537 -0.276432
0.967548 0.147470 -0.205193
0.980603 0.177365 -0.083421
0.949008 0.310717 -0.053280
0.910749 0.381535 -0.158010
0.905684 0.349519 -0.239945
6
0.380958 -0.688395 -0.617239
0.439639 -0.674510 -0.593088
0.531960 -0.565608 -0.630163
0.506319 -0.495479 -0.705792
0.406387 -0.500858 -0.764193
0.312602 -0.606977 -0.730657
6
-0.269735 -0.750088 -0.603829
-0.386769 -0.685571 -0.616768
-0.460407 -0.696022 -0.550980
-0.453504 -0.771922 -0.445501
-0.331436 -0.837168 -0.435087
-0.248698 -0.817354 -0.519694
6
0.813227 -0.258425 -0.521419
0.727235 -0.282068 -0.625753
0.677789 -0.372296 -0.634033
0.692102 -0.471367 -0.546633
0.770319 -0.448657 -0.453118
0.825497 -0.352760 -0.440585
6
0.789180 -0.377432 0.484499
0.771186 -0.443927 0.456290
0.673399 -0.535931 0.509227
0.619509 -0.517322 0.590412
0.632272 -0.411383 0.656503
0.733938 -0.317517 0.600431
6
0.767436 -0.539292 -0.346707
0.673022 -0.640064 -0.370620
0.649355 -0.714449 -0.260578
0.698301 -0.694943 -0.171549
0.789294 -0.593928 -0.155770
0.808353 -0.524388 -0.267550
6
-0.035420 -0.812149 -0.582374
-0.088256 -0.725792 -0.682229
-0.174540 -0.707027 -0.685309
-0.269735 -0.750088 -0.603829
-0.248698 -0.817354 -0.519694
-0.135728 -0.855995 -0.498850
6
0.158807 -0.616280 0.771349
0.127881 -0.721996 0.679977
0.012416 -0.746350 0.665438
-0.064143 -0.693031 0.718049
-0.028860 -0.586626 0.809344
0.038793 -0.561240 0.826743
6
0.067470 -0.979391 0.190372
0.149441 -0.984000 0.097008
0.109634 -0.993814 -0.017737
-0.005645 -0.999134 -0.041234
-0.090296 -0.994710 0.048977
-0.049257 -0.984760 0.166795
6
0.622590 0.733914 -0.271571
0.622959 0.686756 -0.374552
0.690236 0.602343 -0.400945
0.783072 0.547864 -0.294354
0.788264 0.569334 -0.233449
0.713474 0.680155 -0.168360
6
0.575682 -0.696597 0.428186
0.540921 -0.771134 0.335791
0.448485 -0.829836 0.332014
0.365209 -0.824006 0.433169
0.401258 -0.743885 0.534441
0.489998 -0.692132 0.529958
6
-0.292188 0.948159 0.124981
-0.370941 0.926142 0.068287
-0.373237 0.925654 -0.062124
-0.256454 0.959333 -0.117950
-0.176207 0.981871 -0.069866
-0.172502 0.982593 0.068950
6
0.196717 -0.107331 -0.974568
0.062163 -0.115672 -0.991340
0.015113 -0.215270 -0.976438
0.075687 -0.317365 -0.945278
0.205880 -0.305426 -0.929693
0.256826 -0.216209 -0.941963
6
0.905684 0.349519 -0.239945
0.836555 0.416375 -0.356100
0.824643 0.394354 -0.405524
0.851619 0.257187 -0.456728
0.900256 0.184387 -0.394387
0.936781 0.214537 -0.276432
6
-0.211221 -0.246471 0.945853
-0.313072 -0.201806 0.928041
-0.334703 -0.080820 0.938851
-0.232513 -0.007109 0.972567
-0.116923 -0.073841 0.990392
-0.120778 -0.194211 0.973496
6
0.914216 -0.383063 -0.132179
0.893994 -0.445174 -0.050949
0.907008 -0.415892 0.066116
0.952515 -0.290161 0.092312
0.974445 -0.223925 0.017722
0.961318 -0.253249 -0.108316
6
0.819748 -0.568079 -0.072800
0.778943 -0.624796 0.053649
0.789233 -0.604504 0.108104
0.867184 -0.475738 0.147192
0.907008 -0.415892 0.066116
0.893994 -0.445174 -0.050949
6
-0.657622 -0.731751 -0.179091
-0.687933 -0.674468 -0.268033
-0.766877 -0.586854 -0.259812
-0.820494 -0.556370 -0.131308
-0.760254 -0.648714 -0.034425
-0.707653 -0.704388 -0.055355
6
0.875645 -0.185336 0.445979
0.923947 -0.092049 0.371279
0.960735 -0.131327 0.244422
0.941559 -0.254934 0.220172
0.902023 -0.319732 0.290043
0.866320 -0.277408 0.415373
6
-0.814792 0.457279 -0.356385
-0.734892 0.486598 -0.472393
-0.665910 0.577969 -0.471715
-0.660014 0.646735 -0.382250
-0.739225 0.618925 -0.265478
-0.786593 0.561020 -0.257930
6
0.910749 0.381535 -0.158010
0.857703 0.499456 -0.122023
0.788264 0.569334 -0.233449
0.783072 0.547864 -0.294354
0.836555 0.416375 -0.356100
0.905684 0.349519 -0.239945
6
-0.492424 -0.020868 -0.870105
-0.545532 0.091409 -0.833090
-0.641244 0.085659 -0.762541
-0.688742 -0.019264 -0.724751
-0.636021 -0.124221 -0.761608
-0.536687 -0.123039 -0.834762
6
-0.384056 -0.596449 -0.704805
-0.238556 -0.579685 -0.779138
-0.222475 -0.552386 -0.803352
-0.326178 -0.414977 -0.849354
-0.437626 -0.422252 -0.793843
-0.459432 -0.521032 -0.719339
6
-0.641244 0.085659 -0.762541
-0.545532 0.091409 -0.833090
-0.491072 0.185843 -0.851064
-0.534578 0.303047 -0.788916
-0.616983 0.301522 -0.726923
-0.683666 0.199272 -0.702062
6
-0.192745 0.078426 -0.978110
-0.326503 0.072143 -0.942439
-0.374579 -0.015401 -0.927067
-0.315327 -0.131821 -0.939783
-0.184604 -0.126049 -0.974696
-0.138392 -0.027310 -0.990001
6
0.724078 -0.645211 0.243750
0.729300 -0.616392 0.296955
0.805269 -0.493933 0.327981
0.857630 -0.443437 0.260449
0.867184 -0.475738 0.147192
0.789233 -0.604504 0.108104
6
0.886232 -0.327050 -0.328073
0.881707 -0.404779 -0.242378
0.914216 -0.383063 -0.132179
0.961318 -0.253249 -0.108316
0.965666 -0.183668 -0.183724
0.926887 -0.212746 -0.309226
6
-0.183301 0.668573 -0.720701
-0.194615 0.746013 -0.636860
-0.280232 0.762030 -0.583764
-0.400626 0.679168 -0.615003
-0.382084 0.597722 -0.704798
-0.298342 0.586946 -0.752653
6
-0.060227 0.963169 -0.262064
-0.174245 0.934506 -0.310383
-0.169044 0.884436 -0.434968
-0.081292 0.869405 -0.487367
0.033402 0.899410 -0.435829
0.036205 0.947944 -0.316371
6
0.729300 -0.616392 0.296955
0.724078 -0.645211 0.243750
0.621927 -0.755471 0.206085
0.540921 -0.771134 0.335791
0.575682 -0.696597 0.428186
0.647164 -0.635243 0.421479
6
0.690236 0.602343 -0.400945
0.622959 0.686756 -0.374552
0.528472 0.716867 -0.454774
0.513071 0.647046 -0.563994
0.589229 0.560902 -0.581548
0.681099 0.531361 -0.503746
6
0.216599 0.746291 0.629392
0.316307 0.759416 0.568540
0.427322 0.670801 0.606153
0.425523 0.621649 0.657634
0.311869 0.592153 0.743030
0.213190 0.656563 0.723516
6
-0.295741 0.831145 0.470887
-0.188645 0.885703 0.424196
-0.087676 0.872469 0.480740
-0.087719 0.799473 0.594262
-0.186886 0.754979 0.628554
-0.294395 0.771692 0.563758
6
0.505318 -0.729122 -0.461557
0.467577 -0.788240 -0.400063
0.556643 -0.786786 -0.266678
0.649355 -0.714449 -0.260578
0.673022 -0.640064 -0.370620
0.624630 -0.642724 -0.443558
6
-0.365872 0.394446 -0.842941
-0.265299 0.486018 -0.832708
-0.298342 0.586946 -0.752653
-0.382084 0.597722 -0.704798
-0.481480 0.504497 -0.716700
-0.451581 0.400238 -0.797424
6
-0.919620 -0.145300 0.364949
-0.959081 -0.084409 0.270258
-0.960128 0.049210 0.275196
-0.929817 0.100057 0.354158
-0.883721 0.039906 0.466310
-0.883125 -0.088979 0.460622
6
-0.897228 -0.265165 0.353087
-0.916010 -0.323300 0.237492
-0.952958 -0.261737 0.152854
-0.977397 -0.138372 0.159839
-0.959081 -0.084409 0.270258
-0.919620 -0.145300 0.364949
6
-0.503046 0.745227 0.437700
-0.598116 0.723341 0.345014
-0.599286 0.756218 0.262661
-0.495804 0.842592 0.210278
-0.400178 0.864663 0.303670
-0.400128 0.829670 0.389289
6
-0.246772 -0.941698 0.228711
-0.134939 -0.956201 0.259751
-0.049257 -0.984760 0.166795
-0.090296 -0.994710 0.048977
-0.200580 -0.979361 0.024889
-0.285140 -0.951635 0.114396
6
0.885632 0.458518 0.073608
0.938550 0.341987 0.046576
0.953211 0.267263 0.141275
0.921394 0.296865 0.250809
0.870199 0.411721 0.270628
0.853067 0.484683 0.193283
6
0.296225 -0.099487 0.949923
0.369202 -0.056186 0.927649
0.480272 -0.116899 0.869295
0.482345 -0.221978 0.847390
0.387669 -0.293295 0.873894
0.277046 -0.238802 0.930709
6
-0.641244 0.085659 -0.762541
-0.683666 0.199272 -0.702062
-0.757359 0.193666 -0.623619
-0.806855 0.089582 -0.583918
-0.767741 -0.020884 -0.640420
-0.688742 -0.019264 -0.724751
6
-0.005645 -0.999134 -0.041234
-0.046857 -0.985151 -0.165170
-0.155159 -0.970232 -0.185945
-0.240070 -0.965525 -0.100637
-0.200580 -0.979361 0.024889
-0.090296 -0.994710 0.048977
6
-0.495224 0.697351 0.518126
-0.581885 0.597765 0.551440
-0.661940 0.565884 0.491538
-0.684558 0.617929 0.386710
-0.598116 0.723341 0.345014
-0.503046 0.745227 0.437700
5
-0.765205 -0.573761 0.291993
-0.679207 -0.633444 0.370710
-0.609379 -0.731336 0.306277
-0.648242 -0.742464 0.168906
-0.759733 -0.631397 0.155384
6
0.181784 -0.885238 -0.428145
0.288841 -0.817308 -0.498577
0.283532 -0.774715 -0.565178
0.154487 -0.755451 -0.636732
0.051896 -0.823140 -0.565462
0.103036 -0.886338 -0.451430
6
-0.943246 0.169492 -0.285588
-0.938990 0.281083 -0.198217
-0.971609 0.228894 -0.059863
-0.992535 0.108630 -0.055433
-0.990177 0.050618 -0.130333
-0.960173 0.092918 -0.263503
6
0.080458 -0.217752 0.972682
-0.001507 -0.259288 0.965799
-0.120778 -0.194211 0.973496
-0.116923 -0.073841 0.990392
-0.023725 -0.017766 0.999561
0.096514 -0.080162 0.992098
6
-0.897228 -0.265165 0.353087
-0.919620 -0.145300 0.364949
-0.883125 -0.088979 0.460622
-0.819133 -0.151544 0.553222
-0.797844 -0.261815 0.543045
-0.834958 -0.327514 0.442243
5
0.230229 -0.924285 -0.304455
0.344126 -0.896489 -0.279079
0.415312 -0.817974 -0.398038
0.288841 -0.817308 -0.498577
0.181784 -0.885238 -0.428145
7
-0.707653 -0.704388 -0.055355
-0.760254 -0.648714 -0.034425
-0.788649 -0.607202 0.096639
-0.759733 -0.631397 0.155384
-0.648242 -0.742464 0.168906
-0.606175 -0.789151 0.098957
-0.609949 -0.790576 0.054324
6
-0.863651 -0.491047 -0.113928
-0.899041 -0.386526 -0.205727
-0.928261 -0.320331 -0.188995
-0.961130 -0.271989 -0.047442
-0.948649 -0.315790 0.018484
-0.894869 -0.445670 0.024252
6
0.352710 0.208855 -0.912127
0.419869 0.109557 -0.900948
0.516342 0.111840 -0.849048
0.566257 0.229218 -0.791715
0.466087 0.338068 -0.817602
0.408780 0.333629 -0.849465
6
-0.392396 -0.915980 0.083698
-0.425428 -0.904306 -0.035224
-0.521001 -0.851373 -0.061005
-0.609949 -0.790576 0.054324
-0.606175 -0.789151 0.098957
-0.469098 -0.866351 0.171413
6
0.024433 0.767344 -0.640770
0.128708 0.797094 -0.589979
0.136526 0.861410 -0.489217
0.033402 0.899410 -0.435829
-0.081292 0.869405 -0.487367
-0.076706 0.801887 -0.592531
6
-0.521001 -0.851373 -0.061005
-0.425428 -0.904306 -0.035224
-0.345109 -0.930661 -0.121531
-0.377011 -0.892512 -0.247560
-0.497007 -0.829061 -0.256208
-0.552394 -0.814217 -0.178641
6
-0.256454 0.959333 -0.117950
-0.373237 0.925654 -0.062124
-0.443850 0.889098 -0.111813
-0.439426 0.863063 -0.249051
-0.375997 0.876688 -0.300074
-0.254730 0.931925 -0.258125
6
0.387669 -0.293295 0.873894
0.378774 -0.409865 0.829784
0.268697 -0.467122 0.842377
0.177297 -0.409793 0.894782
0.201802 -0.279035 0.938837
0.277046 -0.238802 0.930709
6
-0.875729 -0.427641 0.224104
-0.916010 -0.323300 0.237492
-0.897228 -0.265165 0.353087
-0.834958 -0.327514 0.442243
-0.797497 -0.429432 0.423777
-0.812808 -0.492161 0.311642
5
-0.184360 0.471586 -0.862333
-0.139938 0.357587 -0.923336
0.003511 0.358214 -0.933633
0.048527 0.489155 -0.870846
-0.071671 0.552700 -0.830292
6
-0.580761 0.589127 -0.561824
-0.483150 0.683016 -0.547772
-0.486738 0.744683 -0.456655
-0.567681 0.737205 -0.366426
-0.660014 0.646735 -0.382250
-0.665910 0.577969 -0.471715
6
-0.762879 0.614369 0.201413
-0.681716 0.713415 0.162183
-0.599286 0.756218 0.262661
-0.598116 0.723341 0.345014
-0.684558 0.617929 0.386710
-0.759926 0.574126 0.304782
5
-0.443850 0.889098 -0.111813
-0.558953 0.827471 -0.053501
-0.630138 0.758134 -0.167807
-0.556359 0.782016 -0.280918
-0.439426 0.863063 -0.249051
6
0.326000 0.819280 0.471703
0.316307 0.759416 0.568540
0.216599 0.746291 0.629392
0.114934 0.796047 0.594222
0.117917 0.869283 0.480045
0.216117 0.878777 0.425493
6
0.268697 -0.467122 0.842377
0.378774 -0.409865 0.829784
0.458873 -0.452064 0.764902
0.443142 -0.562722 0.697832
0.343947 -0.617089 0.707744
0.246880 -0.577440 0.778212
6
-0.176207 0.981871 -0.069866
-0.256454 0.959333 -0.117950
-0.254730 0.931925 -0.258125
-0.174245 0.934506 -0.310383
-0.060227 0.963169 -0.262064
-0.058307 0.990536 -0.124254
6
0.271902 0.145401 0.951277
0.278160 0.282436 0.918072
0.399056 0.316934 0.860411
0.463868 0.255767 0.848180
0.456969 0.123129 0.880919
0.381439 0.081651 0.920781
6
0.965666 -0.183668 -0.183724
0.985409 -0.055116 -0.161030
0.972525 0.015268 -0.232296
0.933116 -0.015387 -0.359247
0.914451 -0.132986 -0.382223
0.926887 -0.212746 -0.309226
6
-0.536687 -0.123039 -0.834762
-0.475330 -0.224801 -0.850603
-0.359167 -0.221050 -0.906717
-0.315327 -0.131821 -0.939783
-0.374579 -0.015401 -0.927067
-0.492424 -0.020868 -0.870105
6
-0.858110 0.280471 0.430097
-0.815052 0.224558 0.534101
-0.837130 0.091495 0.539298
-0.883721 0.039906 0.466310
-0.929817 0.100057 0.354158
-0.907241 0.231275 0.351319
6
0.418805 0.904872 -0.076216
0.529158 0.838615 -0.129292
0.614960 0.787956 -0.030802
0.606302 0.794256 0.039446
0.496688 0.861166 0.108140
0.420227 0.905690 0.055992
6
-0.298342 0.586946 -0.752653
-0.265299 0.486018 -0.832708
-0.184360 0.471586 -0.862333
-0.071671 0.552700 -0.830292
-0.076412 0.632225 -0.771007
-0.183301 0.668573 -0.720701
6
-0.365872 0.394446 -0.842941
-0.451581 0.400238 -0.797424
-0.534578 0.303047 -0.788916
-0.491072 0.185843 -0.851064
-0.377894 0.192619 -0.905591
-0.322017 0.274672 -0.906014
5
0.624630 -0.642724 -0.443558
0.629019 -0.551709 -0.547680
0.531960 -0.565608 -0.630163
0.439639 -0.674510 -0.593088
0.505318 -0.729122 -0.461557
6
0.983308 -0.060219 0.171693
0.960735 -0.131327 0.244422
0.923947 -0.092049 0.371279
0.918029 0.015210 0.396222
0.942923 0.100588 0.317455
0.978680 0.066235 0.194418
7
-0.143911 -0.532852 -0.833882
-0.222475 -0.552386 -0.803352
-0.238556 -0.579685 -0.779138
-0.174540 -0.707027 -0.685309
-0.088256 -0.725792 -0.682229
0.007313 -0.660806 -0.750521
-0.001508 -0.603704 -0.797207
6
-0.812808 -0.492161 0.311642
-0.797497 -0.429432 0.423777
-0.706750 -0.487234 0.512941
-0.652578 -0.599972 0.462791
-0.679207 -0.633444 0.370710
-0.765205 -0.573761 0.291993
6
0.681099 0.531361 -0.503746
0.589229 0.560902 -0.581548
0.558985 0.460428 -0.689595
0.664587 0.348244 -0.661098
0.709152 0.348433 -0.612942
0.732419 0.447363 -0.513253
6
-0.630138 0.758134 -0.167807
-0.558953 0.827471 -0.053501
-0.574396 0.818278 0.022124
-0.671104 0.737762 0.072991
-0.744837 0.666244 -0.036561
-0.689938 0.706199 -0.158960
6
-0.001851 -0.928861 -0.370423
0.037928 -0.967793 -0.248874
0.153872 -0.962568 -0.223126
0.230229 -0.924285 -0.304455
0.181784 -0.885238 -0.428145
0.103036 -0.886338 -0.451430
6
-0.802179 -0.131883 -0.582336
-0.767741 -0.020884 -0.640420
-0.806855 0.089582 -0.583918
-0.867787 0.084537 -0.489692
-0.900569 -0.018600 -0.434315
-0.862889 -0.126887 -0.489205
6
0.246880 -0.577440 0.778212
0.343947 -0.617089 0.707744
0.314513 -0.721479 0.616886
0.212426 -0.760349 0.613795
0.127881 -0.721996 0.679977
0.158807 -0.616280 0.771349
6
0.622590 0.733914 -0.271571
0.713474 0.680155 -0.168360
0.710914 0.696226 -0.099353
0.614960 0.787956 -0.030802
0.529158 0.838615 -0.129292
0.535086 0.812886 -0.230000
6
-0.384910 -0.779499 0.494192
-0.483059 -0.749582 0.452527
-0.556823 -0.644297 0.524242
-0.511373 -0.601637 0.613621
-0.415945 -0.632551 0.653352
-0.340323 -0.738051 0.582633
6
-0.286827 0.925504 0.247329
-0.400178 0.864663 0.303670
-0.495804 0.842592 0.210278
-0.489331 0.862883 0.126442
-0.370941 0.926142 0.068287
-0.292188 0.948159 0.124981
6
-0.644315 0.407930 -0.646879
-0.568353 0.503741 -0.650554
-0.580761 0.589127 -0.561824
-0.665910 0.577969 -0.471715
-0.734892 0.486598 -0.472393
-0.728652 0.394465 -0.559878
6
-0.822705 0.460450 0.333379
-0.812103 0.414129 0.411079
-0.858110 0.280471 0.430097
-0.907241 0.231275 0.351319
-0.927956 0.289257 0.235007
-0.884405 0.408133 0.226395
6
-0.174245 0.934506 -0.310383
-0.254730 0.931925 -0.258125
-0.375997 0.876688 -0.300074
-0.365617 0.828216 -0.424714
-0.293044 0.827804 -0.478400
-0.169044 0.884436 -0.434968
6
0.848998 -0.161508 -0.503109
0.818510 -0.059989 -0.571352
0.731594 -0.086561 -0.676223
0.696825 -0.178168 -0.694760
0.727235 -0.282068 -0.625753
0.813227 -0.258425 -0.521419
6
0.770319 -0.448657 -0.453118
0.692102 -0.471367 -0.546633
0.629019 -0.551709 -0.547680
0.624630 -0.642724 -0.443558
0.673022 -0.640064 -0.370620
0.767436 -0.539292 -0.346707
6
0.243437 -0.611889 -0.752549
0.172704 -0.514627 -0.839841
0.099171 -0.512917 -0.852691
-0.001508 -0.603704 -0.797207
0.007313 -0.660806 -0.750521
0.142648 -0.701868 -0.697877
6
-0.138392 -0.027310 -0.990001
-0.184604 -0.126049 -0.974696
-0.124106 -0.223371 -0.966801
0.015113 -0.215270 -0.976438
0.062163 -0.115672 -0.991340
0.006021 -0.021606 -0.999748
6
0.420227 0.905690 0.055992
0.496688 0.861166 0.108140
0.494233 0.836930 0.235122
0.423446 0.856578 0.294902
0.308529 0.918184 0.248493
0.312582 0.943241 0.112202
6
0.256826 -0.216209 -0.941963
0.205880 -0.305426 -0.929693
0.263931 -0.412235 -0.872011
0.362837 -0.411042 -0.836298
0.433810 -0.308545 -0.846528
0.381598 -0.201069 -0.902194
6
0.530660 0.717765 0.450793
0.532050 0.686141 0.496119
0.427322 0.670801 0.606153
0.316307 0.759416 0.568540
0.326000 0.819280 0.471703
0.414359 0.814357 0.406362
6
-0.392396 -0.915980 0.083698
-0.469098 -0.866351 0.171413
-0.449148 -0.852736 0.266659
-0.333202 -0.887281 0.318918
-0.246772 -0.941698 0.228711
-0.285140 -0.951635 0.114396
6
0.006021 -0.021606 -0.999748
0.062163 -0.115672 -0.991340
0.196717 -0.107331 -0.974568
0.248463 -0.004891 -0.968629
0.188265 0.093581 -0.977650
0.053824 0.091766 -0.994325
6
-0.494250 -0.238960 0.835832
-0.405864 -0.275881 0.871300
-0.362036 -0.401385 0.841320
-0.403136 -0.461964 0.789981
-0.528023 -0.433430 0.730295
-0.569937 -0.306102 0.762544
6
0.427886 -0.109718 -0.897149
0.543770 -0.091522 -0.834229
0.580683 0.001976 -0.814128
0.516342 0.111840 -0.849048
0.419869 0.109557 -0.900948
0.367133 0.000862 -0.930168
6
0.866320 -0.277408 0.415373
0.902023 -0.319732 0.290043
0.857630 -0.443437 0.260449
0.805269 -0.493933 0.327981
0.771186 -0.443927 0.456290
0.789180 -0.377432 0.484499
6
0.053824 0.091766 -0.994325
0.002493 0.171279 -0.985219
-0.144117 0.168046 -0.975188
-0.192745 0.078426 -0.978110
-0.138392 -0.027310 -0.990001
0.006021 -0.021606 -0.999748
6
-0.232513 -0.007109 0.972567
-0.334703 -0.080820 0.938851
-0.424659 -0.036098 0.904633
-0.442503 0.092630 0.891970
-0.336907 0.164829 0.926998
-0.234080 0.100704 0.966988
5
-0.552394 -0.814217 -0.178641
-0.657622 -0.731751 -0.179091
-0.707653 -0.704388 -0.055355
-0.609949 -0.790576 0.054324
-0.521001 -0.851373 -0.061005
6
-0.870662 -0.483575 0.090019
-0.894869 -0.445670 0.024252
-0.948649 -0.315790 0.018484
-0.952958 -0.261737 0.152854
-0.916010 -0.323300 0.237492
-0.875729 -0.427641 0.224104
6
0.026302 -0.404827 -0.914015
0.075687 -0.317365 -0.945278
0.015113 -0.215270 -0.976438
-0.124106 -0.223371 -0.966801
-0.169069 -0.329165 -0.929013
-0.095599 -0.415667 -0.904479
6
-0.826685 0.552752 0.105151
-0.795617 0.605359 -0.023106
-0.744837 0.666244 -0.036561
-0.671104 0.737762 0.072991
-0.681716 0.713415 0.162183
-0.762879 0.614369 0.201413
6
-0.751463 -0.230154 -0.618331
-0.802179 -0.131883 -0.582336
-0.862889 -0.126887 -0.489205
-0.878962 -0.244478 -0.409458
-0.847961 -0.315929 -0.425619
-0.768662 -0.346079 -0.537948
6
-0.788871 -0.505176 -0.349971
-0.842070 -0.422053 -0.335843
-0.899041 -0.386526 -0.205727
-0.863651 -0.491047 -0.113928
-0.820494 -0.556370 -0.131308
-0.766877 -0.586854 -0.259812
6
0.608958 -0.778261 0.153231
0.492537 -0.862802 0.113930
0.410334 -0.881458 0.233792
0.448485 -0.829836 0.332014
0.540921 -0.771134 0.335791
0.621927 -0.755471 0.206085
6
-0.734892 0.486598 -0.472393
-0.814792 0.457279 -0.356385
-0.851813 0.394243 -0.344944
-0.857193 0.276892 -0.434224
-0.780912 0.303482 -0.545962
-0.728652 0.394465 -0.559878
6
-0.625312 -0.686024 -0.371963
-0.516087 -0.771146 -0.372812
-0.453504 -0.771922 -0.445501
-0.460407 -0.696022 -0.550980
-0.566838 -0.612604 -0.550828
-0.639402 -0.610475 -0.467424
6
0.155643 0.625046 -0.764914
0.208932 0.637640 -0.741460
0.240881 0.734557 -0.634352
0.128708 0.797094 -0.589979
0.024433 0.767344 -0.640770
0.023700 0.685425 -0.727757
6
-0.762649 -0.080715 0.641756
-0.819133 -0.151544 0.553222
-0.883125 -0.088979 0.460622
-0.883721 0.039906 0.466310
-0.837130 0.091495 0.539298
-0.769104 0.029886 0.638424
6
0.535086 0.812886 -0.230000
0.443816 0.840916 -0.309656
0.437529 0.795804 -0.418645
0.528472 0.716867 -0.454774
0.622959 0.686756 -0.374552
0.622590 0.733914 -0.271571
6
-0.460407 -0.696022 -0.550980
-0.386769 -0.685571 -0.616768
-0.384056 -0.596449 -0.704805
-0.459432 -0.521032 -0.719339
-0.563039 -0.517099 -0.644667
-0.566838 -0.612604 -0.550828
6
0.576383 -0.388803 -0.718759
0.541270 -0.298188 -0.786200
0.433810 -0.308545 -0.846528
0.362837 -0.411042 -0.836298
0.406387 -0.500858 -0.764193
0.506319 -0.495479 -0.705792
6
-0.035420 -0.812149 -0.582374
0.051896 -0.823140 -0.565462
0.154487 -0.755451 -0.636732
0.142648 -0.701868 -0.697877
0.007313 -0.660806 -0.750521
-0.088256 -0.725792 -0.682229
6
-0.135728 -0.855995 -0.498850
-0.102423 -0.913111 -0.394637
-0.001851 -0.928861 -0.370423
0.103036 -0.886338 -0.451430
0.051896 -0.823140 -0.565462
-0.035420 -0.812149 -0.582374
6
0.197457 0.459644 0.865874
0.107854 0.515934 0.849812
0.109344 0.626904 0.771385
0.213190 0.656563 0.723516
0.311869 0.592153 0.743030
0.315167 0.497935 0.807917
6
0.367133 0.000862 -0.930168
0.419869 0.109557 -0.900948
0.352710 0.208855 -0.912127
0.242432 0.211149 -0.946912
0.188265 0.093581 -0.977650
0.248463 -0.004891 -0.968629
6
0.114961 0.507006 -0.854242
0.236381 0.423532 -0.874497
0.295277 0.431750 -0.852293
0.345370 0.554143 -0.757393
0.208932 0.637640 -0.741460
0.155643 0.625046 -0.764914
6
-0.769104 0.029886 0.638424
-0.837130 0.091495 0.539298
-0.815052 0.224558 0.534101
-0.755235 0.268426 0.597969
-0.689771 0.207442 0.693674
-0.693902 0.107379 0.712018
6
-0.509771 -0.330094 -0.794463
-0.608864 -0.328097 -0.722244
-0.628008 -0.438907 -0.642625
-0.563039 -0.517099 -0.644667
-0.459432 -0.521032 -0.719339
-0.437626 -0.422252 -0.793843
6
0.914451 -0.132986 -0.382223
0.933116 -0.015387 -0.359247
0.902619 0.063662 -0.425707
0.838183 0.032498 -0.544420
0.818510 -0.059989 -0.571352
0.848998 -0.161508 -0.503109
6
-0.425990 0.335714 0.840136
-0.331702 0.271276 0.903539
-0.336907 0.164829 0.926998
-0.442503 0.092630 0.891970
-0.517475 0.130006 0.845765
-0.529225 0.265095 0.806006
6
-0.939490 -0.200706 -0.277625
-0.878962 -0.244478 -0.409458
-0.862889 -0.126887 -0.489205
-0.900569 -0.018600 -0.434315
-0.940336 -0.019463 -0.339691
-0.954641 -0.142746 -0.261312
6
0.136526 0.861410 -0.489217
0.128708 0.797094 -0.589979
0.240881 0.734557 -0.634352
0.325750 0.738799 -0.589969
0.344981 0.805815 -0.481301
0.237160 0.869833 -0.432603
6
-0.948649 -0.315790 0.018484
-0.961130 -0.271989 -0.047442
-0.989493 -0.134079 -0.054095
-0.994089 -0.080986 0.072306
-0.977397 -0.138372 0.159839
-0.952958 -0.261737 0.152854
6
-0.400626 0.679168 -0.615003
-0.483150 0.683016 -0.547772
-0.580761 0.589127 -0.561824
-0.568353 0.503741 -0.650554
-0.481480 0.504497 -0.716700
-0.382084 0.597722 -0.704798
6
-0.019399 -0.822966 0.567759
0.012416 -0.746350 0.665438
0.127881 -0.721996 0.679977
0.212426 -0.760349 0.613795
0.177536 -0.841059 0.510980
0.060892 -0.866575 0.495318
6
-0.558953 0.827471 -0.053501
-0.443850 0.889098 -0.111813
-0.373237 0.925654 -0.062124
-0.370941 0.926142 0.068287
-0.489331 0.862883 0.126442
-0.574396 0.818278 0.022124
6
-0.001851 -0.928861 -0.370423
-0.102423 -0.913111 -0.394637
-0.192902 -0.930901 -0.310181
-0.155159 -0.970232 -0.185945
-0.046857 -0.985151 -0.165170
0.037928 -0.967793 -0.248874
6
-0.628008 -0.438907 -0.642625
-0.608864 -0.328097 -0.722244
-0.670277 -0.235927 -0.703611
-0.751463 -0.230154 -0.618331
-0.768662 -0.346079 -0.537948
-0.720840 -0.422114 -0.549735
6
0.717202 0.389168 0.578074
0.634443 0.529449 0.563174
0.636267 0.561843 0.528675
0.727036 0.564265 0.391183
0.808238 0.427887 0.404554
0.805360 0.386454 0.449497
6
0.783566 0.143556 -0.604497
0.792308 0.229618 -0.565265
0.709152 0.348433 -0.612942
0.664587 0.348244 -0.661098
0.624584 0.233802 -0.745138
0.706055 0.116726 -0.698470
6
0.222662 0.926553 0.303184
0.216117 0.878777 0.425493
0.117917 0.869283 0.480045
0.015411 0.901078 0.433384
0.015473 0.951680 0.306700
0.114629 0.960480 0.253650
7
-0.409882 0.425895 0.806604
-0.425990 0.335714 0.840136
-0.529225 0.265095 0.806006
-0.591622 0.290262 0.752151
-0.597328 0.421430 0.682346
-0.524193 0.503525 0.686793
-0.516228 0.505442 0.691402
6
-0.693902 0.107379 0.712018
-0.689771 0.207442 0.693674
-0.591622 0.290262 0.752151
-0.529225 0.265095 0.806006
-0.517475 0.130006 0.845765
-0.616756 0.051282 0.785482
6
-0.605309 -0.065961 0.793253
-0.522998 -0.113146 0.844790
-0.494250 -0.238960 0.835832
-0.569937 -0.306102 0.762544
-0.659877 -0.260243 0.704866
-0.682966 -0.137474 0.717397
6
-0.019399 -0.822966 0.567759
0.060892 -0.866575 0.495318
0.025066 -0.920797 0.389237
-0.096375 -0.926892 0.362744
-0.180788 -0.872423 0.454086
-0.147533 -0.830922 0.536473
6
0.033402 0.899410 -0.435829
0.136526 0.861410 -0.489217
0.237160 0.869833 -0.432603
0.246606 0.915670 -0.317385
0.138878 0.954657 -0.263330
0.036205 0.947944 -0.316371
6
-0.180788 -0.872423 0.454086
-0.096375 -0.926892 0.362744
-0.134939 -0.956201 0.259751
-0.246772 -0.941698 0.228711
-0.333202 -0.887281 0.318918
-0.302862 -0.859917 0.410874
6
0.277046 -0.238802 0.930709
0.201802 -0.279035 0.938837
0.080458 -0.217752 0.972682
0.096514 -0.080162 0.992098
0.174858 -0.037456 0.983881
0.296225 -0.099487 0.949923
6
0.308529 0.918184 0.248493
0.423446 0.856578 0.294902
0.414359 0.814357 0.406362
0.326000 0.819280 0.471703
0.216117 0.878777 0.425493
0.222662 0.926553 0.303184
6
-0.683666 0.199272 -0.702062
-0.616983 0.301522 -0.726923
-0.644315 0.407930 -0.646879
-0.728652 0.394465 -0.559878
-0.780912 0.303482 -0.545962
-0.757359 0.193666 -0.623619
6
0.836555 0.416375 -0.356100
0.783072 0.547864 -0.294354
0.690236 0.602343 -0.400945
0.681099 0.531361 -0.503746
0.732419 0.447363 -0.513253
0.824643 0.394354 -0.405524
6
0.443816 0.840916 -0.309656
0.336384 0.905150 -0.259901
0.246606 0.915670 -0.317385
0.237160 0.869833 -0.432603
0.344981 0.805815 -0.481301
0.437529 0.795804 -0.418645
6
0.149441 -0.984000 0.097008
0.265809 -0.956675 0.118819
0.347259 -0.937762 0.003783
0.317528 -0.945079 -0.077474
0.190034 -0.975562 -0.110298
0.109634 -0.993814 -0.017737
6
0.225236 0.971144 -0.078409
0.343052 0.930123 -0.131096
0.418805 0.904872 -0.076216
0.420227 0.905690 0.055992
0.312582 0.943241 0.112202
0.227719 0.971750 0.062023
6
0.153872 -0.962568 -0.223126
0.190034 -0.975562 -0.110298
0.317528 -0.945079 -0.077474
0.387711 -0.901679 -0.191454
0.344126 -0.896489 -0.279079
0.230229 -0.924285 -0.304455
5
-0.516228 0.505442 0.691402
-0.383389 0.625705 0.679342
-0.292720 0.604284 0.741050
-0.292417 0.495488 0.817915
-0.409882 0.425895 0.806604
6
0.390237 0.558936 -0.731646
0.513901 0.459221 -0.724583
0.558985 0.460428 -0.689595
0.589229 0.560902 -0.581548
0.513071 0.647046 -0.563994
0.425226 0.658574 -0.620857
6
-0.706750 -0.487234 0.512941
-0.797497 -0.429432 0.423777
-0.834958 -0.327514 0.442243
-0.797844 -0.261815 0.543045
-0.714531 -0.319066 0.622609
-0.676136 -0.442013 0.589461
6
-0.331436 -0.837168 -0.435087
-0.453504 -0.771922 -0.445501
-0.516087 -0.771146 -0.372812
-0.497007 -0.829061 -0.256208
-0.377011 -0.892512 -0.247560
-0.306293 -0.893939 -0.327196
7
0.505318 -0.729122 -0.461557
0.439639 -0.674510 -0.593088
0.380958 -0.688395 -0.617239
0.283532 -0.774715 -0.565178
0.288841 -0.817308 -0.498577
0.415312 -0.817974 -0.398038
0.467577 -0.788240 -0.400063
6
0.926887 -0.212746 -0.309226
0.914451 -0.132986 -0.382223
0.848998 -0.161508 -0.503109
0.813227 -0.258425 -0.521419
0.825497 -0.352760 -0.440585
0.886232 -0.327050 -0.328073
6
0.038793 -0.561240 0.826743
-0.028860 -0.586626 0.809344
-0.165493 -0.517111 0.839767
-0.180027 -0.424311 0.887440
-0.016773 -0.382010 0.924006
0.066813 -0.448217 0.891424
5
-0.165493 -0.517111 0.839767
-0.028860 -0.586626 0.809344
-0.064143 -0.693031 0.718049
-0.186168 -0.698072 0.691402
-0.259783 -0.594756 0.760774
6
-0.567719 -0.485000 0.665184
-0.528023 -0.433430 0.730295
-0.403136 -0.461964 0.789981
-0.347214 -0.571785 0.743307
-0.415945 -0.632551 0.653352
-0.511373 -0.601637 0.613621
6
-0.280232 0.762030 -0.583764
-0.293044 0.827804 -0.478400
-0.365617 0.828216 -0.424714
-0.486738 0.744683 -0.456655
-0.483150 0.683016 -0.547772
-0.400626 0.679168 -0.615003
5
0.851619 0.257187 -0.456728
0.824643 0.394354 -0.405524
0.732419 0.447363 -0.513253
0.709152 0.348433 -0.612942
0.792308 0.229618 -0.565265
6
-0.597328 0.421430 0.682346
-0.708448 0.402594 0.579672
-0.725177 0.451909 0.519517
-0.661940 0.565884 0.491538
-0.581885 0.597765 0.551440
-0.524193 0.503525 0.686793
6
0.028468 0.997411 0.066033
-0.088362 0.988831 0.120023
-0.172502 0.982593 0.068950
-0.176207 0.981871 -0.069866
-0.058307 0.990536 -0.124254
0.025411 0.996822 -0.075503
7
-0.362036 -0.401385 0.841320
-0.192511 -0.413799 0.889781
-0.180027 -0.424311 0.887440
-0.165493 -0.517111 0.839767
-0.259783 -0.594756 0.760774
-0.347214 -0.571785 0.743307
-0.403136 -0.461964 0.789981
6
-0.567719 -0.485000 0.665184
-0.511373 -0.601637 0.613621
-0.556823 -0.644297 0.524242
-0.652578 -0.599972 0.462791
-0.706750 -0.487234 0.512941
-0.676136 -0.442013 0.589461
5
-0.689771 0.207442 0.693674
-0.755235 0.268426 0.597969
-0.708448 0.402594 0.579672
-0.597328 0.421430 0.682346
-0.591622 0.290262 0.752151
6
-0.884405 0.408133 0.226395
-0.927956 0.289257 0.235007
-0.959623 0.236384 0.152467
-0.955705 0.293395 0.023413
-0.917691 0.396926 0.017125
-0.877202 0.465529 0.117474
6
0.566257 0.229218 -0.791715
0.516342 0.111840 -0.849048
0.580683 0.001976 -0.814128
0.681517 0.023212 -0.731434
0.706055 0.116726 -0.698470
0.624584 0.233802 -0.745138
6
0.362837 -0.411042 -0.836298
0.263931 -0.412235 -0.872011
0.172704 -0.514627 -0.839841
0.243437 -0.611889 -0.752549
0.312602 -0.606977 -0.730657
0.406387 -0.500858 -0.764193
6
0.365209 -0.824006 0.433169
0.448485 -0.829836 0.332014
0.410334 -0.881458 0.233792
0.305407 -0.926660 0.219151
0.221949 -0.920931 0.320352
0.260880 -0.866049 0.426499
6
-0.377894 0.192619 -0.905591
-0.326503 0.072143 -0.942439
-0.192745 0.078426 -0.978110
-0.144117 0.168046 -0.975188
-0.193548 0.279605 -0.940404
-0.322017 0.274672 -0.906014
6
-0.927956 0.289257 0.235007
-0.907241 0.231275 0.351319
-0.929817 0.100057 0.354158
-0.960128 0.049210 0.275196
-0.982490 0.106792 0.152676
-0.959623 0.236384 0.152467
6
-0.234080 0.100704 0.966988
-0.336907 0.164829 0.926998
-0.331702 0.271276 0.903539
-0.212459 0.339090 0.916449
-0.129018 0.292901 0.947398
-0.125766 0.168703 0.977610
6
0.528472 0.716867 -0.454774
0.437529 0.795804 -0.418645
0.344981 0.805815 -0.481301
0.325750 0.738799 -0.589969
0.425226 0.658574 -0.620857
0.513071 0.647046 -0.563994
6
0.742319 -0.241190 0.625132
0.667659 -0.176899 0.723145
0.666582 -0.097235 0.739063
0.745399 0.000362 0.666619
0.812196 -0.034134 0.582385
0.820138 -0.143056 0.553994
6
-0.567681 0.737205 -0.366426
-0.486738 0.744683 -0.456655
-0.365617 0.828216 -0.424714
-0.375997 0.876688 -0.300074
-0.439426 0.863063 -0.249051
-0.556359 0.782016 -0.280918
6
0.268697 -0.467122 0.842377
0.246880 -0.577440 0.778212
0.158807 -0.616280 0.771349
0.038793 -0.561240 0.826743
0.066813 -0.448217 0.891424
0.177297 -0.409793 0.894782
6
0.978680 0.066235 0.194418
0.942923 0.100588 0.317455
0.916036 0.216379 0.337725
0.921394 0.296865 0.250809
0.953211 0.267263 0.141275
0.983419 0.139078 0.116378
5
-0.095599 -0.415667 -0.904479
-0.143911 -0.532852 -0.833882
-0.001508 -0.603704 -0.797207
0.099171 -0.512917 -0.852691
0.026302 -0.404827 -0.914015
6
-0.815052 0.224558 0.534101
-0.858110 0.280471 0.430097
-0.812103 0.414129 0.411079
-0.725177 0.451909 0.519517
-0.708448 0.402594 0.579672
-0.755235 0.268426 0.597969
6
0.860909 0.051331 0.506162
0.812196 -0.034134 0.582385
0.745399 0.000362 0.666619
0.713952 0.123591 0.689201
0.764051 0.204235 0.611975
0.833552 0.177671 0.523092
6
0.025411 0.996822 -0.075503
-0.058307 0.990536 -0.124254
-0.060227 0.963169 -0.262064
0.036205 0.947944 -0.316371
0.138878 0.954657 -0.263330
0.144079 0.981164 -0.128679
6
-0.847961 -0.315929 -0.425619
-0.878962 -0.244478 -0.409458
-0.939490 -0.200706 -0.277625
-0.928261 -0.320331 -0.188995
-0.899041 -0.386526 -0.205727
-0.842070 -0.422053 -0.335843
6
0.789294 -0.593928 -0.155770
0.698301 -0.694943 -0.171549
0.655596 -0.753829 -0.043983
0.674598 -0.738079 0.012525
0.778943 -0.624796 0.053649
0.819748 -0.568079 -0.072800
6
0.677789 -0.372296 -0.634033
0.727235 -0.282068 -0.625753
0.696825 -0.178168 -0.694760
0.592809 -0.197973 -0.780630
0.541270 -0.298188 -0.786200
0.576383 -0.388803 -0.718759
6
0.227719 0.971750 0.062023
0.312582 0.943241 0.112202
0.308529 0.918184 0.248493
0.222662 0.926553 0.303184
0.114629 0.960480 0.253650
0.115169 0.986566 0.115856
6
0.144079 0.981164 -0.128679
0.138878 0.954657 -0.263330
0.246606 0.915670 -0.317385
0.336384 0.905150 -0.259901
0.343052 0.930123 -0.131096
0.225236 0.971144 -0.078409
6
-0.129018 0.292901 0.947398
-0.212459 0.339090 0.916449
-0.215300 0.459757 0.861551
-0.093781 0.516101 0.851378
-0.008816 0.472138 0.881480
-0.008566 0.349595 0.936862
6
0.983419 0.139078 0.116378
0.953211 0.267263 0.141275
0.938550 0.341987 0.046576
0.949008 0.310717 -0.053280
0.980603 0.177365 -0.083421
0.994070 0.108546 -0.006569
6
-0.877202 0.465529 0.117474
-0.826685 0.552752 0.105151
-0.762879 0.614369 0.201413
-0.759926 0.574126 0.304782
-0.822705 0.460450 0.333379
-0.884405 0.408133 0.226395
6
0.048527 0.489155 -0.870846
0.003511 0.358214 -0.933633
0.050335 0.297004 -0.953549
0.181269 0.294312 -0.938361
0.236381 0.423532 -0.874497
0.114961 0.507006 -0.854242
6
0.188265 0.093581 -0.977650
0.242432 0.211149 -0.946912
0.181269 0.294312 -0.938361
0.050335 0.297004 -0.953549
0.002493 0.171279 -0.985219
0.053824 0.091766 -0.994325
6
0.381598 -0.201069 -0.902194
0.433810 -0.308545 -0.846528
0.541270 -0.298188 -0.786200
0.592809 -0.197973 -0.780630
0.543770 -0.091522 -0.834229
0.427886 -0.109718 -0.897149
6
0.818510 -0.059989 -0.571352
0.838183 0.032498 -0.544420
0.783566 0.143556 -0.604497
0.706055 0.116726 -0.698470
0.681517 0.023212 -0.731434
0.731594 -0.086561 -0.676223
6
-0.088362 0.988831 0.120023
-0.084780 0.963319 0.254615
-0.192665 0.931716 0.307872
-0.286827 0.925504 0.247329
-0.292188 0.948159 0.124981
-0.172502 0.982593 0.068950
6
0.317528 -0.945079 -0.077474
0.347259 -0.937762 0.003783
0.470293 -0.881546 0.041254
0.539756 -0.838042 -0.079683
0.505710 -0.846909 -0.164326
0.387711 -0.901679 -0.191454
6
-0.988443 -0.089898 -0.122061
-0.990177 0.050618 -0.130333
-0.992535 0.108630 -0.055433
-0.995648 0.055878 0.074589
-0.994089 -0.080986 0.072306
-0.989493 -0.134079 -0.054095
6
-0.759926 0.574126 0.304782
-0.684558 0.617929 0.386710
-0.661940 0.565884 0.491538
-0.725177 0.451909 0.519517
-0.812103 0.414129 0.411079
-0.822705 0.460450 0.333379
6
0.742319 -0.241190 0.625132
0.820138 -0.143056 0.553994
0.875645 -0.185336 0.445979
0.866320 -0.277408 0.415373
0.789180 -0.377432 0.484499
0.733938 -0.317517 0.600431
6
0.675980 0.723051 0.142297
0.606302 0.794256 0.039446
0.614960 0.787956 -0.030802
0.710914 0.696226 -0.099353
0.780509 0.625104 0.007167
0.746297 0.653777 0.124964
5
0.463868 0.255767 0.848180
0.584922 0.277833 0.762021
0.644575 0.146440 0.750385
0.565442 0.050537 0.823238
0.456969 0.123129 0.880919
6
-0.475330 -0.224801 -0.850603
-0.509771 -0.330094 -0.794463
-0.437626 -0.422252 -0.793843
-0.326178 -0.414977 -0.849354
-0.286991 -0.337462 -0.896524
-0.359167 -0.221050 -0.906717
6
0.066813 -0.448217 0.891424
-0.016773 -0.382010 0.924006
-0.001507 -0.259288 0.965799
0.080458 -0.217752 0.972682
0.201802 -0.279035 0.938837
0.177297 -0.409793 0.894782
6
0.013781 0.768948 0.639162
-0.087719 0.799473 0.594262
-0.087676 0.872469 0.480740
0.015411 0.901078 0.433384
0.117917 0.869283 0.480045
0.114934 0.796047 0.594222
6
0.067470 -0.979391 0.190372
0.106605 -0.946949 0.303187
0.221949 -0.920931 0.320352
0.305407 -0.926660 0.219151
0.265809 -0.956675 0.118819
0.149441 -0.984000 0.097008
6
0.278160 0.282436 0.918072
0.197361 0.341238 0.919024
0.197457 0.459644 0.865874
0.315167 0.497935 0.807917
0.398079 0.429902 0.810381
0.399056 0.316934 0.860411
6
-0.522998 -0.113146 0.844790
-0.424659 -0.036098 0.904633
-0.334703 -0.080820 0.938851
-0.313072 -0.201806 0.928041
-0.405864 -0.275881 0.871300
-0.494250 -0.238960 0.835832
6
0.352710 0.208855 -0.912127
0.408780 0.333629 -0.849465
0.295277 0.431750 -0.852293
0.236381 0.423532 -0.874497
0.181269 0.294312 -0.938361
0.242432 0.211149 -0.946912
6
-0.359167 -0.221050 -0.906717
-0.286991 -0.337462 -0.896524
-0.169069 -0.329165 -0.929013
-0.124106 -0.223371 -0.966801
-0.184604 -0.126049 -0.974696
-0.315327 -0.131821 -0.939783
6
-0.786593 0.561020 -0.257930
-0.739225 0.618925 -0.265478
-0.689938 0.706199 -0.158960
-0.744837 0.666244 -0.036561
-0.795617 0.605359 -0.023106
-0.848203 0.514731 -0.124918
6
0.881707 -0.404779 -0.242378
0.808353 -0.524388 -0.267550
0.789294 -0.593928 -0.155770
0.819748 -0.568079 -0.072800
0.893994 -0.445174 -0.050949
0.914216 -0.383063 -0.132179
6
0.786506 0.580386 0.211094
0.853067 0.484683 0.193283
0.870199 0.411721 0.270628
0.808238 0.427887 0.404554
0.727036 0.564265 0.391183
0.722762 0.595709 0.350350
5
-0.960173 0.092918 -0.263503
-0.990177 0.050618 -0.130333
-0.988443 -0.089898 -0.122061
-0.954641 -0.142746 -0.261312
-0.940336 -0.019463 -0.339691
6
0.918029 0.015210 0.396222
0.923947 -0.092049 0.371279
0.875645 -0.185336 0.445979
0.820138 -0.143056 0.553994
0.812196 -0.034134 0.582385
0.860909 0.051331 0.506162
6
0.456969 0.123129 0.880919
0.565442 0.050537 0.823238
0.572552 -0.027428 0.819409
0.480272 -0.116899 0.869295
0.369202 -0.056186 0.927649
0.381439 0.081651 0.920781
6
-0.451581 0.400238 -0.797424
-0.481480 0.504497 -0.716700
-0.568353 0.503741 -0.650554
-0.644315 0.407930 -0.646879
-0.616983 0.301522 -0.726923
-0.534578 0.303047 -0.788916
6
-0.071671 0.552700 -0.830292
0.048527 0.489155 -0.870846
0.114961 0.507006 -0.854242
0.155643 0.625046 -0.764914
0.023700 0.685425 -0.727757
-0.076412 0.632225 -0.771007
6
-0.147533 -0.830922 0.536473
-0.180788 -0.872423 0.454086
-0.302862 -0.859917 0.410874
-0.384910 -0.779499 0.494192
-0.340323 -0.738051 0.582633
-0.228236 -0.750900 0.619724
6
0.205880 -0.305426 -0.929693
0.075687 -0.317365 -0.945278
0.026302 -0.404827 -0.914015
0.099171 -0.512917 -0.852691
0.172704 -0.514627 -0.839841
0.263931 -0.412235 -0.872011
6
0.296225 -0.099487 0.949923
0.174858 -0.037456 0.983881
0.187715 0.103435 0.976762
0.271902 0.145401 0.951277
0.381439 0.081651 0.920781
0.369202 -0.056186 0.927649
6
-0.088362 0.988831 0.120023
0.028468 0.997411 0.066033
0.115169 0.986566 0.115856
0.114629 0.960480 0.253650
0.015473 0.951680 0.306700
-0.084780 0.963319 0.254615
6
0.539756 -0.838042 -0.079683
0.470293 -0.881546 0.041254
0.492537 -0.862802 0.113930
0.608958 -0.778261 0.153231
0.674598 -0.738079 0.012525
0.655596 -0.753829 -0.043983
6
0.037928 -0.967793 -0.248874
-0.046857 -0.985151 -0.165170
-0.005645 -0.999134 -0.041234
0.109634 -0.993814 -0.017737
0.190034 -0.975562 -0.110298
0.153872 -0.962568 -0.223126
6
0.260880 -0.866049 0.426499
0.177536 -0.841059 0.510980
0.212426 -0.760349 0.613795
0.314513 -0.721479 0.616886
0.401258 -0.743885 0.534441
0.365209 -0.824006 0.433169
6
-0.415945 -0.632551 0.653352
-0.347214 -0.571785 0.743307
-0.259783 -0.594756 0.760774
-0.186168 -0.698072 0.691402
-0.228236 -0.750900 0.619724
-0.340323 -0.738051 0.582633
6
0.584922 0.277833 0.762021
0.463868 0.255767 0.848180
0.399056 0.316934 0.860411
0.398079 0.429902 0.810381
0.519494 0.460502 0.719767
0.600537 0.335264 0.725915
6
0.838183 0.032498 -0.544420
0.902619 0.063662 -0.425707
0.900256 0.184387 -0.394387
0.851619 0.257187 -0.456728
0.792308 0.229618 -0.565265
0.783566 0.143556 -0.604497
6
-0.400128 0.829670 0.389289
-0.400178 0.864663 0.303670
-0.286827 0.925504 0.247329
-0.192665 0.931716 0.307872
-0.188645 0.885703 0.424196
-0.295741 0.831145 0.470887
6
0.221949 -0.920931 0.320352
0.106605 -0.946949 0.303187
0.025066 -0.920797 0.389237
0.060892 -0.866575 0.495318
0.177536 -0.841059 0.510980
0.260880 -0.866049 0.426499
6
0.197457 0.459644 0.865874
0.197361 0.341238 0.919024
0.079260 0.296170 0.951841
-0.008566 0.349595 0.936862
-0.008816 0.472138 0.881480
0.107854 0.515934 0.849812
6
-0.188645 0.885703 0.424196
-0.192665 0.931716 0.307872
-0.084780 0.963319 0.254615
0.015473 0.951680 0.306700
0.015411 0.901078 0.433384
-0.087676 0.872469 0.480740
6
-0.194615 0.746013 -0.636860
-0.076706 0.801887 -0.592531
-0.081292 0.869405 -0.487367
-0.169044 0.884436 -0.434968
-0.293044 0.827804 -0.478400
-0.280232 0.762030 -0.583764
6
0.860909 0.051331 0.506162
0.833552 0.177671 0.523092
0.859606 0.247002 0.447289
0.916036 0.216379 0.337725
0.942923 0.100588 0.317455
0.918029 0.015210 0.396222
6
0.556643 -0.786786 -0.266678
0.505710 -0.846909 -0.164326
0.539756 -0.838042 -0.079683
0.655596 -0.753829 -0.043983
0.698301 -0.694943 -0.171549
0.649355 -0.714449 -0.260578
6
0.949008 0.310717 -0.053280
0.938550 0.341987 0.046576
0.885632 0.458518 0.073608
0.846442 0.532052 -0.021349
0.857703 0.499456 -0.122023
0.910749 0.381535 -0.158010
5
-0.405864 -0.275881 0.871300
-0.313072 -0.201806 0.928041
-0.211221 -0.246471 0.945853
-0.192511 -0.413799 0.889781
-0.362036 -0.401385 0.841320
6
0.961318 -0.253249 -0.108316
0.974445 -0.223925 0.017722
0.994673 -0.093947 0.042420
0.999197 -0.023953 -0.032117
0.985409 -0.055116 -0.161030
0.965666 -0.183668 -0.183724
6
-0.292720 0.604284 0.741050
-0.189110 0.662179 0.725091
-0.093429 0.629853 0.771074
-0.093781 0.516101 0.851378
-0.215300 0.459757 0.861551
-0.292417 0.495488 0.817915
6
-0.294395 0.771692 0.563758
-0.186886 0.754979 0.628554
-0.189110 0.662179 0.725091
-0.292720 0.604284 0.741050
-0.383389 0.625705 0.679342
-0.392300 0.699746 0.597039
6
0.994673 -0.093947 0.042420
0.974445 -0.223925 0.017722
0.952515 -0.290161 0.092312
0.941559 -0.254934 0.220172
0.960735 -0.131327 0.244422
0.983308 -0.060219 0.171693
6
0.398079 0.429902 0.810381
0.315167 0.497935 0.807917
0.311869 0.592153 0.743030
0.425523 0.621649 0.657634
0.525158 0.510562 0.680835
0.519494 0.460502 0.719767
6
0.886232 -0.327050 -0.328073
0.825497 -0.352760 -0.440585
0.770319 -0.448657 -0.453118
0.767436 -0.539292 -0.346707
0.808353 -0.524388 -0.267550
0.881707 -0.404779 -0.242378
6
0.513901 0.459221 -0.724583
0.466087 0.338068 -0.817602
0.566257 0.229218 -0.791715
0.624584 0.233802 -0.745138
0.664587 0.348244 -0.661098
0.558985 0.460428 -0.689595
6
0.786506 0.580386 0.211094
0.722762 0.595709 0.350350
0.619596 0.715453 0.322844
0.611056 0.742772 0.273680
0.675980 0.723051 0.142297
0.746297 0.653777 0.124964
6
-0.503046 0.745227 0.437700
-0.400128 0.829670 0.389289
-0.295741 0.831145 0.470887
-0.294395 0.771692 0.563758
-0.392300 0.699746 0.597039
-0.495224 0.697351 0.518126
6
-0.095599 -0.415667 -0.904479
-0.169069 -0.329165 -0.929013
-0.286991 -0.337462 -0.896524
-0.326178 -0.414977 -0.849354
-0.222475 -0.552386 -0.803352
-0.143911 -0.532852 -0.833882
6
-0.524193 0.503525 0.686793
-0.581885 0.597765 0.551440
-0.495224 0.697351 0.518126
-0.392300 0.699746 0.597039
-0.383389 0.625705 0.679342
-0.516228 0.505442 0.691402
6
-0.491072 0.185843 -0.851064
-0.545532 0.091409 -0.833090
-0.492424 -0.020868 -0.870105
-0.374579 -0.015401 -0.927067
-0.326503 0.072143 -0.942439
-0.377894 0.192619 -0.905591
6
0.345370 0.554143 -0.757393
0.295277 0.431750 -0.852293
0.408780 0.333629 -0.849465
0.466087 0.338068 -0.817602
0.513901 0.459221 -0.724583
0.390237 0.558936 -0.731646
6
0.780509 0.625104 0.007167
0.710914 0.696226 -0.099353
0.713474 0.680155 -0.168360
0.788264 0.569334 -0.233449
0.857703 0.499456 -0.122023
0.846442 0.532052 -0.021349
6
-0.469098 -0.866351 0.171413
-0.606175 -0.789151 0.098957
-0.648242 -0.742464 0.168906
-0.609379 -0.731336 0.306277
-0.526288 -0.776984 0.345423
-0.449148 -0.852736 0.266659
6
0.109344 0.626904 0.771385
0.012454 0.671952 0.740490
0.013781 0.768948 0.639162
0.114934 0.796047 0.594222
0.216599 0.746291 0.629392
0.213190 0.656563 0.723516
6
0.025411 0.996822 -0.075503
0.144079 0.981164 -0.128679
0.225236 0.971144 -0.078409
0.227719 0.971750 0.062023
0.115169 0.986566 0.115856
0.028468 0.997411 0.066033
5
0.673399 -0.535931 0.509227
0.771186 -0.443927 0.456290
0.805269 -0.493933 0.327981
0.729300 -0.616392 0.296955
0.647164 -0.635243 0.421479
6
-0.285140 -0.951635 0.114396
-0.200580 -0.979361 0.024889
-0.240070 -0.965525 -0.100637
-0.345109 -0.930661 -0.121531
-0.425428 -0.904306 -0.035224
-0.392396 -0.915980 0.083698
6
0.722762 0.595709 0.350350
0.727036 0.564265 0.391183
0.636267 0.561843 0.528675
0.532050 0.686141 0.496119
0.530660 0.717765 0.450793
0.619596 0.715453 0.322844
6
-0.076412 0.632225 -0.771007
0.023700 0.685425 -0.727757
0.024433 0.767344 -0.640770
-0.076706 0.801887 -0.592531
-0.194615 0.746013 -0.636860
-0.183301 0.668573 -0.720701
6
-0.960173 0.092918 -0.263503
-0.940336 -0.019463 -0.339691
-0.900569 -0.018600 -0.434315
-0.867787 0.084537 -0.489692
-0.886396 0.206470 -0.414334
-0.943246 0.169492 -0.285588
6
-0.719046 -0.522887 -0.457780
-0.720840 -0.422114 -0.549735
-0.768662 -0.346079 -0.537948
-0.847961 -0.315929 -0.425619
-0.842070 -0.422053 -0.335843
-0.788871 -0.505176 -0.349971
6
-0.186886 0.754979 0.628554
-0.087719 0.799473 0.594262
0.013781 0.768948 0.639162
0.012454 0.671952 0.740490
-0.093429 0.629853 0.771074
-0.189110 0.662179 0.725091
6
0.525158 0.510562 0.680835
0.425523 0.621649 0.657634
0.427322 0.670801 0.606153
0.532050 0.686141 0.496119
0.636267 0.561843 0.528675
0.634443 0.529449 0.563174
6
-0.552394 -0.814217 -0.178641
-0.497007 -0.829061 -0.256208
-0.516087 -0.771146 -0.372812
-0.625312 -0.686024 -0.371963
-0.687933 -0.674468 -0.268033
-0.657622 -0.731751 -0.179091
6
0.713952 0.123591 0.689201
0.745399 0.000362 0.666619
0.666582 -0.097235 0.739063
0.572552 -0.027428 0.819409
0.565442 0.050537 0.823238
0.644575 0.146440 0.750385
6
-0.016773 -0.382010 0.924006
-0.180027 -0.424311 0.887440
-0.192511 -0.413799 0.889781
-0.211221 -0.246471 0.945853
-0.120778 -0.194211 0.973496
-0.001507 -0.259288 0.965799
6
-0.020131 0.112051 0.993499
-0.023725 -0.017766 0.999561
-0.116923 -0.073841 0.990392
-0.232513 -0.007109 0.972567
-0.234080 0.100704 0.966988
-0.125766 0.168703 0.977610
6
0.857630 -0.443437 0.260449
0.902023 -0.319732 0.290043
0.941559 -0.254934 0.220172
0.952515 -0.290161 0.092312
0.907008 -0.415892 0.066116
0.867184 -0.475738 0.147192
6
0.999197 -0.023953 -0.032117
0.994673 -0.093947 0.042420
0.983308 -0.060219 0.171693
0.978680 0.066235 0.194418
0.983419 0.139078 0.116378
0.994070 0.108546 -0.006569
6
0.480272 -0.116899 0.869295
0.572552 -0.027428 0.819409
0.666582 -0.097235 0.739063
0.667659 -0.176899 0.723145
0.570310 -0.269625 0.775919
0.482345 -0.221978 0.847390
6
0.733938 -0.317517 0.600431
0.632272 -0.411383 0.656503
0.567501 -0.377250 0.731864
0.570310 -0.269625 0.775919
0.667659 -0.176899 0.723145
0.742319 -0.241190 0.625132
6
0.154487 -0.755451 -0.636732
0.283532 -0.774715 -0.565178
0.380958 -0.688395 -0.617239
0.312602 -0.606977 -0.730657
0.243437 -0.611889 -0.752549
0.142648 -0.701868 -0.697877
6
-0.125766 0.168703 0.977610
-0.129018 0.292901 0.947398
-0.008566 0.349595 0.936862
0.079260 0.296170 0.951841
0.076153 0.164150 0.983492
-0.020131 0.112051 0.993499
6
0.632272 -0.411383 0.656503
0.619509 -0.517322 0.590412
0.517801 -0.589008 0.620445
0.443142 -0.562722 0.697832
0.458873 -0.452064 0.764902
0.567501 -0.377250 0.731864
6
0.707261 0.345688 0.616670
0.717202 0.389168 0.578074
0.805360 0.386454 0.449497
0.859606 0.247002 0.447289
0.833552 0.177671 0.523092
0.764051 0.204235 0.611975
6
-0.569937 -0.306102 0.762544
-0.528023 -0.433430 0.730295
-0.567719 -0.485000 0.665184
-0.676136 -0.442013 0.589461
-0.714531 -0.319066 0.622609
-0.659877 -0.260243 0.704866
6
0.174858 -0.037456 0.983881
0.096514 -0.080162 0.992098
-0.023725 -0.017766 0.999561
-0.020131 0.112051 0.993499
0.076153 0.164150 0.983492
0.187715 0.103435 0.976762
5
-0.174540 -0.707027 -0.685309
-0.238556 -0.579685 -0.779138
-0.384056 -0.596449 -0.704805
-0.386769 -0.685571 -0.616768
-0.269735 -0.750088 -0.603829
6
0.619596 0.715453 0.322844
0.530660 0.717765 0.450793
0.414359 0.814357 0.406362
0.423446 0.856578 0.294902
0.494233 0.836930 0.235122
0.611056 0.742772 0.273680
6
-0.938990 0.281083 -0.198217
-0.912563 0.349671 -0.212036
-0.883648 0.453924 -0.114540
-0.917691 0.396926 0.017125
-0.955705 0.293395 0.023413
-0.971609 0.228894 -0.059863
