40
6
-0.384309 -0.852206 0.355038
0.057508 -0.918489 0.391242
0.192966 -0.973649 0.121537
-0.007171 -0.977459 -0.211001
-0.244596 -0.941840 -0.230457
-0.485210 -0.871906 0.065965
5
-0.699715 0.431340 -0.569513
-0.506627 0.221876 -0.833127
-0.150448 0.391788 -0.907671
-0.111697 0.722167 -0.682641
-0.430394 0.772513 -0.466888
6
0.315493 0.366667 0.875226
0.031355 0.631964 0.774363
0.083118 0.843704 0.530335
0.377879 0.840487 0.388316
0.652700 0.569582 0.499559
0.581956 0.371846 0.723227
6
0.915984 -0.057741 0.397038
0.753479 -0.036841 0.656438
0.581956 0.371846 0.723227
0.652700 0.569582 0.499559
0.864896 0.463650 0.192309
0.957071 0.244028 0.156417
6
-0.485210 -0.871906 0.065965
-0.778917 -0.624927 -0.052475
-0.901624 -0.403754 0.155104
-0.788287 -0.406348 0.462043
-0.494328 -0.659204 0.566648
-0.384309 -0.852206 0.355038
6
-0.384309 -0.852206 0.355038
-0.494328 -0.659204 0.566648
-0.263910 -0.491319 0.830034
-0.026482 -0.526939 0.849490
0.183849 -0.760948 0.622221
0.057508 -0.918489 0.391242
5
0.652700 0.569582 0.499559
0.377879 0.840487 0.388316
0.413060 0.910687 -0.005542
0.701474 0.696266 -0.152143
0.864896 0.463650 0.192309
5
-0.173227 0.923167 0.343155
-0.529133 0.746887 0.402712
-0.711237 0.700110 0.063153
-0.434430 0.866680 -0.245226
-0.123227 0.991144 -0.049489
5
-0.289566 0.099901 0.951930
-0.330052 0.463515 0.822326
0.031355 0.631964 0.774363
0.315493 0.366667 0.875226
0.150664 0.033856 0.988005
6
-0.123227 0.991144 -0.049489
0.159646 0.972964 -0.166897
0.413060 0.910687 -0.005542
0.377879 0.840487 0.388316
0.083118 0.843704 0.530335
-0.173227 0.923167 0.343155
6
-0.849004 0.341505 -0.403197
-0.699715 0.431340 -0.569513
-0.430394 0.772513 -0.466888
-0.434430 0.866680 -0.245226
-0.711237 0.700110 0.063153
-0.856489 0.516106 0.007805
6
0.957071 0.244028 0.156417
0.864896 0.463650 0.192309
0.701474 0.696266 -0.152143
0.705511 0.602098 -0.373808
0.876418 0.194880 -0.440356
0.964555 0.069426 -0.254585
6
-0.111697 0.722167 -0.682641
-0.150448 0.391788 -0.907671
0.110485 0.205291 -0.972445
0.400658 0.309108 -0.862511
0.424590 0.641710 -0.638695
0.167158 0.797732 -0.579381
6
-0.007171 -0.977459 -0.211001
0.269635 -0.810889 -0.519379
0.181497 -0.685434 -0.705152
-0.258731 -0.619389 -0.741226
-0.408019 -0.709224 -0.574910
-0.244596 -0.941840 -0.230457
5
0.242838 -0.185766 0.952114
0.578778 -0.260656 0.772706
0.551487 -0.607348 0.571831
0.183849 -0.760948 0.622221
-0.026482 -0.526939 0.849490
6
0.708020 -0.645240 0.287006
0.898011 -0.398825 0.185783
0.926959 -0.313776 -0.205650
0.772821 -0.488044 -0.405661
0.598871 -0.729393 -0.330665
0.560857 -0.825927 0.057313
5
0.876418 0.194880 -0.440356
0.705511 0.602098 -0.373808
0.424590 0.641710 -0.638695
0.400658 0.309108 -0.862511
0.675205 0.044571 -0.736282
5
0.915984 -0.057741 0.397038
0.957071 0.244028 0.156417
0.964555 0.069426 -0.254585
0.926959 -0.313776 -0.205650
0.898011 -0.398825 0.185783
6
0.705511 0.602098 -0.373808
0.701474 0.696266 -0.152143
0.413060 0.910687 -0.005542
0.159646 0.972964 -0.166897
0.167158 0.797732 -0.579381
0.424590 0.641710 -0.638695
6
-0.778917 -0.624927 -0.052475
-0.724850 -0.530802 -0.439137
-0.806621 -0.251088 -0.535087
-0.933050 -0.034728 -0.358068
-0.992870 -0.115146 0.030835
-0.901624 -0.403754 0.155104
5
-0.856489 0.516106 0.007805
-0.944026 0.221307 0.244620
-0.992870 -0.115146 0.030835
-0.933050 -0.034728 -0.358068
-0.849004 0.341505 -0.403197
6
-0.298429 -0.274198 -0.914197
-0.528815 -0.083917 -0.844578
-0.806621 -0.251088 -0.535087
-0.724850 -0.530802 -0.439137
-0.408019 -0.709224 -0.574910
-0.258731 -0.619389 -0.741226
6
0.150664 0.033856 0.988005
0.315493 0.366667 0.875226
0.581956 0.371846 0.723227
0.753479 -0.036841 0.656438
0.578778 -0.260656 0.772706
0.242838 -0.185766 0.952114
5
0.192966 -0.973649 0.121537
0.560857 -0.825927 0.057313
0.598871 -0.729393 -0.330665
0.269635 -0.810889 -0.519379
-0.007171 -0.977459 -0.211001
6
0.181497 -0.685434 -0.705152
0.269635 -0.810889 -0.519379
0.598871 -0.729393 -0.330665
0.772821 -0.488044 -0.405661
0.608809 -0.254589 -0.751356
0.347117 -0.371046 -0.861298
6
0.551487 -0.607348 0.571831
0.578778 -0.260656 0.772706
0.753479 -0.036841 0.656438
0.915984 -0.057741 0.397038
0.898011 -0.398825 0.185783
0.708020 -0.645240 0.287006
6
-0.901624 -0.403754 0.155104
-0.992870 -0.115146 0.030835
-0.944026 0.221307 0.244620
-0.825963 0.200115 0.527010
-0.744944 -0.062065 0.664233
-0.788287 -0.406348 0.462043
5
-0.263910 -0.491319 0.830034
-0.494328 -0.659204 0.566648
-0.788287 -0.406348 0.462043
-0.744944 -0.062065 0.664233
-0.434816 -0.084101 0.896583
6
-0.123227 0.991144 -0.049489
-0.434430 0.866680 -0.245226
-0.430394 0.772513 -0.466888
-0.111697 0.722167 -0.682641
0.167158 0.797732 -0.579381
0.159646 0.972964 -0.166897
6
0.400658 0.309108 -0.862511
0.110485 0.205291 -0.972445
0.063503 -0.117993 -0.990982
0.347117 -0.371046 -0.861298
0.608809 -0.254589 -0.751356
0.675205 0.044571 -0.736282
6
0.675205 0.044571 -0.736282
0.608809 -0.254589 -0.751356
0.772821 -0.488044 -0.405661
0.926959 -0.313776 -0.205650
0.964555 0.069426 -0.254585
0.876418 0.194880 -0.440356
6
-0.555670 0.542518 0.630004
-0.529133 0.746887 0.402712
-0.173227 0.923167 0.343155
0.083118 0.843704 0.530335
0.031355 0.631964 0.774363
-0.330052 0.463515 0.822326
6
-0.933050 -0.034728 -0.358068
-0.806621 -0.251088 -0.535087
-0.528815 -0.083917 -0.844578
-0.506627 0.221876 -0.833127
-0.699715 0.431340 -0.569513
-0.849004 0.341505 -0.403197
5
0.063503 -0.117993 -0.990982
-0.298429 -0.274198 -0.914197
-0.258731 -0.619389 -0.741226
0.181497 -0.685434 -0.705152
0.347117 -0.371046 -0.861298
6
-0.856489 0.516106 0.007805
-0.711237 0.700110 0.063153
-0.529133 0.746887 0.402712
-0.555670 0.542518 0.630004
-0.825963 0.200115 0.527010
-0.944026 0.221307 0.244620
6
-0.289566 0.099901 0.951930
0.150664 0.033856 0.988005
0.242838 -0.185766 0.952114
-0.026482 -0.526939 0.849490
-0.263910 -0.491319 0.830034
-0.434816 -0.084101 0.896583
6
-0.528815 -0.083917 -0.844578
-0.298429 -0.274198 -0.914197
0.063503 -0.117993 -0.990982
0.110485 0.205291 -0.972445
-0.150448 0.391788 -0.907671
-0.506627 0.221876 -0.833127
6
0.057508 -0.918489 0.391242
0.183849 -0.760948 0.622221
0.551487 -0.607348 0.571831
0.708020 -0.645240 0.287006
0.560857 -0.825927 0.057313
0.192966 -0.973649 0.121537
6
-0.434816 -0.084101 0.896583
-0.744944 -0.062065 0.664233
-0.825963 0.200115 0.527010
-0.555670 0.542518 0.630004
-0.330052 0.463515 0.822326
-0.289566 0.099901 0.951930
5
-0.244596 -0.941840 -0.230457
-0.408019 -0.709224 -0.574910
-0.724850 -0.530802 -0.439137
-0.778917 -0.624927 -0.052475
-0.485210 -0.871906 0.065965
