200
6
0.200878 -0.435521 -0.877479
0.093165 -0.437427 -0.894415
-0.025238 -0.573037 -0.819141
-0.000399 -0.642766 -0.766063
0.165049 -0.681652 -0.712818
0.287432 -0.550308 -0.783929
6
0.391098 -0.540604 -0.744842
0.461003 -0.645026 -0.609441
0.545755 -0.624170 -0.559074
0.657051 -0.478906 -0.582180
0.584771 -0.373820 -0.719932
0.498359 -0.393631 -0.772459
6
0.994274 -0.012224 -0.106157
0.972080 0.124218 -0.199075
0.928159 0.106127 -0.356732
0.912993 -0.023261 -0.407313
0.932799 -0.161180 -0.322346
0.976318 -0.138121 -0.166512
6
0.025972 0.968603 -0.247254
0.148586 0.971991 -0.182089
0.161299 0.986496 -0.028447
0.015449 0.997880 0.063216
-0.096852 0.995230 0.011697
-0.122371 0.979949 -0.157241
6
-0.708164 -0.122671 -0.695310
-0.817029 -0.134525 -0.560683
-0.830873 -0.255292 -0.494445
-0.742347 -0.392171 -0.543252
-0.653222 -0.381947 -0.653772
-0.636395 -0.238356 -0.733613
6
-0.362897 -0.802528 -0.473555
-0.455792 -0.816055 -0.355398
-0.394149 -0.893940 -0.213348
-0.277269 -0.938001 -0.208031
-0.164822 -0.922204 -0.349820
-0.201668 -0.867682 -0.454376
6
-0.736895 -0.513696 -0.439435
-0.799619 -0.508584 -0.319298
-0.768561 -0.609869 -0.193324
-0.653293 -0.723040 -0.224547
-0.585589 -0.734653 -0.342592
-0.619893 -0.629191 -0.468883
6
-0.495573 0.849308 -0.181886
-0.373557 0.920872 -0.111579
-0.362035 0.931389 0.038021
-0.485617 0.864548 0.129356
-0.605563 0.794019 0.053183
-0.610553 0.787523 -0.083859
6
-0.791598 -0.173477 0.585899
-0.712366 -0.289304 0.639404
-0.715240 -0.437753 0.544796
-0.777663 -0.447216 0.441858
-0.872668 -0.311579 0.375990
-0.876738 -0.193608 0.440281
6
0.578783 0.568390 -0.584759
0.506768 0.571287 -0.645614
0.464541 0.436525 -0.770485
0.595012 0.301343 -0.745087
0.704481 0.333958 -0.626242
0.702981 0.429943 -0.566539
6
-0.717561 0.431261 -0.546919
-0.618163 0.311272 -0.721792
-0.592436 0.316980 -0.740637
-0.444323 0.495580 -0.746309
-0.543862 0.612775 -0.573341
-0.714773 0.443860 -0.540452
6
0.314573 -0.380261 0.869739
0.414133 -0.490486 0.766758
0.321281 -0.623719 0.712568
0.201296 -0.640735 0.740904
0.107910 -0.534019 0.838558
0.198913 -0.400915 0.894260
6
-0.406305 -0.910715 0.074260
-0.483587 -0.846941 0.220987
-0.381239 -0.855624 0.350093
-0.227933 -0.916371 0.329106
-0.188063 -0.954718 0.230532
-0.289331 -0.954388 0.073702
6
0.098272 -0.755699 0.647504
0.201296 -0.640735 0.740904
0.321281 -0.623719 0.712568
0.396948 -0.710474 0.581085
0.312744 -0.805473 0.503393
0.145557 -0.821552 0.551239
6
-0.634500 -0.680835 0.365887
-0.578281 -0.785851 0.219156
-0.671376 -0.737500 0.073126
-0.739524 -0.669419 0.070588
-0.797233 -0.564279 0.214499
-0.753587 -0.572627 0.322808
5
-0.721491 0.134450 -0.679245
-0.618163 0.311272 -0.721792
-0.717561 0.431261 -0.546919
-0.833164 0.259491 -0.488367
-0.815026 0.139590 -0.562359
6
0.498359 -0.393631 -0.772459
0.406213 -0.272269 -0.872273
0.303092 -0.286496 -0.908876
0.200878 -0.435521 -0.877479
0.287432 -0.550308 -0.783929
0.391098 -0.540604 -0.744842
6
-0.444418 0.698332 0.561093
-0.507859 0.682470 0.525656
-0.565123 0.744176 0.356145
-0.462635 0.841144 0.280082
-0.337396 0.876299 0.343896
-0.302276 0.812043 0.499215
6
0.497238 0.826942 0.262527
0.472485 0.837744 0.273758
0.291540 0.938209 0.186465
0.291277 0.955530 0.046038
0.416244 0.908473 -0.037646
0.543666 0.837569 0.053901
6
-0.865854 0.424794 -0.264287
-0.770772 0.525889 -0.359656
-0.700933 0.643918 -0.306695
-0.718170 0.676978 -0.161037
-0.811627 0.581446 -0.056414
-0.885225 0.438865 -0.154191
6
-0.357446 -0.621252 0.697336
-0.343052 -0.747618 0.568667
-0.415508 -0.767584 0.488024
-0.568025 -0.677212 0.467687
-0.588405 -0.549241 0.593392
-0.517106 -0.530697 0.671537
6
0.353558 -0.859959 0.368059
0.312744 -0.805473 0.503393
0.396948 -0.710474 0.581085
0.534007 -0.658729 0.530012
0.583242 -0.716842 0.382055
0.501042 -0.809098 0.307112
6
-0.714773 0.443860 -0.540452
-0.770772 0.525889 -0.359656
-0.865854 0.424794 -0.264287
-0.896178 0.269798 -0.352241
-0.833164 0.259491 -0.488367
-0.717561 0.431261 -0.546919
6
0.832188 -0.550823 0.063696
0.892110 -0.422535 0.160015
0.957842 -0.283179 0.048464
0.955929 -0.287816 -0.057986
0.892608 -0.422344 -0.157720
0.831826 -0.552436 -0.053669
6
-0.282360 -0.438540 0.853203
-0.375868 -0.354634 0.856129
-0.353703 -0.204654 0.912694
-0.183442 -0.169197 0.968360
-0.080136 -0.311909 0.946727
-0.113603 -0.402515 0.908337
6
0.550477 -0.019891 0.834613
0.678129 -0.003523 0.734935
0.728691 -0.094285 0.678322
0.671084 -0.269025 0.690848
0.594619 -0.301981 0.745142
0.488535 -0.194730 0.850537
6
-0.768719 -0.024949 0.639100
-0.791598 -0.173477 0.585899
-0.876738 -0.193608 0.440281
-0.927018 -0.057925 0.370516
-0.905333 0.062120 0.420136
-0.816930 0.081902 0.570892
5
0.734937 0.650727 0.190845
0.800680 0.521225 0.295356
0.730401 0.513899 0.449913
0.604326 0.646668 0.465414
0.598764 0.739468 0.307682
6
-0.006448 -0.538137 0.842833
0.107910 -0.534019 0.838558
0.201296 -0.640735 0.740904
0.098272 -0.755699 0.647504
-0.068698 -0.733109 0.676633
-0.108460 -0.652006 0.750416
6
0.498359 -0.393631 -0.772459
0.584771 -0.373820 -0.719932
0.667714 -0.210838 -0.713937
0.609375 -0.099690 -0.786590
0.487296 -0.115830 -0.865521
0.406213 -0.272269 -0.872273
5
0.186806 0.538902 0.821394
0.185674 0.381744 0.905426
0.006950 0.342752 0.939400
-0.098022 0.486375 0.868234
0.023657 0.601317 0.798660
6
0.636411 0.259480 0.726396
0.707628 0.160267 0.688169
0.678129 -0.003523 0.734935
0.550477 -0.019891 0.834613
0.473179 0.080848 0.877249
0.503484 0.240692 0.829802
6
-0.051439 0.339925 -0.939045
-0.092741 0.182976 -0.978733
0.000987 0.080988 -0.996715
0.151327 0.105982 -0.982786
0.207695 0.258835 -0.943328
0.095194 0.368717 -0.924654
6
0.728922 0.599810 -0.330000
0.744883 0.631394 -0.215616
0.653861 0.743250 -0.141581
0.524044 0.814618 -0.248546
0.518573 0.757738 -0.396124
0.599887 0.671399 -0.435155
6
0.823327 -0.046388 -0.565669
0.772477 0.071182 -0.631041
0.658259 0.049473 -0.751164
0.609375 -0.099690 -0.786590
0.667714 -0.210838 -0.713937
0.779383 -0.193700 -0.595854
7
-0.444323 0.495580 -0.746309
-0.412934 0.498875 -0.761977
-0.257479 0.632988 -0.730089
-0.260674 0.724026 -0.638620
-0.363544 0.745057 -0.559219
-0.538576 0.626624 -0.563275
-0.543862 0.612775 -0.573341
6
-0.495121 -0.226670 -0.838735
-0.426352 -0.300888 -0.853048
-0.253587 -0.279967 -0.925911
-0.233603 -0.096383 -0.967543
-0.293504 -0.029424 -0.955505
-0.468734 -0.048693 -0.881996
6
-0.946455 0.319117 -0.048855
-0.942900 0.325348 0.071335
-0.967654 0.181470 0.175253
-0.990743 0.062644 0.120429
-0.997483 0.047374 -0.052750
-0.977392 0.163463 -0.134106
6
-0.047832 -0.072664 -0.996209
-0.233603 -0.096383 -0.967543
-0.253587 -0.279967 -0.925911
-0.186512 -0.341373 -0.921237
-0.004000 -0.308689 -0.951155
0.041192 -0.187856 -0.981332
6
-0.297939 -0.550721 -0.779705
-0.431893 -0.465693 -0.772398
-0.539720 -0.493597 -0.681957
-0.531074 -0.617050 -0.580698
-0.388753 -0.710868 -0.586121
-0.287001 -0.673763 -0.680936
5
0.174633 0.944337 0.278802
0.291540 0.938209 0.186465
0.472485 0.837744 0.273758
0.360159 0.814837 0.454231
0.196326 0.882219 0.427956
5
0.029729 -0.979944 -0.197041
-0.080858 -0.994943 -0.059581
0.020027 -0.994876 0.099101
0.192848 -0.980114 0.046752
0.205104 -0.969490 -0.134246
6
0.730770 -0.663686 0.159674
0.710564 -0.633833 0.305540
0.766183 -0.527212 0.367439
0.872973 -0.407829 0.267570
0.892110 -0.422535 0.160015
0.832188 -0.550823 0.063696
6
0.908076 0.406683 0.100040
0.877616 0.414071 0.241529
0.800680 0.521225 0.295356
0.734937 0.650727 0.190845
0.742899 0.661319 0.103721
0.845634 0.533558 -0.014768
5
-0.004000 -0.308689 -0.951155
-0.186512 -0.341373 -0.921237
-0.191277 -0.503881 -0.842328
-0.025238 -0.573037 -0.819141
0.093165 -0.437427 -0.894415
6
-0.671376 -0.737500 0.073126
-0.578281 -0.785851 0.219156
-0.483587 -0.846941 0.220987
-0.406305 -0.910715 0.074260
-0.492561 -0.867166 -0.073524
-0.587558 -0.805796 -0.073945
6
-0.619893 -0.629191 -0.468883
-0.585589 -0.734653 -0.342592
-0.455792 -0.816055 -0.355398
-0.362897 -0.802528 -0.473555
-0.388753 -0.710868 -0.586121
-0.531074 -0.617050 -0.580698
6
0.291630 0.586625 0.755529
0.434452 0.498882 0.749912
0.414309 0.335250 0.846141
0.263009 0.315584 0.911720
0.185674 0.381744 0.905426
0.186806 0.538902 0.821394
6
-0.373557 0.920872 -0.111579
-0.233334 0.949962 -0.207670
-0.122371 0.979949 -0.157241
-0.096852 0.995230 0.011697
-0.239173 0.965502 0.102963
-0.362035 0.931389 0.038021
6
0.200063 -0.156151 -0.967260
0.253897 -0.017379 -0.967075
0.151327 0.105982 -0.982786
0.000987 0.080988 -0.996715
-0.047832 -0.072664 -0.996209
0.041192 -0.187856 -0.981332
6
0.330521 0.276386 -0.902423
0.442247 0.145477 -0.885016
0.572938 0.175870 -0.800507
0.595012 0.301343 -0.745087
0.464541 0.436525 -0.770485
0.385461 0.426162 -0.818416
6
-0.144378 -0.056985 0.987880
-0.240694 0.078481 0.967423
-0.191102 0.202082 0.960543
-0.034317 0.241141 0.969883
0.067091 0.105986 0.992102
0.022874 -0.018635 0.999565
6
0.286504 0.921328 -0.262812
0.148586 0.971991 -0.182089
0.025972 0.968603 -0.247254
0.009407 0.915586 -0.402013
0.154002 0.866310 -0.475175
0.268265 0.866959 -0.420019
6
-0.507859 0.682470 0.525656
-0.444418 0.698332 0.561093
-0.360289 0.601545 0.712977
-0.491580 0.445587 0.748198
-0.554893 0.431751 0.711115
-0.638037 0.527799 0.560658
6
-0.990743 0.062644 0.120429
-0.976810 -0.076554 0.199954
-0.971102 -0.190953 0.143168
-0.978252 -0.203075 -0.042225
-0.988233 -0.104209 -0.111964
-0.997483 0.047374 -0.052750
6
-0.543862 0.612775 -0.573341
-0.538576 0.626624 -0.563275
-0.600823 0.703609 -0.379401
-0.700933 0.643918 -0.306695
-0.770772 0.525889 -0.359656
-0.714773 0.443860 -0.540452
6
-0.003966 0.694675 0.719313
-0.149391 0.724413 0.672984
-0.186005 0.812398 0.552641
-0.057675 0.879220 0.472912
0.091875 0.850262 0.518279
0.113712 0.767484 0.630902
6
-0.610553 0.787523 -0.083859
-0.718170 0.676978 -0.161037
-0.700933 0.643918 -0.306695
-0.600823 0.703609 -0.379401
-0.490196 0.812487 -0.315551
-0.495573 0.849308 -0.181886
6
0.520546 0.514250 0.681600
0.524508 0.651830 0.547731
0.604326 0.646668 0.465414
0.730401 0.513899 0.449913
0.738590 0.425403 0.522988
0.642047 0.404349 0.651365
6
0.023657 0.601317 0.798660
-0.098022 0.486375 0.868234
-0.188282 0.484780 0.854130
-0.286476 0.608008 0.740444
-0.149391 0.724413 0.672984
-0.003966 0.694675 0.719313
6
0.198913 -0.400915 0.894260
0.107910 -0.534019 0.838558
-0.006448 -0.538137 0.842833
-0.113603 -0.402515 0.908337
-0.080136 -0.311909 0.946727
0.089213 -0.265947 0.959851
6
0.165049 -0.681652 -0.712818
-0.000399 -0.642766 -0.766063
-0.119067 -0.742743 -0.658905
-0.090633 -0.810437 -0.578772
0.075092 -0.843250 -0.532251
0.195126 -0.752687 -0.628799
6
-0.600601 0.151659 0.785033
-0.480836 0.163958 0.861344
-0.400094 0.046199 0.915309
-0.441496 -0.097991 0.891896
-0.580224 -0.122886 0.805133
-0.657721 -0.006844 0.753230
6
-0.191277 -0.503881 -0.842328
-0.297939 -0.550721 -0.779705
-0.287001 -0.673763 -0.680936
-0.119067 -0.742743 -0.658905
-0.000399 -0.642766 -0.766063
-0.025238 -0.573037 -0.819141
6
0.431556 -0.899462 0.068755
0.287830 -0.949431 0.125435
0.262396 -0.922831 0.282012
0.353558 -0.859959 0.368059
0.501042 -0.809098 0.307112
0.529107 -0.835956 0.145685
5
-0.600823 0.703609 -0.379401
-0.538576 0.626624 -0.563275
-0.363544 0.745057 -0.559219
-0.358042 0.838814 -0.410118
-0.490196 0.812487 -0.315551
6
-0.942900 0.325348 0.071335
-0.873021 0.459754 0.162668
-0.849742 0.456032 0.264526
-0.873701 0.311917 0.373301
-0.920847 0.203375 0.332685
-0.967654 0.181470 0.175253
6
0.525634 -0.833818 -0.168693
0.513810 -0.788263 -0.338587
0.362241 -0.835422 -0.413342
0.280234 -0.890249 -0.359064
0.283085 -0.940921 -0.185822
0.441888 -0.889871 -0.113425
6
-0.657721 -0.006844 0.753230
-0.580224 -0.122886 0.805133
-0.607598 -0.274493 0.745304
-0.712366 -0.289304 0.639404
-0.791598 -0.173477 0.585899
-0.768719 -0.024949 0.639100
6
-0.415508 -0.767584 0.488024
-0.381239 -0.855624 0.350093
-0.483587 -0.846941 0.220987
-0.578281 -0.785851 0.219156
-0.634500 -0.680835 0.365887
-0.568025 -0.677212 0.467687
6
0.283085 -0.940921 -0.185822
0.205104 -0.969490 -0.134246
0.192848 -0.980114 0.046752
0.287830 -0.949431 0.125435
0.431556 -0.899462 0.068755
0.441888 -0.889871 -0.113425
6
-0.240694 0.078481 0.967423
-0.400094 0.046199 0.915309
-0.480836 0.163958 0.861344
-0.389846 0.328363 0.860348
-0.302406 0.340783 0.890178
-0.191102 0.202082 0.960543
6
0.956226 0.262783 -0.128751
0.972080 0.124218 -0.199075
0.994274 -0.012224 -0.106157
0.999252 0.005456 0.038284
0.982666 0.149799 0.109214
0.962725 0.268979 0.028481
6
0.506768 0.571287 -0.645614
0.578783 0.568390 -0.584759
0.599887 0.671399 -0.435155
0.518573 0.757738 -0.396124
0.388608 0.789197 -0.475554
0.357986 0.686125 -0.633307
6
0.196326 0.882219 0.427956
0.360159 0.814837 0.454231
0.390663 0.740706 0.546568
0.277573 0.699502 0.658521
0.113712 0.767484 0.630902
0.091875 0.850262 0.518279
6
0.207695 0.258835 -0.943328
0.151327 0.105982 -0.982786
0.253897 -0.017379 -0.967075
0.398770 0.011943 -0.916973
0.442247 0.145477 -0.885016
0.330521 0.276386 -0.902423
6
-0.638037 0.527799 0.560658
-0.554893 0.431751 0.711115
-0.655790 0.257506 0.709669
-0.762461 0.245976 0.598456
-0.787052 0.330557 0.520847
-0.691329 0.505160 0.516602
6
0.892311 -0.268390 -0.362971
0.871512 -0.414871 -0.261436
0.892608 -0.422344 -0.157720
0.955929 -0.287816 -0.057986
0.976318 -0.138121 -0.166512
0.932799 -0.161180 -0.322346
6
-0.512124 -0.376789 0.771855
-0.607598 -0.274493 0.745304
-0.580224 -0.122886 0.805133
-0.441496 -0.097991 0.891896
-0.353703 -0.204654 0.912694
-0.375868 -0.354634 0.856129
6
-0.885225 0.438865 -0.154191
-0.811627 0.581446 -0.056414
-0.809334 0.585388 0.047946
-0.873021 0.459754 0.162668
-0.942900 0.325348 0.071335
-0.946455 0.319117 -0.048855
6
-0.009627 0.611063 -0.791524
0.028486 0.744267 -0.667275
-0.118025 0.794204 -0.596079
-0.260674 0.724026 -0.638620
-0.257479 0.632988 -0.730089
-0.109951 0.573523 -0.811777
6
-0.568025 -0.677212 0.467687
-0.634500 -0.680835 0.365887
-0.753587 -0.572627 0.322808
-0.777663 -0.447216 0.441858
-0.715240 -0.437753 0.544796
-0.588405 -0.549241 0.593392
5
-0.806513 -0.585786 -0.079950
-0.898205 -0.438380 -0.032422
-0.890654 -0.428191 0.152930
-0.797233 -0.564279 0.214499
-0.739524 -0.669419 0.070588
6
0.520546 0.514250 0.681600
0.434452 0.498882 0.749912
0.291630 0.586625 0.755529
0.277573 0.699502 0.658521
0.390663 0.740706 0.546568
0.524508 0.651830 0.547731
6
0.779383 -0.193700 -0.595854
0.667714 -0.210838 -0.713937
0.584771 -0.373820 -0.719932
0.657051 -0.478906 -0.582180
0.723615 -0.450874 -0.522585
0.805478 -0.289470 -0.517120
6
0.842201 0.529646 -0.100860
0.744883 0.631394 -0.215616
0.728922 0.599810 -0.330000
0.792287 0.456404 -0.404939
0.857796 0.373716 -0.352876
0.902310 0.378778 -0.205826
6
-0.873701 0.311917 0.373301
-0.787052 0.330557 0.520847
-0.762461 0.245976 0.598456
-0.816930 0.081902 0.570892
-0.905333 0.062120 0.420136
-0.920847 0.203375 0.332685
6
-0.051439 0.339925 -0.939045
-0.146982 0.424022 -0.893645
-0.305773 0.376536 -0.874485
-0.351372 0.242222 -0.904360
-0.258749 0.144733 -0.955040
-0.092741 0.182976 -0.978733
6
0.067091 0.105986 0.992102
0.239466 0.138666 0.960952
0.320372 0.053790 0.945763
0.281966 -0.109785 0.953123
0.130202 -0.154622 0.979357
0.022874 -0.018635 0.999565
6
0.281966 -0.109785 0.953123
0.320372 0.053790 0.945763
0.473179 0.080848 0.877249
0.550477 -0.019891 0.834613
0.488535 -0.194730 0.850537
0.393668 -0.220824 0.892336
6
-0.149391 0.724413 0.672984
-0.286476 0.608008 0.740444
-0.360289 0.601545 0.712977
-0.444418 0.698332 0.561093
-0.302276 0.812043 0.499215
-0.186005 0.812398 0.552641
6
0.205104 -0.969490 -0.134246
0.283085 -0.940921 -0.185822
0.280234 -0.890249 -0.359064
0.106089 -0.899982 -0.422821
-0.002644 -0.951565 -0.307435
0.029729 -0.979944 -0.197041
6
0.398770 0.011943 -0.916973
0.487296 -0.115830 -0.865521
0.609375 -0.099690 -0.786590
0.658259 0.049473 -0.751164
0.572938 0.175870 -0.800507
0.442247 0.145477 -0.885016
6
-0.289331 -0.954388 0.073702
-0.195078 -0.978722 -0.063618
-0.277269 -0.938001 -0.208031
-0.394149 -0.893940 -0.213348
-0.492561 -0.867166 -0.073524
-0.406305 -0.910715 0.074260
6
-0.636395 -0.238356 -0.733613
-0.653222 -0.381947 -0.653772
-0.539720 -0.493597 -0.681957
-0.431893 -0.465693 -0.772398
-0.426352 -0.300888 -0.853048
-0.495121 -0.226670 -0.838735
6
-0.742347 -0.392171 -0.543252
-0.736895 -0.513696 -0.439435
-0.619893 -0.629191 -0.468883
-0.531074 -0.617050 -0.580698
-0.539720 -0.493597 -0.681957
-0.653222 -0.381947 -0.653772
6
0.391098 -0.540604 -0.744842
0.287432 -0.550308 -0.783929
0.165049 -0.681652 -0.712818
0.195126 -0.752687 -0.628799
0.340608 -0.755776 -0.559276
0.461003 -0.645026 -0.609441
6
-0.528312 0.031301 -0.848473
-0.481913 0.198713 -0.853389
-0.592436 0.316980 -0.740637
-0.618163 0.311272 -0.721792
-0.721491 0.134450 -0.679245
-0.671380 0.014854 -0.740965
6
-0.124669 -0.875741 0.466407
-0.227933 -0.916371 0.329106
-0.381239 -0.855624 0.350093
-0.415508 -0.767584 0.488024
-0.343052 -0.747618 0.568667
-0.165326 -0.808954 0.564145
6
0.357986 0.686125 -0.633307
0.279746 0.680692 -0.677053
0.232417 0.542248 -0.807434
0.385461 0.426162 -0.818416
0.464541 0.436525 -0.770485
0.506768 0.571287 -0.645614
6
0.042971 0.971691 0.232317
0.015449 0.997880 0.063216
0.161299 0.986496 -0.028447
0.291277 0.955530 0.046038
0.291540 0.938209 0.186465
0.174633 0.944337 0.278802
6
0.908076 0.406683 0.100040
0.845634 0.533558 -0.014768
0.842201 0.529646 -0.100860
0.902310 0.378778 -0.205826
0.956226 0.262783 -0.128751
0.962725 0.268979 0.028481
5
0.805478 -0.289470 -0.517120
0.723615 -0.450874 -0.522585
0.766893 -0.533360 -0.356934
0.871512 -0.414871 -0.261436
0.892311 -0.268390 -0.362971
6
-0.362035 0.931389 0.038021
-0.239173 0.965502 0.102963
-0.216154 0.939575 0.265472
-0.337396 0.876299 0.343896
-0.462635 0.841144 0.280082
-0.485617 0.864548 0.129356
6
-0.119067 -0.742743 -0.658905
-0.287001 -0.673763 -0.680936
-0.388753 -0.710868 -0.586121
-0.362897 -0.802528 -0.473555
-0.201668 -0.867682 -0.454376
-0.090633 -0.810437 -0.578772
6
-0.817029 -0.134525 -0.560683
-0.865740 0.000281 -0.500493
-0.935527 0.000926 -0.353253
-0.953151 -0.108385 -0.282412
-0.901716 -0.266410 -0.340491
-0.830873 -0.255292 -0.494445
6
0.028486 0.744267 -0.667275
0.120214 0.765233 -0.632429
0.154002 0.866310 -0.475175
0.009407 0.915586 -0.402013
-0.108399 0.884136 -0.454481
-0.118025 0.794204 -0.596079
6
0.723615 -0.450874 -0.522585
0.657051 -0.478906 -0.582180
0.545755 -0.624170 -0.559074
0.592660 -0.703723 -0.391826
0.715398 -0.623883 -0.314603
0.766893 -0.533360 -0.356934
6
0.518573 0.757738 -0.396124
0.524044 0.814618 -0.248546
0.416476 0.890664 -0.182389
0.286504 0.921328 -0.262812
0.268265 0.866959 -0.420019
0.388608 0.789197 -0.475554
6
-0.491580 0.445587 0.748198
-0.389846 0.328363 0.860348
-0.480836 0.163958 0.861344
-0.600601 0.151659 0.785033
-0.655790 0.257506 0.709669
-0.554893 0.431751 0.711115
6
-0.122371 0.979949 -0.157241
-0.233334 0.949962 -0.207670
-0.251617 0.894001 -0.370745
-0.108399 0.884136 -0.454481
0.009407 0.915586 -0.402013
0.025972 0.968603 -0.247254
6
0.766183 -0.527212 0.367439
0.720074 -0.466809 0.513402
0.752829 -0.359398 0.551436
0.854646 -0.244138 0.458233
0.895837 -0.262471 0.358588
0.872973 -0.407829 0.267570
6
0.020027 -0.994876 0.099101
-0.015076 -0.981789 0.189375
0.086795 -0.938218 0.334984
0.262396 -0.922831 0.282012
0.287830 -0.949431 0.125435
0.192848 -0.980114 0.046752
5
-0.691329 0.505160 0.516602
-0.787052 0.330557 0.520847
-0.873701 0.311917 0.373301
-0.849742 0.456032 0.264526
-0.743435 0.569444 0.350767
6
-0.712366 -0.289304 0.639404
-0.607598 -0.274493 0.745304
-0.512124 -0.376789 0.771855
-0.517106 -0.530697 0.671537
-0.588405 -0.549241 0.593392
-0.715240 -0.437753 0.544796
6
-0.920847 0.203375 0.332685
-0.905333 0.062120 0.420136
-0.927018 -0.057925 0.370516
-0.976810 -0.076554 0.199954
-0.990743 0.062644 0.120429
-0.967654 0.181470 0.175253
6
0.895837 -0.262471 0.358588
0.854646 -0.244138 0.458233
0.839752 -0.078008 0.537337
0.870695 0.016095 0.491560
0.940338 0.027919 0.339095
0.959354 -0.127550 0.251738
6
0.730401 0.513899 0.449913
0.800680 0.521225 0.295356
0.877616 0.414071 0.241529
0.899967 0.283505 0.331187
0.829671 0.278340 0.483914
0.738590 0.425403 0.522988
6
-0.811627 0.581446 -0.056414
-0.718170 0.676978 -0.161037
-0.610553 0.787523 -0.083859
-0.605563 0.794019 0.053183
-0.700620 0.699007 0.143249
-0.809334 0.585388 0.047946
5
0.671084 -0.269025 0.690848
0.728691 -0.094285 0.678322
0.839752 -0.078008 0.537337
0.854646 -0.244138 0.458233
0.752829 -0.359398 0.551436
6
-0.971102 -0.190953 0.143168
-0.976810 -0.076554 0.199954
-0.927018 -0.057925 0.370516
-0.876738 -0.193608 0.440281
-0.872668 -0.311579 0.375990
-0.918647 -0.331916 0.214290
6
-0.638037 0.527799 0.560658
-0.691329 0.505160 0.516602
-0.743435 0.569444 0.350767
-0.679727 0.674599 0.287901
-0.565123 0.744176 0.356145
-0.507859 0.682470 0.525656
6
-0.806513 -0.585786 -0.079950
-0.739524 -0.669419 0.070588
-0.671376 -0.737500 0.073126
-0.587558 -0.805796 -0.073945
-0.653293 -0.723040 -0.224547
-0.768561 -0.609869 -0.193324
6
-0.164822 -0.922204 -0.349820
-0.277269 -0.938001 -0.208031
-0.195078 -0.978722 -0.063618
-0.080858 -0.994943 -0.059581
0.029729 -0.979944 -0.197041
-0.002644 -0.951565 -0.307435
6
-0.816930 0.081902 0.570892
-0.762461 0.245976 0.598456
-0.655790 0.257506 0.709669
-0.600601 0.151659 0.785033
-0.657721 -0.006844 0.753230
-0.768719 -0.024949 0.639100
6
-0.946788 0.158848 -0.279929
-0.935527 0.000926 -0.353253
-0.865740 0.000281 -0.500493
-0.815026 0.139590 -0.562359
-0.833164 0.259491 -0.488367
-0.896178 0.269798 -0.352241
6
-0.971102 -0.190953 0.143168
-0.918647 -0.331916 0.214290
-0.890654 -0.428191 0.152930
-0.898205 -0.438380 -0.032422
-0.927597 -0.361107 -0.095736
-0.978252 -0.203075 -0.042225
6
0.145557 -0.821552 0.551239
0.312744 -0.805473 0.503393
0.353558 -0.859959 0.368059
0.262396 -0.922831 0.282012
0.086795 -0.938218 0.334984
0.048471 -0.900205 0.432760
6
-0.227933 -0.916371 0.329106
-0.124669 -0.875741 0.466407
0.048471 -0.900205 0.432760
0.086795 -0.938218 0.334984
-0.015076 -0.981789 0.189375
-0.188063 -0.954718 0.230532
6
0.902310 0.378778 -0.205826
0.857796 0.373716 -0.352876
0.877955 0.221020 -0.424671
0.928159 0.106127 -0.356732
0.972080 0.124218 -0.199075
0.956226 0.262783 -0.128751
6
-0.953151 -0.108385 -0.282412
-0.988233 -0.104209 -0.111964
-0.978252 -0.203075 -0.042225
-0.927597 -0.361107 -0.095736
-0.893082 -0.357997 -0.272475
-0.901716 -0.266410 -0.340491
6
-0.188063 -0.954718 0.230532
-0.015076 -0.981789 0.189375
0.020027 -0.994876 0.099101
-0.080858 -0.994943 -0.059581
-0.195078 -0.978722 -0.063618
-0.289331 -0.954388 0.073702
6
0.715398 -0.623883 -0.314603
0.592660 -0.703723 -0.391826
0.513810 -0.788263 -0.338587
0.525634 -0.833818 -0.168693
0.653270 -0.751688 -0.090570
0.728941 -0.668097 -0.149302
6
0.075092 -0.843250 -0.532251
0.106089 -0.899982 -0.422821
0.280234 -0.890249 -0.359064
0.362241 -0.835422 -0.413342
0.340608 -0.755776 -0.559276
0.195126 -0.752687 -0.628799
6
0.148586 0.971991 -0.182089
0.286504 0.921328 -0.262812
0.416476 0.890664 -0.182389
0.416244 0.908473 -0.037646
0.291277 0.955530 0.046038
0.161299 0.986496 -0.028447
6
0.892311 -0.268390 -0.362971
0.932799 -0.161180 -0.322346
0.912993 -0.023261 -0.407313
0.823327 -0.046388 -0.565669
0.779383 -0.193700 -0.595854
0.805478 -0.289470 -0.517120
6
0.734937 0.650727 0.190845
0.598764 0.739468 0.307682
0.497238 0.826942 0.262527
0.543666 0.837569 0.053901
0.645816 0.763486 -0.003285
0.742899 0.661319 0.103721
6
0.738590 0.425403 0.522988
0.829671 0.278340 0.483914
0.817852 0.172836 0.548859
0.707628 0.160267 0.688169
0.636411 0.259480 0.726396
0.642047 0.404349 0.651365
6
-0.118025 0.794204 -0.596079
-0.108399 0.884136 -0.454481
-0.251617 0.894001 -0.370745
-0.358042 0.838814 -0.410118
-0.363544 0.745057 -0.559219
-0.260674 0.724026 -0.638620
6
0.653270 -0.751688 -0.090570
0.525634 -0.833818 -0.168693
0.441888 -0.889871 -0.113425
0.431556 -0.899462 0.068755
0.529107 -0.835956 0.145685
0.645323 -0.759478 0.082169
6
-0.057675 0.879220 0.472912
-0.086002 0.943534 0.319917
0.042971 0.971691 0.232317
0.174633 0.944337 0.278802
0.196326 0.882219 0.427956
0.091875 0.850262 0.518279
6
0.845634 0.533558 -0.014768
0.742899 0.661319 0.103721
0.645816 0.763486 -0.003285
0.653861 0.743250 -0.141581
0.744883 0.631394 -0.215616
0.842201 0.529646 -0.100860
6
-0.517106 -0.530697 0.671537
-0.512124 -0.376789 0.771855
-0.375868 -0.354634 0.856129
-0.282360 -0.438540 0.853203
-0.286001 -0.591045 0.754235
-0.357446 -0.621252 0.697336
6
-0.468734 -0.048693 -0.881996
-0.293504 -0.029424 -0.955505
-0.258749 0.144733 -0.955040
-0.351372 0.242222 -0.904360
-0.481913 0.198713 -0.853389
-0.528312 0.031301 -0.848473
6
0.393668 -0.220824 0.892336
0.488535 -0.194730 0.850537
0.594619 -0.301981 0.745142
0.514066 -0.460125 0.723893
0.414133 -0.490486 0.766758
0.314573 -0.380261 0.869739
6
0.388608 0.789197 -0.475554
0.268265 0.866959 -0.420019
0.154002 0.866310 -0.475175
0.120214 0.765233 -0.632429
0.279746 0.680692 -0.677053
0.357986 0.686125 -0.633307
6
0.877955 0.221020 -0.424671
0.790064 0.200964 -0.579148
0.772477 0.071182 -0.631041
0.823327 -0.046388 -0.565669
0.912993 -0.023261 -0.407313
0.928159 0.106127 -0.356732
6
0.095194 0.368717 -0.924654
0.207695 0.258835 -0.943328
0.330521 0.276386 -0.902423
0.385461 0.426162 -0.818416
0.232417 0.542248 -0.807434
0.146029 0.523881 -0.839181
6
-0.490196 0.812487 -0.315551
-0.358042 0.838814 -0.410118
-0.251617 0.894001 -0.370745
-0.233334 0.949962 -0.207670
-0.373557 0.920872 -0.111579
-0.495573 0.849308 -0.181886
6
0.642047 0.404349 0.651365
0.636411 0.259480 0.726396
0.503484 0.240692 0.829802
0.414309 0.335250 0.846141
0.434452 0.498882 0.749912
0.520546 0.514250 0.681600
6
0.239466 0.138666 0.960952
0.263009 0.315584 0.911720
0.414309 0.335250 0.846141
0.503484 0.240692 0.829802
0.473179 0.080848 0.877249
0.320372 0.053790 0.945763
6
0.022874 -0.018635 0.999565
0.130202 -0.154622 0.979357
0.089213 -0.265947 0.959851
-0.080136 -0.311909 0.946727
-0.183442 -0.169197 0.968360
-0.144378 -0.056985 0.987880
6
0.291630 0.586625 0.755529
0.186806 0.538902 0.821394
0.023657 0.601317 0.798660
-0.003966 0.694675 0.719313
0.113712 0.767484 0.630902
0.277573 0.699502 0.658521
6
-0.679727 0.674599 0.287901
-0.700620 0.699007 0.143249
-0.605563 0.794019 0.053183
-0.485617 0.864548 0.129356
-0.462635 0.841144 0.280082
-0.565123 0.744176 0.356145
6
-0.587558 -0.805796 -0.073945
-0.492561 -0.867166 -0.073524
-0.394149 -0.893940 -0.213348
-0.455792 -0.816055 -0.355398
-0.585589 -0.734653 -0.342592
-0.653293 -0.723040 -0.224547
5
-0.282360 -0.438540 0.853203
-0.113603 -0.402515 0.908337
-0.006448 -0.538137 0.842833
-0.108460 -0.652006 0.750416
-0.286001 -0.591045 0.754235
6
0.957842 -0.283179 0.048464
0.892110 -0.422535 0.160015
0.872973 -0.407829 0.267570
0.895837 -0.262471 0.358588
0.959354 -0.127550 0.251738
0.979835 -0.135881 0.146489
6
-0.090633 -0.810437 -0.578772
-0.201668 -0.867682 -0.454376
-0.164822 -0.922204 -0.349820
-0.002644 -0.951565 -0.307435
0.106089 -0.899982 -0.422821
0.075092 -0.843250 -0.532251
6
0.962725 0.268979 0.028481
0.982666 0.149799 0.109214
0.951510 0.150174 0.268472
0.899967 0.283505 0.331187
0.877616 0.414071 0.241529
0.908076 0.406683 0.100040
6
-0.636395 -0.238356 -0.733613
-0.495121 -0.226670 -0.838735
-0.468734 -0.048693 -0.881996
-0.528312 0.031301 -0.848473
-0.671380 0.014854 -0.740965
-0.708164 -0.122671 -0.695310
6
-0.768561 -0.609869 -0.193324
-0.799619 -0.508584 -0.319298
-0.893082 -0.357997 -0.272475
-0.927597 -0.361107 -0.095736
-0.898205 -0.438380 -0.032422
-0.806513 -0.585786 -0.079950
6
0.645323 -0.759478 0.082169
0.529107 -0.835956 0.145685
0.501042 -0.809098 0.307112
0.583242 -0.716842 0.382055
0.710564 -0.633833 0.305540
0.730770 -0.663686 0.159674
6
0.543666 0.837569 0.053901
0.416244 0.908473 -0.037646
0.416476 0.890664 -0.182389
0.524044 0.814618 -0.248546
0.653861 0.743250 -0.141581
0.645816 0.763486 -0.003285
6
-0.351372 0.242222 -0.904360
-0.305773 0.376536 -0.874485
-0.412934 0.498875 -0.761977
-0.444323 0.495580 -0.746309
-0.592436 0.316980 -0.740637
-0.481913 0.198713 -0.853389
5
0.792287 0.456404 -0.404939
0.728922 0.599810 -0.330000
0.599887 0.671399 -0.435155
0.578783 0.568390 -0.584759
0.702981 0.429943 -0.566539
6
-0.240694 0.078481 0.967423
-0.144378 -0.056985 0.987880
-0.183442 -0.169197 0.968360
-0.353703 -0.204654 0.912694
-0.441496 -0.097991 0.891896
-0.400094 0.046199 0.915309
6
0.720074 -0.466809 0.513402
0.595113 -0.551862 0.584199
0.514066 -0.460125 0.723893
0.594619 -0.301981 0.745142
0.671084 -0.269025 0.690848
0.752829 -0.359398 0.551436
6
0.041192 -0.187856 -0.981332
-0.004000 -0.308689 -0.951155
0.093165 -0.437427 -0.894415
0.200878 -0.435521 -0.877479
0.303092 -0.286496 -0.908876
0.200063 -0.156151 -0.967260
6
0.595113 -0.551862 0.584199
0.534007 -0.658729 0.530012
0.396948 -0.710474 0.581085
0.321281 -0.623719 0.712568
0.414133 -0.490486 0.766758
0.514066 -0.460125 0.723893
6
-0.797233 -0.564279 0.214499
-0.890654 -0.428191 0.152930
-0.918647 -0.331916 0.214290
-0.872668 -0.311579 0.375990
-0.777663 -0.447216 0.441858
-0.753587 -0.572627 0.322808
6
0.957842 -0.283179 0.048464
0.979835 -0.135881 0.146489
0.999252 0.005456 0.038284
0.994274 -0.012224 -0.106157
0.976318 -0.138121 -0.166512
0.955929 -0.287816 -0.057986
6
0.303092 -0.286496 -0.908876
0.406213 -0.272269 -0.872273
0.487296 -0.115830 -0.865521
0.398770 0.011943 -0.916973
0.253897 -0.017379 -0.967075
0.200063 -0.156151 -0.967260
6
-0.977392 0.163463 -0.134106
-0.946788 0.158848 -0.279929
-0.896178 0.269798 -0.352241
-0.865854 0.424794 -0.264287
-0.885225 0.438865 -0.154191
-0.946455 0.319117 -0.048855
6
0.979835 -0.135881 0.146489
0.959354 -0.127550 0.251738
0.940338 0.027919 0.339095
0.951510 0.150174 0.268472
0.982666 0.149799 0.109214
0.999252 0.005456 0.038284
6
0.951510 0.150174 0.268472
0.940338 0.027919 0.339095
0.870695 0.016095 0.491560
0.817852 0.172836 0.548859
0.829671 0.278340 0.483914
0.899967 0.283505 0.331187
6
-0.302276 0.812043 0.499215
-0.337396 0.876299 0.343896
-0.216154 0.939575 0.265472
-0.086002 0.943534 0.319917
-0.057675 0.879220 0.472912
-0.186005 0.812398 0.552641
6
-0.809334 0.585388 0.047946
-0.700620 0.699007 0.143249
-0.679727 0.674599 0.287901
-0.743435 0.569444 0.350767
-0.849742 0.456032 0.264526
-0.873021 0.459754 0.162668
6
-0.068698 -0.733109 0.676633
0.098272 -0.755699 0.647504
0.145557 -0.821552 0.551239
0.048471 -0.900205 0.432760
-0.124669 -0.875741 0.466407
-0.165326 -0.808954 0.564145
5
-0.109951 0.573523 -0.811777
-0.257479 0.632988 -0.730089
-0.412934 0.498875 -0.761977
-0.305773 0.376536 -0.874485
-0.146982 0.424022 -0.893645
6
0.000987 0.080988 -0.996715
-0.092741 0.182976 -0.978733
-0.258749 0.144733 -0.955040
-0.293504 -0.029424 -0.955505
-0.233603 -0.096383 -0.967543
-0.047832 -0.072664 -0.996209
6
0.831826 -0.552436 -0.053669
0.892608 -0.422344 -0.157720
0.871512 -0.414871 -0.261436
0.766893 -0.533360 -0.356934
0.715398 -0.623883 -0.314603
0.728941 -0.668097 -0.149302
6
-0.671380 0.014854 -0.740965
-0.721491 0.134450 -0.679245
-0.815026 0.139590 -0.562359
-0.865740 0.000281 -0.500493
-0.817029 -0.134525 -0.560683
-0.708164 -0.122671 -0.695310
6
-0.191102 0.202082 0.960543
-0.302406 0.340783 0.890178
-0.188282 0.484780 0.854130
-0.098022 0.486375 0.868234
0.006950 0.342752 0.939400
-0.034317 0.241141 0.969883
6
-0.988233 -0.104209 -0.111964
-0.953151 -0.108385 -0.282412
-0.935527 0.000926 -0.353253
-0.946788 0.158848 -0.279929
-0.977392 0.163463 -0.134106
-0.997483 0.047374 -0.052750
6
-0.186512 -0.341373 -0.921237
-0.253587 -0.279967 -0.925911
-0.426352 -0.300888 -0.853048
-0.431893 -0.465693 -0.772398
-0.297939 -0.550721 -0.779705
-0.191277 -0.503881 -0.842328
6
-0.357446 -0.621252 0.697336
-0.286001 -0.591045 0.754235
-0.108460 -0.652006 0.750416
-0.068698 -0.733109 0.676633
-0.165326 -0.808954 0.564145
-0.343052 -0.747618 0.568667
6
0.340608 -0.755776 -0.559276
0.362241 -0.835422 -0.413342
0.513810 -0.788263 -0.338587
0.592660 -0.703723 -0.391826
0.545755 -0.624170 -0.559074
0.461003 -0.645026 -0.609441
7
0.598764 0.739468 0.307682
0.604326 0.646668 0.465414
0.524508 0.651830 0.547731
0.390663 0.740706 0.546568
0.360159 0.814837 0.454231
0.472485 0.837744 0.273758
0.497238 0.826942 0.262527
6
-0.901716 -0.266410 -0.340491
-0.893082 -0.357997 -0.272475
-0.799619 -0.508584 -0.319298
-0.736895 -0.513696 -0.439435
-0.742347 -0.392171 -0.543252
-0.830873 -0.255292 -0.494445
6
0.130202 -0.154622 0.979357
0.281966 -0.109785 0.953123
0.393668 -0.220824 0.892336
0.314573 -0.380261 0.869739
0.198913 -0.400915 0.894260
0.089213 -0.265947 0.959851
6
0.702981 0.429943 -0.566539
0.704481 0.333958 -0.626242
0.790064 0.200964 -0.579148
0.877955 0.221020 -0.424671
0.857796 0.373716 -0.352876
0.792287 0.456404 -0.404939
6
-0.389846 0.328363 0.860348
-0.491580 0.445587 0.748198
-0.360289 0.601545 0.712977
-0.286476 0.608008 0.740444
-0.188282 0.484780 0.854130
-0.302406 0.340783 0.890178
6
-0.034317 0.241141 0.969883
0.006950 0.342752 0.939400
0.185674 0.381744 0.905426
0.263009 0.315584 0.911720
0.239466 0.138666 0.960952
0.067091 0.105986 0.992102
6
0.704481 0.333958 -0.626242
0.595012 0.301343 -0.745087
0.572938 0.175870 -0.800507
0.658259 0.049473 -0.751164
0.772477 0.071182 -0.631041
0.790064 0.200964 -0.579148
6
0.146029 0.523881 -0.839181
0.232417 0.542248 -0.807434
0.279746 0.680692 -0.677053
0.120214 0.765233 -0.632429
0.028486 0.744267 -0.667275
-0.009627 0.611063 -0.791524
6
0.146029 0.523881 -0.839181
-0.009627 0.611063 -0.791524
-0.109951 0.573523 -0.811777
-0.146982 0.424022 -0.893645
-0.051439 0.339925 -0.939045
0.095194 0.368717 -0.924654
6
0.839752 -0.078008 0.537337
0.728691 -0.094285 0.678322
0.678129 -0.003523 0.734935
0.707628 0.160267 0.688169
0.817852 0.172836 0.548859
0.870695 0.016095 0.491560
6
0.831826 -0.552436 -0.053669
0.728941 -0.668097 -0.149302
0.653270 -0.751688 -0.090570
0.645323 -0.759478 0.082169
0.730770 -0.663686 0.159674
0.832188 -0.550823 0.063696
6
-0.096852 0.995230 0.011697
0.015449 0.997880 0.063216
0.042971 0.971691 0.232317
-0.086002 0.943534 0.319917
-0.216154 0.939575 0.265472
-0.239173 0.965502 0.102963
6
0.710564 -0.633833 0.305540
0.583242 -0.716842 0.382055
0.534007 -0.658729 0.530012
0.595113 -0.551862 0.584199
0.720074 -0.466809 0.513402
0.766183 -0.527212 0.367439
