500
7
-0.194534 0.973285 -0.121955
-0.241844 0.968336 -0.061951
-0.355879 0.931978 -0.069047
-0.399283 0.906679 -0.136038
-0.398627 0.906242 -0.140791
-0.292993 0.925988 -0.238120
-0.221711 0.950325 -0.218466
6
0.856480 -0.106297 -0.505116
0.827645 -0.208591 -0.521050
0.844752 -0.268726 -0.462795
0.894877 -0.245440 -0.372765
0.920995 -0.150479 -0.359339
0.896053 -0.079953 -0.436689
6
-0.024225 -0.049611 -0.998475
0.000430 -0.130561 -0.991440
0.101420 -0.156838 -0.982403
0.169579 -0.081992 -0.982100
0.138684 0.008790 -0.990298
0.048787 0.032368 -0.998285
6
0.266494 0.899162 -0.347114
0.176524 0.909153 -0.377200
0.147766 0.873903 -0.463097
0.211871 0.826103 -0.522173
0.303605 0.815004 -0.493552
0.334307 0.850302 -0.406479
5
-0.729969 0.333578 0.596548
-0.776414 0.230506 0.586556
-0.840199 0.230070 0.491054
-0.832288 0.345148 0.433785
-0.754153 0.394755 0.524806
6
-0.249223 0.852822 0.458894
-0.263800 0.886756 0.379570
-0.190026 0.927441 0.322091
-0.089366 0.926159 0.366392
-0.074783 0.896505 0.436675
-0.154352 0.852035 0.500211
6
0.616724 -0.752186 -0.232096
0.684706 -0.684654 -0.249855
0.697125 -0.638891 -0.325322
0.631496 -0.658602 -0.409214
0.558058 -0.730263 -0.394065
0.549740 -0.768870 -0.326534
6
0.415507 0.906647 0.073103
0.484461 0.874312 0.029584
0.551516 0.831595 0.065428
0.549888 0.815965 0.178392
0.446391 0.864748 0.230099
0.415189 0.886696 0.203441
6
-0.193931 -0.917796 -0.346470
-0.091896 -0.914099 -0.394941
-0.090647 -0.867914 -0.488373
-0.158334 -0.838604 -0.521224
-0.252689 -0.840683 -0.478958
-0.268890 -0.873650 -0.405505
6
-0.201962 0.358028 -0.911607
-0.093407 0.395557 -0.913679
-0.070678 0.455223 -0.887568
-0.140968 0.534706 -0.833197
-0.254647 0.475332 -0.842149
-0.255094 0.389814 -0.884857
6
0.131979 0.966652 -0.219467
0.061783 0.986522 -0.151517
-0.029808 0.985012 -0.169889
-0.059430 0.961451 -0.268476
0.015213 0.941838 -0.335722
0.104058 0.944601 -0.311291
6
-0.047369 -0.996868 -0.063335
-0.060275 -0.997672 0.031901
0.027298 -0.995278 0.093145
0.108488 -0.992499 0.056353
0.120489 -0.991546 -0.048150
0.038304 -0.993957 -0.102870
6
0.672131 0.720109 0.172288
0.728004 0.652819 0.209371
0.711744 0.628511 0.313678
0.661173 0.659434 0.357766
0.587683 0.743050 0.320165
0.603372 0.766988 0.218341
6
0.258679 0.960313 0.104326
0.198357 0.976078 0.089034
0.160935 0.986659 -0.024558
0.246762 0.964643 -0.092589
0.323369 0.944243 -0.061948
0.341179 0.939098 0.041123
6
0.900979 0.210896 -0.379157
0.878356 0.190326 -0.438483
0.877716 0.082347 -0.472052
0.909946 0.015818 -0.414424
0.943735 0.040384 -0.328228
0.943451 0.144302 -0.298459
6
-0.423140 0.718278 -0.552294
-0.514499 0.664938 -0.541431
-0.535230 0.596395 -0.598199
-0.469650 0.570545 -0.673727
-0.384564 0.622430 -0.681683
-0.366308 0.695596 -0.618033
6
0.577355 0.627117 -0.522863
0.501125 0.659337 -0.560489
0.458776 0.610567 -0.645548
0.507879 0.530146 -0.678973
0.583864 0.498466 -0.640808
0.623140 0.547185 -0.558825
6
0.949279 0.288561 -0.124908
0.919393 0.384647 -0.082235
0.876966 0.453324 -0.159461
0.869106 0.439395 -0.227125
0.899811 0.337732 -0.276185
0.943862 0.268573 -0.192337
6
0.784866 0.601042 -0.150778
0.830731 0.546150 -0.107735
0.839283 0.543694 -0.001016
0.783336 0.619856 0.046510
0.738413 0.674255 0.011234
0.730164 0.675812 -0.100686
6
-0.515662 -0.557092 0.650955
-0.442709 -0.525013 0.726891
-0.350771 -0.588845 0.728163
-0.339446 -0.641854 0.687604
-0.410897 -0.681316 0.605783
-0.503191 -0.617854 0.604198
6
0.444029 0.838500 0.315841
0.532115 0.765705 0.361316
0.503252 0.729623 0.463020
0.459406 0.740574 0.490404
0.368145 0.809324 0.457671
0.367799 0.847730 0.382201
6
0.246133 -0.360862 -0.899554
0.346044 -0.370304 -0.862049
0.399728 -0.309393 -0.862840
0.373409 -0.210422 -0.903487
0.289116 -0.196457 -0.936919
0.223530 -0.265534 -0.937830
6
0.438957 -0.136931 -0.888013
0.510263 -0.146538 -0.847442
0.571495 -0.070627 -0.817560
0.540492 0.026723 -0.840925
0.461131 0.039806 -0.886439
0.401777 -0.034386 -0.915092
6
0.626716 -0.370402 0.685587
0.655001 -0.258784 0.709932
0.704111 -0.221795 0.674562
0.761471 -0.259406 0.594029
0.733925 -0.370289 0.569420
0.653480 -0.409050 0.636900
6
-0.255094 0.389814 -0.884857
-0.354874 0.336799 -0.872142
-0.352151 0.228641 -0.907586
-0.256832 0.201508 -0.945215
-0.199635 0.246063 -0.948472
-0.201962 0.358028 -0.911607
6
0.445874 0.730860 -0.516759
0.501125 0.659337 -0.560489
0.577355 0.627117 -0.522863
0.610747 0.664033 -0.431333
0.557464 0.734321 -0.387307
0.481016 0.767482 -0.423787
6
-0.113034 -0.855871 0.504686
-0.173674 -0.872895 0.455951
-0.277648 -0.837552 0.470551
-0.288382 -0.779906 0.555502
-0.228878 -0.759658 0.608715
-0.126027 -0.795932 0.592123
6
0.758614 -0.509016 -0.406703
0.810627 -0.420319 -0.407696
0.804597 -0.364714 -0.468623
0.738953 -0.381317 -0.555469
0.687853 -0.468905 -0.554064
0.694565 -0.527798 -0.488885
6
-0.545185 0.053768 0.836590
-0.581680 -0.050915 0.811822
-0.672807 -0.042739 0.738583
-0.698249 0.010604 0.715776
-0.662307 0.118490 0.739803
-0.574555 0.115799 0.810233
6
0.405315 -0.610286 -0.680640
0.321118 -0.602978 -0.730274
0.245041 -0.658786 -0.711306
0.255886 -0.730878 -0.632724
0.330368 -0.738119 -0.588249
0.410617 -0.680009 -0.607438
6
-0.580504 -0.117662 -0.805711
-0.505397 -0.149357 -0.849862
-0.443549 -0.091153 -0.891603
-0.460265 0.015800 -0.887641
-0.541653 0.044183 -0.839440
-0.598792 -0.010311 -0.800838
6
-0.685094 0.175511 0.706996
-0.662307 0.118490 0.739803
-0.698249 0.010604 0.715776
-0.777570 0.016569 0.628579
-0.797219 0.071307 0.599464
-0.762129 0.177369 0.622655
6
-0.993398 -0.001171 -0.114711
-0.976230 -0.007950 -0.216592
-0.959760 0.087676 -0.266785
-0.963831 0.170842 -0.204553
-0.977984 0.167661 -0.124248
-0.994983 0.069017 -0.072427
6
0.460696 -0.834321 -0.302768
0.401259 -0.843981 -0.355932
0.306216 -0.893395 -0.328750
0.304556 -0.926085 -0.222740
0.364265 -0.914701 -0.175025
0.457781 -0.865670 -0.202614
6
0.178437 0.372089 -0.910884
0.100536 0.378423 -0.920157
0.032246 0.303674 -0.952230
0.097758 0.201481 -0.974602
0.158702 0.194243 -0.968030
0.231238 0.272633 -0.933917
6
0.262413 0.925616 0.272719
0.140877 0.955638 0.258669
0.114459 0.981154 0.155678
0.198357 0.976078 0.089034
0.258679 0.960313 0.104326
0.294912 0.928434 0.225914
6
-0.126027 -0.795932 0.592123
-0.228878 -0.759658 0.608715
-0.238683 -0.695189 0.678043
-0.165898 -0.661662 0.731219
-0.074020 -0.696817 0.713420
-0.059966 -0.766920 0.638935
7
0.825482 0.061231 -0.561097
0.790499 0.122103 -0.600169
0.710063 0.107151 -0.695937
0.691843 0.066533 -0.718976
0.698700 0.012359 -0.715308
0.770262 -0.059801 -0.634918
0.811649 -0.033537 -0.583182
6
0.980202 -0.040260 0.193862
0.992644 -0.083393 0.087768
0.983132 -0.166707 0.075228
0.961881 -0.231423 0.145702
0.949771 -0.191367 0.247616
0.960021 -0.102478 0.260495
6
-0.361621 -0.860880 -0.357934
-0.433094 -0.799576 -0.416063
-0.506790 -0.772607 -0.382415
-0.533048 -0.795160 -0.289102
-0.464345 -0.855262 -0.230023
-0.377085 -0.882473 -0.281154
6
-0.568362 0.342078 -0.748296
-0.559705 0.433956 -0.705983
-0.626668 0.460024 -0.629019
-0.692106 0.395705 -0.603661
-0.699558 0.310054 -0.643805
-0.631458 0.286158 -0.720676
6
0.265768 0.220237 0.938543
0.291154 0.132862 0.947405
0.218715 0.059079 0.973999
0.131234 0.086155 0.987601
0.104102 0.185286 0.977155
0.165437 0.247008 0.954787
5
0.421505 0.690726 0.587563
0.310196 0.724307 0.615757
0.289102 0.804154 0.519381
0.368145 0.809324 0.457671
0.459406 0.740574 0.490404
6
-0.065529 -0.971612 0.227322
-0.081844 -0.940843 0.328811
0.001570 -0.923786 0.382906
0.082644 -0.932548 0.351461
0.098184 -0.963100 0.250595
0.012376 -0.980894 0.194149
6
-0.866897 0.451171 0.211980
-0.895083 0.381107 0.231481
-0.936792 0.309088 0.163966
-0.943285 0.320413 0.086884
-0.911752 0.408821 0.039673
-0.867484 0.485313 0.109279
6
-0.409279 -0.643237 -0.647099
-0.443414 -0.578273 -0.684824
-0.530472 -0.538139 -0.654986
-0.579076 -0.587332 -0.565431
-0.526015 -0.666628 -0.528124
-0.457623 -0.692760 -0.557373
6
0.958823 0.167580 -0.229292
0.984643 0.096028 -0.145795
0.989128 0.137572 -0.051951
0.976387 0.212653 -0.038046
0.949279 0.288561 -0.124908
0.943862 0.268573 -0.192337
6
0.784866 0.601042 -0.150778
0.730164 0.675812 -0.100686
0.671626 0.727403 -0.140722
0.654239 0.715014 -0.246428
0.705817 0.644909 -0.293112
0.767426 0.592019 -0.246110
6
0.587683 0.743050 0.320165
0.661173 0.659434 0.357766
0.633305 0.623271 0.458758
0.586697 0.642081 0.493476
0.503252 0.729623 0.463020
0.532115 0.765705 0.361316
6
-0.293625 0.483371 0.824704
-0.257981 0.407531 0.875993
-0.318097 0.323126 0.891294
-0.401547 0.321980 0.857373
-0.441431 0.395084 0.805635
-0.376571 0.482899 0.790571
6
-0.963831 0.170842 -0.204553
-0.959760 0.087676 -0.266785
-0.934760 0.091418 -0.343318
-0.901541 0.185791 -0.390776
-0.901898 0.260073 -0.344880
-0.930525 0.264892 -0.252894
7
0.560139 -0.535611 0.631953
0.485116 -0.490452 0.723961
0.486295 -0.447815 0.750319
0.525841 -0.396215 0.752665
0.626716 -0.370402 0.685587
0.653480 -0.409050 0.636900
0.616232 -0.503667 0.605457
6
-0.521474 0.853153 0.013927
-0.593306 0.802899 0.057800
-0.665548 0.746302 -0.008938
-0.641869 0.758623 -0.111782
-0.580409 0.802634 -0.137494
-0.515223 0.854236 -0.069463
6
-0.615616 0.444280 0.650870
-0.644077 0.508592 0.571401
-0.595253 0.582607 0.553392
-0.513828 0.606096 0.607148
-0.486878 0.543578 0.683719
-0.549846 0.457559 0.698791
6
-0.361621 -0.860880 -0.357934
-0.377085 -0.882473 -0.281154
-0.299906 -0.928843 -0.217502
-0.203174 -0.940969 -0.270737
-0.193931 -0.917796 -0.346470
-0.268890 -0.873650 -0.405505
6
-0.983265 -0.021746 0.180876
-0.996499 -0.022385 0.080548
-0.996737 0.074934 0.030017
-0.987140 0.143022 0.071402
-0.972868 0.148471 0.177440
-0.972881 0.056001 0.224425
6
-0.649703 0.620417 -0.439283
-0.569390 0.683721 -0.456422
-0.543002 0.739557 -0.397750
-0.590098 0.748757 -0.301908
-0.660701 0.695617 -0.282119
-0.696423 0.630507 -0.342719
6
0.700025 -0.627479 0.340934
0.634324 -0.665841 0.392796
0.611176 -0.635520 0.471782
0.665782 -0.541730 0.513092
0.721513 -0.505629 0.473031
0.753263 -0.536582 0.380360
6
0.242339 0.717714 -0.652808
0.179284 0.780071 -0.599455
0.080501 0.778817 -0.622064
0.050698 0.720879 -0.691204
0.113524 0.662341 -0.740551
0.190748 0.656058 -0.730208
6
0.937413 -0.277950 -0.209765
0.933355 -0.327824 -0.146219
0.955321 -0.292663 -0.041347
0.977938 -0.206783 -0.029648
0.984621 -0.142606 -0.100924
0.962800 -0.180277 -0.201286
6
0.963947 0.259019 0.060955
0.972516 0.186449 0.139461
0.940485 0.233319 0.247082
0.910654 0.344699 0.227797
0.911823 0.371564 0.174697
0.944163 0.321998 0.069816
6
0.698746 0.504368 -0.507314
0.731582 0.417753 -0.538767
0.805041 0.362015 -0.469952
0.825611 0.382609 -0.414700
0.795556 0.484108 -0.364321
0.725204 0.538560 -0.428990
6
0.681188 0.621339 -0.387197
0.705817 0.644909 -0.293112
0.654239 0.715014 -0.246428
0.583542 0.759789 -0.286704
0.557464 0.734321 -0.387307
0.610747 0.664033 -0.431333
6
-0.872600 0.167214 0.458921
-0.860542 0.074100 0.503962
-0.885603 -0.005506 0.464410
-0.928564 -0.005650 0.371130
-0.942197 0.056282 0.330299
-0.915725 0.166798 0.365550
6
0.963947 0.259019 0.060955
0.976387 0.212653 -0.038046
0.989128 0.137572 -0.051951
0.997489 0.065250 0.027524
0.985166 0.110378 0.131391
0.972516 0.186449 0.139461
6
-0.376571 0.482899 0.790571
-0.409526 0.551907 0.726421
-0.341696 0.627857 0.699313
-0.256476 0.628457 0.734345
-0.225774 0.558905 0.797905
-0.293625 0.483371 0.824704
6
0.325623 0.288722 0.900339
0.420307 0.259223 0.869566
0.446653 0.173284 0.877767
0.381809 0.100039 0.918811
0.291154 0.132862 0.947405
0.265768 0.220237 0.938543
6
0.170117 -0.778676 -0.603923
0.090819 -0.761596 -0.641657
0.008779 -0.797217 -0.603629
0.002529 -0.849071 -0.528272
0.079571 -0.873404 -0.480452
0.176899 -0.838903 -0.514732
6
0.619056 0.785095 0.019867
0.551516 0.831595 0.065428
0.484461 0.874312 0.029584
0.477245 0.874719 -0.084283
0.541791 0.830062 -0.132138
0.611798 0.785483 -0.093383
6
-0.569390 0.683721 -0.456422
-0.649703 0.620417 -0.439283
-0.670228 0.555984 -0.491606
-0.611688 0.536678 -0.581219
-0.535230 0.596395 -0.598199
-0.514499 0.664938 -0.541431
6
-0.467259 0.846637 -0.254706
-0.545742 0.803975 -0.236197
-0.590098 0.748757 -0.301908
-0.543002 0.739557 -0.397750
-0.450869 0.794100 -0.407580
-0.421199 0.843935 -0.332211
6
-0.473959 0.726796 0.497123
-0.561484 0.699976 0.441326
-0.568833 0.746736 0.344695
-0.518348 0.794158 0.317221
-0.424823 0.824336 0.374159
-0.412823 0.785910 0.460351
6
-0.693696 -0.713080 -0.101505
-0.692743 -0.721183 0.001521
-0.634213 -0.772047 0.041449
-0.560891 -0.827810 -0.011472
-0.556964 -0.824901 -0.096588
-0.622451 -0.767614 -0.152721
6
-0.143097 0.946739 -0.288459
-0.170667 0.905094 -0.389459
-0.116895 0.889122 -0.442489
-0.012884 0.903819 -0.427720
0.015213 0.941838 -0.335722
-0.059430 0.961451 -0.268476
7
0.462779 0.626168 0.627495
0.422153 0.574407 0.701316
0.365342 0.580842 0.727426
0.270778 0.671454 0.689803
0.270122 0.702211 0.658737
0.310196 0.724307 0.615757
0.421505 0.690726 0.587563
6
-0.824890 -0.292345 -0.483830
-0.778288 -0.329891 -0.534266
-0.735085 -0.282675 -0.616234
-0.749208 -0.199098 -0.631702
-0.830905 -0.126565 -0.541829
-0.851556 -0.171493 -0.495422
6
0.769957 -0.605974 0.199904
0.779602 -0.622791 0.065972
0.733949 -0.677594 0.046749
0.659254 -0.741601 0.124141
0.659678 -0.723357 0.203911
0.718012 -0.651245 0.245641
5
0.583062 -0.218960 0.782365
0.655001 -0.258784 0.709932
0.626716 -0.370402 0.685587
0.525841 -0.396215 0.752665
0.509895 -0.288232 0.810512
6
0.342423 -0.912456 0.223986
0.261232 -0.927393 0.267769
0.247372 -0.898889 0.361671
0.323747 -0.853024 0.409314
0.415667 -0.838334 0.352729
0.424289 -0.860058 0.283335
6
-0.749868 -0.538092 -0.384910
-0.680680 -0.592794 -0.430430
-0.642986 -0.553259 -0.529597
-0.686562 -0.466068 -0.558044
-0.743306 -0.427203 -0.514776
-0.779649 -0.469047 -0.414900
6
0.811584 0.501742 -0.299310
0.767426 0.592019 -0.246110
0.705817 0.644909 -0.293112
0.681188 0.621339 -0.387197
0.725204 0.538560 -0.428990
0.795556 0.484108 -0.364321
6
0.892409 -0.346085 0.289535
0.844029 -0.399334 0.357978
0.821781 -0.363676 0.438653
0.850431 -0.255691 0.459770
0.887971 -0.213209 0.407492
0.916764 -0.249191 0.312166
6
-0.193213 -0.096049 -0.976444
-0.124187 -0.019655 -0.992064
-0.145839 0.061513 -0.987394
-0.248089 0.092403 -0.964320
-0.307871 0.039662 -0.950601
-0.292547 -0.063752 -0.954124
6
0.350711 0.157379 -0.923165
0.303070 0.259975 -0.916821
0.231238 0.272633 -0.933917
0.158702 0.194243 -0.968030
0.214354 0.090761 -0.972530
0.280082 0.080444 -0.956600
6
0.599320 -0.399996 -0.693411
0.610592 -0.479884 -0.629991
0.687853 -0.468905 -0.554064
0.738953 -0.381317 -0.555469
0.724528 -0.321020 -0.609922
0.644251 -0.332426 -0.688791
6
0.668590 0.172994 0.723229
0.709047 0.230276 0.666502
0.780213 0.196716 0.593777
0.796253 0.087095 0.598661
0.759858 0.041262 0.648778
0.686410 0.080109 0.722789
6
0.221660 0.956025 -0.192050
0.246762 0.964643 -0.092589
0.160935 0.986659 -0.024558
0.097128 0.994340 -0.043061
0.061783 0.986522 -0.151517
0.131979 0.966652 -0.219467
6
-0.147967 0.159357 0.976069
-0.184684 0.241802 0.952588
-0.127336 0.317675 0.939611
-0.022414 0.306634 0.951564
0.006760 0.206201 0.978486
-0.057745 0.140804 0.988352
6
0.676920 0.733881 0.056549
0.672131 0.720109 0.172288
0.603372 0.766988 0.218341
0.549888 0.815965 0.178392
0.551516 0.831595 0.065428
0.619056 0.785095 0.019867
6
0.108488 -0.992499 0.056353
0.192671 -0.974770 0.112701
0.271424 -0.959589 0.074284
0.283682 -0.958482 -0.028921
0.200944 -0.975995 -0.083994
0.120489 -0.991546 -0.048150
6
-0.864541 0.494988 -0.086924
-0.906930 0.418781 -0.045821
-0.934015 0.340101 -0.109302
-0.918670 0.341724 -0.198168
-0.873191 0.424160 -0.240054
-0.846236 0.500518 -0.182664
6
-0.065529 -0.971612 0.227322
-0.155435 -0.973879 0.165528
-0.229815 -0.952700 0.198866
-0.244399 -0.923238 0.296480
-0.158676 -0.920985 0.355820
-0.081844 -0.940843 0.328811
6
0.532176 -0.664559 0.524547
0.471366 -0.742411 0.476067
0.374862 -0.760618 0.530036
0.359660 -0.704422 0.611911
0.414973 -0.647656 0.639014
0.507817 -0.629280 0.588328
6
0.806485 -0.535389 -0.250879
0.783926 -0.604143 -0.143079
0.818279 -0.568516 -0.084900
0.879585 -0.467699 -0.087110
0.891265 -0.428291 -0.149043
0.855816 -0.456309 -0.243641
5
-0.953740 0.212541 0.212615
-0.936792 0.309088 0.163966
-0.895083 0.381107 0.231481
-0.878713 0.332735 0.342272
-0.920919 0.216969 0.323778
6
0.210651 0.538286 0.816011
0.312607 0.512972 0.799460
0.348855 0.439527 0.827718
0.295072 0.372870 0.879716
0.189160 0.397359 0.897955
0.160263 0.490202 0.856749
6
0.203153 -0.384951 0.900301
0.287634 -0.316851 0.903810
0.367991 -0.342599 0.864412
0.376509 -0.424344 0.823513
0.305087 -0.491533 0.815670
0.223626 -0.476287 0.850378
6
-0.366308 0.695596 -0.618033
-0.384564 0.622430 -0.681683
-0.313056 0.590780 -0.743623
-0.227312 0.634687 -0.738581
-0.206049 0.706468 -0.677088
-0.267757 0.737282 -0.620260
6
0.704111 -0.221795 0.674562
0.717240 -0.111026 0.687924
0.761214 -0.067385 0.644990
0.821025 -0.106265 0.560915
0.807059 -0.219349 0.548217
0.761471 -0.259406 0.594029
6
-0.060275 -0.997672 0.031901
-0.140861 -0.987543 0.070117
-0.155435 -0.973879 0.165528
-0.065529 -0.971612 0.227322
0.012376 -0.980894 0.194149
0.027298 -0.995278 0.093145
6
0.588305 0.207377 0.781596
0.668590 0.172994 0.723229
0.686410 0.080109 0.722789
0.635029 0.015981 0.772323
0.552990 0.054956 0.831373
0.534389 0.138584 0.833800
6
0.126105 -0.361617 0.923759
0.203153 -0.384951 0.900301
0.223626 -0.476287 0.850378
0.144751 -0.536214 0.831578
0.065005 -0.517140 0.853429
0.042309 -0.421800 0.905701
6
-0.305832 -0.679984 -0.666399
-0.255291 -0.626761 -0.736204
-0.312455 -0.541875 -0.780220
-0.388982 -0.522299 -0.758879
-0.443414 -0.578273 -0.684824
-0.409279 -0.643237 -0.647099
6
0.143937 0.758220 0.635913
0.133042 0.808687 0.572996
0.215322 0.834977 0.506410
0.289102 0.804154 0.519381
0.310196 0.724307 0.615757
0.270122 0.702211 0.658737
6
-0.138336 -0.267932 0.953455
-0.160990 -0.150440 0.975423
-0.111361 -0.101876 0.988544
0.004830 -0.144454 0.989500
0.019827 -0.236170 0.971509
-0.058686 -0.295110 0.953659
6
-0.334015 -0.218821 -0.916816
-0.238265 -0.252255 -0.937868
-0.170773 -0.178086 -0.969083
-0.193213 -0.096049 -0.976444
-0.292547 -0.063752 -0.954124
-0.355581 -0.123069 -0.926507
6
-0.938797 -0.106919 0.327458
-0.968383 -0.107119 0.225299
-0.983265 -0.021746 0.180876
-0.972881 0.056001 0.224425
-0.942197 0.056282 0.330299
-0.928564 -0.005650 0.371130
6
0.295072 0.372870 0.879716
0.325623 0.288722 0.900339
0.265768 0.220237 0.938543
0.165437 0.247008 0.954787
0.138502 0.344210 0.928621
0.189160 0.397359 0.897955
6
-0.785399 0.496067 -0.370224
-0.739292 0.484197 -0.467975
-0.670228 0.555984 -0.491606
-0.649703 0.620417 -0.439283
-0.696423 0.630507 -0.342719
-0.761023 0.566256 -0.316540
5
0.509635 -0.846897 -0.151780
0.502162 -0.863577 -0.045469
0.586642 -0.809757 0.012044
0.652271 -0.754653 -0.071007
0.602360 -0.778573 -0.176030
6
0.192671 -0.974770 0.112701
0.108488 -0.992499 0.056353
0.027298 -0.995278 0.093145
0.012376 -0.980894 0.194149
0.098184 -0.963100 0.250595
0.178915 -0.960347 0.213829
6
0.777233 0.347550 0.524517
0.807492 0.240367 0.538685
0.780213 0.196716 0.593777
0.709047 0.230276 0.666502
0.676438 0.333047 0.656895
0.707911 0.381228 0.594582
6
-0.385989 0.921111 0.050667
-0.297851 0.948196 0.110497
-0.292987 0.937033 0.190072
-0.367554 0.897435 0.243956
-0.460710 0.867988 0.185319
-0.445884 0.892036 0.073887
6
-0.210166 0.752659 0.623967
-0.184628 0.694107 0.695793
-0.256476 0.628457 0.734345
-0.341696 0.627857 0.699313
-0.367988 0.688236 0.625233
-0.300329 0.752041 0.586717
6
0.000768 0.458639 0.888622
0.029219 0.362067 0.931694
-0.022414 0.306634 0.951564
-0.127336 0.317675 0.939611
-0.161559 0.403273 0.900705
-0.104510 0.469412 0.876773
6
-0.749868 -0.538092 -0.384910
-0.779649 -0.469047 -0.414900
-0.841512 -0.401114 -0.361890
-0.863327 -0.429805 -0.264453
-0.835843 -0.499496 -0.227751
-0.772402 -0.568917 -0.282363
6
-0.388982 -0.522299 -0.758879
-0.312455 -0.541875 -0.780220
-0.249707 -0.475279 -0.843656
-0.279295 -0.402575 -0.871739
-0.370724 -0.369674 -0.852000
-0.434399 -0.433126 -0.789747
6
0.489257 -0.681237 -0.544559
0.486884 -0.736074 -0.470253
0.558058 -0.730263 -0.394065
0.631496 -0.658602 -0.409214
0.633430 -0.606286 -0.480816
0.558076 -0.616085 -0.555869
6
0.491853 -0.311608 -0.813007
0.399728 -0.309393 -0.862840
0.346044 -0.370304 -0.862049
0.364413 -0.463700 -0.807580
0.459652 -0.465379 -0.756401
0.510636 -0.405552 -0.758142
6
-0.526015 -0.666628 -0.528124
-0.564638 -0.704091 -0.430627
-0.506790 -0.772607 -0.382415
-0.433094 -0.799576 -0.416063
-0.393908 -0.764145 -0.510802
-0.457623 -0.692760 -0.557373
5
-0.067872 0.614198 -0.786228
0.051655 0.578934 -0.813737
0.113524 0.662341 -0.740551
0.050698 0.720879 -0.691204
-0.051849 0.705788 -0.706523
6
0.457781 -0.865670 -0.202614
0.509635 -0.846897 -0.151780
0.602360 -0.778573 -0.176030
0.616724 -0.752186 -0.232096
0.549740 -0.768870 -0.326534
0.460696 -0.834321 -0.302768
6
0.916764 -0.249191 0.312166
0.887971 -0.213209 0.407492
0.902592 -0.102979 0.417998
0.929481 -0.059862 0.363981
0.960021 -0.102478 0.260495
0.949771 -0.191367 0.247616
6
-0.372598 -0.350245 0.859360
-0.368448 -0.417662 0.830545
-0.448974 -0.459630 0.766265
-0.534695 -0.386174 0.751645
-0.510279 -0.286737 0.810800
-0.456309 -0.278154 0.845229
6
0.611798 0.785483 -0.093383
0.541791 0.830062 -0.132138
0.525539 0.816553 -0.238851
0.583542 0.759789 -0.286704
0.654239 0.715014 -0.246428
0.671626 0.727403 -0.140722
6
-0.841512 -0.401114 -0.361890
-0.859527 -0.329862 -0.390391
-0.910071 -0.250659 -0.330061
-0.930433 -0.257523 -0.260721
-0.915222 -0.348187 -0.202817
-0.863327 -0.429805 -0.264453
6
-0.772893 0.616274 0.151141
-0.770775 0.587671 0.246067
-0.812908 0.511536 0.278408
-0.866897 0.451171 0.211980
-0.867484 0.485313 0.109279
-0.832110 0.548263 0.083673
6
0.604397 0.358357 0.711537
0.676438 0.333047 0.656895
0.709047 0.230276 0.666502
0.668590 0.172994 0.723229
0.588305 0.207377 0.781596
0.559201 0.296901 0.774043
6
-0.858208 -0.091731 0.505039
-0.885603 -0.005506 0.464410
-0.860542 0.074100 0.503962
-0.797219 0.071307 0.599464
-0.777570 0.016569 0.628579
-0.800074 -0.087391 0.593501
6
-0.035681 -0.396832 0.917198
-0.119233 -0.451222 0.884410
-0.192582 -0.422589 0.885625
-0.221685 -0.321669 0.920535
-0.138336 -0.267932 0.953455
-0.058686 -0.295110 0.953659
6
0.444930 -0.272951 0.852956
0.423967 -0.176686 0.888276
0.500874 -0.099682 0.859761
0.580026 -0.138777 0.802690
0.583062 -0.218960 0.782365
0.509895 -0.288232 0.810512
6
-0.901898 0.260073 -0.344880
-0.901541 0.185791 -0.390776
-0.858411 0.175429 -0.482032
-0.811888 0.263463 -0.520985
-0.809871 0.335035 -0.481519
-0.854934 0.347547 -0.385097
6
0.037188 -0.787905 0.614673
-0.059966 -0.766920 0.638935
-0.074020 -0.696817 0.713420
0.005562 -0.654511 0.756032
0.085772 -0.673351 0.734330
0.105287 -0.748429 0.654804
6
0.635029 0.015981 0.772323
0.643394 -0.069915 0.762336
0.580026 -0.138777 0.802690
0.500874 -0.099682 0.859761
0.487823 -0.019799 0.872718
0.552990 0.054956 0.831373
6
-0.909234 -0.153886 -0.386799
-0.928831 -0.087013 -0.360140
-0.963950 -0.077983 -0.254400
-0.963774 -0.175640 -0.200726
-0.930433 -0.257523 -0.260721
-0.910071 -0.250659 -0.330061
6
0.825611 0.382609 -0.414700
0.805041 0.362015 -0.469952
0.819494 0.253236 -0.514103
0.878356 0.190326 -0.438483
0.900979 0.210896 -0.379157
0.886026 0.319508 -0.335965
5
0.294912 0.928434 0.225914
0.258679 0.960313 0.104326
0.341179 0.939098 0.041123
0.415507 0.906647 0.073103
0.415189 0.886696 0.203441
6
-0.221685 -0.321669 0.920535
-0.281985 -0.296603 0.912420
-0.314478 -0.187658 0.930531
-0.270380 -0.135223 0.953210
-0.160990 -0.150440 0.975423
-0.138336 -0.267932 0.953455
6
-0.047369 -0.996868 -0.063335
-0.133076 -0.983017 -0.126366
-0.224136 -0.971617 -0.075655
-0.231299 -0.972878 0.002919
-0.140861 -0.987543 0.070117
-0.060275 -0.997672 0.031901
6
0.008779 -0.797217 -0.603629
0.090819 -0.761596 -0.641657
0.081172 -0.692091 -0.717232
0.004603 -0.667620 -0.744488
-0.102647 -0.717559 -0.688893
-0.108752 -0.746160 -0.656824
6
-0.819770 0.572301 -0.021203
-0.832110 0.548263 0.083673
-0.867484 0.485313 0.109279
-0.911752 0.408821 0.039673
-0.906930 0.418781 -0.045821
-0.864541 0.494988 -0.086924
6
0.276312 0.896836 0.345452
0.191850 0.883034 0.428304
0.105008 0.908606 0.404237
0.082176 0.942970 0.322575
0.140877 0.955638 0.258669
0.262413 0.925616 0.272719
5
0.507817 -0.629280 0.588328
0.414973 -0.647656 0.639014
0.393886 -0.579884 0.713154
0.485116 -0.490452 0.723961
0.560139 -0.535611 0.631953
5
0.180307 0.619572 0.763950
0.270778 0.671454 0.689803
0.365342 0.580842 0.727426
0.312607 0.512972 0.799460
0.210651 0.538286 0.816011
6
0.241490 -0.847090 -0.473415
0.244495 -0.894422 -0.374476
0.306216 -0.893395 -0.328750
0.401259 -0.843981 -0.355932
0.399993 -0.798006 -0.450769
0.336368 -0.798187 -0.499754
6
-0.770775 0.587671 0.246067
-0.772893 0.616274 0.151141
-0.727695 0.675188 0.120755
-0.653596 0.733260 0.187464
-0.652034 0.703355 0.283095
-0.699452 0.642444 0.313100
6
-0.896554 -0.437292 -0.070480
-0.926168 -0.355125 -0.126883
-0.960625 -0.270088 -0.065206
-0.961280 -0.274660 0.022431
-0.932262 -0.354844 0.070527
-0.897541 -0.440807 0.010413
6
-0.644631 -0.220796 0.731915
-0.697410 -0.149282 0.700953
-0.672807 -0.042739 0.738583
-0.581680 -0.050915 0.811822
-0.552228 -0.104505 0.827117
-0.581041 -0.211739 0.785849
6
-0.631458 0.286158 -0.720676
-0.699558 0.310054 -0.643805
-0.752596 0.245424 -0.611037
-0.750141 0.149348 -0.644192
-0.676954 0.130296 -0.724400
-0.632635 0.179552 -0.753349
6
-0.014388 -0.876432 0.481311
0.001570 -0.923786 0.382906
-0.081844 -0.940843 0.328811
-0.158676 -0.920985 0.355820
-0.173674 -0.872895 0.455951
-0.113034 -0.855871 0.504686
6
0.023794 0.596726 0.802093
-0.066825 0.613681 0.786721
-0.094691 0.684811 0.722542
-0.020683 0.738463 0.673977
0.072514 0.717045 0.693245
0.096623 0.647052 0.756299
6
0.071239 0.534420 -0.842211
0.199560 0.516840 -0.832498
0.248452 0.584815 -0.772181
0.190748 0.656058 -0.730208
0.113524 0.662341 -0.740551
0.051655 0.578934 -0.813737
6
-0.560891 -0.827810 -0.011472
-0.487835 -0.871645 0.047452
-0.403031 -0.915119 -0.011080
-0.398345 -0.913194 -0.086016
-0.475610 -0.866675 -0.150564
-0.556964 -0.824901 -0.096588
6
0.303070 0.259975 -0.916821
0.350711 0.157379 -0.923165
0.420809 0.142759 -0.895846
0.483143 0.214904 -0.848757
0.446428 0.308586 -0.839927
0.368074 0.331797 -0.868580
6
0.604397 0.358357 0.711537
0.559201 0.296901 0.774043
0.474958 0.326322 0.817269
0.438550 0.412546 0.798423
0.491231 0.476357 0.729230
0.554198 0.459492 0.694069
6
0.558076 -0.616085 -0.555869
0.554444 -0.547246 -0.626988
0.470842 -0.549464 -0.690216
0.405315 -0.610286 -0.680640
0.410617 -0.680009 -0.607438
0.489257 -0.681237 -0.544559
5
-0.199635 0.246063 -0.948472
-0.098480 0.217440 -0.971093
-0.022202 0.305384 -0.951970
-0.093407 0.395557 -0.913679
-0.201962 0.358028 -0.911607
6
0.933355 -0.327824 -0.146219
0.891265 -0.428291 -0.149043
0.879585 -0.467699 -0.087110
0.900347 -0.434908 0.015165
0.935082 -0.353246 0.028962
0.955321 -0.292663 -0.041347
6
-0.480385 -0.249149 -0.840925
-0.543764 -0.309438 -0.780108
-0.506615 -0.405826 -0.760688
-0.434399 -0.433126 -0.789747
-0.370724 -0.369674 -0.852000
-0.399276 -0.282323 -0.872280
6
0.146441 -0.928404 -0.341497
0.244495 -0.894422 -0.374476
0.241490 -0.847090 -0.473415
0.176899 -0.838903 -0.514732
0.079571 -0.873404 -0.480452
0.075646 -0.917138 -0.391325
6
0.491853 -0.311608 -0.813007
0.538791 -0.248608 -0.804922
0.510263 -0.146538 -0.847442
0.438957 -0.136931 -0.888013
0.373409 -0.210422 -0.903487
0.399728 -0.309393 -0.862840
6
0.401938 0.016735 0.915514
0.487823 -0.019799 0.872718
0.500874 -0.099682 0.859761
0.423967 -0.176686 0.888276
0.351393 -0.153743 0.923518
0.327613 -0.059777 0.942919
6
-0.400847 0.068777 -0.913560
-0.307871 0.039662 -0.950601
-0.248089 0.092403 -0.964320
-0.256832 0.201508 -0.945215
-0.352151 0.228641 -0.907586
-0.409963 0.181004 -0.893962
5
0.879585 -0.467699 -0.087110
0.818279 -0.568516 -0.084900
0.802921 -0.594390 0.044941
0.868112 -0.489379 0.083005
0.900347 -0.434908 0.015165
7
-0.840199 0.230070 0.491054
-0.872600 0.167214 0.458921
-0.915725 0.166798 0.365550
-0.920919 0.216969 0.323778
-0.878713 0.332735 0.342272
-0.844457 0.359135 0.397384
-0.832288 0.345148 0.433785
6
0.291823 0.921733 -0.255436
0.221660 0.956025 -0.192050
0.131979 0.966652 -0.219467
0.104058 0.944601 -0.311291
0.176524 0.909153 -0.377200
0.266494 0.899162 -0.347114
6
-0.934760 0.091418 -0.343318
-0.913472 0.001029 -0.406901
-0.881272 0.009485 -0.472515
-0.848867 0.102726 -0.518530
-0.858411 0.175429 -0.482032
-0.901541 0.185791 -0.390776
6
0.946795 0.088757 0.309355
0.932880 0.199523 0.299877
0.940485 0.233319 0.247082
0.972516 0.186449 0.139461
0.985166 0.110378 0.131391
0.978200 0.043741 0.203005
6
0.512591 -0.845428 0.150007
0.509895 -0.832411 0.217023
0.581968 -0.766692 0.271101
0.659678 -0.723357 0.203911
0.659254 -0.741601 0.124141
0.591634 -0.802807 0.073961
5
-0.281985 -0.296603 0.912420
-0.372598 -0.350245 0.859360
-0.456309 -0.278154 0.845229
-0.419888 -0.171519 0.891221
-0.314478 -0.187658 0.930531
6
0.691843 0.066533 -0.718976
0.710063 0.107151 -0.695937
0.674281 0.232744 -0.700839
0.613120 0.255365 -0.747578
0.560458 0.188998 -0.806329
0.586555 0.097016 -0.804078
6
0.379545 0.898350 -0.221164
0.398411 0.909108 -0.121616
0.323369 0.944243 -0.061948
0.246762 0.964643 -0.092589
0.221660 0.956025 -0.192050
0.291823 0.921733 -0.255436
6
-0.649008 -0.574142 0.499149
-0.684179 -0.569057 0.456151
-0.762463 -0.480815 0.432975
-0.769883 -0.417499 0.482674
-0.718472 -0.407034 0.564022
-0.643440 -0.488127 0.589675
6
0.364413 -0.463700 -0.807580
0.308319 -0.518934 -0.797274
0.321118 -0.602978 -0.730274
0.405315 -0.610286 -0.680640
0.470842 -0.549464 -0.690216
0.459652 -0.465379 -0.756401
6
-0.377085 -0.882473 -0.281154
-0.464345 -0.855262 -0.230023
-0.475610 -0.866675 -0.150564
-0.398345 -0.913194 -0.086016
-0.308444 -0.940534 -0.142333
-0.299906 -0.928843 -0.217502
6
0.978200 0.043741 0.203005
0.985166 0.110378 0.131391
0.997489 0.065250 0.027524
0.999756 -0.015523 0.015698
0.992644 -0.083393 0.087768
0.980202 -0.040260 0.193862
6
-0.573070 0.290694 0.766216
-0.527482 0.216615 0.821487
-0.574555 0.115799 0.810233
-0.662307 0.118490 0.739803
-0.685094 0.175511 0.706996
-0.636813 0.280326 0.718253
6
-0.805049 -0.593164 0.007231
-0.805782 -0.585567 -0.088469
-0.845431 -0.517706 -0.131250
-0.896554 -0.437292 -0.070480
-0.897541 -0.440807 0.010413
-0.854314 -0.515599 0.065618
6
-0.800074 -0.087391 0.593501
-0.777570 0.016569 0.628579
-0.698249 0.010604 0.715776
-0.672807 -0.042739 0.738583
-0.697410 -0.149282 0.700953
-0.762411 -0.156380 0.627912
6
0.844752 -0.268726 -0.462795
0.827645 -0.208591 -0.521050
0.764628 -0.224751 -0.604013
0.724528 -0.321020 -0.609922
0.738953 -0.381317 -0.555469
0.804597 -0.364714 -0.468623
6
-0.513828 0.606096 0.607148
-0.455432 0.675684 0.579684
-0.367988 0.688236 0.625233
-0.341696 0.627857 0.699313
-0.409526 0.551907 0.726421
-0.486878 0.543578 0.683719
6
0.507817 -0.629280 0.588328
0.560139 -0.535611 0.631953
0.616232 -0.503667 0.605457
0.665782 -0.541730 0.513092
0.611176 -0.635520 0.471782
0.532176 -0.664559 0.524547
6
-0.670228 0.555984 -0.491606
-0.739292 0.484197 -0.467975
-0.751229 0.415629 -0.512745
-0.692106 0.395705 -0.603661
-0.626668 0.460024 -0.629019
-0.611688 0.536678 -0.581219
6
-0.658383 -0.677285 0.328355
-0.605859 -0.712551 0.353845
-0.530086 -0.794155 0.297199
-0.568858 -0.801303 0.185244
-0.619340 -0.769190 0.157369
-0.676032 -0.710277 0.196181
6
0.046642 -0.977500 -0.205712
0.038304 -0.993957 -0.102870
0.120489 -0.991546 -0.048150
0.200944 -0.975995 -0.083994
0.210017 -0.958841 -0.191094
0.140881 -0.959948 -0.242185
6
-0.845609 -0.512699 0.148611
-0.880560 -0.426745 0.206162
-0.852777 -0.424672 0.304015
-0.803615 -0.489097 0.339096
-0.772334 -0.568249 0.283889
-0.788035 -0.581011 0.203536
6
0.048787 0.032368 -0.998285
0.138684 0.008790 -0.990298
0.214354 0.090761 -0.972530
0.158702 0.194243 -0.968030
0.097758 0.201481 -0.974602
0.019321 0.115267 -0.993147
6
-0.445884 0.892036 0.073887
-0.521474 0.853153 0.013927
-0.515223 0.854236 -0.069463
-0.399283 0.906679 -0.136038
-0.355879 0.931978 -0.069047
-0.385989 0.921111 0.050667
6
0.334307 0.850302 -0.406479
0.303605 0.815004 -0.493552
0.366034 0.753389 -0.546283
0.445874 0.730860 -0.516759
0.481016 0.767482 -0.423787
0.419502 0.827905 -0.372280
6
0.935082 -0.353246 0.028962
0.940075 -0.315361 0.129636
0.961881 -0.231423 0.145702
0.983132 -0.166707 0.075228
0.977938 -0.206783 -0.029648
0.955321 -0.292663 -0.041347
6
0.295072 0.372870 0.879716
0.348855 0.439527 0.827718
0.438550 0.412546 0.798423
0.474958 0.326322 0.817269
0.420307 0.259223 0.869566
0.325623 0.288722 0.900339
6
0.424289 -0.860058 0.283335
0.415667 -0.838334 0.352729
0.486596 -0.773269 0.406545
0.572309 -0.743616 0.345684
0.581968 -0.766692 0.271101
0.509895 -0.832411 0.217023
6
-0.320294 0.799514 0.508123
-0.412823 0.785910 0.460351
-0.424823 0.824336 0.374159
-0.360552 0.872624 0.329438
-0.263800 0.886756 0.379570
-0.249223 0.852822 0.458894
6
0.444417 0.851966 -0.276852
0.379545 0.898350 -0.221164
0.291823 0.921733 -0.255436
0.266494 0.899162 -0.347114
0.334307 0.850302 -0.406479
0.419502 0.827905 -0.372280
6
0.140877 0.955638 0.258669
0.082176 0.942970 0.322575
-0.016003 0.953957 0.299517
-0.044400 0.978677 0.200551
0.041474 0.990070 0.134320
0.114459 0.981154 0.155678
6
0.052831 -0.847894 0.527527
-0.014388 -0.876432 0.481311
-0.113034 -0.855871 0.504686
-0.126027 -0.795932 0.592123
-0.059966 -0.766920 0.638935
0.037188 -0.787905 0.614673
6
-0.267757 0.737282 -0.620260
-0.206049 0.706468 -0.677088
-0.106494 0.735033 -0.669616
-0.087957 0.807927 -0.582681
-0.139609 0.831751 -0.537307
-0.244711 0.803399 -0.542832
6
-0.165898 -0.661662 0.731219
-0.238683 -0.695189 0.678043
-0.339446 -0.641854 0.687604
-0.350771 -0.588845 0.728163
-0.270733 -0.540879 0.796338
-0.177303 -0.590608 0.787240
6
0.104058 0.944601 -0.311291
0.015213 0.941838 -0.335722
-0.012884 0.903819 -0.427720
0.047656 0.872506 -0.486274
0.147766 0.873903 -0.463097
0.176524 0.909153 -0.377200
6
-0.320294 0.799514 0.508123
-0.249223 0.852822 0.458894
-0.154352 0.852035 0.500211
-0.134202 0.808310 0.573259
-0.210166 0.752659 0.623967
-0.300329 0.752041 0.586717
6
0.984643 0.096028 -0.145795
0.986843 0.010078 -0.161367
0.994362 -0.057411 -0.089149
0.999756 -0.015523 0.015698
0.997489 0.065250 0.027524
0.989128 0.137572 -0.051951
6
-0.177303 -0.590608 0.787240
-0.270733 -0.540879 0.796338
-0.281085 -0.478045 0.832144
-0.192582 -0.422589 0.885625
-0.119233 -0.451222 0.884410
-0.094894 -0.543747 0.833867
6
0.666003 0.478835 0.571977
0.707911 0.381228 0.594582
0.676438 0.333047 0.656895
0.604397 0.358357 0.711537
0.554198 0.459492 0.694069
0.595904 0.511278 0.619268
6
0.962800 -0.180277 -0.201286
0.984621 -0.142606 -0.100924
0.994362 -0.057411 -0.089149
0.986843 0.010078 -0.161367
0.965422 -0.026677 -0.259323
0.954472 -0.118289 -0.273844
6
-0.568858 -0.801303 0.185244
-0.530086 -0.794155 0.297199
-0.486236 -0.814342 0.316894
-0.401618 -0.878811 0.257670
-0.405411 -0.894735 0.187327
-0.484918 -0.865615 0.124762
6
-0.595253 0.582607 0.553392
-0.612805 0.638174 0.466052
-0.561484 0.699976 0.441326
-0.473959 0.726796 0.497123
-0.455432 0.675684 0.579684
-0.513828 0.606096 0.607148
6
-0.880560 -0.426745 0.206162
-0.919403 -0.357180 0.164684
-0.937909 -0.269637 0.218227
-0.908695 -0.268783 0.319420
-0.871559 -0.337359 0.355771
-0.852777 -0.424672 0.304015
6
0.686410 0.080109 0.722789
0.759858 0.041262 0.648778
0.761214 -0.067385 0.644990
0.717240 -0.111026 0.687924
0.643394 -0.069915 0.762336
0.635029 0.015981 0.772323
6
-0.355581 -0.123069 -0.926507
-0.292547 -0.063752 -0.954124
-0.307871 0.039662 -0.950601
-0.400847 0.068777 -0.913560
-0.460265 0.015800 -0.887641
-0.443549 -0.091153 -0.891603
6
-0.051849 0.705788 -0.706523
0.050698 0.720879 -0.691204
0.080501 0.778817 -0.622064
0.020531 0.823264 -0.567288
-0.087957 0.807927 -0.582681
-0.106494 0.735033 -0.669616
5
-0.014443 -0.591445 -0.806216
-0.121374 -0.566661 -0.814962
-0.182744 -0.633971 -0.751456
-0.102647 -0.717559 -0.688893
0.004603 -0.667620 -0.744488
6
-0.272007 0.877331 -0.395351
-0.298066 0.822624 -0.484197
-0.244711 0.803399 -0.542832
-0.139609 0.831751 -0.537307
-0.116895 0.889122 -0.442489
-0.170667 0.905094 -0.389459
6
0.459652 -0.465379 -0.756401
0.470842 -0.549464 -0.690216
0.554444 -0.547246 -0.626988
0.610592 -0.479884 -0.629991
0.599320 -0.399996 -0.693411
0.510636 -0.405552 -0.758142
6
-0.486878 0.543578 0.683719
-0.409526 0.551907 0.726421
-0.376571 0.482899 0.790571
-0.441431 0.395084 0.805635
-0.514206 0.389012 0.764370
-0.549846 0.457559 0.698791
6
0.811584 0.501742 -0.299310
0.795556 0.484108 -0.364321
0.825611 0.382609 -0.414700
0.886026 0.319508 -0.335965
0.899811 0.337732 -0.276185
0.869106 0.439395 -0.227125
6
0.237392 0.440806 -0.865641
0.199560 0.516840 -0.832498
0.071239 0.534420 -0.842211
0.040831 0.481753 -0.875355
0.100536 0.378423 -0.920157
0.178437 0.372089 -0.910884
6
0.052116 0.508457 0.859509
0.000768 0.458639 0.888622
-0.104510 0.469412 0.876773
-0.136500 0.551680 0.822811
-0.066825 0.613681 0.786721
0.023794 0.596726 0.802093
6
-0.399276 -0.282323 -0.872280
-0.370724 -0.369674 -0.852000
-0.279295 -0.402575 -0.871739
-0.213357 -0.330583 -0.919344
-0.238265 -0.252255 -0.937868
-0.334015 -0.218821 -0.916816
6
-0.938797 -0.106919 0.327458
-0.913489 -0.175760 0.366942
-0.908695 -0.268783 0.319420
-0.937909 -0.269637 0.218227
-0.965483 -0.191844 0.176177
-0.968383 -0.107119 0.225299
6
-0.930525 0.264892 -0.252894
-0.901898 0.260073 -0.344880
-0.854934 0.347547 -0.385097
-0.842675 0.419696 -0.337275
-0.873191 0.424160 -0.240054
-0.918670 0.341724 -0.198168
6
0.237392 0.440806 -0.865641
0.178437 0.372089 -0.910884
0.231238 0.272633 -0.933917
0.303070 0.259975 -0.916821
0.368074 0.331797 -0.868580
0.326839 0.420226 -0.846515
6
0.861832 -0.397524 -0.314993
0.810627 -0.420319 -0.407696
0.758614 -0.509016 -0.406703
0.756613 -0.563296 -0.332016
0.806485 -0.535389 -0.250879
0.855816 -0.456309 -0.243641
6
0.289116 -0.196457 -0.936919
0.259294 -0.100997 -0.960503
0.169579 -0.081992 -0.982100
0.101420 -0.156838 -0.982403
0.125644 -0.245506 -0.961218
0.223530 -0.265534 -0.937830
6
0.631496 -0.658602 -0.409214
0.697125 -0.638891 -0.325322
0.756613 -0.563296 -0.332016
0.758614 -0.509016 -0.406703
0.694565 -0.527798 -0.488885
0.633430 -0.606286 -0.480816
6
0.718012 -0.651245 0.245641
0.659678 -0.723357 0.203911
0.581968 -0.766692 0.271101
0.572309 -0.743616 0.345684
0.634324 -0.665841 0.392796
0.700025 -0.627479 0.340934
6
-0.934015 0.340101 -0.109302
-0.906930 0.418781 -0.045821
-0.911752 0.408821 0.039673
-0.943285 0.320413 0.086884
-0.970005 0.242331 0.019160
-0.966944 0.247879 -0.059788
6
-0.256832 0.201508 -0.945215
-0.248089 0.092403 -0.964320
-0.145839 0.061513 -0.987394
-0.074555 0.141799 -0.987084
-0.098480 0.217440 -0.971093
-0.199635 0.246063 -0.948472
6
-0.574555 0.115799 0.810233
-0.527482 0.216615 0.821487
-0.459206 0.225882 0.859132
-0.399682 0.141543 0.905660
-0.445021 0.050235 0.894110
-0.545185 0.053768 0.836590
6
-0.563062 -0.461838 -0.685322
-0.530472 -0.538139 -0.654986
-0.443414 -0.578273 -0.684824
-0.388982 -0.522299 -0.758879
-0.434399 -0.433126 -0.789747
-0.506615 -0.405826 -0.760688
6
-0.827719 -0.257513 0.498567
-0.827722 -0.331238 0.452943
-0.871559 -0.337359 0.355771
-0.908695 -0.268783 0.319420
-0.913489 -0.175760 0.366942
-0.869698 -0.171960 0.462661
6
0.483143 0.214904 -0.848757
0.560458 0.188998 -0.806329
0.613120 0.255365 -0.747578
0.571144 0.354186 -0.740504
0.505538 0.376782 -0.776187
0.446428 0.308586 -0.839927
6
-0.915725 0.166798 0.365550
-0.942197 0.056282 0.330299
-0.972881 0.056001 0.224425
-0.972868 0.148471 0.177440
-0.953740 0.212541 0.212615
-0.920919 0.216969 0.323778
6
-0.257981 0.407531 0.875993
-0.161559 0.403273 0.900705
-0.127336 0.317675 0.939611
-0.184684 0.241802 0.952588
-0.277621 0.247197 0.928343
-0.318097 0.323126 0.891294
6
-0.070678 0.455223 -0.887568
-0.093407 0.395557 -0.913679
-0.022202 0.305384 -0.951970
0.032246 0.303674 -0.952230
0.100536 0.378423 -0.920157
0.040831 0.481753 -0.875355
6
-0.279295 -0.402575 -0.871739
-0.249707 -0.475279 -0.843656
-0.148813 -0.505138 -0.850112
-0.085523 -0.432629 -0.897507
-0.110418 -0.361657 -0.925749
-0.213357 -0.330583 -0.919344
6
-0.399497 0.780189 -0.481359
-0.450869 0.794100 -0.407580
-0.543002 0.739557 -0.397750
-0.569390 0.683721 -0.456422
-0.514499 0.664938 -0.541431
-0.423140 0.718278 -0.552294
6
0.486884 -0.736074 -0.470253
0.399993 -0.798006 -0.450769
0.401259 -0.843981 -0.355932
0.460696 -0.834321 -0.302768
0.549740 -0.768870 -0.326534
0.558058 -0.730263 -0.394065
6
-0.022414 0.306634 0.951564
0.029219 0.362067 0.931694
0.138502 0.344210 0.928621
0.165437 0.247008 0.954787
0.104102 0.185286 0.977155
0.006760 0.206201 0.978486
6
0.323747 -0.853024 0.409314
0.312867 -0.811970 0.492766
0.374862 -0.760618 0.530036
0.471366 -0.742411 0.476067
0.486596 -0.773269 0.406545
0.415667 -0.838334 0.352729
6
-0.459206 0.225882 0.859132
-0.401547 0.321980 0.857373
-0.318097 0.323126 0.891294
-0.277621 0.247197 0.928343
-0.335880 0.151983 0.929562
-0.399682 0.141543 0.905660
6
-0.642986 -0.553259 -0.529597
-0.579076 -0.587332 -0.565431
-0.530472 -0.538139 -0.654986
-0.563062 -0.461838 -0.685322
-0.639253 -0.417313 -0.645915
-0.686562 -0.466068 -0.558044
6
-0.460710 0.867988 0.185319
-0.515078 0.830278 0.212917
-0.598015 0.787000 0.151690
-0.593306 0.802899 0.057800
-0.521474 0.853153 0.013927
-0.445884 0.892036 0.073887
6
-0.549846 0.457559 0.698791
-0.514206 0.389012 0.764370
-0.573070 0.290694 0.766216
-0.636813 0.280326 0.718253
-0.672268 0.348846 0.652964
-0.615616 0.444280 0.650870
6
0.666003 0.478835 0.571977
0.595904 0.511278 0.619268
0.549796 0.593876 0.587397
0.586697 0.642081 0.493476
0.633305 0.623271 0.458758
0.701077 0.524438 0.483173
6
0.207504 -0.509562 -0.835038
0.308319 -0.518934 -0.797274
0.364413 -0.463700 -0.807580
0.346044 -0.370304 -0.862049
0.246133 -0.360862 -0.899554
0.189884 -0.417669 -0.888536
6
-0.832288 0.345148 0.433785
-0.844457 0.359135 0.397384
-0.798342 0.482274 0.360641
-0.735813 0.524630 0.428185
-0.716995 0.475452 0.509768
-0.754153 0.394755 0.524806
5
0.944163 0.321998 0.069816
0.911823 0.371564 0.174697
0.867719 0.474853 0.146894
0.871408 0.489340 0.034568
0.917237 0.398127 -0.013089
6
-0.360552 0.872624 0.329438
-0.367554 0.897435 0.243956
-0.292987 0.937033 0.190072
-0.201644 0.949242 0.241412
-0.190026 0.927441 0.322091
-0.263800 0.886756 0.379570
6
-0.136500 0.551680 0.822811
-0.225774 0.558905 0.797905
-0.256476 0.628457 0.734345
-0.184628 0.694107 0.695793
-0.094691 0.684811 0.722542
-0.066825 0.613681 0.786721
6
0.247372 -0.898889 0.361671
0.162928 -0.901514 0.400909
0.147923 -0.855812 0.495687
0.215256 -0.815874 0.536670
0.312867 -0.811970 0.492766
0.323747 -0.853024 0.409314
6
0.910654 0.344699 0.227797
0.863971 0.386642 0.322586
0.816095 0.496715 0.295405
0.831172 0.520676 0.195064
0.867719 0.474853 0.146894
0.911823 0.371564 0.174697
6
0.613120 0.255365 -0.747578
0.674281 0.232744 -0.700839
0.719920 0.287165 -0.631863
0.696807 0.372519 -0.612936
0.620819 0.415818 -0.664590
0.571144 0.354186 -0.740504
6
-0.858208 -0.091731 0.505039
-0.800074 -0.087391 0.593501
-0.762411 -0.156380 0.627912
-0.772522 -0.248484 0.584350
-0.827719 -0.257513 0.498567
-0.869698 -0.171960 0.462661
6
0.486295 -0.447815 0.750319
0.376509 -0.424344 0.823513
0.367991 -0.342599 0.864412
0.444930 -0.272951 0.852956
0.509895 -0.288232 0.810512
0.525841 -0.396215 0.752665
6
0.330368 -0.738119 -0.588249
0.255886 -0.730878 -0.632724
0.170117 -0.778676 -0.603923
0.176899 -0.838903 -0.514732
0.241490 -0.847090 -0.473415
0.336368 -0.798187 -0.499754
6
-0.143097 0.946739 -0.288459
-0.059430 0.961451 -0.268476
-0.029808 0.985012 -0.169889
-0.090020 0.990169 -0.107060
-0.194534 0.973285 -0.121955
-0.221711 0.950325 -0.218466
6
0.356893 -0.931932 -0.064261
0.283682 -0.958482 -0.028921
0.271424 -0.959589 0.074284
0.356041 -0.924990 0.132772
0.428859 -0.898856 0.090204
0.440119 -0.897891 -0.009296
6
0.756613 -0.563296 -0.332016
0.697125 -0.638891 -0.325322
0.684706 -0.684654 -0.249855
0.751764 -0.643081 -0.145940
0.783926 -0.604143 -0.143079
0.806485 -0.535389 -0.250879
5
-0.486236 -0.814342 0.316894
-0.435713 -0.793573 0.424731
-0.328174 -0.845879 0.420464
-0.315306 -0.892558 0.322369
-0.401618 -0.878811 0.257670
6
0.365342 0.580842 0.727426
0.422153 0.574407 0.701316
0.491231 0.476357 0.729230
0.438550 0.412546 0.798423
0.348855 0.439527 0.827718
0.312607 0.512972 0.799460
6
-0.277648 -0.837552 0.470551
-0.173674 -0.872895 0.455951
-0.158676 -0.920985 0.355820
-0.244399 -0.923238 0.296480
-0.315306 -0.892558 0.322369
-0.328174 -0.845879 0.420464
6
-0.794250 0.567659 -0.216634
-0.751436 0.641637 -0.153774
-0.776875 0.627860 -0.047504
-0.819770 0.572301 -0.021203
-0.864541 0.494988 -0.086924
-0.846236 0.500518 -0.182664
6
-0.317949 -0.946437 0.056261
-0.231299 -0.972878 0.002919
-0.224136 -0.971617 -0.075655
-0.308444 -0.940534 -0.142333
-0.398345 -0.913194 -0.086016
-0.403031 -0.915119 -0.011080
6
-0.121374 -0.566661 -0.814962
-0.148813 -0.505138 -0.850112
-0.249707 -0.475279 -0.843656
-0.312455 -0.541875 -0.780220
-0.255291 -0.626761 -0.736204
-0.182744 -0.633971 -0.751456
6
-0.146766 0.986785 0.068668
-0.211070 0.976354 0.046722
-0.241844 0.968336 -0.061951
-0.194534 0.973285 -0.121955
-0.090020 0.990169 -0.107060
-0.059120 0.998246 0.002984
6
-0.994983 0.069017 -0.072427
-0.996737 0.074934 0.030017
-0.996499 -0.022385 0.080548
-0.994479 -0.100552 0.030016
-0.993115 -0.099309 -0.062128
-0.993398 -0.001171 -0.114711
6
0.191850 0.883034 0.428304
0.215322 0.834977 0.506410
0.133042 0.808687 0.572996
0.038030 0.839400 0.542183
0.023194 0.879195 0.475896
0.105008 0.908606 0.404237
6
-0.090647 -0.867914 -0.488373
0.002529 -0.849071 -0.528272
0.008779 -0.797217 -0.603629
-0.108752 -0.746160 -0.656824
-0.154792 -0.765682 -0.624316
-0.158334 -0.838604 -0.521224
6
-0.775951 -0.009097 -0.630727
-0.721029 -0.039080 -0.691802
-0.667957 0.018261 -0.743975
-0.676954 0.130296 -0.724400
-0.750141 0.149348 -0.644192
-0.789841 0.087635 -0.607018
6
0.341179 0.939098 0.041123
0.323369 0.944243 -0.061948
0.398411 0.909108 -0.121616
0.477245 0.874719 -0.084283
0.484461 0.874312 0.029584
0.415507 0.906647 0.073103
6
-0.059120 0.998246 0.002984
0.009914 0.999662 0.024045
0.041474 0.990070 0.134320
-0.044400 0.978677 0.200551
-0.115389 0.977483 0.176672
-0.146766 0.986785 0.068668
6
0.853504 0.355489 0.380997
0.863971 0.386642 0.322586
0.910654 0.344699 0.227797
0.940485 0.233319 0.247082
0.932880 0.199523 0.299877
0.885450 0.240449 0.397698
6
0.483143 0.214904 -0.848757
0.420809 0.142759 -0.895846
0.461131 0.039806 -0.886439
0.540492 0.026723 -0.840925
0.586555 0.097016 -0.804078
0.560458 0.188998 -0.806329
6
0.698794 -0.712788 -0.060169
0.652271 -0.754653 -0.071007
0.586642 -0.809757 0.012044
0.591634 -0.802807 0.073961
0.659254 -0.741601 0.124141
0.733949 -0.677594 0.046749
6
0.869106 0.439395 -0.227125
0.876966 0.453324 -0.159461
0.830731 0.546150 -0.107735
0.784866 0.601042 -0.150778
0.767426 0.592019 -0.246110
0.811584 0.501742 -0.299310
6
-0.545185 0.053768 0.836590
-0.445021 0.050235 0.894110
-0.412309 -0.019539 0.910835
-0.450908 -0.116012 0.884999
-0.552228 -0.104505 0.827117
-0.581680 -0.050915 0.811822
6
-0.206049 0.706468 -0.677088
-0.227312 0.634687 -0.738581
-0.129098 0.581096 -0.803530
-0.067872 0.614198 -0.786228
-0.051849 0.705788 -0.706523
-0.106494 0.735033 -0.669616
6
-0.124847 -0.969833 -0.209372
-0.203174 -0.940969 -0.270737
-0.299906 -0.928843 -0.217502
-0.308444 -0.940534 -0.142333
-0.224136 -0.971617 -0.075655
-0.133076 -0.983017 -0.126366
6
0.738413 0.674255 0.011234
0.783336 0.619856 0.046510
0.779412 0.605062 0.162535
0.728004 0.652819 0.209371
0.672131 0.720109 0.172288
0.676920 0.733881 0.056549
6
0.440119 -0.897891 -0.009296
0.428859 -0.898856 0.090204
0.512591 -0.845428 0.150007
0.591634 -0.802807 0.073961
0.586642 -0.809757 0.012044
0.502162 -0.863577 -0.045469
6
0.326839 0.420226 -0.846515
0.385768 0.488060 -0.782931
0.330275 0.571852 -0.750935
0.248452 0.584815 -0.772181
0.199560 0.516840 -0.832498
0.237392 0.440806 -0.865641
6
-0.993115 -0.099309 -0.062128
-0.976596 -0.179710 -0.118173
-0.963774 -0.175640 -0.200726
-0.963950 -0.077983 -0.254400
-0.976230 -0.007950 -0.216592
-0.993398 -0.001171 -0.114711
6
0.350711 0.157379 -0.923165
0.280082 0.080444 -0.956600
0.326781 -0.024134 -0.944792
0.401777 -0.034386 -0.915092
0.461131 0.039806 -0.886439
0.420809 0.142759 -0.895846
6
0.393886 -0.579884 0.713154
0.323541 -0.572479 0.753385
0.305087 -0.491533 0.815670
0.376509 -0.424344 0.823513
0.486295 -0.447815 0.750319
0.485116 -0.490452 0.723961
6
-0.609678 -0.278343 -0.742171
-0.665028 -0.333619 -0.668159
-0.639253 -0.417313 -0.645915
-0.563062 -0.461838 -0.685322
-0.506615 -0.405826 -0.760688
-0.543764 -0.309438 -0.780108
6
0.954472 -0.118289 -0.273844
0.965422 -0.026677 -0.259323
0.943735 0.040384 -0.328228
0.909946 0.015818 -0.414424
0.896053 -0.079953 -0.436689
0.920995 -0.150479 -0.359339
6
-0.456309 -0.278154 0.845229
-0.510279 -0.286737 0.810800
-0.581041 -0.211739 0.785849
-0.552228 -0.104505 0.827117
-0.450908 -0.116012 0.884999
-0.419888 -0.171519 0.891221
6
-0.742210 -0.652888 0.151204
-0.676032 -0.710277 0.196181
-0.619340 -0.769190 0.157369
-0.634213 -0.772047 0.041449
-0.692743 -0.721183 0.001521
-0.751529 -0.657515 0.053658
6
-0.401618 -0.878811 0.257670
-0.315306 -0.892558 0.322369
-0.244399 -0.923238 0.296480
-0.229815 -0.952700 0.198866
-0.321089 -0.937855 0.131642
-0.405411 -0.894735 0.187327
6
0.304556 -0.926085 -0.222740
0.210017 -0.958841 -0.191094
0.200944 -0.975995 -0.083994
0.283682 -0.958482 -0.028921
0.356893 -0.931932 -0.064261
0.364265 -0.914701 -0.175025
6
-0.869698 -0.171960 0.462661
-0.913489 -0.175760 0.366942
-0.938797 -0.106919 0.327458
-0.928564 -0.005650 0.371130
-0.885603 -0.005506 0.464410
-0.858208 -0.091731 0.505039
6
0.909946 0.015818 -0.414424
0.877716 0.082347 -0.472052
0.825482 0.061231 -0.561097
0.811649 -0.033537 -0.583182
0.856480 -0.106297 -0.505116
0.896053 -0.079953 -0.436689
6
-0.480385 -0.249149 -0.840925
-0.399276 -0.282323 -0.872280
-0.334015 -0.218821 -0.916816
-0.355581 -0.123069 -0.926507
-0.443549 -0.091153 -0.891603
-0.505397 -0.149357 -0.849862
6
0.624832 -0.244000 -0.741653
0.663348 -0.175765 -0.727376
0.635667 -0.084053 -0.767374
0.571495 -0.070627 -0.817560
0.510263 -0.146538 -0.847442
0.538791 -0.248608 -0.804922
6
-0.124187 -0.019655 -0.992064
-0.193213 -0.096049 -0.976444
-0.170773 -0.178086 -0.969083
-0.068213 -0.209021 -0.975529
0.000430 -0.130561 -0.991440
-0.024225 -0.049611 -0.998475
6
-0.255094 0.389814 -0.884857
-0.254647 0.475332 -0.842149
-0.323850 0.514265 -0.794136
-0.414134 0.459457 -0.785743
-0.419778 0.368183 -0.829595
-0.354874 0.336799 -0.872142
6
0.364265 -0.914701 -0.175025
0.356893 -0.931932 -0.064261
0.440119 -0.897891 -0.009296
0.502162 -0.863577 -0.045469
0.509635 -0.846897 -0.151780
0.457781 -0.865670 -0.202614
6
0.821923 -0.520005 0.232458
0.865976 -0.469039 0.173456
0.868112 -0.489379 0.083005
0.802921 -0.594390 0.044941
0.779602 -0.622791 0.065972
0.769957 -0.605974 0.199904
6
-0.238683 -0.695189 0.678043
-0.228878 -0.759658 0.608715
-0.288382 -0.779906 0.555502
-0.396021 -0.725649 0.562673
-0.410897 -0.681316 0.605783
-0.339446 -0.641854 0.687604
6
-0.074783 0.896505 0.436675
-0.089366 0.926159 0.366392
-0.016003 0.953957 0.299517
0.082176 0.942970 0.322575
0.105008 0.908606 0.404237
0.023194 0.879195 0.475896
6
-0.932262 -0.354844 0.070527
-0.961280 -0.274660 0.022431
-0.978600 -0.190117 0.078729
-0.965483 -0.191844 0.176177
-0.937909 -0.269637 0.218227
-0.919403 -0.357180 0.164684
6
-0.421199 0.843935 -0.332211
-0.450869 0.794100 -0.407580
-0.399497 0.780189 -0.481359
-0.298066 0.822624 -0.484197
-0.272007 0.877331 -0.395351
-0.323182 0.885394 -0.334112
6
0.583864 0.498466 -0.640808
0.620819 0.415818 -0.664590
0.696807 0.372519 -0.612936
0.731582 0.417753 -0.538767
0.698746 0.504368 -0.507314
0.623140 0.547185 -0.558825
6
0.844029 -0.399334 0.357978
0.805553 -0.492571 0.329330
0.753263 -0.536582 0.380360
0.721513 -0.505629 0.473031
0.761610 -0.407154 0.504158
0.821781 -0.363676 0.438653
6
-0.030135 0.044646 0.998548
0.054186 0.016035 0.998402
0.076905 -0.076634 0.994089
0.004830 -0.144454 0.989500
-0.111361 -0.101876 0.988544
-0.115343 -0.031158 0.992837
5
-0.292993 0.925988 -0.238120
-0.398627 0.906242 -0.140791
-0.467259 0.846637 -0.254706
-0.421199 0.843935 -0.332211
-0.323182 0.885394 -0.334112
6
0.821025 -0.106265 0.560915
0.761214 -0.067385 0.644990
0.759858 0.041262 0.648778
0.796253 0.087095 0.598661
0.856546 0.048899 0.513749
0.856959 -0.064004 0.511395
6
-0.399682 0.141543 0.905660
-0.335880 0.151983 0.929562
-0.244664 0.047112 0.968463
-0.299243 -0.026177 0.953818
-0.412309 -0.019539 0.910835
-0.445021 0.050235 0.894110
6
-0.527482 0.216615 0.821487
-0.573070 0.290694 0.766216
-0.514206 0.389012 0.764370
-0.441431 0.395084 0.805635
-0.401547 0.321980 0.857373
-0.459206 0.225882 0.859132
6
-0.087957 0.807927 -0.582681
0.020531 0.823264 -0.567288
0.047656 0.872506 -0.486274
-0.012884 0.903819 -0.427720
-0.116895 0.889122 -0.442489
-0.139609 0.831751 -0.537307
6
-0.044432 -0.286194 -0.957141
0.061334 -0.312459 -0.947949
0.125644 -0.245506 -0.961218
0.101420 -0.156838 -0.982403
0.000430 -0.130561 -0.991440
-0.068213 -0.209021 -0.975529
6
0.244220 -0.033164 0.969153
0.327613 -0.059777 0.942919
0.351393 -0.153743 0.923518
0.270460 -0.226310 0.935754
0.189590 -0.198489 0.961591
0.168324 -0.106044 0.980011
6
-0.234172 0.048933 0.970963
-0.244664 0.047112 0.968463
-0.335880 0.151983 0.929562
-0.277621 0.247197 0.928343
-0.184684 0.241802 0.952588
-0.147967 0.159357 0.976069
6
0.322482 0.704589 -0.632107
0.366034 0.753389 -0.546283
0.303605 0.815004 -0.493552
0.211871 0.826103 -0.522173
0.179284 0.780071 -0.599455
0.242339 0.717714 -0.652808
6
-0.643440 -0.488127 0.589675
-0.598792 -0.485609 0.636893
-0.515662 -0.557092 0.650955
-0.503191 -0.617854 0.604198
-0.570998 -0.641419 0.512389
-0.649008 -0.574142 0.499149
6
0.940075 -0.315361 0.129636
0.935082 -0.353246 0.028962
0.900347 -0.434908 0.015165
0.868112 -0.489379 0.083005
0.865976 -0.469039 0.173456
0.903641 -0.377317 0.202646
6
-0.299243 -0.026177 0.953818
-0.270380 -0.135223 0.953210
-0.314478 -0.187658 0.930531
-0.419888 -0.171519 0.891221
-0.450908 -0.116012 0.884999
-0.412309 -0.019539 0.910835
6
0.444417 0.851966 -0.276852
0.525539 0.816553 -0.238851
0.541791 0.830062 -0.132138
0.477245 0.874719 -0.084283
0.398411 0.909108 -0.121616
0.379545 0.898350 -0.221164
6
0.042309 -0.421800 0.905701
-0.035681 -0.396832 0.917198
-0.058686 -0.295110 0.953659
0.019827 -0.236170 0.971509
0.106186 -0.267257 0.957757
0.126105 -0.361617 0.923759
6
0.701077 0.524438 0.483173
0.747055 0.498701 0.439552
0.798541 0.388826 0.459507
0.777233 0.347550 0.524517
0.707911 0.381228 0.594582
0.666003 0.478835 0.571977
6
0.019827 -0.236170 0.971509
0.004830 -0.144454 0.989500
0.076905 -0.076634 0.994089
0.168324 -0.106044 0.980011
0.189590 -0.198489 0.961591
0.106186 -0.267257 0.957757
6
0.856546 0.048899 0.513749
0.882989 0.090325 0.460621
0.930238 0.048836 0.363693
0.929481 -0.059862 0.363981
0.902592 -0.102979 0.417998
0.856959 -0.064004 0.511395
6
0.096623 0.647052 0.756299
0.072514 0.717045 0.693245
0.143937 0.758220 0.635913
0.270122 0.702211 0.658737
0.270778 0.671454 0.689803
0.180307 0.619572 0.763950
6
0.534389 0.138584 0.833800
0.552990 0.054956 0.831373
0.487823 -0.019799 0.872718
0.401938 0.016735 0.915514
0.381809 0.100039 0.918811
0.446653 0.173284 0.877767
6
-0.044400 0.978677 0.200551
-0.016003 0.953957 0.299517
-0.089366 0.926159 0.366392
-0.190026 0.927441 0.322091
-0.201644 0.949242 0.241412
-0.115389 0.977483 0.176672
6
0.210651 0.538286 0.816011
0.160263 0.490202 0.856749
0.052116 0.508457 0.859509
0.023794 0.596726 0.802093
0.096623 0.647052 0.756299
0.180307 0.619572 0.763950
6
-0.699452 0.642444 0.313100
-0.652034 0.703355 0.283095
-0.568833 0.746736 0.344695
-0.561484 0.699976 0.441326
-0.612805 0.638174 0.466052
-0.689308 0.601232 0.404197
6
0.410617 -0.680009 -0.607438
0.330368 -0.738119 -0.588249
0.336368 -0.798187 -0.499754
0.399993 -0.798006 -0.450769
0.486884 -0.736074 -0.470253
0.489257 -0.681237 -0.544559
6
0.276312 0.896836 0.345452
0.367799 0.847730 0.382201
0.368145 0.809324 0.457671
0.289102 0.804154 0.519381
0.215322 0.834977 0.506410
0.191850 0.883034 0.428304
6
0.733925 -0.370289 0.569420
0.761471 -0.259406 0.594029
0.807059 -0.219349 0.548217
0.850431 -0.255691 0.459770
0.821781 -0.363676 0.438653
0.761610 -0.407154 0.504158
6
-0.323850 0.514265 -0.794136
-0.254647 0.475332 -0.842149
-0.140968 0.534706 -0.833197
-0.129098 0.581096 -0.803530
-0.227312 0.634687 -0.738581
-0.313056 0.590780 -0.743623
6
0.571144 0.354186 -0.740504
0.620819 0.415818 -0.664590
0.583864 0.498466 -0.640808
0.507879 0.530146 -0.678973
0.455510 0.469475 -0.756376
0.505538 0.376782 -0.776187
6
-0.115389 0.977483 0.176672
-0.201644 0.949242 0.241412
-0.292987 0.937033 0.190072
-0.297851 0.948196 0.110497
-0.211070 0.976354 0.046722
-0.146766 0.986785 0.068668
6
-0.776414 0.230506 0.586556
-0.762129 0.177369 0.622655
-0.797219 0.071307 0.599464
-0.860542 0.074100 0.503962
-0.872600 0.167214 0.458921
-0.840199 0.230070 0.491054
6
0.977938 -0.206783 -0.029648
0.983132 -0.166707 0.075228
0.992644 -0.083393 0.087768
0.999756 -0.015523 0.015698
0.994362 -0.057411 -0.089149
0.984621 -0.142606 -0.100924
6
0.211871 0.826103 -0.522173
0.147766 0.873903 -0.463097
0.047656 0.872506 -0.486274
0.020531 0.823264 -0.567288
0.080501 0.778817 -0.622064
0.179284 0.780071 -0.599455
6
-0.751436 0.641637 -0.153774
-0.698366 0.693174 -0.178312
-0.641869 0.758623 -0.111782
-0.665548 0.746302 -0.008938
-0.716596 0.697218 0.019430
-0.776875 0.627860 -0.047504
6
0.960021 -0.102478 0.260495
0.929481 -0.059862 0.363981
0.930238 0.048836 0.363693
0.946795 0.088757 0.309355
0.978200 0.043741 0.203005
0.980202 -0.040260 0.193862
6
0.359660 -0.704422 0.611911
0.261801 -0.709831 0.653912
0.243814 -0.633849 0.734023
0.323541 -0.572479 0.753385
0.393886 -0.579884 0.713154
0.414973 -0.647656 0.639014
6
0.165795 -0.622270 0.765044
0.144751 -0.536214 0.831578
0.223626 -0.476287 0.850378
0.305087 -0.491533 0.815670
0.323541 -0.572479 0.753385
0.243814 -0.633849 0.734023
6
0.368074 0.331797 -0.868580
0.446428 0.308586 -0.839927
0.505538 0.376782 -0.776187
0.455510 0.469475 -0.756376
0.385768 0.488060 -0.782931
0.326839 0.420226 -0.846515
6
0.958823 0.167580 -0.229292
0.943451 0.144302 -0.298459
0.943735 0.040384 -0.328228
0.965422 -0.026677 -0.259323
0.986843 0.010078 -0.161367
0.984643 0.096028 -0.145795
6
-0.976596 -0.179710 -0.118173
-0.993115 -0.099309 -0.062128
-0.994479 -0.100552 0.030016
-0.978600 -0.190117 0.078729
-0.961280 -0.274660 0.022431
-0.960625 -0.270088 -0.065206
6
-0.484918 -0.865615 0.124762
-0.487835 -0.871645 0.047452
-0.560891 -0.827810 -0.011472
-0.634213 -0.772047 0.041449
-0.619340 -0.769190 0.157369
-0.568858 -0.801303 0.185244
6
-0.029808 0.985012 -0.169889
0.061783 0.986522 -0.151517
0.097128 0.994340 -0.043061
0.009914 0.999662 0.024045
-0.059120 0.998246 0.002984
-0.090020 0.990169 -0.107060
6
0.917237 0.398127 -0.013089
0.871408 0.489340 0.034568
0.839283 0.543694 -0.001016
0.830731 0.546150 -0.107735
0.876966 0.453324 -0.159461
0.919393 0.384647 -0.082235
6
0.114459 0.981154 0.155678
0.041474 0.990070 0.134320
0.009914 0.999662 0.024045
0.097128 0.994340 -0.043061
0.160935 0.986659 -0.024558
0.198357 0.976078 0.089034
6
0.038304 -0.993957 -0.102870
0.046642 -0.977500 -0.205712
-0.026168 -0.966343 -0.255921
-0.124847 -0.969833 -0.209372
-0.133076 -0.983017 -0.126366
-0.047369 -0.996868 -0.063335
6
-0.530086 -0.794155 0.297199
-0.605859 -0.712551 0.353845
-0.549106 -0.695566 0.463325
-0.456119 -0.756523 0.468644
-0.435713 -0.793573 0.424731
-0.486236 -0.814342 0.316894
6
0.868111 0.202942 0.452988
0.882989 0.090325 0.460621
0.856546 0.048899 0.513749
0.796253 0.087095 0.598661
0.780213 0.196716 0.593777
0.807492 0.240367 0.538685
6
-0.615616 0.444280 0.650870
-0.672268 0.348846 0.652964
-0.729969 0.333578 0.596548
-0.754153 0.394755 0.524806
-0.716995 0.475452 0.509768
-0.644077 0.508592 0.571401
6
0.839283 0.543694 -0.001016
0.871408 0.489340 0.034568
0.867719 0.474853 0.146894
0.831172 0.520676 0.195064
0.779412 0.605062 0.162535
0.783336 0.619856 0.046510
6
-0.140861 -0.987543 0.070117
-0.231299 -0.972878 0.002919
-0.317949 -0.946437 0.056261
-0.321089 -0.937855 0.131642
-0.229815 -0.952700 0.198866
-0.155435 -0.973879 0.165528
5
-0.832342 -0.094433 -0.546159
-0.775951 -0.009097 -0.630727
-0.789841 0.087635 -0.607018
-0.848867 0.102726 -0.518530
-0.881272 0.009485 -0.472515
6
0.024538 -0.457673 -0.888782
-0.085523 -0.432629 -0.897507
-0.148813 -0.505138 -0.850112
-0.121374 -0.566661 -0.814962
-0.014443 -0.591445 -0.806216
0.044484 -0.542424 -0.838926
6
0.223530 -0.265534 -0.937830
0.125644 -0.245506 -0.961218
0.061334 -0.312459 -0.947949
0.082805 -0.400563 -0.912520
0.189884 -0.417669 -0.888536
0.246133 -0.360862 -0.899554
6
0.356041 -0.924990 0.132772
0.271424 -0.959589 0.074284
0.192671 -0.974770 0.112701
0.178915 -0.960347 0.213829
0.261232 -0.927393 0.267769
0.342423 -0.912456 0.223986
6
-0.976230 -0.007950 -0.216592
-0.963950 -0.077983 -0.254400
-0.928831 -0.087013 -0.360140
-0.913472 0.001029 -0.406901
-0.934760 0.091418 -0.343318
-0.959760 0.087676 -0.266785
5
-0.859527 -0.329862 -0.390391
-0.824890 -0.292345 -0.483830
-0.851556 -0.171493 -0.495422
-0.909234 -0.153886 -0.386799
-0.910071 -0.250659 -0.330061
6
0.540492 0.026723 -0.840925
0.571495 -0.070627 -0.817560
0.635667 -0.084053 -0.767374
0.698700 0.012359 -0.715308
0.691843 0.066533 -0.718976
0.586555 0.097016 -0.804078
5
-0.115343 -0.031158 0.992837
-0.234172 0.048933 0.970963
-0.147967 0.159357 0.976069
-0.057745 0.140804 0.988352
-0.030135 0.044646 0.998548
6
-0.281085 -0.478045 0.832144
-0.270733 -0.540879 0.796338
-0.350771 -0.588845 0.728163
-0.442709 -0.525013 0.726891
-0.448974 -0.459630 0.766265
-0.368448 -0.417662 0.830545
6
-0.584943 -0.393838 0.709037
-0.659173 -0.315215 0.682738
-0.644631 -0.220796 0.731915
-0.581041 -0.211739 0.785849
-0.510279 -0.286737 0.810800
-0.534695 -0.386174 0.751645
6
0.019321 0.115267 -0.993147
0.097758 0.201481 -0.974602
0.032246 0.303674 -0.952230
-0.022202 0.305384 -0.951970
-0.098480 0.217440 -0.971093
-0.074555 0.141799 -0.987084
6
0.419502 0.827905 -0.372280
0.481016 0.767482 -0.423787
0.557464 0.734321 -0.387307
0.583542 0.759789 -0.286704
0.525539 0.816553 -0.238851
0.444417 0.851966 -0.276852
6
0.944163 0.321998 0.069816
0.917237 0.398127 -0.013089
0.919393 0.384647 -0.082235
0.949279 0.288561 -0.124908
0.976387 0.212653 -0.038046
0.963947 0.259019 0.060955
6
-0.469650 0.570545 -0.673727
-0.535230 0.596395 -0.598199
-0.611688 0.536678 -0.581219
-0.626668 0.460024 -0.629019
-0.559705 0.433956 -0.705983
-0.483606 0.491097 -0.724534
6
0.379674 0.632847 -0.674798
0.458776 0.610567 -0.645548
0.501125 0.659337 -0.560489
0.445874 0.730860 -0.516759
0.366034 0.753389 -0.546283
0.322482 0.704589 -0.632107
7
-0.111361 -0.101876 0.988544
-0.160990 -0.150440 0.975423
-0.270380 -0.135223 0.953210
-0.299243 -0.026177 0.953818
-0.244664 0.047112 0.968463
-0.234172 0.048933 0.970963
-0.115343 -0.031158 0.992837
6
0.038030 0.839400 0.542183
0.133042 0.808687 0.572996
0.143937 0.758220 0.635913
0.072514 0.717045 0.693245
-0.020683 0.738463 0.673977
-0.044115 0.795953 0.603749
7
-0.570998 -0.641419 0.512389
-0.549106 -0.695566 0.463325
-0.605859 -0.712551 0.353845
-0.658383 -0.677285 0.328355
-0.687183 -0.639650 0.344422
-0.684179 -0.569057 0.456151
-0.649008 -0.574142 0.499149
6
0.280082 0.080444 -0.956600
0.214354 0.090761 -0.972530
0.138684 0.008790 -0.990298
0.169579 -0.081992 -0.982100
0.259294 -0.100997 -0.960503
0.326781 -0.024134 -0.944792
6
-0.192582 -0.422589 0.885625
-0.281085 -0.478045 0.832144
-0.368448 -0.417662 0.830545
-0.372598 -0.350245 0.859360
-0.281985 -0.296603 0.912420
-0.221685 -0.321669 0.920535
6
-0.772402 -0.568917 -0.282363
-0.733624 -0.633814 -0.245103
-0.662159 -0.689436 -0.293637
-0.637444 -0.663394 -0.391885
-0.680680 -0.592794 -0.430430
-0.749868 -0.538092 -0.384910
7
0.415189 0.886696 0.203441
0.446391 0.864748 0.230099
0.444029 0.838500 0.315841
0.367799 0.847730 0.382201
0.276312 0.896836 0.345452
0.262413 0.925616 0.272719
0.294912 0.928434 0.225914
6
-0.456119 -0.756523 0.468644
-0.396021 -0.725649 0.562673
-0.288382 -0.779906 0.555502
-0.277648 -0.837552 0.470551
-0.328174 -0.845879 0.420464
-0.435713 -0.793573 0.424731
6
-0.057745 0.140804 0.988352
0.006760 0.206201 0.978486
0.104102 0.185286 0.977155
0.131234 0.086155 0.987601
0.054186 0.016035 0.998402
-0.030135 0.044646 0.998548
6
-0.866897 0.451171 0.211980
-0.812908 0.511536 0.278408
-0.798342 0.482274 0.360641
-0.844457 0.359135 0.397384
-0.878713 0.332735 0.342272
-0.895083 0.381107 0.231481
6
0.850431 -0.255691 0.459770
0.807059 -0.219349 0.548217
0.821025 -0.106265 0.560915
0.856959 -0.064004 0.511395
0.902592 -0.102979 0.417998
0.887971 -0.213209 0.407492
6
0.602360 -0.778573 -0.176030
0.652271 -0.754653 -0.071007
0.698794 -0.712788 -0.060169
0.751764 -0.643081 -0.145940
0.684706 -0.684654 -0.249855
0.616724 -0.752186 -0.232096
6
0.243814 -0.633849 0.734023
0.261801 -0.709831 0.653912
0.200641 -0.755846 0.623250
0.105287 -0.748429 0.654804
0.085772 -0.673351 0.734330
0.165795 -0.622270 0.765044
6
0.306216 -0.893395 -0.328750
0.244495 -0.894422 -0.374476
0.146441 -0.928404 -0.341497
0.140881 -0.959948 -0.242185
0.210017 -0.958841 -0.191094
0.304556 -0.926085 -0.222740
6
-0.498640 0.313774 -0.808025
-0.419778 0.368183 -0.829595
-0.414134 0.459457 -0.785743
-0.483606 0.491097 -0.724534
-0.559705 0.433956 -0.705983
-0.568362 0.342078 -0.748296
6
0.731582 0.417753 -0.538767
0.696807 0.372519 -0.612936
0.719920 0.287165 -0.631863
0.791376 0.231610 -0.565756
0.819494 0.253236 -0.514103
0.805041 0.362015 -0.469952
6
-0.090647 -0.867914 -0.488373
-0.091896 -0.914099 -0.394941
-0.022889 -0.935912 -0.351489
0.075646 -0.917138 -0.391325
0.079571 -0.873404 -0.480452
0.002529 -0.849071 -0.528272
6
-0.842675 0.419696 -0.337275
-0.854934 0.347547 -0.385097
-0.809871 0.335035 -0.481519
-0.751229 0.415629 -0.512745
-0.739292 0.484197 -0.467975
-0.785399 0.496067 -0.370224
6
-0.483606 0.491097 -0.724534
-0.414134 0.459457 -0.785743
-0.323850 0.514265 -0.794136
-0.313056 0.590780 -0.743623
-0.384564 0.622430 -0.681683
-0.469650 0.570545 -0.673727
6
-0.733624 -0.633814 -0.245103
-0.743775 -0.652905 -0.143223
-0.693696 -0.713080 -0.101505
-0.622451 -0.767614 -0.152721
-0.608622 -0.754595 -0.245287
-0.662159 -0.689436 -0.293637
6
-0.976596 -0.179710 -0.118173
-0.960625 -0.270088 -0.065206
-0.926168 -0.355125 -0.126883
-0.915222 -0.348187 -0.202817
-0.930433 -0.257523 -0.260721
-0.963774 -0.175640 -0.200726
6
0.730164 0.675812 -0.100686
0.738413 0.674255 0.011234
0.676920 0.733881 0.056549
0.619056 0.785095 0.019867
0.611798 0.785483 -0.093383
0.671626 0.727403 -0.140722
6
-0.805049 -0.593164 0.007231
-0.751529 -0.657515 0.053658
-0.692743 -0.721183 0.001521
-0.693696 -0.713080 -0.101505
-0.743775 -0.652905 -0.143223
-0.805782 -0.585567 -0.088469
6
-0.966944 0.247879 -0.059788
-0.970005 0.242331 0.019160
-0.987140 0.143022 0.071402
-0.996737 0.074934 0.030017
-0.994983 0.069017 -0.072427
-0.977984 0.167661 -0.124248
6
0.534389 0.138584 0.833800
0.446653 0.173284 0.877767
0.420307 0.259223 0.869566
0.474958 0.326322 0.817269
0.559201 0.296901 0.774043
0.588305 0.207377 0.781596
6
0.144751 -0.536214 0.831578
0.165795 -0.622270 0.765044
0.085772 -0.673351 0.734330
0.005562 -0.654511 0.756032
-0.016411 -0.569303 0.821964
0.065005 -0.517140 0.853429
6
0.147923 -0.855812 0.495687
0.162928 -0.901514 0.400909
0.082644 -0.932548 0.351461
0.001570 -0.923786 0.382906
-0.014388 -0.876432 0.481311
0.052831 -0.847894 0.527527
6
-0.643440 -0.488127 0.589675
-0.718472 -0.407034 0.564022
-0.716641 -0.326243 0.616434
-0.659173 -0.315215 0.682738
-0.584943 -0.393838 0.709037
-0.598792 -0.485609 0.636893
6
0.081172 -0.692091 -0.717232
0.164740 -0.644229 -0.746880
0.149844 -0.559091 -0.815453
0.044484 -0.542424 -0.838926
-0.014443 -0.591445 -0.806216
0.004603 -0.667620 -0.744488
6
-0.622451 -0.767614 -0.152721
-0.556964 -0.824901 -0.096588
-0.475610 -0.866675 -0.150564
-0.464345 -0.855262 -0.230023
-0.533048 -0.795160 -0.289102
-0.608622 -0.754595 -0.245287
7
-0.108752 -0.746160 -0.656824
-0.102647 -0.717559 -0.688893
-0.182744 -0.633971 -0.751456
-0.255291 -0.626761 -0.736204
-0.305832 -0.679984 -0.666399
-0.277014 -0.731218 -0.623365
-0.154792 -0.765682 -0.624316
6
-0.835843 -0.499496 -0.227751
-0.845431 -0.517706 -0.131250
-0.805782 -0.585567 -0.088469
-0.743775 -0.652905 -0.143223
-0.733624 -0.633814 -0.245103
-0.772402 -0.568917 -0.282363
6
-0.729969 0.333578 0.596548
-0.672268 0.348846 0.652964
-0.636813 0.280326 0.718253
-0.685094 0.175511 0.706996
-0.762129 0.177369 0.622655
-0.776414 0.230506 0.586556
6
-0.515078 0.830278 0.212917
-0.518348 0.794158 0.317221
-0.568833 0.746736 0.344695
-0.652034 0.703355 0.283095
-0.653596 0.733260 0.187464
-0.598015 0.787000 0.151690
6
-0.022889 -0.935912 -0.351489
-0.026168 -0.966343 -0.255921
0.046642 -0.977500 -0.205712
0.140881 -0.959948 -0.242185
0.146441 -0.928404 -0.341497
0.075646 -0.917138 -0.391325
6
0.126105 -0.361617 0.923759
0.106186 -0.267257 0.957757
0.189590 -0.198489 0.961591
0.270460 -0.226310 0.935754
0.287634 -0.316851 0.903810
0.203153 -0.384951 0.900301
7
-0.129098 0.581096 -0.803530
-0.140968 0.534706 -0.833197
-0.070678 0.455223 -0.887568
0.040831 0.481753 -0.875355
0.071239 0.534420 -0.842211
0.051655 0.578934 -0.813737
-0.067872 0.614198 -0.786228
5
-0.211070 0.976354 0.046722
-0.297851 0.948196 0.110497
-0.385989 0.921111 0.050667
-0.355879 0.931978 -0.069047
-0.241844 0.968336 -0.061951
6
0.894877 -0.245440 -0.372765
0.844752 -0.268726 -0.462795
0.804597 -0.364714 -0.468623
0.810627 -0.420319 -0.407696
0.861832 -0.397524 -0.314993
0.901184 -0.306571 -0.306402
6
0.916764 -0.249191 0.312166
0.949771 -0.191367 0.247616
0.961881 -0.231423 0.145702
0.940075 -0.315361 0.129636
0.903641 -0.377317 0.202646
0.892409 -0.346085 0.289535
6
0.444930 -0.272951 0.852956
0.367991 -0.342599 0.864412
0.287634 -0.316851 0.903810
0.270460 -0.226310 0.935754
0.351393 -0.153743 0.923518
0.423967 -0.176686 0.888276
6
-0.978600 -0.190117 0.078729
-0.994479 -0.100552 0.030016
-0.996499 -0.022385 0.080548
-0.983265 -0.021746 0.180876
-0.968383 -0.107119 0.225299
-0.965483 -0.191844 0.176177
6
0.903641 -0.377317 0.202646
0.865976 -0.469039 0.173456
0.821923 -0.520005 0.232458
0.805553 -0.492571 0.329330
0.844029 -0.399334 0.357978
0.892409 -0.346085 0.289535
6
-0.762411 -0.156380 0.627912
-0.697410 -0.149282 0.700953
-0.644631 -0.220796 0.731915
-0.659173 -0.315215 0.682738
-0.716641 -0.326243 0.616434
-0.772522 -0.248484 0.584350
6
0.200641 -0.755846 0.623250
0.215256 -0.815874 0.536670
0.147923 -0.855812 0.495687
0.052831 -0.847894 0.527527
0.037188 -0.787905 0.614673
0.105287 -0.748429 0.654804
6
-0.644077 0.508592 0.571401
-0.716995 0.475452 0.509768
-0.735813 0.524630 0.428185
-0.689308 0.601232 0.404197
-0.612805 0.638174 0.466052
-0.595253 0.582607 0.553392
5
-0.684179 -0.569057 0.456151
-0.687183 -0.639650 0.344422
-0.772334 -0.568249 0.283889
-0.803615 -0.489097 0.339096
-0.762463 -0.480815 0.432975
6
0.616232 -0.503667 0.605457
0.653480 -0.409050 0.636900
0.733925 -0.370289 0.569420
0.761610 -0.407154 0.504158
0.721513 -0.505629 0.473031
0.665782 -0.541730 0.513092
6
-0.934015 0.340101 -0.109302
-0.966944 0.247879 -0.059788
-0.977984 0.167661 -0.124248
-0.963831 0.170842 -0.204553
-0.930525 0.264892 -0.252894
-0.918670 0.341724 -0.198168
6
-0.457623 -0.692760 -0.557373
-0.393908 -0.764145 -0.510802
-0.326498 -0.779943 -0.533936
-0.277014 -0.731218 -0.623365
-0.305832 -0.679984 -0.666399
-0.409279 -0.643237 -0.647099
6
-0.498562 0.205620 -0.842114
-0.409963 0.181004 -0.893962
-0.352151 0.228641 -0.907586
-0.354874 0.336799 -0.872142
-0.419778 0.368183 -0.829595
-0.498640 0.313774 -0.808025
6
-0.686562 -0.466068 -0.558044
-0.639253 -0.417313 -0.645915
-0.665028 -0.333619 -0.668159
-0.735085 -0.282675 -0.616234
-0.778288 -0.329891 -0.534266
-0.743306 -0.427203 -0.514776
6
0.261232 -0.927393 0.267769
0.178915 -0.960347 0.213829
0.098184 -0.963100 0.250595
0.082644 -0.932548 0.351461
0.162928 -0.901514 0.400909
0.247372 -0.898889 0.361671
6
-0.300329 0.752041 0.586717
-0.367988 0.688236 0.625233
-0.455432 0.675684 0.579684
-0.473959 0.726796 0.497123
-0.412823 0.785910 0.460351
-0.320294 0.799514 0.508123
6
-0.761023 0.566256 -0.316540
-0.696423 0.630507 -0.342719
-0.660701 0.695617 -0.282119
-0.698366 0.693174 -0.178312
-0.751436 0.641637 -0.153774
-0.794250 0.567659 -0.216634
6
-0.789841 0.087635 -0.607018
-0.750141 0.149348 -0.644192
-0.752596 0.245424 -0.611037
-0.811888 0.263463 -0.520985
-0.858411 0.175429 -0.482032
-0.848867 0.102726 -0.518530
6
0.549796 0.593876 0.587397
0.462779 0.626168 0.627495
0.421505 0.690726 0.587563
0.459406 0.740574 0.490404
0.503252 0.729623 0.463020
0.586697 0.642081 0.493476
6
-0.772334 -0.568249 0.283889
-0.687183 -0.639650 0.344422
-0.658383 -0.677285 0.328355
-0.676032 -0.710277 0.196181
-0.742210 -0.652888 0.151204
-0.788035 -0.581011 0.203536
6
-0.716596 0.697218 0.019430
-0.665548 0.746302 -0.008938
-0.593306 0.802899 0.057800
-0.598015 0.787000 0.151690
-0.653596 0.733260 0.187464
-0.727695 0.675188 0.120755
6
0.779412 0.605062 0.162535
0.831172 0.520676 0.195064
0.816095 0.496715 0.295405
0.772555 0.532774 0.345414
0.711744 0.628511 0.313678
0.728004 0.652819 0.209371
6
-0.405411 -0.894735 0.187327
-0.321089 -0.937855 0.131642
-0.317949 -0.946437 0.056261
-0.403031 -0.915119 -0.011080
-0.487835 -0.871645 0.047452
-0.484918 -0.865615 0.124762
6
-0.811888 0.263463 -0.520985
-0.752596 0.245424 -0.611037
-0.699558 0.310054 -0.643805
-0.692106 0.395705 -0.603661
-0.751229 0.415629 -0.512745
-0.809871 0.335035 -0.481519
6
0.149844 -0.559091 -0.815453
0.164740 -0.644229 -0.746880
0.245041 -0.658786 -0.711306
0.321118 -0.602978 -0.730274
0.308319 -0.518934 -0.797274
0.207504 -0.509562 -0.835038
6
0.048787 0.032368 -0.998285
0.019321 0.115267 -0.993147
-0.074555 0.141799 -0.987084
-0.145839 0.061513 -0.987394
-0.124187 -0.019655 -0.992064
-0.024225 -0.049611 -0.998475
6
-0.213357 -0.330583 -0.919344
-0.110418 -0.361657 -0.925749
-0.044432 -0.286194 -0.957141
-0.068213 -0.209021 -0.975529
-0.170773 -0.178086 -0.969083
-0.238265 -0.252255 -0.937868
6
-0.788035 -0.581011 0.203536
-0.742210 -0.652888 0.151204
-0.751529 -0.657515 0.053658
-0.805049 -0.593164 0.007231
-0.854314 -0.515599 0.065618
-0.845609 -0.512699 0.148611
6
-0.134202 0.808310 0.573259
-0.044115 0.795953 0.603749
-0.020683 0.738463 0.673977
-0.094691 0.684811 0.722542
-0.184628 0.694107 0.695793
-0.210166 0.752659 0.623967
5
0.635667 -0.084053 -0.767374
0.663348 -0.175765 -0.727376
0.741064 -0.166291 -0.650517
0.770262 -0.059801 -0.634918
0.698700 0.012359 -0.715308
6
-0.456119 -0.756523 0.468644
-0.549106 -0.695566 0.463325
-0.570998 -0.641419 0.512389
-0.503191 -0.617854 0.604198
-0.410897 -0.681316 0.605783
-0.396021 -0.725649 0.562673
7
-0.851556 -0.171493 -0.495422
-0.830905 -0.126565 -0.541829
-0.832342 -0.094433 -0.546159
-0.881272 0.009485 -0.472515
-0.913472 0.001029 -0.406901
-0.928831 -0.087013 -0.360140
-0.909234 -0.153886 -0.386799
6
-0.776875 0.627860 -0.047504
-0.716596 0.697218 0.019430
-0.727695 0.675188 0.120755
-0.772893 0.616274 0.151141
-0.832110 0.548263 0.083673
-0.819770 0.572301 -0.021203
6
-0.022889 -0.935912 -0.351489
-0.091896 -0.914099 -0.394941
-0.193931 -0.917796 -0.346470
-0.203174 -0.940969 -0.270737
-0.124847 -0.969833 -0.209372
-0.026168 -0.966343 -0.255921
6
-0.827722 -0.331238 0.452943
-0.769883 -0.417499 0.482674
-0.762463 -0.480815 0.432975
-0.803615 -0.489097 0.339096
-0.852777 -0.424672 0.304015
-0.871559 -0.337359 0.355771
6
0.694565 -0.527798 -0.488885
0.687853 -0.468905 -0.554064
0.610592 -0.479884 -0.629991
0.554444 -0.547246 -0.626988
0.558076 -0.616085 -0.555869
0.633430 -0.606286 -0.480816
6
-0.772522 -0.248484 0.584350
-0.716641 -0.326243 0.616434
-0.718472 -0.407034 0.564022
-0.769883 -0.417499 0.482674
-0.827722 -0.331238 0.452943
-0.827719 -0.257513 0.498567
6
-0.498562 0.205620 -0.842114
-0.498640 0.313774 -0.808025
-0.568362 0.342078 -0.748296
-0.631458 0.286158 -0.720676
-0.632635 0.179552 -0.753349
-0.550521 0.157551 -0.819819
6
0.943862 0.268573 -0.192337
0.899811 0.337732 -0.276185
0.886026 0.319508 -0.335965
0.900979 0.210896 -0.379157
0.943451 0.144302 -0.298459
0.958823 0.167580 -0.229292
6
0.326781 -0.024134 -0.944792
0.259294 -0.100997 -0.960503
0.289116 -0.196457 -0.936919
0.373409 -0.210422 -0.903487
0.438957 -0.136931 -0.888013
0.401777 -0.034386 -0.915092
6
0.633305 0.623271 0.458758
0.661173 0.659434 0.357766
0.711744 0.628511 0.313678
0.772555 0.532774 0.345414
0.747055 0.498701 0.439552
0.701077 0.524438 0.483173
6
0.753263 -0.536582 0.380360
0.805553 -0.492571 0.329330
0.821923 -0.520005 0.232458
0.769957 -0.605974 0.199904
0.718012 -0.651245 0.245641
0.700025 -0.627479 0.340934
6
0.962800 -0.180277 -0.201286
0.954472 -0.118289 -0.273844
0.920995 -0.150479 -0.359339
0.894877 -0.245440 -0.372765
0.901184 -0.306571 -0.306402
0.937413 -0.277950 -0.209765
6
0.717240 -0.111026 0.687924
0.704111 -0.221795 0.674562
0.655001 -0.258784 0.709932
0.583062 -0.218960 0.782365
0.580026 -0.138777 0.802690
0.643394 -0.069915 0.762336
6
0.791376 0.231610 -0.565756
0.790499 0.122103 -0.600169
0.825482 0.061231 -0.561097
0.877716 0.082347 -0.472052
0.878356 0.190326 -0.438483
0.819494 0.253236 -0.514103
6
0.747055 0.498701 0.439552
0.772555 0.532774 0.345414
0.816095 0.496715 0.295405
0.863971 0.386642 0.322586
0.853504 0.355489 0.380997
0.798541 0.388826 0.459507
6
0.764628 -0.224751 -0.604013
0.741064 -0.166291 -0.650517
0.663348 -0.175765 -0.727376
0.624832 -0.244000 -0.741653
0.644251 -0.332426 -0.688791
0.724528 -0.321020 -0.609922
6
-0.845609 -0.512699 0.148611
-0.854314 -0.515599 0.065618
-0.897541 -0.440807 0.010413
-0.932262 -0.354844 0.070527
-0.919403 -0.357180 0.164684
-0.880560 -0.426745 0.206162
6
-0.987140 0.143022 0.071402
-0.970005 0.242331 0.019160
-0.943285 0.320413 0.086884
-0.936792 0.309088 0.163966
-0.953740 0.212541 0.212615
-0.972868 0.148471 0.177440
6
-0.735813 0.524630 0.428185
-0.798342 0.482274 0.360641
-0.812908 0.511536 0.278408
-0.770775 0.587671 0.246067
-0.699452 0.642444 0.313100
-0.689308 0.601232 0.404197
6
0.510636 -0.405552 -0.758142
0.599320 -0.399996 -0.693411
0.644251 -0.332426 -0.688791
0.624832 -0.244000 -0.741653
0.538791 -0.248608 -0.804922
0.491853 -0.311608 -0.813007
6
-0.268890 -0.873650 -0.405505
-0.252689 -0.840683 -0.478958
-0.326498 -0.779943 -0.533936
-0.393908 -0.764145 -0.510802
-0.433094 -0.799576 -0.416063
-0.361621 -0.860880 -0.357934
6
0.681188 0.621339 -0.387197
0.610747 0.664033 -0.431333
0.577355 0.627117 -0.522863
0.623140 0.547185 -0.558825
0.698746 0.504368 -0.507314
0.725204 0.538560 -0.428990
6
-0.845431 -0.517706 -0.131250
-0.835843 -0.499496 -0.227751
-0.863327 -0.429805 -0.264453
-0.915222 -0.348187 -0.202817
-0.926168 -0.355125 -0.126883
-0.896554 -0.437292 -0.070480
6
-0.225774 0.558905 0.797905
-0.136500 0.551680 0.822811
-0.104510 0.469412 0.876773
-0.161559 0.403273 0.900705
-0.257981 0.407531 0.875993
-0.293625 0.483371 0.824704
6
-0.367554 0.897435 0.243956
-0.360552 0.872624 0.329438
-0.424823 0.824336 0.374159
-0.518348 0.794158 0.317221
-0.515078 0.830278 0.212917
-0.460710 0.867988 0.185319
6
-0.830905 -0.126565 -0.541829
-0.749208 -0.199098 -0.631702
-0.702642 -0.142914 -0.697044
-0.721029 -0.039080 -0.691802
-0.775951 -0.009097 -0.630727
-0.832342 -0.094433 -0.546159
6
0.491231 0.476357 0.729230
0.422153 0.574407 0.701316
0.462779 0.626168 0.627495
0.549796 0.593876 0.587397
0.595904 0.511278 0.619268
0.554198 0.459492 0.694069
6
-0.632635 0.179552 -0.753349
-0.676954 0.130296 -0.724400
-0.667957 0.018261 -0.743975
-0.598792 -0.010311 -0.800838
-0.541653 0.044183 -0.839440
-0.550521 0.157551 -0.819819
6
0.868111 0.202942 0.452988
0.885450 0.240449 0.397698
0.932880 0.199523 0.299877
0.946795 0.088757 0.309355
0.930238 0.048836 0.363693
0.882989 0.090325 0.460621
6
0.374862 -0.760618 0.530036
0.312867 -0.811970 0.492766
0.215256 -0.815874 0.536670
0.200641 -0.755846 0.623250
0.261801 -0.709831 0.653912
0.359660 -0.704422 0.611911
6
-0.609678 -0.278343 -0.742171
-0.638021 -0.175825 -0.749677
-0.702642 -0.142914 -0.697044
-0.749208 -0.199098 -0.631702
-0.735085 -0.282675 -0.616234
-0.665028 -0.333619 -0.668159
5
-0.154792 -0.765682 -0.624316
-0.277014 -0.731218 -0.623365
-0.326498 -0.779943 -0.533936
-0.252689 -0.840683 -0.478958
-0.158334 -0.838604 -0.521224
6
-0.244711 0.803399 -0.542832
-0.298066 0.822624 -0.484197
-0.399497 0.780189 -0.481359
-0.423140 0.718278 -0.552294
-0.366308 0.695596 -0.618033
-0.267757 0.737282 -0.620260
6
0.081172 -0.692091 -0.717232
0.090819 -0.761596 -0.641657
0.170117 -0.778676 -0.603923
0.255886 -0.730878 -0.632724
0.245041 -0.658786 -0.711306
0.164740 -0.644229 -0.746880
6
-0.579076 -0.587332 -0.565431
-0.642986 -0.553259 -0.529597
-0.680680 -0.592794 -0.430430
-0.637444 -0.663394 -0.391885
-0.564638 -0.704091 -0.430627
-0.526015 -0.666628 -0.528124
6
0.330275 0.571852 -0.750935
0.385768 0.488060 -0.782931
0.455510 0.469475 -0.756376
0.507879 0.530146 -0.678973
0.458776 0.610567 -0.645548
0.379674 0.632847 -0.674798
6
-0.016411 -0.569303 0.821964
0.005562 -0.654511 0.756032
-0.074020 -0.696817 0.713420
-0.165898 -0.661662 0.731219
-0.177303 -0.590608 0.787240
-0.094894 -0.543747 0.833867
6
0.149844 -0.559091 -0.815453
0.207504 -0.509562 -0.835038
0.189884 -0.417669 -0.888536
0.082805 -0.400563 -0.912520
0.024538 -0.457673 -0.888782
0.044484 -0.542424 -0.838926
6
0.611176 -0.635520 0.471782
0.634324 -0.665841 0.392796
0.572309 -0.743616 0.345684
0.486596 -0.773269 0.406545
0.471366 -0.742411 0.476067
0.532176 -0.664559 0.524547
6
-0.580504 -0.117662 -0.805711
-0.598792 -0.010311 -0.800838
-0.667957 0.018261 -0.743975
-0.721029 -0.039080 -0.691802
-0.702642 -0.142914 -0.697044
-0.638021 -0.175825 -0.749677
7
0.779602 -0.622791 0.065972
0.802921 -0.594390 0.044941
0.818279 -0.568516 -0.084900
0.783926 -0.604143 -0.143079
0.751764 -0.643081 -0.145940
0.698794 -0.712788 -0.060169
0.733949 -0.677594 0.046749
6
0.065005 -0.517140 0.853429
-0.016411 -0.569303 0.821964
-0.094894 -0.543747 0.833867
-0.119233 -0.451222 0.884410
-0.035681 -0.396832 0.917198
0.042309 -0.421800 0.905701
6
-0.154352 0.852035 0.500211
-0.074783 0.896505 0.436675
0.023194 0.879195 0.475896
0.038030 0.839400 0.542183
-0.044115 0.795953 0.603749
-0.134202 0.808310 0.573259
6
0.901184 -0.306571 -0.306402
0.861832 -0.397524 -0.314993
0.855816 -0.456309 -0.243641
0.891265 -0.428291 -0.149043
0.933355 -0.327824 -0.146219
0.937413 -0.277950 -0.209765
6
0.827645 -0.208591 -0.521050
0.856480 -0.106297 -0.505116
0.811649 -0.033537 -0.583182
0.770262 -0.059801 -0.634918
0.741064 -0.166291 -0.650517
0.764628 -0.224751 -0.604013
5
0.719920 0.287165 -0.631863
0.674281 0.232744 -0.700839
0.710063 0.107151 -0.695937
0.790499 0.122103 -0.600169
0.791376 0.231610 -0.565756
6
-0.221711 0.950325 -0.218466
-0.292993 0.925988 -0.238120
-0.323182 0.885394 -0.334112
-0.272007 0.877331 -0.395351
-0.170667 0.905094 -0.389459
-0.143097 0.946739 -0.288459
6
0.054186 0.016035 0.998402
0.131234 0.086155 0.987601
0.218715 0.059079 0.973999
0.244220 -0.033164 0.969153
0.168324 -0.106044 0.980011
0.076905 -0.076634 0.994089
6
-0.662159 -0.689436 -0.293637
-0.608622 -0.754595 -0.245287
-0.533048 -0.795160 -0.289102
-0.506790 -0.772607 -0.382415
-0.564638 -0.704091 -0.430627
-0.637444 -0.663394 -0.391885
6
0.242339 0.717714 -0.652808
0.190748 0.656058 -0.730208
0.248452 0.584815 -0.772181
0.330275 0.571852 -0.750935
0.379674 0.632847 -0.674798
0.322482 0.704589 -0.632107
6
-0.398627 0.906242 -0.140791
-0.399283 0.906679 -0.136038
-0.515223 0.854236 -0.069463
-0.580409 0.802634 -0.137494
-0.545742 0.803975 -0.236197
-0.467259 0.846637 -0.254706
6
-0.846236 0.500518 -0.182664
-0.873191 0.424160 -0.240054
-0.842675 0.419696 -0.337275
-0.785399 0.496067 -0.370224
-0.761023 0.566256 -0.316540
-0.794250 0.567659 -0.216634
6
0.807492 0.240367 0.538685
0.777233 0.347550 0.524517
0.798541 0.388826 0.459507
0.853504 0.355489 0.380997
0.885450 0.240449 0.397698
0.868111 0.202942 0.452988
6
0.160263 0.490202 0.856749
0.189160 0.397359 0.897955
0.138502 0.344210 0.928621
0.029219 0.362067 0.931694
0.000768 0.458639 0.888622
0.052116 0.508457 0.859509
6
-0.698366 0.693174 -0.178312
-0.660701 0.695617 -0.282119
-0.590098 0.748757 -0.301908
-0.545742 0.803975 -0.236197
-0.580409 0.802634 -0.137494
-0.641869 0.758623 -0.111782
6
-0.550521 0.157551 -0.819819
-0.541653 0.044183 -0.839440
-0.460265 0.015800 -0.887641
-0.400847 0.068777 -0.913560
-0.409963 0.181004 -0.893962
-0.498562 0.205620 -0.842114
6
0.218715 0.059079 0.973999
0.291154 0.132862 0.947405
0.381809 0.100039 0.918811
0.401938 0.016735 0.915514
0.327613 -0.059777 0.942919
0.244220 -0.033164 0.969153
6
-0.638021 -0.175825 -0.749677
-0.609678 -0.278343 -0.742171
-0.543764 -0.309438 -0.780108
-0.480385 -0.249149 -0.840925
-0.505397 -0.149357 -0.849862
-0.580504 -0.117662 -0.805711
6
0.424289 -0.860058 0.283335
0.509895 -0.832411 0.217023
0.512591 -0.845428 0.150007
0.428859 -0.898856 0.090204
0.356041 -0.924990 0.132772
0.342423 -0.912456 0.223986
6
-0.779649 -0.469047 -0.414900
-0.743306 -0.427203 -0.514776
-0.778288 -0.329891 -0.534266
-0.824890 -0.292345 -0.483830
-0.859527 -0.329862 -0.390391
-0.841512 -0.401114 -0.361890
6
-0.598792 -0.485609 0.636893
-0.584943 -0.393838 0.709037
-0.534695 -0.386174 0.751645
-0.448974 -0.459630 0.766265
-0.442709 -0.525013 0.726891
-0.515662 -0.557092 0.650955
6
0.603372 0.766988 0.218341
0.587683 0.743050 0.320165
0.532115 0.765705 0.361316
0.444029 0.838500 0.315841
0.446391 0.864748 0.230099
0.549888 0.815965 0.178392
6
-0.110418 -0.361657 -0.925749
-0.085523 -0.432629 -0.897507
0.024538 -0.457673 -0.888782
0.082805 -0.400563 -0.912520
0.061334 -0.312459 -0.947949
-0.044432 -0.286194 -0.957141
