60
6
0.155708 -0.374004 0.914263
-0.031311 -0.281018 0.959192
-0.062935 0.030886 0.997540
0.155743 0.192310 0.968897
0.439424 0.013277 0.898182
0.432994 -0.200518 0.878811
6
0.050586 0.234673 -0.970757
-0.037802 -0.084647 -0.995694
0.275619 -0.273082 -0.921662
0.395179 -0.218871 -0.892148
0.478063 0.126500 -0.869168
0.314351 0.298024 -0.901313
5
0.095798 0.847100 0.522728
-0.169054 0.726494 0.666053
-0.425430 0.767078 0.480210
-0.310725 0.934453 0.173917
0.014790 0.972038 0.234358
6
0.854388 -0.449117 0.261372
0.679635 -0.704743 0.203553
0.471535 -0.781513 0.408524
0.445760 -0.670798 0.592730
0.647869 -0.373057 0.664149
0.753398 -0.316405 0.576437
6
0.926759 -0.110299 -0.359098
0.827251 -0.093158 -0.554055
0.648228 -0.352579 -0.674899
0.623201 -0.536631 -0.568901
0.764610 -0.581701 -0.277481
0.907550 -0.378296 -0.182335
6
0.623201 -0.536631 -0.568901
0.347248 -0.725022 -0.594779
0.290282 -0.826811 -0.481788
0.447091 -0.881133 -0.153996
0.627034 -0.773026 -0.096223
0.764610 -0.581701 -0.277481
6
0.934737 -0.335377 0.117430
0.854388 -0.449117 0.261372
0.753398 -0.316405 0.576437
0.833959 0.002444 0.551821
0.958894 0.103828 0.264086
0.984302 0.042341 0.171336
5
0.526312 0.779215 0.340322
0.756825 0.535977 0.374092
0.632250 0.359406 0.686358
0.353518 0.548240 0.757930
0.301537 0.768552 0.564272
5
-0.906348 0.371971 0.200426
-0.899758 0.151193 0.409362
-0.958148 -0.180058 0.222557
-0.994023 -0.038546 -0.102138
-0.957287 0.271048 -0.100665
6
-0.284006 -0.914255 0.288925
-0.561211 -0.733465 0.383500
-0.575519 -0.641354 0.507388
-0.330662 -0.585970 0.739799
-0.048244 -0.758351 0.650059
-0.058440 -0.891972 0.448297
6
-0.666516 -0.141076 0.732020
-0.762489 -0.378776 0.524538
-0.924540 -0.284723 0.253296
-0.958148 -0.180058 0.222557
-0.899758 0.151193 0.409362
-0.798384 0.154223 0.582064
6
-0.621279 0.397465 0.675303
-0.601610 0.639157 0.479107
-0.425430 0.767078 0.480210
-0.169054 0.726494 0.666053
-0.154961 0.555023 0.817274
-0.387484 0.338935 0.857309
6
0.445760 -0.670798 0.592730
0.471535 -0.781513 0.408524
0.227208 -0.935443 0.270781
-0.058440 -0.891972 0.448297
-0.048244 -0.758351 0.650059
0.178751 -0.640722 0.746675
6
0.439424 0.013277 0.898182
0.657253 0.210982 0.723536
0.833959 0.002444 0.551821
0.753398 -0.316405 0.576437
0.647869 -0.373057 0.664149
0.432994 -0.200518 0.878811
6
0.583539 0.584972 -0.563286
0.345415 0.550451 -0.760061
0.314351 0.298024 -0.901313
0.478063 0.126500 -0.869168
0.726155 0.160174 -0.668613
0.746449 0.399281 -0.532343
6
0.227208 -0.935443 0.270781
0.471535 -0.781513 0.408524
0.679635 -0.704743 0.203553
0.627034 -0.773026 -0.096223
0.447091 -0.881133 -0.153996
0.216299 -0.975268 0.045472
6
-0.384759 0.922534 0.029867
-0.663265 0.747590 -0.034472
-0.708175 0.668236 -0.227923
-0.488225 0.708810 -0.509142
-0.370845 0.774501 -0.512467
-0.225852 0.937840 -0.263529
6
0.155743 0.192310 0.968897
0.147584 0.422580 0.894229
0.353518 0.548240 0.757930
0.632250 0.359406 0.686358
0.657253 0.210982 0.723536
0.439424 0.013277 0.898182
6
0.155708 -0.374004 0.914263
0.178751 -0.640722 0.746675
-0.048244 -0.758351 0.650059
-0.330662 -0.585970 0.739799
-0.317755 -0.406282 0.856719
-0.031311 -0.281018 0.959192
5
-0.264338 -0.964422 -0.004060
-0.514191 -0.843037 -0.157782
-0.728895 -0.683042 0.046535
-0.561211 -0.733465 0.383500
-0.284006 -0.914255 0.288925
6
-0.387484 0.338935 0.857309
-0.344760 0.138980 0.928345
-0.549140 -0.146807 0.822735
-0.666516 -0.141076 0.732020
-0.798384 0.154223 0.582064
-0.621279 0.397465 0.675303
6
0.301537 0.768552 0.564272
0.095798 0.847100 0.522728
0.014790 0.972038 0.234358
0.172691 0.983197 0.059178
0.474377 0.873774 0.107169
0.526312 0.779215 0.340322
5
0.432994 -0.200518 0.878811
0.647869 -0.373057 0.664149
0.445760 -0.670798 0.592730
0.178751 -0.640722 0.746675
0.155708 -0.374004 0.914263
6
-0.856618 -0.425956 -0.291147
-0.654364 -0.554579 -0.514053
-0.587785 -0.425285 -0.688216
-0.669475 -0.132472 -0.730927
-0.819810 -0.012995 -0.572488
-0.933184 -0.182444 -0.309647
5
-0.344760 0.138980 0.928345
-0.062935 0.030886 0.997540
-0.031311 -0.281018 0.959192
-0.317755 -0.406282 0.856719
-0.549140 -0.146807 0.822735
6
-0.154961 0.555023 0.817274
0.147584 0.422580 0.894229
0.155743 0.192310 0.968897
-0.062935 0.030886 0.997540
-0.344760 0.138980 0.928345
-0.387484 0.338935 0.857309
6
-0.265970 -0.478408 -0.836891
-0.587785 -0.425285 -0.688216
-0.654364 -0.554579 -0.514053
-0.494042 -0.770228 -0.403325
-0.204883 -0.813686 -0.544002
-0.151587 -0.595716 -0.788761
5
-0.581984 0.420706 -0.695917
-0.488225 0.708810 -0.509142
-0.708175 0.668236 -0.227923
-0.882245 0.382730 -0.274158
-0.805883 0.259639 -0.532109
6
0.896901 0.373497 -0.236790
0.833150 0.549528 -0.062287
0.611505 0.780253 -0.131405
0.519590 0.784368 -0.338811
0.583539 0.584972 -0.563286
0.746449 0.399281 -0.532343
6
0.314351 0.298024 -0.901313
0.345415 0.550451 -0.760061
0.082892 0.723502 -0.685328
-0.076369 0.685822 -0.723751
-0.174286 0.416675 -0.892192
0.050586 0.234673 -0.970757
6
-0.957287 0.271048 -0.100665
-0.882245 0.382730 -0.274158
-0.708175 0.668236 -0.227923
-0.663265 0.747590 -0.034472
-0.767360 0.596180 0.236068
-0.906348 0.371971 0.200426
6
0.172691 0.983197 0.059178
0.081978 0.962242 -0.259556
0.184958 0.904977 -0.383155
0.519590 0.784368 -0.338811
0.611505 0.780253 -0.131405
0.474377 0.873774 0.107169
6
-0.805883 0.259639 -0.532109
-0.819810 -0.012995 -0.572488
-0.669475 -0.132472 -0.730927
-0.454987 0.026501 -0.890104
-0.430411 0.313101 -0.846589
-0.581984 0.420706 -0.695917
5
0.726155 0.160174 -0.668613
0.478063 0.126500 -0.869168
0.395179 -0.218871 -0.892148
0.648228 -0.352579 -0.674899
0.827251 -0.093158 -0.554055
6
0.216299 -0.975268 0.045472
-0.068343 -0.991660 -0.109266
-0.264338 -0.964422 -0.004060
-0.284006 -0.914255 0.288925
-0.058440 -0.891972 0.448297
0.227208 -0.935443 0.270781
5
0.519590 0.784368 -0.338811
0.184958 0.904977 -0.383155
0.082892 0.723502 -0.685328
0.345415 0.550451 -0.760061
0.583539 0.584972 -0.563286
5
0.216299 -0.975268 0.045472
0.447091 -0.881133 -0.153996
0.290282 -0.826811 -0.481788
-0.027110 -0.907169 -0.419893
-0.068343 -0.991660 -0.109266
6
-0.204883 -0.813686 -0.544002
-0.027110 -0.907169 -0.419893
0.290282 -0.826811 -0.481788
0.347248 -0.725022 -0.594779
0.154372 -0.561456 -0.812980
-0.151587 -0.595716 -0.788761
6
-0.494042 -0.770228 -0.403325
-0.514191 -0.843037 -0.157782
-0.264338 -0.964422 -0.004060
-0.068343 -0.991660 -0.109266
-0.027110 -0.907169 -0.419893
-0.204883 -0.813686 -0.544002
6
0.746449 0.399281 -0.532343
0.726155 0.160174 -0.668613
0.827251 -0.093158 -0.554055
0.926759 -0.110299 -0.359098
0.975793 0.134540 -0.172417
0.896901 0.373497 -0.236790
6
-0.958148 -0.180058 0.222557
-0.924540 -0.284723 0.253296
-0.820280 -0.571833 0.012175
-0.856618 -0.425956 -0.291147
-0.933184 -0.182444 -0.309647
-0.994023 -0.038546 -0.102138
6
0.756825 0.535977 0.374092
0.838861 0.473993 0.267663
0.958894 0.103828 0.264086
0.833959 0.002444 0.551821
0.657253 0.210982 0.723536
0.632250 0.359406 0.686358
6
-0.225852 0.937840 -0.263529
-0.370845 0.774501 -0.512467
-0.076369 0.685822 -0.723751
0.082892 0.723502 -0.685328
0.184958 0.904977 -0.383155
0.081978 0.962242 -0.259556
6
-0.621279 0.397465 0.675303
-0.798384 0.154223 0.582064
-0.899758 0.151193 0.409362
-0.906348 0.371971 0.200426
-0.767360 0.596180 0.236068
-0.601610 0.639157 0.479107
6
-0.076369 0.685822 -0.723751
-0.370845 0.774501 -0.512467
-0.488225 0.708810 -0.509142
-0.581984 0.420706 -0.695917
-0.430411 0.313101 -0.846589
-0.174286 0.416675 -0.892192
6
-0.994023 -0.038546 -0.102138
-0.933184 -0.182444 -0.309647
-0.819810 -0.012995 -0.572488
-0.805883 0.259639 -0.532109
-0.882245 0.382730 -0.274158
-0.957287 0.271048 -0.100665
6
0.984302 0.042341 0.171336
0.958894 0.103828 0.264086
0.838861 0.473993 0.267663
0.833150 0.549528 -0.062287
0.896901 0.373497 -0.236790
0.975793 0.134540 -0.172417
5
0.926759 -0.110299 -0.359098
0.907550 -0.378296 -0.182335
0.934737 -0.335377 0.117430
0.984302 0.042341 0.171336
0.975793 0.134540 -0.172417
6
0.050586 0.234673 -0.970757
-0.174286 0.416675 -0.892192
-0.430411 0.313101 -0.846589
-0.454987 0.026501 -0.890104
-0.192841 -0.144561 -0.970523
-0.037802 -0.084647 -0.995694
6
0.353518 0.548240 0.757930
0.147584 0.422580 0.894229
-0.154961 0.555023 0.817274
-0.169054 0.726494 0.666053
0.095798 0.847100 0.522728
0.301537 0.768552 0.564272
6
0.623201 -0.536631 -0.568901
0.648228 -0.352579 -0.674899
0.395179 -0.218871 -0.892148
0.275619 -0.273082 -0.921662
0.154372 -0.561456 -0.812980
0.347248 -0.725022 -0.594779
6
0.526312 0.779215 0.340322
0.474377 0.873774 0.107169
0.611505 0.780253 -0.131405
0.833150 0.549528 -0.062287
0.838861 0.473993 0.267663
0.756825 0.535977 0.374092
6
-0.330662 -0.585970 0.739799
-0.575519 -0.641354 0.507388
-0.762489 -0.378776 0.524538
-0.666516 -0.141076 0.732020
-0.549140 -0.146807 0.822735
-0.317755 -0.406282 0.856719
6
-0.924540 -0.284723 0.253296
-0.762489 -0.378776 0.524538
-0.575519 -0.641354 0.507388
-0.561211 -0.733465 0.383500
-0.728895 -0.683042 0.046535
-0.820280 -0.571833 0.012175
6
-0.037802 -0.084647 -0.995694
-0.192841 -0.144561 -0.970523
-0.265970 -0.478408 -0.836891
-0.151587 -0.595716 -0.788761
0.154372 -0.561456 -0.812980
0.275619 -0.273082 -0.921662
6
-0.601610 0.639157 0.479107
-0.767360 0.596180 0.236068
-0.663265 0.747590 -0.034472
-0.384759 0.922534 0.029867
-0.310725 0.934453 0.173917
-0.425430 0.767078 0.480210
6
-0.654364 -0.554579 -0.514053
-0.856618 -0.425956 -0.291147
-0.820280 -0.571833 0.012175
-0.728895 -0.683042 0.046535
-0.514191 -0.843037 -0.157782
-0.494042 -0.770228 -0.403325
6
0.081978 0.962242 -0.259556
0.172691 0.983197 0.059178
0.014790 0.972038 0.234358
-0.310725 0.934453 0.173917
-0.384759 0.922534 0.029867
-0.225852 0.937840 -0.263529
6
0.907550 -0.378296 -0.182335
0.764610 -0.581701 -0.277481
0.627034 -0.773026 -0.096223
0.679635 -0.704743 0.203553
0.854388 -0.449117 0.261372
0.934737 -0.335377 0.117430
5
-0.669475 -0.132472 -0.730927
-0.587785 -0.425285 -0.688216
-0.265970 -0.478408 -0.836891
-0.192841 -0.144561 -0.970523
-0.454987 0.026501 -0.890104
