50
6
0.042786 -0.472679 -0.880195
0.312504 -0.318667 -0.894870
0.313969 -0.012541 -0.949350
0.045715 0.139572 -0.989156
-0.224003 -0.014440 -0.974481
-0.225468 -0.320566 -0.920001
6
-0.935093 -0.114454 0.335412
-0.732885 -0.184279 0.654920
-0.642139 -0.340148 0.686992
-0.630827 -0.637070 0.442943
-0.749041 -0.625826 0.217438
-0.946697 -0.286328 0.147581
6
0.196446 0.843298 -0.500258
0.332684 0.579169 -0.744234
0.490726 0.489551 -0.720783
0.726348 0.542817 -0.421625
0.667008 0.706770 -0.235745
0.322776 0.901969 -0.286823
6
0.559674 0.142602 0.816352
0.266348 0.167648 0.949185
0.112319 0.432213 0.894749
0.263614 0.651124 0.711720
0.581995 0.566521 0.583383
0.672741 0.410652 0.615454
6
-0.198280 0.431119 0.880240
-0.354849 0.165459 0.920166
-0.634330 0.138396 0.760573
-0.730059 0.405710 0.549922
-0.637816 0.562223 0.526399
-0.333388 0.649021 0.683830
5
-0.327392 -0.809135 0.487971
-0.630827 -0.637070 0.442943
-0.642139 -0.340148 0.686992
-0.338271 -0.370126 0.865205
-0.125141 -0.633316 0.763709
6
0.490726 0.489551 -0.720783
0.332684 0.579169 -0.744234
0.040143 0.447906 -0.893179
0.045715 0.139572 -0.989156
0.313969 -0.012541 -0.949350
0.555755 0.155528 -0.816669
5
0.286157 -0.806973 0.516632
0.057848 -0.632671 0.772257
0.258732 -0.368023 0.893094
0.577672 -0.335850 0.743975
0.591250 -0.632763 0.500034
5
-0.117992 0.859044 0.498118
-0.333388 0.649021 0.683830
-0.637816 0.562223 0.526399
-0.624152 0.756599 0.194917
-0.319058 0.930809 0.178317
6
-0.338271 -0.370126 0.865205
-0.642139 -0.340148 0.686992
-0.732885 -0.184279 0.654920
-0.634330 0.138396 0.760573
-0.354849 0.165459 0.920166
-0.200820 -0.099106 0.974602
6
0.109779 -0.098012 0.989112
-0.200820 -0.099106 0.974602
-0.354849 0.165459 0.920166
-0.198280 0.431119 0.880240
0.112319 0.432213 0.894749
0.266348 0.167648 0.949185
6
0.057848 -0.632671 0.772257
-0.125141 -0.633316 0.763709
-0.338271 -0.370126 0.865205
-0.200820 -0.099106 0.974602
0.109779 -0.098012 0.989112
0.258732 -0.368023 0.893094
6
-0.963387 -0.224197 -0.147038
-0.867679 -0.367389 -0.334900
-0.727442 -0.206035 -0.654505
-0.726579 -0.025681 -0.686603
-0.864786 0.237324 -0.442518
-0.961507 0.168633 -0.216951
6
0.484974 -0.712693 -0.506822
0.326069 -0.803429 -0.498177
0.187789 -0.965894 -0.178280
0.313919 -0.948498 0.042497
0.660031 -0.750865 0.023669
0.720585 -0.661662 -0.207269
6
0.197384 0.980034 -0.023913
0.294491 0.932971 0.206980
0.064997 0.859689 0.506666
-0.117992 0.859044 0.498118
-0.319058 0.930809 0.178317
-0.201186 0.978629 -0.042529
6
0.188239 -0.929899 0.315995
0.286157 -0.806973 0.516632
0.591250 -0.632763 0.500034
0.729893 -0.620613 0.286523
0.660031 -0.750865 0.023669
0.313919 -0.948498 0.042497
6
-0.742840 0.669342 -0.013062
-0.647085 0.702136 -0.297130
-0.300972 0.899768 -0.315963
-0.201186 0.978629 -0.042529
-0.319058 0.930809 0.178317
-0.624152 0.756599 0.194917
5
-0.154888 0.842059 -0.516669
-0.265925 0.577056 -0.772198
0.040143 0.447906 -0.893179
0.332684 0.579169 -0.744234
0.196446 0.843298 -0.500258
6
0.902192 0.238290 0.359539
0.933751 0.335057 0.125880
0.976334 0.175468 -0.126423
0.974453 -0.217363 -0.056515
0.930807 -0.279708 0.235291
0.900534 -0.107985 0.421163
6
-0.163545 -0.967134 -0.194693
-0.272540 -0.805542 -0.526141
-0.430582 -0.715924 -0.549592
-0.693447 -0.666652 -0.273323
-0.654061 -0.755500 -0.037721
-0.309830 -0.950698 0.013362
6
-0.946697 -0.286328 0.147581
-0.749041 -0.625826 0.217438
-0.654061 -0.755500 -0.037721
-0.693447 -0.666652 -0.273323
-0.867679 -0.367389 -0.334900
-0.963387 -0.224197 -0.147038
6
-0.265925 0.577056 -0.772198
-0.424830 0.486320 -0.763552
-0.478283 0.151878 -0.864973
-0.224003 -0.014440 -0.974481
0.045715 0.139572 -0.989156
0.040143 0.447906 -0.893179
6
0.263614 0.651124 0.711720
0.112319 0.432213 0.894749
-0.198280 0.431119 0.880240
-0.333388 0.649021 0.683830
-0.117992 0.859044 0.498118
0.064997 0.859689 0.506666
6
0.577672 -0.335850 0.743975
0.669915 -0.179337 0.720453
0.900534 -0.107985 0.421163
0.930807 -0.279708 0.235291
0.729893 -0.620613 0.286523
0.591250 -0.632763 0.500034
5
0.787586 -0.020338 -0.615869
0.900580 0.243553 -0.360051
0.726348 0.542817 -0.421625
0.490726 0.489551 -0.720783
0.555755 0.155528 -0.816669
6
0.974453 -0.217363 -0.056515
0.897687 -0.361160 -0.252431
0.720585 -0.661662 -0.207269
0.660031 -0.750865 0.023669
0.729893 -0.620613 0.286523
0.930807 -0.279708 0.235291
5
-0.867679 -0.367389 -0.334900
-0.693447 -0.666652 -0.273323
-0.430582 -0.715924 -0.549592
-0.481098 -0.436526 -0.760256
-0.727442 -0.206035 -0.654505
6
-0.961507 0.168633 -0.216951
-0.864786 0.237324 -0.442518
-0.687684 0.537826 -0.487682
-0.647085 0.702136 -0.297130
-0.742840 0.669342 -0.013062
-0.943754 0.328438 0.038175
5
-0.726579 -0.025681 -0.686603
-0.478283 0.151878 -0.864973
-0.424830 0.486320 -0.763552
-0.687684 0.537826 -0.487682
-0.864786 0.237324 -0.442518
5
0.900534 -0.107985 0.421163
0.669915 -0.179337 0.720453
0.559674 0.142602 0.816352
0.672741 0.410652 0.615454
0.902192 0.238290 0.359539
6
-0.210331 -0.931305 0.297374
-0.327392 -0.809135 0.487971
-0.125141 -0.633316 0.763709
0.057848 -0.632671 0.772257
0.286157 -0.806973 0.516632
0.188239 -0.929899 0.315995
6
-0.946697 -0.286328 0.147581
-0.963387 -0.224197 -0.147038
-0.961507 0.168633 -0.216951
-0.943754 0.328438 0.038175
-0.933435 0.231821 0.273786
-0.935093 -0.114454 0.335412
6
0.667008 0.706770 -0.235745
0.726348 0.542817 -0.421625
0.900580 0.243553 -0.360051
0.976334 0.175468 -0.126423
0.933751 0.335057 0.125880
0.736094 0.674556 0.056029
6
0.897687 -0.361160 -0.252431
0.974453 -0.217363 -0.056515
0.976334 0.175468 -0.126423
0.900580 0.243553 -0.360051
0.787586 -0.020338 -0.615869
0.786723 -0.200691 -0.583772
6
0.322776 0.901969 -0.286823
0.667008 0.706770 -0.235745
0.736094 0.674556 0.056029
0.597926 0.760906 0.252006
0.294491 0.932971 0.206980
0.197384 0.980034 -0.023913
5
-0.933435 0.231821 0.273786
-0.730059 0.405710 0.549922
-0.634330 0.138396 0.760573
-0.732885 -0.184279 0.654920
-0.935093 -0.114454 0.335412
6
0.266348 0.167648 0.949185
0.559674 0.142602 0.816352
0.669915 -0.179337 0.720453
0.577672 -0.335850 0.743975
0.258732 -0.368023 0.893094
0.109779 -0.098012 0.989112
6
-0.943754 0.328438 0.038175
-0.742840 0.669342 -0.013062
-0.624152 0.756599 0.194917
-0.637816 0.562223 0.526399
-0.730059 0.405710 0.549922
-0.933435 0.231821 0.273786
6
0.326069 -0.803429 -0.498177
0.484974 -0.712693 -0.506822
0.552940 -0.432877 -0.711952
0.312504 -0.318667 -0.894870
0.042786 -0.472679 -0.880195
0.034513 -0.728904 -0.683746
6
-0.430582 -0.715924 -0.549592
-0.272540 -0.805542 -0.526141
0.034513 -0.728904 -0.683746
0.042786 -0.472679 -0.880195
-0.225468 -0.320566 -0.920001
-0.481098 -0.436526 -0.760256
5
0.552940 -0.432877 -0.711952
0.484974 -0.712693 -0.506822
0.720585 -0.661662 -0.207269
0.897687 -0.361160 -0.252431
0.786723 -0.200691 -0.583772
6
0.313919 -0.948498 0.042497
0.187789 -0.965894 -0.178280
-0.163545 -0.967134 -0.194693
-0.309830 -0.950698 0.013362
-0.210331 -0.931305 0.297374
0.188239 -0.929899 0.315995
5
0.294491 0.932971 0.206980
0.597926 0.760906 0.252006
0.581995 0.566521 0.583383
0.263614 0.651124 0.711720
0.064997 0.859689 0.506666
5
0.187789 -0.965894 -0.178280
0.326069 -0.803429 -0.498177
0.034513 -0.728904 -0.683746
-0.272540 -0.805542 -0.526141
-0.163545 -0.967134 -0.194693
6
-0.300972 0.899768 -0.315963
-0.647085 0.702136 -0.297130
-0.687684 0.537826 -0.487682
-0.424830 0.486320 -0.763552
-0.265925 0.577056 -0.772198
-0.154888 0.842059 -0.516669
6
-0.481098 -0.436526 -0.760256
-0.225468 -0.320566 -0.920001
-0.224003 -0.014440 -0.974481
-0.478283 0.151878 -0.864973
-0.726579 -0.025681 -0.686603
-0.727442 -0.206035 -0.654505
6
0.786723 -0.200691 -0.583772
0.787586 -0.020338 -0.615869
0.555755 0.155528 -0.816669
0.313969 -0.012541 -0.949350
0.312504 -0.318667 -0.894870
0.552940 -0.432877 -0.711952
6
0.902192 0.238290 0.359539
0.672741 0.410652 0.615454
0.581995 0.566521 0.583383
0.597926 0.760906 0.252006
0.736094 0.674556 0.056029
0.933751 0.335057 0.125880
6
-0.201186 0.978629 -0.042529
-0.300972 0.899768 -0.315963
-0.154888 0.842059 -0.516669
0.196446 0.843298 -0.500258
0.322776 0.901969 -0.286823
0.197384 0.980034 -0.023913
6
-0.309830 -0.950698 0.013362
-0.654061 -0.755500 -0.037721
-0.749041 -0.625826 0.217438
-0.630827 -0.637070 0.442943
-0.327392 -0.809135 0.487971
-0.210331 -0.931305 0.297374
