525
6
-0.275617 0.335232 -0.900919
-0.195631 0.276614 -0.940858
-0.112821 0.311023 -0.943682
-0.094764 0.398323 -0.912337
-0.181130 0.456331 -0.871180
-0.239831 0.435548 -0.867628
6
-0.239867 0.210689 0.947668
-0.333062 0.232372 0.913823
-0.353197 0.319315 0.879369
-0.285238 0.384184 0.878090
-0.193647 0.362086 0.911808
-0.182876 0.260665 0.947951
6
0.392603 0.595873 -0.700570
0.309921 0.639767 -0.703311
0.244086 0.607392 -0.755974
0.249794 0.529707 -0.810564
0.321754 0.483398 -0.814126
0.406847 0.511302 -0.756998
6
-0.996474 -0.011579 -0.083098
-0.987378 -0.082783 -0.135026
-0.970032 -0.074437 -0.231293
-0.963089 0.019305 -0.268491
-0.974243 0.096422 -0.203846
-0.987818 0.087449 -0.128719
6
-0.319479 0.696724 0.642268
-0.238952 0.744289 0.623647
-0.160523 0.725418 0.669328
-0.156055 0.657408 0.737198
-0.238511 0.607397 0.757748
-0.316644 0.623815 0.714557
6
0.839547 0.239634 -0.487582
0.792527 0.219424 -0.568994
0.787108 0.142667 -0.600090
0.834126 0.058597 -0.548453
0.881033 0.080236 -0.466201
0.885918 0.156481 -0.436649
6
-0.934061 0.033656 -0.355523
-0.963089 0.019305 -0.268491
-0.970032 -0.074437 -0.231293
-0.948686 -0.144223 -0.281415
-0.918204 -0.133979 -0.372761
-0.910545 -0.040847 -0.411387
6
-0.462704 -0.645186 0.607980
-0.377689 -0.699834 0.606286
-0.361032 -0.750194 0.553953
-0.433602 -0.774210 0.461072
-0.506402 -0.725793 0.465598
-0.529414 -0.664134 0.527870
6
-0.889754 -0.348191 0.295129
-0.840380 -0.430645 0.329100
-0.823906 -0.490458 0.283954
-0.851058 -0.493943 0.178103
-0.894967 -0.422578 0.143042
-0.916714 -0.350759 0.191322
7
-0.890299 0.237531 0.388519
-0.914222 0.223738 0.337846
-0.925209 0.295428 0.238141
-0.908532 0.348909 0.229854
-0.877661 0.395375 0.270906
-0.840719 0.380882 0.384863
-0.844742 0.336321 0.416291
6
0.368884 -0.927581 -0.059318
0.455260 -0.890294 0.010692
0.535895 -0.842044 -0.061472
0.531430 -0.839079 -0.116317
0.443444 -0.877682 -0.181749
0.381345 -0.911854 -0.151983
6
-0.608754 -0.711931 0.350104
-0.657361 -0.618246 0.430870
-0.604819 -0.605644 0.517097
-0.529414 -0.664134 0.527870
-0.506402 -0.725793 0.465598
-0.590310 -0.724620 0.355612
6
-0.469424 0.785390 -0.403488
-0.514461 0.796856 -0.316780
-0.594899 0.746681 -0.297595
-0.629351 0.687062 -0.363130
-0.587618 0.674912 -0.446317
-0.505990 0.725517 -0.466475
6
0.507635 0.861317 -0.020968
0.474306 0.873438 -0.110184
0.518525 0.834793 -0.185073
0.598081 0.783017 -0.170833
0.632530 0.770829 -0.075682
0.589388 0.807808 -0.008197
6
0.065099 -0.144120 -0.987417
0.124296 -0.190005 -0.973883
0.227570 -0.154200 -0.961475
0.235474 -0.053625 -0.970400
0.178554 -0.004414 -0.983920
0.074015 -0.040938 -0.996416
6
0.787108 0.142667 -0.600090
0.726843 0.115891 -0.676956
0.715160 0.042513 -0.697667
0.762371 -0.041212 -0.645826
0.817194 -0.023264 -0.575893
0.834126 0.058597 -0.548453
6
0.230515 -0.165630 0.958869
0.148917 -0.133736 0.979764
0.133051 -0.035472 0.990474
0.204586 0.022857 0.978582
0.296447 -0.013534 0.954954
0.310264 -0.094544 0.945937
6
0.275330 -0.536122 -0.797977
0.363005 -0.572749 -0.734974
0.442026 -0.507275 -0.739787
0.441422 -0.437335 -0.783508
0.357329 -0.408597 -0.839859
0.277959 -0.473629 -0.835712
6
-0.566769 -0.775889 -0.277072
-0.583048 -0.795252 -0.166223
-0.519179 -0.846305 -0.119257
-0.446538 -0.880263 -0.160442
-0.429113 -0.868745 -0.247272
-0.503161 -0.807712 -0.307294
6
0.243817 -0.898579 -0.364840
0.249940 -0.854123 -0.456074
0.177071 -0.842941 -0.508031
0.090795 -0.873067 -0.479072
0.083628 -0.918593 -0.386257
0.151851 -0.928958 -0.337608
5
-0.077700 0.566494 -0.820394
0.004408 0.508679 -0.860945
0.091203 0.538485 -0.837685
0.092472 0.642863 -0.760379
-0.036167 0.648206 -0.760605
6
0.201948 0.971645 -0.122976
0.246132 0.947914 -0.202184
0.345051 0.918180 -0.194644
0.383982 0.915144 -0.122754
0.332245 0.942797 -0.027342
0.246379 0.968451 -0.037409
6
-0.614939 0.786926 -0.050961
-0.586755 0.797753 -0.138957
-0.507389 0.846957 -0.158808
-0.455405 0.886185 -0.085340
-0.489790 0.871786 0.009737
-0.557582 0.829712 0.026087
6
-0.129080 -0.312698 -0.941041
-0.138021 -0.408128 -0.902431
-0.056182 -0.458569 -0.886881
0.024060 -0.422641 -0.905978
0.033000 -0.329425 -0.943605
-0.044650 -0.280319 -0.958868
6
0.507635 0.861317 -0.020968
0.458677 0.887158 0.050653
0.366997 0.929460 0.037650
0.332245 0.942797 -0.027342
0.383982 0.915144 -0.122754
0.474306 0.873438 -0.110184
6
0.829689 -0.467777 -0.304633
0.837522 -0.409374 -0.361898
0.788455 -0.414274 -0.454660
0.728695 -0.503820 -0.463864
0.725837 -0.562612 -0.395762
0.772194 -0.548521 -0.320688
7
-0.033909 0.946361 0.321327
-0.113679 0.962050 0.248067
-0.112974 0.969703 0.216592
-0.017250 0.990836 0.133964
0.043343 0.988693 0.143557
0.083444 0.974565 0.207992
0.051591 0.953235 0.297796
6
0.807803 -0.098931 0.581091
0.763440 -0.157651 0.626342
0.697955 -0.125406 0.705076
0.688904 -0.047155 0.723317
0.737632 0.025297 0.674729
0.800036 -0.000602 0.599951
6
-0.802332 0.473269 -0.363703
-0.729779 0.555416 -0.398668
-0.707473 0.622111 -0.335351
-0.737311 0.623884 -0.259116
-0.809716 0.543090 -0.222293
-0.825357 0.469173 -0.314106
6
-0.832216 -0.112775 -0.542861
-0.838063 -0.187384 -0.512385
-0.787777 -0.269737 -0.553760
-0.729304 -0.245394 -0.638668
-0.724627 -0.172563 -0.667187
-0.776190 -0.089529 -0.624110
6
0.362802 0.644480 0.673068
0.438749 0.635452 0.635373
0.501541 0.559952 0.659477
0.484609 0.507500 0.712459
0.388591 0.503278 0.771821
0.325037 0.582295 0.745173
6
-0.761279 -0.253271 0.596915
-0.760950 -0.326898 0.560440
-0.813189 -0.343092 0.470119
-0.860188 -0.269066 0.433220
-0.858937 -0.182521 0.478449
-0.810435 -0.174291 0.559301
6
-0.959791 -0.198317 0.198674
-0.932932 -0.196011 0.302021
-0.898750 -0.275785 0.340869
-0.889754 -0.348191 0.295129
-0.916714 -0.350759 0.191322
-0.950451 -0.269997 0.154092
6
0.074015 -0.040938 -0.996416
0.178554 -0.004414 -0.983920
0.185436 0.092327 -0.978309
0.122937 0.145640 -0.981670
0.021757 0.107521 -0.993965
0.012520 0.009156 -0.999880
6
-0.692586 -0.471829 0.545621
-0.744081 -0.487476 0.456849
-0.801431 -0.420552 0.425258
-0.813189 -0.343092 0.470119
-0.760950 -0.326898 0.560440
-0.700668 -0.402605 0.589044
6
0.915301 0.253015 -0.313380
0.871994 0.331039 -0.360611
0.836162 0.318769 -0.446341
0.839547 0.239634 -0.487582
0.885918 0.156481 -0.436649
0.922319 0.180201 -0.341841
6
0.214625 0.823050 0.525856
0.113876 0.803805 0.583892
0.026507 0.853368 0.520635
0.030939 0.879397 0.475083
0.133138 0.902327 0.409975
0.221080 0.848642 0.480552
6
0.728890 -0.546353 0.412574
0.686001 -0.630515 0.363117
0.622212 -0.672543 0.400672
0.581261 -0.648074 0.492073
0.622296 -0.568404 0.538205
0.705369 -0.522223 0.479309
6
0.025656 0.517427 0.855342
0.034247 0.428293 0.902991
-0.035399 0.381707 0.923605
-0.129379 0.410848 0.902477
-0.136983 0.504010 0.852766
-0.073131 0.547031 0.833912
6
-0.528694 -0.370604 -0.763633
-0.597522 -0.295521 -0.745409
-0.667998 -0.322092 -0.670846
-0.665280 -0.397820 -0.631776
-0.597442 -0.462888 -0.654827
-0.532314 -0.450841 -0.716508
5
0.291201 0.317934 0.902286
0.266793 0.431437 0.861791
0.374899 0.455639 0.807368
0.438763 0.358980 0.823784
0.382537 0.289026 0.877570
6
-0.005621 -0.347107 0.937809
0.011284 -0.434675 0.900517
-0.076962 -0.489576 0.868557
-0.158251 -0.449431 0.879186
-0.170324 -0.370679 0.913010
-0.080836 -0.313991 0.945978
6
-0.332160 0.800346 -0.499116
-0.374552 0.735700 -0.564319
-0.320886 0.702630 -0.635093
-0.230170 0.727677 -0.646149
-0.189124 0.790190 -0.582951
-0.249902 0.824988 -0.506896
6
0.880055 -0.252197 -0.402367
0.910857 -0.163392 -0.379002
0.893959 -0.087723 -0.439479
0.848969 -0.102342 -0.518438
0.816404 -0.194761 -0.543648
0.833253 -0.263622 -0.485997
5
-0.625586 -0.566076 -0.536843
-0.713633 -0.481255 -0.509039
-0.755800 -0.500865 -0.421783
-0.722377 -0.582563 -0.372546
-0.638135 -0.636183 -0.433653
6
-0.199750 0.938476 -0.281716
-0.239953 0.949653 -0.201450
-0.334386 0.923243 -0.189230
-0.383249 0.885378 -0.263109
-0.341531 0.873863 -0.346006
-0.246922 0.900276 -0.358514
6
0.359717 -0.912189 0.196251
0.433867 -0.862337 0.261027
0.521899 -0.828271 0.203931
0.529475 -0.837497 0.135111
0.453628 -0.888617 0.067689
0.365547 -0.921160 0.133563
6
0.933872 -0.346308 -0.089187
0.962075 -0.264961 -0.064861
0.972762 -0.194584 -0.125980
0.949754 -0.215169 -0.227310
0.919208 -0.305118 -0.248916
0.911492 -0.364411 -0.190755
6
0.163739 0.497233 -0.852026
0.091203 0.538485 -0.837685
0.004408 0.508679 -0.860945
-0.010696 0.432196 -0.901716
0.067835 0.372857 -0.925406
0.164454 0.411446 -0.896475
6
0.672953 0.444762 -0.591034
0.610533 0.429626 -0.665335
0.615119 0.342295 -0.710255
0.675576 0.275994 -0.683685
0.736237 0.295804 -0.608651
0.733158 0.380832 -0.563424
6
0.833253 -0.263622 -0.485997
0.816404 -0.194761 -0.543648
0.762817 -0.203830 -0.613648
0.714162 -0.300731 -0.632087
0.723859 -0.358041 -0.589776
0.785873 -0.359462 -0.503181
6
-0.194176 -0.160159 -0.967804
-0.258872 -0.106457 -0.960027
-0.350205 -0.137302 -0.926555
-0.359827 -0.233102 -0.903431
-0.290142 -0.290673 -0.911771
-0.203473 -0.259588 -0.944041
6
-0.372791 0.922567 -0.099483
-0.334386 0.923243 -0.189230
-0.239953 0.949653 -0.201450
-0.189200 0.974148 -0.123448
-0.227194 0.973108 -0.037986
-0.317520 0.947893 -0.026077
6
-0.915054 0.121407 -0.384626
-0.927103 0.201609 -0.315966
-0.949548 0.192923 -0.247262
-0.974243 0.096422 -0.203846
-0.963089 0.019305 -0.268491
-0.934061 0.033656 -0.355523
6
0.637748 -0.201111 0.743527
0.697955 -0.125406 0.705076
0.763440 -0.157651 0.626342
0.757972 -0.251934 0.601671
0.706014 -0.305075 0.639120
0.639009 -0.270436 0.720091
6
-0.285609 -0.947084 -0.146487
-0.273696 -0.934778 -0.226453
-0.350283 -0.890847 -0.289298
-0.429113 -0.868745 -0.247272
-0.446538 -0.880263 -0.160442
-0.370123 -0.923611 -0.099759
6
-0.757962 0.101881 0.644294
-0.710056 0.206035 0.673327
-0.633304 0.188970 0.750478
-0.617433 0.133149 0.775273
-0.664256 0.031431 0.746844
-0.710983 0.022908 0.702836
6
0.671014 -0.140613 -0.727990
0.731937 -0.128816 -0.669085
0.762371 -0.041212 -0.645826
0.715160 0.042513 -0.697667
0.640336 0.009643 -0.768034
0.625525 -0.059239 -0.777952
7
0.325037 0.582295 0.745173
0.388591 0.503278 0.771821
0.374899 0.455639 0.807368
0.266793 0.431437 0.861791
0.217755 0.459823 0.860898
0.199518 0.510936 0.836144
0.257217 0.587895 0.766954
6
-0.696060 -0.671640 -0.253773
-0.613523 -0.726784 -0.308827
-0.603063 -0.680886 -0.415582
-0.638135 -0.636183 -0.433653
-0.722377 -0.582563 -0.372546
-0.738854 -0.602266 -0.302276
6
-0.475335 -0.583490 0.658481
-0.401582 -0.552302 0.730544
-0.315557 -0.608318 0.728267
-0.303412 -0.667611 0.679880
-0.377689 -0.699834 0.606286
-0.462704 -0.645186 0.607980
6
0.460762 0.619321 -0.635720
0.392603 0.595873 -0.700570
0.406847 0.511302 -0.756998
0.471480 0.463863 -0.750025
0.547134 0.484969 -0.682238
0.532822 0.570702 -0.624820
6
-0.393836 0.705184 0.589584
-0.471987 0.643248 0.602877
-0.541077 0.643483 0.541447
-0.537501 0.705676 0.461643
-0.472565 0.758387 0.448923
-0.394242 0.761763 0.514091
7
-0.333619 -0.771090 -0.542326
-0.336025 -0.761412 -0.554382
-0.387151 -0.717847 -0.578627
-0.493675 -0.689561 -0.529897
-0.519579 -0.718371 -0.462581
-0.461446 -0.787492 -0.408563
-0.401842 -0.810165 -0.426796
6
0.288405 0.129707 -0.948683
0.352785 0.064626 -0.933470
0.446423 0.098170 -0.889421
0.448086 0.200992 -0.871104
0.391943 0.249307 -0.885566
0.296604 0.215954 -0.930263
6
-0.729779 0.555416 -0.398668
-0.688315 0.544666 -0.479127
-0.614235 0.608309 -0.502669
-0.587618 0.674912 -0.446317
-0.629351 0.687062 -0.363130
-0.707473 0.622111 -0.335351
6
-0.813189 -0.343092 0.470119
-0.801431 -0.420552 0.425258
-0.840380 -0.430645 0.329100
-0.889754 -0.348191 0.295129
-0.898750 -0.275785 0.340869
-0.860188 -0.269066 0.433220
6
0.904381 0.418124 -0.085242
0.943614 0.330016 -0.026130
0.944221 0.327000 0.038962
0.906276 0.408126 0.109989
0.881456 0.462841 0.093881
0.867806 0.496902 -0.000982
6
0.060425 -0.860504 0.505848
0.048698 -0.802151 0.595132
0.122702 -0.764810 0.632464
0.205302 -0.774752 0.598005
0.216798 -0.833683 0.507909
0.158297 -0.867088 0.472335
6
0.434872 -0.694821 -0.572808
0.343462 -0.759152 -0.552922
0.340145 -0.808439 -0.480342
0.405502 -0.811468 -0.420817
0.500115 -0.746165 -0.439457
0.509155 -0.713907 -0.480726
6
0.943573 -0.315752 0.099852
0.916154 -0.394910 0.068612
0.875404 -0.464643 0.133326
0.867107 -0.449499 0.214654
0.895995 -0.363038 0.255729
0.935360 -0.293396 0.197533
6
0.530215 -0.216672 -0.819710
0.486855 -0.256905 -0.834849
0.509479 -0.372196 -0.775823
0.581877 -0.377597 -0.720305
0.640465 -0.292817 -0.709973
0.626924 -0.230185 -0.744299
6
-0.055815 -0.974935 0.215376
-0.070764 -0.946605 0.314533
0.010232 -0.930473 0.366219
0.092479 -0.938507 0.332645
0.104563 -0.965905 0.236843
0.022624 -0.983067 0.181842
6
-0.401789 0.153550 0.902767
-0.333062 0.232372 0.913823
-0.239867 0.210689 0.947668
-0.226145 0.106100 0.968298
-0.282305 0.054254 0.957789
-0.375319 0.078667 0.923551
6
0.794180 0.588343 0.152085
0.830154 0.531689 0.167780
0.831900 0.484667 0.270258
0.788003 0.518490 0.331993
0.735740 0.596133 0.321422
0.732336 0.642877 0.224486
6
-0.112821 0.311023 -0.943682
-0.036132 0.253066 -0.966774
0.059877 0.292329 -0.954442
0.067835 0.372857 -0.925406
-0.010696 0.432196 -0.901716
-0.094764 0.398323 -0.912337
6
0.667186 0.578801 0.468884
0.674939 0.627407 0.388353
0.735740 0.596133 0.321422
0.788003 0.518490 0.331993
0.776542 0.467170 0.422770
0.724834 0.492383 0.481845
6
0.443444 -0.877682 -0.181749
0.453235 -0.846189 -0.280254
0.399804 -0.853404 -0.334454
0.306860 -0.898741 -0.313210
0.296752 -0.931018 -0.212468
0.381345 -0.911854 -0.151983
6
-0.217219 0.924582 0.312993
-0.113679 0.962050 0.248067
-0.033909 0.946361 0.321327
-0.055643 0.912052 0.406282
-0.142976 0.889715 0.433550
-0.218984 0.901419 0.373483
6
-0.962081 -0.268334 0.048963
-0.940846 -0.338832 0.000786
-0.937725 -0.332781 -0.099639
-0.959150 -0.244759 -0.141858
-0.979959 -0.175626 -0.094003
-0.983586 -0.180246 0.008330
6
-0.225307 -0.524612 -0.820987
-0.144474 -0.574802 -0.805438
-0.062172 -0.541805 -0.838201
-0.056182 -0.458569 -0.886881
-0.138021 -0.408128 -0.902431
-0.218628 -0.436958 -0.872508
6
0.849348 -0.504642 -0.154742
0.864347 -0.457380 -0.209066
0.829689 -0.467777 -0.304633
0.772194 -0.548521 -0.320688
0.752670 -0.619668 -0.222486
0.779468 -0.602120 -0.172862
6
0.768004 0.476513 -0.427908
0.813895 0.474493 -0.335308
0.791229 0.546780 -0.273840
0.736164 0.610012 -0.293170
0.689546 0.613498 -0.384898
0.713974 0.536327 -0.450105
6
-0.064024 -0.567480 0.820894
-0.076962 -0.489576 0.868557
0.011284 -0.434675 0.900517
0.086897 -0.463846 0.881644
0.103424 -0.546350 0.831147
0.015523 -0.598801 0.800747
6
-0.984692 0.164253 -0.058334
-0.958997 0.263145 -0.105262
-0.940966 0.337188 -0.029774
-0.944972 0.324035 0.045052
-0.969699 0.228613 0.086142
-0.987856 0.154794 0.013377
5
-0.017250 0.990836 0.133964
-0.112974 0.969703 0.216592
-0.206335 0.970189 0.127119
-0.171062 0.984474 0.039347
-0.074904 0.996794 0.028135
6
-0.772107 -0.625529 -0.112089
-0.705934 -0.687861 -0.168833
-0.696060 -0.671640 -0.253773
-0.738854 -0.602266 -0.302276
-0.806419 -0.539842 -0.241370
-0.817629 -0.551387 -0.165695
6
-0.556883 -0.517574 0.649614
-0.564178 -0.455470 0.688658
-0.491816 -0.421412 0.761925
-0.409602 -0.487030 0.771381
-0.401582 -0.552302 0.730544
-0.475335 -0.583490 0.658481
6
0.537701 0.231517 -0.810727
0.539207 0.318673 -0.779554
0.478272 0.374588 -0.794317
0.389556 0.345829 -0.853609
0.391943 0.249307 -0.885566
0.448086 0.200992 -0.871104
6
-0.050566 -0.714415 0.697893
0.029194 -0.674539 0.737661
0.109265 -0.695797 0.709878
0.122702 -0.764810 0.632464
0.048698 -0.802151 0.595132
-0.038902 -0.781782 0.622338
6
0.616810 0.695188 0.369133
0.674939 0.627407 0.388353
0.667186 0.578801 0.468884
0.598431 0.597600 0.533624
0.529873 0.679930 0.506883
0.545246 0.719508 0.430134
6
-0.137295 -0.681728 0.718608
-0.147827 -0.611617 0.777221
-0.064024 -0.567480 0.820894
0.015523 -0.598801 0.800747
0.029194 -0.674539 0.737661
-0.050566 -0.714415 0.697893
6
-0.777184 0.539482 0.323949
-0.730839 0.604161 0.317591
-0.665851 0.631834 0.396772
-0.669456 0.568114 0.478619
-0.736231 0.486836 0.470059
-0.778955 0.478259 0.405584
6
0.837312 0.214410 0.502929
0.812880 0.159746 0.560095
0.752905 0.182454 0.632332
0.716991 0.281676 0.637638
0.749974 0.341854 0.566281
0.801891 0.317561 0.506088
6
-0.809716 0.543090 -0.222293
-0.827060 0.535701 -0.170284
-0.886962 0.443841 -0.127687
-0.903319 0.369139 -0.218522
-0.885856 0.376265 -0.271449
-0.825357 0.469173 -0.314106
6
-0.335179 -0.374169 0.864669
-0.249032 -0.325049 0.912319
-0.170324 -0.370679 0.913010
-0.158251 -0.449431 0.879186
-0.244661 -0.499793 0.830872
-0.329054 -0.445656 0.832535
6
0.386381 0.758646 0.524563
0.391635 0.804205 0.447076
0.468293 0.794118 0.387400
0.545246 0.719508 0.430134
0.529873 0.679930 0.506883
0.462609 0.692229 0.553907
6
0.779266 0.624409 0.053453
0.826684 0.562176 -0.023485
0.867806 0.496902 -0.000982
0.881456 0.462841 0.093881
0.830154 0.531689 0.167780
0.794180 0.588343 0.152085
5
0.449089 -0.642960 0.620420
0.518772 -0.681974 0.515545
0.462956 -0.756779 0.461473
0.372631 -0.778329 0.505322
0.353456 -0.728376 0.586973
6
-0.458511 -0.038055 0.887873
-0.450550 -0.036051 0.892023
-0.336533 -0.103377 0.935980
-0.333684 -0.190775 0.923179
-0.416305 -0.236242 0.877998
-0.489698 -0.172822 0.854593
6
-0.987818 0.087449 -0.128719
-0.974243 0.096422 -0.203846
-0.949548 0.192923 -0.247262
-0.946858 0.271521 -0.172440
-0.958997 0.263145 -0.105262
-0.984692 0.164253 -0.058334
6
-0.914244 0.389148 0.112790
-0.944972 0.324035 0.045052
-0.940966 0.337188 -0.029774
-0.898341 0.433171 -0.073123
-0.867086 0.497877 0.016743
-0.876833 0.471927 0.091913
6
0.185436 0.092327 -0.978309
0.178554 -0.004414 -0.983920
0.235474 -0.053625 -0.970400
0.338280 -0.015833 -0.940912
0.352785 0.064626 -0.933470
0.288405 0.129707 -0.948683
6
-0.057063 0.931732 -0.358635
0.050216 0.930367 -0.363174
0.094952 0.955190 -0.280349
0.055112 0.976495 -0.208374
-0.049315 0.977745 -0.203919
-0.097058 0.951900 -0.290631
6
-0.597522 -0.295521 -0.745409
-0.591858 -0.226716 -0.773501
-0.653099 -0.143537 -0.743545
-0.724627 -0.172563 -0.667187
-0.729304 -0.245394 -0.638668
-0.667998 -0.322092 -0.670846
6
-0.416305 -0.236242 0.877998
-0.415928 -0.312664 0.853958
-0.494823 -0.353158 0.793996
-0.568058 -0.283537 0.772604
-0.557824 -0.189974 0.807925
-0.489698 -0.172822 0.854593
6
-0.142592 -0.778632 -0.611065
-0.227763 -0.732409 -0.641639
-0.336025 -0.761412 -0.554382
-0.333619 -0.771090 -0.542326
-0.227054 -0.842065 -0.489257
-0.150505 -0.834699 -0.529742
6
0.501809 0.709126 -0.495305
0.438364 0.695199 -0.569681
0.460762 0.619321 -0.635720
0.532822 0.570702 -0.624820
0.595660 0.584764 -0.550673
0.571851 0.662207 -0.484219
6
0.250715 0.173076 0.952463
0.190539 0.121027 0.974191
0.092575 0.152666 0.983932
0.076164 0.251071 0.964968
0.139669 0.305020 0.942049
0.234977 0.273585 0.932704
6
-0.557824 -0.189974 0.807925
-0.568058 -0.283537 0.772604
-0.637051 -0.305638 0.707638
-0.697377 -0.231019 0.678451
-0.690670 -0.154663 0.706437
-0.615236 -0.125450 0.778297
6
0.826776 -0.399617 0.395915
0.795180 -0.492753 0.353387
0.728890 -0.546353 0.412574
0.705369 -0.522223 0.479309
0.737316 -0.426732 0.523703
0.790668 -0.377170 0.482273
6
-0.112975 -0.028632 0.993185
-0.186413 -0.081775 0.979062
-0.266518 -0.050354 0.962514
-0.282305 0.054254 0.957789
-0.226145 0.106100 0.968298
-0.126991 0.079956 0.988676
6
0.864980 0.344621 0.364754
0.876906 0.395135 0.273688
0.907231 0.362187 0.213900
0.941797 0.262261 0.210327
0.939811 0.214125 0.266280
0.901068 0.240259 0.361042
6
0.030939 0.879397 0.475083
0.026507 0.853368 0.520635
-0.070679 0.818240 0.570516
-0.153497 0.841400 0.518156
-0.142976 0.889715 0.433550
-0.055643 0.912052 0.406282
6
0.109265 -0.695797 0.709878
0.191467 -0.645533 0.739343
0.267036 -0.658850 0.703284
0.280698 -0.726201 0.627567
0.205302 -0.774752 0.598005
0.122702 -0.764810 0.632464
6
-0.064024 -0.567480 0.820894
-0.147827 -0.611617 0.777221
-0.234652 -0.566797 0.789734
-0.244661 -0.499793 0.830872
-0.158251 -0.449431 0.879186
-0.076962 -0.489576 0.868557
6
-0.074904 0.996794 0.028135
-0.171062 0.984474 0.039347
-0.227194 0.973108 -0.037986
-0.189200 0.974148 -0.123448
-0.089145 0.987079 -0.133148
-0.035456 0.998657 -0.037767
6
-0.907084 -0.418936 0.041128
-0.894967 -0.422578 0.143042
-0.851058 -0.493943 0.178103
-0.815318 -0.564924 0.126956
-0.828381 -0.559561 0.025998
-0.870639 -0.491738 -0.013479
6
0.876906 0.395135 0.273688
0.831900 0.484667 0.270258
0.830154 0.531689 0.167780
0.881456 0.462841 0.093881
0.906276 0.408126 0.109989
0.907231 0.362187 0.213900
6
0.593427 -0.637377 -0.491522
0.658547 -0.638896 -0.397654
0.725837 -0.562612 -0.395762
0.728695 -0.503820 -0.463864
0.669425 -0.508924 -0.541172
0.598479 -0.591901 -0.539885
6
-0.466784 0.576578 0.670575
-0.391491 0.567788 0.724121
-0.383762 0.485179 0.785702
-0.448217 0.424866 0.786505
-0.527762 0.433593 0.730386
-0.539203 0.504784 0.674131
6
0.111827 -0.469627 -0.875754
0.024060 -0.422641 -0.905978
-0.056182 -0.458569 -0.886881
-0.062172 -0.541805 -0.838201
0.026039 -0.587805 -0.808583
0.101805 -0.551945 -0.827642
6
0.201948 0.971645 -0.122976
0.101834 0.987012 -0.124248
0.055112 0.976495 -0.208374
0.094952 0.955190 -0.280349
0.203501 0.938567 -0.278710
0.246132 0.947914 -0.202184
6
0.716991 0.281676 0.637638
0.658387 0.301591 0.689616
0.608541 0.400113 0.685264
0.641834 0.457922 0.615108
0.702345 0.437913 0.561198
0.749974 0.341854 0.566281
6
-0.450592 -0.348152 -0.822045
-0.444153 -0.261293 -0.857003
-0.509759 -0.195723 -0.837758
-0.591858 -0.226716 -0.773501
-0.597522 -0.295521 -0.745409
-0.528694 -0.370604 -0.763633
6
0.641834 0.457922 0.615108
0.582887 0.550162 0.597967
0.598431 0.597600 0.533624
0.667186 0.578801 0.468884
0.724834 0.492383 0.481845
0.702345 0.437913 0.561198
6
0.501809 0.709126 -0.495305
0.470326 0.776080 -0.420111
0.379844 0.817597 -0.432728
0.333863 0.802399 -0.494663
0.363467 0.734673 -0.572841
0.438364 0.695199 -0.569681
6
-0.312360 0.049671 -0.948664
-0.246684 -0.006641 -0.969073
-0.152777 0.027125 -0.987888
-0.139853 0.125095 -0.982238
-0.214711 0.182841 -0.959410
-0.294769 0.148938 -0.943890
6
-0.087655 -0.026004 -0.995811
-0.152777 0.027125 -0.987888
-0.246684 -0.006641 -0.969073
-0.258872 -0.106457 -0.960027
-0.194176 -0.160159 -0.967804
-0.097978 -0.127968 -0.986927
6
0.615143 -0.014290 0.788286
0.688904 -0.047155 0.723317
0.697955 -0.125406 0.705076
0.637748 -0.201111 0.743527
0.561266 -0.163032 0.811419
0.552337 -0.093512 0.828359
6
-0.238511 0.607397 0.757748
-0.156055 0.657408 0.737198
-0.078991 0.632013 0.770921
-0.073131 0.547031 0.833912
-0.136983 0.504010 0.852766
-0.230295 0.525872 0.818793
6
-0.996782 0.053138 0.060024
-0.986015 0.051855 0.158382
-0.978709 -0.040267 0.201264
-0.981054 -0.111143 0.158683
-0.992359 -0.110550 0.054788
-0.999823 -0.015075 0.011296
6
0.462609 0.692229 0.553907
0.529873 0.679930 0.506883
0.598431 0.597600 0.533624
0.582887 0.550162 0.597967
0.501541 0.559952 0.659477
0.438749 0.635452 0.635373
6
0.092479 -0.938507 0.332645
0.167234 -0.909933 0.379547
0.259934 -0.906080 0.333848
0.267364 -0.929595 0.253712
0.187737 -0.962238 0.197110
0.104563 -0.965905 0.236843
6
-0.070679 0.818240 0.570516
0.026507 0.853368 0.520635
0.113876 0.803805 0.583892
0.106950 0.768879 0.630387
0.007591 0.737044 0.675802
-0.070008 0.768803 0.635642
6
-0.129379 0.410848 0.902477
-0.193647 0.362086 0.911808
-0.285238 0.384184 0.878090
-0.298268 0.470725 0.830334
-0.230295 0.525872 0.818793
-0.136983 0.504010 0.852766
6
0.713974 0.536327 -0.450105
0.658852 0.530672 -0.533199
0.672953 0.444762 -0.591034
0.733158 0.380832 -0.563424
0.781644 0.392088 -0.485077
0.768004 0.476513 -0.427908
6
-0.438325 0.178422 -0.880930
-0.511134 0.234174 -0.826986
-0.572010 0.200290 -0.795418
-0.594308 0.105596 -0.797275
-0.543673 0.045348 -0.838071
-0.460316 0.075104 -0.884573
6
-0.382056 0.463202 -0.799673
-0.457965 0.505623 -0.731172
-0.528483 0.463059 -0.711535
-0.545476 0.379339 -0.747367
-0.485452 0.331890 -0.808817
-0.416855 0.363721 -0.833030
6
0.164454 0.411446 -0.896475
0.067835 0.372857 -0.925406
0.059877 0.292329 -0.954442
0.129593 0.235396 -0.963221
0.230839 0.273433 -0.933781
0.233884 0.360518 -0.902954
7
0.779468 -0.602120 -0.172862
0.752670 -0.619668 -0.222486
0.702578 -0.671505 -0.235513
0.654046 -0.737632 -0.167699
0.683639 -0.726789 -0.066445
0.737924 -0.674005 -0.034427
0.763439 -0.643811 -0.051658
7
0.598332 -0.537774 0.593968
0.622296 -0.568404 0.538205
0.581261 -0.648074 0.492073
0.518772 -0.681974 0.515545
0.449089 -0.642960 0.620420
0.451383 -0.622878 0.638966
0.496952 -0.570848 0.653583
6
-0.661576 0.357518 0.659165
-0.592128 0.351755 0.725019
-0.575648 0.283317 0.767047
-0.633304 0.188970 0.750478
-0.710056 0.206035 0.673327
-0.721301 0.259638 0.642116
6
-0.214711 0.182841 -0.959410
-0.139853 0.125095 -0.982238
-0.047344 0.162403 -0.985588
-0.036132 0.253066 -0.966774
-0.112821 0.311023 -0.943682
-0.195631 0.276614 -0.940858
6
0.234977 0.273585 0.932704
0.139669 0.305020 0.942049
0.120156 0.392864 0.911713
0.217755 0.459823 0.860898
0.266793 0.431437 0.861791
0.291201 0.317934 0.902286
6
-0.098538 -0.219265 0.970677
-0.169291 -0.186297 0.967798
-0.186413 -0.081775 0.979062
-0.112975 -0.028632 0.993185
-0.027464 -0.060222 0.997807
-0.011732 -0.161324 0.986832
6
0.162747 -0.319808 0.933400
0.246579 -0.252661 0.935607
0.324195 -0.281156 0.903244
0.339134 -0.364612 0.867206
0.255464 -0.432211 0.864830
0.175025 -0.401681 0.898899
6
0.565509 -0.749515 0.344132
0.485802 -0.782370 0.389735
0.462956 -0.756779 0.461473
0.518772 -0.681974 0.515545
0.581261 -0.648074 0.492073
0.622212 -0.672543 0.400672
6
0.056911 0.997373 -0.044816
0.114693 0.992402 0.044535
0.043343 0.988693 0.143557
-0.017250 0.990836 0.133964
-0.074904 0.996794 0.028135
-0.035456 0.998657 -0.037767
6
0.752905 0.182454 0.632332
0.715258 0.117198 0.688964
0.649770 0.139252 0.747267
0.613129 0.234308 0.754435
0.658387 0.301591 0.689616
0.716991 0.281676 0.637638
6
0.795180 -0.492753 0.353387
0.813033 -0.512388 0.276469
0.770465 -0.594881 0.229130
0.711434 -0.646103 0.276430
0.686001 -0.630515 0.363117
0.728890 -0.546353 0.412574
6
-0.704199 0.685062 -0.186532
-0.630607 0.747049 -0.210362
-0.586755 0.797753 -0.138957
-0.614939 0.786926 -0.050961
-0.686042 0.727069 -0.026774
-0.730231 0.675150 -0.104572
6
-0.858443 0.303025 -0.413825
-0.845008 0.219387 -0.487680
-0.784251 0.243253 -0.570770
-0.755804 0.310660 -0.576412
-0.770810 0.395989 -0.499044
-0.802263 0.392318 -0.449956
5
-0.637757 -0.751157 0.170380
-0.716285 -0.689696 0.106089
-0.765678 -0.623141 0.159478
-0.737670 -0.621394 0.264033
-0.655866 -0.700491 0.281340
6
0.204586 0.022857 0.978582
0.190539 0.121027 0.974191
0.250715 0.173076 0.952463
0.348213 0.137954 0.927209
0.366170 0.057088 0.928795
0.296447 -0.013534 0.954954
6
-0.089145 0.987079 -0.133148
-0.189200 0.974148 -0.123448
-0.239953 0.949653 -0.201450
-0.199750 0.938476 -0.281716
-0.097058 0.951900 -0.290631
-0.049315 0.977745 -0.203919
6
-0.025268 0.280401 0.959550
-0.035399 0.381707 0.923605
0.034247 0.428293 0.902991
0.120156 0.392864 0.911713
0.139669 0.305020 0.942049
0.076164 0.251071 0.964968
6
-0.400083 0.017588 -0.916310
-0.413300 -0.078719 -0.907186
-0.350205 -0.137302 -0.926555
-0.258872 -0.106457 -0.960027
-0.246684 -0.006641 -0.969073
-0.312360 0.049671 -0.948664
5
-0.450550 -0.036051 0.892023
-0.375319 0.078667 0.923551
-0.282305 0.054254 0.957789
-0.266518 -0.050354 0.962514
-0.336533 -0.103377 0.935980
6
-0.011732 -0.161324 0.986832
-0.027464 -0.060222 0.997807
0.046093 -0.004205 0.998928
0.133051 -0.035472 0.990474
0.148917 -0.133736 0.979764
0.067187 -0.194684 0.978562
6
-0.796343 0.599865 -0.077461
-0.813440 0.581562 -0.010033
-0.867086 0.497877 0.016743
-0.898341 0.433171 -0.073123
-0.886962 0.443841 -0.127687
-0.827060 0.535701 -0.170284
6
0.979608 -0.063588 0.190590
0.954650 -0.035109 0.295654
0.948213 0.059707 0.311972
0.959708 0.115947 0.255961
0.985003 0.085955 0.149603
0.991564 0.019166 0.128197
6
-0.564178 -0.455470 0.688658
-0.638080 -0.381585 0.668765
-0.637051 -0.305638 0.707638
-0.568058 -0.283537 0.772604
-0.494823 -0.353158 0.793996
-0.491816 -0.421412 0.761925
6
0.167234 -0.909933 0.379547
0.158297 -0.867088 0.472335
0.216798 -0.833683 0.507909
0.315299 -0.825963 0.467304
0.327740 -0.864445 0.381211
0.259934 -0.906080 0.333848
6
0.757972 -0.251934 0.601671
0.809388 -0.279817 0.516327
0.790668 -0.377170 0.482273
0.737316 -0.426732 0.523703
0.687167 -0.400004 0.606464
0.706014 -0.305075 0.639120
6
0.788455 -0.414274 -0.454660
0.837522 -0.409374 -0.361898
0.883696 -0.319050 -0.342474
0.880055 -0.252197 -0.402367
0.833253 -0.263622 -0.485997
0.785873 -0.359462 -0.503181
6
0.085765 0.555773 0.826898
0.199518 0.510936 0.836144
0.217755 0.459823 0.860898
0.120156 0.392864 0.911713
0.034247 0.428293 0.902991
0.025656 0.517427 0.855342
6
-0.833661 0.170824 0.525193
-0.799362 0.094034 0.593446
-0.831832 -0.008491 0.554963
-0.877409 -0.012552 0.479579
-0.899722 0.056618 0.432776
-0.867323 0.160876 0.471031
6
-0.872058 0.139866 -0.468991
-0.915054 0.121407 -0.384626
-0.934061 0.033656 -0.355523
-0.910545 -0.040847 -0.411387
-0.870730 -0.029602 -0.490870
-0.847370 0.061892 -0.527384
6
0.136487 0.916890 0.375079
0.133138 0.902327 0.409975
0.030939 0.879397 0.475083
-0.055643 0.912052 0.406282
-0.033909 0.946361 0.321327
0.051591 0.953235 0.297796
6
0.339134 -0.364612 0.867206
0.324195 -0.281156 0.903244
0.406214 -0.205115 0.890460
0.487458 -0.243818 0.838414
0.492434 -0.309205 0.813573
0.410268 -0.386026 0.826235
6
-0.050566 -0.714415 0.697893
-0.038902 -0.781782 0.622338
-0.110057 -0.809151 0.577202
-0.201310 -0.776909 0.596563
-0.212266 -0.713420 0.667814
-0.137295 -0.681728 0.718608
6
0.791229 0.546780 -0.273840
0.825045 0.536473 -0.177475
0.803834 0.583763 -0.114329
0.739004 0.661196 -0.129201
0.703694 0.673884 -0.225155
0.736164 0.610012 -0.293170
6
0.105592 -0.699991 -0.706302
0.017092 -0.663498 -0.747983
-0.058936 -0.692088 -0.719403
-0.067021 -0.759239 -0.647352
0.020172 -0.794062 -0.607502
0.100133 -0.764071 -0.637314
6
-0.422757 0.902179 0.085724
-0.489790 0.871786 0.009737
-0.455405 0.886185 -0.085340
-0.372791 0.922567 -0.099483
-0.317520 0.947893 -0.026077
-0.352864 0.933052 0.070005
6
0.090795 -0.873067 -0.479072
0.013153 -0.851202 -0.524673
-0.070066 -0.868957 -0.489902
-0.077596 -0.914318 -0.397495
-0.009804 -0.935611 -0.352896
0.083628 -0.918593 -0.386257
6
-0.944972 0.324035 0.045052
-0.914244 0.389148 0.112790
-0.908532 0.348909 0.229854
-0.925209 0.295428 0.238141
-0.964153 0.213701 0.157294
-0.969699 0.228613 0.086142
6
0.732336 0.642877 0.224486
0.735740 0.596133 0.321422
0.674939 0.627407 0.388353
0.616810 0.695188 0.369133
0.615642 0.737895 0.276579
0.686867 0.696516 0.207553
6
-0.801431 -0.420552 0.425258
-0.744081 -0.487476 0.456849
-0.720178 -0.564778 0.402951
-0.757547 -0.573450 0.311894
-0.823906 -0.490458 0.283954
-0.840380 -0.430645 0.329100
6
-0.311274 0.855153 0.414513
-0.313276 0.814383 0.488507
-0.394242 0.761763 0.514091
-0.472565 0.758387 0.448923
-0.460801 0.809534 0.363754
-0.392983 0.852219 0.345380
6
-0.489698 -0.172822 0.854593
-0.557824 -0.189974 0.807925
-0.615236 -0.125450 0.778297
-0.607052 -0.045418 0.793363
-0.516409 -0.002192 0.856339
-0.458511 -0.038055 0.887873
6
0.848969 -0.102342 -0.518438
0.817194 -0.023264 -0.575893
0.762371 -0.041212 -0.645826
0.731937 -0.128816 -0.669085
0.762817 -0.203830 -0.613648
0.816404 -0.194761 -0.543648
6
0.736237 0.295804 -0.608651
0.792527 0.219424 -0.568994
0.839547 0.239634 -0.487582
0.836162 0.318769 -0.446341
0.781644 0.392088 -0.485077
0.733158 0.380832 -0.563424
6
0.015523 -0.598801 0.800747
0.103424 -0.546350 0.831147
0.176012 -0.568523 0.803618
0.191467 -0.645533 0.739343
0.109265 -0.695797 0.709878
0.029194 -0.674539 0.737661
6
-0.392983 0.852219 0.345380
-0.460801 0.809534 0.363754
-0.537258 0.792206 0.289418
-0.515695 0.833740 0.197320
-0.452055 0.873262 0.181822
-0.374026 0.891015 0.257286
6
-0.596901 0.743224 0.302202
-0.664955 0.713080 0.222150
-0.645758 0.751510 0.135014
-0.584775 0.802419 0.119004
-0.515695 0.833740 0.197320
-0.537258 0.792206 0.289418
6
-0.374552 0.735700 -0.564319
-0.454811 0.702288 -0.547667
-0.493726 0.623067 -0.606648
-0.428259 0.592209 -0.682556
-0.358538 0.624436 -0.693924
-0.320886 0.702630 -0.635093
6
0.315117 0.852460 0.417150
0.308295 0.892706 0.328679
0.389476 0.883006 0.261932
0.474992 0.817052 0.326818
0.468293 0.794118 0.387400
0.391635 0.804205 0.447076
6
0.976330 -0.137551 0.166913
0.950183 -0.214000 0.226618
0.926175 -0.188143 0.326805
0.931877 -0.095257 0.350044
0.954650 -0.035109 0.295654
0.979608 -0.063588 0.190590
6
-0.796343 0.599865 -0.077461
-0.730231 0.675150 -0.104572
-0.686042 0.727069 -0.026774
-0.704076 0.708216 0.052023
-0.769141 0.634004 0.080381
-0.813440 0.581562 -0.010033
6
-0.296020 -0.381060 -0.875880
-0.218628 -0.436958 -0.872508
-0.138021 -0.408128 -0.902431
-0.129080 -0.312698 -0.941041
-0.203473 -0.259588 -0.944041
-0.290142 -0.290673 -0.911771
6
0.025656 0.517427 0.855342
-0.073131 0.547031 0.833912
-0.078991 0.632013 0.770921
0.009688 0.671303 0.741120
0.082825 0.635326 0.767790
0.085765 0.555773 0.826898
6
-0.107103 -0.970511 -0.215956
-0.116184 -0.984823 -0.128941
-0.034238 -0.997023 -0.069092
0.049628 -0.993020 -0.106994
0.060594 -0.977048 -0.204220
-0.017560 -0.966246 -0.257022
6
0.988604 0.149941 -0.013418
0.980589 0.178267 0.081646
0.967282 0.232401 0.101761
0.944221 0.327000 0.038962
0.943614 0.330016 -0.026130
0.965911 0.240440 -0.095940
6
-0.825357 0.469173 -0.314106
-0.885856 0.376265 -0.271449
-0.886399 0.295692 -0.356177
-0.858443 0.303025 -0.413825
-0.802263 0.392318 -0.449956
-0.802332 0.473269 -0.363703
6
0.352332 -0.339537 -0.872111
0.270530 -0.298901 -0.915135
0.197004 -0.339412 -0.919777
0.185660 -0.429688 -0.883685
0.277959 -0.473629 -0.835712
0.357329 -0.408597 -0.839859
6
0.344857 -0.533944 0.771995
0.344776 -0.599366 0.722420
0.267036 -0.658850 0.703284
0.191467 -0.645533 0.739343
0.176012 -0.568523 0.803618
0.263352 -0.507470 0.820439
6
-0.729821 0.422143 0.537732
-0.736231 0.486836 0.470059
-0.669456 0.568114 0.478619
-0.612095 0.574254 0.543665
-0.606651 0.507212 0.612136
-0.674063 0.423282 0.605368
6
-0.870730 -0.029602 -0.490870
-0.832216 -0.112775 -0.542861
-0.776190 -0.089529 -0.624110
-0.761955 -0.015626 -0.647441
-0.802354 0.069749 -0.592759
-0.847370 0.061892 -0.527384
6
0.100133 -0.764071 -0.637314
0.182405 -0.787560 -0.588623
0.267221 -0.744001 -0.612418
0.271052 -0.685238 -0.676003
0.188024 -0.657183 -0.729902
0.105592 -0.699991 -0.706302
6
0.249794 0.529707 -0.810564
0.244086 0.607392 -0.755974
0.119199 0.660525 -0.741281
0.092472 0.642863 -0.760379
0.091203 0.538485 -0.837685
0.163739 0.497233 -0.852026
6
-0.610127 0.689950 0.389504
-0.665851 0.631834 0.396772
-0.730839 0.604161 0.317591
-0.719173 0.653868 0.235045
-0.664955 0.713080 0.222150
-0.596901 0.743224 0.302202
6
0.985709 -0.038518 -0.163996
0.963098 -0.060083 -0.262358
0.946639 -0.145662 -0.287502
0.949754 -0.215169 -0.227310
0.972762 -0.194584 -0.125980
0.988562 -0.111006 -0.102096
6
-0.471987 0.643248 0.602877
-0.393836 0.705184 0.589584
-0.319479 0.696724 0.642268
-0.316644 0.623815 0.714557
-0.391491 0.567788 0.724121
-0.466784 0.576578 0.670575
6
-0.937032 0.055278 0.344840
-0.899722 0.056618 0.432776
-0.877409 -0.012552 0.479579
-0.892884 -0.108870 0.436926
-0.931521 -0.112485 0.345856
-0.951829 -0.039001 0.304139
6
0.297582 0.755983 0.583039
0.286875 0.721509 0.630180
0.189890 0.704958 0.683357
0.106950 0.768879 0.630387
0.113876 0.803805 0.583892
0.214625 0.823050 0.525856
6
0.441422 -0.437335 -0.783508
0.509479 -0.372196 -0.775823
0.486855 -0.256905 -0.834849
0.443734 -0.254732 -0.859192
0.352332 -0.339537 -0.872111
0.357329 -0.408597 -0.839859
6
0.344649 0.871357 -0.349218
0.386192 0.878572 -0.281010
0.345051 0.918180 -0.194644
0.246132 0.947914 -0.202184
0.203501 0.938567 -0.278710
0.241652 0.902137 -0.357426
6
-0.335179 -0.374169 0.864669
-0.415928 -0.312664 0.853958
-0.416305 -0.236242 0.877998
-0.333684 -0.190775 0.923179
-0.257936 -0.239732 0.935948
-0.249032 -0.325049 0.912319
6
0.478272 0.374588 -0.794317
0.471480 0.463863 -0.750025
0.406847 0.511302 -0.756998
0.321754 0.483398 -0.814126
0.327259 0.393693 -0.859015
0.389556 0.345829 -0.853609
6
0.379844 0.817597 -0.432728
0.344649 0.871357 -0.349218
0.241652 0.902137 -0.357426
0.198764 0.883308 -0.424570
0.233109 0.832659 -0.502333
0.333863 0.802399 -0.494663
6
0.586320 -0.765490 0.265053
0.521899 -0.828271 0.203931
0.433867 -0.862337 0.261027
0.421601 -0.844297 0.330780
0.485802 -0.782370 0.389735
0.565509 -0.749515 0.344132
6
0.922319 0.180201 -0.341841
0.952006 0.104120 -0.287824
0.973200 0.117377 -0.197749
0.960054 0.234409 -0.152804
0.939095 0.277277 -0.203024
0.915301 0.253015 -0.313380
6
0.249940 -0.854123 -0.456074
0.340145 -0.808439 -0.480342
0.343462 -0.759152 -0.552922
0.267221 -0.744001 -0.612418
0.182405 -0.787560 -0.588623
0.177071 -0.842941 -0.508031
6
0.626924 -0.230185 -0.744299
0.640465 -0.292817 -0.709973
0.714162 -0.300731 -0.632087
0.762817 -0.203830 -0.613648
0.731937 -0.128816 -0.669085
0.671014 -0.140613 -0.727990
6
0.233109 0.832659 -0.502333
0.186945 0.806549 -0.560830
0.216981 0.743524 -0.632528
0.290190 0.711421 -0.640054
0.363467 0.734673 -0.572841
0.333863 0.802399 -0.494663
6
-0.637051 -0.305638 0.707638
-0.638080 -0.381585 0.668765
-0.700668 -0.402605 0.589044
-0.760950 -0.326898 0.560440
-0.761279 -0.253271 0.596915
-0.697377 -0.231019 0.678451
6
0.833293 -0.552825 0.002779
0.832144 -0.547692 0.087002
0.875404 -0.464643 0.133326
0.916154 -0.394910 0.068612
0.909994 -0.413742 -0.027005
0.868406 -0.492691 -0.055922
6
-0.460153 -0.887255 0.032214
-0.527445 -0.849401 -0.017880
-0.595130 -0.803361 0.020773
-0.592103 -0.791499 0.151471
-0.552836 -0.814850 0.174334
-0.458085 -0.880331 0.123191
6
-0.937032 0.055278 0.344840
-0.951829 -0.039001 0.304139
-0.978709 -0.040267 0.201264
-0.986015 0.051855 0.158382
-0.972033 0.120335 0.201670
-0.946127 0.119070 0.301107
6
0.801891 0.317561 0.506088
0.824473 0.372090 0.426373
0.864980 0.344621 0.364754
0.901068 0.240259 0.361042
0.887857 0.190097 0.419014
0.837312 0.214410 0.502929
6
0.246579 -0.252661 0.935607
0.162747 -0.319808 0.933400
0.081633 -0.286421 0.954620
0.067187 -0.194684 0.978562
0.148917 -0.133736 0.979764
0.230515 -0.165630 0.958869
6
-0.690670 -0.154663 0.706437
-0.742571 -0.075451 0.665504
-0.710983 0.022908 0.702836
-0.664256 0.031431 0.746844
-0.607052 -0.045418 0.793363
-0.615236 -0.125450 0.778297
6
0.496952 -0.570848 0.653583
0.451383 -0.622878 0.638966
0.344776 -0.599366 0.722420
0.344857 -0.533944 0.771995
0.423413 -0.470009 0.774476
0.486884 -0.480507 0.729423
6
-0.218984 0.901419 0.373483
-0.142976 0.889715 0.433550
-0.153497 0.841400 0.518156
-0.235870 0.805483 0.543657
-0.313276 0.814383 0.488507
-0.311274 0.855153 0.414513
6
-0.294769 0.148938 -0.943890
-0.214711 0.182841 -0.959410
-0.195631 0.276614 -0.940858
-0.275617 0.335232 -0.900919
-0.342423 0.309185 -0.887215
-0.371595 0.207554 -0.904897
6
-0.655866 -0.700491 0.281340
-0.737670 -0.621394 0.264033
-0.757547 -0.573450 0.311894
-0.720178 -0.564778 0.402951
-0.657361 -0.618246 0.430870
-0.608754 -0.711931 0.350104
6
-0.790608 0.323821 0.519691
-0.729821 0.422143 0.537732
-0.674063 0.423282 0.605368
-0.661576 0.357518 0.659165
-0.721301 0.259638 0.642116
-0.786487 0.273517 0.553739
6
0.382359 -0.160408 -0.909984
0.403711 -0.092848 -0.910163
0.338280 -0.015833 -0.940912
0.235474 -0.053625 -0.970400
0.227570 -0.154200 -0.961475
0.280056 -0.197531 -0.939441
6
0.772194 -0.548521 -0.320688
0.725837 -0.562612 -0.395762
0.658547 -0.638896 -0.397654
0.644378 -0.683419 -0.343098
0.702578 -0.671505 -0.235513
0.752670 -0.619668 -0.222486
6
0.441422 -0.437335 -0.783508
0.442026 -0.507275 -0.739787
0.523832 -0.528723 -0.667872
0.594725 -0.447157 -0.668097
0.581877 -0.377597 -0.720305
0.509479 -0.372196 -0.775823
6
-0.908033 -0.305055 -0.287085
-0.887368 -0.390523 -0.245090
-0.840681 -0.455731 -0.292515
-0.811435 -0.442112 -0.382244
-0.831412 -0.357793 -0.425133
-0.876414 -0.290845 -0.383807
6
0.837312 0.214410 0.502929
0.887857 0.190097 0.419014
0.908388 0.086805 0.409020
0.885899 0.032148 0.462763
0.833881 0.057682 0.548922
0.812880 0.159746 0.560095
6
-0.950451 -0.269997 0.154092
-0.916714 -0.350759 0.191322
-0.894967 -0.422578 0.143042
-0.907084 -0.418936 0.041128
-0.940846 -0.338832 0.000786
-0.962081 -0.268334 0.048963
6
0.749974 0.341854 0.566281
0.702345 0.437913 0.561198
0.724834 0.492383 0.481845
0.776542 0.467170 0.422770
0.824473 0.372090 0.426373
0.801891 0.317561 0.506088
6
0.979608 -0.063588 0.190590
0.991564 0.019166 0.128197
0.999654 -0.008535 0.024896
0.996254 -0.086479 -0.000086
0.984437 -0.163841 0.063554
0.976330 -0.137551 0.166913
6
0.737924 -0.674005 -0.034427
0.683639 -0.726789 -0.066445
0.609565 -0.792736 0.000781
0.610380 -0.788723 0.073156
0.672239 -0.729103 0.128463
0.727128 -0.680419 0.091183
7
-0.508918 -0.809810 0.291907
-0.552836 -0.814850 0.174334
-0.592103 -0.791499 0.151471
-0.637757 -0.751157 0.170380
-0.655866 -0.700491 0.281340
-0.608754 -0.711931 0.350104
-0.590310 -0.724620 0.355612
6
0.763440 -0.157651 0.626342
0.807803 -0.098931 0.581091
0.859190 -0.125601 0.496001
0.853536 -0.224420 0.470225
0.809388 -0.279817 0.516327
0.757972 -0.251934 0.601671
6
-0.055815 -0.974935 0.215376
-0.141475 -0.977597 0.155851
-0.216731 -0.957751 0.189051
-0.230401 -0.930495 0.284771
-0.145199 -0.928429 0.341961
-0.070764 -0.946605 0.314533
6
-0.876833 0.471927 0.091913
-0.867086 0.497877 0.016743
-0.813440 0.581562 -0.010033
-0.769141 0.634004 0.080381
-0.778162 0.611006 0.145382
-0.832949 0.524707 0.175722
6
-0.275617 0.335232 -0.900919
-0.239831 0.435548 -0.867628
-0.325423 0.487450 -0.810242
-0.382056 0.463202 -0.799673
-0.416855 0.363721 -0.833030
-0.342423 0.309185 -0.887215
6
0.985003 0.085955 0.149603
0.959708 0.115947 0.255961
0.939811 0.214125 0.266280
0.941797 0.262261 0.210327
0.967282 0.232401 0.101761
0.980589 0.178267 0.081646
6
0.675576 0.275994 -0.683685
0.670878 0.193440 -0.715894
0.726843 0.115891 -0.676956
0.787108 0.142667 -0.600090
0.792527 0.219424 -0.568994
0.736237 0.295804 -0.608651
6
-0.169291 -0.186297 0.967798
-0.098538 -0.219265 0.970677
-0.080836 -0.313991 0.945978
-0.170324 -0.370679 0.913010
-0.249032 -0.325049 0.912319
-0.257936 -0.239732 0.935948
6
-0.320886 0.702630 -0.635093
-0.358538 0.624436 -0.693924
-0.283335 0.582506 -0.761845
-0.221931 0.602384 -0.766734
-0.178214 0.683924 -0.707451
-0.230170 0.727677 -0.646149
7
0.486855 -0.256905 -0.834849
0.530215 -0.216672 -0.819710
0.536628 -0.096779 -0.838251
0.491175 -0.059551 -0.869023
0.403711 -0.092848 -0.910163
0.382359 -0.160408 -0.909984
0.443734 -0.254732 -0.859192
5
0.779468 -0.602120 -0.172862
0.763439 -0.643811 -0.051658
0.833293 -0.552825 0.002779
0.868406 -0.492691 -0.055922
0.849348 -0.504642 -0.154742
6
0.296752 -0.931018 -0.212468
0.306860 -0.898741 -0.313210
0.243817 -0.898579 -0.364840
0.151851 -0.928958 -0.337608
0.142244 -0.960731 -0.238248
0.223753 -0.957500 -0.182010
6
-0.772107 -0.625529 -0.112089
-0.775621 -0.630419 -0.031370
-0.717455 -0.696162 0.024835
-0.657831 -0.752800 -0.023473
-0.653177 -0.747322 -0.121941
-0.705934 -0.687861 -0.168833
6
0.763439 -0.643811 -0.051658
0.737924 -0.674005 -0.034427
0.727128 -0.680419 0.091183
0.783391 -0.605508 0.140213
0.832144 -0.547692 0.087002
0.833293 -0.552825 0.002779
6
0.912280 -0.000655 -0.409566
0.893959 -0.087723 -0.439479
0.910857 -0.163392 -0.379002
0.946639 -0.145662 -0.287502
0.963098 -0.060083 -0.262358
0.946679 0.015751 -0.321792
6
0.529475 -0.837497 0.135111
0.610380 -0.788723 0.073156
0.609565 -0.792736 0.000781
0.535895 -0.842044 -0.061472
0.455260 -0.890294 0.010692
0.453628 -0.888617 0.067689
6
-0.213212 -0.977004 -0.002024
-0.127617 -0.989877 0.062112
-0.046776 -0.998595 0.024882
-0.034238 -0.997023 -0.069092
-0.116184 -0.984823 -0.128941
-0.204887 -0.975287 -0.082682
6
0.706014 -0.305075 0.639120
0.687167 -0.400004 0.606464
0.631555 -0.442735 0.636494
0.565100 -0.409975 0.715948
0.567774 -0.346274 0.746811
0.639009 -0.270436 0.720091
6
-0.557582 0.829712 0.026087
-0.584775 0.802419 0.119004
-0.645758 0.751510 0.135014
-0.704076 0.708216 0.052023
-0.686042 0.727069 -0.026774
-0.614939 0.786926 -0.050961
6
0.610533 0.429626 -0.665335
0.547134 0.484969 -0.682238
0.471480 0.463863 -0.750025
0.478272 0.374588 -0.794317
0.539207 0.318673 -0.779554
0.615119 0.342295 -0.710255
6
0.639009 -0.270436 0.720091
0.567774 -0.346274 0.746811
0.492434 -0.309205 0.813573
0.487458 -0.243818 0.838414
0.561266 -0.163032 0.811419
0.637748 -0.201111 0.743527
6
-0.069765 0.127560 0.989374
-0.081515 0.235245 0.968512
-0.025268 0.280401 0.959550
0.076164 0.251071 0.964968
0.092575 0.152666 0.983932
0.029971 0.099003 0.994636
6
-0.172372 -0.917569 -0.358268
-0.242396 -0.880251 -0.407924
-0.331371 -0.869495 -0.366295
-0.350283 -0.890847 -0.289298
-0.273696 -0.934778 -0.226453
-0.183444 -0.944840 -0.271343
6
0.104563 -0.965905 0.236843
0.187737 -0.962238 0.197110
0.199799 -0.974016 0.106642
0.118207 -0.991855 0.047440
0.036374 -0.995789 0.084146
0.022624 -0.983067 0.181842
6
-0.757547 -0.573450 0.311894
-0.737670 -0.621394 0.264033
-0.765678 -0.623141 0.159478
-0.815318 -0.564924 0.126956
-0.851058 -0.493943 0.178103
-0.823906 -0.490458 0.283954
5
-0.594308 0.105596 -0.797275
-0.572010 0.200290 -0.795418
-0.646597 0.264214 -0.715614
-0.714467 0.167091 -0.679425
-0.674192 0.075376 -0.734699
6
0.558793 0.789707 0.253206
0.544972 0.822392 0.163331
0.614737 0.783607 0.089765
0.671783 0.732810 0.108154
0.686867 0.696516 0.207553
0.615642 0.737895 0.276579
6
-0.784752 -0.338655 -0.519112
-0.831412 -0.357793 -0.425133
-0.811435 -0.442112 -0.382244
-0.755800 -0.500865 -0.421783
-0.713633 -0.481255 -0.509039
-0.721927 -0.418523 -0.551054
6
-0.714467 0.167091 -0.679425
-0.760010 0.166763 -0.628152
-0.802354 0.069749 -0.592759
-0.761955 -0.015626 -0.647441
-0.693003 0.011488 -0.720844
-0.674192 0.075376 -0.734699
6
0.904381 0.418124 -0.085242
0.867806 0.496902 -0.000982
0.826684 0.562176 -0.023485
0.803834 0.583763 -0.114329
0.825045 0.536473 -0.177475
0.891441 0.424231 -0.159251
6
-0.172372 -0.917569 -0.358268
-0.183444 -0.944840 -0.271343
-0.107103 -0.970511 -0.215956
-0.017560 -0.966246 -0.257022
-0.009804 -0.935611 -0.352896
-0.077596 -0.914318 -0.397495
6
-0.011732 -0.161324 0.986832
0.067187 -0.194684 0.978562
0.081633 -0.286421 0.954620
-0.005621 -0.347107 0.937809
-0.080836 -0.313991 0.945978
-0.098538 -0.219265 0.970677
6
0.518525 0.834793 -0.185073
0.478581 0.835958 -0.268578
0.516508 0.783723 -0.344961
0.594309 0.733637 -0.329504
0.637524 0.731592 -0.241529
0.598081 0.783017 -0.170833
6
-0.603063 -0.680886 -0.415582
-0.613523 -0.726784 -0.308827
-0.566769 -0.775889 -0.277072
-0.503161 -0.807712 -0.307294
-0.461446 -0.787492 -0.408563
-0.519579 -0.718371 -0.462581
6
0.589388 0.807808 -0.008197
0.614737 0.783607 0.089765
0.544972 0.822392 0.163331
0.484174 0.863508 0.141174
0.458677 0.887158 0.050653
0.507635 0.861317 -0.020968
5
-0.311091 -0.859327 0.405931
-0.298613 -0.902194 0.311250
-0.385208 -0.888757 0.248448
-0.467043 -0.828687 0.308462
-0.413680 -0.809814 0.416018
6
-0.221931 0.602384 -0.766734
-0.283335 0.582506 -0.761845
-0.325423 0.487450 -0.810242
-0.239831 0.435548 -0.867628
-0.181130 0.456331 -0.871180
-0.140381 0.550646 -0.822850
6
0.800036 -0.000602 0.599951
0.737632 0.025297 0.674729
0.715258 0.117198 0.688964
0.752905 0.182454 0.632332
0.812880 0.159746 0.560095
0.833881 0.057682 0.548922
6
-0.044650 -0.280319 -0.958868
-0.034670 -0.177434 -0.983522
-0.097978 -0.127968 -0.986927
-0.194176 -0.160159 -0.967804
-0.203473 -0.259588 -0.944041
-0.129080 -0.312698 -0.941041
6
-0.832949 0.524707 0.175722
-0.778162 0.611006 0.145382
-0.719173 0.653868 0.235045
-0.730839 0.604161 0.317591
-0.777184 0.539482 0.323949
-0.832288 0.499605 0.240190
6
0.586340 0.085014 -0.805591
0.640336 0.009643 -0.768034
0.715160 0.042513 -0.697667
0.726843 0.115891 -0.676956
0.670878 0.193440 -0.715894
0.595655 0.166202 -0.785858
6
0.455062 0.020044 0.890234
0.518663 0.095996 0.849573
0.597248 0.064501 0.799459
0.615143 -0.014290 0.788286
0.552337 -0.093512 0.828359
0.469625 -0.055234 0.881136
6
0.641834 0.457922 0.615108
0.608541 0.400113 0.685264
0.545897 0.414102 0.728366
0.484609 0.507500 0.712459
0.501541 0.559952 0.659477
0.582887 0.550162 0.597967
6
-0.371595 0.207554 -0.904897
-0.342423 0.309185 -0.887215
-0.416855 0.363721 -0.833030
-0.485452 0.331890 -0.808817
-0.511134 0.234174 -0.826986
-0.438325 0.178422 -0.880930
6
-0.035456 0.998657 -0.037767
-0.089145 0.987079 -0.133148
-0.049315 0.977745 -0.203919
0.055112 0.976495 -0.208374
0.101834 0.987012 -0.124248
0.056911 0.997373 -0.044816
6
0.187737 -0.962238 0.197110
0.267364 -0.929595 0.253712
0.359717 -0.912189 0.196251
0.365547 -0.921160 0.133563
0.281815 -0.957253 0.065174
0.199799 -0.974016 0.106642
6
-0.984692 0.164253 -0.058334
-0.987856 0.154794 0.013377
-0.996782 0.053138 0.060024
-0.999823 -0.015075 0.011296
-0.996474 -0.011579 -0.083098
-0.987818 0.087449 -0.128719
6
0.885899 0.032148 0.462763
0.908388 0.086805 0.409020
0.948213 0.059707 0.311972
0.954650 -0.035109 0.295654
0.931877 -0.095257 0.350044
0.892735 -0.068477 0.445348
6
-0.450592 -0.348152 -0.822045
-0.528694 -0.370604 -0.763633
-0.532314 -0.450841 -0.716508
-0.461609 -0.513582 -0.723291
-0.380847 -0.489050 -0.784720
-0.379865 -0.409775 -0.829329
6
0.223753 -0.957500 -0.182010
0.210996 -0.973811 -0.084698
0.294803 -0.955317 -0.021487
0.368884 -0.927581 -0.059318
0.381345 -0.911854 -0.151983
0.296752 -0.931018 -0.212468
6
0.263352 -0.507470 0.820439
0.255464 -0.432211 0.864830
0.339134 -0.364612 0.867206
0.410268 -0.386026 0.826235
0.423413 -0.470009 0.774476
0.344857 -0.533944 0.771995
6
-0.389408 -0.903651 0.178261
-0.385208 -0.888757 0.248448
-0.298613 -0.902194 0.311250
-0.230401 -0.930495 0.284771
-0.216731 -0.957751 0.189051
-0.302369 -0.944917 0.125323
6
-0.458085 -0.880331 0.123191
-0.389408 -0.903651 0.178261
-0.302369 -0.944917 0.125323
-0.298634 -0.953227 0.046641
-0.378280 -0.925568 -0.015125
-0.460153 -0.887255 0.032214
6
0.241652 0.902137 -0.357426
0.203501 0.938567 -0.278710
0.094952 0.955190 -0.280349
0.050216 0.930367 -0.363174
0.087733 0.900217 -0.426513
0.198764 0.883308 -0.424570
6
-0.507389 0.846957 -0.158808
-0.470980 0.846908 -0.246830
-0.383249 0.885378 -0.263109
-0.334386 0.923243 -0.189230
-0.372791 0.922567 -0.099483
-0.455405 0.886185 -0.085340
6
-0.401842 -0.810165 -0.426796
-0.461446 -0.787492 -0.408563
-0.503161 -0.807712 -0.307294
-0.429113 -0.868745 -0.247272
-0.350283 -0.890847 -0.289298
-0.331371 -0.869495 -0.366295
6
-0.539203 0.504784 0.674131
-0.527762 0.433593 0.730386
-0.592128 0.351755 0.725019
-0.661576 0.357518 0.659165
-0.674063 0.423282 0.605368
-0.606651 0.507212 0.612136
6
-0.461609 -0.513582 -0.723291
-0.455368 -0.582938 -0.672921
-0.385004 -0.637763 -0.667106
-0.307242 -0.628779 -0.714310
-0.303221 -0.546352 -0.780741
-0.380847 -0.489050 -0.784720
6
-0.070764 -0.946605 0.314533
-0.145199 -0.928429 0.341961
-0.159574 -0.883081 0.441252
-0.097850 -0.867164 0.488316
-0.002815 -0.885882 0.463903
0.010232 -0.930473 0.366219
6
-0.313276 0.814383 0.488507
-0.235870 0.805483 0.543657
-0.238952 0.744289 0.623647
-0.319479 0.696724 0.642268
-0.393836 0.705184 0.589584
-0.394242 0.761763 0.514091
5
-0.541453 -0.600477 -0.588435
-0.493675 -0.689561 -0.529897
-0.387151 -0.717847 -0.578627
-0.385004 -0.637763 -0.667106
-0.455368 -0.582938 -0.672921
6
-0.845008 0.219387 -0.487680
-0.858443 0.303025 -0.413825
-0.886399 0.295692 -0.356177
-0.927103 0.201609 -0.315966
-0.915054 0.121407 -0.384626
-0.872058 0.139866 -0.468991
6
0.086897 -0.463846 0.881644
0.175025 -0.401681 0.898899
0.255464 -0.432211 0.864830
0.263352 -0.507470 0.820439
0.176012 -0.568523 0.803618
0.103424 -0.546350 0.831147
6
-0.302369 -0.944917 0.125323
-0.216731 -0.957751 0.189051
-0.141475 -0.977597 0.155851
-0.127617 -0.989877 0.062112
-0.213212 -0.977004 -0.002024
-0.298634 -0.953227 0.046641
6
0.455062 0.020044 0.890234
0.366170 0.057088 0.928795
0.348213 0.137954 0.927209
0.409906 0.208132 0.888064
0.494106 0.177439 0.851102
0.518663 0.095996 0.849573
6
0.024060 -0.422641 -0.905978
0.111827 -0.469627 -0.875754
0.185660 -0.429688 -0.883685
0.197004 -0.339412 -0.919777
0.114416 -0.292476 -0.949403
0.033000 -0.329425 -0.943605
6
-0.541453 -0.600477 -0.588435
-0.455368 -0.582938 -0.672921
-0.461609 -0.513582 -0.723291
-0.532314 -0.450841 -0.716508
-0.597442 -0.462888 -0.654827
-0.589518 -0.566721 -0.575583
6
-0.304418 0.922759 0.236317
-0.277452 0.949532 0.146318
-0.206335 0.970189 0.127119
-0.112974 0.969703 0.216592
-0.113679 0.962050 0.248067
-0.217219 0.924582 0.312993
6
0.598081 0.783017 -0.170833
0.637524 0.731592 -0.241529
0.703694 0.673884 -0.225155
0.739004 0.661196 -0.129201
0.704447 0.707014 -0.062331
0.632530 0.770829 -0.075682
6
0.732336 0.642877 0.224486
0.686867 0.696516 0.207553
0.671783 0.732810 0.108154
0.729533 0.683041 0.035175
0.779266 0.624409 0.053453
0.794180 0.588343 0.152085
6
-0.527445 -0.849401 -0.017880
-0.519179 -0.846305 -0.119257
-0.583048 -0.795252 -0.166223
-0.653177 -0.747322 -0.121941
-0.657831 -0.752800 -0.023473
-0.595130 -0.803361 0.020773
6
-0.147827 -0.611617 0.777221
-0.137295 -0.681728 0.718608
-0.212266 -0.713420 0.667814
-0.303412 -0.667611 0.679880
-0.315557 -0.608318 0.728267
-0.234652 -0.566797 0.789734
6
0.129593 0.235396 -0.963221
0.059877 0.292329 -0.954442
-0.036132 0.253066 -0.966774
-0.047344 0.162403 -0.985588
0.021757 0.107521 -0.993965
0.122937 0.145640 -0.981670
6
0.386381 0.758646 0.524563
0.462609 0.692229 0.553907
0.438749 0.635452 0.635373
0.362802 0.644480 0.673068
0.286875 0.721509 0.630180
0.297582 0.755983 0.583039
6
0.009688 0.671303 0.741120
0.007591 0.737044 0.675802
0.106950 0.768879 0.630387
0.189890 0.704958 0.683357
0.179246 0.664620 0.725363
0.082825 0.635326 0.767790
6
0.864347 -0.457380 -0.209066
0.911492 -0.364411 -0.190755
0.919208 -0.305118 -0.248916
0.883696 -0.319050 -0.342474
0.837522 -0.409374 -0.361898
0.829689 -0.467777 -0.304633
6
-0.870639 -0.491738 -0.013479
-0.869945 -0.481637 -0.105927
-0.903542 -0.401572 -0.149507
-0.937725 -0.332781 -0.099639
-0.940846 -0.338832 0.000786
-0.907084 -0.418936 0.041128
6
-0.590566 0.494947 -0.637385
-0.528483 0.463059 -0.711535
-0.457965 0.505623 -0.731172
-0.428259 0.592209 -0.682556
-0.493726 0.623067 -0.606648
-0.557347 0.586076 -0.588115
6
-0.558394 -0.045589 -0.828322
-0.543673 0.045348 -0.838071
-0.594308 0.105596 -0.797275
-0.674192 0.075376 -0.734699
-0.693003 0.011488 -0.720844
-0.641776 -0.077051 -0.763012
6
0.010232 -0.930473 0.366219
-0.002815 -0.885882 0.463903
0.060425 -0.860504 0.505848
0.158297 -0.867088 0.472335
0.167234 -0.909933 0.379547
0.092479 -0.938507 0.332645
6
0.658387 0.301591 0.689616
0.613129 0.234308 0.754435
0.551236 0.251711 0.795475
0.500699 0.348091 0.792549
0.545897 0.414102 0.728366
0.608541 0.400113 0.685264
6
0.486884 -0.480507 0.729423
0.423413 -0.470009 0.774476
0.410268 -0.386026 0.826235
0.492434 -0.309205 0.813573
0.567774 -0.346274 0.746811
0.565100 -0.409975 0.715948
5
0.443734 -0.254732 -0.859192
0.382359 -0.160408 -0.909984
0.280056 -0.197531 -0.939441
0.270530 -0.298901 -0.915135
0.352332 -0.339537 -0.872111
6
0.474992 0.817052 0.326818
0.389476 0.883006 0.261932
0.392880 0.891885 0.224024
0.484174 0.863508 0.141174
0.544972 0.822392 0.163331
0.558793 0.789707 0.253206
6
0.188024 -0.657183 -0.729902
0.191749 -0.591975 -0.782814
0.101805 -0.551945 -0.827642
0.026039 -0.587805 -0.808583
0.017092 -0.663498 -0.747983
0.105592 -0.699991 -0.706302
6
0.631555 -0.442735 0.636494
0.687167 -0.400004 0.606464
0.737316 -0.426732 0.523703
0.705369 -0.522223 0.479309
0.622296 -0.568404 0.538205
0.598332 -0.537774 0.593968
6
-0.332160 0.800346 -0.499116
-0.385565 0.823181 -0.416790
-0.469424 0.785390 -0.403488
-0.505990 0.725517 -0.466475
-0.454811 0.702288 -0.547667
-0.374552 0.735700 -0.564319
6
-0.948686 -0.144223 -0.281415
-0.970032 -0.074437 -0.231293
-0.987378 -0.082783 -0.135026
-0.979959 -0.175626 -0.094003
-0.959150 -0.244759 -0.141858
-0.941420 -0.236619 -0.240290
5
-0.972033 0.120335 0.201670
-0.964153 0.213701 0.157294
-0.925209 0.295428 0.238141
-0.914222 0.223738 0.337846
-0.946127 0.119070 0.301107
6
0.243817 -0.898579 -0.364840
0.306860 -0.898741 -0.313210
0.399804 -0.853404 -0.334454
0.405502 -0.811468 -0.420817
0.340145 -0.808439 -0.480342
0.249940 -0.854123 -0.456074
6
0.310264 -0.094544 0.945937
0.396035 -0.133079 0.908541
0.406214 -0.205115 0.890460
0.324195 -0.281156 0.903244
0.246579 -0.252661 0.935607
0.230515 -0.165630 0.958869
6
0.233884 0.360518 -0.902954
0.327259 0.393693 -0.859015
0.321754 0.483398 -0.814126
0.249794 0.529707 -0.810564
0.163739 0.497233 -0.852026
0.164454 0.411446 -0.896475
6
0.275330 -0.536122 -0.797977
0.277959 -0.473629 -0.835712
0.185660 -0.429688 -0.883685
0.111827 -0.469627 -0.875754
0.101805 -0.551945 -0.827642
0.191749 -0.591975 -0.782814
6
0.344776 -0.599366 0.722420
0.451383 -0.622878 0.638966
0.449089 -0.642960 0.620420
0.353456 -0.728376 0.586973
0.280698 -0.726201 0.627567
0.267036 -0.658850 0.703284
6
0.233884 0.360518 -0.902954
0.230839 0.273433 -0.933781
0.296604 0.215954 -0.930263
0.391943 0.249307 -0.885566
0.389556 0.345829 -0.853609
0.327259 0.393693 -0.859015
6
-0.070008 0.768803 0.635642
0.007591 0.737044 0.675802
0.009688 0.671303 0.741120
-0.078991 0.632013 0.770921
-0.156055 0.657408 0.737198
-0.160523 0.725418 0.669328
6
0.221080 0.848642 0.480552
0.133138 0.902327 0.409975
0.136487 0.916890 0.375079
0.231448 0.924307 0.303462
0.308295 0.892706 0.328679
0.315117 0.852460 0.417150
6
0.198764 0.883308 -0.424570
0.087733 0.900217 -0.426513
0.042495 0.859971 -0.508571
0.079885 0.823347 -0.561887
0.186945 0.806549 -0.560830
0.233109 0.832659 -0.502333
6
-0.150505 -0.834699 -0.529742
-0.070066 -0.868957 -0.489902
0.013153 -0.851202 -0.524673
0.020172 -0.794062 -0.607502
-0.067021 -0.759239 -0.647352
-0.142592 -0.778632 -0.611065
6
0.881033 0.080236 -0.466201
0.834126 0.058597 -0.548453
0.817194 -0.023264 -0.575893
0.848969 -0.102342 -0.518438
0.893959 -0.087723 -0.439479
0.912280 -0.000655 -0.409566
6
-0.827060 0.535701 -0.170284
-0.809716 0.543090 -0.222293
-0.737311 0.623884 -0.259116
-0.704199 0.685062 -0.186532
-0.730231 0.675150 -0.104572
-0.796343 0.599865 -0.077461
6
0.880055 -0.252197 -0.402367
0.883696 -0.319050 -0.342474
0.919208 -0.305118 -0.248916
0.949754 -0.215169 -0.227310
0.946639 -0.145662 -0.287502
0.910857 -0.163392 -0.379002
6
-0.104149 0.890977 -0.441943
-0.061777 0.861230 -0.504447
0.042495 0.859971 -0.508571
0.087733 0.900217 -0.426513
0.050216 0.930367 -0.363174
-0.057063 0.931732 -0.358635
6
-0.737311 0.623884 -0.259116
-0.707473 0.622111 -0.335351
-0.629351 0.687062 -0.363130
-0.594899 0.746681 -0.297595
-0.630607 0.747049 -0.210362
-0.704199 0.685062 -0.186532
7
-0.760010 0.166763 -0.628152
-0.714467 0.167091 -0.679425
-0.646597 0.264214 -0.715614
-0.643933 0.310540 -0.699224
-0.673968 0.344107 -0.653726
-0.755804 0.310660 -0.576412
-0.784251 0.243253 -0.570770
6
0.672953 0.444762 -0.591034
0.658852 0.530672 -0.533199
0.595660 0.584764 -0.550673
0.532822 0.570702 -0.624820
0.547134 0.484969 -0.682238
0.610533 0.429626 -0.665335
6
-0.413680 -0.809814 0.416018
-0.467043 -0.828687 0.308462
-0.508918 -0.809810 0.291907
-0.590310 -0.724620 0.355612
-0.506402 -0.725793 0.465598
-0.433602 -0.774210 0.461072
6
-0.589518 -0.566721 -0.575583
-0.597442 -0.462888 -0.654827
-0.665280 -0.397820 -0.631776
-0.721927 -0.418523 -0.551054
-0.713633 -0.481255 -0.509039
-0.625586 -0.566076 -0.536843
6
-0.352864 0.933052 0.070005
-0.317520 0.947893 -0.026077
-0.227194 0.973108 -0.037986
-0.171062 0.984474 0.039347
-0.206335 0.970189 0.127119
-0.277452 0.949532 0.146318
6
-0.097850 -0.867164 0.488316
-0.110057 -0.809151 0.577202
-0.038902 -0.781782 0.622338
0.048698 -0.802151 0.595132
0.060425 -0.860504 0.505848
-0.002815 -0.885882 0.463903
6
0.521899 -0.828271 0.203931
0.586320 -0.765490 0.265053
0.655572 -0.722238 0.220450
0.672239 -0.729103 0.128463
0.610380 -0.788723 0.073156
0.529475 -0.837497 0.135111
5
0.631555 -0.442735 0.636494
0.598332 -0.537774 0.593968
0.496952 -0.570848 0.653583
0.486884 -0.480507 0.729423
0.565100 -0.409975 0.715948
6
-0.883484 -0.206577 -0.420454
-0.876414 -0.290845 -0.383807
-0.831412 -0.357793 -0.425133
-0.784752 -0.338655 -0.519112
-0.787777 -0.269737 -0.553760
-0.838063 -0.187384 -0.512385
6
-0.374026 0.891015 0.257286
-0.452055 0.873262 0.181822
-0.422757 0.902179 0.085724
-0.352864 0.933052 0.070005
-0.277452 0.949532 0.146318
-0.304418 0.922759 0.236317
6
0.029971 0.099003 0.994636
0.092575 0.152666 0.983932
0.190539 0.121027 0.974191
0.204586 0.022857 0.978582
0.133051 -0.035472 0.990474
0.046093 -0.004205 0.998928
6
0.491175 -0.059551 -0.869023
0.497145 0.052638 -0.866070
0.446423 0.098170 -0.889421
0.352785 0.064626 -0.933470
0.338280 -0.015833 -0.940912
0.403711 -0.092848 -0.910163
6
0.813895 0.474493 -0.335308
0.857547 0.408939 -0.312062
0.896149 0.401152 -0.189720
0.891441 0.424231 -0.159251
0.825045 0.536473 -0.177475
0.791229 0.546780 -0.273840
6
0.853536 -0.224420 0.470225
0.859190 -0.125601 0.496001
0.892735 -0.068477 0.445348
0.931877 -0.095257 0.350044
0.926175 -0.188143 0.326805
0.891171 -0.248848 0.379327
6
0.564128 -0.754814 -0.334687
0.550136 -0.781348 -0.294695
0.595901 -0.780747 -0.187980
0.654046 -0.737632 -0.167699
0.702578 -0.671505 -0.235513
0.644378 -0.683419 -0.343098
6
0.901068 0.240259 0.361042
0.939811 0.214125 0.266280
0.959708 0.115947 0.255961
0.948213 0.059707 0.311972
0.908388 0.086805 0.409020
0.887857 0.190097 0.419014
6
-0.341531 0.873863 -0.346006
-0.385565 0.823181 -0.416790
-0.332160 0.800346 -0.499116
-0.249902 0.824988 -0.506896
-0.203088 0.878267 -0.432900
-0.246922 0.900276 -0.358514
7
-0.519579 -0.718371 -0.462581
-0.493675 -0.689561 -0.529897
-0.541453 -0.600477 -0.588435
-0.589518 -0.566721 -0.575583
-0.625586 -0.566076 -0.536843
-0.638135 -0.636183 -0.433653
-0.603063 -0.680886 -0.415582
6
0.056911 0.997373 -0.044816
0.101834 0.987012 -0.124248
0.201948 0.971645 -0.122976
0.246379 0.968451 -0.037409
0.184771 0.981673 0.046659
0.114693 0.992402 0.044535
6
0.783391 -0.605508 0.140213
0.770465 -0.594881 0.229130
0.813033 -0.512388 0.276469
0.867107 -0.449499 0.214654
0.875404 -0.464643 0.133326
0.832144 -0.547692 0.087002
6
-0.370123 -0.923611 -0.099759
-0.378280 -0.925568 -0.015125
-0.298634 -0.953227 0.046641
-0.213212 -0.977004 -0.002024
-0.204887 -0.975287 -0.082682
-0.285609 -0.947084 -0.146487
6
0.571851 0.662207 -0.484219
0.627365 0.667383 -0.401263
0.594309 0.733637 -0.329504
0.516508 0.783723 -0.344961
0.470326 0.776080 -0.420111
0.501809 0.709126 -0.495305
6
-0.475335 -0.583490 0.658481
-0.462704 -0.645186 0.607980
-0.529414 -0.664134 0.527870
-0.604819 -0.605644 0.517097
-0.620566 -0.542571 0.566140
-0.556883 -0.517574 0.649614
5
-0.333619 -0.771090 -0.542326
-0.401842 -0.810165 -0.426796
-0.331371 -0.869495 -0.366295
-0.242396 -0.880251 -0.407924
-0.227054 -0.842065 -0.489257
6
0.129593 0.235396 -0.963221
0.122937 0.145640 -0.981670
0.185436 0.092327 -0.978309
0.288405 0.129707 -0.948683
0.296604 0.215954 -0.930263
0.230839 0.273433 -0.933781
6
0.446423 0.098170 -0.889421
0.497145 0.052638 -0.866070
0.586340 0.085014 -0.805591
0.595655 0.166202 -0.785858
0.537701 0.231517 -0.810727
0.448086 0.200992 -0.871104
6
-0.069765 0.127560 0.989374
0.029971 0.099003 0.994636
0.046093 -0.004205 0.998928
-0.027464 -0.060222 0.997807
-0.112975 -0.028632 0.993185
-0.126991 0.079956 0.988676
6
-0.539203 0.504784 0.674131
-0.606651 0.507212 0.612136
-0.612095 0.574254 0.543665
-0.541077 0.643483 0.541447
-0.471987 0.643248 0.602877
-0.466784 0.576578 0.670575
6
-0.951829 -0.039001 0.304139
-0.931521 -0.112485 0.345856
-0.932932 -0.196011 0.302021
-0.959791 -0.198317 0.198674
-0.981054 -0.111143 0.158683
-0.978709 -0.040267 0.201264
6
0.909994 -0.413742 -0.027005
0.916154 -0.394910 0.068612
0.943573 -0.315752 0.099852
0.969471 -0.242314 0.037556
0.962075 -0.264961 -0.064861
0.933872 -0.346308 -0.089187
6
0.388591 0.503278 0.771821
0.484609 0.507500 0.712459
0.545897 0.414102 0.728366
0.500699 0.348091 0.792549
0.438763 0.358980 0.823784
0.374899 0.455639 0.807368
5
0.941797 0.262261 0.210327
0.907231 0.362187 0.213900
0.906276 0.408126 0.109989
0.944221 0.327000 0.038962
0.967282 0.232401 0.101761
6
-0.828381 -0.559561 0.025998
-0.815318 -0.564924 0.126956
-0.765678 -0.623141 0.159478
-0.716285 -0.689696 0.106089
-0.717455 -0.696162 0.024835
-0.775621 -0.630419 -0.031370
6
-0.910545 -0.040847 -0.411387
-0.918204 -0.133979 -0.372761
-0.883484 -0.206577 -0.420454
-0.838063 -0.187384 -0.512385
-0.832216 -0.112775 -0.542861
-0.870730 -0.029602 -0.490870
6
-0.448217 0.424866 0.786505
-0.435305 0.334249 0.835935
-0.495037 0.271787 0.825270
-0.575648 0.283317 0.767047
-0.592128 0.351755 0.725019
-0.527762 0.433593 0.730386
6
0.290190 0.711421 -0.640054
0.309921 0.639767 -0.703311
0.392603 0.595873 -0.700570
0.460762 0.619321 -0.635720
0.438364 0.695199 -0.569681
0.363467 0.734673 -0.572841
7
0.122316 0.702317 -0.701277
0.032913 0.766881 -0.640945
-0.036727 0.757697 -0.651573
-0.077277 0.696258 -0.713620
-0.036167 0.648206 -0.760605
0.092472 0.642863 -0.760379
0.119199 0.660525 -0.741281
6
-0.150505 -0.834699 -0.529742
-0.227054 -0.842065 -0.489257
-0.242396 -0.880251 -0.407924
-0.172372 -0.917569 -0.358268
-0.077596 -0.914318 -0.397495
-0.070066 -0.868957 -0.489902
6
-0.126991 0.079956 0.988676
-0.226145 0.106100 0.968298
-0.239867 0.210689 0.947668
-0.182876 0.260665 0.947951
-0.081515 0.235245 0.968512
-0.069765 0.127560 0.989374
6
-0.359827 -0.233102 -0.903431
-0.350205 -0.137302 -0.926555
-0.413300 -0.078719 -0.907186
-0.501115 -0.110398 -0.858310
-0.509759 -0.195723 -0.837758
-0.444153 -0.261293 -0.857003
6
0.564128 -0.754814 -0.334687
0.500115 -0.746165 -0.439457
0.405502 -0.811468 -0.420817
0.399804 -0.853404 -0.334454
0.453235 -0.846189 -0.280254
0.550136 -0.781348 -0.294695
6
-0.460316 0.075104 -0.884573
-0.543673 0.045348 -0.838071
-0.558394 -0.045589 -0.828322
-0.501115 -0.110398 -0.858310
-0.413300 -0.078719 -0.907186
-0.400083 0.017588 -0.916310
6
0.362802 0.644480 0.673068
0.325037 0.582295 0.745173
0.257217 0.587895 0.766954
0.179246 0.664620 0.725363
0.189890 0.704958 0.683357
0.286875 0.721509 0.630180
6
-0.246922 0.900276 -0.358514
-0.203088 0.878267 -0.432900
-0.104149 0.890977 -0.441943
-0.057063 0.931732 -0.358635
-0.097058 0.951900 -0.290631
-0.199750 0.938476 -0.281716
6
-0.178214 0.683924 -0.707451
-0.221931 0.602384 -0.766734
-0.140381 0.550646 -0.822850
-0.077700 0.566494 -0.820394
-0.036167 0.648206 -0.760605
-0.077277 0.696258 -0.713620
6
0.999654 -0.008535 0.024896
0.991564 0.019166 0.128197
0.985003 0.085955 0.149603
0.980589 0.178267 0.081646
0.988604 0.149941 -0.013418
0.996490 0.072264 -0.042263
6
-0.870639 -0.491738 -0.013479
-0.828381 -0.559561 0.025998
-0.775621 -0.630419 -0.031370
-0.772107 -0.625529 -0.112089
-0.817629 -0.551387 -0.165695
-0.869945 -0.481637 -0.105927
6
-0.034670 -0.177434 -0.983522
0.065099 -0.144120 -0.987417
0.074015 -0.040938 -0.996416
0.012520 0.009156 -0.999880
-0.087655 -0.026004 -0.995811
-0.097978 -0.127968 -0.986927
6
0.368884 -0.927581 -0.059318
0.294803 -0.955317 -0.021487
0.281815 -0.957253 0.065174
0.365547 -0.921160 0.133563
0.453628 -0.888617 0.067689
0.455260 -0.890294 0.010692
6
0.950183 -0.214000 0.226618
0.935360 -0.293396 0.197533
0.895995 -0.363038 0.255729
0.873156 -0.343161 0.346177
0.891171 -0.248848 0.379327
0.926175 -0.188143 0.326805
6
-0.169291 -0.186297 0.967798
-0.257936 -0.239732 0.935948
-0.333684 -0.190775 0.923179
-0.336533 -0.103377 0.935980
-0.266518 -0.050354 0.962514
-0.186413 -0.081775 0.979062
6
-0.999823 -0.015075 0.011296
-0.992359 -0.110550 0.054788
-0.983586 -0.180246 0.008330
-0.979959 -0.175626 -0.094003
-0.987378 -0.082783 -0.135026
-0.996474 -0.011579 -0.083098
6
-0.183444 -0.944840 -0.271343
-0.273696 -0.934778 -0.226453
-0.285609 -0.947084 -0.146487
-0.204887 -0.975287 -0.082682
-0.116184 -0.984823 -0.128941
-0.107103 -0.970511 -0.215956
5
0.915301 0.253015 -0.313380
0.939095 0.277277 -0.203024
0.896149 0.401152 -0.189720
0.857547 0.408939 -0.312062
0.871994 0.331039 -0.360611
6
-0.129379 0.410848 0.902477
-0.035399 0.381707 0.923605
-0.025268 0.280401 0.959550
-0.081515 0.235245 0.968512
-0.182876 0.260665 0.947951
-0.193647 0.362086 0.911808
6
-0.558394 -0.045589 -0.828322
-0.641776 -0.077051 -0.763012
-0.653099 -0.143537 -0.743545
-0.591858 -0.226716 -0.773501
-0.509759 -0.195723 -0.837758
-0.501115 -0.110398 -0.858310
6
-0.385004 -0.637763 -0.667106
-0.387151 -0.717847 -0.578627
-0.336025 -0.761412 -0.554382
-0.227763 -0.732409 -0.641639
-0.234422 -0.676045 -0.698577
-0.307242 -0.628779 -0.714310
6
-0.312360 0.049671 -0.948664
-0.294769 0.148938 -0.943890
-0.371595 0.207554 -0.904897
-0.438325 0.178422 -0.880930
-0.460316 0.075104 -0.884573
-0.400083 0.017588 -0.916310
6
-0.794859 -0.083851 0.600972
-0.831832 -0.008491 0.554963
-0.799362 0.094034 0.593446
-0.757962 0.101881 0.644294
-0.710983 0.022908 0.702836
-0.742571 -0.075451 0.665504
5
0.051591 0.953235 0.297796
0.083444 0.974565 0.207992
0.209359 0.955972 0.205634
0.231448 0.924307 0.303462
0.136487 0.916890 0.375079
6
-0.391491 0.567788 0.724121
-0.316644 0.623815 0.714557
-0.238511 0.607397 0.757748
-0.230295 0.525872 0.818793
-0.298268 0.470725 0.830334
-0.383762 0.485179 0.785702
6
-0.469424 0.785390 -0.403488
-0.385565 0.823181 -0.416790
-0.341531 0.873863 -0.346006
-0.383249 0.885378 -0.263109
-0.470980 0.846908 -0.246830
-0.514461 0.796856 -0.316780
7
0.891441 0.424231 -0.159251
0.896149 0.401152 -0.189720
0.939095 0.277277 -0.203024
0.960054 0.234409 -0.152804
0.965911 0.240440 -0.095940
0.943614 0.330016 -0.026130
0.904381 0.418124 -0.085242
6
-0.454811 0.702288 -0.547667
-0.505990 0.725517 -0.466475
-0.587618 0.674912 -0.446317
-0.614235 0.608309 -0.502669
-0.557347 0.586076 -0.588115
-0.493726 0.623067 -0.606648
6
-0.244661 -0.499793 0.830872
-0.234652 -0.566797 0.789734
-0.315557 -0.608318 0.728267
-0.401582 -0.552302 0.730544
-0.409602 -0.487030 0.771381
-0.329054 -0.445656 0.832535
5
-0.607052 -0.045418 0.793363
-0.664256 0.031431 0.746844
-0.617433 0.133149 0.775273
-0.533052 0.113512 0.838433
-0.516409 -0.002192 0.856339
6
-0.108697 0.805926 -0.581952
-0.189124 0.790190 -0.582951
-0.230170 0.727677 -0.646149
-0.178214 0.683924 -0.707451
-0.077277 0.696258 -0.713620
-0.036727 0.757697 -0.651573
6
-0.786487 0.273517 0.553739
-0.721301 0.259638 0.642116
-0.710056 0.206035 0.673327
-0.757962 0.101881 0.644294
-0.799362 0.094034 0.593446
-0.833661 0.170824 0.525193
6
-0.460153 -0.887255 0.032214
-0.378280 -0.925568 -0.015125
-0.370123 -0.923611 -0.099759
-0.446538 -0.880263 -0.160442
-0.519179 -0.846305 -0.119257
-0.527445 -0.849401 -0.017880
6
0.022624 -0.983067 0.181842
0.036374 -0.995789 0.084146
-0.046776 -0.998595 0.024882
-0.127617 -0.989877 0.062112
-0.141475 -0.977597 0.155851
-0.055815 -0.974935 0.215376
6
0.036374 -0.995789 0.084146
0.118207 -0.991855 0.047440
0.131111 -0.990157 -0.048975
0.049628 -0.993020 -0.106994
-0.034238 -0.997023 -0.069092
-0.046776 -0.998595 0.024882
6
-0.702248 0.476077 -0.529338
-0.647345 0.455693 -0.610973
-0.590566 0.494947 -0.637385
-0.557347 0.586076 -0.588115
-0.614235 0.608309 -0.502669
-0.688315 0.544666 -0.479127
6
-0.508918 -0.809810 0.291907
-0.467043 -0.828687 0.308462
-0.385208 -0.888757 0.248448
-0.389408 -0.903651 0.178261
-0.458085 -0.880331 0.123191
-0.552836 -0.814850 0.174334
5
0.484174 0.863508 0.141174
0.392880 0.891885 0.224024
0.311501 0.939604 0.141813
0.366997 0.929460 0.037650
0.458677 0.887158 0.050653
6
-0.705934 -0.687861 -0.168833
-0.653177 -0.747322 -0.121941
-0.583048 -0.795252 -0.166223
-0.566769 -0.775889 -0.277072
-0.613523 -0.726784 -0.308827
-0.696060 -0.671640 -0.253773
6
-0.145479 -0.646794 -0.748661
-0.144474 -0.574802 -0.805438
-0.225307 -0.524612 -0.820987
-0.303221 -0.546352 -0.780741
-0.307242 -0.628779 -0.714310
-0.234422 -0.676045 -0.698577
5
-0.770810 0.395989 -0.499044
-0.755804 0.310660 -0.576412
-0.673968 0.344107 -0.653726
-0.647345 0.455693 -0.610973
-0.702248 0.476077 -0.529338
6
0.551236 0.251711 0.795475
0.494106 0.177439 0.851102
0.409906 0.208132 0.888064
0.382537 0.289026 0.877570
0.438763 0.358980 0.823784
0.500699 0.348091 0.792549
6
-0.145199 -0.928429 0.341961
-0.230401 -0.930495 0.284771
-0.298613 -0.902194 0.311250
-0.311091 -0.859327 0.405931
-0.255911 -0.851312 0.458015
-0.159574 -0.883081 0.441252
6
0.989319 0.049829 -0.136987
0.973200 0.117377 -0.197749
0.952006 0.104120 -0.287824
0.946679 0.015751 -0.321792
0.963098 -0.060083 -0.262358
0.985709 -0.038518 -0.163996
6
-0.794859 -0.083851 0.600972
-0.810435 -0.174291 0.559301
-0.858937 -0.182521 0.478449
-0.892884 -0.108870 0.436926
-0.877409 -0.012552 0.479579
-0.831832 -0.008491 0.554963
6
-0.840681 -0.455731 -0.292515
-0.887368 -0.390523 -0.245090
-0.903542 -0.401572 -0.149507
-0.869945 -0.481637 -0.105927
-0.817629 -0.551387 -0.165695
-0.806419 -0.539842 -0.241370
6
0.011284 -0.434675 0.900517
-0.005621 -0.347107 0.937809
0.081633 -0.286421 0.954620
0.162747 -0.319808 0.933400
0.175025 -0.401681 0.898899
0.086897 -0.463846 0.881644
6
0.142244 -0.960731 -0.238248
0.060594 -0.977048 -0.204220
0.049628 -0.993020 -0.106994
0.131111 -0.990157 -0.048975
0.210996 -0.973811 -0.084698
0.223753 -0.957500 -0.182010
6
-0.981054 -0.111143 0.158683
-0.959791 -0.198317 0.198674
-0.950451 -0.269997 0.154092
-0.962081 -0.268334 0.048963
-0.983586 -0.180246 0.008330
-0.992359 -0.110550 0.054788
6
0.478581 0.835958 -0.268578
0.518525 0.834793 -0.185073
0.474306 0.873438 -0.110184
0.383982 0.915144 -0.122754
0.345051 0.918180 -0.194644
0.386192 0.878572 -0.281010
6
-0.892884 -0.108870 0.436926
-0.858937 -0.182521 0.478449
-0.860188 -0.269066 0.433220
-0.898750 -0.275785 0.340869
-0.932932 -0.196011 0.302021
-0.931521 -0.112485 0.345856
6
0.826684 0.562176 -0.023485
0.779266 0.624409 0.053453
0.729533 0.683041 0.035175
0.704447 0.707014 -0.062331
0.739004 0.661196 -0.129201
0.803834 0.583763 -0.114329
6
0.372631 -0.778329 0.505322
0.462956 -0.756779 0.461473
0.485802 -0.782370 0.389735
0.421601 -0.844297 0.330780
0.327740 -0.864445 0.381211
0.315299 -0.825963 0.467304
7
-0.533052 0.113512 0.838433
-0.477539 0.170240 0.861960
-0.401789 0.153550 0.902767
-0.375319 0.078667 0.923551
-0.450550 -0.036051 0.892023
-0.458511 -0.038055 0.887873
-0.516409 -0.002192 0.856339
6
0.988562 -0.111006 -0.102096
0.972762 -0.194584 -0.125980
0.962075 -0.264961 -0.064861
0.969471 -0.242314 0.037556
0.984437 -0.163841 0.063554
0.996254 -0.086479 -0.000086
6
-0.802332 0.473269 -0.363703
-0.802263 0.392318 -0.449956
-0.770810 0.395989 -0.499044
-0.702248 0.476077 -0.529338
-0.688315 0.544666 -0.479127
-0.729779 0.555416 -0.398668
6
0.216981 0.743524 -0.632528
0.122316 0.702317 -0.701277
0.119199 0.660525 -0.741281
0.244086 0.607392 -0.755974
0.309921 0.639767 -0.703311
0.290190 0.711421 -0.640054
6
-0.908033 -0.305055 -0.287085
-0.941420 -0.236619 -0.240290
-0.959150 -0.244759 -0.141858
-0.937725 -0.332781 -0.099639
-0.903542 -0.401572 -0.149507
-0.887368 -0.390523 -0.245090
6
-0.786487 0.273517 0.553739
-0.833661 0.170824 0.525193
-0.867323 0.160876 0.471031
-0.890299 0.237531 0.388519
-0.844742 0.336321 0.416291
-0.790608 0.323821 0.519691
5
-0.832288 0.499605 0.240190
-0.777184 0.539482 0.323949
-0.778955 0.478259 0.405584
-0.840719 0.380882 0.384863
-0.877661 0.395375 0.270906
5
0.082825 0.635326 0.767790
0.179246 0.664620 0.725363
0.257217 0.587895 0.766954
0.199518 0.510936 0.836144
0.085765 0.555773 0.826898
6
0.597248 0.064501 0.799459
0.649770 0.139252 0.747267
0.715258 0.117198 0.688964
0.737632 0.025297 0.674729
0.688904 -0.047155 0.723317
0.615143 -0.014290 0.788286
6
-0.380847 -0.489050 -0.784720
-0.303221 -0.546352 -0.780741
-0.225307 -0.524612 -0.820987
-0.218628 -0.436958 -0.872508
-0.296020 -0.381060 -0.875880
-0.379865 -0.409775 -0.829329
6
0.310264 -0.094544 0.945937
0.296447 -0.013534 0.954954
0.366170 0.057088 0.928795
0.455062 0.020044 0.890234
0.469625 -0.055234 0.881136
0.396035 -0.133079 0.908541
6
-0.617433 0.133149 0.775273
-0.633304 0.188970 0.750478
-0.575648 0.283317 0.767047
-0.495037 0.271787 0.825270
-0.477539 0.170240 0.861960
-0.533052 0.113512 0.838433
6
0.332245 0.942797 -0.027342
0.366997 0.929460 0.037650
0.311501 0.939604 0.141813
0.245899 0.957246 0.152358
0.184771 0.981673 0.046659
0.246379 0.968451 -0.037409
6
-0.877661 0.395375 0.270906
-0.908532 0.348909 0.229854
-0.914244 0.389148 0.112790
-0.876833 0.471927 0.091913
-0.832949 0.524707 0.175722
-0.832288 0.499605 0.240190
6
-0.572010 0.200290 -0.795418
-0.511134 0.234174 -0.826986
-0.485452 0.331890 -0.808817
-0.545476 0.379339 -0.747367
-0.643933 0.310540 -0.699224
-0.646597 0.264214 -0.715614
6
0.711434 -0.646103 0.276430
0.770465 -0.594881 0.229130
0.783391 -0.605508 0.140213
0.727128 -0.680419 0.091183
0.672239 -0.729103 0.128463
0.655572 -0.722238 0.220450
6
0.999654 -0.008535 0.024896
0.996490 0.072264 -0.042263
0.989319 0.049829 -0.136987
0.985709 -0.038518 -0.163996
0.988562 -0.111006 -0.102096
0.996254 -0.086479 -0.000086
6
0.013153 -0.851202 -0.524673
0.090795 -0.873067 -0.479072
0.177071 -0.842941 -0.508031
0.182405 -0.787560 -0.588623
0.100133 -0.764071 -0.637314
0.020172 -0.794062 -0.607502
6
-0.201310 -0.776909 0.596563
-0.268235 -0.796398 0.542033
-0.361032 -0.750194 0.553953
-0.377689 -0.699834 0.606286
-0.303412 -0.667611 0.679880
-0.212266 -0.713420 0.667814
6
-0.358538 0.624436 -0.693924
-0.428259 0.592209 -0.682556
-0.457965 0.505623 -0.731172
-0.382056 0.463202 -0.799673
-0.325423 0.487450 -0.810242
-0.283335 0.582506 -0.761845
6
0.197004 -0.339412 -0.919777
0.270530 -0.298901 -0.915135
0.280056 -0.197531 -0.939441
0.227570 -0.154200 -0.961475
0.124296 -0.190005 -0.973883
0.114416 -0.292476 -0.949403
6
-0.235870 0.805483 0.543657
-0.153497 0.841400 0.518156
-0.070679 0.818240 0.570516
-0.070008 0.768803 0.635642
-0.160523 0.725418 0.669328
-0.238952 0.744289 0.623647
6
0.864980 0.344621 0.364754
0.824473 0.372090 0.426373
0.776542 0.467170 0.422770
0.788003 0.518490 0.331993
0.831900 0.484667 0.270258
0.876906 0.395135 0.273688
6
0.813033 -0.512388 0.276469
0.795180 -0.492753 0.353387
0.826776 -0.399617 0.395915
0.873156 -0.343161 0.346177
0.895995 -0.363038 0.255729
0.867107 -0.449499 0.214654
6
-0.958997 0.263145 -0.105262
-0.946858 0.271521 -0.172440
-0.903319 0.369139 -0.218522
-0.886962 0.443841 -0.127687
-0.898341 0.433171 -0.073123
-0.940966 0.337188 -0.029774
6
-0.472565 0.758387 0.448923
-0.537501 0.705676 0.461643
-0.610127 0.689950 0.389504
-0.596901 0.743224 0.302202
-0.537258 0.792206 0.289418
-0.460801 0.809534 0.363754
6
0.535895 -0.842044 -0.061472
0.609565 -0.792736 0.000781
0.683639 -0.726789 -0.066445
0.654046 -0.737632 -0.167699
0.595901 -0.780747 -0.187980
0.531430 -0.839079 -0.116317
5
0.530215 -0.216672 -0.819710
0.626924 -0.230185 -0.744299
0.671014 -0.140613 -0.727990
0.625525 -0.059239 -0.777952
0.536628 -0.096779 -0.838251
6
-0.448217 0.424866 0.786505
-0.383762 0.485179 0.785702
-0.298268 0.470725 0.830334
-0.285238 0.384184 0.878090
-0.353197 0.319315 0.879369
-0.435305 0.334249 0.835935
6
0.736164 0.610012 -0.293170
0.703694 0.673884 -0.225155
0.637524 0.731592 -0.241529
0.594309 0.733637 -0.329504
0.627365 0.667383 -0.401263
0.689546 0.613498 -0.384898
6
-0.673968 0.344107 -0.653726
-0.643933 0.310540 -0.699224
-0.545476 0.379339 -0.747367
-0.528483 0.463059 -0.711535
-0.590566 0.494947 -0.637385
-0.647345 0.455693 -0.610973
6
0.868406 -0.492691 -0.055922
0.909994 -0.413742 -0.027005
0.933872 -0.346308 -0.089187
0.911492 -0.364411 -0.190755
0.864347 -0.457380 -0.209066
0.849348 -0.504642 -0.154742
6
0.594725 -0.447157 -0.668097
0.663655 -0.449316 -0.598062
0.723859 -0.358041 -0.589776
0.714162 -0.300731 -0.632087
0.640465 -0.292817 -0.709973
0.581877 -0.377597 -0.720305
6
-0.557582 0.829712 0.026087
-0.489790 0.871786 0.009737
-0.422757 0.902179 0.085724
-0.452055 0.873262 0.181822
-0.515695 0.833740 0.197320
-0.584775 0.802419 0.119004
6
0.017092 -0.663498 -0.747983
0.026039 -0.587805 -0.808583
-0.062172 -0.541805 -0.838201
-0.144474 -0.574802 -0.805438
-0.145479 -0.646794 -0.748661
-0.058936 -0.692088 -0.719403
6
-0.664955 0.713080 0.222150
-0.719173 0.653868 0.235045
-0.778162 0.611006 0.145382
-0.769141 0.634004 0.080381
-0.704076 0.708216 0.052023
-0.645758 0.751510 0.135014
6
-0.329054 -0.445656 0.832535
-0.409602 -0.487030 0.771381
-0.491816 -0.421412 0.761925
-0.494823 -0.353158 0.793996
-0.415928 -0.312664 0.853958
-0.335179 -0.374169 0.864669
6
0.363005 -0.572749 -0.734974
0.357896 -0.627106 -0.691844
0.440316 -0.655751 -0.613280
0.523601 -0.579634 -0.624392
0.523832 -0.528723 -0.667872
0.442026 -0.507275 -0.739787
5
0.550136 -0.781348 -0.294695
0.453235 -0.846189 -0.280254
0.443444 -0.877682 -0.181749
0.531430 -0.839079 -0.116317
0.595901 -0.780747 -0.187980
6
-0.507389 0.846957 -0.158808
-0.586755 0.797753 -0.138957
-0.630607 0.747049 -0.210362
-0.594899 0.746681 -0.297595
-0.514461 0.796856 -0.316780
-0.470980 0.846908 -0.246830
6
-0.620566 -0.542571 0.566140
-0.604819 -0.605644 0.517097
-0.657361 -0.618246 0.430870
-0.720178 -0.564778 0.402951
-0.744081 -0.487476 0.456849
-0.692586 -0.471829 0.545621
6
0.711434 -0.646103 0.276430
0.655572 -0.722238 0.220450
0.586320 -0.765490 0.265053
0.565509 -0.749515 0.344132
0.622212 -0.672543 0.400672
0.686001 -0.630515 0.363117
6
-0.738854 -0.602266 -0.302276
-0.722377 -0.582563 -0.372546
-0.755800 -0.500865 -0.421783
-0.811435 -0.442112 -0.382244
-0.840681 -0.455731 -0.292515
-0.806419 -0.539842 -0.241370
6
-0.255911 -0.851312 0.458015
-0.311091 -0.859327 0.405931
-0.413680 -0.809814 0.416018
-0.433602 -0.774210 0.461072
-0.361032 -0.750194 0.553953
-0.268235 -0.796398 0.542033
6
0.984437 -0.163841 0.063554
0.969471 -0.242314 0.037556
0.943573 -0.315752 0.099852
0.935360 -0.293396 0.197533
0.950183 -0.214000 0.226618
0.976330 -0.137551 0.166913
6
0.644378 -0.683419 -0.343098
0.658547 -0.638896 -0.397654
0.593427 -0.637377 -0.491522
0.509155 -0.713907 -0.480726
0.500115 -0.746165 -0.439457
0.564128 -0.754814 -0.334687
6
-0.697377 -0.231019 0.678451
-0.761279 -0.253271 0.596915
-0.810435 -0.174291 0.559301
-0.794859 -0.083851 0.600972
-0.742571 -0.075451 0.665504
-0.690670 -0.154663 0.706437
6
0.594725 -0.447157 -0.668097
0.523832 -0.528723 -0.667872
0.523601 -0.579634 -0.624392
0.598479 -0.591901 -0.539885
0.669425 -0.508924 -0.541172
0.663655 -0.449316 -0.598062
6
0.885918 0.156481 -0.436649
0.881033 0.080236 -0.466201
0.912280 -0.000655 -0.409566
0.946679 0.015751 -0.321792
0.952006 0.104120 -0.287824
0.922319 0.180201 -0.341841
6
0.632530 0.770829 -0.075682
0.704447 0.707014 -0.062331
0.729533 0.683041 0.035175
0.671783 0.732810 0.108154
0.614737 0.783607 0.089765
0.589388 0.807808 -0.008197
6
0.012520 0.009156 -0.999880
0.021757 0.107521 -0.993965
-0.047344 0.162403 -0.985588
-0.139853 0.125095 -0.982238
-0.152777 0.027125 -0.987888
-0.087655 -0.026004 -0.995811
7
0.392880 0.891885 0.224024
0.389476 0.883006 0.261932
0.308295 0.892706 0.328679
0.231448 0.924307 0.303462
0.209359 0.955972 0.205634
0.245899 0.957246 0.152358
0.311501 0.939604 0.141813
6
0.396035 -0.133079 0.908541
0.469625 -0.055234 0.881136
0.552337 -0.093512 0.828359
0.561266 -0.163032 0.811419
0.487458 -0.243818 0.838414
0.406214 -0.205115 0.890460
5
0.032913 0.766881 -0.640945
0.122316 0.702317 -0.701277
0.216981 0.743524 -0.632528
0.186945 0.806549 -0.560830
0.079885 0.823347 -0.561887
6
-0.477539 0.170240 0.861960
-0.495037 0.271787 0.825270
-0.435305 0.334249 0.835935
-0.353197 0.319315 0.879369
-0.333062 0.232372 0.913823
-0.401789 0.153550 0.902767
6
0.315299 -0.825963 0.467304
0.216798 -0.833683 0.507909
0.205302 -0.774752 0.598005
0.280698 -0.726201 0.627567
0.353456 -0.728376 0.586973
0.372631 -0.778329 0.505322
6
0.689546 0.613498 -0.384898
0.627365 0.667383 -0.401263
0.571851 0.662207 -0.484219
0.595660 0.584764 -0.550673
0.658852 0.530672 -0.533199
0.713974 0.536327 -0.450105
6
0.421601 -0.844297 0.330780
0.433867 -0.862337 0.261027
0.359717 -0.912189 0.196251
0.267364 -0.929595 0.253712
0.259934 -0.906080 0.333848
0.327740 -0.864445 0.381211
6
-0.949548 0.192923 -0.247262
-0.927103 0.201609 -0.315966
-0.886399 0.295692 -0.356177
-0.885856 0.376265 -0.271449
-0.903319 0.369139 -0.218522
-0.946858 0.271521 -0.172440
6
-0.844742 0.336321 0.416291
-0.840719 0.380882 0.384863
-0.778955 0.478259 0.405584
-0.736231 0.486836 0.470059
-0.729821 0.422143 0.537732
-0.790608 0.323821 0.519691
6
-0.918204 -0.133979 -0.372761
-0.948686 -0.144223 -0.281415
-0.941420 -0.236619 -0.240290
-0.908033 -0.305055 -0.287085
-0.876414 -0.290845 -0.383807
-0.883484 -0.206577 -0.420454
6
-0.036727 0.757697 -0.651573
0.032913 0.766881 -0.640945
0.079885 0.823347 -0.561887
0.042495 0.859971 -0.508571
-0.061777 0.861230 -0.504447
-0.108697 0.805926 -0.581952
6
0.114693 0.992402 0.044535
0.184771 0.981673 0.046659
0.245899 0.957246 0.152358
0.209359 0.955972 0.205634
0.083444 0.974565 0.207992
0.043343 0.988693 0.143557
6
0.785873 -0.359462 -0.503181
0.723859 -0.358041 -0.589776
0.663655 -0.449316 -0.598062
0.669425 -0.508924 -0.541172
0.728695 -0.503820 -0.463864
0.788455 -0.414274 -0.454660
6
0.474992 0.817052 0.326818
0.558793 0.789707 0.253206
0.615642 0.737895 0.276579
0.616810 0.695188 0.369133
0.545246 0.719508 0.430134
0.468293 0.794118 0.387400
6
-0.612095 0.574254 0.543665
-0.669456 0.568114 0.478619
-0.665851 0.631834 0.396772
-0.610127 0.689950 0.389504
-0.537501 0.705676 0.461643
-0.541077 0.643483 0.541447
6
-0.761955 -0.015626 -0.647441
-0.776190 -0.089529 -0.624110
-0.724627 -0.172563 -0.667187
-0.653099 -0.143537 -0.743545
-0.641776 -0.077051 -0.763012
-0.693003 0.011488 -0.720844
6
0.615119 0.342295 -0.710255
0.539207 0.318673 -0.779554
0.537701 0.231517 -0.810727
0.595655 0.166202 -0.785858
0.670878 0.193440 -0.715894
0.675576 0.275994 -0.683685
6
0.291201 0.317934 0.902286
0.382537 0.289026 0.877570
0.409906 0.208132 0.888064
0.348213 0.137954 0.927209
0.250715 0.173076 0.952463
0.234977 0.273585 0.932704
6
-0.987856 0.154794 0.013377
-0.969699 0.228613 0.086142
-0.964153 0.213701 0.157294
-0.972033 0.120335 0.201670
-0.986015 0.051855 0.158382
-0.996782 0.053138 0.060024
6
-0.847370 0.061892 -0.527384
-0.802354 0.069749 -0.592759
-0.760010 0.166763 -0.628152
-0.784251 0.243253 -0.570770
-0.845008 0.219387 -0.487680
-0.872058 0.139866 -0.468991
6
0.853536 -0.224420 0.470225
0.891171 -0.248848 0.379327
0.873156 -0.343161 0.346177
0.826776 -0.399617 0.395915
0.790668 -0.377170 0.482273
0.809388 -0.279817 0.516327
6
0.768004 0.476513 -0.427908
0.781644 0.392088 -0.485077
0.836162 0.318769 -0.446341
0.871994 0.331039 -0.360611
0.857547 0.408939 -0.312062
0.813895 0.474493 -0.335308
6
0.033000 -0.329425 -0.943605
0.114416 -0.292476 -0.949403
0.124296 -0.190005 -0.973883
0.065099 -0.144120 -0.987417
-0.034670 -0.177434 -0.983522
-0.044650 -0.280319 -0.958868
6
-0.203088 0.878267 -0.432900
-0.249902 0.824988 -0.506896
-0.189124 0.790190 -0.582951
-0.108697 0.805926 -0.581952
-0.061777 0.861230 -0.504447
-0.104149 0.890977 -0.441943
6
-0.620566 -0.542571 0.566140
-0.692586 -0.471829 0.545621
-0.700668 -0.402605 0.589044
-0.638080 -0.381585 0.668765
-0.564178 -0.455470 0.688658
-0.556883 -0.517574 0.649614
6
-0.067021 -0.759239 -0.647352
-0.058936 -0.692088 -0.719403
-0.145479 -0.646794 -0.748661
-0.234422 -0.676045 -0.698577
-0.227763 -0.732409 -0.641639
-0.142592 -0.778632 -0.611065
6
0.221080 0.848642 0.480552
0.315117 0.852460 0.417150
0.391635 0.804205 0.447076
0.386381 0.758646 0.524563
0.297582 0.755983 0.583039
0.214625 0.823050 0.525856
6
-0.595130 -0.803361 0.020773
-0.657831 -0.752800 -0.023473
-0.717455 -0.696162 0.024835
-0.716285 -0.689696 0.106089
-0.637757 -0.751157 0.170380
-0.592103 -0.791499 0.151471
6
-0.140381 0.550646 -0.822850
-0.181130 0.456331 -0.871180
-0.094764 0.398323 -0.912337
-0.010696 0.432196 -0.901716
0.004408 0.508679 -0.860945
-0.077700 0.566494 -0.820394
6
0.281815 -0.957253 0.065174
0.294803 -0.955317 -0.021487
0.210996 -0.973811 -0.084698
0.131111 -0.990157 -0.048975
0.118207 -0.991855 0.047440
0.199799 -0.974016 0.106642
6
-0.946127 0.119070 0.301107
-0.914222 0.223738 0.337846
-0.890299 0.237531 0.388519
-0.867323 0.160876 0.471031
-0.899722 0.056618 0.432776
-0.937032 0.055278 0.344840
6
-0.110057 -0.809151 0.577202
-0.097850 -0.867164 0.488316
-0.159574 -0.883081 0.441252
-0.255911 -0.851312 0.458015
-0.268235 -0.796398 0.542033
-0.201310 -0.776909 0.596563
6
0.593427 -0.637377 -0.491522
0.598479 -0.591901 -0.539885
0.523601 -0.579634 -0.624392
0.440316 -0.655751 -0.613280
0.434872 -0.694821 -0.572808
0.509155 -0.713907 -0.480726
6
0.625525 -0.059239 -0.777952
0.640336 0.009643 -0.768034
0.586340 0.085014 -0.805591
0.497145 0.052638 -0.866070
0.491175 -0.059551 -0.869023
0.536628 -0.096779 -0.838251
6
-0.665280 -0.397820 -0.631776
-0.667998 -0.322092 -0.670846
-0.729304 -0.245394 -0.638668
-0.787777 -0.269737 -0.553760
-0.784752 -0.338655 -0.519112
-0.721927 -0.418523 -0.551054
6
0.379844 0.817597 -0.432728
0.470326 0.776080 -0.420111
0.516508 0.783723 -0.344961
0.478581 0.835958 -0.268578
0.386192 0.878572 -0.281010
0.344649 0.871357 -0.349218
6
0.434872 -0.694821 -0.572808
0.440316 -0.655751 -0.613280
0.357896 -0.627106 -0.691844
0.271052 -0.685238 -0.676003
0.267221 -0.744001 -0.612418
0.343462 -0.759152 -0.552922
6
0.191749 -0.591975 -0.782814
0.188024 -0.657183 -0.729902
0.271052 -0.685238 -0.676003
0.357896 -0.627106 -0.691844
0.363005 -0.572749 -0.734974
0.275330 -0.536122 -0.797977
6
0.892735 -0.068477 0.445348
0.859190 -0.125601 0.496001
0.807803 -0.098931 0.581091
0.800036 -0.000602 0.599951
0.833881 0.057682 0.548922
0.885899 0.032148 0.462763
6
0.151851 -0.928958 -0.337608
0.083628 -0.918593 -0.386257
-0.009804 -0.935611 -0.352896
-0.017560 -0.966246 -0.257022
0.060594 -0.977048 -0.204220
0.142244 -0.960731 -0.238248
6
-0.379865 -0.409775 -0.829329
-0.296020 -0.381060 -0.875880
-0.290142 -0.290673 -0.911771
-0.359827 -0.233102 -0.903431
-0.444153 -0.261293 -0.857003
-0.450592 -0.348152 -0.822045
6
0.960054 0.234409 -0.152804
0.973200 0.117377 -0.197749
0.989319 0.049829 -0.136987
0.996490 0.072264 -0.042263
0.988604 0.149941 -0.013418
0.965911 0.240440 -0.095940
6
0.597248 0.064501 0.799459
0.518663 0.095996 0.849573
0.494106 0.177439 0.851102
0.551236 0.251711 0.795475
0.613129 0.234308 0.754435
0.649770 0.139252 0.747267
6
-0.304418 0.922759 0.236317
-0.217219 0.924582 0.312993
-0.218984 0.901419 0.373483
-0.311274 0.855153 0.414513
-0.392983 0.852219 0.345380
-0.374026 0.891015 0.257286
