70
6
-0.366869 0.232638 -0.900715
-0.504138 0.312201 -0.805217
-0.732077 0.132611 -0.668190
-0.693372 -0.126919 -0.709314
-0.473016 -0.211771 -0.855225
-0.330548 -0.066917 -0.941414
6
0.651539 -0.500161 -0.570382
0.723995 -0.385223 -0.572219
0.661910 -0.122246 -0.739548
0.466007 -0.111525 -0.877724
0.301567 -0.362760 -0.881738
0.378454 -0.551708 -0.743231
6
-0.770249 0.536878 0.344207
-0.618501 0.622293 0.479800
-0.515581 0.465275 0.719510
-0.569486 0.294695 0.767359
-0.791557 0.140100 0.594819
-0.876468 0.284297 0.388561
6
0.308779 -0.904552 -0.294009
0.343812 -0.872518 -0.347139
0.221390 -0.727010 -0.649956
-0.000532 -0.731607 -0.681727
-0.183237 -0.859812 -0.476599
-0.016829 -0.965538 -0.259716
6
0.378454 -0.551708 -0.743231
0.301567 -0.362760 -0.881738
0.033937 -0.329907 -0.943403
-0.130026 -0.534217 -0.835288
-0.000532 -0.731607 -0.681727
0.221390 -0.727010 -0.649956
6
0.905306 -0.265325 -0.331699
0.723995 -0.385223 -0.572219
0.651539 -0.500161 -0.570382
0.628091 -0.694852 -0.350262
0.749427 -0.652095 -0.114596
0.920416 -0.365947 -0.137538
6
0.168081 0.947465 -0.272139
0.141947 0.829057 -0.540846
0.340220 0.682391 -0.646987
0.593987 0.680142 -0.429636
0.557829 0.792916 -0.245174
0.275660 0.942435 -0.189281
6
0.115450 0.106774 -0.987558
0.352483 0.094017 -0.931084
0.465878 0.346565 -0.814156
0.320418 0.542928 -0.776249
-0.016525 0.461467 -0.887003
-0.049196 0.370899 -0.927369
6
-0.468449 -0.168293 0.867314
-0.208934 -0.313423 0.926344
-0.193812 -0.565490 0.801660
-0.398405 -0.644957 0.652153
-0.584587 -0.514278 0.627516
-0.600201 -0.236897 0.763963
6
-0.421358 0.119257 0.899019
-0.106986 0.199649 0.974009
-0.050829 0.157531 0.986205
-0.023661 -0.198950 0.979724
-0.208934 -0.313423 0.926344
-0.468449 -0.168293 0.867314
6
0.686501 0.727070 0.009244
0.831891 0.553961 0.032929
0.862600 0.438689 0.251941
0.682944 0.538104 0.493995
0.515535 0.746386 0.420870
0.509143 0.824692 0.246283
5
0.659626 -0.313159 0.683246
0.552789 -0.053196 0.831622
0.715349 0.179675 0.675273
0.882327 0.060244 0.466765
0.847913 -0.249575 0.467713
6
0.882327 0.060244 0.466765
0.715349 0.179675 0.675273
0.640276 0.385343 0.664498
0.682944 0.538104 0.493995
0.862600 0.438689 0.251941
0.944647 0.172402 0.279141
5
0.905306 -0.265325 -0.331699
0.931440 0.024423 -0.363075
0.777621 0.117927 -0.617575
0.661910 -0.122246 -0.739548
0.723995 -0.385223 -0.572219
6
-0.618501 0.622293 0.479800
-0.770249 0.536878 0.344207
-0.782355 0.619652 0.062859
-0.600435 0.799632 -0.008120
-0.413586 0.891667 0.184056
-0.420834 0.819273 0.389475
6
-0.357369 -0.815140 -0.455888
-0.183237 -0.859812 -0.476599
-0.000532 -0.731607 -0.681727
-0.130026 -0.534217 -0.835288
-0.385927 -0.483336 -0.785778
-0.500496 -0.599026 -0.625037
6
0.237468 0.582250 0.777557
0.352976 0.438066 0.826745
0.277453 0.205872 0.938422
-0.050829 0.157531 0.986205
-0.106986 0.199649 0.974009
-0.119600 0.539602 0.833382
6
-0.196844 0.706510 -0.679777
-0.016525 0.461467 -0.887003
0.320418 0.542928 -0.776249
0.340220 0.682391 -0.646987
0.141947 0.829057 -0.540846
-0.171458 0.754441 -0.633577
6
-0.728399 -0.639850 0.245004
-0.755477 -0.527760 0.388232
-0.584587 -0.514278 0.627516
-0.398405 -0.644957 0.652153
-0.329001 -0.835559 0.440001
-0.506879 -0.831605 0.226950
6
0.266310 -0.492142 0.828780
0.525810 -0.512310 0.679016
0.537824 -0.676409 0.503206
0.353005 -0.823986 0.443211
0.098112 -0.806153 0.583517
0.065999 -0.663590 0.745180
6
-0.838213 0.210156 -0.503224
-0.958656 0.025084 -0.283460
-0.948249 -0.147161 -0.281365
-0.799531 -0.315566 -0.511046
-0.693372 -0.126919 -0.709314
-0.732077 0.132611 -0.668190
6
-0.506879 -0.831605 0.226950
-0.424649 -0.905240 -0.014631
-0.512339 -0.836634 -0.193783
-0.748788 -0.633789 -0.193979
-0.822473 -0.566303 -0.053276
-0.728399 -0.639850 0.245004
6
0.270263 0.752212 0.600946
0.515535 0.746386 0.420870
0.682944 0.538104 0.493995
0.640276 0.385343 0.664498
0.352976 0.438066 0.826745
0.237468 0.582250 0.777557
6
0.213364 -0.276956 0.936895
0.266310 -0.492142 0.828780
0.065999 -0.663590 0.745180
-0.193812 -0.565490 0.801660
-0.208934 -0.313423 0.926344
-0.023661 -0.198950 0.979724
6
-0.182638 0.810005 0.557257
0.033307 0.882253 0.469597
0.270263 0.752212 0.600946
0.237468 0.582250 0.777557
-0.119600 0.539602 0.833382
-0.197230 0.588792 0.783852
5
-0.500496 -0.599026 -0.625037
-0.730515 -0.483545 -0.482216
-0.748788 -0.633789 -0.193979
-0.512339 -0.836634 -0.193783
-0.357369 -0.815140 -0.455888
6
-0.488357 0.545469 -0.681154
-0.504138 0.312201 -0.805217
-0.366869 0.232638 -0.900715
-0.049196 0.370899 -0.927369
-0.016525 0.461467 -0.887003
-0.196844 0.706510 -0.679777
5
-0.958656 0.025084 -0.283460
-0.838213 0.210156 -0.503224
-0.783207 0.486876 -0.386703
-0.874044 0.477254 -0.090971
-0.977203 0.211604 -0.017275
6
0.731074 -0.622431 0.279483
0.692622 -0.719187 0.055176
0.388680 -0.919075 0.065029
0.325886 -0.933894 0.147106
0.353005 -0.823986 0.443211
0.537824 -0.676409 0.503206
6
0.343812 -0.872518 -0.347139
0.308779 -0.904552 -0.294009
0.388680 -0.919075 0.065029
0.692622 -0.719187 0.055176
0.749427 -0.652095 -0.114596
0.628091 -0.694852 -0.350262
6
-0.950253 -0.308509 -0.042922
-0.822473 -0.566303 -0.053276
-0.748788 -0.633789 -0.193979
-0.730515 -0.483545 -0.482216
-0.799531 -0.315566 -0.511046
-0.948249 -0.147161 -0.281365
6
-0.796862 -0.070701 0.600011
-0.791557 0.140100 0.594819
-0.569486 0.294695 0.767359
-0.421358 0.119257 0.899019
-0.468449 -0.168293 0.867314
-0.600201 -0.236897 0.763963
6
-0.049098 -0.133835 -0.989787
0.033937 -0.329907 -0.943403
0.301567 -0.362760 -0.881738
0.466007 -0.111525 -0.877724
0.352483 0.094017 -0.931084
0.115450 0.106774 -0.987558
6
0.273535 0.953260 0.128349
0.065086 0.966968 0.246447
-0.177881 0.981518 0.070574
-0.142769 0.974452 -0.173381
0.168081 0.947465 -0.272139
0.275660 0.942435 -0.189281
5
-0.049098 -0.133835 -0.989787
0.115450 0.106774 -0.987558
-0.049196 0.370899 -0.927369
-0.366869 0.232638 -0.900715
-0.330548 -0.066917 -0.941414
6
-0.398405 -0.644957 0.652153
-0.193812 -0.565490 0.801660
0.065999 -0.663590 0.745180
0.098112 -0.806153 0.583517
-0.120428 -0.902593 0.413307
-0.329001 -0.835559 0.440001
6
-0.838213 0.210156 -0.503224
-0.732077 0.132611 -0.668190
-0.504138 0.312201 -0.805217
-0.488357 0.545469 -0.681154
-0.659201 0.602513 -0.449926
-0.783207 0.486876 -0.386703
5
0.277453 0.205872 0.938422
0.435683 -0.039757 0.899222
0.213364 -0.276956 0.936895
-0.023661 -0.198950 0.979724
-0.050829 0.157531 0.986205
6
0.277453 0.205872 0.938422
0.352976 0.438066 0.826745
0.640276 0.385343 0.664498
0.715349 0.179675 0.675273
0.552789 -0.053196 0.831622
0.435683 -0.039757 0.899222
6
-0.177881 0.981518 0.070574
-0.413586 0.891667 0.184056
-0.600435 0.799632 -0.008120
-0.518827 0.808582 -0.277513
-0.316919 0.887263 -0.335151
-0.142769 0.974452 -0.173381
6
0.879178 -0.358761 0.313588
0.962387 -0.263241 0.067200
0.920416 -0.365947 -0.137538
0.749427 -0.652095 -0.114596
0.692622 -0.719187 0.055176
0.731074 -0.622431 0.279483
6
-0.977203 0.211604 -0.017275
-0.874044 0.477254 -0.090971
-0.782355 0.619652 0.062859
-0.770249 0.536878 0.344207
-0.876468 0.284297 0.388561
-0.978018 0.141835 0.152851
6
0.996395 0.052343 0.066762
0.968234 0.164755 -0.188092
0.931440 0.024423 -0.363075
0.905306 -0.265325 -0.331699
0.920416 -0.365947 -0.137538
0.962387 -0.263241 0.067200
6
0.996395 0.052343 0.066762
0.944647 0.172402 0.279141
0.862600 0.438689 0.251941
0.831891 0.553961 0.032929
0.894383 0.402880 -0.194336
0.968234 0.164755 -0.188092
6
-0.978018 0.141835 0.152851
-0.961882 -0.173703 0.211213
-0.950253 -0.308509 -0.042922
-0.948249 -0.147161 -0.281365
-0.958656 0.025084 -0.283460
-0.977203 0.211604 -0.017275
5
-0.182638 0.810005 0.557257
-0.197230 0.588792 0.783852
-0.515581 0.465275 0.719510
-0.618501 0.622293 0.479800
-0.420834 0.819273 0.389475
6
0.557829 0.792916 -0.245174
0.593987 0.680142 -0.429636
0.738423 0.499046 -0.453524
0.894383 0.402880 -0.194336
0.831891 0.553961 0.032929
0.686501 0.727070 0.009244
6
0.515535 0.746386 0.420870
0.270263 0.752212 0.600946
0.033307 0.882253 0.469597
0.065086 0.966968 0.246447
0.273535 0.953260 0.128349
0.509143 0.824692 0.246283
6
-0.171458 0.754441 -0.633577
-0.316919 0.887263 -0.335151
-0.518827 0.808582 -0.277513
-0.659201 0.602513 -0.449926
-0.488357 0.545469 -0.681154
-0.196844 0.706510 -0.679777
6
-0.500496 -0.599026 -0.625037
-0.385927 -0.483336 -0.785778
-0.473016 -0.211771 -0.855225
-0.693372 -0.126919 -0.709314
-0.799531 -0.315566 -0.511046
-0.730515 -0.483545 -0.482216
5
-0.755477 -0.527760 0.388232
-0.902120 -0.238516 0.359568
-0.796862 -0.070701 0.600011
-0.600201 -0.236897 0.763963
-0.584587 -0.514278 0.627516
6
0.320418 0.542928 -0.776249
0.465878 0.346565 -0.814156
0.709773 0.295617 -0.639401
0.738423 0.499046 -0.453524
0.593987 0.680142 -0.429636
0.340220 0.682391 -0.646987
6
-0.518827 0.808582 -0.277513
-0.600435 0.799632 -0.008120
-0.782355 0.619652 0.062859
-0.874044 0.477254 -0.090971
-0.783207 0.486876 -0.386703
-0.659201 0.602513 -0.449926
6
0.968234 0.164755 -0.188092
0.894383 0.402880 -0.194336
0.738423 0.499046 -0.453524
0.709773 0.295617 -0.639401
0.777621 0.117927 -0.617575
0.931440 0.024423 -0.363075
6
-0.016986 -0.989924 0.140578
0.325886 -0.933894 0.147106
0.388680 -0.919075 0.065029
0.308779 -0.904552 -0.294009
-0.016829 -0.965538 -0.259716
-0.116006 -0.993122 -0.015876
6
-0.329001 -0.835559 0.440001
-0.120428 -0.902593 0.413307
-0.016986 -0.989924 0.140578
-0.116006 -0.993122 -0.015876
-0.424649 -0.905240 -0.014631
-0.506879 -0.831605 0.226950
6
0.525810 -0.512310 0.679016
0.266310 -0.492142 0.828780
0.213364 -0.276956 0.936895
0.435683 -0.039757 0.899222
0.552789 -0.053196 0.831622
0.659626 -0.313159 0.683246
6
-0.728399 -0.639850 0.245004
-0.822473 -0.566303 -0.053276
-0.950253 -0.308509 -0.042922
-0.961882 -0.173703 0.211213
-0.902120 -0.238516 0.359568
-0.755477 -0.527760 0.388232
6
-0.420834 0.819273 0.389475
-0.413586 0.891667 0.184056
-0.177881 0.981518 0.070574
0.065086 0.966968 0.246447
0.033307 0.882253 0.469597
-0.182638 0.810005 0.557257
5
-0.016986 -0.989924 0.140578
-0.120428 -0.902593 0.413307
0.098112 -0.806153 0.583517
0.353005 -0.823986 0.443211
0.325886 -0.933894 0.147106
5
-0.142769 0.974452 -0.173381
-0.316919 0.887263 -0.335151
-0.171458 0.754441 -0.633577
0.141947 0.829057 -0.540846
0.168081 0.947465 -0.272139
6
0.661910 -0.122246 -0.739548
0.777621 0.117927 -0.617575
0.709773 0.295617 -0.639401
0.465878 0.346565 -0.814156
0.352483 0.094017 -0.931084
0.466007 -0.111525 -0.877724
6
-0.130026 -0.534217 -0.835288
0.033937 -0.329907 -0.943403
-0.049098 -0.133835 -0.989787
-0.330548 -0.066917 -0.941414
-0.473016 -0.211771 -0.855225
-0.385927 -0.483336 -0.785778
6
0.879178 -0.358761 0.313588
0.731074 -0.622431 0.279483
0.537824 -0.676409 0.503206
0.525810 -0.512310 0.679016
0.659626 -0.313159 0.683246
0.847913 -0.249575 0.467713
5
0.509143 0.824692 0.246283
0.273535 0.953260 0.128349
0.275660 0.942435 -0.189281
0.557829 0.792916 -0.245174
0.686501 0.727070 0.009244
6
0.962387 -0.263241 0.067200
0.879178 -0.358761 0.313588
0.847913 -0.249575 0.467713
0.882327 0.060244 0.466765
0.944647 0.172402 0.279141
0.996395 0.052343 0.066762
6
-0.197230 0.588792 0.783852
-0.119600 0.539602 0.833382
-0.106986 0.199649 0.974009
-0.421358 0.119257 0.899019
-0.569486 0.294695 0.767359
-0.515581 0.465275 0.719510
5
0.651539 -0.500161 -0.570382
0.378454 -0.551708 -0.743231
0.221390 -0.727010 -0.649956
0.343812 -0.872518 -0.347139
0.628091 -0.694852 -0.350262
6
-0.512339 -0.836634 -0.193783
-0.424649 -0.905240 -0.014631
-0.116006 -0.993122 -0.015876
-0.016829 -0.965538 -0.259716
-0.183237 -0.859812 -0.476599
-0.357369 -0.815140 -0.455888
6
-0.978018 0.141835 0.152851
-0.876468 0.284297 0.388561
-0.791557 0.140100 0.594819
-0.796862 -0.070701 0.600011
-0.902120 -0.238516 0.359568
-0.961882 -0.173703 0.211213
